"2026-09-09 18:00:00","2026-09-10 09:00:00","CAPE","surface",-74.7822,16.5196,2884
"2026-09-09 18:00:00","2026-09-10 09:00:00","CAPE","surface",-74.7583,16.5196,2877
"2026-09-09 18:00:00","2026-09-10 09:00:00","CAPE","surface",-74.7344,16.5196,2927
"2026-09-09 18:00:00","2026-09-10 09:00:00","CAPE","surface",-74.7105,16.5196,2913
"2026-09-09 18:00:00","2026-09-10 09:00:00","CAPE","surface",-74.6865,16.5196,2758
"2026-09-09 18:00:00","2026-09-10 09:00:00","CAPE","surface",-74.6626,16.5196,2911
"2026-09-09 18:00:00","2026-09-10 09:00:00","CAPE","surface",-74.6387,16.5196,2778
"2026-09-09 18:00:00","2026-09-10 09:00:00","CAPE","surface",-74.6148,16.5196,2907
"2026-09-09 18:00:00","2026-09-10 09:00:00","CAPE","surface",-74.5908,16.5196,2829
"2026-09-09 18:00:00","2026-09-10 09:00:00","CAPE","surface",-74.5669,16.5196,2936
"2026-09-09 18:00:00","2026-09-10 09:00:00","CAPE","surface",-74.543,16.5196,2841
"2026-09-09 18:00:00","2026-09-10 09:00:00","CAPE","surface",-74.5191,16.5196,2696
"2026-09-09 18:00:00","2026-09-10 09:00:00","CAPE","surface",-74.4951,16.5196,2696
"2026-09-09 18:00:00","2026-09-10 09:00:00","CAPE","surface",-74.4712,16.5196,2392
"2026-09-09 18:00:00","2026-09-10 09:00:00","CAPE","surface",-74.4473,16.5196,2230
"2026-09-09 18:00:00","2026-09-10 09:00:00","CAPE","surface",-74.4234,16.5196,2244
"2026-09-09 18:00:00","2026-09-10 09:00:00","CAPE","surface",-74.3994,16.5196,2276
"2026-09-09 18:00:00","2026-09-10 09:00:00","CAPE","surface",-74.3755,16.5196,2314
"2026-09-09 18:00:00","2026-09-10 09:00:00","CAPE","surface",-74.3516,16.5196,2258
"2026-09-09 18:00:00","2026-09-10 09:00:00","CAPE","surface",-74.3277,16.5196,2194
"2026-09-09 18:00:00","2026-09-10 09:00:00","CAPE","surface",-74.3037,16.5196,2052
"2026-09-09 18:00:00","2026-09-10 09:00:00","CAPE","surface",-74.2798,16.5196,2060
"2026-09-09 18:00:00","2026-09-10 09:00:00","CAPE","surface",-74.2559,16.5196,1966
"2026-09-09 18:00:00","2026-09-10 09:00:00","CAPE","surface",-74.232,16.5196,2067
"2026-09-09 18:00:00","2026-09-10 09:00:00","CAPE","surface",-74.208,16.5196,2105
"2026-09-09 18:00:00","2026-09-10 09:00:00","CAPE","surface",-74.1841,16.5196,2105
"2026-09-09 18:00:00","2026-09-10 09:00:00","CAPE","surface",-74.1602,16.5196,2211
"2026-09-09 18:00:00","2026-09-10 09:00:00","CAPE","surface",-74.1363,16.5196,2359
"2026-09-09 18:00:00","2026-09-10 09:00:00","CAPE","surface",-74.1123,16.5196,2326
"2026-09-09 18:00:00","2026-09-10 09:00:00","CAPE","surface",-74.0884,16.5196,2492
"2026-09-09 18:00:00","2026-09-10 09:00:00","CAPE","surface",-74.0645,16.5196,2462
"2026-09-09 18:00:00","2026-09-10 09:00:00","CAPE","surface",-74.0406,16.5196,2462
"2026-09-09 18:00:00","2026-09-10 09:00:00","CAPE","surface",-74.0166,16.5196,2458
"2026-09-09 18:00:00","2026-09-10 09:00:00","CAPE","surface",-73.9927,16.5196,2471
"2026-09-09 18:00:00","2026-09-10 09:00:00","CAPE","surface",-73.9688,16.5196,2498
"2026-09-09 18:00:00","2026-09-10 09:00:00","CAPE","surface",-73.9449,16.5196,2502
"2026-09-09 18:00:00","2026-09-10 09:00:00","CAPE","surface",-73.9209,16.5196,2535
"2026-09-09 18:00:00","2026-09-10 09:00:00","CAPE","surface",-73.897,16.5196,2497
"2026-09-09 18:00:00","2026-09-10 09:00:00","CAPE","surface",-73.8731,16.5196,2503
"2026-09-09 18:00:00","2026-09-10 09:00:00","CAPE","surface",-73.8492,16.5196,2477
"2026-09-09 18:00:00","2026-09-10 09:00:00","CAPE","surface",-73.8252,16.5196,2466
"2026-09-09 18:00:00","2026-09-10 09:00:00","CAPE","surface",-73.8013,16.5196,2431
"2026-09-09 18:00:00","2026-09-10 09:00:00","CAPE","surface",-73.7774,16.5196,2465
"2026-09-09 18:00:00","2026-09-10 09:00:00","CAPE","surface",-73.7535,16.5196,2428
"2026-09-09 18:00:00","2026-09-10 09:00:00","CAPE","surface",-73.7295,16.5196,2472
"2026-09-09 18:00:00","2026-09-10 09:00:00","CAPE","surface",-73.7056,16.5196,2530
"2026-09-09 18:00:00","2026-09-10 09:00:00","CAPE","surface",-73.6817,16.5196,2688
"2026-09-09 18:00:00","2026-09-10 09:00:00","CAPE","surface",-73.6578,16.5196,2767
"2026-09-09 18:00:00","2026-09-10 09:00:00","CAPE","surface",-73.6338,16.5196,2896
"2026-09-09 18:00:00","2026-09-10 09:00:00","CAPE","surface",-73.6099,16.5196,2844
"2026-09-09 18:00:00","2026-09-10 09:00:00","CAPE","surface",-73.586,16.5196,2899
"2026-09-09 18:00:00","2026-09-10 09:00:00","CAPE","surface",-73.5621,16.5196,2938
"2026-09-09 18:00:00","2026-09-10 09:00:00","CAPE","surface",-73.5381,16.5196,2926
"2026-09-09 18:00:00","2026-09-10 09:00:00","CAPE","surface",-73.5142,16.5196,2938
"2026-09-09 18:00:00","2026-09-10 09:00:00","CAPE","surface",-73.4903,16.5196,2803
"2026-09-09 18:00:00","2026-09-10 09:00:00","CAPE","surface",-73.4664,16.5196,2803
"2026-09-09 18:00:00","2026-09-10 09:00:00","CAPE","surface",-73.4424,16.5196,2392
"2026-09-09 18:00:00","2026-09-10 09:00:00","CAPE","surface",-73.4185,16.5196,2561
"2026-09-09 18:00:00","2026-09-10 09:00:00","CAPE","surface",-73.3946,16.5196,2517
"2026-09-09 18:00:00","2026-09-10 09:00:00","CAPE","surface",-73.3707,16.5196,2707
"2026-09-09 18:00:00","2026-09-10 09:00:00","CAPE","surface",-73.3467,16.5196,2397
"2026-09-09 18:00:00","2026-09-10 09:00:00","CAPE","surface",-73.3228,16.5196,2397
"2026-09-09 18:00:00","2026-09-10 09:00:00","CAPE","surface",-73.2989,16.5196,2142
"2026-09-09 18:00:00","2026-09-10 09:00:00","CAPE","surface",-73.275,16.5196,2141
"2026-09-09 18:00:00","2026-09-10 09:00:00","CAPE","surface",-73.251,16.5196,2089
"2026-09-09 18:00:00","2026-09-10 09:00:00","CAPE","surface",-73.2271,16.5196,2085
"2026-09-09 18:00:00","2026-09-10 09:00:00","CAPE","surface",-73.2032,16.5196,2087
"2026-09-09 18:00:00","2026-09-10 09:00:00","CAPE","surface",-73.1793,16.5196,2045
"2026-09-09 18:00:00","2026-09-10 09:00:00","CAPE","surface",-73.1553,16.5196,2041
"2026-09-09 18:00:00","2026-09-10 09:00:00","CAPE","surface",-73.1314,16.5196,1955
"2026-09-09 18:00:00","2026-09-10 09:00:00","CAPE","surface",-73.1075,16.5196,1924
"2026-09-09 18:00:00","2026-09-10 09:00:00","CAPE","surface",-73.0836,16.5196,1866
"2026-09-09 18:00:00","2026-09-10 09:00:00","CAPE","surface",-73.0596,16.5196,1849
"2026-09-09 18:00:00","2026-09-10 09:00:00","CAPE","surface",-73.0357,16.5196,1839
"2026-09-09 18:00:00","2026-09-10 09:00:00","CAPE","surface",-73.0118,16.5196,1825
"2026-09-09 18:00:00","2026-09-10 09:00:00","CAPE","surface",-72.9879,16.5196,1843
"2026-09-09 18:00:00","2026-09-10 09:00:00","CAPE","surface",-72.9639,16.5196,1854
"2026-09-09 18:00:00","2026-09-10 09:00:00","CAPE","surface",-72.94,16.5196,1947
"2026-09-09 18:00:00","2026-09-10 09:00:00","CAPE","surface",-72.9161,16.5196,2097
"2026-09-09 18:00:00","2026-09-10 09:00:00","CAPE","surface",-72.8922,16.5196,2097
"2026-09-09 18:00:00","2026-09-10 09:00:00","CAPE","surface",-72.8682,16.5196,2246
"2026-09-09 18:00:00","2026-09-10 09:00:00","CAPE","surface",-72.8443,16.5196,2185
"2026-09-09 18:00:00","2026-09-10 09:00:00","CAPE","surface",-72.8204,16.5196,2345
"2026-09-09 18:00:00","2026-09-10 09:00:00","CAPE","surface",-72.7965,16.5196,2326
"2026-09-09 18:00:00","2026-09-10 09:00:00","CAPE","surface",-72.7725,16.5196,2558
"2026-09-09 18:00:00","2026-09-10 09:00:00","CAPE","surface",-72.7486,16.5196,2467
"2026-09-09 18:00:00","2026-09-10 09:00:00","CAPE","surface",-72.7247,16.5196,2363
"2026-09-09 18:00:00","2026-09-10 09:00:00","CAPE","surface",-72.7008,16.5196,2349
"2026-09-09 18:00:00","2026-09-10 09:00:00","CAPE","surface",-72.6768,16.5196,2315
"2026-09-09 18:00:00","2026-09-10 09:00:00","CAPE","surface",-72.6529,16.5196,2359
"2026-09-09 18:00:00","2026-09-10 09:00:00","CAPE","surface",-72.629,16.5196,2351
"2026-09-09 18:00:00","2026-09-10 09:00:00","CAPE","surface",-72.6051,16.5196,2472
"2026-09-09 18:00:00","2026-09-10 09:00:00","CAPE","surface",-72.5811,16.5196,2497
"2026-09-09 18:00:00","2026-09-10 09:00:00","CAPE","surface",-72.5572,16.5196,2662
"2026-09-09 18:00:00","2026-09-10 09:00:00","CAPE","surface",-72.5333,16.5196,2620
"2026-09-09 18:00:00","2026-09-10 09:00:00","CAPE","surface",-72.5094,16.5196,2633
"2026-09-09 18:00:00","2026-09-10 09:00:00","CAPE","surface",-72.4854,16.5196,2633
"2026-09-09 18:00:00","2026-09-10 09:00:00","CAPE","surface",-72.4615,16.5196,2642
"2026-09-09 18:00:00","2026-09-10 09:00:00","CAPE","surface",-72.4376,16.5196,2687
"2026-09-09 18:00:00","2026-09-10 09:00:00","CAPE","surface",-72.4137,16.5196,2800
"2026-09-09 18:00:00","2026-09-10 09:00:00","CAPE","surface",-72.3897,16.5196,2828
"2026-09-09 18:00:00","2026-09-10 09:00:00","CAPE","surface",-72.3658,16.5196,2901
"2026-09-09 18:00:00","2026-09-10 09:00:00","CAPE","surface",-72.3419,16.5196,3106
"2026-09-09 18:00:00","2026-09-10 09:00:00","CAPE","surface",-72.318,16.5196,3045
"2026-09-09 18:00:00","2026-09-10 09:00:00","CAPE","surface",-72.294,16.5196,3175
"2026-09-09 18:00:00","2026-09-10 09:00:00","CAPE","surface",-72.2701,16.5196,2955
"2026-09-09 18:00:00","2026-09-10 09:00:00","CAPE","surface",-72.2462,16.5196,2995
"2026-09-09 18:00:00","2026-09-10 09:00:00","CAPE","surface",-72.2223,16.5196,2995
"2026-09-09 18:00:00","2026-09-10 09:00:00","CAPE","surface",-72.1983,16.5196,2936
"2026-09-09 18:00:00","2026-09-10 09:00:00","CAPE","surface",-72.1744,16.5196,2723
"2026-09-09 18:00:00","2026-09-10 09:00:00","CAPE","surface",-72.1505,16.5196,2769
"2026-09-09 18:00:00","2026-09-10 09:00:00","CAPE","surface",-72.1266,16.5196,2667
"2026-09-09 18:00:00","2026-09-10 09:00:00","CAPE","surface",-72.1026,16.5196,2897
"2026-09-09 18:00:00","2026-09-10 09:00:00","CAPE","surface",-72.0787,16.5196,2742
"2026-09-09 18:00:00","2026-09-10 09:00:00","CAPE","surface",-72.0548,16.5196,2742
"2026-09-09 18:00:00","2026-09-10 09:00:00","CAPE","surface",-72.0309,16.5196,2690
"2026-09-09 18:00:00","2026-09-10 09:00:00","CAPE","surface",-72.0069,16.5196,2529
"2026-09-09 18:00:00","2026-09-10 09:00:00","CAPE","surface",-71.983,16.5196,2561
"2026-09-09 18:00:00","2026-09-10 09:00:00","CAPE","surface",-71.9591,16.5196,2561
"2026-09-09 18:00:00","2026-09-10 09:00:00","CAPE","surface",-71.9352,16.5196,2679
"2026-09-09 18:00:00","2026-09-10 09:00:00","CAPE","surface",-71.9112,16.5196,2606
"2026-09-09 18:00:00","2026-09-10 09:00:00","CAPE","surface",-71.8873,16.5196,2717
"2026-09-09 18:00:00","2026-09-10 09:00:00","CAPE","surface",-71.8634,16.5196,2674
"2026-09-09 18:00:00","2026-09-10 09:00:00","CAPE","surface",-71.8395,16.5196,2851
"2026-09-09 18:00:00","2026-09-10 09:00:00","CAPE","surface",-71.8155,16.5196,2971
"2026-09-09 18:00:00","2026-09-10 09:00:00","CAPE","surface",-71.7916,16.5196,2899
"2026-09-09 18:00:00","2026-09-10 09:00:00","CAPE","surface",-71.7677,16.5196,2924
"2026-09-09 18:00:00","2026-09-10 09:00:00","CAPE","surface",-71.7438,16.5196,2805
"2026-09-09 18:00:00","2026-09-10 09:00:00","CAPE","surface",-71.7198,16.5196,2773
"2026-09-09 18:00:00","2026-09-10 09:00:00","CAPE","surface",-71.6959,16.5196,2773
"2026-09-09 18:00:00","2026-09-10 09:00:00","CAPE","surface",-71.672,16.5196,2812
"2026-09-09 18:00:00","2026-09-10 09:00:00","CAPE","surface",-71.6481,16.5196,2765
"2026-09-09 18:00:00","2026-09-10 09:00:00","CAPE","surface",-71.6241,16.5196,2827
"2026-09-09 18:00:00","2026-09-10 09:00:00","CAPE","surface",-71.6002,16.5196,2810
"2026-09-09 18:00:00","2026-09-10 09:00:00","CAPE","surface",-71.5763,16.5196,2840
"2026-09-09 18:00:00","2026-09-10 09:00:00","CAPE","surface",-71.5524,16.5196,2839
"2026-09-09 18:00:00","2026-09-10 09:00:00","CAPE","surface",-71.5284,16.5196,2871
"2026-09-09 18:00:00","2026-09-10 09:00:00","CAPE","surface",-71.5045,16.5196,2908
"2026-09-09 18:00:00","2026-09-10 09:00:00","CAPE","surface",-71.4806,16.5196,2952
"2026-09-09 18:00:00","2026-09-10 09:00:00","CAPE","surface",-71.4567,16.5196,2929
"2026-09-09 18:00:00","2026-09-10 09:00:00","CAPE","surface",-71.4327,16.5196,2957
"2026-09-09 18:00:00","2026-09-10 09:00:00","CAPE","surface",-71.4088,16.5196,2915
"2026-09-09 18:00:00","2026-09-10 09:00:00","CAPE","surface",-71.3849,16.5196,2889
"2026-09-09 18:00:00","2026-09-10 09:00:00","CAPE","surface",-71.361,16.5196,2859
"2026-09-09 18:00:00","2026-09-10 09:00:00","CAPE","surface",-71.337,16.5196,2859
"2026-09-09 18:00:00","2026-09-10 09:00:00","CAPE","surface",-71.3131,16.5196,2893
"2026-09-09 18:00:00","2026-09-10 09:00:00","CAPE","surface",-71.2892,16.5196,2956
"2026-09-09 18:00:00","2026-09-10 09:00:00","CAPE","surface",-71.2653,16.5196,2978
"2026-09-09 18:00:00","2026-09-10 09:00:00","CAPE","surface",-71.2413,16.5196,2943
"2026-09-09 18:00:00","2026-09-10 09:00:00","CAPE","surface",-71.2174,16.5196,2906
"2026-09-09 18:00:00","2026-09-10 09:00:00","CAPE","surface",-71.1935,16.5196,2760
"2026-09-09 18:00:00","2026-09-10 09:00:00","CAPE","surface",-71.1696,16.5196,2741
"2026-09-09 18:00:00","2026-09-10 09:00:00","CAPE","surface",-71.1456,16.5196,2659
"2026-09-09 18:00:00","2026-09-10 09:00:00","CAPE","surface",-71.1217,16.5196,2680
"2026-09-09 18:00:00","2026-09-10 09:00:00","CAPE","surface",-71.0978,16.5196,2684
"2026-09-09 18:00:00","2026-09-10 09:00:00","CAPE","surface",-71.0739,16.5196,2715
"2026-09-09 18:00:00","2026-09-10 09:00:00","CAPE","surface",-71.0499,16.5196,2624
"2026-09-09 18:00:00","2026-09-10 09:00:00","CAPE","surface",-71.026,16.5196,2565
"2026-09-09 18:00:00","2026-09-10 09:00:00","CAPE","surface",-71.0021,16.5196,2562
"2026-09-09 18:00:00","2026-09-10 09:00:00","CAPE","surface",-70.9782,16.5196,2653
"2026-09-09 18:00:00","2026-09-10 09:00:00","CAPE","surface",-70.9542,16.5196,2653
"2026-09-09 18:00:00","2026-09-10 09:00:00","CAPE","surface",-70.9303,16.5196,2813
"2026-09-09 18:00:00","2026-09-10 09:00:00","CAPE","surface",-70.9064,16.5196,2820
"2026-09-09 18:00:00","2026-09-10 09:00:00","CAPE","surface",-70.8825,16.5196,2828
"2026-09-09 18:00:00","2026-09-10 09:00:00","CAPE","surface",-70.8585,16.5196,2919
"2026-09-09 18:00:00","2026-09-10 09:00:00","CAPE","surface",-70.8346,16.5196,2919
"2026-09-09 18:00:00","2026-09-10 09:00:00","CAPE","surface",-70.8107,16.5196,2984
"2026-09-09 18:00:00","2026-09-10 09:00:00","CAPE","surface",-70.7868,16.5196,2835
"2026-09-09 18:00:00","2026-09-10 09:00:00","CAPE","surface",-70.7628,16.5196,2038
"2026-09-09 18:00:00","2026-09-10 09:00:00","CAPE","surface",-70.7389,16.5196,1883
"2026-09-09 18:00:00","2026-09-10 09:00:00","CAPE","surface",-70.715,16.5196,1736
"2026-09-09 18:00:00","2026-09-10 09:00:00","CAPE","surface",-70.6911,16.5196,1822
"2026-09-09 18:00:00","2026-09-10 09:00:00","CAPE","surface",-70.6671,16.5196,1803
"2026-09-09 18:00:00","2026-09-10 09:00:00","CAPE","surface",-70.6432,16.5196,1236
"2026-09-09 18:00:00","2026-09-10 09:00:00","CAPE","surface",-70.6193,16.5196,1560
"2026-09-09 18:00:00","2026-09-10 09:00:00","CAPE","surface",-70.5954,16.5196,928
"2026-09-09 18:00:00","2026-09-10 09:00:00","CAPE","surface",-70.5714,16.5196,1510
"2026-09-09 18:00:00","2026-09-10 09:00:00","CAPE","surface",-70.5475,16.5196,1683
"2026-09-09 18:00:00","2026-09-10 09:00:00","CAPE","surface",-70.5236,16.5196,2132
"2026-09-09 18:00:00","2026-09-10 09:00:00","CAPE","surface",-70.4997,16.5196,2251
"2026-09-09 18:00:00","2026-09-10 09:00:00","CAPE","surface",-70.4757,16.5196,2251
"2026-09-09 18:00:00","2026-09-10 09:00:00","CAPE","surface",-70.4518,16.5196,2339
"2026-09-09 18:00:00","2026-09-10 09:00:00","CAPE","surface",-70.4279,16.5196,2463
"2026-09-09 18:00:00","2026-09-10 09:00:00","CAPE","surface",-70.404,16.5196,2583
"2026-09-09 18:00:00","2026-09-10 09:00:00","CAPE","surface",-70.38,16.5196,2662
"2026-09-09 18:00:00","2026-09-10 09:00:00","CAPE","surface",-70.3561,16.5196,2662
"2026-09-09 18:00:00","2026-09-10 09:00:00","CAPE","surface",-70.3322,16.5196,2704
"2026-09-09 18:00:00","2026-09-10 09:00:00","CAPE","surface",-70.3083,16.5196,2705
"2026-09-09 18:00:00","2026-09-10 09:00:00","CAPE","surface",-70.2843,16.5196,2736
"2026-09-09 18:00:00","2026-09-10 09:00:00","CAPE","surface",-70.2604,16.5196,2754
"2026-09-09 18:00:00","2026-09-10 09:00:00","CAPE","surface",-70.2365,16.5196,2754
"2026-09-09 18:00:00","2026-09-10 09:00:00","CAPE","surface",-70.2126,16.5196,2703
"2026-09-09 18:00:00","2026-09-10 09:00:00","CAPE","surface",-70.1886,16.5196,2693
"2026-09-09 18:00:00","2026-09-10 09:00:00","CAPE","surface",-70.1647,16.5196,2619
"2026-09-09 18:00:00","2026-09-10 09:00:00","CAPE","surface",-70.1408,16.5196,2595
"2026-09-09 18:00:00","2026-09-10 09:00:00","CAPE","surface",-70.1169,16.5196,2618
"2026-09-09 18:00:00","2026-09-10 09:00:00","CAPE","surface",-70.0929,16.5196,2644
"2026-09-09 18:00:00","2026-09-10 09:00:00","CAPE","surface",-70.069,16.5196,2865
"2026-09-09 18:00:00","2026-09-10 09:00:00","CAPE","surface",-70.0451,16.5196,3048
"2026-09-09 18:00:00","2026-09-10 09:00:00","CAPE","surface",-70.0212,16.5196,3157
"2026-09-09 18:00:00","2026-09-10 09:00:00","CAPE","surface",-69.9972,16.5196,3192
"2026-09-09 18:00:00","2026-09-10 09:00:00","CAPE","surface",-69.9733,16.5196,3236
"2026-09-09 18:00:00","2026-09-10 09:00:00","CAPE","surface",-69.9494,16.5196,3263
"2026-09-09 18:00:00","2026-09-10 09:00:00","CAPE","surface",-69.9255,16.5196,3291
"2026-09-09 18:00:00","2026-09-10 09:00:00","CAPE","surface",-69.9015,16.5196,3443
"2026-09-09 18:00:00","2026-09-10 09:00:00","CAPE","surface",-69.8776,16.5196,3443
"2026-09-09 18:00:00","2026-09-10 09:00:00","CAPE","surface",-69.8537,16.5196,3531
"2026-09-09 18:00:00","2026-09-10 09:00:00","CAPE","surface",-69.8298,16.5196,3507
"2026-09-09 18:00:00","2026-09-10 09:00:00","CAPE","surface",-69.8058,16.5196,3416
"2026-09-09 18:00:00","2026-09-10 09:00:00","CAPE","surface",-69.7819,16.5196,3197
"2026-09-09 18:00:00","2026-09-10 09:00:00","CAPE","surface",-69.758,16.5196,3197
"2026-09-09 18:00:00","2026-09-10 09:00:00","CAPE","surface",-69.7341,16.5196,3158
"2026-09-09 18:00:00","2026-09-10 09:00:00","CAPE","surface",-69.7101,16.5196,3149
"2026-09-09 18:00:00","2026-09-10 09:00:00","CAPE","surface",-69.6862,16.5196,3084
"2026-09-09 18:00:00","2026-09-10 09:00:00","CAPE","surface",-69.6623,16.5196,2797
"2026-09-09 18:00:00","2026-09-10 09:00:00","CAPE","surface",-69.6384,16.5196,2797
"2026-09-09 18:00:00","2026-09-10 09:00:00","CAPE","surface",-69.6144,16.5196,2548
"2026-09-09 18:00:00","2026-09-10 09:00:00","CAPE","surface",-69.5905,16.5196,2606
"2026-09-09 18:00:00","2026-09-10 09:00:00","CAPE","surface",-69.5666,16.5196,2600
"2026-09-09 18:00:00","2026-09-10 09:00:00","CAPE","surface",-69.5427,16.5196,2600
"2026-09-09 18:00:00","2026-09-10 09:00:00","CAPE","surface",-69.5187,16.5196,2683
"2026-09-09 18:00:00","2026-09-10 09:00:00","CAPE","surface",-69.4948,16.5196,2856
"2026-09-09 18:00:00","2026-09-10 09:00:00","CAPE","surface",-69.4709,16.5196,2924
"2026-09-09 18:00:00","2026-09-10 09:00:00","CAPE","surface",-69.447,16.5196,3038
"2026-09-09 18:00:00","2026-09-10 09:00:00","CAPE","surface",-69.423,16.5196,3038
"2026-09-09 18:00:00","2026-09-10 09:00:00","CAPE","surface",-69.3991,16.5196,3101
"2026-09-09 18:00:00","2026-09-10 09:00:00","CAPE","surface",-69.3752,16.5196,2972
"2026-09-09 18:00:00","2026-09-10 09:00:00","CAPE","surface",-69.3513,16.5196,2988
"2026-09-09 18:00:00","2026-09-10 09:00:00","CAPE","surface",-69.3273,16.5196,2967
"2026-09-09 18:00:00","2026-09-10 09:00:00","CAPE","surface",-69.3034,16.5196,2967
"2026-09-09 18:00:00","2026-09-10 09:00:00","CAPE","surface",-69.2795,16.5196,2881
"2026-09-09 18:00:00","2026-09-10 09:00:00","CAPE","surface",-69.2556,16.5196,2716
"2026-09-09 18:00:00","2026-09-10 09:00:00","CAPE","surface",-69.2316,16.5196,2683
"2026-09-09 18:00:00","2026-09-10 09:00:00","CAPE","surface",-69.2077,16.5196,2585
"2026-09-09 18:00:00","2026-09-10 09:00:00","CAPE","surface",-69.1838,16.5196,2679
"2026-09-09 18:00:00","2026-09-10 09:00:00","CAPE","surface",-69.1599,16.5196,2645
"2026-09-09 18:00:00","2026-09-10 09:00:00","CAPE","surface",-69.1359,16.5196,2762
"2026-09-09 18:00:00","2026-09-10 09:00:00","CAPE","surface",-69.112,16.5196,2905
"2026-09-09 18:00:00","2026-09-10 09:00:00","CAPE","surface",-69.0881,16.5196,2905
"2026-09-09 18:00:00","2026-09-10 09:00:00","CAPE","surface",-69.0642,16.5196,2998
"2026-09-09 18:00:00","2026-09-10 09:00:00","CAPE","surface",-69.0402,16.5196,3042
"2026-09-09 18:00:00","2026-09-10 09:00:00","CAPE","surface",-69.0163,16.5196,3050
"2026-09-09 18:00:00","2026-09-10 09:00:00","CAPE","surface",-68.9924,16.5196,3053
"2026-09-09 18:00:00","2026-09-10 09:00:00","CAPE","surface",-68.9685,16.5196,3027
"2026-09-09 18:00:00","2026-09-10 09:00:00","CAPE","surface",-68.9445,16.5196,2959
"2026-09-09 18:00:00","2026-09-10 09:00:00","CAPE","surface",-68.9206,16.5196,2932
"2026-09-09 18:00:00","2026-09-10 09:00:00","CAPE","surface",-68.8967,16.5196,2898
"2026-09-09 18:00:00","2026-09-10 09:00:00","CAPE","surface",-68.8728,16.5196,2902
"2026-09-09 18:00:00","2026-09-10 09:00:00","CAPE","surface",-68.8488,16.5196,2844
"2026-09-09 18:00:00","2026-09-10 09:00:00","CAPE","surface",-68.8249,16.5196,2834
"2026-09-09 18:00:00","2026-09-10 09:00:00","CAPE","surface",-68.801,16.5196,2610
"2026-09-09 18:00:00","2026-09-10 09:00:00","CAPE","surface",-68.7771,16.5196,2299
"2026-09-09 18:00:00","2026-09-10 09:00:00","CAPE","surface",-68.7531,16.5196,2299
"2026-09-09 18:00:00","2026-09-10 09:00:00","CAPE","surface",-68.7292,16.5196,2242
"2026-09-09 18:00:00","2026-09-10 09:00:00","CAPE","surface",-68.7053,16.5196,2281
"2026-09-09 18:00:00","2026-09-10 09:00:00","CAPE","surface",-68.6813,16.5196,2385
"2026-09-09 18:00:00","2026-09-10 09:00:00","CAPE","surface",-68.6574,16.5196,2415
"2026-09-09 18:00:00","2026-09-10 09:00:00","CAPE","surface",-68.6335,16.5196,2408
"2026-09-09 18:00:00","2026-09-10 09:00:00","CAPE","surface",-68.6096,16.5196,2403
"2026-09-09 18:00:00","2026-09-10 09:00:00","CAPE","surface",-68.5856,16.5196,2412
"2026-09-09 18:00:00","2026-09-10 09:00:00","CAPE","surface",-68.5617,16.5196,2446
"2026-09-09 18:00:00","2026-09-10 09:00:00","CAPE","surface",-68.5378,16.5196,2446
"2026-09-09 18:00:00","2026-09-10 09:00:00","CAPE","surface",-68.5139,16.5196,2516
"2026-09-09 18:00:00","2026-09-10 09:00:00","CAPE","surface",-68.4899,16.5196,2548
"2026-09-09 18:00:00","2026-09-10 09:00:00","CAPE","surface",-68.466,16.5196,2622
"2026-09-09 18:00:00","2026-09-10 09:00:00","CAPE","surface",-68.4421,16.5196,2643
"2026-09-09 18:00:00","2026-09-10 09:00:00","CAPE","surface",-68.4182,16.5196,2643
"2026-09-09 18:00:00","2026-09-10 09:00:00","CAPE","surface",-68.3942,16.5196,2570
"2026-09-09 18:00:00","2026-09-10 09:00:00","CAPE","surface",-68.3703,16.5196,2594
"2026-09-09 18:00:00","2026-09-10 09:00:00","CAPE","surface",-68.3464,16.5196,2502
"2026-09-09 18:00:00","2026-09-10 09:00:00","CAPE","surface",-68.3225,16.5196,2500
"2026-09-09 18:00:00","2026-09-10 09:00:00","CAPE","surface",-68.2985,16.5196,2545
"2026-09-09 18:00:00","2026-09-10 09:00:00","CAPE","surface",-68.2746,16.5196,2613
"2026-09-09 18:00:00","2026-09-10 09:00:00","CAPE","surface",-68.2507,16.5196,2643
"2026-09-09 18:00:00","2026-09-10 09:00:00","CAPE","surface",-68.2268,16.5196,2633
"2026-09-09 18:00:00","2026-09-10 09:00:00","CAPE","surface",-68.2028,16.5196,2633
"2026-09-09 18:00:00","2026-09-10 09:00:00","CAPE","surface",-68.1789,16.5196,2647
"2026-09-09 18:00:00","2026-09-10 09:00:00","CAPE","surface",-68.155,16.5196,2635
"2026-09-09 18:00:00","2026-09-10 09:00:00","CAPE","surface",-68.1311,16.5196,2624
"2026-09-09 18:00:00","2026-09-10 09:00:00","CAPE","surface",-68.1071,16.5196,2650
"2026-09-09 18:00:00","2026-09-10 09:00:00","CAPE","surface",-68.0832,16.5196,2656
"2026-09-09 18:00:00","2026-09-10 09:00:00","CAPE","surface",-68.0593,16.5196,2765
"2026-09-09 18:00:00","2026-09-10 09:00:00","CAPE","surface",-68.0354,16.5196,2823
"2026-09-09 18:00:00","2026-09-10 09:00:00","CAPE","surface",-68.0114,16.5196,2978
"2026-09-09 18:00:00","2026-09-10 09:00:00","CAPE","surface",-67.9875,16.5196,2981
"2026-09-09 18:00:00","2026-09-10 09:00:00","CAPE","surface",-67.9636,16.5196,3016
"2026-09-09 18:00:00","2026-09-10 09:00:00","CAPE","surface",-67.9397,16.5196,2990
"2026-09-09 18:00:00","2026-09-10 09:00:00","CAPE","surface",-67.9157,16.5196,3026
"2026-09-09 18:00:00","2026-09-10 09:00:00","CAPE","surface",-67.8918,16.5196,2973
"2026-09-09 18:00:00","2026-09-10 09:00:00","CAPE","surface",-67.8679,16.5196,2982
"2026-09-09 18:00:00","2026-09-10 09:00:00","CAPE","surface",-67.844,16.5196,2909
"2026-09-09 18:00:00","2026-09-10 09:00:00","CAPE","surface",-67.82,16.5196,2807
"2026-09-09 18:00:00","2026-09-10 09:00:00","CAPE","surface",-67.7961,16.5196,2518
"2026-09-09 18:00:00","2026-09-10 09:00:00","CAPE","surface",-67.7722,16.5196,2642
"2026-09-09 18:00:00","2026-09-10 09:00:00","CAPE","surface",-67.7483,16.5196,2170
"2026-09-09 18:00:00","2026-09-10 09:00:00","CAPE","surface",-67.7243,16.5196,1862
"2026-09-09 18:00:00","2026-09-10 09:00:00","CAPE","surface",-67.7004,16.5196,1699
"2026-09-09 18:00:00","2026-09-10 09:00:00","CAPE","surface",-67.6765,16.5196,1699
"2026-09-09 18:00:00","2026-09-10 09:00:00","CAPE","surface",-67.6526,16.5196,1643
"2026-09-09 18:00:00","2026-09-10 09:00:00","CAPE","surface",-67.6286,16.5196,1714
"2026-09-09 18:00:00","2026-09-10 09:00:00","CAPE","surface",-67.6047,16.5196,1639
"2026-09-09 18:00:00","2026-09-10 09:00:00","CAPE","surface",-67.5808,16.5196,1676
"2026-09-09 18:00:00","2026-09-10 09:00:00","CAPE","surface",-67.5569,16.5196,1580
"2026-09-09 18:00:00","2026-09-10 09:00:00","CAPE","surface",-67.5329,16.5196,1611
"2026-09-09 18:00:00","2026-09-10 09:00:00","CAPE","surface",-67.509,16.5196,1649
"2026-09-09 18:00:00","2026-09-10 09:00:00","CAPE","surface",-67.4851,16.5196,1761
"2026-09-09 18:00:00","2026-09-10 09:00:00","CAPE","surface",-67.4612,16.5196,1761
"2026-09-09 18:00:00","2026-09-10 09:00:00","CAPE","surface",-67.4372,16.5196,2016
"2026-09-09 18:00:00","2026-09-10 09:00:00","CAPE","surface",-67.4133,16.5196,2120
"2026-09-09 18:00:00","2026-09-10 09:00:00","CAPE","surface",-67.3894,16.5196,2401
"2026-09-09 18:00:00","2026-09-10 09:00:00","CAPE","surface",-67.3655,16.5196,2550
"2026-09-09 18:00:00","2026-09-10 09:00:00","CAPE","surface",-67.3415,16.5196,2625
"2026-09-09 18:00:00","2026-09-10 09:00:00","CAPE","surface",-67.3176,16.5196,2791
"2026-09-09 18:00:00","2026-09-10 09:00:00","CAPE","surface",-67.2937,16.5196,2810
"2026-09-09 18:00:00","2026-09-10 09:00:00","CAPE","surface",-67.2698,16.5196,2825
"2026-09-09 18:00:00","2026-09-10 09:00:00","CAPE","surface",-67.2458,16.5196,2894
"2026-09-09 18:00:00","2026-09-10 09:00:00","CAPE","surface",-67.2219,16.5196,2851
"2026-09-09 18:00:00","2026-09-10 09:00:00","CAPE","surface",-67.198,16.5196,2882
"2026-09-09 18:00:00","2026-09-10 09:00:00","CAPE","surface",-67.1741,16.5196,2788
"2026-09-09 18:00:00","2026-09-10 09:00:00","CAPE","surface",-67.1501,16.5196,2964
"2026-09-09 18:00:00","2026-09-10 09:00:00","CAPE","surface",-67.1262,16.5196,2927
"2026-09-09 18:00:00","2026-09-10 09:00:00","CAPE","surface",-67.1023,16.5196,3091
"2026-09-09 18:00:00","2026-09-10 09:00:00","CAPE","surface",-67.0784,16.5196,3246
"2026-09-09 18:00:00","2026-09-10 09:00:00","CAPE","surface",-67.0544,16.5196,3246
"2026-09-09 18:00:00","2026-09-10 09:00:00","CAPE","surface",-67.0305,16.5196,3245
"2026-09-09 18:00:00","2026-09-10 09:00:00","CAPE","surface",-67.0066,16.5196,3246
"2026-09-09 18:00:00","2026-09-10 09:00:00","CAPE","surface",-74.7822,16.5426,2779
"2026-09-09 18:00:00","2026-09-10 09:00:00","CAPE","surface",-74.7583,16.5426,2877
"2026-09-09 18:00:00","2026-09-10 09:00:00","CAPE","surface",-74.7344,16.5426,2782
"2026-09-09 18:00:00","2026-09-10 09:00:00","CAPE","surface",-74.7105,16.5426,2893
"2026-09-09 18:00:00","2026-09-10 09:00:00","CAPE","surface",-74.6865,16.5426,2933
"2026-09-09 18:00:00","2026-09-10 09:00:00","CAPE","surface",-74.6626,16.5426,2989
"2026-09-09 18:00:00","2026-09-10 09:00:00","CAPE","surface",-74.6387,16.5426,2969
"2026-09-09 18:00:00","2026-09-10 09:00:00","CAPE","surface",-74.6148,16.5426,3063
"2026-09-09 18:00:00","2026-09-10 09:00:00","CAPE","surface",-74.5908,16.5426,3063
"2026-09-09 18:00:00","2026-09-10 09:00:00","CAPE","surface",-74.5669,16.5426,3117
"2026-09-09 18:00:00","2026-09-10 09:00:00","CAPE","surface",-74.543,16.5426,3051
"2026-09-09 18:00:00","2026-09-10 09:00:00","CAPE","surface",-74.5191,16.5426,2985
"2026-09-09 18:00:00","2026-09-10 09:00:00","CAPE","surface",-74.4951,16.5426,2667
"2026-09-09 18:00:00","2026-09-10 09:00:00","CAPE","surface",-74.4712,16.5426,2382
"2026-09-09 18:00:00","2026-09-10 09:00:00","CAPE","surface",-74.4473,16.5426,2230
"2026-09-09 18:00:00","2026-09-10 09:00:00","CAPE","surface",-74.4234,16.5426,2256
"2026-09-09 18:00:00","2026-09-10 09:00:00","CAPE","surface",-74.3994,16.5426,2239
"2026-09-09 18:00:00","2026-09-10 09:00:00","CAPE","surface",-74.3755,16.5426,2305
"2026-09-09 18:00:00","2026-09-10 09:00:00","CAPE","surface",-74.3516,16.5426,2258
"2026-09-09 18:00:00","2026-09-10 09:00:00","CAPE","surface",-74.3277,16.5426,2163
"2026-09-09 18:00:00","2026-09-10 09:00:00","CAPE","surface",-74.3037,16.5426,2052
"2026-09-09 18:00:00","2026-09-10 09:00:00","CAPE","surface",-74.2798,16.5426,2071
"2026-09-09 18:00:00","2026-09-10 09:00:00","CAPE","surface",-74.2559,16.5426,1972
"2026-09-09 18:00:00","2026-09-10 09:00:00","CAPE","surface",-74.232,16.5426,1945
"2026-09-09 18:00:00","2026-09-10 09:00:00","CAPE","surface",-74.208,16.5426,1988
"2026-09-09 18:00:00","2026-09-10 09:00:00","CAPE","surface",-74.1841,16.5426,2086
"2026-09-09 18:00:00","2026-09-10 09:00:00","CAPE","surface",-74.1602,16.5426,2205
"2026-09-09 18:00:00","2026-09-10 09:00:00","CAPE","surface",-74.1363,16.5426,2205
"2026-09-09 18:00:00","2026-09-10 09:00:00","CAPE","surface",-74.1123,16.5426,2270
"2026-09-09 18:00:00","2026-09-10 09:00:00","CAPE","surface",-74.0884,16.5426,2302
"2026-09-09 18:00:00","2026-09-10 09:00:00","CAPE","surface",-74.0645,16.5426,2379
"2026-09-09 18:00:00","2026-09-10 09:00:00","CAPE","surface",-74.0406,16.5426,2422
"2026-09-09 18:00:00","2026-09-10 09:00:00","CAPE","surface",-74.0166,16.5426,2471
"2026-09-09 18:00:00","2026-09-10 09:00:00","CAPE","surface",-73.9927,16.5426,2471
"2026-09-09 18:00:00","2026-09-10 09:00:00","CAPE","surface",-73.9688,16.5426,2482
"2026-09-09 18:00:00","2026-09-10 09:00:00","CAPE","surface",-73.9449,16.5426,2475
"2026-09-09 18:00:00","2026-09-10 09:00:00","CAPE","surface",-73.9209,16.5426,2487
"2026-09-09 18:00:00","2026-09-10 09:00:00","CAPE","surface",-73.897,16.5426,2497
"2026-09-09 18:00:00","2026-09-10 09:00:00","CAPE","surface",-73.8731,16.5426,2499
"2026-09-09 18:00:00","2026-09-10 09:00:00","CAPE","surface",-73.8492,16.5426,2477
"2026-09-09 18:00:00","2026-09-10 09:00:00","CAPE","surface",-73.8252,16.5426,2497
"2026-09-09 18:00:00","2026-09-10 09:00:00","CAPE","surface",-73.8013,16.5426,2536
"2026-09-09 18:00:00","2026-09-10 09:00:00","CAPE","surface",-73.7774,16.5426,2455
"2026-09-09 18:00:00","2026-09-10 09:00:00","CAPE","surface",-73.7535,16.5426,2481
"2026-09-09 18:00:00","2026-09-10 09:00:00","CAPE","surface",-73.7295,16.5426,2466
"2026-09-09 18:00:00","2026-09-10 09:00:00","CAPE","surface",-73.7056,16.5426,2546
"2026-09-09 18:00:00","2026-09-10 09:00:00","CAPE","surface",-73.6817,16.5426,2546
"2026-09-09 18:00:00","2026-09-10 09:00:00","CAPE","surface",-73.6578,16.5426,2653
"2026-09-09 18:00:00","2026-09-10 09:00:00","CAPE","surface",-73.6338,16.5426,2739
"2026-09-09 18:00:00","2026-09-10 09:00:00","CAPE","surface",-73.6099,16.5426,2843
"2026-09-09 18:00:00","2026-09-10 09:00:00","CAPE","surface",-73.586,16.5426,2899
"2026-09-09 18:00:00","2026-09-10 09:00:00","CAPE","surface",-73.5621,16.5426,2913
"2026-09-09 18:00:00","2026-09-10 09:00:00","CAPE","surface",-73.5381,16.5426,2913
"2026-09-09 18:00:00","2026-09-10 09:00:00","CAPE","surface",-73.5142,16.5426,2720
"2026-09-09 18:00:00","2026-09-10 09:00:00","CAPE","surface",-73.4903,16.5426,2756
"2026-09-09 18:00:00","2026-09-10 09:00:00","CAPE","surface",-73.4664,16.5426,2303
"2026-09-09 18:00:00","2026-09-10 09:00:00","CAPE","surface",-73.4424,16.5426,2392
"2026-09-09 18:00:00","2026-09-10 09:00:00","CAPE","surface",-73.4185,16.5426,2347
"2026-09-09 18:00:00","2026-09-10 09:00:00","CAPE","surface",-73.3946,16.5426,2239
"2026-09-09 18:00:00","2026-09-10 09:00:00","CAPE","surface",-73.3707,16.5426,2294
"2026-09-09 18:00:00","2026-09-10 09:00:00","CAPE","surface",-73.3467,16.5426,2160
"2026-09-09 18:00:00","2026-09-10 09:00:00","CAPE","surface",-73.3228,16.5426,2146
"2026-09-09 18:00:00","2026-09-10 09:00:00","CAPE","surface",-73.2989,16.5426,2102
"2026-09-09 18:00:00","2026-09-10 09:00:00","CAPE","surface",-73.275,16.5426,2102
"2026-09-09 18:00:00","2026-09-10 09:00:00","CAPE","surface",-73.251,16.5426,2081
"2026-09-09 18:00:00","2026-09-10 09:00:00","CAPE","surface",-73.2271,16.5426,2091
"2026-09-09 18:00:00","2026-09-10 09:00:00","CAPE","surface",-73.2032,16.5426,2036
"2026-09-09 18:00:00","2026-09-10 09:00:00","CAPE","surface",-73.1793,16.5426,2045
"2026-09-09 18:00:00","2026-09-10 09:00:00","CAPE","surface",-73.1553,16.5426,1974
"2026-09-09 18:00:00","2026-09-10 09:00:00","CAPE","surface",-73.1314,16.5426,1974
"2026-09-09 18:00:00","2026-09-10 09:00:00","CAPE","surface",-73.1075,16.5426,1906
"2026-09-09 18:00:00","2026-09-10 09:00:00","CAPE","surface",-73.0836,16.5426,1857
"2026-09-09 18:00:00","2026-09-10 09:00:00","CAPE","surface",-73.0596,16.5426,1854
"2026-09-09 18:00:00","2026-09-10 09:00:00","CAPE","surface",-73.0357,16.5426,1872
"2026-09-09 18:00:00","2026-09-10 09:00:00","CAPE","surface",-73.0118,16.5426,1853
"2026-09-09 18:00:00","2026-09-10 09:00:00","CAPE","surface",-72.9879,16.5426,2005
"2026-09-09 18:00:00","2026-09-10 09:00:00","CAPE","surface",-72.9639,16.5426,1980
"2026-09-09 18:00:00","2026-09-10 09:00:00","CAPE","surface",-72.94,16.5426,2148
"2026-09-09 18:00:00","2026-09-10 09:00:00","CAPE","surface",-72.9161,16.5426,2112
"2026-09-09 18:00:00","2026-09-10 09:00:00","CAPE","surface",-72.8922,16.5426,2314
"2026-09-09 18:00:00","2026-09-10 09:00:00","CAPE","surface",-72.8682,16.5426,2246
"2026-09-09 18:00:00","2026-09-10 09:00:00","CAPE","surface",-72.8443,16.5426,2473
"2026-09-09 18:00:00","2026-09-10 09:00:00","CAPE","surface",-72.8204,16.5426,2400
"2026-09-09 18:00:00","2026-09-10 09:00:00","CAPE","surface",-72.7965,16.5426,2645
"2026-09-09 18:00:00","2026-09-10 09:00:00","CAPE","surface",-72.7725,16.5426,2600
"2026-09-09 18:00:00","2026-09-10 09:00:00","CAPE","surface",-72.7486,16.5426,2452
"2026-09-09 18:00:00","2026-09-10 09:00:00","CAPE","surface",-72.7247,16.5426,2327
"2026-09-09 18:00:00","2026-09-10 09:00:00","CAPE","surface",-72.7008,16.5426,2327
"2026-09-09 18:00:00","2026-09-10 09:00:00","CAPE","surface",-72.6768,16.5426,2335
"2026-09-09 18:00:00","2026-09-10 09:00:00","CAPE","surface",-72.6529,16.5426,2326
"2026-09-09 18:00:00","2026-09-10 09:00:00","CAPE","surface",-72.629,16.5426,2462
"2026-09-09 18:00:00","2026-09-10 09:00:00","CAPE","surface",-72.6051,16.5426,2472
"2026-09-09 18:00:00","2026-09-10 09:00:00","CAPE","surface",-72.5811,16.5426,2727
"2026-09-09 18:00:00","2026-09-10 09:00:00","CAPE","surface",-72.5572,16.5426,2696
"2026-09-09 18:00:00","2026-09-10 09:00:00","CAPE","surface",-72.5333,16.5426,2728
"2026-09-09 18:00:00","2026-09-10 09:00:00","CAPE","surface",-72.5094,16.5426,2654
"2026-09-09 18:00:00","2026-09-10 09:00:00","CAPE","surface",-72.4854,16.5426,2634
"2026-09-09 18:00:00","2026-09-10 09:00:00","CAPE","surface",-72.4615,16.5426,2711
"2026-09-09 18:00:00","2026-09-10 09:00:00","CAPE","surface",-72.4376,16.5426,2711
"2026-09-09 18:00:00","2026-09-10 09:00:00","CAPE","surface",-72.4137,16.5426,2891
"2026-09-09 18:00:00","2026-09-10 09:00:00","CAPE","surface",-72.3897,16.5426,2900
"2026-09-09 18:00:00","2026-09-10 09:00:00","CAPE","surface",-72.3658,16.5426,3118
"2026-09-09 18:00:00","2026-09-10 09:00:00","CAPE","surface",-72.3419,16.5426,3106
"2026-09-09 18:00:00","2026-09-10 09:00:00","CAPE","surface",-72.318,16.5426,3266
"2026-09-09 18:00:00","2026-09-10 09:00:00","CAPE","surface",-72.294,16.5426,3260
"2026-09-09 18:00:00","2026-09-10 09:00:00","CAPE","surface",-72.2701,16.5426,3327
"2026-09-09 18:00:00","2026-09-10 09:00:00","CAPE","surface",-72.2462,16.5426,3235
"2026-09-09 18:00:00","2026-09-10 09:00:00","CAPE","surface",-72.2223,16.5426,3218
"2026-09-09 18:00:00","2026-09-10 09:00:00","CAPE","surface",-72.1983,16.5426,3161
"2026-09-09 18:00:00","2026-09-10 09:00:00","CAPE","surface",-72.1744,16.5426,3161
"2026-09-09 18:00:00","2026-09-10 09:00:00","CAPE","surface",-72.1505,16.5426,3182
"2026-09-09 18:00:00","2026-09-10 09:00:00","CAPE","surface",-72.1266,16.5426,3050
"2026-09-09 18:00:00","2026-09-10 09:00:00","CAPE","surface",-72.1026,16.5426,3142
"2026-09-09 18:00:00","2026-09-10 09:00:00","CAPE","surface",-72.0787,16.5426,2966
"2026-09-09 18:00:00","2026-09-10 09:00:00","CAPE","surface",-72.0548,16.5426,3140
"2026-09-09 18:00:00","2026-09-10 09:00:00","CAPE","surface",-72.0309,16.5426,2970
"2026-09-09 18:00:00","2026-09-10 09:00:00","CAPE","surface",-72.0069,16.5426,2868
"2026-09-09 18:00:00","2026-09-10 09:00:00","CAPE","surface",-71.983,16.5426,2687
"2026-09-09 18:00:00","2026-09-10 09:00:00","CAPE","surface",-71.9591,16.5426,2767
"2026-09-09 18:00:00","2026-09-10 09:00:00","CAPE","surface",-71.9352,16.5426,2882
"2026-09-09 18:00:00","2026-09-10 09:00:00","CAPE","surface",-71.9112,16.5426,2882
"2026-09-09 18:00:00","2026-09-10 09:00:00","CAPE","surface",-71.8873,16.5426,2960
"2026-09-09 18:00:00","2026-09-10 09:00:00","CAPE","surface",-71.8634,16.5426,2907
"2026-09-09 18:00:00","2026-09-10 09:00:00","CAPE","surface",-71.8395,16.5426,3015
"2026-09-09 18:00:00","2026-09-10 09:00:00","CAPE","surface",-71.8155,16.5426,2971
"2026-09-09 18:00:00","2026-09-10 09:00:00","CAPE","surface",-71.7916,16.5426,3082
"2026-09-09 18:00:00","2026-09-10 09:00:00","CAPE","surface",-71.7677,16.5426,3031
"2026-09-09 18:00:00","2026-09-10 09:00:00","CAPE","surface",-71.7438,16.5426,3035
"2026-09-09 18:00:00","2026-09-10 09:00:00","CAPE","surface",-71.7198,16.5426,2898
"2026-09-09 18:00:00","2026-09-10 09:00:00","CAPE","surface",-71.6959,16.5426,2908
"2026-09-09 18:00:00","2026-09-10 09:00:00","CAPE","surface",-71.672,16.5426,2919
"2026-09-09 18:00:00","2026-09-10 09:00:00","CAPE","surface",-71.6481,16.5426,2919
"2026-09-09 18:00:00","2026-09-10 09:00:00","CAPE","surface",-71.6241,16.5426,2881
"2026-09-09 18:00:00","2026-09-10 09:00:00","CAPE","surface",-71.6002,16.5426,2854
"2026-09-09 18:00:00","2026-09-10 09:00:00","CAPE","surface",-71.5763,16.5426,2826
"2026-09-09 18:00:00","2026-09-10 09:00:00","CAPE","surface",-71.5524,16.5426,2839
"2026-09-09 18:00:00","2026-09-10 09:00:00","CAPE","surface",-71.5284,16.5426,2808
"2026-09-09 18:00:00","2026-09-10 09:00:00","CAPE","surface",-71.5045,16.5426,2851
"2026-09-09 18:00:00","2026-09-10 09:00:00","CAPE","surface",-71.4806,16.5426,2866
"2026-09-09 18:00:00","2026-09-10 09:00:00","CAPE","surface",-71.4567,16.5426,2929
"2026-09-09 18:00:00","2026-09-10 09:00:00","CAPE","surface",-71.4327,16.5426,2908
"2026-09-09 18:00:00","2026-09-10 09:00:00","CAPE","surface",-71.4088,16.5426,2864
"2026-09-09 18:00:00","2026-09-10 09:00:00","CAPE","surface",-71.3849,16.5426,2886
"2026-09-09 18:00:00","2026-09-10 09:00:00","CAPE","surface",-71.361,16.5426,2884
"2026-09-09 18:00:00","2026-09-10 09:00:00","CAPE","surface",-71.337,16.5426,2880
"2026-09-09 18:00:00","2026-09-10 09:00:00","CAPE","surface",-71.3131,16.5426,2927
"2026-09-09 18:00:00","2026-09-10 09:00:00","CAPE","surface",-71.2892,16.5426,2956
"2026-09-09 18:00:00","2026-09-10 09:00:00","CAPE","surface",-71.2653,16.5426,2975
"2026-09-09 18:00:00","2026-09-10 09:00:00","CAPE","surface",-71.2413,16.5426,2969
"2026-09-09 18:00:00","2026-09-10 09:00:00","CAPE","surface",-71.2174,16.5426,2818
"2026-09-09 18:00:00","2026-09-10 09:00:00","CAPE","surface",-71.1935,16.5426,2554
"2026-09-09 18:00:00","2026-09-10 09:00:00","CAPE","surface",-71.1696,16.5426,2606
"2026-09-09 18:00:00","2026-09-10 09:00:00","CAPE","surface",-71.1456,16.5426,2345
"2026-09-09 18:00:00","2026-09-10 09:00:00","CAPE","surface",-71.1217,16.5426,2569
"2026-09-09 18:00:00","2026-09-10 09:00:00","CAPE","surface",-71.0978,16.5426,2623
"2026-09-09 18:00:00","2026-09-10 09:00:00","CAPE","surface",-71.0739,16.5426,2715
"2026-09-09 18:00:00","2026-09-10 09:00:00","CAPE","surface",-71.0499,16.5426,2643
"2026-09-09 18:00:00","2026-09-10 09:00:00","CAPE","surface",-71.026,16.5426,2643
"2026-09-09 18:00:00","2026-09-10 09:00:00","CAPE","surface",-71.0021,16.5426,2606
"2026-09-09 18:00:00","2026-09-10 09:00:00","CAPE","surface",-70.9782,16.5426,2725
"2026-09-09 18:00:00","2026-09-10 09:00:00","CAPE","surface",-70.9542,16.5426,2783
"2026-09-09 18:00:00","2026-09-10 09:00:00","CAPE","surface",-70.9303,16.5426,2847
"2026-09-09 18:00:00","2026-09-10 09:00:00","CAPE","surface",-70.9064,16.5426,2847
"2026-09-09 18:00:00","2026-09-10 09:00:00","CAPE","surface",-70.8825,16.5426,2876
"2026-09-09 18:00:00","2026-09-10 09:00:00","CAPE","surface",-70.8585,16.5426,2874
"2026-09-09 18:00:00","2026-09-10 09:00:00","CAPE","surface",-70.8346,16.5426,3041
"2026-09-09 18:00:00","2026-09-10 09:00:00","CAPE","surface",-70.8107,16.5426,2984
"2026-09-09 18:00:00","2026-09-10 09:00:00","CAPE","surface",-70.7868,16.5426,2717
"2026-09-09 18:00:00","2026-09-10 09:00:00","CAPE","surface",-70.7628,16.5426,1900
"2026-09-09 18:00:00","2026-09-10 09:00:00","CAPE","surface",-70.7389,16.5426,1771
"2026-09-09 18:00:00","2026-09-10 09:00:00","CAPE","surface",-70.715,16.5426,1709
"2026-09-09 18:00:00","2026-09-10 09:00:00","CAPE","surface",-70.6911,16.5426,1735
"2026-09-09 18:00:00","2026-09-10 09:00:00","CAPE","surface",-70.6671,16.5426,929
"2026-09-09 18:00:00","2026-09-10 09:00:00","CAPE","surface",-70.6432,16.5426,1040
"2026-09-09 18:00:00","2026-09-10 09:00:00","CAPE","surface",-70.6193,16.5426,477
"2026-09-09 18:00:00","2026-09-10 09:00:00","CAPE","surface",-70.5954,16.5426,928
"2026-09-09 18:00:00","2026-09-10 09:00:00","CAPE","surface",-70.5714,16.5426,1085
"2026-09-09 18:00:00","2026-09-10 09:00:00","CAPE","surface",-70.5475,16.5426,821
"2026-09-09 18:00:00","2026-09-10 09:00:00","CAPE","surface",-70.5236,16.5426,1342
"2026-09-09 18:00:00","2026-09-10 09:00:00","CAPE","surface",-70.4997,16.5426,1698
"2026-09-09 18:00:00","2026-09-10 09:00:00","CAPE","surface",-70.4757,16.5426,2060
"2026-09-09 18:00:00","2026-09-10 09:00:00","CAPE","surface",-70.4518,16.5426,2285
"2026-09-09 18:00:00","2026-09-10 09:00:00","CAPE","surface",-70.4279,16.5426,2285
"2026-09-09 18:00:00","2026-09-10 09:00:00","CAPE","surface",-70.404,16.5426,2449
"2026-09-09 18:00:00","2026-09-10 09:00:00","CAPE","surface",-70.38,16.5426,2565
"2026-09-09 18:00:00","2026-09-10 09:00:00","CAPE","surface",-70.3561,16.5426,2655
"2026-09-09 18:00:00","2026-09-10 09:00:00","CAPE","surface",-70.3322,16.5426,2727
"2026-09-09 18:00:00","2026-09-10 09:00:00","CAPE","surface",-70.3083,16.5426,2727
"2026-09-09 18:00:00","2026-09-10 09:00:00","CAPE","surface",-70.2843,16.5426,2826
"2026-09-09 18:00:00","2026-09-10 09:00:00","CAPE","surface",-70.2604,16.5426,2793
"2026-09-09 18:00:00","2026-09-10 09:00:00","CAPE","surface",-70.2365,16.5426,2747
"2026-09-09 18:00:00","2026-09-10 09:00:00","CAPE","surface",-70.2126,16.5426,2703
"2026-09-09 18:00:00","2026-09-10 09:00:00","CAPE","surface",-70.1886,16.5426,2710
"2026-09-09 18:00:00","2026-09-10 09:00:00","CAPE","surface",-70.1647,16.5426,2655
"2026-09-09 18:00:00","2026-09-10 09:00:00","CAPE","surface",-70.1408,16.5426,2647
"2026-09-09 18:00:00","2026-09-10 09:00:00","CAPE","surface",-70.1169,16.5426,2756
"2026-09-09 18:00:00","2026-09-10 09:00:00","CAPE","surface",-70.0929,16.5426,2774
"2026-09-09 18:00:00","2026-09-10 09:00:00","CAPE","surface",-70.069,16.5426,2955
"2026-09-09 18:00:00","2026-09-10 09:00:00","CAPE","surface",-70.0451,16.5426,2971
"2026-09-09 18:00:00","2026-09-10 09:00:00","CAPE","surface",-70.0212,16.5426,3145
"2026-09-09 18:00:00","2026-09-10 09:00:00","CAPE","surface",-69.9972,16.5426,3192
"2026-09-09 18:00:00","2026-09-10 09:00:00","CAPE","surface",-69.9733,16.5426,3249
"2026-09-09 18:00:00","2026-09-10 09:00:00","CAPE","surface",-69.9494,16.5426,3360
"2026-09-09 18:00:00","2026-09-10 09:00:00","CAPE","surface",-69.9255,16.5426,3340
"2026-09-09 18:00:00","2026-09-10 09:00:00","CAPE","surface",-69.9015,16.5426,3469
"2026-09-09 18:00:00","2026-09-10 09:00:00","CAPE","surface",-69.8776,16.5426,3498
"2026-09-09 18:00:00","2026-09-10 09:00:00","CAPE","surface",-69.8537,16.5426,3536
"2026-09-09 18:00:00","2026-09-10 09:00:00","CAPE","surface",-69.8298,16.5426,3536
"2026-09-09 18:00:00","2026-09-10 09:00:00","CAPE","surface",-69.8058,16.5426,3379
"2026-09-09 18:00:00","2026-09-10 09:00:00","CAPE","surface",-69.7819,16.5426,3283
"2026-09-09 18:00:00","2026-09-10 09:00:00","CAPE","surface",-69.758,16.5426,3157
"2026-09-09 18:00:00","2026-09-10 09:00:00","CAPE","surface",-69.7341,16.5426,3062
"2026-09-09 18:00:00","2026-09-10 09:00:00","CAPE","surface",-69.7101,16.5426,3062
"2026-09-09 18:00:00","2026-09-10 09:00:00","CAPE","surface",-69.6862,16.5426,2761
"2026-09-09 18:00:00","2026-09-10 09:00:00","CAPE","surface",-69.6623,16.5426,2792
"2026-09-09 18:00:00","2026-09-10 09:00:00","CAPE","surface",-69.6384,16.5426,2505
"2026-09-09 18:00:00","2026-09-10 09:00:00","CAPE","surface",-69.6144,16.5426,2548
"2026-09-09 18:00:00","2026-09-10 09:00:00","CAPE","surface",-69.5905,16.5426,2415
"2026-09-09 18:00:00","2026-09-10 09:00:00","CAPE","surface",-69.5666,16.5426,2441
"2026-09-09 18:00:00","2026-09-10 09:00:00","CAPE","surface",-69.5427,16.5426,2532
"2026-09-09 18:00:00","2026-09-10 09:00:00","CAPE","surface",-69.5187,16.5426,2740
"2026-09-09 18:00:00","2026-09-10 09:00:00","CAPE","surface",-69.4948,16.5426,2740
"2026-09-09 18:00:00","2026-09-10 09:00:00","CAPE","surface",-69.4709,16.5426,2906
"2026-09-09 18:00:00","2026-09-10 09:00:00","CAPE","surface",-69.447,16.5426,3029
"2026-09-09 18:00:00","2026-09-10 09:00:00","CAPE","surface",-69.423,16.5426,3120
"2026-09-09 18:00:00","2026-09-10 09:00:00","CAPE","surface",-69.3991,16.5426,3144
"2026-09-09 18:00:00","2026-09-10 09:00:00","CAPE","surface",-69.3752,16.5426,3144
"2026-09-09 18:00:00","2026-09-10 09:00:00","CAPE","surface",-69.3513,16.5426,3130
"2026-09-09 18:00:00","2026-09-10 09:00:00","CAPE","surface",-69.3273,16.5426,3088
"2026-09-09 18:00:00","2026-09-10 09:00:00","CAPE","surface",-69.3034,16.5426,2992
"2026-09-09 18:00:00","2026-09-10 09:00:00","CAPE","surface",-69.2795,16.5426,2881
"2026-09-09 18:00:00","2026-09-10 09:00:00","CAPE","surface",-69.2556,16.5426,2912
"2026-09-09 18:00:00","2026-09-10 09:00:00","CAPE","surface",-69.2316,16.5426,2822
"2026-09-09 18:00:00","2026-09-10 09:00:00","CAPE","surface",-69.2077,16.5426,2764
"2026-09-09 18:00:00","2026-09-10 09:00:00","CAPE","surface",-69.1838,16.5426,2762
"2026-09-09 18:00:00","2026-09-10 09:00:00","CAPE","surface",-69.1599,16.5426,2762
"2026-09-09 18:00:00","2026-09-10 09:00:00","CAPE","surface",-69.1359,16.5426,2821
"2026-09-09 18:00:00","2026-09-10 09:00:00","CAPE","surface",-69.112,16.5426,2838
"2026-09-09 18:00:00","2026-09-10 09:00:00","CAPE","surface",-69.0881,16.5426,2936
"2026-09-09 18:00:00","2026-09-10 09:00:00","CAPE","surface",-69.0642,16.5426,2998
"2026-09-09 18:00:00","2026-09-10 09:00:00","CAPE","surface",-69.0402,16.5426,2959
"2026-09-09 18:00:00","2026-09-10 09:00:00","CAPE","surface",-69.0163,16.5426,2939
"2026-09-09 18:00:00","2026-09-10 09:00:00","CAPE","surface",-68.9924,16.5426,3005
"2026-09-09 18:00:00","2026-09-10 09:00:00","CAPE","surface",-68.9685,16.5426,2999
"2026-09-09 18:00:00","2026-09-10 09:00:00","CAPE","surface",-68.9445,16.5426,2959
"2026-09-09 18:00:00","2026-09-10 09:00:00","CAPE","surface",-68.9206,16.5426,2950
"2026-09-09 18:00:00","2026-09-10 09:00:00","CAPE","surface",-68.8967,16.5426,2909
"2026-09-09 18:00:00","2026-09-10 09:00:00","CAPE","surface",-68.8728,16.5426,2851
"2026-09-09 18:00:00","2026-09-10 09:00:00","CAPE","surface",-68.8488,16.5426,2691
"2026-09-09 18:00:00","2026-09-10 09:00:00","CAPE","surface",-68.8249,16.5426,2691
"2026-09-09 18:00:00","2026-09-10 09:00:00","CAPE","surface",-68.801,16.5426,2434
"2026-09-09 18:00:00","2026-09-10 09:00:00","CAPE","surface",-68.7771,16.5426,2359
"2026-09-09 18:00:00","2026-09-10 09:00:00","CAPE","surface",-68.7531,16.5426,2236
"2026-09-09 18:00:00","2026-09-10 09:00:00","CAPE","surface",-68.7292,16.5426,2242
"2026-09-09 18:00:00","2026-09-10 09:00:00","CAPE","surface",-68.7053,16.5426,2292
"2026-09-09 18:00:00","2026-09-10 09:00:00","CAPE","surface",-68.6813,16.5426,2385
"2026-09-09 18:00:00","2026-09-10 09:00:00","CAPE","surface",-68.6574,16.5426,2398
"2026-09-09 18:00:00","2026-09-10 09:00:00","CAPE","surface",-68.6335,16.5426,2392
"2026-09-09 18:00:00","2026-09-10 09:00:00","CAPE","surface",-68.6096,16.5426,2403
"2026-09-09 18:00:00","2026-09-10 09:00:00","CAPE","surface",-68.5856,16.5426,2413
"2026-09-09 18:00:00","2026-09-10 09:00:00","CAPE","surface",-68.5617,16.5426,2429
"2026-09-09 18:00:00","2026-09-10 09:00:00","CAPE","surface",-68.5378,16.5426,2481
"2026-09-09 18:00:00","2026-09-10 09:00:00","CAPE","surface",-68.5139,16.5426,2535
"2026-09-09 18:00:00","2026-09-10 09:00:00","CAPE","surface",-68.4899,16.5426,2535
"2026-09-09 18:00:00","2026-09-10 09:00:00","CAPE","surface",-68.466,16.5426,2564
"2026-09-09 18:00:00","2026-09-10 09:00:00","CAPE","surface",-68.4421,16.5426,2604
"2026-09-09 18:00:00","2026-09-10 09:00:00","CAPE","surface",-68.4182,16.5426,2541
"2026-09-09 18:00:00","2026-09-10 09:00:00","CAPE","surface",-68.3942,16.5426,2570
"2026-09-09 18:00:00","2026-09-10 09:00:00","CAPE","surface",-68.3703,16.5426,2450
"2026-09-09 18:00:00","2026-09-10 09:00:00","CAPE","surface",-68.3464,16.5426,2455
"2026-09-09 18:00:00","2026-09-10 09:00:00","CAPE","surface",-68.3225,16.5426,2500
"2026-09-09 18:00:00","2026-09-10 09:00:00","CAPE","surface",-68.2985,16.5426,2573
"2026-09-09 18:00:00","2026-09-10 09:00:00","CAPE","surface",-68.2746,16.5426,2573
"2026-09-09 18:00:00","2026-09-10 09:00:00","CAPE","surface",-68.2507,16.5426,2630
"2026-09-09 18:00:00","2026-09-10 09:00:00","CAPE","surface",-68.2268,16.5426,2638
"2026-09-09 18:00:00","2026-09-10 09:00:00","CAPE","surface",-68.2028,16.5426,2639
"2026-09-09 18:00:00","2026-09-10 09:00:00","CAPE","surface",-68.1789,16.5426,2645
"2026-09-09 18:00:00","2026-09-10 09:00:00","CAPE","surface",-68.155,16.5426,2645
"2026-09-09 18:00:00","2026-09-10 09:00:00","CAPE","surface",-68.1311,16.5426,2661
"2026-09-09 18:00:00","2026-09-10 09:00:00","CAPE","surface",-68.1071,16.5426,2650
"2026-09-09 18:00:00","2026-09-10 09:00:00","CAPE","surface",-68.0832,16.5426,2726
"2026-09-09 18:00:00","2026-09-10 09:00:00","CAPE","surface",-68.0593,16.5426,2790
"2026-09-09 18:00:00","2026-09-10 09:00:00","CAPE","surface",-68.0354,16.5426,2842
"2026-09-09 18:00:00","2026-09-10 09:00:00","CAPE","surface",-68.0114,16.5426,2937
"2026-09-09 18:00:00","2026-09-10 09:00:00","CAPE","surface",-67.9875,16.5426,2981
"2026-09-09 18:00:00","2026-09-10 09:00:00","CAPE","surface",-67.9636,16.5426,2960
"2026-09-09 18:00:00","2026-09-10 09:00:00","CAPE","surface",-67.9397,16.5426,2960
"2026-09-09 18:00:00","2026-09-10 09:00:00","CAPE","surface",-67.9157,16.5426,2944
"2026-09-09 18:00:00","2026-09-10 09:00:00","CAPE","surface",-67.8918,16.5426,2937
"2026-09-09 18:00:00","2026-09-10 09:00:00","CAPE","surface",-67.8679,16.5426,2937
"2026-09-09 18:00:00","2026-09-10 09:00:00","CAPE","surface",-67.844,16.5426,2939
"2026-09-09 18:00:00","2026-09-10 09:00:00","CAPE","surface",-67.82,16.5426,2916
"2026-09-09 18:00:00","2026-09-10 09:00:00","CAPE","surface",-67.7961,16.5426,2887
"2026-09-09 18:00:00","2026-09-10 09:00:00","CAPE","surface",-67.7722,16.5426,2642
"2026-09-09 18:00:00","2026-09-10 09:00:00","CAPE","surface",-67.7483,16.5426,2703
"2026-09-09 18:00:00","2026-09-10 09:00:00","CAPE","surface",-67.7243,16.5426,2309
"2026-09-09 18:00:00","2026-09-10 09:00:00","CAPE","surface",-67.7004,16.5426,1900
"2026-09-09 18:00:00","2026-09-10 09:00:00","CAPE","surface",-67.6765,16.5426,1687
"2026-09-09 18:00:00","2026-09-10 09:00:00","CAPE","surface",-67.6526,16.5426,1643
"2026-09-09 18:00:00","2026-09-10 09:00:00","CAPE","surface",-67.6286,16.5426,1582
"2026-09-09 18:00:00","2026-09-10 09:00:00","CAPE","surface",-67.6047,16.5426,1527
"2026-09-09 18:00:00","2026-09-10 09:00:00","CAPE","surface",-67.5808,16.5426,1549
"2026-09-09 18:00:00","2026-09-10 09:00:00","CAPE","surface",-67.5569,16.5426,1582
"2026-09-09 18:00:00","2026-09-10 09:00:00","CAPE","surface",-67.5329,16.5426,1582
"2026-09-09 18:00:00","2026-09-10 09:00:00","CAPE","surface",-67.509,16.5426,1674
"2026-09-09 18:00:00","2026-09-10 09:00:00","CAPE","surface",-67.4851,16.5426,1710
"2026-09-09 18:00:00","2026-09-10 09:00:00","CAPE","surface",-67.4612,16.5426,1890
"2026-09-09 18:00:00","2026-09-10 09:00:00","CAPE","surface",-67.4372,16.5426,2055
"2026-09-09 18:00:00","2026-09-10 09:00:00","CAPE","surface",-67.4133,16.5426,2201
"2026-09-09 18:00:00","2026-09-10 09:00:00","CAPE","surface",-67.3894,16.5426,2487
"2026-09-09 18:00:00","2026-09-10 09:00:00","CAPE","surface",-67.3655,16.5426,2550
"2026-09-09 18:00:00","2026-09-10 09:00:00","CAPE","surface",-67.3415,16.5426,2734
"2026-09-09 18:00:00","2026-09-10 09:00:00","CAPE","surface",-67.3176,16.5426,2802
"2026-09-09 18:00:00","2026-09-10 09:00:00","CAPE","surface",-67.2937,16.5426,2833
"2026-09-09 18:00:00","2026-09-10 09:00:00","CAPE","surface",-67.2698,16.5426,2902
"2026-09-09 18:00:00","2026-09-10 09:00:00","CAPE","surface",-67.2458,16.5426,2894
"2026-09-09 18:00:00","2026-09-10 09:00:00","CAPE","surface",-67.2219,16.5426,2969
"2026-09-09 18:00:00","2026-09-10 09:00:00","CAPE","surface",-67.198,16.5426,2939
"2026-09-09 18:00:00","2026-09-10 09:00:00","CAPE","surface",-67.1741,16.5426,2997
"2026-09-09 18:00:00","2026-09-10 09:00:00","CAPE","surface",-67.1501,16.5426,3092
"2026-09-09 18:00:00","2026-09-10 09:00:00","CAPE","surface",-67.1262,16.5426,3092
"2026-09-09 18:00:00","2026-09-10 09:00:00","CAPE","surface",-67.1023,16.5426,3234
"2026-09-09 18:00:00","2026-09-10 09:00:00","CAPE","surface",-67.0784,16.5426,3240
"2026-09-09 18:00:00","2026-09-10 09:00:00","CAPE","surface",-67.0544,16.5426,3286
"2026-09-09 18:00:00","2026-09-10 09:00:00","CAPE","surface",-67.0305,16.5426,3113
"2026-09-09 18:00:00","2026-09-10 09:00:00","CAPE","surface",-67.0066,16.5426,3113
"2026-09-09 18:00:00","2026-09-10 09:00:00","CAPE","surface",-74.7822,16.5655,2640
"2026-09-09 18:00:00","2026-09-10 09:00:00","CAPE","surface",-74.7583,16.5655,2677
"2026-09-09 18:00:00","2026-09-10 09:00:00","CAPE","surface",-74.7344,16.5655,2752
"2026-09-09 18:00:00","2026-09-10 09:00:00","CAPE","surface",-74.7105,16.5655,2865
"2026-09-09 18:00:00","2026-09-10 09:00:00","CAPE","surface",-74.6865,16.5655,2851
"2026-09-09 18:00:00","2026-09-10 09:00:00","CAPE","surface",-74.6626,16.5655,2944
"2026-09-09 18:00:00","2026-09-10 09:00:00","CAPE","surface",-74.6387,16.5655,3001
"2026-09-09 18:00:00","2026-09-10 09:00:00","CAPE","surface",-74.6148,16.5655,3055
"2026-09-09 18:00:00","2026-09-10 09:00:00","CAPE","surface",-74.5908,16.5655,3115
"2026-09-09 18:00:00","2026-09-10 09:00:00","CAPE","surface",-74.5669,16.5655,3117
"2026-09-09 18:00:00","2026-09-10 09:00:00","CAPE","surface",-74.543,16.5655,3136
"2026-09-09 18:00:00","2026-09-10 09:00:00","CAPE","surface",-74.5191,16.5655,3136
"2026-09-09 18:00:00","2026-09-10 09:00:00","CAPE","surface",-74.4951,16.5655,3021
"2026-09-09 18:00:00","2026-09-10 09:00:00","CAPE","surface",-74.4712,16.5655,2695
"2026-09-09 18:00:00","2026-09-10 09:00:00","CAPE","surface",-74.4473,16.5655,2413
"2026-09-09 18:00:00","2026-09-10 09:00:00","CAPE","surface",-74.4234,16.5655,2389
"2026-09-09 18:00:00","2026-09-10 09:00:00","CAPE","surface",-74.3994,16.5655,2334
"2026-09-09 18:00:00","2026-09-10 09:00:00","CAPE","surface",-74.3755,16.5655,2585
"2026-09-09 18:00:00","2026-09-10 09:00:00","CAPE","surface",-74.3516,16.5655,2482
"2026-09-09 18:00:00","2026-09-10 09:00:00","CAPE","surface",-74.3277,16.5655,2560
"2026-09-09 18:00:00","2026-09-10 09:00:00","CAPE","surface",-74.3037,16.5655,2277
"2026-09-09 18:00:00","2026-09-10 09:00:00","CAPE","surface",-74.2798,16.5655,2110
"2026-09-09 18:00:00","2026-09-10 09:00:00","CAPE","surface",-74.2559,16.5655,1970
"2026-09-09 18:00:00","2026-09-10 09:00:00","CAPE","surface",-74.232,16.5655,1973
"2026-09-09 18:00:00","2026-09-10 09:00:00","CAPE","surface",-74.208,16.5655,1945
"2026-09-09 18:00:00","2026-09-10 09:00:00","CAPE","surface",-74.1841,16.5655,2005
"2026-09-09 18:00:00","2026-09-10 09:00:00","CAPE","surface",-74.1602,16.5655,2108
"2026-09-09 18:00:00","2026-09-10 09:00:00","CAPE","surface",-74.1363,16.5655,2220
"2026-09-09 18:00:00","2026-09-10 09:00:00","CAPE","surface",-74.1123,16.5655,2270
"2026-09-09 18:00:00","2026-09-10 09:00:00","CAPE","surface",-74.0884,16.5655,2337
"2026-09-09 18:00:00","2026-09-10 09:00:00","CAPE","surface",-74.0645,16.5655,2337
"2026-09-09 18:00:00","2026-09-10 09:00:00","CAPE","surface",-74.0406,16.5655,2448
"2026-09-09 18:00:00","2026-09-10 09:00:00","CAPE","surface",-74.0166,16.5655,2463
"2026-09-09 18:00:00","2026-09-10 09:00:00","CAPE","surface",-73.9927,16.5655,2514
"2026-09-09 18:00:00","2026-09-10 09:00:00","CAPE","surface",-73.9688,16.5655,2478
"2026-09-09 18:00:00","2026-09-10 09:00:00","CAPE","surface",-73.9449,16.5655,2467
"2026-09-09 18:00:00","2026-09-10 09:00:00","CAPE","surface",-73.9209,16.5655,2461
"2026-09-09 18:00:00","2026-09-10 09:00:00","CAPE","surface",-73.897,16.5655,2484
"2026-09-09 18:00:00","2026-09-10 09:00:00","CAPE","surface",-73.8731,16.5655,2526
"2026-09-09 18:00:00","2026-09-10 09:00:00","CAPE","surface",-73.8492,16.5655,2529
"2026-09-09 18:00:00","2026-09-10 09:00:00","CAPE","surface",-73.8252,16.5655,2599
"2026-09-09 18:00:00","2026-09-10 09:00:00","CAPE","surface",-73.8013,16.5655,2536
"2026-09-09 18:00:00","2026-09-10 09:00:00","CAPE","surface",-73.7774,16.5655,2623
"2026-09-09 18:00:00","2026-09-10 09:00:00","CAPE","surface",-73.7535,16.5655,2551
"2026-09-09 18:00:00","2026-09-10 09:00:00","CAPE","surface",-73.7295,16.5655,2589
"2026-09-09 18:00:00","2026-09-10 09:00:00","CAPE","surface",-73.7056,16.5655,2546
"2026-09-09 18:00:00","2026-09-10 09:00:00","CAPE","surface",-73.6817,16.5655,2667
"2026-09-09 18:00:00","2026-09-10 09:00:00","CAPE","surface",-73.6578,16.5655,2653
"2026-09-09 18:00:00","2026-09-10 09:00:00","CAPE","surface",-73.6338,16.5655,2790
"2026-09-09 18:00:00","2026-09-10 09:00:00","CAPE","surface",-73.6099,16.5655,2794
"2026-09-09 18:00:00","2026-09-10 09:00:00","CAPE","surface",-73.586,16.5655,2862
"2026-09-09 18:00:00","2026-09-10 09:00:00","CAPE","surface",-73.5621,16.5655,2737
"2026-09-09 18:00:00","2026-09-10 09:00:00","CAPE","surface",-73.5381,16.5655,2710
"2026-09-09 18:00:00","2026-09-10 09:00:00","CAPE","surface",-73.5142,16.5655,2279
"2026-09-09 18:00:00","2026-09-10 09:00:00","CAPE","surface",-73.4903,16.5655,2279
"2026-09-09 18:00:00","2026-09-10 09:00:00","CAPE","surface",-73.4664,16.5655,2058
"2026-09-09 18:00:00","2026-09-10 09:00:00","CAPE","surface",-73.4424,16.5655,2109
"2026-09-09 18:00:00","2026-09-10 09:00:00","CAPE","surface",-73.4185,16.5655,2185
"2026-09-09 18:00:00","2026-09-10 09:00:00","CAPE","surface",-73.3946,16.5655,2239
"2026-09-09 18:00:00","2026-09-10 09:00:00","CAPE","surface",-73.3707,16.5655,2188
"2026-09-09 18:00:00","2026-09-10 09:00:00","CAPE","surface",-73.3467,16.5655,2188
"2026-09-09 18:00:00","2026-09-10 09:00:00","CAPE","surface",-73.3228,16.5655,2123
"2026-09-09 18:00:00","2026-09-10 09:00:00","CAPE","surface",-73.2989,16.5655,2104
"2026-09-09 18:00:00","2026-09-10 09:00:00","CAPE","surface",-73.275,16.5655,2074
"2026-09-09 18:00:00","2026-09-10 09:00:00","CAPE","surface",-73.251,16.5655,2010
"2026-09-09 18:00:00","2026-09-10 09:00:00","CAPE","surface",-73.2271,16.5655,2023
"2026-09-09 18:00:00","2026-09-10 09:00:00","CAPE","surface",-73.2032,16.5655,1928
"2026-09-09 18:00:00","2026-09-10 09:00:00","CAPE","surface",-73.1793,16.5655,1954
"2026-09-09 18:00:00","2026-09-10 09:00:00","CAPE","surface",-73.1553,16.5655,1908
"2026-09-09 18:00:00","2026-09-10 09:00:00","CAPE","surface",-73.1314,16.5655,1910
"2026-09-09 18:00:00","2026-09-10 09:00:00","CAPE","surface",-73.1075,16.5655,1867
"2026-09-09 18:00:00","2026-09-10 09:00:00","CAPE","surface",-73.0836,16.5655,1857
"2026-09-09 18:00:00","2026-09-10 09:00:00","CAPE","surface",-73.0596,16.5655,1873
"2026-09-09 18:00:00","2026-09-10 09:00:00","CAPE","surface",-73.0357,16.5655,1869
"2026-09-09 18:00:00","2026-09-10 09:00:00","CAPE","surface",-73.0118,16.5655,2012
"2026-09-09 18:00:00","2026-09-10 09:00:00","CAPE","surface",-72.9879,16.5655,2005
"2026-09-09 18:00:00","2026-09-10 09:00:00","CAPE","surface",-72.9639,16.5655,2184
"2026-09-09 18:00:00","2026-09-10 09:00:00","CAPE","surface",-72.94,16.5655,2184
"2026-09-09 18:00:00","2026-09-10 09:00:00","CAPE","surface",-72.9161,16.5655,2345
"2026-09-09 18:00:00","2026-09-10 09:00:00","CAPE","surface",-72.8922,16.5655,2497
"2026-09-09 18:00:00","2026-09-10 09:00:00","CAPE","surface",-72.8682,16.5655,2538
"2026-09-09 18:00:00","2026-09-10 09:00:00","CAPE","surface",-72.8443,16.5655,2661
"2026-09-09 18:00:00","2026-09-10 09:00:00","CAPE","surface",-72.8204,16.5655,2670
"2026-09-09 18:00:00","2026-09-10 09:00:00","CAPE","surface",-72.7965,16.5655,2718
"2026-09-09 18:00:00","2026-09-10 09:00:00","CAPE","surface",-72.7725,16.5655,2719
"2026-09-09 18:00:00","2026-09-10 09:00:00","CAPE","surface",-72.7486,16.5655,2593
"2026-09-09 18:00:00","2026-09-10 09:00:00","CAPE","surface",-72.7247,16.5655,2420
"2026-09-09 18:00:00","2026-09-10 09:00:00","CAPE","surface",-72.7008,16.5655,2387
"2026-09-09 18:00:00","2026-09-10 09:00:00","CAPE","surface",-72.6768,16.5655,2335
"2026-09-09 18:00:00","2026-09-10 09:00:00","CAPE","surface",-72.6529,16.5655,2544
"2026-09-09 18:00:00","2026-09-10 09:00:00","CAPE","surface",-72.629,16.5655,2482
"2026-09-09 18:00:00","2026-09-10 09:00:00","CAPE","surface",-72.6051,16.5655,2759
"2026-09-09 18:00:00","2026-09-10 09:00:00","CAPE","surface",-72.5811,16.5655,2945
"2026-09-09 18:00:00","2026-09-10 09:00:00","CAPE","surface",-72.5572,16.5655,2841
"2026-09-09 18:00:00","2026-09-10 09:00:00","CAPE","surface",-72.5333,16.5655,2734
"2026-09-09 18:00:00","2026-09-10 09:00:00","CAPE","surface",-72.5094,16.5655,2734
"2026-09-09 18:00:00","2026-09-10 09:00:00","CAPE","surface",-72.4854,16.5655,2749
"2026-09-09 18:00:00","2026-09-10 09:00:00","CAPE","surface",-72.4615,16.5655,2716
"2026-09-09 18:00:00","2026-09-10 09:00:00","CAPE","surface",-72.4376,16.5655,2894
"2026-09-09 18:00:00","2026-09-10 09:00:00","CAPE","surface",-72.4137,16.5655,2891
"2026-09-09 18:00:00","2026-09-10 09:00:00","CAPE","surface",-72.3897,16.5655,3080
"2026-09-09 18:00:00","2026-09-10 09:00:00","CAPE","surface",-72.3658,16.5655,3100
"2026-09-09 18:00:00","2026-09-10 09:00:00","CAPE","surface",-72.3419,16.5655,3234
"2026-09-09 18:00:00","2026-09-10 09:00:00","CAPE","surface",-72.318,16.5655,3302
"2026-09-09 18:00:00","2026-09-10 09:00:00","CAPE","surface",-72.294,16.5655,3340
"2026-09-09 18:00:00","2026-09-10 09:00:00","CAPE","surface",-72.2701,16.5655,3333
"2026-09-09 18:00:00","2026-09-10 09:00:00","CAPE","surface",-72.2462,16.5655,3333
"2026-09-09 18:00:00","2026-09-10 09:00:00","CAPE","surface",-72.2223,16.5655,3267
"2026-09-09 18:00:00","2026-09-10 09:00:00","CAPE","surface",-72.1983,16.5655,3280
"2026-09-09 18:00:00","2026-09-10 09:00:00","CAPE","surface",-72.1744,16.5655,3259
"2026-09-09 18:00:00","2026-09-10 09:00:00","CAPE","surface",-72.1505,16.5655,3182
"2026-09-09 18:00:00","2026-09-10 09:00:00","CAPE","surface",-72.1266,16.5655,3266
"2026-09-09 18:00:00","2026-09-10 09:00:00","CAPE","surface",-72.1026,16.5655,3235
"2026-09-09 18:00:00","2026-09-10 09:00:00","CAPE","surface",-72.0787,16.5655,3258
"2026-09-09 18:00:00","2026-09-10 09:00:00","CAPE","surface",-72.0548,16.5655,3183
"2026-09-09 18:00:00","2026-09-10 09:00:00","CAPE","surface",-72.0309,16.5655,3090
"2026-09-09 18:00:00","2026-09-10 09:00:00","CAPE","surface",-72.0069,16.5655,2988
"2026-09-09 18:00:00","2026-09-10 09:00:00","CAPE","surface",-71.983,16.5655,2988
"2026-09-09 18:00:00","2026-09-10 09:00:00","CAPE","surface",-71.9591,16.5655,2926
"2026-09-09 18:00:00","2026-09-10 09:00:00","CAPE","surface",-71.9352,16.5655,2931
"2026-09-09 18:00:00","2026-09-10 09:00:00","CAPE","surface",-71.9112,16.5655,2958
"2026-09-09 18:00:00","2026-09-10 09:00:00","CAPE","surface",-71.8873,16.5655,2960
"2026-09-09 18:00:00","2026-09-10 09:00:00","CAPE","surface",-71.8634,16.5655,3015
"2026-09-09 18:00:00","2026-09-10 09:00:00","CAPE","surface",-71.8395,16.5655,3040
"2026-09-09 18:00:00","2026-09-10 09:00:00","CAPE","surface",-71.8155,16.5655,3082
"2026-09-09 18:00:00","2026-09-10 09:00:00","CAPE","surface",-71.7916,16.5655,3067
"2026-09-09 18:00:00","2026-09-10 09:00:00","CAPE","surface",-71.7677,16.5655,3094
"2026-09-09 18:00:00","2026-09-10 09:00:00","CAPE","surface",-71.7438,16.5655,3035
"2026-09-09 18:00:00","2026-09-10 09:00:00","CAPE","surface",-71.7198,16.5655,3070
"2026-09-09 18:00:00","2026-09-10 09:00:00","CAPE","surface",-71.6959,16.5655,3018
"2026-09-09 18:00:00","2026-09-10 09:00:00","CAPE","surface",-71.672,16.5655,2978
"2026-09-09 18:00:00","2026-09-10 09:00:00","CAPE","surface",-71.6481,16.5655,2917
"2026-09-09 18:00:00","2026-09-10 09:00:00","CAPE","surface",-71.6241,16.5655,2881
"2026-09-09 18:00:00","2026-09-10 09:00:00","CAPE","surface",-71.6002,16.5655,2854
"2026-09-09 18:00:00","2026-09-10 09:00:00","CAPE","surface",-71.5763,16.5655,2831
"2026-09-09 18:00:00","2026-09-10 09:00:00","CAPE","surface",-71.5524,16.5655,2792
"2026-09-09 18:00:00","2026-09-10 09:00:00","CAPE","surface",-71.5284,16.5655,2789
"2026-09-09 18:00:00","2026-09-10 09:00:00","CAPE","surface",-71.5045,16.5655,2806
"2026-09-09 18:00:00","2026-09-10 09:00:00","CAPE","surface",-71.4806,16.5655,2783
"2026-09-09 18:00:00","2026-09-10 09:00:00","CAPE","surface",-71.4567,16.5655,2804
"2026-09-09 18:00:00","2026-09-10 09:00:00","CAPE","surface",-71.4327,16.5655,2825
"2026-09-09 18:00:00","2026-09-10 09:00:00","CAPE","surface",-71.4088,16.5655,2864
"2026-09-09 18:00:00","2026-09-10 09:00:00","CAPE","surface",-71.3849,16.5655,2885
"2026-09-09 18:00:00","2026-09-10 09:00:00","CAPE","surface",-71.361,16.5655,2885
"2026-09-09 18:00:00","2026-09-10 09:00:00","CAPE","surface",-71.337,16.5655,2906
"2026-09-09 18:00:00","2026-09-10 09:00:00","CAPE","surface",-71.3131,16.5655,2966
"2026-09-09 18:00:00","2026-09-10 09:00:00","CAPE","surface",-71.2892,16.5655,2965
"2026-09-09 18:00:00","2026-09-10 09:00:00","CAPE","surface",-71.2653,16.5655,2819
"2026-09-09 18:00:00","2026-09-10 09:00:00","CAPE","surface",-71.2413,16.5655,2840
"2026-09-09 18:00:00","2026-09-10 09:00:00","CAPE","surface",-71.2174,16.5655,2182
"2026-09-09 18:00:00","2026-09-10 09:00:00","CAPE","surface",-71.1935,16.5655,2450
"2026-09-09 18:00:00","2026-09-10 09:00:00","CAPE","surface",-71.1696,16.5655,1953
"2026-09-09 18:00:00","2026-09-10 09:00:00","CAPE","surface",-71.1456,16.5655,2345
"2026-09-09 18:00:00","2026-09-10 09:00:00","CAPE","surface",-71.1217,16.5655,2273
"2026-09-09 18:00:00","2026-09-10 09:00:00","CAPE","surface",-71.0978,16.5655,2273
"2026-09-09 18:00:00","2026-09-10 09:00:00","CAPE","surface",-71.0739,16.5655,2419
"2026-09-09 18:00:00","2026-09-10 09:00:00","CAPE","surface",-71.0499,16.5655,2676
"2026-09-09 18:00:00","2026-09-10 09:00:00","CAPE","surface",-71.026,16.5655,2714
"2026-09-09 18:00:00","2026-09-10 09:00:00","CAPE","surface",-71.0021,16.5655,2736
"2026-09-09 18:00:00","2026-09-10 09:00:00","CAPE","surface",-70.9782,16.5655,2736
"2026-09-09 18:00:00","2026-09-10 09:00:00","CAPE","surface",-70.9542,16.5655,2908
"2026-09-09 18:00:00","2026-09-10 09:00:00","CAPE","surface",-70.9303,16.5655,2883
"2026-09-09 18:00:00","2026-09-10 09:00:00","CAPE","surface",-70.9064,16.5655,2872
"2026-09-09 18:00:00","2026-09-10 09:00:00","CAPE","surface",-70.8825,16.5655,2876
"2026-09-09 18:00:00","2026-09-10 09:00:00","CAPE","surface",-70.8585,16.5655,2968
"2026-09-09 18:00:00","2026-09-10 09:00:00","CAPE","surface",-70.8346,16.5655,3142
"2026-09-09 18:00:00","2026-09-10 09:00:00","CAPE","surface",-70.8107,16.5655,3015
"2026-09-09 18:00:00","2026-09-10 09:00:00","CAPE","surface",-70.7868,16.5655,2199
"2026-09-09 18:00:00","2026-09-10 09:00:00","CAPE","surface",-70.7628,16.5655,1900
"2026-09-09 18:00:00","2026-09-10 09:00:00","CAPE","surface",-70.7389,16.5655,1746
"2026-09-09 18:00:00","2026-09-10 09:00:00","CAPE","surface",-70.715,16.5655,1729
"2026-09-09 18:00:00","2026-09-10 09:00:00","CAPE","surface",-70.6911,16.5655,1067
"2026-09-09 18:00:00","2026-09-10 09:00:00","CAPE","surface",-70.6671,16.5655,929
"2026-09-09 18:00:00","2026-09-10 09:00:00","CAPE","surface",-70.6432,16.5655,296
"2026-09-09 18:00:00","2026-09-10 09:00:00","CAPE","surface",-70.6193,16.5655,101
"2026-09-09 18:00:00","2026-09-10 09:00:00","CAPE","surface",-70.5954,16.5655,211
"2026-09-09 18:00:00","2026-09-10 09:00:00","CAPE","surface",-70.5714,16.5655,438
"2026-09-09 18:00:00","2026-09-10 09:00:00","CAPE","surface",-70.5475,16.5655,821
"2026-09-09 18:00:00","2026-09-10 09:00:00","CAPE","surface",-70.5236,16.5655,1284
"2026-09-09 18:00:00","2026-09-10 09:00:00","CAPE","surface",-70.4997,16.5655,1284
"2026-09-09 18:00:00","2026-09-10 09:00:00","CAPE","surface",-70.4757,16.5655,1746
"2026-09-09 18:00:00","2026-09-10 09:00:00","CAPE","surface",-70.4518,16.5655,2044
"2026-09-09 18:00:00","2026-09-10 09:00:00","CAPE","surface",-70.4279,16.5655,2294
"2026-09-09 18:00:00","2026-09-10 09:00:00","CAPE","surface",-70.404,16.5655,2459
"2026-09-09 18:00:00","2026-09-10 09:00:00","CAPE","surface",-70.38,16.5655,2459
"2026-09-09 18:00:00","2026-09-10 09:00:00","CAPE","surface",-70.3561,16.5655,2575
"2026-09-09 18:00:00","2026-09-10 09:00:00","CAPE","surface",-70.3322,16.5655,2660
"2026-09-09 18:00:00","2026-09-10 09:00:00","CAPE","surface",-70.3083,16.5655,2795
"2026-09-09 18:00:00","2026-09-10 09:00:00","CAPE","surface",-70.2843,16.5655,2826
"2026-09-09 18:00:00","2026-09-10 09:00:00","CAPE","surface",-70.2604,16.5655,2946
"2026-09-09 18:00:00","2026-09-10 09:00:00","CAPE","surface",-70.2365,16.5655,2994
"2026-09-09 18:00:00","2026-09-10 09:00:00","CAPE","surface",-70.2126,16.5655,2820
"2026-09-09 18:00:00","2026-09-10 09:00:00","CAPE","surface",-70.1886,16.5655,2851
"2026-09-09 18:00:00","2026-09-10 09:00:00","CAPE","surface",-70.1647,16.5655,2710
"2026-09-09 18:00:00","2026-09-10 09:00:00","CAPE","surface",-70.1408,16.5655,2866
"2026-09-09 18:00:00","2026-09-10 09:00:00","CAPE","surface",-70.1169,16.5655,2800
"2026-09-09 18:00:00","2026-09-10 09:00:00","CAPE","surface",-70.0929,16.5655,2990
"2026-09-09 18:00:00","2026-09-10 09:00:00","CAPE","surface",-70.069,16.5655,2955
"2026-09-09 18:00:00","2026-09-10 09:00:00","CAPE","surface",-70.0451,16.5655,3132
"2026-09-09 18:00:00","2026-09-10 09:00:00","CAPE","surface",-70.0212,16.5655,3310
"2026-09-09 18:00:00","2026-09-10 09:00:00","CAPE","surface",-69.9972,16.5655,3288
"2026-09-09 18:00:00","2026-09-10 09:00:00","CAPE","surface",-69.9733,16.5655,3395
"2026-09-09 18:00:00","2026-09-10 09:00:00","CAPE","surface",-69.9494,16.5655,3360
"2026-09-09 18:00:00","2026-09-10 09:00:00","CAPE","surface",-69.9255,16.5655,3470
"2026-09-09 18:00:00","2026-09-10 09:00:00","CAPE","surface",-69.9015,16.5655,3470
"2026-09-09 18:00:00","2026-09-10 09:00:00","CAPE","surface",-69.8776,16.5655,3532
"2026-09-09 18:00:00","2026-09-10 09:00:00","CAPE","surface",-69.8537,16.5655,3432
"2026-09-09 18:00:00","2026-09-10 09:00:00","CAPE","surface",-69.8298,16.5655,3417
"2026-09-09 18:00:00","2026-09-10 09:00:00","CAPE","surface",-69.8058,16.5655,3060
"2026-09-09 18:00:00","2026-09-10 09:00:00","CAPE","surface",-69.7819,16.5655,3060
"2026-09-09 18:00:00","2026-09-10 09:00:00","CAPE","surface",-69.758,16.5655,2734
"2026-09-09 18:00:00","2026-09-10 09:00:00","CAPE","surface",-69.7341,16.5655,2994
"2026-09-09 18:00:00","2026-09-10 09:00:00","CAPE","surface",-69.7101,16.5655,2687
"2026-09-09 18:00:00","2026-09-10 09:00:00","CAPE","surface",-69.6862,16.5655,2761
"2026-09-09 18:00:00","2026-09-10 09:00:00","CAPE","surface",-69.6623,16.5655,2376
"2026-09-09 18:00:00","2026-09-10 09:00:00","CAPE","surface",-69.6384,16.5655,2248
"2026-09-09 18:00:00","2026-09-10 09:00:00","CAPE","surface",-69.6144,16.5655,2348
"2026-09-09 18:00:00","2026-09-10 09:00:00","CAPE","surface",-69.5905,16.5655,2364
"2026-09-09 18:00:00","2026-09-10 09:00:00","CAPE","surface",-69.5666,16.5655,2364
"2026-09-09 18:00:00","2026-09-10 09:00:00","CAPE","surface",-69.5427,16.5655,2491
"2026-09-09 18:00:00","2026-09-10 09:00:00","CAPE","surface",-69.5187,16.5655,2609
"2026-09-09 18:00:00","2026-09-10 09:00:00","CAPE","surface",-69.4948,16.5655,2789
"2026-09-09 18:00:00","2026-09-10 09:00:00","CAPE","surface",-69.4709,16.5655,2959
"2026-09-09 18:00:00","2026-09-10 09:00:00","CAPE","surface",-69.447,16.5655,2959
"2026-09-09 18:00:00","2026-09-10 09:00:00","CAPE","surface",-69.423,16.5655,3097
"2026-09-09 18:00:00","2026-09-10 09:00:00","CAPE","surface",-69.3991,16.5655,3148
"2026-09-09 18:00:00","2026-09-10 09:00:00","CAPE","surface",-69.3752,16.5655,3141
"2026-09-09 18:00:00","2026-09-10 09:00:00","CAPE","surface",-69.3513,16.5655,3130
"2026-09-09 18:00:00","2026-09-10 09:00:00","CAPE","surface",-69.3273,16.5655,3115
"2026-09-09 18:00:00","2026-09-10 09:00:00","CAPE","surface",-69.3034,16.5655,3045
"2026-09-09 18:00:00","2026-09-10 09:00:00","CAPE","surface",-69.2795,16.5655,2986
"2026-09-09 18:00:00","2026-09-10 09:00:00","CAPE","surface",-69.2556,16.5655,2963
"2026-09-09 18:00:00","2026-09-10 09:00:00","CAPE","surface",-69.2316,16.5655,2879
"2026-09-09 18:00:00","2026-09-10 09:00:00","CAPE","surface",-69.2077,16.5655,2925
"2026-09-09 18:00:00","2026-09-10 09:00:00","CAPE","surface",-69.1838,16.5655,2820
"2026-09-09 18:00:00","2026-09-10 09:00:00","CAPE","surface",-69.1599,16.5655,2836
"2026-09-09 18:00:00","2026-09-10 09:00:00","CAPE","surface",-69.1359,16.5655,2821
"2026-09-09 18:00:00","2026-09-10 09:00:00","CAPE","surface",-69.112,16.5655,2878
"2026-09-09 18:00:00","2026-09-10 09:00:00","CAPE","surface",-69.0881,16.5655,2918
"2026-09-09 18:00:00","2026-09-10 09:00:00","CAPE","surface",-69.0642,16.5655,2932
"2026-09-09 18:00:00","2026-09-10 09:00:00","CAPE","surface",-69.0402,16.5655,2906
"2026-09-09 18:00:00","2026-09-10 09:00:00","CAPE","surface",-69.0163,16.5655,2939
"2026-09-09 18:00:00","2026-09-10 09:00:00","CAPE","surface",-68.9924,16.5655,2913
"2026-09-09 18:00:00","2026-09-10 09:00:00","CAPE","surface",-68.9685,16.5655,2966
"2026-09-09 18:00:00","2026-09-10 09:00:00","CAPE","surface",-68.9445,16.5655,2933
"2026-09-09 18:00:00","2026-09-10 09:00:00","CAPE","surface",-68.9206,16.5655,2851
"2026-09-09 18:00:00","2026-09-10 09:00:00","CAPE","surface",-68.8967,16.5655,2867
"2026-09-09 18:00:00","2026-09-10 09:00:00","CAPE","surface",-68.8728,16.5655,2673
"2026-09-09 18:00:00","2026-09-10 09:00:00","CAPE","surface",-68.8488,16.5655,2691
"2026-09-09 18:00:00","2026-09-10 09:00:00","CAPE","surface",-68.8249,16.5655,2438
"2026-09-09 18:00:00","2026-09-10 09:00:00","CAPE","surface",-68.801,16.5655,2434
"2026-09-09 18:00:00","2026-09-10 09:00:00","CAPE","surface",-68.7771,16.5655,2278
"2026-09-09 18:00:00","2026-09-10 09:00:00","CAPE","surface",-68.7531,16.5655,2250
"2026-09-09 18:00:00","2026-09-10 09:00:00","CAPE","surface",-68.7292,16.5655,2256
"2026-09-09 18:00:00","2026-09-10 09:00:00","CAPE","surface",-68.7053,16.5655,2371
"2026-09-09 18:00:00","2026-09-10 09:00:00","CAPE","surface",-68.6813,16.5655,2385
"2026-09-09 18:00:00","2026-09-10 09:00:00","CAPE","surface",-68.6574,16.5655,2400
"2026-09-09 18:00:00","2026-09-10 09:00:00","CAPE","surface",-68.6335,16.5655,2395
"2026-09-09 18:00:00","2026-09-10 09:00:00","CAPE","surface",-68.6096,16.5655,2393
"2026-09-09 18:00:00","2026-09-10 09:00:00","CAPE","surface",-68.5856,16.5655,2427
"2026-09-09 18:00:00","2026-09-10 09:00:00","CAPE","surface",-68.5617,16.5655,2427
"2026-09-09 18:00:00","2026-09-10 09:00:00","CAPE","surface",-68.5378,16.5655,2453
"2026-09-09 18:00:00","2026-09-10 09:00:00","CAPE","surface",-68.5139,16.5655,2486
"2026-09-09 18:00:00","2026-09-10 09:00:00","CAPE","surface",-68.4899,16.5655,2512
"2026-09-09 18:00:00","2026-09-10 09:00:00","CAPE","surface",-68.466,16.5655,2564
"2026-09-09 18:00:00","2026-09-10 09:00:00","CAPE","surface",-68.4421,16.5655,2472
"2026-09-09 18:00:00","2026-09-10 09:00:00","CAPE","surface",-68.4182,16.5655,2377
"2026-09-09 18:00:00","2026-09-10 09:00:00","CAPE","surface",-68.3942,16.5655,2416
"2026-09-09 18:00:00","2026-09-10 09:00:00","CAPE","surface",-68.3703,16.5655,2404
"2026-09-09 18:00:00","2026-09-10 09:00:00","CAPE","surface",-68.3464,16.5655,2404
"2026-09-09 18:00:00","2026-09-10 09:00:00","CAPE","surface",-68.3225,16.5655,2481
"2026-09-09 18:00:00","2026-09-10 09:00:00","CAPE","surface",-68.2985,16.5655,2582
"2026-09-09 18:00:00","2026-09-10 09:00:00","CAPE","surface",-68.2746,16.5655,2609
"2026-09-09 18:00:00","2026-09-10 09:00:00","CAPE","surface",-68.2507,16.5655,2647
"2026-09-09 18:00:00","2026-09-10 09:00:00","CAPE","surface",-68.2268,16.5655,2647
"2026-09-09 18:00:00","2026-09-10 09:00:00","CAPE","surface",-68.2028,16.5655,2678
"2026-09-09 18:00:00","2026-09-10 09:00:00","CAPE","surface",-68.1789,16.5655,2653
"2026-09-09 18:00:00","2026-09-10 09:00:00","CAPE","surface",-68.155,16.5655,2673
"2026-09-09 18:00:00","2026-09-10 09:00:00","CAPE","surface",-68.1311,16.5655,2700
"2026-09-09 18:00:00","2026-09-10 09:00:00","CAPE","surface",-68.1071,16.5655,2707
"2026-09-09 18:00:00","2026-09-10 09:00:00","CAPE","surface",-68.0832,16.5655,2752
"2026-09-09 18:00:00","2026-09-10 09:00:00","CAPE","surface",-68.0593,16.5655,2790
"2026-09-09 18:00:00","2026-09-10 09:00:00","CAPE","surface",-68.0354,16.5655,2886
"2026-09-09 18:00:00","2026-09-10 09:00:00","CAPE","surface",-68.0114,16.5655,2886
"2026-09-09 18:00:00","2026-09-10 09:00:00","CAPE","surface",-67.9875,16.5655,2919
"2026-09-09 18:00:00","2026-09-10 09:00:00","CAPE","surface",-67.9636,16.5655,2899
"2026-09-09 18:00:00","2026-09-10 09:00:00","CAPE","surface",-67.9397,16.5655,2914
"2026-09-09 18:00:00","2026-09-10 09:00:00","CAPE","surface",-67.9157,16.5655,2906
"2026-09-09 18:00:00","2026-09-10 09:00:00","CAPE","surface",-67.8918,16.5655,2925
"2026-09-09 18:00:00","2026-09-10 09:00:00","CAPE","surface",-67.8679,16.5655,2934
"2026-09-09 18:00:00","2026-09-10 09:00:00","CAPE","surface",-67.844,16.5655,2939
"2026-09-09 18:00:00","2026-09-10 09:00:00","CAPE","surface",-67.82,16.5655,2961
"2026-09-09 18:00:00","2026-09-10 09:00:00","CAPE","surface",-67.7961,16.5655,3009
"2026-09-09 18:00:00","2026-09-10 09:00:00","CAPE","surface",-67.7722,16.5655,2936
"2026-09-09 18:00:00","2026-09-10 09:00:00","CAPE","surface",-67.7483,16.5655,2713
"2026-09-09 18:00:00","2026-09-10 09:00:00","CAPE","surface",-67.7243,16.5655,2309
"2026-09-09 18:00:00","2026-09-10 09:00:00","CAPE","surface",-67.7004,16.5655,2396
"2026-09-09 18:00:00","2026-09-10 09:00:00","CAPE","surface",-67.6765,16.5655,2051
"2026-09-09 18:00:00","2026-09-10 09:00:00","CAPE","surface",-67.6526,16.5655,1695
"2026-09-09 18:00:00","2026-09-10 09:00:00","CAPE","surface",-67.6286,16.5655,1550
"2026-09-09 18:00:00","2026-09-10 09:00:00","CAPE","surface",-67.6047,16.5655,1550
"2026-09-09 18:00:00","2026-09-10 09:00:00","CAPE","surface",-67.5808,16.5655,1567
"2026-09-09 18:00:00","2026-09-10 09:00:00","CAPE","surface",-67.5569,16.5655,1558
"2026-09-09 18:00:00","2026-09-10 09:00:00","CAPE","surface",-67.5329,16.5655,1659
"2026-09-09 18:00:00","2026-09-10 09:00:00","CAPE","surface",-67.509,16.5655,1769
"2026-09-09 18:00:00","2026-09-10 09:00:00","CAPE","surface",-67.4851,16.5655,1769
"2026-09-09 18:00:00","2026-09-10 09:00:00","CAPE","surface",-67.4612,16.5655,1943
"2026-09-09 18:00:00","2026-09-10 09:00:00","CAPE","surface",-67.4372,16.5655,2055
"2026-09-09 18:00:00","2026-09-10 09:00:00","CAPE","surface",-67.4133,16.5655,2383
"2026-09-09 18:00:00","2026-09-10 09:00:00","CAPE","surface",-67.3894,16.5655,2383
"2026-09-09 18:00:00","2026-09-10 09:00:00","CAPE","surface",-67.3655,16.5655,2600
"2026-09-09 18:00:00","2026-09-10 09:00:00","CAPE","surface",-67.3415,16.5655,2760
"2026-09-09 18:00:00","2026-09-10 09:00:00","CAPE","surface",-67.3176,16.5655,2802
"2026-09-09 18:00:00","2026-09-10 09:00:00","CAPE","surface",-67.2937,16.5655,2846
"2026-09-09 18:00:00","2026-09-10 09:00:00","CAPE","surface",-67.2698,16.5655,2879
"2026-09-09 18:00:00","2026-09-10 09:00:00","CAPE","surface",-67.2458,16.5655,2977
"2026-09-09 18:00:00","2026-09-10 09:00:00","CAPE","surface",-67.2219,16.5655,3024
"2026-09-09 18:00:00","2026-09-10 09:00:00","CAPE","surface",-67.198,16.5655,3022
"2026-09-09 18:00:00","2026-09-10 09:00:00","CAPE","surface",-67.1741,16.5655,3099
"2026-09-09 18:00:00","2026-09-10 09:00:00","CAPE","surface",-67.1501,16.5655,3099
"2026-09-09 18:00:00","2026-09-10 09:00:00","CAPE","surface",-67.1262,16.5655,3228
"2026-09-09 18:00:00","2026-09-10 09:00:00","CAPE","surface",-67.1023,16.5655,3234
"2026-09-09 18:00:00","2026-09-10 09:00:00","CAPE","surface",-67.0784,16.5655,3334
"2026-09-09 18:00:00","2026-09-10 09:00:00","CAPE","surface",-67.0544,16.5655,3166
"2026-09-09 18:00:00","2026-09-10 09:00:00","CAPE","surface",-67.0305,16.5655,3142
"2026-09-09 18:00:00","2026-09-10 09:00:00","CAPE","surface",-67.0066,16.5655,3069
"2026-09-09 18:00:00","2026-09-10 09:00:00","CAPE","surface",-74.7822,16.5884,2640
"2026-09-09 18:00:00","2026-09-10 09:00:00","CAPE","surface",-74.7583,16.5884,2624
"2026-09-09 18:00:00","2026-09-10 09:00:00","CAPE","surface",-74.7344,16.5884,2678
"2026-09-09 18:00:00","2026-09-10 09:00:00","CAPE","surface",-74.7105,16.5884,2758
"2026-09-09 18:00:00","2026-09-10 09:00:00","CAPE","surface",-74.6865,16.5884,2890
"2026-09-09 18:00:00","2026-09-10 09:00:00","CAPE","surface",-74.6626,16.5884,2943
"2026-09-09 18:00:00","2026-09-10 09:00:00","CAPE","surface",-74.6387,16.5884,2991
"2026-09-09 18:00:00","2026-09-10 09:00:00","CAPE","surface",-74.6148,16.5884,2991
"2026-09-09 18:00:00","2026-09-10 09:00:00","CAPE","surface",-74.5908,16.5884,2981
"2026-09-09 18:00:00","2026-09-10 09:00:00","CAPE","surface",-74.5669,16.5884,3078
"2026-09-09 18:00:00","2026-09-10 09:00:00","CAPE","surface",-74.543,16.5884,3038
"2026-09-09 18:00:00","2026-09-10 09:00:00","CAPE","surface",-74.5191,16.5884,3101
"2026-09-09 18:00:00","2026-09-10 09:00:00","CAPE","surface",-74.4951,16.5884,2921
"2026-09-09 18:00:00","2026-09-10 09:00:00","CAPE","surface",-74.4712,16.5884,2921
"2026-09-09 18:00:00","2026-09-10 09:00:00","CAPE","surface",-74.4473,16.5884,2696
"2026-09-09 18:00:00","2026-09-10 09:00:00","CAPE","surface",-74.4234,16.5884,2549
"2026-09-09 18:00:00","2026-09-10 09:00:00","CAPE","surface",-74.3994,16.5884,2665
"2026-09-09 18:00:00","2026-09-10 09:00:00","CAPE","surface",-74.3755,16.5884,2585
"2026-09-09 18:00:00","2026-09-10 09:00:00","CAPE","surface",-74.3516,16.5884,2777
"2026-09-09 18:00:00","2026-09-10 09:00:00","CAPE","surface",-74.3277,16.5884,2560
"2026-09-09 18:00:00","2026-09-10 09:00:00","CAPE","surface",-74.3037,16.5884,2767
"2026-09-09 18:00:00","2026-09-10 09:00:00","CAPE","surface",-74.2798,16.5884,2402
"2026-09-09 18:00:00","2026-09-10 09:00:00","CAPE","surface",-74.2559,16.5884,2118
"2026-09-09 18:00:00","2026-09-10 09:00:00","CAPE","surface",-74.232,16.5884,1973
"2026-09-09 18:00:00","2026-09-10 09:00:00","CAPE","surface",-74.208,16.5884,1940
"2026-09-09 18:00:00","2026-09-10 09:00:00","CAPE","surface",-74.1841,16.5884,2014
"2026-09-09 18:00:00","2026-09-10 09:00:00","CAPE","surface",-74.1602,16.5884,2014
"2026-09-09 18:00:00","2026-09-10 09:00:00","CAPE","surface",-74.1363,16.5884,2160
"2026-09-09 18:00:00","2026-09-10 09:00:00","CAPE","surface",-74.1123,16.5884,2244
"2026-09-09 18:00:00","2026-09-10 09:00:00","CAPE","surface",-74.0884,16.5884,2374
"2026-09-09 18:00:00","2026-09-10 09:00:00","CAPE","surface",-74.0645,16.5884,2417
"2026-09-09 18:00:00","2026-09-10 09:00:00","CAPE","surface",-74.0406,16.5884,2555
"2026-09-09 18:00:00","2026-09-10 09:00:00","CAPE","surface",-74.0166,16.5884,2555
"2026-09-09 18:00:00","2026-09-10 09:00:00","CAPE","surface",-73.9927,16.5884,2583
"2026-09-09 18:00:00","2026-09-10 09:00:00","CAPE","surface",-73.9688,16.5884,2531
"2026-09-09 18:00:00","2026-09-10 09:00:00","CAPE","surface",-73.9449,16.5884,2460
"2026-09-09 18:00:00","2026-09-10 09:00:00","CAPE","surface",-73.9209,16.5884,2461
"2026-09-09 18:00:00","2026-09-10 09:00:00","CAPE","surface",-73.897,16.5884,2487
"2026-09-09 18:00:00","2026-09-10 09:00:00","CAPE","surface",-73.8731,16.5884,2487
"2026-09-09 18:00:00","2026-09-10 09:00:00","CAPE","surface",-73.8492,16.5884,2566
"2026-09-09 18:00:00","2026-09-10 09:00:00","CAPE","surface",-73.8252,16.5884,2604
"2026-09-09 18:00:00","2026-09-10 09:00:00","CAPE","surface",-73.8013,16.5884,2630
"2026-09-09 18:00:00","2026-09-10 09:00:00","CAPE","surface",-73.7774,16.5884,2643
"2026-09-09 18:00:00","2026-09-10 09:00:00","CAPE","surface",-73.7535,16.5884,2648
"2026-09-09 18:00:00","2026-09-10 09:00:00","CAPE","surface",-73.7295,16.5884,2660
"2026-09-09 18:00:00","2026-09-10 09:00:00","CAPE","surface",-73.7056,16.5884,2677
"2026-09-09 18:00:00","2026-09-10 09:00:00","CAPE","surface",-73.6817,16.5884,2742
"2026-09-09 18:00:00","2026-09-10 09:00:00","CAPE","surface",-73.6578,16.5884,2782
"2026-09-09 18:00:00","2026-09-10 09:00:00","CAPE","surface",-73.6338,16.5884,2842
"2026-09-09 18:00:00","2026-09-10 09:00:00","CAPE","surface",-73.6099,16.5884,2852
"2026-09-09 18:00:00","2026-09-10 09:00:00","CAPE","surface",-73.586,16.5884,2798
"2026-09-09 18:00:00","2026-09-10 09:00:00","CAPE","surface",-73.5621,16.5884,2792
"2026-09-09 18:00:00","2026-09-10 09:00:00","CAPE","surface",-73.5381,16.5884,2407
"2026-09-09 18:00:00","2026-09-10 09:00:00","CAPE","surface",-73.5142,16.5884,2321
"2026-09-09 18:00:00","2026-09-10 09:00:00","CAPE","surface",-73.4903,16.5884,2047
"2026-09-09 18:00:00","2026-09-10 09:00:00","CAPE","surface",-73.4664,16.5884,2058
"2026-09-09 18:00:00","2026-09-10 09:00:00","CAPE","surface",-73.4424,16.5884,2047
"2026-09-09 18:00:00","2026-09-10 09:00:00","CAPE","surface",-73.4185,16.5884,2171
"2026-09-09 18:00:00","2026-09-10 09:00:00","CAPE","surface",-73.3946,16.5884,2193
"2026-09-09 18:00:00","2026-09-10 09:00:00","CAPE","surface",-73.3707,16.5884,2212
"2026-09-09 18:00:00","2026-09-10 09:00:00","CAPE","surface",-73.3467,16.5884,2163
"2026-09-09 18:00:00","2026-09-10 09:00:00","CAPE","surface",-73.3228,16.5884,2089
"2026-09-09 18:00:00","2026-09-10 09:00:00","CAPE","surface",-73.2989,16.5884,2089
"2026-09-09 18:00:00","2026-09-10 09:00:00","CAPE","surface",-73.275,16.5884,2000
"2026-09-09 18:00:00","2026-09-10 09:00:00","CAPE","surface",-73.251,16.5884,2001
"2026-09-09 18:00:00","2026-09-10 09:00:00","CAPE","surface",-73.2271,16.5884,1911
"2026-09-09 18:00:00","2026-09-10 09:00:00","CAPE","surface",-73.2032,16.5884,1928
"2026-09-09 18:00:00","2026-09-10 09:00:00","CAPE","surface",-73.1793,16.5884,1899
"2026-09-09 18:00:00","2026-09-10 09:00:00","CAPE","surface",-73.1553,16.5884,1899
"2026-09-09 18:00:00","2026-09-10 09:00:00","CAPE","surface",-73.1314,16.5884,1884
"2026-09-09 18:00:00","2026-09-10 09:00:00","CAPE","surface",-73.1075,16.5884,1878
"2026-09-09 18:00:00","2026-09-10 09:00:00","CAPE","surface",-73.0836,16.5884,1892
"2026-09-09 18:00:00","2026-09-10 09:00:00","CAPE","surface",-73.0596,16.5884,1978
"2026-09-09 18:00:00","2026-09-10 09:00:00","CAPE","surface",-73.0357,16.5884,1993
"2026-09-09 18:00:00","2026-09-10 09:00:00","CAPE","surface",-73.0118,16.5884,2156
"2026-09-09 18:00:00","2026-09-10 09:00:00","CAPE","surface",-72.9879,16.5884,2198
"2026-09-09 18:00:00","2026-09-10 09:00:00","CAPE","surface",-72.9639,16.5884,2338
"2026-09-09 18:00:00","2026-09-10 09:00:00","CAPE","surface",-72.94,16.5884,2340
"2026-09-09 18:00:00","2026-09-10 09:00:00","CAPE","surface",-72.9161,16.5884,2434
"2026-09-09 18:00:00","2026-09-10 09:00:00","CAPE","surface",-72.8922,16.5884,2497
"2026-09-09 18:00:00","2026-09-10 09:00:00","CAPE","surface",-72.8682,16.5884,2520
"2026-09-09 18:00:00","2026-09-10 09:00:00","CAPE","surface",-72.8443,16.5884,2606
"2026-09-09 18:00:00","2026-09-10 09:00:00","CAPE","surface",-72.8204,16.5884,2660
"2026-09-09 18:00:00","2026-09-10 09:00:00","CAPE","surface",-72.7965,16.5884,2718
"2026-09-09 18:00:00","2026-09-10 09:00:00","CAPE","surface",-72.7725,16.5884,2670
"2026-09-09 18:00:00","2026-09-10 09:00:00","CAPE","surface",-72.7486,16.5884,2620
"2026-09-09 18:00:00","2026-09-10 09:00:00","CAPE","surface",-72.7247,16.5884,2620
"2026-09-09 18:00:00","2026-09-10 09:00:00","CAPE","surface",-72.7008,16.5884,2691
"2026-09-09 18:00:00","2026-09-10 09:00:00","CAPE","surface",-72.6768,16.5884,2623
"2026-09-09 18:00:00","2026-09-10 09:00:00","CAPE","surface",-72.6529,16.5884,2826
"2026-09-09 18:00:00","2026-09-10 09:00:00","CAPE","surface",-72.629,16.5884,2793
"2026-09-09 18:00:00","2026-09-10 09:00:00","CAPE","surface",-72.6051,16.5884,2995
"2026-09-09 18:00:00","2026-09-10 09:00:00","CAPE","surface",-72.5811,16.5884,2981
"2026-09-09 18:00:00","2026-09-10 09:00:00","CAPE","surface",-72.5572,16.5884,2987
"2026-09-09 18:00:00","2026-09-10 09:00:00","CAPE","surface",-72.5333,16.5884,2884
"2026-09-09 18:00:00","2026-09-10 09:00:00","CAPE","surface",-72.5094,16.5884,2811
"2026-09-09 18:00:00","2026-09-10 09:00:00","CAPE","surface",-72.4854,16.5884,2749
"2026-09-09 18:00:00","2026-09-10 09:00:00","CAPE","surface",-72.4615,16.5884,2949
"2026-09-09 18:00:00","2026-09-10 09:00:00","CAPE","surface",-72.4376,16.5884,3061
"2026-09-09 18:00:00","2026-09-10 09:00:00","CAPE","surface",-72.4137,16.5884,3070
"2026-09-09 18:00:00","2026-09-10 09:00:00","CAPE","surface",-72.3897,16.5884,3138
"2026-09-09 18:00:00","2026-09-10 09:00:00","CAPE","surface",-72.3658,16.5884,3185
"2026-09-09 18:00:00","2026-09-10 09:00:00","CAPE","surface",-72.3419,16.5884,3133
"2026-09-09 18:00:00","2026-09-10 09:00:00","CAPE","surface",-72.318,16.5884,3224
"2026-09-09 18:00:00","2026-09-10 09:00:00","CAPE","surface",-72.294,16.5884,3166
"2026-09-09 18:00:00","2026-09-10 09:00:00","CAPE","surface",-72.2701,16.5884,3270
"2026-09-09 18:00:00","2026-09-10 09:00:00","CAPE","surface",-72.2462,16.5884,3155
"2026-09-09 18:00:00","2026-09-10 09:00:00","CAPE","surface",-72.2223,16.5884,3267
"2026-09-09 18:00:00","2026-09-10 09:00:00","CAPE","surface",-72.1983,16.5884,3070
"2026-09-09 18:00:00","2026-09-10 09:00:00","CAPE","surface",-72.1744,16.5884,3029
"2026-09-09 18:00:00","2026-09-10 09:00:00","CAPE","surface",-72.1505,16.5884,3205
"2026-09-09 18:00:00","2026-09-10 09:00:00","CAPE","surface",-72.1266,16.5884,3185
"2026-09-09 18:00:00","2026-09-10 09:00:00","CAPE","surface",-72.1026,16.5884,3295
"2026-09-09 18:00:00","2026-09-10 09:00:00","CAPE","surface",-72.0787,16.5884,3088
"2026-09-09 18:00:00","2026-09-10 09:00:00","CAPE","surface",-72.0548,16.5884,3186
"2026-09-09 18:00:00","2026-09-10 09:00:00","CAPE","surface",-72.0309,16.5884,2962
"2026-09-09 18:00:00","2026-09-10 09:00:00","CAPE","surface",-72.0069,16.5884,3019
"2026-09-09 18:00:00","2026-09-10 09:00:00","CAPE","surface",-71.983,16.5884,2871
"2026-09-09 18:00:00","2026-09-10 09:00:00","CAPE","surface",-71.9591,16.5884,2926
"2026-09-09 18:00:00","2026-09-10 09:00:00","CAPE","surface",-71.9352,16.5884,2787
"2026-09-09 18:00:00","2026-09-10 09:00:00","CAPE","surface",-71.9112,16.5884,2707
"2026-09-09 18:00:00","2026-09-10 09:00:00","CAPE","surface",-71.8873,16.5884,2874
"2026-09-09 18:00:00","2026-09-10 09:00:00","CAPE","surface",-71.8634,16.5884,2823
"2026-09-09 18:00:00","2026-09-10 09:00:00","CAPE","surface",-71.8395,16.5884,2998
"2026-09-09 18:00:00","2026-09-10 09:00:00","CAPE","surface",-71.8155,16.5884,2808
"2026-09-09 18:00:00","2026-09-10 09:00:00","CAPE","surface",-71.7916,16.5884,2954
"2026-09-09 18:00:00","2026-09-10 09:00:00","CAPE","surface",-71.7677,16.5884,2939
"2026-09-09 18:00:00","2026-09-10 09:00:00","CAPE","surface",-71.7438,16.5884,3035
"2026-09-09 18:00:00","2026-09-10 09:00:00","CAPE","surface",-71.7198,16.5884,2974
"2026-09-09 18:00:00","2026-09-10 09:00:00","CAPE","surface",-71.6959,16.5884,3018
"2026-09-09 18:00:00","2026-09-10 09:00:00","CAPE","surface",-71.672,16.5884,2918
"2026-09-09 18:00:00","2026-09-10 09:00:00","CAPE","surface",-71.6481,16.5884,2846
"2026-09-09 18:00:00","2026-09-10 09:00:00","CAPE","surface",-71.6241,16.5884,2861
"2026-09-09 18:00:00","2026-09-10 09:00:00","CAPE","surface",-71.6002,16.5884,2798
"2026-09-09 18:00:00","2026-09-10 09:00:00","CAPE","surface",-71.5763,16.5884,2797
"2026-09-09 18:00:00","2026-09-10 09:00:00","CAPE","surface",-71.5524,16.5884,2816
"2026-09-09 18:00:00","2026-09-10 09:00:00","CAPE","surface",-71.5284,16.5884,2797
"2026-09-09 18:00:00","2026-09-10 09:00:00","CAPE","surface",-71.5045,16.5884,2824
"2026-09-09 18:00:00","2026-09-10 09:00:00","CAPE","surface",-71.4806,16.5884,2783
"2026-09-09 18:00:00","2026-09-10 09:00:00","CAPE","surface",-71.4567,16.5884,2785
"2026-09-09 18:00:00","2026-09-10 09:00:00","CAPE","surface",-71.4327,16.5884,2785
"2026-09-09 18:00:00","2026-09-10 09:00:00","CAPE","surface",-71.4088,16.5884,2837
"2026-09-09 18:00:00","2026-09-10 09:00:00","CAPE","surface",-71.3849,16.5884,2937
"2026-09-09 18:00:00","2026-09-10 09:00:00","CAPE","surface",-71.361,16.5884,2921
"2026-09-09 18:00:00","2026-09-10 09:00:00","CAPE","surface",-71.337,16.5884,3014
"2026-09-09 18:00:00","2026-09-10 09:00:00","CAPE","surface",-71.3131,16.5884,3014
"2026-09-09 18:00:00","2026-09-10 09:00:00","CAPE","surface",-71.2892,16.5884,2844
"2026-09-09 18:00:00","2026-09-10 09:00:00","CAPE","surface",-71.2653,16.5884,2793
"2026-09-09 18:00:00","2026-09-10 09:00:00","CAPE","surface",-71.2413,16.5884,1815
"2026-09-09 18:00:00","2026-09-10 09:00:00","CAPE","surface",-71.2174,16.5884,2182
"2026-09-09 18:00:00","2026-09-10 09:00:00","CAPE","surface",-71.1935,16.5884,1346
"2026-09-09 18:00:00","2026-09-10 09:00:00","CAPE","surface",-71.1696,16.5884,499
"2026-09-09 18:00:00","2026-09-10 09:00:00","CAPE","surface",-71.1456,16.5884,971
"2026-09-09 18:00:00","2026-09-10 09:00:00","CAPE","surface",-71.1217,16.5884,1058
"2026-09-09 18:00:00","2026-09-10 09:00:00","CAPE","surface",-71.0978,16.5884,1771
"2026-09-09 18:00:00","2026-09-10 09:00:00","CAPE","surface",-71.0739,16.5884,2245
"2026-09-09 18:00:00","2026-09-10 09:00:00","CAPE","surface",-71.0499,16.5884,2245
"2026-09-09 18:00:00","2026-09-10 09:00:00","CAPE","surface",-71.026,16.5884,2770
"2026-09-09 18:00:00","2026-09-10 09:00:00","CAPE","surface",-71.0021,16.5884,2821
"2026-09-09 18:00:00","2026-09-10 09:00:00","CAPE","surface",-70.9782,16.5884,2934
"2026-09-09 18:00:00","2026-09-10 09:00:00","CAPE","surface",-70.9542,16.5884,2854
"2026-09-09 18:00:00","2026-09-10 09:00:00","CAPE","surface",-70.9303,16.5884,2854
"2026-09-09 18:00:00","2026-09-10 09:00:00","CAPE","surface",-70.9064,16.5884,2665
"2026-09-09 18:00:00","2026-09-10 09:00:00","CAPE","surface",-70.8825,16.5884,2854
"2026-09-09 18:00:00","2026-09-10 09:00:00","CAPE","surface",-70.8585,16.5884,3021
"2026-09-09 18:00:00","2026-09-10 09:00:00","CAPE","surface",-70.8346,16.5884,3142
"2026-09-09 18:00:00","2026-09-10 09:00:00","CAPE","surface",-70.8107,16.5884,3080
"2026-09-09 18:00:00","2026-09-10 09:00:00","CAPE","surface",-70.7868,16.5884,2672
"2026-09-09 18:00:00","2026-09-10 09:00:00","CAPE","surface",-70.7628,16.5884,1851
"2026-09-09 18:00:00","2026-09-10 09:00:00","CAPE","surface",-70.7389,16.5884,1468
"2026-09-09 18:00:00","2026-09-10 09:00:00","CAPE","surface",-70.715,16.5884,1304
"2026-09-09 18:00:00","2026-09-10 09:00:00","CAPE","surface",-70.6911,16.5884,408
"2026-09-09 18:00:00","2026-09-10 09:00:00","CAPE","surface",-70.6671,16.5884,236
"2026-09-09 18:00:00","2026-09-10 09:00:00","CAPE","surface",-70.6432,16.5884,73
"2026-09-09 18:00:00","2026-09-10 09:00:00","CAPE","surface",-70.6193,16.5884,101
"2026-09-09 18:00:00","2026-09-10 09:00:00","CAPE","surface",-70.5954,16.5884,184
"2026-09-09 18:00:00","2026-09-10 09:00:00","CAPE","surface",-70.5714,16.5884,184
"2026-09-09 18:00:00","2026-09-10 09:00:00","CAPE","surface",-70.5475,16.5884,517
"2026-09-09 18:00:00","2026-09-10 09:00:00","CAPE","surface",-70.5236,16.5884,1039
"2026-09-09 18:00:00","2026-09-10 09:00:00","CAPE","surface",-70.4997,16.5884,1394
"2026-09-09 18:00:00","2026-09-10 09:00:00","CAPE","surface",-70.4757,16.5884,1850
"2026-09-09 18:00:00","2026-09-10 09:00:00","CAPE","surface",-70.4518,16.5884,1850
"2026-09-09 18:00:00","2026-09-10 09:00:00","CAPE","surface",-70.4279,16.5884,2148
"2026-09-09 18:00:00","2026-09-10 09:00:00","CAPE","surface",-70.404,16.5884,2312
"2026-09-09 18:00:00","2026-09-10 09:00:00","CAPE","surface",-70.38,16.5884,2494
"2026-09-09 18:00:00","2026-09-10 09:00:00","CAPE","surface",-70.3561,16.5884,2575
"2026-09-09 18:00:00","2026-09-10 09:00:00","CAPE","surface",-70.3322,16.5884,2630
"2026-09-09 18:00:00","2026-09-10 09:00:00","CAPE","surface",-70.3083,16.5884,2795
"2026-09-09 18:00:00","2026-09-10 09:00:00","CAPE","surface",-70.2843,16.5884,2894
"2026-09-09 18:00:00","2026-09-10 09:00:00","CAPE","surface",-70.2604,16.5884,3076
"2026-09-09 18:00:00","2026-09-10 09:00:00","CAPE","surface",-70.2365,16.5884,2994
"2026-09-09 18:00:00","2026-09-10 09:00:00","CAPE","surface",-70.2126,16.5884,3280
"2026-09-09 18:00:00","2026-09-10 09:00:00","CAPE","surface",-70.1886,16.5884,3082
"2026-09-09 18:00:00","2026-09-10 09:00:00","CAPE","surface",-70.1647,16.5884,3120
"2026-09-09 18:00:00","2026-09-10 09:00:00","CAPE","surface",-70.1408,16.5884,2866
"2026-09-09 18:00:00","2026-09-10 09:00:00","CAPE","surface",-70.1169,16.5884,3035
"2026-09-09 18:00:00","2026-09-10 09:00:00","CAPE","surface",-70.0929,16.5884,3209
"2026-09-09 18:00:00","2026-09-10 09:00:00","CAPE","surface",-70.069,16.5884,3191
"2026-09-09 18:00:00","2026-09-10 09:00:00","CAPE","surface",-70.0451,16.5884,3309
"2026-09-09 18:00:00","2026-09-10 09:00:00","CAPE","surface",-70.0212,16.5884,3310
"2026-09-09 18:00:00","2026-09-10 09:00:00","CAPE","surface",-69.9972,16.5884,3383
"2026-09-09 18:00:00","2026-09-10 09:00:00","CAPE","surface",-69.9733,16.5884,3383
"2026-09-09 18:00:00","2026-09-10 09:00:00","CAPE","surface",-69.9494,16.5884,3407
"2026-09-09 18:00:00","2026-09-10 09:00:00","CAPE","surface",-69.9255,16.5884,3445
"2026-09-09 18:00:00","2026-09-10 09:00:00","CAPE","surface",-69.9015,16.5884,3528
"2026-09-09 18:00:00","2026-09-10 09:00:00","CAPE","surface",-69.8776,16.5884,3527
"2026-09-09 18:00:00","2026-09-10 09:00:00","CAPE","surface",-69.8537,16.5884,3527
"2026-09-09 18:00:00","2026-09-10 09:00:00","CAPE","surface",-69.8298,16.5884,3038
"2026-09-09 18:00:00","2026-09-10 09:00:00","CAPE","surface",-69.8058,16.5884,3009
"2026-09-09 18:00:00","2026-09-10 09:00:00","CAPE","surface",-69.7819,16.5884,2440
"2026-09-09 18:00:00","2026-09-10 09:00:00","CAPE","surface",-69.758,16.5884,2734
"2026-09-09 18:00:00","2026-09-10 09:00:00","CAPE","surface",-69.7341,16.5884,2123
"2026-09-09 18:00:00","2026-09-10 09:00:00","CAPE","surface",-69.7101,16.5884,2032
"2026-09-09 18:00:00","2026-09-10 09:00:00","CAPE","surface",-69.6862,16.5884,2238
"2026-09-09 18:00:00","2026-09-10 09:00:00","CAPE","surface",-69.6623,16.5884,2123
"2026-09-09 18:00:00","2026-09-10 09:00:00","CAPE","surface",-69.6384,16.5884,2123
"2026-09-09 18:00:00","2026-09-10 09:00:00","CAPE","surface",-69.6144,16.5884,2112
"2026-09-09 18:00:00","2026-09-10 09:00:00","CAPE","surface",-69.5905,16.5884,2253
"2026-09-09 18:00:00","2026-09-10 09:00:00","CAPE","surface",-69.5666,16.5884,2363
"2026-09-09 18:00:00","2026-09-10 09:00:00","CAPE","surface",-69.5427,16.5884,2548
"2026-09-09 18:00:00","2026-09-10 09:00:00","CAPE","surface",-69.5187,16.5884,2548
"2026-09-09 18:00:00","2026-09-10 09:00:00","CAPE","surface",-69.4948,16.5884,2715
"2026-09-09 18:00:00","2026-09-10 09:00:00","CAPE","surface",-69.4709,16.5884,2821
"2026-09-09 18:00:00","2026-09-10 09:00:00","CAPE","surface",-69.447,16.5884,2979
"2026-09-09 18:00:00","2026-09-10 09:00:00","CAPE","surface",-69.423,16.5884,3097
"2026-09-09 18:00:00","2026-09-10 09:00:00","CAPE","surface",-69.3991,16.5884,3066
"2026-09-09 18:00:00","2026-09-10 09:00:00","CAPE","surface",-69.3752,16.5884,3070
"2026-09-09 18:00:00","2026-09-10 09:00:00","CAPE","surface",-69.3513,16.5884,3112
"2026-09-09 18:00:00","2026-09-10 09:00:00","CAPE","surface",-69.3273,16.5884,3071
"2026-09-09 18:00:00","2026-09-10 09:00:00","CAPE","surface",-69.3034,16.5884,3045
"2026-09-09 18:00:00","2026-09-10 09:00:00","CAPE","surface",-69.2795,16.5884,3040
"2026-09-09 18:00:00","2026-09-10 09:00:00","CAPE","surface",-69.2556,16.5884,3015
"2026-09-09 18:00:00","2026-09-10 09:00:00","CAPE","surface",-69.2316,16.5884,3014
"2026-09-09 18:00:00","2026-09-10 09:00:00","CAPE","surface",-69.2077,16.5884,2961
"2026-09-09 18:00:00","2026-09-10 09:00:00","CAPE","surface",-69.1838,16.5884,2961
"2026-09-09 18:00:00","2026-09-10 09:00:00","CAPE","surface",-69.1599,16.5884,2906
"2026-09-09 18:00:00","2026-09-10 09:00:00","CAPE","surface",-69.1359,16.5884,2883
"2026-09-09 18:00:00","2026-09-10 09:00:00","CAPE","surface",-69.112,16.5884,2906
"2026-09-09 18:00:00","2026-09-10 09:00:00","CAPE","surface",-69.0881,16.5884,2918
"2026-09-09 18:00:00","2026-09-10 09:00:00","CAPE","surface",-69.0642,16.5884,2891
"2026-09-09 18:00:00","2026-09-10 09:00:00","CAPE","surface",-69.0402,16.5884,2893
"2026-09-09 18:00:00","2026-09-10 09:00:00","CAPE","surface",-69.0163,16.5884,2863
"2026-09-09 18:00:00","2026-09-10 09:00:00","CAPE","surface",-68.9924,16.5884,2820
"2026-09-09 18:00:00","2026-09-10 09:00:00","CAPE","surface",-68.9685,16.5884,2893
"2026-09-09 18:00:00","2026-09-10 09:00:00","CAPE","surface",-68.9445,16.5884,2736
"2026-09-09 18:00:00","2026-09-10 09:00:00","CAPE","surface",-68.9206,16.5884,2805
"2026-09-09 18:00:00","2026-09-10 09:00:00","CAPE","surface",-68.8967,16.5884,2620
"2026-09-09 18:00:00","2026-09-10 09:00:00","CAPE","surface",-68.8728,16.5884,2673
"2026-09-09 18:00:00","2026-09-10 09:00:00","CAPE","surface",-68.8488,16.5884,2306
"2026-09-09 18:00:00","2026-09-10 09:00:00","CAPE","surface",-68.8249,16.5884,2191
"2026-09-09 18:00:00","2026-09-10 09:00:00","CAPE","surface",-68.801,16.5884,2265
"2026-09-09 18:00:00","2026-09-10 09:00:00","CAPE","surface",-68.7771,16.5884,2272
"2026-09-09 18:00:00","2026-09-10 09:00:00","CAPE","surface",-68.7531,16.5884,2250
"2026-09-09 18:00:00","2026-09-10 09:00:00","CAPE","surface",-68.7292,16.5884,2354
"2026-09-09 18:00:00","2026-09-10 09:00:00","CAPE","surface",-68.7053,16.5884,2349
"2026-09-09 18:00:00","2026-09-10 09:00:00","CAPE","surface",-68.6813,16.5884,2418
"2026-09-09 18:00:00","2026-09-10 09:00:00","CAPE","surface",-68.6574,16.5884,2409
"2026-09-09 18:00:00","2026-09-10 09:00:00","CAPE","surface",-68.6335,16.5884,2409
"2026-09-09 18:00:00","2026-09-10 09:00:00","CAPE","surface",-68.6096,16.5884,2396
"2026-09-09 18:00:00","2026-09-10 09:00:00","CAPE","surface",-68.5856,16.5884,2404
"2026-09-09 18:00:00","2026-09-10 09:00:00","CAPE","surface",-68.5617,16.5884,2418
"2026-09-09 18:00:00","2026-09-10 09:00:00","CAPE","surface",-68.5378,16.5884,2453
"2026-09-09 18:00:00","2026-09-10 09:00:00","CAPE","surface",-68.5139,16.5884,2413
"2026-09-09 18:00:00","2026-09-10 09:00:00","CAPE","surface",-68.4899,16.5884,2394
"2026-09-09 18:00:00","2026-09-10 09:00:00","CAPE","surface",-68.466,16.5884,2444
"2026-09-09 18:00:00","2026-09-10 09:00:00","CAPE","surface",-68.4421,16.5884,2358
"2026-09-09 18:00:00","2026-09-10 09:00:00","CAPE","surface",-68.4182,16.5884,2377
"2026-09-09 18:00:00","2026-09-10 09:00:00","CAPE","surface",-68.3942,16.5884,2304
"2026-09-09 18:00:00","2026-09-10 09:00:00","CAPE","surface",-68.3703,16.5884,2349
"2026-09-09 18:00:00","2026-09-10 09:00:00","CAPE","surface",-68.3464,16.5884,2421
"2026-09-09 18:00:00","2026-09-10 09:00:00","CAPE","surface",-68.3225,16.5884,2532
"2026-09-09 18:00:00","2026-09-10 09:00:00","CAPE","surface",-68.2985,16.5884,2532
"2026-09-09 18:00:00","2026-09-10 09:00:00","CAPE","surface",-68.2746,16.5884,2617
"2026-09-09 18:00:00","2026-09-10 09:00:00","CAPE","surface",-68.2507,16.5884,2643
"2026-09-09 18:00:00","2026-09-10 09:00:00","CAPE","surface",-68.2268,16.5884,2678
"2026-09-09 18:00:00","2026-09-10 09:00:00","CAPE","surface",-68.2028,16.5884,2690
"2026-09-09 18:00:00","2026-09-10 09:00:00","CAPE","surface",-68.1789,16.5884,2690
"2026-09-09 18:00:00","2026-09-10 09:00:00","CAPE","surface",-68.155,16.5884,2691
"2026-09-09 18:00:00","2026-09-10 09:00:00","CAPE","surface",-68.1311,16.5884,2700
"2026-09-09 18:00:00","2026-09-10 09:00:00","CAPE","surface",-68.1071,16.5884,2732
"2026-09-09 18:00:00","2026-09-10 09:00:00","CAPE","surface",-68.0832,16.5884,2732
"2026-09-09 18:00:00","2026-09-10 09:00:00","CAPE","surface",-68.0593,16.5884,2761
"2026-09-09 18:00:00","2026-09-10 09:00:00","CAPE","surface",-68.0354,16.5884,2848
"2026-09-09 18:00:00","2026-09-10 09:00:00","CAPE","surface",-68.0114,16.5884,2887
"2026-09-09 18:00:00","2026-09-10 09:00:00","CAPE","surface",-67.9875,16.5884,2878
"2026-09-09 18:00:00","2026-09-10 09:00:00","CAPE","surface",-67.9636,16.5884,2890
"2026-09-09 18:00:00","2026-09-10 09:00:00","CAPE","surface",-67.9397,16.5884,2892
"2026-09-09 18:00:00","2026-09-10 09:00:00","CAPE","surface",-67.9157,16.5884,2906
"2026-09-09 18:00:00","2026-09-10 09:00:00","CAPE","surface",-67.8918,16.5884,2917
"2026-09-09 18:00:00","2026-09-10 09:00:00","CAPE","surface",-67.8679,16.5884,2935
"2026-09-09 18:00:00","2026-09-10 09:00:00","CAPE","surface",-67.844,16.5884,2950
"2026-09-09 18:00:00","2026-09-10 09:00:00","CAPE","surface",-67.82,16.5884,3014
"2026-09-09 18:00:00","2026-09-10 09:00:00","CAPE","surface",-67.7961,16.5884,3009
"2026-09-09 18:00:00","2026-09-10 09:00:00","CAPE","surface",-67.7722,16.5884,3057
"2026-09-09 18:00:00","2026-09-10 09:00:00","CAPE","surface",-67.7483,16.5884,2973
"2026-09-09 18:00:00","2026-09-10 09:00:00","CAPE","surface",-67.7243,16.5884,2824
"2026-09-09 18:00:00","2026-09-10 09:00:00","CAPE","surface",-67.7004,16.5884,2623
"2026-09-09 18:00:00","2026-09-10 09:00:00","CAPE","surface",-67.6765,16.5884,2051
"2026-09-09 18:00:00","2026-09-10 09:00:00","CAPE","surface",-67.6526,16.5884,2260
"2026-09-09 18:00:00","2026-09-10 09:00:00","CAPE","surface",-67.6286,16.5884,1732
"2026-09-09 18:00:00","2026-09-10 09:00:00","CAPE","surface",-67.6047,16.5884,1653
"2026-09-09 18:00:00","2026-09-10 09:00:00","CAPE","surface",-67.5808,16.5884,1682
"2026-09-09 18:00:00","2026-09-10 09:00:00","CAPE","surface",-67.5569,16.5884,1682
"2026-09-09 18:00:00","2026-09-10 09:00:00","CAPE","surface",-67.5329,16.5884,1793
"2026-09-09 18:00:00","2026-09-10 09:00:00","CAPE","surface",-67.509,16.5884,1780
"2026-09-09 18:00:00","2026-09-10 09:00:00","CAPE","surface",-67.4851,16.5884,1899
"2026-09-09 18:00:00","2026-09-10 09:00:00","CAPE","surface",-67.4612,16.5884,1899
"2026-09-09 18:00:00","2026-09-10 09:00:00","CAPE","surface",-67.4372,16.5884,2140
"2026-09-09 18:00:00","2026-09-10 09:00:00","CAPE","surface",-67.4133,16.5884,2443
"2026-09-09 18:00:00","2026-09-10 09:00:00","CAPE","surface",-67.3894,16.5884,2516
"2026-09-09 18:00:00","2026-09-10 09:00:00","CAPE","surface",-67.3655,16.5884,2708
"2026-09-09 18:00:00","2026-09-10 09:00:00","CAPE","surface",-67.3415,16.5884,2708
"2026-09-09 18:00:00","2026-09-10 09:00:00","CAPE","surface",-67.3176,16.5884,2819
"2026-09-09 18:00:00","2026-09-10 09:00:00","CAPE","surface",-67.2937,16.5884,2909
"2026-09-09 18:00:00","2026-09-10 09:00:00","CAPE","surface",-67.2698,16.5884,2955
"2026-09-09 18:00:00","2026-09-10 09:00:00","CAPE","surface",-67.2458,16.5884,3023
"2026-09-09 18:00:00","2026-09-10 09:00:00","CAPE","surface",-67.2219,16.5884,3020
"2026-09-09 18:00:00","2026-09-10 09:00:00","CAPE","surface",-67.198,16.5884,3088
"2026-09-09 18:00:00","2026-09-10 09:00:00","CAPE","surface",-67.1741,16.5884,3099
"2026-09-09 18:00:00","2026-09-10 09:00:00","CAPE","surface",-67.1501,16.5884,3175
"2026-09-09 18:00:00","2026-09-10 09:00:00","CAPE","surface",-67.1262,16.5884,3282
"2026-09-09 18:00:00","2026-09-10 09:00:00","CAPE","surface",-67.1023,16.5884,3311
"2026-09-09 18:00:00","2026-09-10 09:00:00","CAPE","surface",-67.0784,16.5884,3206
"2026-09-09 18:00:00","2026-09-10 09:00:00","CAPE","surface",-67.0544,16.5884,3166
"2026-09-09 18:00:00","2026-09-10 09:00:00","CAPE","surface",-67.0305,16.5884,3137
"2026-09-09 18:00:00","2026-09-10 09:00:00","CAPE","surface",-67.0066,16.5884,3118
"2026-09-09 18:00:00","2026-09-10 09:00:00","CAPE","surface",-74.7822,16.6114,2557
"2026-09-09 18:00:00","2026-09-10 09:00:00","CAPE","surface",-74.7583,16.6114,2587
"2026-09-09 18:00:00","2026-09-10 09:00:00","CAPE","surface",-74.7344,16.6114,2679
"2026-09-09 18:00:00","2026-09-10 09:00:00","CAPE","surface",-74.7105,16.6114,2694
"2026-09-09 18:00:00","2026-09-10 09:00:00","CAPE","surface",-74.6865,16.6114,2817
"2026-09-09 18:00:00","2026-09-10 09:00:00","CAPE","surface",-74.6626,16.6114,2901
"2026-09-09 18:00:00","2026-09-10 09:00:00","CAPE","surface",-74.6387,16.6114,2941
"2026-09-09 18:00:00","2026-09-10 09:00:00","CAPE","surface",-74.6148,16.6114,2904
"2026-09-09 18:00:00","2026-09-10 09:00:00","CAPE","surface",-74.5908,16.6114,2981
"2026-09-09 18:00:00","2026-09-10 09:00:00","CAPE","surface",-74.5669,16.6114,2894
"2026-09-09 18:00:00","2026-09-10 09:00:00","CAPE","surface",-74.543,16.6114,2894
"2026-09-09 18:00:00","2026-09-10 09:00:00","CAPE","surface",-74.5191,16.6114,2760
"2026-09-09 18:00:00","2026-09-10 09:00:00","CAPE","surface",-74.4951,16.6114,2893
"2026-09-09 18:00:00","2026-09-10 09:00:00","CAPE","surface",-74.4712,16.6114,2698
"2026-09-09 18:00:00","2026-09-10 09:00:00","CAPE","surface",-74.4473,16.6114,2700
"2026-09-09 18:00:00","2026-09-10 09:00:00","CAPE","surface",-74.4234,16.6114,2725
"2026-09-09 18:00:00","2026-09-10 09:00:00","CAPE","surface",-74.3994,16.6114,2819
"2026-09-09 18:00:00","2026-09-10 09:00:00","CAPE","surface",-74.3755,16.6114,2876
"2026-09-09 18:00:00","2026-09-10 09:00:00","CAPE","surface",-74.3516,16.6114,2929
"2026-09-09 18:00:00","2026-09-10 09:00:00","CAPE","surface",-74.3277,16.6114,2921
"2026-09-09 18:00:00","2026-09-10 09:00:00","CAPE","surface",-74.3037,16.6114,2746
"2026-09-09 18:00:00","2026-09-10 09:00:00","CAPE","surface",-74.2798,16.6114,2474
"2026-09-09 18:00:00","2026-09-10 09:00:00","CAPE","surface",-74.2559,16.6114,2442
"2026-09-09 18:00:00","2026-09-10 09:00:00","CAPE","surface",-74.232,16.6114,2092
"2026-09-09 18:00:00","2026-09-10 09:00:00","CAPE","surface",-74.208,16.6114,1973
"2026-09-09 18:00:00","2026-09-10 09:00:00","CAPE","surface",-74.1841,16.6114,1947
"2026-09-09 18:00:00","2026-09-10 09:00:00","CAPE","surface",-74.1602,16.6114,2067
"2026-09-09 18:00:00","2026-09-10 09:00:00","CAPE","surface",-74.1363,16.6114,2160
"2026-09-09 18:00:00","2026-09-10 09:00:00","CAPE","surface",-74.1123,16.6114,2317
"2026-09-09 18:00:00","2026-09-10 09:00:00","CAPE","surface",-74.0884,16.6114,2317
"2026-09-09 18:00:00","2026-09-10 09:00:00","CAPE","surface",-74.0645,16.6114,2510
"2026-09-09 18:00:00","2026-09-10 09:00:00","CAPE","surface",-74.0406,16.6114,2544
"2026-09-09 18:00:00","2026-09-10 09:00:00","CAPE","surface",-74.0166,16.6114,2595
"2026-09-09 18:00:00","2026-09-10 09:00:00","CAPE","surface",-73.9927,16.6114,2566
"2026-09-09 18:00:00","2026-09-10 09:00:00","CAPE","surface",-73.9688,16.6114,2501
"2026-09-09 18:00:00","2026-09-10 09:00:00","CAPE","surface",-73.9449,16.6114,2454
"2026-09-09 18:00:00","2026-09-10 09:00:00","CAPE","surface",-73.9209,16.6114,2440
"2026-09-09 18:00:00","2026-09-10 09:00:00","CAPE","surface",-73.897,16.6114,2454
"2026-09-09 18:00:00","2026-09-10 09:00:00","CAPE","surface",-73.8731,16.6114,2503
"2026-09-09 18:00:00","2026-09-10 09:00:00","CAPE","surface",-73.8492,16.6114,2548
"2026-09-09 18:00:00","2026-09-10 09:00:00","CAPE","surface",-73.8252,16.6114,2600
"2026-09-09 18:00:00","2026-09-10 09:00:00","CAPE","surface",-73.8013,16.6114,2513
"2026-09-09 18:00:00","2026-09-10 09:00:00","CAPE","surface",-73.7774,16.6114,2589
"2026-09-09 18:00:00","2026-09-10 09:00:00","CAPE","surface",-73.7535,16.6114,2609
"2026-09-09 18:00:00","2026-09-10 09:00:00","CAPE","surface",-73.7295,16.6114,2660
"2026-09-09 18:00:00","2026-09-10 09:00:00","CAPE","surface",-73.7056,16.6114,2699
"2026-09-09 18:00:00","2026-09-10 09:00:00","CAPE","surface",-73.6817,16.6114,2742
"2026-09-09 18:00:00","2026-09-10 09:00:00","CAPE","surface",-73.6578,16.6114,2746
"2026-09-09 18:00:00","2026-09-10 09:00:00","CAPE","surface",-73.6338,16.6114,2794
"2026-09-09 18:00:00","2026-09-10 09:00:00","CAPE","surface",-73.6099,16.6114,2780
"2026-09-09 18:00:00","2026-09-10 09:00:00","CAPE","surface",-73.586,16.6114,2524
"2026-09-09 18:00:00","2026-09-10 09:00:00","CAPE","surface",-73.5621,16.6114,2489
"2026-09-09 18:00:00","2026-09-10 09:00:00","CAPE","surface",-73.5381,16.6114,2162
"2026-09-09 18:00:00","2026-09-10 09:00:00","CAPE","surface",-73.5142,16.6114,2162
"2026-09-09 18:00:00","2026-09-10 09:00:00","CAPE","surface",-73.4903,16.6114,2032
"2026-09-09 18:00:00","2026-09-10 09:00:00","CAPE","surface",-73.4664,16.6114,2025
"2026-09-09 18:00:00","2026-09-10 09:00:00","CAPE","surface",-73.4424,16.6114,2105
"2026-09-09 18:00:00","2026-09-10 09:00:00","CAPE","surface",-73.4185,16.6114,2171
"2026-09-09 18:00:00","2026-09-10 09:00:00","CAPE","surface",-73.3946,16.6114,2211
"2026-09-09 18:00:00","2026-09-10 09:00:00","CAPE","surface",-73.3707,16.6114,2211
"2026-09-09 18:00:00","2026-09-10 09:00:00","CAPE","surface",-73.3467,16.6114,2216
"2026-09-09 18:00:00","2026-09-10 09:00:00","CAPE","surface",-73.3228,16.6114,2148
"2026-09-09 18:00:00","2026-09-10 09:00:00","CAPE","surface",-73.2989,16.6114,2023
"2026-09-09 18:00:00","2026-09-10 09:00:00","CAPE","surface",-73.275,16.6114,2000
"2026-09-09 18:00:00","2026-09-10 09:00:00","CAPE","surface",-73.251,16.6114,1911
"2026-09-09 18:00:00","2026-09-10 09:00:00","CAPE","surface",-73.2271,16.6114,1885
"2026-09-09 18:00:00","2026-09-10 09:00:00","CAPE","surface",-73.2032,16.6114,1884
"2026-09-09 18:00:00","2026-09-10 09:00:00","CAPE","surface",-73.1793,16.6114,1884
"2026-09-09 18:00:00","2026-09-10 09:00:00","CAPE","surface",-73.1553,16.6114,1886
"2026-09-09 18:00:00","2026-09-10 09:00:00","CAPE","surface",-73.1314,16.6114,1973
"2026-09-09 18:00:00","2026-09-10 09:00:00","CAPE","surface",-73.1075,16.6114,1927
"2026-09-09 18:00:00","2026-09-10 09:00:00","CAPE","surface",-73.0836,16.6114,2051
"2026-09-09 18:00:00","2026-09-10 09:00:00","CAPE","surface",-73.0596,16.6114,1995
"2026-09-09 18:00:00","2026-09-10 09:00:00","CAPE","surface",-73.0357,16.6114,2113
"2026-09-09 18:00:00","2026-09-10 09:00:00","CAPE","surface",-73.0118,16.6114,2156
"2026-09-09 18:00:00","2026-09-10 09:00:00","CAPE","surface",-72.9879,16.6114,2325
"2026-09-09 18:00:00","2026-09-10 09:00:00","CAPE","surface",-72.9639,16.6114,2325
"2026-09-09 18:00:00","2026-09-10 09:00:00","CAPE","surface",-72.94,16.6114,2396
"2026-09-09 18:00:00","2026-09-10 09:00:00","CAPE","surface",-72.9161,16.6114,2400
"2026-09-09 18:00:00","2026-09-10 09:00:00","CAPE","surface",-72.8922,16.6114,2447
"2026-09-09 18:00:00","2026-09-10 09:00:00","CAPE","surface",-72.8682,16.6114,2445
"2026-09-09 18:00:00","2026-09-10 09:00:00","CAPE","surface",-72.8443,16.6114,2553
"2026-09-09 18:00:00","2026-09-10 09:00:00","CAPE","surface",-72.8204,16.6114,2473
"2026-09-09 18:00:00","2026-09-10 09:00:00","CAPE","surface",-72.7965,16.6114,2582
"2026-09-09 18:00:00","2026-09-10 09:00:00","CAPE","surface",-72.7725,16.6114,2618
"2026-09-09 18:00:00","2026-09-10 09:00:00","CAPE","surface",-72.7486,16.6114,2644
"2026-09-09 18:00:00","2026-09-10 09:00:00","CAPE","surface",-72.7247,16.6114,2716
"2026-09-09 18:00:00","2026-09-10 09:00:00","CAPE","surface",-72.7008,16.6114,2691
"2026-09-09 18:00:00","2026-09-10 09:00:00","CAPE","surface",-72.6768,16.6114,2821
"2026-09-09 18:00:00","2026-09-10 09:00:00","CAPE","surface",-72.6529,16.6114,2841
"2026-09-09 18:00:00","2026-09-10 09:00:00","CAPE","surface",-72.629,16.6114,2957
"2026-09-09 18:00:00","2026-09-10 09:00:00","CAPE","surface",-72.6051,16.6114,2991
"2026-09-09 18:00:00","2026-09-10 09:00:00","CAPE","surface",-72.5811,16.6114,3019
"2026-09-09 18:00:00","2026-09-10 09:00:00","CAPE","surface",-72.5572,16.6114,2976
"2026-09-09 18:00:00","2026-09-10 09:00:00","CAPE","surface",-72.5333,16.6114,3001
"2026-09-09 18:00:00","2026-09-10 09:00:00","CAPE","surface",-72.5094,16.6114,3008
"2026-09-09 18:00:00","2026-09-10 09:00:00","CAPE","surface",-72.4854,16.6114,2988
"2026-09-09 18:00:00","2026-09-10 09:00:00","CAPE","surface",-72.4615,16.6114,3064
"2026-09-09 18:00:00","2026-09-10 09:00:00","CAPE","surface",-72.4376,16.6114,3061
"2026-09-09 18:00:00","2026-09-10 09:00:00","CAPE","surface",-72.4137,16.6114,3069
"2026-09-09 18:00:00","2026-09-10 09:00:00","CAPE","surface",-72.3897,16.6114,3101
"2026-09-09 18:00:00","2026-09-10 09:00:00","CAPE","surface",-72.3658,16.6114,3043
"2026-09-09 18:00:00","2026-09-10 09:00:00","CAPE","surface",-72.3419,16.6114,3133
"2026-09-09 18:00:00","2026-09-10 09:00:00","CAPE","surface",-72.318,16.6114,3044
"2026-09-09 18:00:00","2026-09-10 09:00:00","CAPE","surface",-72.294,16.6114,2908
"2026-09-09 18:00:00","2026-09-10 09:00:00","CAPE","surface",-72.2701,16.6114,2908
"2026-09-09 18:00:00","2026-09-10 09:00:00","CAPE","surface",-72.2462,16.6114,2793
"2026-09-09 18:00:00","2026-09-10 09:00:00","CAPE","surface",-72.2223,16.6114,2891
"2026-09-09 18:00:00","2026-09-10 09:00:00","CAPE","surface",-72.1983,16.6114,2800
"2026-09-09 18:00:00","2026-09-10 09:00:00","CAPE","surface",-72.1744,16.6114,3029
"2026-09-09 18:00:00","2026-09-10 09:00:00","CAPE","surface",-72.1505,16.6114,2765
"2026-09-09 18:00:00","2026-09-10 09:00:00","CAPE","surface",-72.1266,16.6114,2983
"2026-09-09 18:00:00","2026-09-10 09:00:00","CAPE","surface",-72.1026,16.6114,2870
"2026-09-09 18:00:00","2026-09-10 09:00:00","CAPE","surface",-72.0787,16.6114,3088
"2026-09-09 18:00:00","2026-09-10 09:00:00","CAPE","surface",-72.0548,16.6114,2839
"2026-09-09 18:00:00","2026-09-10 09:00:00","CAPE","surface",-72.0309,16.6114,2643
"2026-09-09 18:00:00","2026-09-10 09:00:00","CAPE","surface",-72.0069,16.6114,2643
"2026-09-09 18:00:00","2026-09-10 09:00:00","CAPE","surface",-71.983,16.6114,2552
"2026-09-09 18:00:00","2026-09-10 09:00:00","CAPE","surface",-71.9591,16.6114,2656
"2026-09-09 18:00:00","2026-09-10 09:00:00","CAPE","surface",-71.9352,16.6114,2578
"2026-09-09 18:00:00","2026-09-10 09:00:00","CAPE","surface",-71.9112,16.6114,2707
"2026-09-09 18:00:00","2026-09-10 09:00:00","CAPE","surface",-71.8873,16.6114,2563
"2026-09-09 18:00:00","2026-09-10 09:00:00","CAPE","surface",-71.8634,16.6114,2653
"2026-09-09 18:00:00","2026-09-10 09:00:00","CAPE","surface",-71.8395,16.6114,2681
"2026-09-09 18:00:00","2026-09-10 09:00:00","CAPE","surface",-71.8155,16.6114,2808
"2026-09-09 18:00:00","2026-09-10 09:00:00","CAPE","surface",-71.7916,16.6114,2815
"2026-09-09 18:00:00","2026-09-10 09:00:00","CAPE","surface",-71.7677,16.6114,2748
"2026-09-09 18:00:00","2026-09-10 09:00:00","CAPE","surface",-71.7438,16.6114,2816
"2026-09-09 18:00:00","2026-09-10 09:00:00","CAPE","surface",-71.7198,16.6114,2787
"2026-09-09 18:00:00","2026-09-10 09:00:00","CAPE","surface",-71.6959,16.6114,2850
"2026-09-09 18:00:00","2026-09-10 09:00:00","CAPE","surface",-71.672,16.6114,2817
"2026-09-09 18:00:00","2026-09-10 09:00:00","CAPE","surface",-71.6481,16.6114,2846
"2026-09-09 18:00:00","2026-09-10 09:00:00","CAPE","surface",-71.6241,16.6114,2795
"2026-09-09 18:00:00","2026-09-10 09:00:00","CAPE","surface",-71.6002,16.6114,2798
"2026-09-09 18:00:00","2026-09-10 09:00:00","CAPE","surface",-71.5763,16.6114,2828
"2026-09-09 18:00:00","2026-09-10 09:00:00","CAPE","surface",-71.5524,16.6114,2816
"2026-09-09 18:00:00","2026-09-10 09:00:00","CAPE","surface",-71.5284,16.6114,2870
"2026-09-09 18:00:00","2026-09-10 09:00:00","CAPE","surface",-71.5045,16.6114,2933
"2026-09-09 18:00:00","2026-09-10 09:00:00","CAPE","surface",-71.4806,16.6114,2884
"2026-09-09 18:00:00","2026-09-10 09:00:00","CAPE","surface",-71.4567,16.6114,2878
"2026-09-09 18:00:00","2026-09-10 09:00:00","CAPE","surface",-71.4327,16.6114,2844
"2026-09-09 18:00:00","2026-09-10 09:00:00","CAPE","surface",-71.4088,16.6114,2947
"2026-09-09 18:00:00","2026-09-10 09:00:00","CAPE","surface",-71.3849,16.6114,2947
"2026-09-09 18:00:00","2026-09-10 09:00:00","CAPE","surface",-71.361,16.6114,3079
"2026-09-09 18:00:00","2026-09-10 09:00:00","CAPE","surface",-71.337,16.6114,3060
"2026-09-09 18:00:00","2026-09-10 09:00:00","CAPE","surface",-71.3131,16.6114,2978
"2026-09-09 18:00:00","2026-09-10 09:00:00","CAPE","surface",-71.2892,16.6114,1414
"2026-09-09 18:00:00","2026-09-10 09:00:00","CAPE","surface",-71.2653,16.6114,1414
"2026-09-09 18:00:00","2026-09-10 09:00:00","CAPE","surface",-71.2413,16.6114,171
"2026-09-09 18:00:00","2026-09-10 09:00:00","CAPE","surface",-71.2174,16.6114,357
"2026-09-09 18:00:00","2026-09-10 09:00:00","CAPE","surface",-71.1935,16.6114,231
"2026-09-09 18:00:00","2026-09-10 09:00:00","CAPE","surface",-71.1696,16.6114,499
"2026-09-09 18:00:00","2026-09-10 09:00:00","CAPE","surface",-71.1456,16.6114,640
"2026-09-09 18:00:00","2026-09-10 09:00:00","CAPE","surface",-71.1217,16.6114,640
"2026-09-09 18:00:00","2026-09-10 09:00:00","CAPE","surface",-71.0978,16.6114,1027
"2026-09-09 18:00:00","2026-09-10 09:00:00","CAPE","surface",-71.0739,16.6114,1490
"2026-09-09 18:00:00","2026-09-10 09:00:00","CAPE","surface",-71.0499,16.6114,2226
"2026-09-09 18:00:00","2026-09-10 09:00:00","CAPE","surface",-71.026,16.6114,2847
"2026-09-09 18:00:00","2026-09-10 09:00:00","CAPE","surface",-71.0021,16.6114,2847
"2026-09-09 18:00:00","2026-09-10 09:00:00","CAPE","surface",-70.9782,16.6114,2890
"2026-09-09 18:00:00","2026-09-10 09:00:00","CAPE","surface",-70.9542,16.6114,2843
"2026-09-09 18:00:00","2026-09-10 09:00:00","CAPE","surface",-70.9303,16.6114,2344
"2026-09-09 18:00:00","2026-09-10 09:00:00","CAPE","surface",-70.9064,16.6114,2665
"2026-09-09 18:00:00","2026-09-10 09:00:00","CAPE","surface",-70.8825,16.6114,1761
"2026-09-09 18:00:00","2026-09-10 09:00:00","CAPE","surface",-70.8585,16.6114,2604
"2026-09-09 18:00:00","2026-09-10 09:00:00","CAPE","surface",-70.8346,16.6114,2945
"2026-09-09 18:00:00","2026-09-10 09:00:00","CAPE","surface",-70.8107,16.6114,2768
"2026-09-09 18:00:00","2026-09-10 09:00:00","CAPE","surface",-70.7868,16.6114,2177
"2026-09-09 18:00:00","2026-09-10 09:00:00","CAPE","surface",-70.7628,16.6114,1775
"2026-09-09 18:00:00","2026-09-10 09:00:00","CAPE","surface",-70.7389,16.6114,1584
"2026-09-09 18:00:00","2026-09-10 09:00:00","CAPE","surface",-70.715,16.6114,754
"2026-09-09 18:00:00","2026-09-10 09:00:00","CAPE","surface",-70.6911,16.6114,408
"2026-09-09 18:00:00","2026-09-10 09:00:00","CAPE","surface",-70.6671,16.6114,91
"2026-09-09 18:00:00","2026-09-10 09:00:00","CAPE","surface",-70.6432,16.6114,91
"2026-09-09 18:00:00","2026-09-10 09:00:00","CAPE","surface",-70.6193,16.6114,66
"2026-09-09 18:00:00","2026-09-10 09:00:00","CAPE","surface",-70.5954,16.6114,114
"2026-09-09 18:00:00","2026-09-10 09:00:00","CAPE","surface",-70.5714,16.6114,258
"2026-09-09 18:00:00","2026-09-10 09:00:00","CAPE","surface",-70.5475,16.6114,692
"2026-09-09 18:00:00","2026-09-10 09:00:00","CAPE","surface",-70.5236,16.6114,692
"2026-09-09 18:00:00","2026-09-10 09:00:00","CAPE","surface",-70.4997,16.6114,1329
"2026-09-09 18:00:00","2026-09-10 09:00:00","CAPE","surface",-70.4757,16.6114,1614
"2026-09-09 18:00:00","2026-09-10 09:00:00","CAPE","surface",-70.4518,16.6114,2007
"2026-09-09 18:00:00","2026-09-10 09:00:00","CAPE","surface",-70.4279,16.6114,2255
"2026-09-09 18:00:00","2026-09-10 09:00:00","CAPE","surface",-70.404,16.6114,2255
"2026-09-09 18:00:00","2026-09-10 09:00:00","CAPE","surface",-70.38,16.6114,2481
"2026-09-09 18:00:00","2026-09-10 09:00:00","CAPE","surface",-70.3561,16.6114,2574
"2026-09-09 18:00:00","2026-09-10 09:00:00","CAPE","surface",-70.3322,16.6114,2736
"2026-09-09 18:00:00","2026-09-10 09:00:00","CAPE","surface",-70.3083,16.6114,2795
"2026-09-09 18:00:00","2026-09-10 09:00:00","CAPE","surface",-70.2843,16.6114,2976
"2026-09-09 18:00:00","2026-09-10 09:00:00","CAPE","surface",-70.2604,16.6114,3046
"2026-09-09 18:00:00","2026-09-10 09:00:00","CAPE","surface",-70.2365,16.6114,3321
"2026-09-09 18:00:00","2026-09-10 09:00:00","CAPE","surface",-70.2126,16.6114,3474
"2026-09-09 18:00:00","2026-09-10 09:00:00","CAPE","surface",-70.1886,16.6114,3355
"2026-09-09 18:00:00","2026-09-10 09:00:00","CAPE","surface",-70.1647,16.6114,3419
"2026-09-09 18:00:00","2026-09-10 09:00:00","CAPE","surface",-70.1408,16.6114,3295
"2026-09-09 18:00:00","2026-09-10 09:00:00","CAPE","surface",-70.1169,16.6114,3249
"2026-09-09 18:00:00","2026-09-10 09:00:00","CAPE","surface",-70.0929,16.6114,3209
"2026-09-09 18:00:00","2026-09-10 09:00:00","CAPE","surface",-70.069,16.6114,3259
"2026-09-09 18:00:00","2026-09-10 09:00:00","CAPE","surface",-70.0451,16.6114,3259
"2026-09-09 18:00:00","2026-09-10 09:00:00","CAPE","surface",-70.0212,16.6114,3224
"2026-09-09 18:00:00","2026-09-10 09:00:00","CAPE","surface",-69.9972,16.6114,3136
"2026-09-09 18:00:00","2026-09-10 09:00:00","CAPE","surface",-69.9733,16.6114,3279
"2026-09-09 18:00:00","2026-09-10 09:00:00","CAPE","surface",-69.9494,16.6114,3296
"2026-09-09 18:00:00","2026-09-10 09:00:00","CAPE","surface",-69.9255,16.6114,3296
"2026-09-09 18:00:00","2026-09-10 09:00:00","CAPE","surface",-69.9015,16.6114,3380
"2026-09-09 18:00:00","2026-09-10 09:00:00","CAPE","surface",-69.8776,16.6114,3500
"2026-09-09 18:00:00","2026-09-10 09:00:00","CAPE","surface",-69.8537,16.6114,3306
"2026-09-09 18:00:00","2026-09-10 09:00:00","CAPE","surface",-69.8298,16.6114,2507
"2026-09-09 18:00:00","2026-09-10 09:00:00","CAPE","surface",-69.8058,16.6114,2507
"2026-09-09 18:00:00","2026-09-10 09:00:00","CAPE","surface",-69.7819,16.6114,2000
"2026-09-09 18:00:00","2026-09-10 09:00:00","CAPE","surface",-69.758,16.6114,1971
"2026-09-09 18:00:00","2026-09-10 09:00:00","CAPE","surface",-69.7341,16.6114,1910
"2026-09-09 18:00:00","2026-09-10 09:00:00","CAPE","surface",-69.7101,16.6114,1910
"2026-09-09 18:00:00","2026-09-10 09:00:00","CAPE","surface",-69.6862,16.6114,1939
"2026-09-09 18:00:00","2026-09-10 09:00:00","CAPE","surface",-69.6623,16.6114,2003
"2026-09-09 18:00:00","2026-09-10 09:00:00","CAPE","surface",-69.6384,16.6114,1996
"2026-09-09 18:00:00","2026-09-10 09:00:00","CAPE","surface",-69.6144,16.6114,2061
"2026-09-09 18:00:00","2026-09-10 09:00:00","CAPE","surface",-69.5905,16.6114,2061
"2026-09-09 18:00:00","2026-09-10 09:00:00","CAPE","surface",-69.5666,16.6114,2225
"2026-09-09 18:00:00","2026-09-10 09:00:00","CAPE","surface",-69.5427,16.6114,2400
"2026-09-09 18:00:00","2026-09-10 09:00:00","CAPE","surface",-69.5187,16.6114,2608
"2026-09-09 18:00:00","2026-09-10 09:00:00","CAPE","surface",-69.4948,16.6114,2715
"2026-09-09 18:00:00","2026-09-10 09:00:00","CAPE","surface",-69.4709,16.6114,2702
"2026-09-09 18:00:00","2026-09-10 09:00:00","CAPE","surface",-69.447,16.6114,2821
"2026-09-09 18:00:00","2026-09-10 09:00:00","CAPE","surface",-69.423,16.6114,2956
"2026-09-09 18:00:00","2026-09-10 09:00:00","CAPE","surface",-69.3991,16.6114,2995
"2026-09-09 18:00:00","2026-09-10 09:00:00","CAPE","surface",-69.3752,16.6114,3070
"2026-09-09 18:00:00","2026-09-10 09:00:00","CAPE","surface",-69.3513,16.6114,3006
"2026-09-09 18:00:00","2026-09-10 09:00:00","CAPE","surface",-69.3273,16.6114,3058
"2026-09-09 18:00:00","2026-09-10 09:00:00","CAPE","surface",-69.3034,16.6114,3044
"2026-09-09 18:00:00","2026-09-10 09:00:00","CAPE","surface",-69.2795,16.6114,3066
"2026-09-09 18:00:00","2026-09-10 09:00:00","CAPE","surface",-69.2556,16.6114,3066
"2026-09-09 18:00:00","2026-09-10 09:00:00","CAPE","surface",-69.2316,16.6114,3069
"2026-09-09 18:00:00","2026-09-10 09:00:00","CAPE","surface",-69.2077,16.6114,3041
"2026-09-09 18:00:00","2026-09-10 09:00:00","CAPE","surface",-69.1838,16.6114,2947
"2026-09-09 18:00:00","2026-09-10 09:00:00","CAPE","surface",-69.1599,16.6114,2906
"2026-09-09 18:00:00","2026-09-10 09:00:00","CAPE","surface",-69.1359,16.6114,2904
"2026-09-09 18:00:00","2026-09-10 09:00:00","CAPE","surface",-69.112,16.6114,2896
"2026-09-09 18:00:00","2026-09-10 09:00:00","CAPE","surface",-69.0881,16.6114,2891
"2026-09-09 18:00:00","2026-09-10 09:00:00","CAPE","surface",-69.0642,16.6114,2818
"2026-09-09 18:00:00","2026-09-10 09:00:00","CAPE","surface",-69.0402,16.6114,2833
"2026-09-09 18:00:00","2026-09-10 09:00:00","CAPE","surface",-69.0163,16.6114,2740
"2026-09-09 18:00:00","2026-09-10 09:00:00","CAPE","surface",-68.9924,16.6114,2761
"2026-09-09 18:00:00","2026-09-10 09:00:00","CAPE","surface",-68.9685,16.6114,2657
"2026-09-09 18:00:00","2026-09-10 09:00:00","CAPE","surface",-68.9445,16.6114,2736
"2026-09-09 18:00:00","2026-09-10 09:00:00","CAPE","surface",-68.9206,16.6114,2527
"2026-09-09 18:00:00","2026-09-10 09:00:00","CAPE","surface",-68.8967,16.6114,2234
"2026-09-09 18:00:00","2026-09-10 09:00:00","CAPE","surface",-68.8728,16.6114,2243
"2026-09-09 18:00:00","2026-09-10 09:00:00","CAPE","surface",-68.8488,16.6114,2096
"2026-09-09 18:00:00","2026-09-10 09:00:00","CAPE","surface",-68.8249,16.6114,2191
"2026-09-09 18:00:00","2026-09-10 09:00:00","CAPE","surface",-68.801,16.6114,2213
"2026-09-09 18:00:00","2026-09-10 09:00:00","CAPE","surface",-68.7771,16.6114,2272
"2026-09-09 18:00:00","2026-09-10 09:00:00","CAPE","surface",-68.7531,16.6114,2381
"2026-09-09 18:00:00","2026-09-10 09:00:00","CAPE","surface",-68.7292,16.6114,2493
"2026-09-09 18:00:00","2026-09-10 09:00:00","CAPE","surface",-68.7053,16.6114,2456
"2026-09-09 18:00:00","2026-09-10 09:00:00","CAPE","surface",-68.6813,16.6114,2477
"2026-09-09 18:00:00","2026-09-10 09:00:00","CAPE","surface",-68.6574,16.6114,2434
"2026-09-09 18:00:00","2026-09-10 09:00:00","CAPE","surface",-68.6335,16.6114,2400
"2026-09-09 18:00:00","2026-09-10 09:00:00","CAPE","surface",-68.6096,16.6114,2396
"2026-09-09 18:00:00","2026-09-10 09:00:00","CAPE","surface",-68.5856,16.6114,2381
"2026-09-09 18:00:00","2026-09-10 09:00:00","CAPE","surface",-68.5617,16.6114,2364
"2026-09-09 18:00:00","2026-09-10 09:00:00","CAPE","surface",-68.5378,16.6114,2384
"2026-09-09 18:00:00","2026-09-10 09:00:00","CAPE","surface",-68.5139,16.6114,2363
"2026-09-09 18:00:00","2026-09-10 09:00:00","CAPE","surface",-68.4899,16.6114,2394
"2026-09-09 18:00:00","2026-09-10 09:00:00","CAPE","surface",-68.466,16.6114,2315
"2026-09-09 18:00:00","2026-09-10 09:00:00","CAPE","surface",-68.4421,16.6114,2333
"2026-09-09 18:00:00","2026-09-10 09:00:00","CAPE","surface",-68.4182,16.6114,2276
"2026-09-09 18:00:00","2026-09-10 09:00:00","CAPE","surface",-68.3942,16.6114,2282
"2026-09-09 18:00:00","2026-09-10 09:00:00","CAPE","surface",-68.3703,16.6114,2282
"2026-09-09 18:00:00","2026-09-10 09:00:00","CAPE","surface",-68.3464,16.6114,2388
"2026-09-09 18:00:00","2026-09-10 09:00:00","CAPE","surface",-68.3225,16.6114,2467
"2026-09-09 18:00:00","2026-09-10 09:00:00","CAPE","surface",-68.2985,16.6114,2582
"2026-09-09 18:00:00","2026-09-10 09:00:00","CAPE","surface",-68.2746,16.6114,2632
"2026-09-09 18:00:00","2026-09-10 09:00:00","CAPE","surface",-68.2507,16.6114,2632
"2026-09-09 18:00:00","2026-09-10 09:00:00","CAPE","surface",-68.2268,16.6114,2675
"2026-09-09 18:00:00","2026-09-10 09:00:00","CAPE","surface",-68.2028,16.6114,2683
"2026-09-09 18:00:00","2026-09-10 09:00:00","CAPE","surface",-68.1789,16.6114,2688
"2026-09-09 18:00:00","2026-09-10 09:00:00","CAPE","surface",-68.155,16.6114,2688
"2026-09-09 18:00:00","2026-09-10 09:00:00","CAPE","surface",-68.1311,16.6114,2715
"2026-09-09 18:00:00","2026-09-10 09:00:00","CAPE","surface",-68.1071,16.6114,2731
"2026-09-09 18:00:00","2026-09-10 09:00:00","CAPE","surface",-68.0832,16.6114,2746
"2026-09-09 18:00:00","2026-09-10 09:00:00","CAPE","surface",-68.0593,16.6114,2793
"2026-09-09 18:00:00","2026-09-10 09:00:00","CAPE","surface",-68.0354,16.6114,2793
"2026-09-09 18:00:00","2026-09-10 09:00:00","CAPE","surface",-68.0114,16.6114,2845
"2026-09-09 18:00:00","2026-09-10 09:00:00","CAPE","surface",-67.9875,16.6114,2878
"2026-09-09 18:00:00","2026-09-10 09:00:00","CAPE","surface",-67.9636,16.6114,2882
"2026-09-09 18:00:00","2026-09-10 09:00:00","CAPE","surface",-67.9397,16.6114,2883
"2026-09-09 18:00:00","2026-09-10 09:00:00","CAPE","surface",-67.9157,16.6114,2905
"2026-09-09 18:00:00","2026-09-10 09:00:00","CAPE","surface",-67.8918,16.6114,2940
"2026-09-09 18:00:00","2026-09-10 09:00:00","CAPE","surface",-67.8679,16.6114,2935
"2026-09-09 18:00:00","2026-09-10 09:00:00","CAPE","surface",-67.844,16.6114,2978
"2026-09-09 18:00:00","2026-09-10 09:00:00","CAPE","surface",-67.82,16.6114,2999
"2026-09-09 18:00:00","2026-09-10 09:00:00","CAPE","surface",-67.7961,16.6114,3064
"2026-09-09 18:00:00","2026-09-10 09:00:00","CAPE","surface",-67.7722,16.6114,3091
"2026-09-09 18:00:00","2026-09-10 09:00:00","CAPE","surface",-67.7483,16.6114,3047
"2026-09-09 18:00:00","2026-09-10 09:00:00","CAPE","surface",-67.7243,16.6114,3098
"2026-09-09 18:00:00","2026-09-10 09:00:00","CAPE","surface",-67.7004,16.6114,3002
"2026-09-09 18:00:00","2026-09-10 09:00:00","CAPE","surface",-67.6765,16.6114,2838
"2026-09-09 18:00:00","2026-09-10 09:00:00","CAPE","surface",-67.6526,16.6114,2575
"2026-09-09 18:00:00","2026-09-10 09:00:00","CAPE","surface",-67.6286,16.6114,2575
"2026-09-09 18:00:00","2026-09-10 09:00:00","CAPE","surface",-67.6047,16.6114,2312
"2026-09-09 18:00:00","2026-09-10 09:00:00","CAPE","surface",-67.5808,16.6114,1776
"2026-09-09 18:00:00","2026-09-10 09:00:00","CAPE","surface",-67.5569,16.6114,1821
"2026-09-09 18:00:00","2026-09-10 09:00:00","CAPE","surface",-67.5329,16.6114,1793
"2026-09-09 18:00:00","2026-09-10 09:00:00","CAPE","surface",-67.509,16.6114,1934
"2026-09-09 18:00:00","2026-09-10 09:00:00","CAPE","surface",-67.4851,16.6114,2068
"2026-09-09 18:00:00","2026-09-10 09:00:00","CAPE","surface",-67.4612,16.6114,2074
"2026-09-09 18:00:00","2026-09-10 09:00:00","CAPE","surface",-67.4372,16.6114,2352
"2026-09-09 18:00:00","2026-09-10 09:00:00","CAPE","surface",-67.4133,16.6114,2352
"2026-09-09 18:00:00","2026-09-10 09:00:00","CAPE","surface",-67.3894,16.6114,2608
"2026-09-09 18:00:00","2026-09-10 09:00:00","CAPE","surface",-67.3655,16.6114,2655
"2026-09-09 18:00:00","2026-09-10 09:00:00","CAPE","surface",-67.3415,16.6114,2802
"2026-09-09 18:00:00","2026-09-10 09:00:00","CAPE","surface",-67.3176,16.6114,2838
"2026-09-09 18:00:00","2026-09-10 09:00:00","CAPE","surface",-67.2937,16.6114,2866
"2026-09-09 18:00:00","2026-09-10 09:00:00","CAPE","surface",-67.2698,16.6114,3007
"2026-09-09 18:00:00","2026-09-10 09:00:00","CAPE","surface",-67.2458,16.6114,3023
"2026-09-09 18:00:00","2026-09-10 09:00:00","CAPE","surface",-67.2219,16.6114,3074
"2026-09-09 18:00:00","2026-09-10 09:00:00","CAPE","surface",-67.198,16.6114,3143
"2026-09-09 18:00:00","2026-09-10 09:00:00","CAPE","surface",-67.1741,16.6114,3154
"2026-09-09 18:00:00","2026-09-10 09:00:00","CAPE","surface",-67.1501,16.6114,3241
"2026-09-09 18:00:00","2026-09-10 09:00:00","CAPE","surface",-67.1262,16.6114,3282
"2026-09-09 18:00:00","2026-09-10 09:00:00","CAPE","surface",-67.1023,16.6114,3283
"2026-09-09 18:00:00","2026-09-10 09:00:00","CAPE","surface",-67.0784,16.6114,3257
"2026-09-09 18:00:00","2026-09-10 09:00:00","CAPE","surface",-67.0544,16.6114,3159
"2026-09-09 18:00:00","2026-09-10 09:00:00","CAPE","surface",-67.0305,16.6114,3158
"2026-09-09 18:00:00","2026-09-10 09:00:00","CAPE","surface",-67.0066,16.6114,3158
"2026-09-09 18:00:00","2026-09-10 09:00:00","CAPE","surface",-74.7822,16.6343,2378
"2026-09-09 18:00:00","2026-09-10 09:00:00","CAPE","surface",-74.7583,16.6343,2472
"2026-09-09 18:00:00","2026-09-10 09:00:00","CAPE","surface",-74.7344,16.6343,2537
"2026-09-09 18:00:00","2026-09-10 09:00:00","CAPE","surface",-74.7105,16.6343,2696
"2026-09-09 18:00:00","2026-09-10 09:00:00","CAPE","surface",-74.6865,16.6343,2836
"2026-09-09 18:00:00","2026-09-10 09:00:00","CAPE","surface",-74.6626,16.6343,2821
"2026-09-09 18:00:00","2026-09-10 09:00:00","CAPE","surface",-74.6387,16.6343,2821
"2026-09-09 18:00:00","2026-09-10 09:00:00","CAPE","surface",-74.6148,16.6343,2631
"2026-09-09 18:00:00","2026-09-10 09:00:00","CAPE","surface",-74.5908,16.6343,2677
"2026-09-09 18:00:00","2026-09-10 09:00:00","CAPE","surface",-74.5669,16.6343,2504
"2026-09-09 18:00:00","2026-09-10 09:00:00","CAPE","surface",-74.543,16.6343,2612
"2026-09-09 18:00:00","2026-09-10 09:00:00","CAPE","surface",-74.5191,16.6343,2547
"2026-09-09 18:00:00","2026-09-10 09:00:00","CAPE","surface",-74.4951,16.6343,2547
"2026-09-09 18:00:00","2026-09-10 09:00:00","CAPE","surface",-74.4712,16.6343,2541
"2026-09-09 18:00:00","2026-09-10 09:00:00","CAPE","surface",-74.4473,16.6343,2624
"2026-09-09 18:00:00","2026-09-10 09:00:00","CAPE","surface",-74.4234,16.6343,2713
"2026-09-09 18:00:00","2026-09-10 09:00:00","CAPE","surface",-74.3994,16.6343,2819
"2026-09-09 18:00:00","2026-09-10 09:00:00","CAPE","surface",-74.3755,16.6343,2879
"2026-09-09 18:00:00","2026-09-10 09:00:00","CAPE","surface",-74.3516,16.6343,2929
"2026-09-09 18:00:00","2026-09-10 09:00:00","CAPE","surface",-74.3277,16.6343,2746
"2026-09-09 18:00:00","2026-09-10 09:00:00","CAPE","surface",-74.3037,16.6343,2800
"2026-09-09 18:00:00","2026-09-10 09:00:00","CAPE","surface",-74.2798,16.6343,2515
"2026-09-09 18:00:00","2026-09-10 09:00:00","CAPE","surface",-74.2559,16.6343,2442
"2026-09-09 18:00:00","2026-09-10 09:00:00","CAPE","surface",-74.232,16.6343,2113
"2026-09-09 18:00:00","2026-09-10 09:00:00","CAPE","surface",-74.208,16.6343,2116
"2026-09-09 18:00:00","2026-09-10 09:00:00","CAPE","surface",-74.1841,16.6343,2116
"2026-09-09 18:00:00","2026-09-10 09:00:00","CAPE","surface",-74.1602,16.6343,2254
"2026-09-09 18:00:00","2026-09-10 09:00:00","CAPE","surface",-74.1363,16.6343,2227
"2026-09-09 18:00:00","2026-09-10 09:00:00","CAPE","surface",-74.1123,16.6343,2401
"2026-09-09 18:00:00","2026-09-10 09:00:00","CAPE","surface",-74.0884,16.6343,2429
"2026-09-09 18:00:00","2026-09-10 09:00:00","CAPE","surface",-74.0645,16.6343,2558
"2026-09-09 18:00:00","2026-09-10 09:00:00","CAPE","surface",-74.0406,16.6343,2558
"2026-09-09 18:00:00","2026-09-10 09:00:00","CAPE","surface",-74.0166,16.6343,2581
"2026-09-09 18:00:00","2026-09-10 09:00:00","CAPE","surface",-73.9927,16.6343,2591
"2026-09-09 18:00:00","2026-09-10 09:00:00","CAPE","surface",-73.9688,16.6343,2495
"2026-09-09 18:00:00","2026-09-10 09:00:00","CAPE","surface",-73.9449,16.6343,2454
"2026-09-09 18:00:00","2026-09-10 09:00:00","CAPE","surface",-73.9209,16.6343,2432
"2026-09-09 18:00:00","2026-09-10 09:00:00","CAPE","surface",-73.897,16.6343,2432
"2026-09-09 18:00:00","2026-09-10 09:00:00","CAPE","surface",-73.8731,16.6343,2459
"2026-09-09 18:00:00","2026-09-10 09:00:00","CAPE","surface",-73.8492,16.6343,2491
"2026-09-09 18:00:00","2026-09-10 09:00:00","CAPE","surface",-73.8252,16.6343,2453
"2026-09-09 18:00:00","2026-09-10 09:00:00","CAPE","surface",-73.8013,16.6343,2513
"2026-09-09 18:00:00","2026-09-10 09:00:00","CAPE","surface",-73.7774,16.6343,2533
"2026-09-09 18:00:00","2026-09-10 09:00:00","CAPE","surface",-73.7535,16.6343,2519
"2026-09-09 18:00:00","2026-09-10 09:00:00","CAPE","surface",-73.7295,16.6343,2584
"2026-09-09 18:00:00","2026-09-10 09:00:00","CAPE","surface",-73.7056,16.6343,2625
"2026-09-09 18:00:00","2026-09-10 09:00:00","CAPE","surface",-73.6817,16.6343,2693
"2026-09-09 18:00:00","2026-09-10 09:00:00","CAPE","surface",-73.6578,16.6343,2693
"2026-09-09 18:00:00","2026-09-10 09:00:00","CAPE","surface",-73.6338,16.6343,2746
"2026-09-09 18:00:00","2026-09-10 09:00:00","CAPE","surface",-73.6099,16.6343,2536
"2026-09-09 18:00:00","2026-09-10 09:00:00","CAPE","surface",-73.586,16.6343,2535
"2026-09-09 18:00:00","2026-09-10 09:00:00","CAPE","surface",-73.5621,16.6343,2364
"2026-09-09 18:00:00","2026-09-10 09:00:00","CAPE","surface",-73.5381,16.6343,2267
"2026-09-09 18:00:00","2026-09-10 09:00:00","CAPE","surface",-73.5142,16.6343,2099
"2026-09-09 18:00:00","2026-09-10 09:00:00","CAPE","surface",-73.4903,16.6343,2032
"2026-09-09 18:00:00","2026-09-10 09:00:00","CAPE","surface",-73.4664,16.6343,2119
"2026-09-09 18:00:00","2026-09-10 09:00:00","CAPE","surface",-73.4424,16.6343,2082
"2026-09-09 18:00:00","2026-09-10 09:00:00","CAPE","surface",-73.4185,16.6343,2198
"2026-09-09 18:00:00","2026-09-10 09:00:00","CAPE","surface",-73.3946,16.6343,2227
"2026-09-09 18:00:00","2026-09-10 09:00:00","CAPE","surface",-73.3707,16.6343,2230
"2026-09-09 18:00:00","2026-09-10 09:00:00","CAPE","surface",-73.3467,16.6343,2247
"2026-09-09 18:00:00","2026-09-10 09:00:00","CAPE","surface",-73.3228,16.6343,2247
"2026-09-09 18:00:00","2026-09-10 09:00:00","CAPE","surface",-73.2989,16.6343,2142
"2026-09-09 18:00:00","2026-09-10 09:00:00","CAPE","surface",-73.275,16.6343,1990
"2026-09-09 18:00:00","2026-09-10 09:00:00","CAPE","surface",-73.251,16.6343,1913
"2026-09-09 18:00:00","2026-09-10 09:00:00","CAPE","surface",-73.2271,16.6343,1885
"2026-09-09 18:00:00","2026-09-10 09:00:00","CAPE","surface",-73.2032,16.6343,1878
"2026-09-09 18:00:00","2026-09-10 09:00:00","CAPE","surface",-73.1793,16.6343,1878
"2026-09-09 18:00:00","2026-09-10 09:00:00","CAPE","surface",-73.1553,16.6343,2014
"2026-09-09 18:00:00","2026-09-10 09:00:00","CAPE","surface",-73.1314,16.6343,2005
"2026-09-09 18:00:00","2026-09-10 09:00:00","CAPE","surface",-73.1075,16.6343,2188
"2026-09-09 18:00:00","2026-09-10 09:00:00","CAPE","surface",-73.0836,16.6343,2051
"2026-09-09 18:00:00","2026-09-10 09:00:00","CAPE","surface",-73.0596,16.6343,2120
"2026-09-09 18:00:00","2026-09-10 09:00:00","CAPE","surface",-73.0357,16.6343,2219
"2026-09-09 18:00:00","2026-09-10 09:00:00","CAPE","surface",-73.0118,16.6343,2215
"2026-09-09 18:00:00","2026-09-10 09:00:00","CAPE","surface",-72.9879,16.6343,2369
"2026-09-09 18:00:00","2026-09-10 09:00:00","CAPE","surface",-72.9639,16.6343,2395
"2026-09-09 18:00:00","2026-09-10 09:00:00","CAPE","surface",-72.94,16.6343,2410
"2026-09-09 18:00:00","2026-09-10 09:00:00","CAPE","surface",-72.9161,16.6343,2411
"2026-09-09 18:00:00","2026-09-10 09:00:00","CAPE","surface",-72.8922,16.6343,2379
"2026-09-09 18:00:00","2026-09-10 09:00:00","CAPE","surface",-72.8682,16.6343,2388
"2026-09-09 18:00:00","2026-09-10 09:00:00","CAPE","surface",-72.8443,16.6343,2359
"2026-09-09 18:00:00","2026-09-10 09:00:00","CAPE","surface",-72.8204,16.6343,2473
"2026-09-09 18:00:00","2026-09-10 09:00:00","CAPE","surface",-72.7965,16.6343,2561
"2026-09-09 18:00:00","2026-09-10 09:00:00","CAPE","surface",-72.7725,16.6343,2561
"2026-09-09 18:00:00","2026-09-10 09:00:00","CAPE","surface",-72.7486,16.6343,2652
"2026-09-09 18:00:00","2026-09-10 09:00:00","CAPE","surface",-72.7247,16.6343,2768
"2026-09-09 18:00:00","2026-09-10 09:00:00","CAPE","surface",-72.7008,16.6343,2789
"2026-09-09 18:00:00","2026-09-10 09:00:00","CAPE","surface",-72.6768,16.6343,2851
"2026-09-09 18:00:00","2026-09-10 09:00:00","CAPE","surface",-72.6529,16.6343,2902
"2026-09-09 18:00:00","2026-09-10 09:00:00","CAPE","surface",-72.629,16.6343,2800
"2026-09-09 18:00:00","2026-09-10 09:00:00","CAPE","surface",-72.6051,16.6343,2905
"2026-09-09 18:00:00","2026-09-10 09:00:00","CAPE","surface",-72.5811,16.6343,2884
"2026-09-09 18:00:00","2026-09-10 09:00:00","CAPE","surface",-72.5572,16.6343,2976
"2026-09-09 18:00:00","2026-09-10 09:00:00","CAPE","surface",-72.5333,16.6343,2961
"2026-09-09 18:00:00","2026-09-10 09:00:00","CAPE","surface",-72.5094,16.6343,3008
"2026-09-09 18:00:00","2026-09-10 09:00:00","CAPE","surface",-72.4854,16.6343,2985
"2026-09-09 18:00:00","2026-09-10 09:00:00","CAPE","surface",-72.4615,16.6343,3049
"2026-09-09 18:00:00","2026-09-10 09:00:00","CAPE","surface",-72.4376,16.6343,3033
"2026-09-09 18:00:00","2026-09-10 09:00:00","CAPE","surface",-72.4137,16.6343,2893
"2026-09-09 18:00:00","2026-09-10 09:00:00","CAPE","surface",-72.3897,16.6343,2964
"2026-09-09 18:00:00","2026-09-10 09:00:00","CAPE","surface",-72.3658,16.6343,2770
"2026-09-09 18:00:00","2026-09-10 09:00:00","CAPE","surface",-72.3419,16.6343,2848
"2026-09-09 18:00:00","2026-09-10 09:00:00","CAPE","surface",-72.318,16.6343,2800
"2026-09-09 18:00:00","2026-09-10 09:00:00","CAPE","surface",-72.294,16.6343,2830
"2026-09-09 18:00:00","2026-09-10 09:00:00","CAPE","surface",-72.2701,16.6343,2757
"2026-09-09 18:00:00","2026-09-10 09:00:00","CAPE","surface",-72.2462,16.6343,2793
"2026-09-09 18:00:00","2026-09-10 09:00:00","CAPE","surface",-72.2223,16.6343,2649
"2026-09-09 18:00:00","2026-09-10 09:00:00","CAPE","surface",-72.1983,16.6343,2693
"2026-09-09 18:00:00","2026-09-10 09:00:00","CAPE","surface",-72.1744,16.6343,2654
"2026-09-09 18:00:00","2026-09-10 09:00:00","CAPE","surface",-72.1505,16.6343,2653
"2026-09-09 18:00:00","2026-09-10 09:00:00","CAPE","surface",-72.1266,16.6343,2700
"2026-09-09 18:00:00","2026-09-10 09:00:00","CAPE","surface",-72.1026,16.6343,2621
"2026-09-09 18:00:00","2026-09-10 09:00:00","CAPE","surface",-72.0787,16.6343,2616
"2026-09-09 18:00:00","2026-09-10 09:00:00","CAPE","surface",-72.0548,16.6343,2555
"2026-09-09 18:00:00","2026-09-10 09:00:00","CAPE","surface",-72.0309,16.6343,2574
"2026-09-09 18:00:00","2026-09-10 09:00:00","CAPE","surface",-72.0069,16.6343,2501
"2026-09-09 18:00:00","2026-09-10 09:00:00","CAPE","surface",-71.983,16.6343,2552
"2026-09-09 18:00:00","2026-09-10 09:00:00","CAPE","surface",-71.9591,16.6343,2498
"2026-09-09 18:00:00","2026-09-10 09:00:00","CAPE","surface",-71.9352,16.6343,2521
"2026-09-09 18:00:00","2026-09-10 09:00:00","CAPE","surface",-71.9112,16.6343,2513
"2026-09-09 18:00:00","2026-09-10 09:00:00","CAPE","surface",-71.8873,16.6343,2576
"2026-09-09 18:00:00","2026-09-10 09:00:00","CAPE","surface",-71.8634,16.6343,2610
"2026-09-09 18:00:00","2026-09-10 09:00:00","CAPE","surface",-71.8395,16.6343,2655
"2026-09-09 18:00:00","2026-09-10 09:00:00","CAPE","surface",-71.8155,16.6343,2673
"2026-09-09 18:00:00","2026-09-10 09:00:00","CAPE","surface",-71.7916,16.6343,2721
"2026-09-09 18:00:00","2026-09-10 09:00:00","CAPE","surface",-71.7677,16.6343,2748
"2026-09-09 18:00:00","2026-09-10 09:00:00","CAPE","surface",-71.7438,16.6343,2757
"2026-09-09 18:00:00","2026-09-10 09:00:00","CAPE","surface",-71.7198,16.6343,2757
"2026-09-09 18:00:00","2026-09-10 09:00:00","CAPE","surface",-71.6959,16.6343,2748
"2026-09-09 18:00:00","2026-09-10 09:00:00","CAPE","surface",-71.672,16.6343,2781
"2026-09-09 18:00:00","2026-09-10 09:00:00","CAPE","surface",-71.6481,16.6343,2777
"2026-09-09 18:00:00","2026-09-10 09:00:00","CAPE","surface",-71.6241,16.6343,2822
"2026-09-09 18:00:00","2026-09-10 09:00:00","CAPE","surface",-71.6002,16.6343,2833
"2026-09-09 18:00:00","2026-09-10 09:00:00","CAPE","surface",-71.5763,16.6343,2913
"2026-09-09 18:00:00","2026-09-10 09:00:00","CAPE","surface",-71.5524,16.6343,2919
"2026-09-09 18:00:00","2026-09-10 09:00:00","CAPE","surface",-71.5284,16.6343,2952
"2026-09-09 18:00:00","2026-09-10 09:00:00","CAPE","surface",-71.5045,16.6343,2933
"2026-09-09 18:00:00","2026-09-10 09:00:00","CAPE","surface",-71.4806,16.6343,2908
"2026-09-09 18:00:00","2026-09-10 09:00:00","CAPE","surface",-71.4567,16.6343,2908
"2026-09-09 18:00:00","2026-09-10 09:00:00","CAPE","surface",-71.4327,16.6343,2923
"2026-09-09 18:00:00","2026-09-10 09:00:00","CAPE","surface",-71.4088,16.6343,2996
"2026-09-09 18:00:00","2026-09-10 09:00:00","CAPE","surface",-71.3849,16.6343,3056
"2026-09-09 18:00:00","2026-09-10 09:00:00","CAPE","surface",-71.361,16.6343,3097
"2026-09-09 18:00:00","2026-09-10 09:00:00","CAPE","surface",-71.337,16.6343,3097
"2026-09-09 18:00:00","2026-09-10 09:00:00","CAPE","surface",-71.3131,16.6343,2121
"2026-09-09 18:00:00","2026-09-10 09:00:00","CAPE","surface",-71.2892,16.6343,1610
"2026-09-09 18:00:00","2026-09-10 09:00:00","CAPE","surface",-71.2653,16.6343,75
"2026-09-09 18:00:00","2026-09-10 09:00:00","CAPE","surface",-71.2413,16.6343,171
"2026-09-09 18:00:00","2026-09-10 09:00:00","CAPE","surface",-71.2174,16.6343,0
"2026-09-09 18:00:00","2026-09-10 09:00:00","CAPE","surface",-71.1935,16.6343,67
"2026-09-09 18:00:00","2026-09-10 09:00:00","CAPE","surface",-71.1696,16.6343,250
"2026-09-09 18:00:00","2026-09-10 09:00:00","CAPE","surface",-71.1456,16.6343,607
"2026-09-09 18:00:00","2026-09-10 09:00:00","CAPE","surface",-71.1217,16.6343,778
"2026-09-09 18:00:00","2026-09-10 09:00:00","CAPE","surface",-71.0978,16.6343,1398
"2026-09-09 18:00:00","2026-09-10 09:00:00","CAPE","surface",-71.0739,16.6343,1398
"2026-09-09 18:00:00","2026-09-10 09:00:00","CAPE","surface",-71.0499,16.6343,2085
"2026-09-09 18:00:00","2026-09-10 09:00:00","CAPE","surface",-71.026,16.6343,2403
"2026-09-09 18:00:00","2026-09-10 09:00:00","CAPE","surface",-71.0021,16.6343,2733
"2026-09-09 18:00:00","2026-09-10 09:00:00","CAPE","surface",-70.9782,16.6343,2890
"2026-09-09 18:00:00","2026-09-10 09:00:00","CAPE","surface",-70.9542,16.6343,2181
"2026-09-09 18:00:00","2026-09-10 09:00:00","CAPE","surface",-70.9303,16.6343,1179
"2026-09-09 18:00:00","2026-09-10 09:00:00","CAPE","surface",-70.9064,16.6343,1292
"2026-09-09 18:00:00","2026-09-10 09:00:00","CAPE","surface",-70.8825,16.6343,1350
"2026-09-09 18:00:00","2026-09-10 09:00:00","CAPE","surface",-70.8585,16.6343,2207
"2026-09-09 18:00:00","2026-09-10 09:00:00","CAPE","surface",-70.8346,16.6343,2195
"2026-09-09 18:00:00","2026-09-10 09:00:00","CAPE","surface",-70.8107,16.6343,2772
"2026-09-09 18:00:00","2026-09-10 09:00:00","CAPE","surface",-70.7868,16.6343,2253
"2026-09-09 18:00:00","2026-09-10 09:00:00","CAPE","surface",-70.7628,16.6343,1775
"2026-09-09 18:00:00","2026-09-10 09:00:00","CAPE","surface",-70.7389,16.6343,1078
"2026-09-09 18:00:00","2026-09-10 09:00:00","CAPE","surface",-70.715,16.6343,587
"2026-09-09 18:00:00","2026-09-10 09:00:00","CAPE","surface",-70.6911,16.6343,297
"2026-09-09 18:00:00","2026-09-10 09:00:00","CAPE","surface",-70.6671,16.6343,154
"2026-09-09 18:00:00","2026-09-10 09:00:00","CAPE","surface",-70.6432,16.6343,75
"2026-09-09 18:00:00","2026-09-10 09:00:00","CAPE","surface",-70.6193,16.6343,73
"2026-09-09 18:00:00","2026-09-10 09:00:00","CAPE","surface",-70.5954,16.6343,73
"2026-09-09 18:00:00","2026-09-10 09:00:00","CAPE","surface",-70.5714,16.6343,151
"2026-09-09 18:00:00","2026-09-10 09:00:00","CAPE","surface",-70.5475,16.6343,371
"2026-09-09 18:00:00","2026-09-10 09:00:00","CAPE","surface",-70.5236,16.6343,944
"2026-09-09 18:00:00","2026-09-10 09:00:00","CAPE","surface",-70.4997,16.6343,1664
"2026-09-09 18:00:00","2026-09-10 09:00:00","CAPE","surface",-70.4757,16.6343,1664
"2026-09-09 18:00:00","2026-09-10 09:00:00","CAPE","surface",-70.4518,16.6343,2057
"2026-09-09 18:00:00","2026-09-10 09:00:00","CAPE","surface",-70.4279,16.6343,2163
"2026-09-09 18:00:00","2026-09-10 09:00:00","CAPE","surface",-70.404,16.6343,2360
"2026-09-09 18:00:00","2026-09-10 09:00:00","CAPE","surface",-70.38,16.6343,2481
"2026-09-09 18:00:00","2026-09-10 09:00:00","CAPE","surface",-70.3561,16.6343,2605
"2026-09-09 18:00:00","2026-09-10 09:00:00","CAPE","surface",-70.3322,16.6343,2699
"2026-09-09 18:00:00","2026-09-10 09:00:00","CAPE","surface",-70.3083,16.6343,2922
"2026-09-09 18:00:00","2026-09-10 09:00:00","CAPE","surface",-70.2843,16.6343,3184
"2026-09-09 18:00:00","2026-09-10 09:00:00","CAPE","surface",-70.2604,16.6343,3261
"2026-09-09 18:00:00","2026-09-10 09:00:00","CAPE","surface",-70.2365,16.6343,3390
"2026-09-09 18:00:00","2026-09-10 09:00:00","CAPE","surface",-70.2126,16.6343,3468
"2026-09-09 18:00:00","2026-09-10 09:00:00","CAPE","surface",-70.1886,16.6343,3470
"2026-09-09 18:00:00","2026-09-10 09:00:00","CAPE","surface",-70.1647,16.6343,3419
"2026-09-09 18:00:00","2026-09-10 09:00:00","CAPE","surface",-70.1408,16.6343,3291
"2026-09-09 18:00:00","2026-09-10 09:00:00","CAPE","surface",-70.1169,16.6343,3109
"2026-09-09 18:00:00","2026-09-10 09:00:00","CAPE","surface",-70.0929,16.6343,3172
"2026-09-09 18:00:00","2026-09-10 09:00:00","CAPE","surface",-70.069,16.6343,3026
"2026-09-09 18:00:00","2026-09-10 09:00:00","CAPE","surface",-70.0451,16.6343,3127
"2026-09-09 18:00:00","2026-09-10 09:00:00","CAPE","surface",-70.0212,16.6343,2997
"2026-09-09 18:00:00","2026-09-10 09:00:00","CAPE","surface",-69.9972,16.6343,2997
"2026-09-09 18:00:00","2026-09-10 09:00:00","CAPE","surface",-69.9733,16.6343,2897
"2026-09-09 18:00:00","2026-09-10 09:00:00","CAPE","surface",-69.9494,16.6343,3090
"2026-09-09 18:00:00","2026-09-10 09:00:00","CAPE","surface",-69.9255,16.6343,3186
"2026-09-09 18:00:00","2026-09-10 09:00:00","CAPE","surface",-69.9015,16.6343,3365
"2026-09-09 18:00:00","2026-09-10 09:00:00","CAPE","surface",-69.8776,16.6343,3365
"2026-09-09 18:00:00","2026-09-10 09:00:00","CAPE","surface",-69.8537,16.6343,3250
"2026-09-09 18:00:00","2026-09-10 09:00:00","CAPE","surface",-69.8298,16.6343,2891
"2026-09-09 18:00:00","2026-09-10 09:00:00","CAPE","surface",-69.8058,16.6343,2162
"2026-09-09 18:00:00","2026-09-10 09:00:00","CAPE","surface",-69.7819,16.6343,2162
"2026-09-09 18:00:00","2026-09-10 09:00:00","CAPE","surface",-69.758,16.6343,1927
"2026-09-09 18:00:00","2026-09-10 09:00:00","CAPE","surface",-69.7341,16.6343,1889
"2026-09-09 18:00:00","2026-09-10 09:00:00","CAPE","surface",-69.7101,16.6343,1921
"2026-09-09 18:00:00","2026-09-10 09:00:00","CAPE","surface",-69.6862,16.6343,1940
"2026-09-09 18:00:00","2026-09-10 09:00:00","CAPE","surface",-69.6623,16.6343,1940
"2026-09-09 18:00:00","2026-09-10 09:00:00","CAPE","surface",-69.6384,16.6343,1964
"2026-09-09 18:00:00","2026-09-10 09:00:00","CAPE","surface",-69.6144,16.6343,1984
"2026-09-09 18:00:00","2026-09-10 09:00:00","CAPE","surface",-69.5905,16.6343,2088
"2026-09-09 18:00:00","2026-09-10 09:00:00","CAPE","surface",-69.5666,16.6343,2225
"2026-09-09 18:00:00","2026-09-10 09:00:00","CAPE","surface",-69.5427,16.6343,2300
"2026-09-09 18:00:00","2026-09-10 09:00:00","CAPE","surface",-69.5187,16.6343,2523
"2026-09-09 18:00:00","2026-09-10 09:00:00","CAPE","surface",-69.4948,16.6343,2626
"2026-09-09 18:00:00","2026-09-10 09:00:00","CAPE","surface",-69.4709,16.6343,2702
"2026-09-09 18:00:00","2026-09-10 09:00:00","CAPE","surface",-69.447,16.6343,2821
"2026-09-09 18:00:00","2026-09-10 09:00:00","CAPE","surface",-69.423,16.6343,2793
"2026-09-09 18:00:00","2026-09-10 09:00:00","CAPE","surface",-69.3991,16.6343,2892
"2026-09-09 18:00:00","2026-09-10 09:00:00","CAPE","surface",-69.3752,16.6343,2922
"2026-09-09 18:00:00","2026-09-10 09:00:00","CAPE","surface",-69.3513,16.6343,2948
"2026-09-09 18:00:00","2026-09-10 09:00:00","CAPE","surface",-69.3273,16.6343,3023
"2026-09-09 18:00:00","2026-09-10 09:00:00","CAPE","surface",-69.3034,16.6343,3004
"2026-09-09 18:00:00","2026-09-10 09:00:00","CAPE","surface",-69.2795,16.6343,3055
"2026-09-09 18:00:00","2026-09-10 09:00:00","CAPE","surface",-69.2556,16.6343,3069
"2026-09-09 18:00:00","2026-09-10 09:00:00","CAPE","surface",-69.2316,16.6343,3069
"2026-09-09 18:00:00","2026-09-10 09:00:00","CAPE","surface",-69.2077,16.6343,3009
"2026-09-09 18:00:00","2026-09-10 09:00:00","CAPE","surface",-69.1838,16.6343,2915
"2026-09-09 18:00:00","2026-09-10 09:00:00","CAPE","surface",-69.1599,16.6343,2919
"2026-09-09 18:00:00","2026-09-10 09:00:00","CAPE","surface",-69.1359,16.6343,2874
"2026-09-09 18:00:00","2026-09-10 09:00:00","CAPE","surface",-69.112,16.6343,2878
"2026-09-09 18:00:00","2026-09-10 09:00:00","CAPE","surface",-69.0881,16.6343,2793
"2026-09-09 18:00:00","2026-09-10 09:00:00","CAPE","surface",-69.0642,16.6343,2812
"2026-09-09 18:00:00","2026-09-10 09:00:00","CAPE","surface",-69.0402,16.6343,2731
"2026-09-09 18:00:00","2026-09-10 09:00:00","CAPE","surface",-69.0163,16.6343,2740
"2026-09-09 18:00:00","2026-09-10 09:00:00","CAPE","surface",-68.9924,16.6343,2623
"2026-09-09 18:00:00","2026-09-10 09:00:00","CAPE","surface",-68.9685,16.6343,2554
"2026-09-09 18:00:00","2026-09-10 09:00:00","CAPE","surface",-68.9445,16.6343,2511
"2026-09-09 18:00:00","2026-09-10 09:00:00","CAPE","surface",-68.9206,16.6343,2279
"2026-09-09 18:00:00","2026-09-10 09:00:00","CAPE","surface",-68.8967,16.6343,2234
"2026-09-09 18:00:00","2026-09-10 09:00:00","CAPE","surface",-68.8728,16.6343,2058
"2026-09-09 18:00:00","2026-09-10 09:00:00","CAPE","surface",-68.8488,16.6343,2038
"2026-09-09 18:00:00","2026-09-10 09:00:00","CAPE","surface",-68.8249,16.6343,2089
"2026-09-09 18:00:00","2026-09-10 09:00:00","CAPE","surface",-68.801,16.6343,2383
"2026-09-09 18:00:00","2026-09-10 09:00:00","CAPE","surface",-68.7771,16.6343,2403
"2026-09-09 18:00:00","2026-09-10 09:00:00","CAPE","surface",-68.7531,16.6343,2526
"2026-09-09 18:00:00","2026-09-10 09:00:00","CAPE","surface",-68.7292,16.6343,2515
"2026-09-09 18:00:00","2026-09-10 09:00:00","CAPE","surface",-68.7053,16.6343,2530
"2026-09-09 18:00:00","2026-09-10 09:00:00","CAPE","surface",-68.6813,16.6343,2477
"2026-09-09 18:00:00","2026-09-10 09:00:00","CAPE","surface",-68.6574,16.6343,2473
"2026-09-09 18:00:00","2026-09-10 09:00:00","CAPE","surface",-68.6335,16.6343,2385
"2026-09-09 18:00:00","2026-09-10 09:00:00","CAPE","surface",-68.6096,16.6343,2380
"2026-09-09 18:00:00","2026-09-10 09:00:00","CAPE","surface",-68.5856,16.6343,2349
"2026-09-09 18:00:00","2026-09-10 09:00:00","CAPE","surface",-68.5617,16.6343,2364
"2026-09-09 18:00:00","2026-09-10 09:00:00","CAPE","surface",-68.5378,16.6343,2342
"2026-09-09 18:00:00","2026-09-10 09:00:00","CAPE","surface",-68.5139,16.6343,2350
"2026-09-09 18:00:00","2026-09-10 09:00:00","CAPE","surface",-68.4899,16.6343,2312
"2026-09-09 18:00:00","2026-09-10 09:00:00","CAPE","surface",-68.466,16.6343,2263
"2026-09-09 18:00:00","2026-09-10 09:00:00","CAPE","surface",-68.4421,16.6343,2263
"2026-09-09 18:00:00","2026-09-10 09:00:00","CAPE","surface",-68.4182,16.6343,2229
"2026-09-09 18:00:00","2026-09-10 09:00:00","CAPE","surface",-68.3942,16.6343,2239
"2026-09-09 18:00:00","2026-09-10 09:00:00","CAPE","surface",-68.3703,16.6343,2311
"2026-09-09 18:00:00","2026-09-10 09:00:00","CAPE","surface",-68.3464,16.6343,2430
"2026-09-09 18:00:00","2026-09-10 09:00:00","CAPE","surface",-68.3225,16.6343,2430
"2026-09-09 18:00:00","2026-09-10 09:00:00","CAPE","surface",-68.2985,16.6343,2558
"2026-09-09 18:00:00","2026-09-10 09:00:00","CAPE","surface",-68.2746,16.6343,2607
"2026-09-09 18:00:00","2026-09-10 09:00:00","CAPE","surface",-68.2507,16.6343,2664
"2026-09-09 18:00:00","2026-09-10 09:00:00","CAPE","surface",-68.2268,16.6343,2664
"2026-09-09 18:00:00","2026-09-10 09:00:00","CAPE","surface",-68.2028,16.6343,2706
"2026-09-09 18:00:00","2026-09-10 09:00:00","CAPE","surface",-68.1789,16.6343,2710
"2026-09-09 18:00:00","2026-09-10 09:00:00","CAPE","surface",-68.155,16.6343,2709
"2026-09-09 18:00:00","2026-09-10 09:00:00","CAPE","surface",-68.1311,16.6343,2720
"2026-09-09 18:00:00","2026-09-10 09:00:00","CAPE","surface",-68.1071,16.6343,2720
"2026-09-09 18:00:00","2026-09-10 09:00:00","CAPE","surface",-68.0832,16.6343,2743
"2026-09-09 18:00:00","2026-09-10 09:00:00","CAPE","surface",-68.0593,16.6343,2760
"2026-09-09 18:00:00","2026-09-10 09:00:00","CAPE","surface",-68.0354,16.6343,2808
"2026-09-09 18:00:00","2026-09-10 09:00:00","CAPE","surface",-68.0114,16.6343,2820
"2026-09-09 18:00:00","2026-09-10 09:00:00","CAPE","surface",-67.9875,16.6343,2842
"2026-09-09 18:00:00","2026-09-10 09:00:00","CAPE","surface",-67.9636,16.6343,2857
"2026-09-09 18:00:00","2026-09-10 09:00:00","CAPE","surface",-67.9397,16.6343,2883
"2026-09-09 18:00:00","2026-09-10 09:00:00","CAPE","surface",-67.9157,16.6343,2929
"2026-09-09 18:00:00","2026-09-10 09:00:00","CAPE","surface",-67.8918,16.6343,2929
"2026-09-09 18:00:00","2026-09-10 09:00:00","CAPE","surface",-67.8679,16.6343,2964
"2026-09-09 18:00:00","2026-09-10 09:00:00","CAPE","surface",-67.844,16.6343,3010
"2026-09-09 18:00:00","2026-09-10 09:00:00","CAPE","surface",-67.82,16.6343,3046
"2026-09-09 18:00:00","2026-09-10 09:00:00","CAPE","surface",-67.7961,16.6343,3060
"2026-09-09 18:00:00","2026-09-10 09:00:00","CAPE","surface",-67.7722,16.6343,3089
"2026-09-09 18:00:00","2026-09-10 09:00:00","CAPE","surface",-67.7483,16.6343,3114
"2026-09-09 18:00:00","2026-09-10 09:00:00","CAPE","surface",-67.7243,16.6343,3098
"2026-09-09 18:00:00","2026-09-10 09:00:00","CAPE","surface",-67.7004,16.6343,3076
"2026-09-09 18:00:00","2026-09-10 09:00:00","CAPE","surface",-67.6765,16.6343,3154
"2026-09-09 18:00:00","2026-09-10 09:00:00","CAPE","surface",-67.6526,16.6343,2996
"2026-09-09 18:00:00","2026-09-10 09:00:00","CAPE","surface",-67.6286,16.6343,2875
"2026-09-09 18:00:00","2026-09-10 09:00:00","CAPE","surface",-67.6047,16.6343,2312
"2026-09-09 18:00:00","2026-09-10 09:00:00","CAPE","surface",-67.5808,16.6343,2681
"2026-09-09 18:00:00","2026-09-10 09:00:00","CAPE","surface",-67.5569,16.6343,2452
"2026-09-09 18:00:00","2026-09-10 09:00:00","CAPE","surface",-67.5329,16.6343,2038
"2026-09-09 18:00:00","2026-09-10 09:00:00","CAPE","surface",-67.509,16.6343,2112
"2026-09-09 18:00:00","2026-09-10 09:00:00","CAPE","surface",-67.4851,16.6343,2112
"2026-09-09 18:00:00","2026-09-10 09:00:00","CAPE","surface",-67.4612,16.6343,2282
"2026-09-09 18:00:00","2026-09-10 09:00:00","CAPE","surface",-67.4372,16.6343,2280
"2026-09-09 18:00:00","2026-09-10 09:00:00","CAPE","surface",-67.4133,16.6343,2536
"2026-09-09 18:00:00","2026-09-10 09:00:00","CAPE","surface",-67.3894,16.6343,2729
"2026-09-09 18:00:00","2026-09-10 09:00:00","CAPE","surface",-67.3655,16.6343,2729
"2026-09-09 18:00:00","2026-09-10 09:00:00","CAPE","surface",-67.3415,16.6343,2810
"2026-09-09 18:00:00","2026-09-10 09:00:00","CAPE","surface",-67.3176,16.6343,2838
"2026-09-09 18:00:00","2026-09-10 09:00:00","CAPE","surface",-67.2937,16.6343,2974
"2026-09-09 18:00:00","2026-09-10 09:00:00","CAPE","surface",-67.2698,16.6343,3101
"2026-09-09 18:00:00","2026-09-10 09:00:00","CAPE","surface",-67.2458,16.6343,3100
"2026-09-09 18:00:00","2026-09-10 09:00:00","CAPE","surface",-67.2219,16.6343,3164
"2026-09-09 18:00:00","2026-09-10 09:00:00","CAPE","surface",-67.198,16.6343,3143
"2026-09-09 18:00:00","2026-09-10 09:00:00","CAPE","surface",-67.1741,16.6343,3199
"2026-09-09 18:00:00","2026-09-10 09:00:00","CAPE","surface",-67.1501,16.6343,3212
"2026-09-09 18:00:00","2026-09-10 09:00:00","CAPE","surface",-67.1262,16.6343,3270
"2026-09-09 18:00:00","2026-09-10 09:00:00","CAPE","surface",-67.1023,16.6343,3202
"2026-09-09 18:00:00","2026-09-10 09:00:00","CAPE","surface",-67.0784,16.6343,3202
"2026-09-09 18:00:00","2026-09-10 09:00:00","CAPE","surface",-67.0544,16.6343,3196
"2026-09-09 18:00:00","2026-09-10 09:00:00","CAPE","surface",-67.0305,16.6343,3193
"2026-09-09 18:00:00","2026-09-10 09:00:00","CAPE","surface",-67.0066,16.6343,3158
"2026-09-09 18:00:00","2026-09-10 09:00:00","CAPE","surface",-74.7822,16.6572,2309
"2026-09-09 18:00:00","2026-09-10 09:00:00","CAPE","surface",-74.7583,16.6572,2385
"2026-09-09 18:00:00","2026-09-10 09:00:00","CAPE","surface",-74.7344,16.6572,2365
"2026-09-09 18:00:00","2026-09-10 09:00:00","CAPE","surface",-74.7105,16.6572,2516
"2026-09-09 18:00:00","2026-09-10 09:00:00","CAPE","surface",-74.6865,16.6572,2630
"2026-09-09 18:00:00","2026-09-10 09:00:00","CAPE","surface",-74.6626,16.6572,2758
"2026-09-09 18:00:00","2026-09-10 09:00:00","CAPE","surface",-74.6387,16.6572,2575
"2026-09-09 18:00:00","2026-09-10 09:00:00","CAPE","surface",-74.6148,16.6572,2631
"2026-09-09 18:00:00","2026-09-10 09:00:00","CAPE","surface",-74.5908,16.6572,2459
"2026-09-09 18:00:00","2026-09-10 09:00:00","CAPE","surface",-74.5669,16.6572,2459
"2026-09-09 18:00:00","2026-09-10 09:00:00","CAPE","surface",-74.543,16.6572,2404
"2026-09-09 18:00:00","2026-09-10 09:00:00","CAPE","surface",-74.5191,16.6572,2474
"2026-09-09 18:00:00","2026-09-10 09:00:00","CAPE","surface",-74.4951,16.6572,2494
"2026-09-09 18:00:00","2026-09-10 09:00:00","CAPE","surface",-74.4712,16.6572,2541
"2026-09-09 18:00:00","2026-09-10 09:00:00","CAPE","surface",-74.4473,16.6572,2599
"2026-09-09 18:00:00","2026-09-10 09:00:00","CAPE","surface",-74.4234,16.6572,2536
"2026-09-09 18:00:00","2026-09-10 09:00:00","CAPE","surface",-74.3994,16.6572,2639
"2026-09-09 18:00:00","2026-09-10 09:00:00","CAPE","surface",-74.3755,16.6572,2568
"2026-09-09 18:00:00","2026-09-10 09:00:00","CAPE","surface",-74.3516,16.6572,2649
"2026-09-09 18:00:00","2026-09-10 09:00:00","CAPE","surface",-74.3277,16.6572,2326
"2026-09-09 18:00:00","2026-09-10 09:00:00","CAPE","surface",-74.3037,16.6572,2428
"2026-09-09 18:00:00","2026-09-10 09:00:00","CAPE","surface",-74.2798,16.6572,2054
"2026-09-09 18:00:00","2026-09-10 09:00:00","CAPE","surface",-74.2559,16.6572,2119
"2026-09-09 18:00:00","2026-09-10 09:00:00","CAPE","surface",-74.232,16.6572,2115
"2026-09-09 18:00:00","2026-09-10 09:00:00","CAPE","surface",-74.208,16.6572,2156
"2026-09-09 18:00:00","2026-09-10 09:00:00","CAPE","surface",-74.1841,16.6572,2280
"2026-09-09 18:00:00","2026-09-10 09:00:00","CAPE","surface",-74.1602,16.6572,2254
"2026-09-09 18:00:00","2026-09-10 09:00:00","CAPE","surface",-74.1363,16.6572,2407
"2026-09-09 18:00:00","2026-09-10 09:00:00","CAPE","surface",-74.1123,16.6572,2399
"2026-09-09 18:00:00","2026-09-10 09:00:00","CAPE","surface",-74.0884,16.6572,2493
"2026-09-09 18:00:00","2026-09-10 09:00:00","CAPE","surface",-74.0645,16.6572,2523
"2026-09-09 18:00:00","2026-09-10 09:00:00","CAPE","surface",-74.0406,16.6572,2571
"2026-09-09 18:00:00","2026-09-10 09:00:00","CAPE","surface",-74.0166,16.6572,2581
"2026-09-09 18:00:00","2026-09-10 09:00:00","CAPE","surface",-73.9927,16.6572,2539
"2026-09-09 18:00:00","2026-09-10 09:00:00","CAPE","surface",-73.9688,16.6572,2458
"2026-09-09 18:00:00","2026-09-10 09:00:00","CAPE","surface",-73.9449,16.6572,2437
"2026-09-09 18:00:00","2026-09-10 09:00:00","CAPE","surface",-73.9209,16.6572,2392
"2026-09-09 18:00:00","2026-09-10 09:00:00","CAPE","surface",-73.897,16.6572,2422
"2026-09-09 18:00:00","2026-09-10 09:00:00","CAPE","surface",-73.8731,16.6572,2426
"2026-09-09 18:00:00","2026-09-10 09:00:00","CAPE","surface",-73.8492,16.6572,2431
"2026-09-09 18:00:00","2026-09-10 09:00:00","CAPE","surface",-73.8252,16.6572,2404
"2026-09-09 18:00:00","2026-09-10 09:00:00","CAPE","surface",-73.8013,16.6572,2415
"2026-09-09 18:00:00","2026-09-10 09:00:00","CAPE","surface",-73.7774,16.6572,2467
"2026-09-09 18:00:00","2026-09-10 09:00:00","CAPE","surface",-73.7535,16.6572,2519
"2026-09-09 18:00:00","2026-09-10 09:00:00","CAPE","surface",-73.7295,16.6572,2551
"2026-09-09 18:00:00","2026-09-10 09:00:00","CAPE","surface",-73.7056,16.6572,2625
"2026-09-09 18:00:00","2026-09-10 09:00:00","CAPE","surface",-73.6817,16.6572,2549
"2026-09-09 18:00:00","2026-09-10 09:00:00","CAPE","surface",-73.6578,16.6572,2628
"2026-09-09 18:00:00","2026-09-10 09:00:00","CAPE","surface",-73.6338,16.6572,2523
"2026-09-09 18:00:00","2026-09-10 09:00:00","CAPE","surface",-73.6099,16.6572,2536
"2026-09-09 18:00:00","2026-09-10 09:00:00","CAPE","surface",-73.586,16.6572,2428
"2026-09-09 18:00:00","2026-09-10 09:00:00","CAPE","surface",-73.5621,16.6572,2337
"2026-09-09 18:00:00","2026-09-10 09:00:00","CAPE","surface",-73.5381,16.6572,2337
"2026-09-09 18:00:00","2026-09-10 09:00:00","CAPE","surface",-73.5142,16.6572,2416
"2026-09-09 18:00:00","2026-09-10 09:00:00","CAPE","surface",-73.4903,16.6572,2234
"2026-09-09 18:00:00","2026-09-10 09:00:00","CAPE","surface",-73.4664,16.6572,2333
"2026-09-09 18:00:00","2026-09-10 09:00:00","CAPE","surface",-73.4424,16.6572,2221
"2026-09-09 18:00:00","2026-09-10 09:00:00","CAPE","surface",-73.4185,16.6572,2250
"2026-09-09 18:00:00","2026-09-10 09:00:00","CAPE","surface",-73.3946,16.6572,2250
"2026-09-09 18:00:00","2026-09-10 09:00:00","CAPE","surface",-73.3707,16.6572,2376
"2026-09-09 18:00:00","2026-09-10 09:00:00","CAPE","surface",-73.3467,16.6572,2331
"2026-09-09 18:00:00","2026-09-10 09:00:00","CAPE","surface",-73.3228,16.6572,2334
"2026-09-09 18:00:00","2026-09-10 09:00:00","CAPE","surface",-73.2989,16.6572,2142
"2026-09-09 18:00:00","2026-09-10 09:00:00","CAPE","surface",-73.275,16.6572,2041
"2026-09-09 18:00:00","2026-09-10 09:00:00","CAPE","surface",-73.251,16.6572,2041
"2026-09-09 18:00:00","2026-09-10 09:00:00","CAPE","surface",-73.2271,16.6572,2002
"2026-09-09 18:00:00","2026-09-10 09:00:00","CAPE","surface",-73.2032,16.6572,2129
"2026-09-09 18:00:00","2026-09-10 09:00:00","CAPE","surface",-73.1793,16.6572,2048
"2026-09-09 18:00:00","2026-09-10 09:00:00","CAPE","surface",-73.1553,16.6572,2440
"2026-09-09 18:00:00","2026-09-10 09:00:00","CAPE","surface",-73.1314,16.6572,2440
"2026-09-09 18:00:00","2026-09-10 09:00:00","CAPE","surface",-73.1075,16.6572,2583
"2026-09-09 18:00:00","2026-09-10 09:00:00","CAPE","surface",-73.0836,16.6572,2366
"2026-09-09 18:00:00","2026-09-10 09:00:00","CAPE","surface",-73.0596,16.6572,2275
"2026-09-09 18:00:00","2026-09-10 09:00:00","CAPE","surface",-73.0357,16.6572,2219
"2026-09-09 18:00:00","2026-09-10 09:00:00","CAPE","surface",-73.0118,16.6572,2352
"2026-09-09 18:00:00","2026-09-10 09:00:00","CAPE","surface",-72.9879,16.6572,2352
"2026-09-09 18:00:00","2026-09-10 09:00:00","CAPE","surface",-72.9639,16.6572,2494
"2026-09-09 18:00:00","2026-09-10 09:00:00","CAPE","surface",-72.94,16.6572,2451
"2026-09-09 18:00:00","2026-09-10 09:00:00","CAPE","surface",-72.9161,16.6572,2436
"2026-09-09 18:00:00","2026-09-10 09:00:00","CAPE","surface",-72.8922,16.6572,2366
"2026-09-09 18:00:00","2026-09-10 09:00:00","CAPE","surface",-72.8682,16.6572,2337
"2026-09-09 18:00:00","2026-09-10 09:00:00","CAPE","surface",-72.8443,16.6572,2404
"2026-09-09 18:00:00","2026-09-10 09:00:00","CAPE","surface",-72.8204,16.6572,2400
"2026-09-09 18:00:00","2026-09-10 09:00:00","CAPE","surface",-72.7965,16.6572,2566
"2026-09-09 18:00:00","2026-09-10 09:00:00","CAPE","surface",-72.7725,16.6572,2599
"2026-09-09 18:00:00","2026-09-10 09:00:00","CAPE","surface",-72.7486,16.6572,2733
"2026-09-09 18:00:00","2026-09-10 09:00:00","CAPE","surface",-72.7247,16.6572,2768
"2026-09-09 18:00:00","2026-09-10 09:00:00","CAPE","surface",-72.7008,16.6572,2792
"2026-09-09 18:00:00","2026-09-10 09:00:00","CAPE","surface",-72.6768,16.6572,2818
"2026-09-09 18:00:00","2026-09-10 09:00:00","CAPE","surface",-72.6529,16.6572,2740
"2026-09-09 18:00:00","2026-09-10 09:00:00","CAPE","surface",-72.629,16.6572,2800
"2026-09-09 18:00:00","2026-09-10 09:00:00","CAPE","surface",-72.6051,16.6572,2754
"2026-09-09 18:00:00","2026-09-10 09:00:00","CAPE","surface",-72.5811,16.6572,2632
"2026-09-09 18:00:00","2026-09-10 09:00:00","CAPE","surface",-72.5572,16.6572,2731
"2026-09-09 18:00:00","2026-09-10 09:00:00","CAPE","surface",-72.5333,16.6572,2743
"2026-09-09 18:00:00","2026-09-10 09:00:00","CAPE","surface",-72.5094,16.6572,2865
"2026-09-09 18:00:00","2026-09-10 09:00:00","CAPE","surface",-72.4854,16.6572,2862
"2026-09-09 18:00:00","2026-09-10 09:00:00","CAPE","surface",-72.4615,16.6572,2966
"2026-09-09 18:00:00","2026-09-10 09:00:00","CAPE","surface",-72.4376,16.6572,2757
"2026-09-09 18:00:00","2026-09-10 09:00:00","CAPE","surface",-72.4137,16.6572,2825
"2026-09-09 18:00:00","2026-09-10 09:00:00","CAPE","surface",-72.3897,16.6572,2704
"2026-09-09 18:00:00","2026-09-10 09:00:00","CAPE","surface",-72.3658,16.6572,2770
"2026-09-09 18:00:00","2026-09-10 09:00:00","CAPE","surface",-72.3419,16.6572,2764
"2026-09-09 18:00:00","2026-09-10 09:00:00","CAPE","surface",-72.318,16.6572,2764
"2026-09-09 18:00:00","2026-09-10 09:00:00","CAPE","surface",-72.294,16.6572,2734
"2026-09-09 18:00:00","2026-09-10 09:00:00","CAPE","surface",-72.2701,16.6572,2620
"2026-09-09 18:00:00","2026-09-10 09:00:00","CAPE","surface",-72.2462,16.6572,2631
"2026-09-09 18:00:00","2026-09-10 09:00:00","CAPE","surface",-72.2223,16.6572,2570
"2026-09-09 18:00:00","2026-09-10 09:00:00","CAPE","surface",-72.1983,16.6572,2603
"2026-09-09 18:00:00","2026-09-10 09:00:00","CAPE","surface",-72.1744,16.6572,2599
"2026-09-09 18:00:00","2026-09-10 09:00:00","CAPE","surface",-72.1505,16.6572,2632
"2026-09-09 18:00:00","2026-09-10 09:00:00","CAPE","surface",-72.1266,16.6572,2631
"2026-09-09 18:00:00","2026-09-10 09:00:00","CAPE","surface",-72.1026,16.6572,2621
"2026-09-09 18:00:00","2026-09-10 09:00:00","CAPE","surface",-72.0787,16.6572,2581
"2026-09-09 18:00:00","2026-09-10 09:00:00","CAPE","surface",-72.0548,16.6572,2581
"2026-09-09 18:00:00","2026-09-10 09:00:00","CAPE","surface",-72.0309,16.6572,2531
"2026-09-09 18:00:00","2026-09-10 09:00:00","CAPE","surface",-72.0069,16.6572,2494
"2026-09-09 18:00:00","2026-09-10 09:00:00","CAPE","surface",-71.983,16.6572,2494
"2026-09-09 18:00:00","2026-09-10 09:00:00","CAPE","surface",-71.9591,16.6572,2512
"2026-09-09 18:00:00","2026-09-10 09:00:00","CAPE","surface",-71.9352,16.6572,2513
"2026-09-09 18:00:00","2026-09-10 09:00:00","CAPE","surface",-71.9112,16.6572,2531
"2026-09-09 18:00:00","2026-09-10 09:00:00","CAPE","surface",-71.8873,16.6572,2550
"2026-09-09 18:00:00","2026-09-10 09:00:00","CAPE","surface",-71.8634,16.6572,2629
"2026-09-09 18:00:00","2026-09-10 09:00:00","CAPE","surface",-71.8395,16.6572,2655
"2026-09-09 18:00:00","2026-09-10 09:00:00","CAPE","surface",-71.8155,16.6572,2730
"2026-09-09 18:00:00","2026-09-10 09:00:00","CAPE","surface",-71.7916,16.6572,2730
"2026-09-09 18:00:00","2026-09-10 09:00:00","CAPE","surface",-71.7677,16.6572,2771
"2026-09-09 18:00:00","2026-09-10 09:00:00","CAPE","surface",-71.7438,16.6572,2767
"2026-09-09 18:00:00","2026-09-10 09:00:00","CAPE","surface",-71.7198,16.6572,2745
"2026-09-09 18:00:00","2026-09-10 09:00:00","CAPE","surface",-71.6959,16.6572,2738
"2026-09-09 18:00:00","2026-09-10 09:00:00","CAPE","surface",-71.672,16.6572,2753
"2026-09-09 18:00:00","2026-09-10 09:00:00","CAPE","surface",-71.6481,16.6572,2733
"2026-09-09 18:00:00","2026-09-10 09:00:00","CAPE","surface",-71.6241,16.6572,2768
"2026-09-09 18:00:00","2026-09-10 09:00:00","CAPE","surface",-71.6002,16.6572,2873
"2026-09-09 18:00:00","2026-09-10 09:00:00","CAPE","surface",-71.5763,16.6572,2913
"2026-09-09 18:00:00","2026-09-10 09:00:00","CAPE","surface",-71.5524,16.6572,2945
"2026-09-09 18:00:00","2026-09-10 09:00:00","CAPE","surface",-71.5284,16.6572,2945
"2026-09-09 18:00:00","2026-09-10 09:00:00","CAPE","surface",-71.5045,16.6572,2915
"2026-09-09 18:00:00","2026-09-10 09:00:00","CAPE","surface",-71.4806,16.6572,2829
"2026-09-09 18:00:00","2026-09-10 09:00:00","CAPE","surface",-71.4567,16.6572,2876
"2026-09-09 18:00:00","2026-09-10 09:00:00","CAPE","surface",-71.4327,16.6572,2924
"2026-09-09 18:00:00","2026-09-10 09:00:00","CAPE","surface",-71.4088,16.6572,2924
"2026-09-09 18:00:00","2026-09-10 09:00:00","CAPE","surface",-71.3849,16.6572,2986
"2026-09-09 18:00:00","2026-09-10 09:00:00","CAPE","surface",-71.361,16.6572,3065
"2026-09-09 18:00:00","2026-09-10 09:00:00","CAPE","surface",-71.337,16.6572,2752
"2026-09-09 18:00:00","2026-09-10 09:00:00","CAPE","surface",-71.3131,16.6572,2121
"2026-09-09 18:00:00","2026-09-10 09:00:00","CAPE","surface",-71.2892,16.6572,111
"2026-09-09 18:00:00","2026-09-10 09:00:00","CAPE","surface",-71.2653,16.6572,0
"2026-09-09 18:00:00","2026-09-10 09:00:00","CAPE","surface",-71.2413,16.6572,0
"2026-09-09 18:00:00","2026-09-10 09:00:00","CAPE","surface",-71.2174,16.6572,19
"2026-09-09 18:00:00","2026-09-10 09:00:00","CAPE","surface",-71.1935,16.6572,104
"2026-09-09 18:00:00","2026-09-10 09:00:00","CAPE","surface",-71.1696,16.6572,439
"2026-09-09 18:00:00","2026-09-10 09:00:00","CAPE","surface",-71.1456,16.6572,439
"2026-09-09 18:00:00","2026-09-10 09:00:00","CAPE","surface",-71.1217,16.6572,1045
"2026-09-09 18:00:00","2026-09-10 09:00:00","CAPE","surface",-71.0978,16.6572,1226
"2026-09-09 18:00:00","2026-09-10 09:00:00","CAPE","surface",-71.0739,16.6572,1892
"2026-09-09 18:00:00","2026-09-10 09:00:00","CAPE","surface",-71.0499,16.6572,2284
"2026-09-09 18:00:00","2026-09-10 09:00:00","CAPE","surface",-71.026,16.6572,2284
"2026-09-09 18:00:00","2026-09-10 09:00:00","CAPE","surface",-71.0021,16.6572,1969
"2026-09-09 18:00:00","2026-09-10 09:00:00","CAPE","surface",-70.9782,16.6572,2109
"2026-09-09 18:00:00","2026-09-10 09:00:00","CAPE","surface",-70.9542,16.6572,1178
"2026-09-09 18:00:00","2026-09-10 09:00:00","CAPE","surface",-70.9303,16.6572,1179
"2026-09-09 18:00:00","2026-09-10 09:00:00","CAPE","surface",-70.9064,16.6572,879
"2026-09-09 18:00:00","2026-09-10 09:00:00","CAPE","surface",-70.8825,16.6572,962
"2026-09-09 18:00:00","2026-09-10 09:00:00","CAPE","surface",-70.8585,16.6572,1521
"2026-09-09 18:00:00","2026-09-10 09:00:00","CAPE","surface",-70.8346,16.6572,2195
"2026-09-09 18:00:00","2026-09-10 09:00:00","CAPE","surface",-70.8107,16.6572,2510
"2026-09-09 18:00:00","2026-09-10 09:00:00","CAPE","surface",-70.7868,16.6572,2203
"2026-09-09 18:00:00","2026-09-10 09:00:00","CAPE","surface",-70.7628,16.6572,1810
"2026-09-09 18:00:00","2026-09-10 09:00:00","CAPE","surface",-70.7389,16.6572,1039
"2026-09-09 18:00:00","2026-09-10 09:00:00","CAPE","surface",-70.715,16.6572,587
"2026-09-09 18:00:00","2026-09-10 09:00:00","CAPE","surface",-70.6911,16.6572,271
"2026-09-09 18:00:00","2026-09-10 09:00:00","CAPE","surface",-70.6671,16.6572,271
"2026-09-09 18:00:00","2026-09-10 09:00:00","CAPE","surface",-70.6432,16.6572,180
"2026-09-09 18:00:00","2026-09-10 09:00:00","CAPE","surface",-70.6193,16.6572,81
"2026-09-09 18:00:00","2026-09-10 09:00:00","CAPE","surface",-70.5954,16.6572,99
"2026-09-09 18:00:00","2026-09-10 09:00:00","CAPE","surface",-70.5714,16.6572,238
"2026-09-09 18:00:00","2026-09-10 09:00:00","CAPE","surface",-70.5475,16.6572,238
"2026-09-09 18:00:00","2026-09-10 09:00:00","CAPE","surface",-70.5236,16.6572,595
"2026-09-09 18:00:00","2026-09-10 09:00:00","CAPE","surface",-70.4997,16.6572,1108
"2026-09-09 18:00:00","2026-09-10 09:00:00","CAPE","surface",-70.4757,16.6572,1737
"2026-09-09 18:00:00","2026-09-10 09:00:00","CAPE","surface",-70.4518,16.6572,2057
"2026-09-09 18:00:00","2026-09-10 09:00:00","CAPE","surface",-70.4279,16.6572,2067
"2026-09-09 18:00:00","2026-09-10 09:00:00","CAPE","surface",-70.404,16.6572,2271
"2026-09-09 18:00:00","2026-09-10 09:00:00","CAPE","surface",-70.38,16.6572,2406
"2026-09-09 18:00:00","2026-09-10 09:00:00","CAPE","surface",-70.3561,16.6572,2693
"2026-09-09 18:00:00","2026-09-10 09:00:00","CAPE","surface",-70.3322,16.6572,2873
"2026-09-09 18:00:00","2026-09-10 09:00:00","CAPE","surface",-70.3083,16.6572,3019
"2026-09-09 18:00:00","2026-09-10 09:00:00","CAPE","surface",-70.2843,16.6572,3136
"2026-09-09 18:00:00","2026-09-10 09:00:00","CAPE","surface",-70.2604,16.6572,3323
"2026-09-09 18:00:00","2026-09-10 09:00:00","CAPE","surface",-70.2365,16.6572,3390
"2026-09-09 18:00:00","2026-09-10 09:00:00","CAPE","surface",-70.2126,16.6572,3436
"2026-09-09 18:00:00","2026-09-10 09:00:00","CAPE","surface",-70.1886,16.6572,3111
"2026-09-09 18:00:00","2026-09-10 09:00:00","CAPE","surface",-70.1647,16.6572,3211
"2026-09-09 18:00:00","2026-09-10 09:00:00","CAPE","surface",-70.1408,16.6572,2956
"2026-09-09 18:00:00","2026-09-10 09:00:00","CAPE","surface",-70.1169,16.6572,3109
"2026-09-09 18:00:00","2026-09-10 09:00:00","CAPE","surface",-70.0929,16.6572,2924
"2026-09-09 18:00:00","2026-09-10 09:00:00","CAPE","surface",-70.069,16.6572,2924
"2026-09-09 18:00:00","2026-09-10 09:00:00","CAPE","surface",-70.0451,16.6572,2751
"2026-09-09 18:00:00","2026-09-10 09:00:00","CAPE","surface",-70.0212,16.6572,2868
"2026-09-09 18:00:00","2026-09-10 09:00:00","CAPE","surface",-69.9972,16.6572,2759
"2026-09-09 18:00:00","2026-09-10 09:00:00","CAPE","surface",-69.9733,16.6572,2800
"2026-09-09 18:00:00","2026-09-10 09:00:00","CAPE","surface",-69.9494,16.6572,2800
"2026-09-09 18:00:00","2026-09-10 09:00:00","CAPE","surface",-69.9255,16.6572,3030
"2026-09-09 18:00:00","2026-09-10 09:00:00","CAPE","surface",-69.9015,16.6572,3217
"2026-09-09 18:00:00","2026-09-10 09:00:00","CAPE","surface",-69.8776,16.6572,3394
"2026-09-09 18:00:00","2026-09-10 09:00:00","CAPE","surface",-69.8537,16.6572,3394
"2026-09-09 18:00:00","2026-09-10 09:00:00","CAPE","surface",-69.8298,16.6572,2951
"2026-09-09 18:00:00","2026-09-10 09:00:00","CAPE","surface",-69.8058,16.6572,2277
"2026-09-09 18:00:00","2026-09-10 09:00:00","CAPE","surface",-69.7819,16.6572,2044
"2026-09-09 18:00:00","2026-09-10 09:00:00","CAPE","surface",-69.758,16.6572,1953
"2026-09-09 18:00:00","2026-09-10 09:00:00","CAPE","surface",-69.7341,16.6572,1953
"2026-09-09 18:00:00","2026-09-10 09:00:00","CAPE","surface",-69.7101,16.6572,1994
"2026-09-09 18:00:00","2026-09-10 09:00:00","CAPE","surface",-69.6862,16.6572,1967
"2026-09-09 18:00:00","2026-09-10 09:00:00","CAPE","surface",-69.6623,16.6572,1995
"2026-09-09 18:00:00","2026-09-10 09:00:00","CAPE","surface",-69.6384,16.6572,1964
"2026-09-09 18:00:00","2026-09-10 09:00:00","CAPE","surface",-69.6144,16.6572,2070
"2026-09-09 18:00:00","2026-09-10 09:00:00","CAPE","surface",-69.5905,16.6572,2172
"2026-09-09 18:00:00","2026-09-10 09:00:00","CAPE","surface",-69.5666,16.6572,2191
"2026-09-09 18:00:00","2026-09-10 09:00:00","CAPE","surface",-69.5427,16.6572,2419
"2026-09-09 18:00:00","2026-09-10 09:00:00","CAPE","surface",-69.5187,16.6572,2523
"2026-09-09 18:00:00","2026-09-10 09:00:00","CAPE","surface",-69.4948,16.6572,2550
"2026-09-09 18:00:00","2026-09-10 09:00:00","CAPE","surface",-69.4709,16.6572,2621
"2026-09-09 18:00:00","2026-09-10 09:00:00","CAPE","surface",-69.447,16.6572,2712
"2026-09-09 18:00:00","2026-09-10 09:00:00","CAPE","surface",-69.423,16.6572,2737
"2026-09-09 18:00:00","2026-09-10 09:00:00","CAPE","surface",-69.3991,16.6572,2828
"2026-09-09 18:00:00","2026-09-10 09:00:00","CAPE","surface",-69.3752,16.6572,2787
"2026-09-09 18:00:00","2026-09-10 09:00:00","CAPE","surface",-69.3513,16.6572,2861
"2026-09-09 18:00:00","2026-09-10 09:00:00","CAPE","surface",-69.3273,16.6572,2897
"2026-09-09 18:00:00","2026-09-10 09:00:00","CAPE","surface",-69.3034,16.6572,3004
"2026-09-09 18:00:00","2026-09-10 09:00:00","CAPE","surface",-69.2795,16.6572,2991
"2026-09-09 18:00:00","2026-09-10 09:00:00","CAPE","surface",-69.2556,16.6572,2952
"2026-09-09 18:00:00","2026-09-10 09:00:00","CAPE","surface",-69.2316,16.6572,2981
"2026-09-09 18:00:00","2026-09-10 09:00:00","CAPE","surface",-69.2077,16.6572,2886
"2026-09-09 18:00:00","2026-09-10 09:00:00","CAPE","surface",-69.1838,16.6572,2915
"2026-09-09 18:00:00","2026-09-10 09:00:00","CAPE","surface",-69.1599,16.6572,2832
"2026-09-09 18:00:00","2026-09-10 09:00:00","CAPE","surface",-69.1359,16.6572,2860
"2026-09-09 18:00:00","2026-09-10 09:00:00","CAPE","surface",-69.112,16.6572,2769
"2026-09-09 18:00:00","2026-09-10 09:00:00","CAPE","surface",-69.0881,16.6572,2740
"2026-09-09 18:00:00","2026-09-10 09:00:00","CAPE","surface",-69.0642,16.6572,2738
"2026-09-09 18:00:00","2026-09-10 09:00:00","CAPE","surface",-69.0402,16.6572,2702
"2026-09-09 18:00:00","2026-09-10 09:00:00","CAPE","surface",-69.0163,16.6572,2674
"2026-09-09 18:00:00","2026-09-10 09:00:00","CAPE","surface",-68.9924,16.6572,2610
"2026-09-09 18:00:00","2026-09-10 09:00:00","CAPE","surface",-68.9685,16.6572,2554
"2026-09-09 18:00:00","2026-09-10 09:00:00","CAPE","surface",-68.9445,16.6572,2506
"2026-09-09 18:00:00","2026-09-10 09:00:00","CAPE","surface",-68.9206,16.6572,2387
"2026-09-09 18:00:00","2026-09-10 09:00:00","CAPE","surface",-68.8967,16.6572,2133
"2026-09-09 18:00:00","2026-09-10 09:00:00","CAPE","surface",-68.8728,16.6572,2003
"2026-09-09 18:00:00","2026-09-10 09:00:00","CAPE","surface",-68.8488,16.6572,2005
"2026-09-09 18:00:00","2026-09-10 09:00:00","CAPE","surface",-68.8249,16.6572,2143
"2026-09-09 18:00:00","2026-09-10 09:00:00","CAPE","surface",-68.801,16.6572,2251
"2026-09-09 18:00:00","2026-09-10 09:00:00","CAPE","surface",-68.7771,16.6572,2526
"2026-09-09 18:00:00","2026-09-10 09:00:00","CAPE","surface",-68.7531,16.6572,2526
"2026-09-09 18:00:00","2026-09-10 09:00:00","CAPE","surface",-68.7292,16.6572,2538
"2026-09-09 18:00:00","2026-09-10 09:00:00","CAPE","surface",-68.7053,16.6572,2541
"2026-09-09 18:00:00","2026-09-10 09:00:00","CAPE","surface",-68.6813,16.6572,2536
"2026-09-09 18:00:00","2026-09-10 09:00:00","CAPE","surface",-68.6574,16.6572,2450
"2026-09-09 18:00:00","2026-09-10 09:00:00","CAPE","surface",-68.6335,16.6572,2385
"2026-09-09 18:00:00","2026-09-10 09:00:00","CAPE","surface",-68.6096,16.6572,2354
"2026-09-09 18:00:00","2026-09-10 09:00:00","CAPE","surface",-68.5856,16.6572,2337
"2026-09-09 18:00:00","2026-09-10 09:00:00","CAPE","surface",-68.5617,16.6572,2332
"2026-09-09 18:00:00","2026-09-10 09:00:00","CAPE","surface",-68.5378,16.6572,2339
"2026-09-09 18:00:00","2026-09-10 09:00:00","CAPE","surface",-68.5139,16.6572,2325
"2026-09-09 18:00:00","2026-09-10 09:00:00","CAPE","surface",-68.4899,16.6572,2305
"2026-09-09 18:00:00","2026-09-10 09:00:00","CAPE","surface",-68.466,16.6572,2268
"2026-09-09 18:00:00","2026-09-10 09:00:00","CAPE","surface",-68.4421,16.6572,2229
"2026-09-09 18:00:00","2026-09-10 09:00:00","CAPE","surface",-68.4182,16.6572,2229
"2026-09-09 18:00:00","2026-09-10 09:00:00","CAPE","surface",-68.3942,16.6572,2201
"2026-09-09 18:00:00","2026-09-10 09:00:00","CAPE","surface",-68.3703,16.6572,2259
"2026-09-09 18:00:00","2026-09-10 09:00:00","CAPE","surface",-68.3464,16.6572,2342
"2026-09-09 18:00:00","2026-09-10 09:00:00","CAPE","surface",-68.3225,16.6572,2463
"2026-09-09 18:00:00","2026-09-10 09:00:00","CAPE","surface",-68.2985,16.6572,2558
"2026-09-09 18:00:00","2026-09-10 09:00:00","CAPE","surface",-68.2746,16.6572,2599
"2026-09-09 18:00:00","2026-09-10 09:00:00","CAPE","surface",-68.2507,16.6572,2690
"2026-09-09 18:00:00","2026-09-10 09:00:00","CAPE","surface",-68.2268,16.6572,2707
"2026-09-09 18:00:00","2026-09-10 09:00:00","CAPE","surface",-68.2028,16.6572,2722
"2026-09-09 18:00:00","2026-09-10 09:00:00","CAPE","surface",-68.1789,16.6572,2722
"2026-09-09 18:00:00","2026-09-10 09:00:00","CAPE","surface",-68.155,16.6572,2744
"2026-09-09 18:00:00","2026-09-10 09:00:00","CAPE","surface",-68.1311,16.6572,2726
"2026-09-09 18:00:00","2026-09-10 09:00:00","CAPE","surface",-68.1071,16.6572,2744
"2026-09-09 18:00:00","2026-09-10 09:00:00","CAPE","surface",-68.0832,16.6572,2796
"2026-09-09 18:00:00","2026-09-10 09:00:00","CAPE","surface",-68.0593,16.6572,2796
"2026-09-09 18:00:00","2026-09-10 09:00:00","CAPE","surface",-68.0354,16.6572,2808
"2026-09-09 18:00:00","2026-09-10 09:00:00","CAPE","surface",-68.0114,16.6572,2820
"2026-09-09 18:00:00","2026-09-10 09:00:00","CAPE","surface",-67.9875,16.6572,2838
"2026-09-09 18:00:00","2026-09-10 09:00:00","CAPE","surface",-67.9636,16.6572,2838
"2026-09-09 18:00:00","2026-09-10 09:00:00","CAPE","surface",-67.9397,16.6572,2865
"2026-09-09 18:00:00","2026-09-10 09:00:00","CAPE","surface",-67.9157,16.6572,2904
"2026-09-09 18:00:00","2026-09-10 09:00:00","CAPE","surface",-67.8918,16.6572,2943
"2026-09-09 18:00:00","2026-09-10 09:00:00","CAPE","surface",-67.8679,16.6572,2938
"2026-09-09 18:00:00","2026-09-10 09:00:00","CAPE","surface",-67.844,16.6572,2969
"2026-09-09 18:00:00","2026-09-10 09:00:00","CAPE","surface",-67.82,16.6572,3015
"2026-09-09 18:00:00","2026-09-10 09:00:00","CAPE","surface",-67.7961,16.6572,3060
"2026-09-09 18:00:00","2026-09-10 09:00:00","CAPE","surface",-67.7722,16.6572,3091
"2026-09-09 18:00:00","2026-09-10 09:00:00","CAPE","surface",-67.7483,16.6572,3058
"2026-09-09 18:00:00","2026-09-10 09:00:00","CAPE","surface",-67.7243,16.6572,3115
"2026-09-09 18:00:00","2026-09-10 09:00:00","CAPE","surface",-67.7004,16.6572,3153
"2026-09-09 18:00:00","2026-09-10 09:00:00","CAPE","surface",-67.6765,16.6572,3154
"2026-09-09 18:00:00","2026-09-10 09:00:00","CAPE","surface",-67.6526,16.6572,3212
"2026-09-09 18:00:00","2026-09-10 09:00:00","CAPE","surface",-67.6286,16.6572,3249
"2026-09-09 18:00:00","2026-09-10 09:00:00","CAPE","surface",-67.6047,16.6572,3105
"2026-09-09 18:00:00","2026-09-10 09:00:00","CAPE","surface",-67.5808,16.6572,2948
"2026-09-09 18:00:00","2026-09-10 09:00:00","CAPE","surface",-67.5569,16.6572,2948
"2026-09-09 18:00:00","2026-09-10 09:00:00","CAPE","surface",-67.5329,16.6572,2730
"2026-09-09 18:00:00","2026-09-10 09:00:00","CAPE","surface",-67.509,16.6572,2314
"2026-09-09 18:00:00","2026-09-10 09:00:00","CAPE","surface",-67.4851,16.6572,2388
"2026-09-09 18:00:00","2026-09-10 09:00:00","CAPE","surface",-67.4612,16.6572,2545
"2026-09-09 18:00:00","2026-09-10 09:00:00","CAPE","surface",-67.4372,16.6572,2545
"2026-09-09 18:00:00","2026-09-10 09:00:00","CAPE","surface",-67.4133,16.6572,2716
"2026-09-09 18:00:00","2026-09-10 09:00:00","CAPE","surface",-67.3894,16.6572,2700
"2026-09-09 18:00:00","2026-09-10 09:00:00","CAPE","surface",-67.3655,16.6572,2797
"2026-09-09 18:00:00","2026-09-10 09:00:00","CAPE","surface",-67.3415,16.6572,2797
"2026-09-09 18:00:00","2026-09-10 09:00:00","CAPE","surface",-67.3176,16.6572,2907
"2026-09-09 18:00:00","2026-09-10 09:00:00","CAPE","surface",-67.2937,16.6572,3088
"2026-09-09 18:00:00","2026-09-10 09:00:00","CAPE","surface",-67.2698,16.6572,3101
"2026-09-09 18:00:00","2026-09-10 09:00:00","CAPE","surface",-67.2458,16.6572,3222
"2026-09-09 18:00:00","2026-09-10 09:00:00","CAPE","surface",-67.2219,16.6572,3197
"2026-09-09 18:00:00","2026-09-10 09:00:00","CAPE","surface",-67.198,16.6572,3206
"2026-09-09 18:00:00","2026-09-10 09:00:00","CAPE","surface",-67.1741,16.6572,3234
"2026-09-09 18:00:00","2026-09-10 09:00:00","CAPE","surface",-67.1501,16.6572,3251
"2026-09-09 18:00:00","2026-09-10 09:00:00","CAPE","surface",-67.1262,16.6572,3203
"2026-09-09 18:00:00","2026-09-10 09:00:00","CAPE","surface",-67.1023,16.6572,3218
"2026-09-09 18:00:00","2026-09-10 09:00:00","CAPE","surface",-67.0784,16.6572,3194
"2026-09-09 18:00:00","2026-09-10 09:00:00","CAPE","surface",-67.0544,16.6572,3196
"2026-09-09 18:00:00","2026-09-10 09:00:00","CAPE","surface",-67.0305,16.6572,3177
"2026-09-09 18:00:00","2026-09-10 09:00:00","CAPE","surface",-67.0066,16.6572,3133
"2026-09-09 18:00:00","2026-09-10 09:00:00","CAPE","surface",-74.7822,16.6801,2290
"2026-09-09 18:00:00","2026-09-10 09:00:00","CAPE","surface",-74.7583,16.6801,2264
"2026-09-09 18:00:00","2026-09-10 09:00:00","CAPE","surface",-74.7344,16.6801,2389
"2026-09-09 18:00:00","2026-09-10 09:00:00","CAPE","surface",-74.7105,16.6801,2510
"2026-09-09 18:00:00","2026-09-10 09:00:00","CAPE","surface",-74.6865,16.6801,2466
"2026-09-09 18:00:00","2026-09-10 09:00:00","CAPE","surface",-74.6626,16.6801,2466
"2026-09-09 18:00:00","2026-09-10 09:00:00","CAPE","surface",-74.6387,16.6801,2393
"2026-09-09 18:00:00","2026-09-10 09:00:00","CAPE","surface",-74.6148,16.6801,2410
"2026-09-09 18:00:00","2026-09-10 09:00:00","CAPE","surface",-74.5908,16.6801,2357
"2026-09-09 18:00:00","2026-09-10 09:00:00","CAPE","surface",-74.5669,16.6801,2367
"2026-09-09 18:00:00","2026-09-10 09:00:00","CAPE","surface",-74.543,16.6801,2368
"2026-09-09 18:00:00","2026-09-10 09:00:00","CAPE","surface",-74.5191,16.6801,2368
"2026-09-09 18:00:00","2026-09-10 09:00:00","CAPE","surface",-74.4951,16.6801,2419
"2026-09-09 18:00:00","2026-09-10 09:00:00","CAPE","surface",-74.4712,16.6801,2481
"2026-09-09 18:00:00","2026-09-10 09:00:00","CAPE","surface",-74.4473,16.6801,2488
"2026-09-09 18:00:00","2026-09-10 09:00:00","CAPE","surface",-74.4234,16.6801,2536
"2026-09-09 18:00:00","2026-09-10 09:00:00","CAPE","surface",-74.3994,16.6801,2539
"2026-09-09 18:00:00","2026-09-10 09:00:00","CAPE","surface",-74.3755,16.6801,2568
"2026-09-09 18:00:00","2026-09-10 09:00:00","CAPE","surface",-74.3516,16.6801,2317
"2026-09-09 18:00:00","2026-09-10 09:00:00","CAPE","surface",-74.3277,16.6801,2261
"2026-09-09 18:00:00","2026-09-10 09:00:00","CAPE","surface",-74.3037,16.6801,2022
"2026-09-09 18:00:00","2026-09-10 09:00:00","CAPE","surface",-74.2798,16.6801,2054
"2026-09-09 18:00:00","2026-09-10 09:00:00","CAPE","surface",-74.2559,16.6801,2021
"2026-09-09 18:00:00","2026-09-10 09:00:00","CAPE","surface",-74.232,16.6801,2115
"2026-09-09 18:00:00","2026-09-10 09:00:00","CAPE","surface",-74.208,16.6801,2143
"2026-09-09 18:00:00","2026-09-10 09:00:00","CAPE","surface",-74.1841,16.6801,2336
"2026-09-09 18:00:00","2026-09-10 09:00:00","CAPE","surface",-74.1602,16.6801,2397
"2026-09-09 18:00:00","2026-09-10 09:00:00","CAPE","surface",-74.1363,16.6801,2475
"2026-09-09 18:00:00","2026-09-10 09:00:00","CAPE","surface",-74.1123,16.6801,2479
"2026-09-09 18:00:00","2026-09-10 09:00:00","CAPE","surface",-74.0884,16.6801,2509
"2026-09-09 18:00:00","2026-09-10 09:00:00","CAPE","surface",-74.0645,16.6801,2509
"2026-09-09 18:00:00","2026-09-10 09:00:00","CAPE","surface",-74.0406,16.6801,2538
"2026-09-09 18:00:00","2026-09-10 09:00:00","CAPE","surface",-74.0166,16.6801,2562
"2026-09-09 18:00:00","2026-09-10 09:00:00","CAPE","surface",-73.9927,16.6801,2476
"2026-09-09 18:00:00","2026-09-10 09:00:00","CAPE","surface",-73.9688,16.6801,2458
"2026-09-09 18:00:00","2026-09-10 09:00:00","CAPE","surface",-73.9449,16.6801,2374
"2026-09-09 18:00:00","2026-09-10 09:00:00","CAPE","surface",-73.9209,16.6801,2374
"2026-09-09 18:00:00","2026-09-10 09:00:00","CAPE","surface",-73.897,16.6801,2348
"2026-09-09 18:00:00","2026-09-10 09:00:00","CAPE","surface",-73.8731,16.6801,2400
"2026-09-09 18:00:00","2026-09-10 09:00:00","CAPE","surface",-73.8492,16.6801,2399
"2026-09-09 18:00:00","2026-09-10 09:00:00","CAPE","surface",-73.8252,16.6801,2404
"2026-09-09 18:00:00","2026-09-10 09:00:00","CAPE","surface",-73.8013,16.6801,2419
"2026-09-09 18:00:00","2026-09-10 09:00:00","CAPE","surface",-73.7774,16.6801,2386
"2026-09-09 18:00:00","2026-09-10 09:00:00","CAPE","surface",-73.7535,16.6801,2458
"2026-09-09 18:00:00","2026-09-10 09:00:00","CAPE","surface",-73.7295,16.6801,2445
"2026-09-09 18:00:00","2026-09-10 09:00:00","CAPE","surface",-73.7056,16.6801,2492
"2026-09-09 18:00:00","2026-09-10 09:00:00","CAPE","surface",-73.6817,16.6801,2444
"2026-09-09 18:00:00","2026-09-10 09:00:00","CAPE","surface",-73.6578,16.6801,2487
"2026-09-09 18:00:00","2026-09-10 09:00:00","CAPE","surface",-73.6338,16.6801,2413
"2026-09-09 18:00:00","2026-09-10 09:00:00","CAPE","surface",-73.6099,16.6801,2438
"2026-09-09 18:00:00","2026-09-10 09:00:00","CAPE","surface",-73.586,16.6801,2431
"2026-09-09 18:00:00","2026-09-10 09:00:00","CAPE","surface",-73.5621,16.6801,2419
"2026-09-09 18:00:00","2026-09-10 09:00:00","CAPE","surface",-73.5381,16.6801,2549
"2026-09-09 18:00:00","2026-09-10 09:00:00","CAPE","surface",-73.5142,16.6801,2416
"2026-09-09 18:00:00","2026-09-10 09:00:00","CAPE","surface",-73.4903,16.6801,2737
"2026-09-09 18:00:00","2026-09-10 09:00:00","CAPE","surface",-73.4664,16.6801,2571
"2026-09-09 18:00:00","2026-09-10 09:00:00","CAPE","surface",-73.4424,16.6801,2559
"2026-09-09 18:00:00","2026-09-10 09:00:00","CAPE","surface",-73.4185,16.6801,2339
"2026-09-09 18:00:00","2026-09-10 09:00:00","CAPE","surface",-73.3946,16.6801,2411
"2026-09-09 18:00:00","2026-09-10 09:00:00","CAPE","surface",-73.3707,16.6801,2581
"2026-09-09 18:00:00","2026-09-10 09:00:00","CAPE","surface",-73.3467,16.6801,2581
"2026-09-09 18:00:00","2026-09-10 09:00:00","CAPE","surface",-73.3228,16.6801,2670
"2026-09-09 18:00:00","2026-09-10 09:00:00","CAPE","surface",-73.2989,16.6801,2535
"2026-09-09 18:00:00","2026-09-10 09:00:00","CAPE","surface",-73.275,16.6801,2518
"2026-09-09 18:00:00","2026-09-10 09:00:00","CAPE","surface",-73.251,16.6801,2219
"2026-09-09 18:00:00","2026-09-10 09:00:00","CAPE","surface",-73.2271,16.6801,2279
"2026-09-09 18:00:00","2026-09-10 09:00:00","CAPE","surface",-73.2032,16.6801,2279
"2026-09-09 18:00:00","2026-09-10 09:00:00","CAPE","surface",-73.1793,16.6801,2573
"2026-09-09 18:00:00","2026-09-10 09:00:00","CAPE","surface",-73.1553,16.6801,2520
"2026-09-09 18:00:00","2026-09-10 09:00:00","CAPE","surface",-73.1314,16.6801,2732
"2026-09-09 18:00:00","2026-09-10 09:00:00","CAPE","surface",-73.1075,16.6801,2583
"2026-09-09 18:00:00","2026-09-10 09:00:00","CAPE","surface",-73.0836,16.6801,2448
"2026-09-09 18:00:00","2026-09-10 09:00:00","CAPE","surface",-73.0596,16.6801,2553
"2026-09-09 18:00:00","2026-09-10 09:00:00","CAPE","surface",-73.0357,16.6801,2428
"2026-09-09 18:00:00","2026-09-10 09:00:00","CAPE","surface",-73.0118,16.6801,2588
"2026-09-09 18:00:00","2026-09-10 09:00:00","CAPE","surface",-72.9879,16.6801,2540
"2026-09-09 18:00:00","2026-09-10 09:00:00","CAPE","surface",-72.9639,16.6801,2708
"2026-09-09 18:00:00","2026-09-10 09:00:00","CAPE","surface",-72.94,16.6801,2580
"2026-09-09 18:00:00","2026-09-10 09:00:00","CAPE","surface",-72.9161,16.6801,2755
"2026-09-09 18:00:00","2026-09-10 09:00:00","CAPE","surface",-72.8922,16.6801,2515
"2026-09-09 18:00:00","2026-09-10 09:00:00","CAPE","surface",-72.8682,16.6801,2500
"2026-09-09 18:00:00","2026-09-10 09:00:00","CAPE","surface",-72.8443,16.6801,2404
"2026-09-09 18:00:00","2026-09-10 09:00:00","CAPE","surface",-72.8204,16.6801,2576
"2026-09-09 18:00:00","2026-09-10 09:00:00","CAPE","surface",-72.7965,16.6801,2576
"2026-09-09 18:00:00","2026-09-10 09:00:00","CAPE","surface",-72.7725,16.6801,2738
"2026-09-09 18:00:00","2026-09-10 09:00:00","CAPE","surface",-72.7486,16.6801,2717
"2026-09-09 18:00:00","2026-09-10 09:00:00","CAPE","surface",-72.7247,16.6801,2796
"2026-09-09 18:00:00","2026-09-10 09:00:00","CAPE","surface",-72.7008,16.6801,2736
"2026-09-09 18:00:00","2026-09-10 09:00:00","CAPE","surface",-72.6768,16.6801,2716
"2026-09-09 18:00:00","2026-09-10 09:00:00","CAPE","surface",-72.6529,16.6801,2584
"2026-09-09 18:00:00","2026-09-10 09:00:00","CAPE","surface",-72.629,16.6801,2612
"2026-09-09 18:00:00","2026-09-10 09:00:00","CAPE","surface",-72.6051,16.6801,2590
"2026-09-09 18:00:00","2026-09-10 09:00:00","CAPE","surface",-72.5811,16.6801,2632
"2026-09-09 18:00:00","2026-09-10 09:00:00","CAPE","surface",-72.5572,16.6801,2670
"2026-09-09 18:00:00","2026-09-10 09:00:00","CAPE","surface",-72.5333,16.6801,2743
"2026-09-09 18:00:00","2026-09-10 09:00:00","CAPE","surface",-72.5094,16.6801,2710
"2026-09-09 18:00:00","2026-09-10 09:00:00","CAPE","surface",-72.4854,16.6801,2762
"2026-09-09 18:00:00","2026-09-10 09:00:00","CAPE","surface",-72.4615,16.6801,2708
"2026-09-09 18:00:00","2026-09-10 09:00:00","CAPE","surface",-72.4376,16.6801,2637
"2026-09-09 18:00:00","2026-09-10 09:00:00","CAPE","surface",-72.4137,16.6801,2663
"2026-09-09 18:00:00","2026-09-10 09:00:00","CAPE","surface",-72.3897,16.6801,2625
"2026-09-09 18:00:00","2026-09-10 09:00:00","CAPE","surface",-72.3658,16.6801,2654
"2026-09-09 18:00:00","2026-09-10 09:00:00","CAPE","surface",-72.3419,16.6801,2687
"2026-09-09 18:00:00","2026-09-10 09:00:00","CAPE","surface",-72.318,16.6801,2717
"2026-09-09 18:00:00","2026-09-10 09:00:00","CAPE","surface",-72.294,16.6801,2615
"2026-09-09 18:00:00","2026-09-10 09:00:00","CAPE","surface",-72.2701,16.6801,2620
"2026-09-09 18:00:00","2026-09-10 09:00:00","CAPE","surface",-72.2462,16.6801,2539
"2026-09-09 18:00:00","2026-09-10 09:00:00","CAPE","surface",-72.2223,16.6801,2547
"2026-09-09 18:00:00","2026-09-10 09:00:00","CAPE","surface",-72.1983,16.6801,2551
"2026-09-09 18:00:00","2026-09-10 09:00:00","CAPE","surface",-72.1744,16.6801,2599
"2026-09-09 18:00:00","2026-09-10 09:00:00","CAPE","surface",-72.1505,16.6801,2630
"2026-09-09 18:00:00","2026-09-10 09:00:00","CAPE","surface",-72.1266,16.6801,2606
"2026-09-09 18:00:00","2026-09-10 09:00:00","CAPE","surface",-72.1026,16.6801,2620
"2026-09-09 18:00:00","2026-09-10 09:00:00","CAPE","surface",-72.0787,16.6801,2593
"2026-09-09 18:00:00","2026-09-10 09:00:00","CAPE","surface",-72.0548,16.6801,2571
"2026-09-09 18:00:00","2026-09-10 09:00:00","CAPE","surface",-72.0309,16.6801,2506
"2026-09-09 18:00:00","2026-09-10 09:00:00","CAPE","surface",-72.0069,16.6801,2494
"2026-09-09 18:00:00","2026-09-10 09:00:00","CAPE","surface",-71.983,16.6801,2483
"2026-09-09 18:00:00","2026-09-10 09:00:00","CAPE","surface",-71.9591,16.6801,2502
"2026-09-09 18:00:00","2026-09-10 09:00:00","CAPE","surface",-71.9352,16.6801,2523
"2026-09-09 18:00:00","2026-09-10 09:00:00","CAPE","surface",-71.9112,16.6801,2531
"2026-09-09 18:00:00","2026-09-10 09:00:00","CAPE","surface",-71.8873,16.6801,2592
"2026-09-09 18:00:00","2026-09-10 09:00:00","CAPE","surface",-71.8634,16.6801,2685
"2026-09-09 18:00:00","2026-09-10 09:00:00","CAPE","surface",-71.8395,16.6801,2723
"2026-09-09 18:00:00","2026-09-10 09:00:00","CAPE","surface",-71.8155,16.6801,2840
"2026-09-09 18:00:00","2026-09-10 09:00:00","CAPE","surface",-71.7916,16.6801,2814
"2026-09-09 18:00:00","2026-09-10 09:00:00","CAPE","surface",-71.7677,16.6801,2793
"2026-09-09 18:00:00","2026-09-10 09:00:00","CAPE","surface",-71.7438,16.6801,2793
"2026-09-09 18:00:00","2026-09-10 09:00:00","CAPE","surface",-71.7198,16.6801,2746
"2026-09-09 18:00:00","2026-09-10 09:00:00","CAPE","surface",-71.6959,16.6801,2741
"2026-09-09 18:00:00","2026-09-10 09:00:00","CAPE","surface",-71.672,16.6801,2714
"2026-09-09 18:00:00","2026-09-10 09:00:00","CAPE","surface",-71.6481,16.6801,2733
"2026-09-09 18:00:00","2026-09-10 09:00:00","CAPE","surface",-71.6241,16.6801,2793
"2026-09-09 18:00:00","2026-09-10 09:00:00","CAPE","surface",-71.6002,16.6801,2799
"2026-09-09 18:00:00","2026-09-10 09:00:00","CAPE","surface",-71.5763,16.6801,2883
"2026-09-09 18:00:00","2026-09-10 09:00:00","CAPE","surface",-71.5524,16.6801,2896
"2026-09-09 18:00:00","2026-09-10 09:00:00","CAPE","surface",-71.5284,16.6801,2904
"2026-09-09 18:00:00","2026-09-10 09:00:00","CAPE","surface",-71.5045,16.6801,2817
"2026-09-09 18:00:00","2026-09-10 09:00:00","CAPE","surface",-71.4806,16.6801,2817
"2026-09-09 18:00:00","2026-09-10 09:00:00","CAPE","surface",-71.4567,16.6801,2774
"2026-09-09 18:00:00","2026-09-10 09:00:00","CAPE","surface",-71.4327,16.6801,2836
"2026-09-09 18:00:00","2026-09-10 09:00:00","CAPE","surface",-71.4088,16.6801,2906
"2026-09-09 18:00:00","2026-09-10 09:00:00","CAPE","surface",-71.3849,16.6801,3000
"2026-09-09 18:00:00","2026-09-10 09:00:00","CAPE","surface",-71.361,16.6801,3000
"2026-09-09 18:00:00","2026-09-10 09:00:00","CAPE","surface",-71.337,16.6801,1745
"2026-09-09 18:00:00","2026-09-10 09:00:00","CAPE","surface",-71.3131,16.6801,454
"2026-09-09 18:00:00","2026-09-10 09:00:00","CAPE","surface",-71.2892,16.6801,0
"2026-09-09 18:00:00","2026-09-10 09:00:00","CAPE","surface",-71.2653,16.6801,0
"2026-09-09 18:00:00","2026-09-10 09:00:00","CAPE","surface",-71.2413,16.6801,0
"2026-09-09 18:00:00","2026-09-10 09:00:00","CAPE","surface",-71.2174,16.6801,0
"2026-09-09 18:00:00","2026-09-10 09:00:00","CAPE","surface",-71.1935,16.6801,131
"2026-09-09 18:00:00","2026-09-10 09:00:00","CAPE","surface",-71.1696,16.6801,271
"2026-09-09 18:00:00","2026-09-10 09:00:00","CAPE","surface",-71.1456,16.6801,779
"2026-09-09 18:00:00","2026-09-10 09:00:00","CAPE","surface",-71.1217,16.6801,1502
"2026-09-09 18:00:00","2026-09-10 09:00:00","CAPE","surface",-71.0978,16.6801,1502
"2026-09-09 18:00:00","2026-09-10 09:00:00","CAPE","surface",-71.0739,16.6801,1869
"2026-09-09 18:00:00","2026-09-10 09:00:00","CAPE","surface",-71.0499,16.6801,2066
"2026-09-09 18:00:00","2026-09-10 09:00:00","CAPE","surface",-71.026,16.6801,1769
"2026-09-09 18:00:00","2026-09-10 09:00:00","CAPE","surface",-71.0021,16.6801,1969
"2026-09-09 18:00:00","2026-09-10 09:00:00","CAPE","surface",-70.9782,16.6801,1105
"2026-09-09 18:00:00","2026-09-10 09:00:00","CAPE","surface",-70.9542,16.6801,1175
"2026-09-09 18:00:00","2026-09-10 09:00:00","CAPE","surface",-70.9303,16.6801,885
"2026-09-09 18:00:00","2026-09-10 09:00:00","CAPE","surface",-70.9064,16.6801,907
"2026-09-09 18:00:00","2026-09-10 09:00:00","CAPE","surface",-70.8825,16.6801,1071
"2026-09-09 18:00:00","2026-09-10 09:00:00","CAPE","surface",-70.8585,16.6801,1512
"2026-09-09 18:00:00","2026-09-10 09:00:00","CAPE","surface",-70.8346,16.6801,2154
"2026-09-09 18:00:00","2026-09-10 09:00:00","CAPE","surface",-70.8107,16.6801,2546
"2026-09-09 18:00:00","2026-09-10 09:00:00","CAPE","surface",-70.7868,16.6801,2203
"2026-09-09 18:00:00","2026-09-10 09:00:00","CAPE","surface",-70.7628,16.6801,1511
"2026-09-09 18:00:00","2026-09-10 09:00:00","CAPE","surface",-70.7389,16.6801,1511
"2026-09-09 18:00:00","2026-09-10 09:00:00","CAPE","surface",-70.715,16.6801,775
"2026-09-09 18:00:00","2026-09-10 09:00:00","CAPE","surface",-70.6911,16.6801,455
"2026-09-09 18:00:00","2026-09-10 09:00:00","CAPE","surface",-70.6671,16.6801,317
"2026-09-09 18:00:00","2026-09-10 09:00:00","CAPE","surface",-70.6432,16.6801,227
"2026-09-09 18:00:00","2026-09-10 09:00:00","CAPE","surface",-70.6193,16.6801,227
"2026-09-09 18:00:00","2026-09-10 09:00:00","CAPE","surface",-70.5954,16.6801,205
"2026-09-09 18:00:00","2026-09-10 09:00:00","CAPE","surface",-70.5714,16.6801,162
"2026-09-09 18:00:00","2026-09-10 09:00:00","CAPE","surface",-70.5475,16.6801,349
"2026-09-09 18:00:00","2026-09-10 09:00:00","CAPE","surface",-70.5236,16.6801,595
"2026-09-09 18:00:00","2026-09-10 09:00:00","CAPE","surface",-70.4997,16.6801,669
"2026-09-09 18:00:00","2026-09-10 09:00:00","CAPE","surface",-70.4757,16.6801,1057
"2026-09-09 18:00:00","2026-09-10 09:00:00","CAPE","surface",-70.4518,16.6801,1612
"2026-09-09 18:00:00","2026-09-10 09:00:00","CAPE","surface",-70.4279,16.6801,1902
"2026-09-09 18:00:00","2026-09-10 09:00:00","CAPE","surface",-70.404,16.6801,2271
"2026-09-09 18:00:00","2026-09-10 09:00:00","CAPE","surface",-70.38,16.6801,2145
"2026-09-09 18:00:00","2026-09-10 09:00:00","CAPE","surface",-70.3561,16.6801,2480
"2026-09-09 18:00:00","2026-09-10 09:00:00","CAPE","surface",-70.3322,16.6801,2788
"2026-09-09 18:00:00","2026-09-10 09:00:00","CAPE","surface",-70.3083,16.6801,3019
"2026-09-09 18:00:00","2026-09-10 09:00:00","CAPE","surface",-70.2843,16.6801,3278
"2026-09-09 18:00:00","2026-09-10 09:00:00","CAPE","surface",-70.2604,16.6801,3261
"2026-09-09 18:00:00","2026-09-10 09:00:00","CAPE","surface",-70.2365,16.6801,3285
"2026-09-09 18:00:00","2026-09-10 09:00:00","CAPE","surface",-70.2126,16.6801,3023
"2026-09-09 18:00:00","2026-09-10 09:00:00","CAPE","surface",-70.1886,16.6801,3111
"2026-09-09 18:00:00","2026-09-10 09:00:00","CAPE","surface",-70.1647,16.6801,2800
"2026-09-09 18:00:00","2026-09-10 09:00:00","CAPE","surface",-70.1408,16.6801,2800
"2026-09-09 18:00:00","2026-09-10 09:00:00","CAPE","surface",-70.1169,16.6801,2627
"2026-09-09 18:00:00","2026-09-10 09:00:00","CAPE","surface",-70.0929,16.6801,2548
"2026-09-09 18:00:00","2026-09-10 09:00:00","CAPE","surface",-70.069,16.6801,2627
"2026-09-09 18:00:00","2026-09-10 09:00:00","CAPE","surface",-70.0451,16.6801,2591
"2026-09-09 18:00:00","2026-09-10 09:00:00","CAPE","surface",-70.0212,16.6801,2591
"2026-09-09 18:00:00","2026-09-10 09:00:00","CAPE","surface",-69.9972,16.6801,2616
"2026-09-09 18:00:00","2026-09-10 09:00:00","CAPE","surface",-69.9733,16.6801,2687
"2026-09-09 18:00:00","2026-09-10 09:00:00","CAPE","surface",-69.9494,16.6801,2874
"2026-09-09 18:00:00","2026-09-10 09:00:00","CAPE","surface",-69.9255,16.6801,3030
"2026-09-09 18:00:00","2026-09-10 09:00:00","CAPE","surface",-69.9015,16.6801,3174
"2026-09-09 18:00:00","2026-09-10 09:00:00","CAPE","surface",-69.8776,16.6801,3284
"2026-09-09 18:00:00","2026-09-10 09:00:00","CAPE","surface",-69.8537,16.6801,3236
"2026-09-09 18:00:00","2026-09-10 09:00:00","CAPE","surface",-69.8298,16.6801,2630
"2026-09-09 18:00:00","2026-09-10 09:00:00","CAPE","surface",-69.8058,16.6801,2630
"2026-09-09 18:00:00","2026-09-10 09:00:00","CAPE","surface",-69.7819,16.6801,2251
"2026-09-09 18:00:00","2026-09-10 09:00:00","CAPE","surface",-69.758,16.6801,2043
"2026-09-09 18:00:00","2026-09-10 09:00:00","CAPE","surface",-69.7341,16.6801,2034
"2026-09-09 18:00:00","2026-09-10 09:00:00","CAPE","surface",-69.7101,16.6801,2113
"2026-09-09 18:00:00","2026-09-10 09:00:00","CAPE","surface",-69.6862,16.6801,2113
"2026-09-09 18:00:00","2026-09-10 09:00:00","CAPE","surface",-69.6623,16.6801,2241
"2026-09-09 18:00:00","2026-09-10 09:00:00","CAPE","surface",-69.6384,16.6801,2157
"2026-09-09 18:00:00","2026-09-10 09:00:00","CAPE","surface",-69.6144,16.6801,2222
"2026-09-09 18:00:00","2026-09-10 09:00:00","CAPE","surface",-69.5905,16.6801,2172
"2026-09-09 18:00:00","2026-09-10 09:00:00","CAPE","surface",-69.5666,16.6801,2375
"2026-09-09 18:00:00","2026-09-10 09:00:00","CAPE","surface",-69.5427,16.6801,2364
"2026-09-09 18:00:00","2026-09-10 09:00:00","CAPE","surface",-69.5187,16.6801,2494
"2026-09-09 18:00:00","2026-09-10 09:00:00","CAPE","surface",-69.4948,16.6801,2560
"2026-09-09 18:00:00","2026-09-10 09:00:00","CAPE","surface",-69.4709,16.6801,2640
"2026-09-09 18:00:00","2026-09-10 09:00:00","CAPE","surface",-69.447,16.6801,2642
"2026-09-09 18:00:00","2026-09-10 09:00:00","CAPE","surface",-69.423,16.6801,2669
"2026-09-09 18:00:00","2026-09-10 09:00:00","CAPE","surface",-69.3991,16.6801,2718
"2026-09-09 18:00:00","2026-09-10 09:00:00","CAPE","surface",-69.3752,16.6801,2787
"2026-09-09 18:00:00","2026-09-10 09:00:00","CAPE","surface",-69.3513,16.6801,2718
"2026-09-09 18:00:00","2026-09-10 09:00:00","CAPE","surface",-69.3273,16.6801,2796
"2026-09-09 18:00:00","2026-09-10 09:00:00","CAPE","surface",-69.3034,16.6801,2897
"2026-09-09 18:00:00","2026-09-10 09:00:00","CAPE","surface",-69.2795,16.6801,2913
"2026-09-09 18:00:00","2026-09-10 09:00:00","CAPE","surface",-69.2556,16.6801,2952
"2026-09-09 18:00:00","2026-09-10 09:00:00","CAPE","surface",-69.2316,16.6801,2832
"2026-09-09 18:00:00","2026-09-10 09:00:00","CAPE","surface",-69.2077,16.6801,2854
"2026-09-09 18:00:00","2026-09-10 09:00:00","CAPE","surface",-69.1838,16.6801,2806
"2026-09-09 18:00:00","2026-09-10 09:00:00","CAPE","surface",-69.1599,16.6801,2771
"2026-09-09 18:00:00","2026-09-10 09:00:00","CAPE","surface",-69.1359,16.6801,2760
"2026-09-09 18:00:00","2026-09-10 09:00:00","CAPE","surface",-69.112,16.6801,2743
"2026-09-09 18:00:00","2026-09-10 09:00:00","CAPE","surface",-69.0881,16.6801,2739
"2026-09-09 18:00:00","2026-09-10 09:00:00","CAPE","surface",-69.0642,16.6801,2726
"2026-09-09 18:00:00","2026-09-10 09:00:00","CAPE","surface",-69.0402,16.6801,2702
"2026-09-09 18:00:00","2026-09-10 09:00:00","CAPE","surface",-69.0163,16.6801,2691
"2026-09-09 18:00:00","2026-09-10 09:00:00","CAPE","surface",-68.9924,16.6801,2656
"2026-09-09 18:00:00","2026-09-10 09:00:00","CAPE","surface",-68.9685,16.6801,2598
"2026-09-09 18:00:00","2026-09-10 09:00:00","CAPE","surface",-68.9445,16.6801,2476
"2026-09-09 18:00:00","2026-09-10 09:00:00","CAPE","surface",-68.9206,16.6801,2296
"2026-09-09 18:00:00","2026-09-10 09:00:00","CAPE","surface",-68.8967,16.6801,2242
"2026-09-09 18:00:00","2026-09-10 09:00:00","CAPE","surface",-68.8728,16.6801,2070
"2026-09-09 18:00:00","2026-09-10 09:00:00","CAPE","surface",-68.8488,16.6801,2109
"2026-09-09 18:00:00","2026-09-10 09:00:00","CAPE","surface",-68.8249,16.6801,2143
"2026-09-09 18:00:00","2026-09-10 09:00:00","CAPE","surface",-68.801,16.6801,2472
"2026-09-09 18:00:00","2026-09-10 09:00:00","CAPE","surface",-68.7771,16.6801,2568
"2026-09-09 18:00:00","2026-09-10 09:00:00","CAPE","surface",-68.7531,16.6801,2540
"2026-09-09 18:00:00","2026-09-10 09:00:00","CAPE","surface",-68.7292,16.6801,2520
"2026-09-09 18:00:00","2026-09-10 09:00:00","CAPE","surface",-68.7053,16.6801,2541
"2026-09-09 18:00:00","2026-09-10 09:00:00","CAPE","surface",-68.6813,16.6801,2520
"2026-09-09 18:00:00","2026-09-10 09:00:00","CAPE","surface",-68.6574,16.6801,2513
"2026-09-09 18:00:00","2026-09-10 09:00:00","CAPE","surface",-68.6335,16.6801,2429
"2026-09-09 18:00:00","2026-09-10 09:00:00","CAPE","surface",-68.6096,16.6801,2351
"2026-09-09 18:00:00","2026-09-10 09:00:00","CAPE","surface",-68.5856,16.6801,2330
"2026-09-09 18:00:00","2026-09-10 09:00:00","CAPE","surface",-68.5617,16.6801,2339
"2026-09-09 18:00:00","2026-09-10 09:00:00","CAPE","surface",-68.5378,16.6801,2335
"2026-09-09 18:00:00","2026-09-10 09:00:00","CAPE","surface",-68.5139,16.6801,2330
"2026-09-09 18:00:00","2026-09-10 09:00:00","CAPE","surface",-68.4899,16.6801,2305
"2026-09-09 18:00:00","2026-09-10 09:00:00","CAPE","surface",-68.466,16.6801,2263
"2026-09-09 18:00:00","2026-09-10 09:00:00","CAPE","surface",-68.4421,16.6801,2198
"2026-09-09 18:00:00","2026-09-10 09:00:00","CAPE","surface",-68.4182,16.6801,2196
"2026-09-09 18:00:00","2026-09-10 09:00:00","CAPE","surface",-68.3942,16.6801,2216
"2026-09-09 18:00:00","2026-09-10 09:00:00","CAPE","surface",-68.3703,16.6801,2259
"2026-09-09 18:00:00","2026-09-10 09:00:00","CAPE","surface",-68.3464,16.6801,2296
"2026-09-09 18:00:00","2026-09-10 09:00:00","CAPE","surface",-68.3225,16.6801,2394
"2026-09-09 18:00:00","2026-09-10 09:00:00","CAPE","surface",-68.2985,16.6801,2497
"2026-09-09 18:00:00","2026-09-10 09:00:00","CAPE","surface",-68.2746,16.6801,2635
"2026-09-09 18:00:00","2026-09-10 09:00:00","CAPE","surface",-68.2507,16.6801,2635
"2026-09-09 18:00:00","2026-09-10 09:00:00","CAPE","surface",-68.2268,16.6801,2737
"2026-09-09 18:00:00","2026-09-10 09:00:00","CAPE","surface",-68.2028,16.6801,2744
"2026-09-09 18:00:00","2026-09-10 09:00:00","CAPE","surface",-68.1789,16.6801,2770
"2026-09-09 18:00:00","2026-09-10 09:00:00","CAPE","surface",-68.155,16.6801,2802
"2026-09-09 18:00:00","2026-09-10 09:00:00","CAPE","surface",-68.1311,16.6801,2802
"2026-09-09 18:00:00","2026-09-10 09:00:00","CAPE","surface",-68.1071,16.6801,2843
"2026-09-09 18:00:00","2026-09-10 09:00:00","CAPE","surface",-68.0832,16.6801,2809
"2026-09-09 18:00:00","2026-09-10 09:00:00","CAPE","surface",-68.0593,16.6801,2818
"2026-09-09 18:00:00","2026-09-10 09:00:00","CAPE","surface",-68.0354,16.6801,2818
"2026-09-09 18:00:00","2026-09-10 09:00:00","CAPE","surface",-68.0114,16.6801,2821
"2026-09-09 18:00:00","2026-09-10 09:00:00","CAPE","surface",-67.9875,16.6801,2851
"2026-09-09 18:00:00","2026-09-10 09:00:00","CAPE","surface",-67.9636,16.6801,2840
"2026-09-09 18:00:00","2026-09-10 09:00:00","CAPE","surface",-67.9397,16.6801,2862
"2026-09-09 18:00:00","2026-09-10 09:00:00","CAPE","surface",-67.9157,16.6801,2862
"2026-09-09 18:00:00","2026-09-10 09:00:00","CAPE","surface",-67.8918,16.6801,2904
"2026-09-09 18:00:00","2026-09-10 09:00:00","CAPE","surface",-67.8679,16.6801,2938
"2026-09-09 18:00:00","2026-09-10 09:00:00","CAPE","surface",-67.844,16.6801,2965
"2026-09-09 18:00:00","2026-09-10 09:00:00","CAPE","surface",-67.82,16.6801,2946
"2026-09-09 18:00:00","2026-09-10 09:00:00","CAPE","surface",-67.7961,16.6801,2988
"2026-09-09 18:00:00","2026-09-10 09:00:00","CAPE","surface",-67.7722,16.6801,2952
"2026-09-09 18:00:00","2026-09-10 09:00:00","CAPE","surface",-67.7483,16.6801,3058
"2026-09-09 18:00:00","2026-09-10 09:00:00","CAPE","surface",-67.7243,16.6801,2959
"2026-09-09 18:00:00","2026-09-10 09:00:00","CAPE","surface",-67.7004,16.6801,3083
"2026-09-09 18:00:00","2026-09-10 09:00:00","CAPE","surface",-67.6765,16.6801,3172
"2026-09-09 18:00:00","2026-09-10 09:00:00","CAPE","surface",-67.6526,16.6801,3239
"2026-09-09 18:00:00","2026-09-10 09:00:00","CAPE","surface",-67.6286,16.6801,3249
"2026-09-09 18:00:00","2026-09-10 09:00:00","CAPE","surface",-67.6047,16.6801,3291
"2026-09-09 18:00:00","2026-09-10 09:00:00","CAPE","surface",-67.5808,16.6801,3244
"2026-09-09 18:00:00","2026-09-10 09:00:00","CAPE","surface",-67.5569,16.6801,3201
"2026-09-09 18:00:00","2026-09-10 09:00:00","CAPE","surface",-67.5329,16.6801,3125
"2026-09-09 18:00:00","2026-09-10 09:00:00","CAPE","surface",-67.509,16.6801,3125
"2026-09-09 18:00:00","2026-09-10 09:00:00","CAPE","surface",-67.4851,16.6801,3086
"2026-09-09 18:00:00","2026-09-10 09:00:00","CAPE","surface",-67.4612,16.6801,2728
"2026-09-09 18:00:00","2026-09-10 09:00:00","CAPE","surface",-67.4372,16.6801,2820
"2026-09-09 18:00:00","2026-09-10 09:00:00","CAPE","surface",-67.4133,16.6801,2820
"2026-09-09 18:00:00","2026-09-10 09:00:00","CAPE","surface",-67.3894,16.6801,2904
"2026-09-09 18:00:00","2026-09-10 09:00:00","CAPE","surface",-67.3655,16.6801,2974
"2026-09-09 18:00:00","2026-09-10 09:00:00","CAPE","surface",-67.3415,16.6801,2918
"2026-09-09 18:00:00","2026-09-10 09:00:00","CAPE","surface",-67.3176,16.6801,3081
"2026-09-09 18:00:00","2026-09-10 09:00:00","CAPE","surface",-67.2937,16.6801,3081
"2026-09-09 18:00:00","2026-09-10 09:00:00","CAPE","surface",-67.2698,16.6801,3223
"2026-09-09 18:00:00","2026-09-10 09:00:00","CAPE","surface",-67.2458,16.6801,3251
"2026-09-09 18:00:00","2026-09-10 09:00:00","CAPE","surface",-67.2219,16.6801,3227
"2026-09-09 18:00:00","2026-09-10 09:00:00","CAPE","surface",-67.198,16.6801,3204
"2026-09-09 18:00:00","2026-09-10 09:00:00","CAPE","surface",-67.1741,16.6801,3222
"2026-09-09 18:00:00","2026-09-10 09:00:00","CAPE","surface",-67.1501,16.6801,3166
"2026-09-09 18:00:00","2026-09-10 09:00:00","CAPE","surface",-67.1262,16.6801,3203
"2026-09-09 18:00:00","2026-09-10 09:00:00","CAPE","surface",-67.1023,16.6801,3148
"2026-09-09 18:00:00","2026-09-10 09:00:00","CAPE","surface",-67.0784,16.6801,3215
"2026-09-09 18:00:00","2026-09-10 09:00:00","CAPE","surface",-67.0544,16.6801,3194
"2026-09-09 18:00:00","2026-09-10 09:00:00","CAPE","surface",-67.0305,16.6801,3163
"2026-09-09 18:00:00","2026-09-10 09:00:00","CAPE","surface",-67.0066,16.6801,3133
"2026-09-09 18:00:00","2026-09-10 09:00:00","CAPE","surface",-74.7822,16.7031,2229
"2026-09-09 18:00:00","2026-09-10 09:00:00","CAPE","surface",-74.7583,16.7031,2176
"2026-09-09 18:00:00","2026-09-10 09:00:00","CAPE","surface",-74.7344,16.7031,2266
"2026-09-09 18:00:00","2026-09-10 09:00:00","CAPE","surface",-74.7105,16.7031,2397
"2026-09-09 18:00:00","2026-09-10 09:00:00","CAPE","surface",-74.6865,16.7031,2443
"2026-09-09 18:00:00","2026-09-10 09:00:00","CAPE","surface",-74.6626,16.7031,2383
"2026-09-09 18:00:00","2026-09-10 09:00:00","CAPE","surface",-74.6387,16.7031,2393
"2026-09-09 18:00:00","2026-09-10 09:00:00","CAPE","surface",-74.6148,16.7031,2366
"2026-09-09 18:00:00","2026-09-10 09:00:00","CAPE","surface",-74.5908,16.7031,2360
"2026-09-09 18:00:00","2026-09-10 09:00:00","CAPE","surface",-74.5669,16.7031,2298
"2026-09-09 18:00:00","2026-09-10 09:00:00","CAPE","surface",-74.543,16.7031,2318
"2026-09-09 18:00:00","2026-09-10 09:00:00","CAPE","surface",-74.5191,16.7031,2337
"2026-09-09 18:00:00","2026-09-10 09:00:00","CAPE","surface",-74.4951,16.7031,2419
"2026-09-09 18:00:00","2026-09-10 09:00:00","CAPE","surface",-74.4712,16.7031,2474
"2026-09-09 18:00:00","2026-09-10 09:00:00","CAPE","surface",-74.4473,16.7031,2502
"2026-09-09 18:00:00","2026-09-10 09:00:00","CAPE","surface",-74.4234,16.7031,2508
"2026-09-09 18:00:00","2026-09-10 09:00:00","CAPE","surface",-74.3994,16.7031,2576
"2026-09-09 18:00:00","2026-09-10 09:00:00","CAPE","surface",-74.3755,16.7031,2454
"2026-09-09 18:00:00","2026-09-10 09:00:00","CAPE","surface",-74.3516,16.7031,2196
"2026-09-09 18:00:00","2026-09-10 09:00:00","CAPE","surface",-74.3277,16.7031,2055
"2026-09-09 18:00:00","2026-09-10 09:00:00","CAPE","surface",-74.3037,16.7031,2041
"2026-09-09 18:00:00","2026-09-10 09:00:00","CAPE","surface",-74.2798,16.7031,1979
"2026-09-09 18:00:00","2026-09-10 09:00:00","CAPE","surface",-74.2559,16.7031,1992
"2026-09-09 18:00:00","2026-09-10 09:00:00","CAPE","surface",-74.232,16.7031,2020
"2026-09-09 18:00:00","2026-09-10 09:00:00","CAPE","surface",-74.208,16.7031,2178
"2026-09-09 18:00:00","2026-09-10 09:00:00","CAPE","surface",-74.1841,16.7031,2336
"2026-09-09 18:00:00","2026-09-10 09:00:00","CAPE","surface",-74.1602,16.7031,2407
"2026-09-09 18:00:00","2026-09-10 09:00:00","CAPE","surface",-74.1363,16.7031,2476
"2026-09-09 18:00:00","2026-09-10 09:00:00","CAPE","surface",-74.1123,16.7031,2519
"2026-09-09 18:00:00","2026-09-10 09:00:00","CAPE","surface",-74.0884,16.7031,2502
"2026-09-09 18:00:00","2026-09-10 09:00:00","CAPE","surface",-74.0645,16.7031,2502
"2026-09-09 18:00:00","2026-09-10 09:00:00","CAPE","surface",-74.0406,16.7031,2538
"2026-09-09 18:00:00","2026-09-10 09:00:00","CAPE","surface",-74.0166,16.7031,2484
"2026-09-09 18:00:00","2026-09-10 09:00:00","CAPE","surface",-73.9927,16.7031,2343
"2026-09-09 18:00:00","2026-09-10 09:00:00","CAPE","surface",-73.9688,16.7031,2357
"2026-09-09 18:00:00","2026-09-10 09:00:00","CAPE","surface",-73.9449,16.7031,2243
"2026-09-09 18:00:00","2026-09-10 09:00:00","CAPE","surface",-73.9209,16.7031,2287
"2026-09-09 18:00:00","2026-09-10 09:00:00","CAPE","surface",-73.897,16.7031,2298
"2026-09-09 18:00:00","2026-09-10 09:00:00","CAPE","surface",-73.8731,16.7031,2366
"2026-09-09 18:00:00","2026-09-10 09:00:00","CAPE","surface",-73.8492,16.7031,2293
"2026-09-09 18:00:00","2026-09-10 09:00:00","CAPE","surface",-73.8252,16.7031,2338
"2026-09-09 18:00:00","2026-09-10 09:00:00","CAPE","surface",-73.8013,16.7031,2305
"2026-09-09 18:00:00","2026-09-10 09:00:00","CAPE","surface",-73.7774,16.7031,2386
"2026-09-09 18:00:00","2026-09-10 09:00:00","CAPE","surface",-73.7535,16.7031,2385
"2026-09-09 18:00:00","2026-09-10 09:00:00","CAPE","surface",-73.7295,16.7031,2445
"2026-09-09 18:00:00","2026-09-10 09:00:00","CAPE","surface",-73.7056,16.7031,2375
"2026-09-09 18:00:00","2026-09-10 09:00:00","CAPE","surface",-73.6817,16.7031,2409
"2026-09-09 18:00:00","2026-09-10 09:00:00","CAPE","surface",-73.6578,16.7031,2388
"2026-09-09 18:00:00","2026-09-10 09:00:00","CAPE","surface",-73.6338,16.7031,2413
"2026-09-09 18:00:00","2026-09-10 09:00:00","CAPE","surface",-73.6099,16.7031,2438
"2026-09-09 18:00:00","2026-09-10 09:00:00","CAPE","surface",-73.586,16.7031,2582
"2026-09-09 18:00:00","2026-09-10 09:00:00","CAPE","surface",-73.5621,16.7031,2582
"2026-09-09 18:00:00","2026-09-10 09:00:00","CAPE","surface",-73.5381,16.7031,2814
"2026-09-09 18:00:00","2026-09-10 09:00:00","CAPE","surface",-73.5142,16.7031,2809
"2026-09-09 18:00:00","2026-09-10 09:00:00","CAPE","surface",-73.4903,16.7031,2899
"2026-09-09 18:00:00","2026-09-10 09:00:00","CAPE","surface",-73.4664,16.7031,2816
"2026-09-09 18:00:00","2026-09-10 09:00:00","CAPE","surface",-73.4424,16.7031,2759
"2026-09-09 18:00:00","2026-09-10 09:00:00","CAPE","surface",-73.4185,16.7031,2759
"2026-09-09 18:00:00","2026-09-10 09:00:00","CAPE","surface",-73.3946,16.7031,2763
"2026-09-09 18:00:00","2026-09-10 09:00:00","CAPE","surface",-73.3707,16.7031,2646
"2026-09-09 18:00:00","2026-09-10 09:00:00","CAPE","surface",-73.3467,16.7031,2732
"2026-09-09 18:00:00","2026-09-10 09:00:00","CAPE","surface",-73.3228,16.7031,2670
"2026-09-09 18:00:00","2026-09-10 09:00:00","CAPE","surface",-73.2989,16.7031,2738
"2026-09-09 18:00:00","2026-09-10 09:00:00","CAPE","surface",-73.275,16.7031,2738
"2026-09-09 18:00:00","2026-09-10 09:00:00","CAPE","surface",-73.251,16.7031,2732
"2026-09-09 18:00:00","2026-09-10 09:00:00","CAPE","surface",-73.2271,16.7031,2745
"2026-09-09 18:00:00","2026-09-10 09:00:00","CAPE","surface",-73.2032,16.7031,2659
"2026-09-09 18:00:00","2026-09-10 09:00:00","CAPE","surface",-73.1793,16.7031,2766
"2026-09-09 18:00:00","2026-09-10 09:00:00","CAPE","surface",-73.1553,16.7031,2766
"2026-09-09 18:00:00","2026-09-10 09:00:00","CAPE","surface",-73.1314,16.7031,2826
"2026-09-09 18:00:00","2026-09-10 09:00:00","CAPE","surface",-73.1075,16.7031,2810
"2026-09-09 18:00:00","2026-09-10 09:00:00","CAPE","surface",-73.0836,16.7031,2684
"2026-09-09 18:00:00","2026-09-10 09:00:00","CAPE","surface",-73.0596,16.7031,2553
"2026-09-09 18:00:00","2026-09-10 09:00:00","CAPE","surface",-73.0357,16.7031,2630
"2026-09-09 18:00:00","2026-09-10 09:00:00","CAPE","surface",-73.0118,16.7031,2630
"2026-09-09 18:00:00","2026-09-10 09:00:00","CAPE","surface",-72.9879,16.7031,2822
"2026-09-09 18:00:00","2026-09-10 09:00:00","CAPE","surface",-72.9639,16.7031,2781
"2026-09-09 18:00:00","2026-09-10 09:00:00","CAPE","surface",-72.94,16.7031,2949
"2026-09-09 18:00:00","2026-09-10 09:00:00","CAPE","surface",-72.9161,16.7031,2755
"2026-09-09 18:00:00","2026-09-10 09:00:00","CAPE","surface",-72.8922,16.7031,2698
"2026-09-09 18:00:00","2026-09-10 09:00:00","CAPE","surface",-72.8682,16.7031,2895
"2026-09-09 18:00:00","2026-09-10 09:00:00","CAPE","surface",-72.8443,16.7031,2745
"2026-09-09 18:00:00","2026-09-10 09:00:00","CAPE","surface",-72.8204,16.7031,2822
"2026-09-09 18:00:00","2026-09-10 09:00:00","CAPE","surface",-72.7965,16.7031,2778
"2026-09-09 18:00:00","2026-09-10 09:00:00","CAPE","surface",-72.7725,16.7031,2818
"2026-09-09 18:00:00","2026-09-10 09:00:00","CAPE","surface",-72.7486,16.7031,2809
"2026-09-09 18:00:00","2026-09-10 09:00:00","CAPE","surface",-72.7247,16.7031,2751
"2026-09-09 18:00:00","2026-09-10 09:00:00","CAPE","surface",-72.7008,16.7031,2754
"2026-09-09 18:00:00","2026-09-10 09:00:00","CAPE","surface",-72.6768,16.7031,2573
"2026-09-09 18:00:00","2026-09-10 09:00:00","CAPE","surface",-72.6529,16.7031,2584
"2026-09-09 18:00:00","2026-09-10 09:00:00","CAPE","surface",-72.629,16.7031,2560
"2026-09-09 18:00:00","2026-09-10 09:00:00","CAPE","surface",-72.6051,16.7031,2560
"2026-09-09 18:00:00","2026-09-10 09:00:00","CAPE","surface",-72.5811,16.7031,2578
"2026-09-09 18:00:00","2026-09-10 09:00:00","CAPE","surface",-72.5572,16.7031,2638
"2026-09-09 18:00:00","2026-09-10 09:00:00","CAPE","surface",-72.5333,16.7031,2676
"2026-09-09 18:00:00","2026-09-10 09:00:00","CAPE","surface",-72.5094,16.7031,2682
"2026-09-09 18:00:00","2026-09-10 09:00:00","CAPE","surface",-72.4854,16.7031,2695
"2026-09-09 18:00:00","2026-09-10 09:00:00","CAPE","surface",-72.4615,16.7031,2642
"2026-09-09 18:00:00","2026-09-10 09:00:00","CAPE","surface",-72.4376,16.7031,2633
"2026-09-09 18:00:00","2026-09-10 09:00:00","CAPE","surface",-72.4137,16.7031,2625
"2026-09-09 18:00:00","2026-09-10 09:00:00","CAPE","surface",-72.3897,16.7031,2625
"2026-09-09 18:00:00","2026-09-10 09:00:00","CAPE","surface",-72.3658,16.7031,2659
"2026-09-09 18:00:00","2026-09-10 09:00:00","CAPE","surface",-72.3419,16.7031,2659
"2026-09-09 18:00:00","2026-09-10 09:00:00","CAPE","surface",-72.318,16.7031,2642
"2026-09-09 18:00:00","2026-09-10 09:00:00","CAPE","surface",-72.294,16.7031,2571
"2026-09-09 18:00:00","2026-09-10 09:00:00","CAPE","surface",-72.2701,16.7031,2549
"2026-09-09 18:00:00","2026-09-10 09:00:00","CAPE","surface",-72.2462,16.7031,2523
"2026-09-09 18:00:00","2026-09-10 09:00:00","CAPE","surface",-72.2223,16.7031,2530
"2026-09-09 18:00:00","2026-09-10 09:00:00","CAPE","surface",-72.1983,16.7031,2547
"2026-09-09 18:00:00","2026-09-10 09:00:00","CAPE","surface",-72.1744,16.7031,2562
"2026-09-09 18:00:00","2026-09-10 09:00:00","CAPE","surface",-72.1505,16.7031,2586
"2026-09-09 18:00:00","2026-09-10 09:00:00","CAPE","surface",-72.1266,16.7031,2606
"2026-09-09 18:00:00","2026-09-10 09:00:00","CAPE","surface",-72.1026,16.7031,2583
"2026-09-09 18:00:00","2026-09-10 09:00:00","CAPE","surface",-72.0787,16.7031,2583
"2026-09-09 18:00:00","2026-09-10 09:00:00","CAPE","surface",-72.0548,16.7031,2533
"2026-09-09 18:00:00","2026-09-10 09:00:00","CAPE","surface",-72.0309,16.7031,2527
"2026-09-09 18:00:00","2026-09-10 09:00:00","CAPE","surface",-72.0069,16.7031,2472
"2026-09-09 18:00:00","2026-09-10 09:00:00","CAPE","surface",-71.983,16.7031,2506
"2026-09-09 18:00:00","2026-09-10 09:00:00","CAPE","surface",-71.9591,16.7031,2520
"2026-09-09 18:00:00","2026-09-10 09:00:00","CAPE","surface",-71.9352,16.7031,2564
"2026-09-09 18:00:00","2026-09-10 09:00:00","CAPE","surface",-71.9112,16.7031,2546
"2026-09-09 18:00:00","2026-09-10 09:00:00","CAPE","surface",-71.8873,16.7031,2634
"2026-09-09 18:00:00","2026-09-10 09:00:00","CAPE","surface",-71.8634,16.7031,2685
"2026-09-09 18:00:00","2026-09-10 09:00:00","CAPE","surface",-71.8395,16.7031,2844
"2026-09-09 18:00:00","2026-09-10 09:00:00","CAPE","surface",-71.8155,16.7031,2844
"2026-09-09 18:00:00","2026-09-10 09:00:00","CAPE","surface",-71.7916,16.7031,2856
"2026-09-09 18:00:00","2026-09-10 09:00:00","CAPE","surface",-71.7677,16.7031,2821
"2026-09-09 18:00:00","2026-09-10 09:00:00","CAPE","surface",-71.7438,16.7031,2761
"2026-09-09 18:00:00","2026-09-10 09:00:00","CAPE","surface",-71.7198,16.7031,2679
"2026-09-09 18:00:00","2026-09-10 09:00:00","CAPE","surface",-71.6959,16.7031,2679
"2026-09-09 18:00:00","2026-09-10 09:00:00","CAPE","surface",-71.672,16.7031,2630
"2026-09-09 18:00:00","2026-09-10 09:00:00","CAPE","surface",-71.6481,16.7031,2676
"2026-09-09 18:00:00","2026-09-10 09:00:00","CAPE","surface",-71.6241,16.7031,2704
"2026-09-09 18:00:00","2026-09-10 09:00:00","CAPE","surface",-71.6002,16.7031,2799
"2026-09-09 18:00:00","2026-09-10 09:00:00","CAPE","surface",-71.5763,16.7031,2867
"2026-09-09 18:00:00","2026-09-10 09:00:00","CAPE","surface",-71.5524,16.7031,2867
"2026-09-09 18:00:00","2026-09-10 09:00:00","CAPE","surface",-71.5284,16.7031,2858
"2026-09-09 18:00:00","2026-09-10 09:00:00","CAPE","surface",-71.5045,16.7031,2783
"2026-09-09 18:00:00","2026-09-10 09:00:00","CAPE","surface",-71.4806,16.7031,2760
"2026-09-09 18:00:00","2026-09-10 09:00:00","CAPE","surface",-71.4567,16.7031,2786
"2026-09-09 18:00:00","2026-09-10 09:00:00","CAPE","surface",-71.4327,16.7031,2786
"2026-09-09 18:00:00","2026-09-10 09:00:00","CAPE","surface",-71.4088,16.7031,2875
"2026-09-09 18:00:00","2026-09-10 09:00:00","CAPE","surface",-71.3849,16.7031,2945
"2026-09-09 18:00:00","2026-09-10 09:00:00","CAPE","surface",-71.361,16.7031,2504
"2026-09-09 18:00:00","2026-09-10 09:00:00","CAPE","surface",-71.337,16.7031,1745
"2026-09-09 18:00:00","2026-09-10 09:00:00","CAPE","surface",-71.3131,16.7031,0
"2026-09-09 18:00:00","2026-09-10 09:00:00","CAPE","surface",-71.2892,16.7031,0
"2026-09-09 18:00:00","2026-09-10 09:00:00","CAPE","surface",-71.2653,16.7031,0
"2026-09-09 18:00:00","2026-09-10 09:00:00","CAPE","surface",-71.2413,16.7031,0
"2026-09-09 18:00:00","2026-09-10 09:00:00","CAPE","surface",-71.2174,16.7031,31
"2026-09-09 18:00:00","2026-09-10 09:00:00","CAPE","surface",-71.1935,16.7031,73
"2026-09-09 18:00:00","2026-09-10 09:00:00","CAPE","surface",-71.1696,16.7031,235
"2026-09-09 18:00:00","2026-09-10 09:00:00","CAPE","surface",-71.1456,16.7031,665
"2026-09-09 18:00:00","2026-09-10 09:00:00","CAPE","surface",-71.1217,16.7031,1090
"2026-09-09 18:00:00","2026-09-10 09:00:00","CAPE","surface",-71.0978,16.7031,1589
"2026-09-09 18:00:00","2026-09-10 09:00:00","CAPE","surface",-71.0739,16.7031,1869
"2026-09-09 18:00:00","2026-09-10 09:00:00","CAPE","surface",-71.0499,16.7031,1204
"2026-09-09 18:00:00","2026-09-10 09:00:00","CAPE","surface",-71.026,16.7031,744
"2026-09-09 18:00:00","2026-09-10 09:00:00","CAPE","surface",-71.0021,16.7031,940
"2026-09-09 18:00:00","2026-09-10 09:00:00","CAPE","surface",-70.9782,16.7031,789
"2026-09-09 18:00:00","2026-09-10 09:00:00","CAPE","surface",-70.9542,16.7031,884
"2026-09-09 18:00:00","2026-09-10 09:00:00","CAPE","surface",-70.9303,16.7031,892
"2026-09-09 18:00:00","2026-09-10 09:00:00","CAPE","surface",-70.9064,16.7031,919
"2026-09-09 18:00:00","2026-09-10 09:00:00","CAPE","surface",-70.8825,16.7031,1115
"2026-09-09 18:00:00","2026-09-10 09:00:00","CAPE","surface",-70.8585,16.7031,1512
"2026-09-09 18:00:00","2026-09-10 09:00:00","CAPE","surface",-70.8346,16.7031,2637
"2026-09-09 18:00:00","2026-09-10 09:00:00","CAPE","surface",-70.8107,16.7031,2792
"2026-09-09 18:00:00","2026-09-10 09:00:00","CAPE","surface",-70.7868,16.7031,2484
"2026-09-09 18:00:00","2026-09-10 09:00:00","CAPE","surface",-70.7628,16.7031,1861
"2026-09-09 18:00:00","2026-09-10 09:00:00","CAPE","surface",-70.7389,16.7031,1292
"2026-09-09 18:00:00","2026-09-10 09:00:00","CAPE","surface",-70.715,16.7031,665
"2026-09-09 18:00:00","2026-09-10 09:00:00","CAPE","surface",-70.6911,16.7031,665
"2026-09-09 18:00:00","2026-09-10 09:00:00","CAPE","surface",-70.6671,16.7031,560
"2026-09-09 18:00:00","2026-09-10 09:00:00","CAPE","surface",-70.6432,16.7031,417
"2026-09-09 18:00:00","2026-09-10 09:00:00","CAPE","surface",-70.6193,16.7031,367
"2026-09-09 18:00:00","2026-09-10 09:00:00","CAPE","surface",-70.5954,16.7031,364
"2026-09-09 18:00:00","2026-09-10 09:00:00","CAPE","surface",-70.5714,16.7031,364
"2026-09-09 18:00:00","2026-09-10 09:00:00","CAPE","surface",-70.5475,16.7031,491
"2026-09-09 18:00:00","2026-09-10 09:00:00","CAPE","surface",-70.5236,16.7031,482
"2026-09-09 18:00:00","2026-09-10 09:00:00","CAPE","surface",-70.4997,16.7031,707
"2026-09-09 18:00:00","2026-09-10 09:00:00","CAPE","surface",-70.4757,16.7031,1057
"2026-09-09 18:00:00","2026-09-10 09:00:00","CAPE","surface",-70.4518,16.7031,984
"2026-09-09 18:00:00","2026-09-10 09:00:00","CAPE","surface",-70.4279,16.7031,1401
"2026-09-09 18:00:00","2026-09-10 09:00:00","CAPE","surface",-70.404,16.7031,1718
"2026-09-09 18:00:00","2026-09-10 09:00:00","CAPE","surface",-70.38,16.7031,2118
"2026-09-09 18:00:00","2026-09-10 09:00:00","CAPE","surface",-70.3561,16.7031,2477
"2026-09-09 18:00:00","2026-09-10 09:00:00","CAPE","surface",-70.3322,16.7031,2573
"2026-09-09 18:00:00","2026-09-10 09:00:00","CAPE","surface",-70.3083,16.7031,2915
"2026-09-09 18:00:00","2026-09-10 09:00:00","CAPE","surface",-70.2843,16.7031,3220
"2026-09-09 18:00:00","2026-09-10 09:00:00","CAPE","surface",-70.2604,16.7031,3261
"2026-09-09 18:00:00","2026-09-10 09:00:00","CAPE","surface",-70.2365,16.7031,2944
"2026-09-09 18:00:00","2026-09-10 09:00:00","CAPE","surface",-70.2126,16.7031,2944
"2026-09-09 18:00:00","2026-09-10 09:00:00","CAPE","surface",-70.1886,16.7031,2572
"2026-09-09 18:00:00","2026-09-10 09:00:00","CAPE","surface",-70.1647,16.7031,2392
"2026-09-09 18:00:00","2026-09-10 09:00:00","CAPE","surface",-70.1408,16.7031,2508
"2026-09-09 18:00:00","2026-09-10 09:00:00","CAPE","surface",-70.1169,16.7031,2451
"2026-09-09 18:00:00","2026-09-10 09:00:00","CAPE","surface",-70.0929,16.7031,2451
"2026-09-09 18:00:00","2026-09-10 09:00:00","CAPE","surface",-70.069,16.7031,2425
"2026-09-09 18:00:00","2026-09-10 09:00:00","CAPE","surface",-70.0451,16.7031,2517
"2026-09-09 18:00:00","2026-09-10 09:00:00","CAPE","surface",-70.0212,16.7031,2561
"2026-09-09 18:00:00","2026-09-10 09:00:00","CAPE","surface",-69.9972,16.7031,2616
"2026-09-09 18:00:00","2026-09-10 09:00:00","CAPE","surface",-69.9733,16.7031,2642
"2026-09-09 18:00:00","2026-09-10 09:00:00","CAPE","surface",-69.9494,16.7031,2838
"2026-09-09 18:00:00","2026-09-10 09:00:00","CAPE","surface",-69.9255,16.7031,2999
"2026-09-09 18:00:00","2026-09-10 09:00:00","CAPE","surface",-69.9015,16.7031,3212
"2026-09-09 18:00:00","2026-09-10 09:00:00","CAPE","surface",-69.8776,16.7031,3212
"2026-09-09 18:00:00","2026-09-10 09:00:00","CAPE","surface",-69.8537,16.7031,3047
"2026-09-09 18:00:00","2026-09-10 09:00:00","CAPE","surface",-69.8298,16.7031,2921
"2026-09-09 18:00:00","2026-09-10 09:00:00","CAPE","surface",-69.8058,16.7031,2483
"2026-09-09 18:00:00","2026-09-10 09:00:00","CAPE","surface",-69.7819,16.7031,2346
"2026-09-09 18:00:00","2026-09-10 09:00:00","CAPE","surface",-69.758,16.7031,2346
"2026-09-09 18:00:00","2026-09-10 09:00:00","CAPE","surface",-69.7341,16.7031,2261
"2026-09-09 18:00:00","2026-09-10 09:00:00","CAPE","surface",-69.7101,16.7031,2163
"2026-09-09 18:00:00","2026-09-10 09:00:00","CAPE","surface",-69.6862,16.7031,2271
"2026-09-09 18:00:00","2026-09-10 09:00:00","CAPE","surface",-69.6623,16.7031,2241
"2026-09-09 18:00:00","2026-09-10 09:00:00","CAPE","surface",-69.6384,16.7031,2380
"2026-09-09 18:00:00","2026-09-10 09:00:00","CAPE","surface",-69.6144,16.7031,2315
"2026-09-09 18:00:00","2026-09-10 09:00:00","CAPE","surface",-69.5905,16.7031,2426
"2026-09-09 18:00:00","2026-09-10 09:00:00","CAPE","surface",-69.5666,16.7031,2529
"2026-09-09 18:00:00","2026-09-10 09:00:00","CAPE","surface",-69.5427,16.7031,2503
"2026-09-09 18:00:00","2026-09-10 09:00:00","CAPE","surface",-69.5187,16.7031,2534
"2026-09-09 18:00:00","2026-09-10 09:00:00","CAPE","surface",-69.4948,16.7031,2508
"2026-09-09 18:00:00","2026-09-10 09:00:00","CAPE","surface",-69.4709,16.7031,2589
"2026-09-09 18:00:00","2026-09-10 09:00:00","CAPE","surface",-69.447,16.7031,2642
"2026-09-09 18:00:00","2026-09-10 09:00:00","CAPE","surface",-69.423,16.7031,2605
"2026-09-09 18:00:00","2026-09-10 09:00:00","CAPE","surface",-69.3991,16.7031,2657
"2026-09-09 18:00:00","2026-09-10 09:00:00","CAPE","surface",-69.3752,16.7031,2662
"2026-09-09 18:00:00","2026-09-10 09:00:00","CAPE","surface",-69.3513,16.7031,2707
"2026-09-09 18:00:00","2026-09-10 09:00:00","CAPE","surface",-69.3273,16.7031,2796
"2026-09-09 18:00:00","2026-09-10 09:00:00","CAPE","surface",-69.3034,16.7031,2800
"2026-09-09 18:00:00","2026-09-10 09:00:00","CAPE","surface",-69.2795,16.7031,2858
"2026-09-09 18:00:00","2026-09-10 09:00:00","CAPE","surface",-69.2556,16.7031,2815
"2026-09-09 18:00:00","2026-09-10 09:00:00","CAPE","surface",-69.2316,16.7031,2780
"2026-09-09 18:00:00","2026-09-10 09:00:00","CAPE","surface",-69.2077,16.7031,2786
"2026-09-09 18:00:00","2026-09-10 09:00:00","CAPE","surface",-69.1838,16.7031,2785
"2026-09-09 18:00:00","2026-09-10 09:00:00","CAPE","surface",-69.1599,16.7031,2781
"2026-09-09 18:00:00","2026-09-10 09:00:00","CAPE","surface",-69.1359,16.7031,2761
"2026-09-09 18:00:00","2026-09-10 09:00:00","CAPE","surface",-69.112,16.7031,2743
"2026-09-09 18:00:00","2026-09-10 09:00:00","CAPE","surface",-69.0881,16.7031,2741
"2026-09-09 18:00:00","2026-09-10 09:00:00","CAPE","surface",-69.0642,16.7031,2729
"2026-09-09 18:00:00","2026-09-10 09:00:00","CAPE","surface",-69.0402,16.7031,2717
"2026-09-09 18:00:00","2026-09-10 09:00:00","CAPE","surface",-69.0163,16.7031,2686
"2026-09-09 18:00:00","2026-09-10 09:00:00","CAPE","surface",-68.9924,16.7031,2653
"2026-09-09 18:00:00","2026-09-10 09:00:00","CAPE","surface",-68.9685,16.7031,2668
"2026-09-09 18:00:00","2026-09-10 09:00:00","CAPE","surface",-68.9445,16.7031,2613
"2026-09-09 18:00:00","2026-09-10 09:00:00","CAPE","surface",-68.9206,16.7031,2471
"2026-09-09 18:00:00","2026-09-10 09:00:00","CAPE","surface",-68.8967,16.7031,2242
"2026-09-09 18:00:00","2026-09-10 09:00:00","CAPE","surface",-68.8728,16.7031,2170
"2026-09-09 18:00:00","2026-09-10 09:00:00","CAPE","surface",-68.8488,16.7031,2605
"2026-09-09 18:00:00","2026-09-10 09:00:00","CAPE","surface",-68.8249,16.7031,2500
"2026-09-09 18:00:00","2026-09-10 09:00:00","CAPE","surface",-68.801,16.7031,2642
"2026-09-09 18:00:00","2026-09-10 09:00:00","CAPE","surface",-68.7771,16.7031,2568
"2026-09-09 18:00:00","2026-09-10 09:00:00","CAPE","surface",-68.7531,16.7031,2553
"2026-09-09 18:00:00","2026-09-10 09:00:00","CAPE","surface",-68.7292,16.7031,2513
"2026-09-09 18:00:00","2026-09-10 09:00:00","CAPE","surface",-68.7053,16.7031,2495
"2026-09-09 18:00:00","2026-09-10 09:00:00","CAPE","surface",-68.6813,16.7031,2501
"2026-09-09 18:00:00","2026-09-10 09:00:00","CAPE","surface",-68.6574,16.7031,2491
"2026-09-09 18:00:00","2026-09-10 09:00:00","CAPE","surface",-68.6335,16.7031,2492
"2026-09-09 18:00:00","2026-09-10 09:00:00","CAPE","surface",-68.6096,16.7031,2420
"2026-09-09 18:00:00","2026-09-10 09:00:00","CAPE","surface",-68.5856,16.7031,2377
"2026-09-09 18:00:00","2026-09-10 09:00:00","CAPE","surface",-68.5617,16.7031,2339
"2026-09-09 18:00:00","2026-09-10 09:00:00","CAPE","surface",-68.5378,16.7031,2409
"2026-09-09 18:00:00","2026-09-10 09:00:00","CAPE","surface",-68.5139,16.7031,2365
"2026-09-09 18:00:00","2026-09-10 09:00:00","CAPE","surface",-68.4899,16.7031,2302
"2026-09-09 18:00:00","2026-09-10 09:00:00","CAPE","surface",-68.466,16.7031,2212
"2026-09-09 18:00:00","2026-09-10 09:00:00","CAPE","surface",-68.4421,16.7031,2198
"2026-09-09 18:00:00","2026-09-10 09:00:00","CAPE","surface",-68.4182,16.7031,2191
"2026-09-09 18:00:00","2026-09-10 09:00:00","CAPE","surface",-68.3942,16.7031,2196
"2026-09-09 18:00:00","2026-09-10 09:00:00","CAPE","surface",-68.3703,16.7031,2230
"2026-09-09 18:00:00","2026-09-10 09:00:00","CAPE","surface",-68.3464,16.7031,2299
"2026-09-09 18:00:00","2026-09-10 09:00:00","CAPE","surface",-68.3225,16.7031,2299
"2026-09-09 18:00:00","2026-09-10 09:00:00","CAPE","surface",-68.2985,16.7031,2429
"2026-09-09 18:00:00","2026-09-10 09:00:00","CAPE","surface",-68.2746,16.7031,2539
"2026-09-09 18:00:00","2026-09-10 09:00:00","CAPE","surface",-68.2507,16.7031,2690
"2026-09-09 18:00:00","2026-09-10 09:00:00","CAPE","surface",-68.2268,16.7031,2782
"2026-09-09 18:00:00","2026-09-10 09:00:00","CAPE","surface",-68.2028,16.7031,2782
"2026-09-09 18:00:00","2026-09-10 09:00:00","CAPE","surface",-68.1789,16.7031,2843
"2026-09-09 18:00:00","2026-09-10 09:00:00","CAPE","surface",-68.155,16.7031,2829
"2026-09-09 18:00:00","2026-09-10 09:00:00","CAPE","surface",-68.1311,16.7031,2882
"2026-09-09 18:00:00","2026-09-10 09:00:00","CAPE","surface",-68.1071,16.7031,2882
"2026-09-09 18:00:00","2026-09-10 09:00:00","CAPE","surface",-68.0832,16.7031,2903
"2026-09-09 18:00:00","2026-09-10 09:00:00","CAPE","surface",-68.0593,16.7031,2873
"2026-09-09 18:00:00","2026-09-10 09:00:00","CAPE","surface",-68.0354,16.7031,2843
"2026-09-09 18:00:00","2026-09-10 09:00:00","CAPE","surface",-68.0114,16.7031,2839
"2026-09-09 18:00:00","2026-09-10 09:00:00","CAPE","surface",-67.9875,16.7031,2839
"2026-09-09 18:00:00","2026-09-10 09:00:00","CAPE","surface",-67.9636,16.7031,2864
"2026-09-09 18:00:00","2026-09-10 09:00:00","CAPE","surface",-67.9397,16.7031,2853
"2026-09-09 18:00:00","2026-09-10 09:00:00","CAPE","surface",-67.9157,16.7031,2859
"2026-09-09 18:00:00","2026-09-10 09:00:00","CAPE","surface",-67.8918,16.7031,2881
"2026-09-09 18:00:00","2026-09-10 09:00:00","CAPE","surface",-67.8679,16.7031,2902
"2026-09-09 18:00:00","2026-09-10 09:00:00","CAPE","surface",-67.844,16.7031,2926
"2026-09-09 18:00:00","2026-09-10 09:00:00","CAPE","surface",-67.82,16.7031,2946
"2026-09-09 18:00:00","2026-09-10 09:00:00","CAPE","surface",-67.7961,16.7031,2920
"2026-09-09 18:00:00","2026-09-10 09:00:00","CAPE","surface",-67.7722,16.7031,2920
"2026-09-09 18:00:00","2026-09-10 09:00:00","CAPE","surface",-67.7483,16.7031,2878
"2026-09-09 18:00:00","2026-09-10 09:00:00","CAPE","surface",-67.7243,16.7031,2887
"2026-09-09 18:00:00","2026-09-10 09:00:00","CAPE","surface",-67.7004,16.7031,3019
"2026-09-09 18:00:00","2026-09-10 09:00:00","CAPE","surface",-67.6765,16.7031,2990
"2026-09-09 18:00:00","2026-09-10 09:00:00","CAPE","surface",-67.6526,16.7031,3139
"2026-09-09 18:00:00","2026-09-10 09:00:00","CAPE","surface",-67.6286,16.7031,3231
"2026-09-09 18:00:00","2026-09-10 09:00:00","CAPE","surface",-67.6047,16.7031,3308
"2026-09-09 18:00:00","2026-09-10 09:00:00","CAPE","surface",-67.5808,16.7031,3308
"2026-09-09 18:00:00","2026-09-10 09:00:00","CAPE","surface",-67.5569,16.7031,3375
"2026-09-09 18:00:00","2026-09-10 09:00:00","CAPE","surface",-67.5329,16.7031,3347
"2026-09-09 18:00:00","2026-09-10 09:00:00","CAPE","surface",-67.509,16.7031,3354
"2026-09-09 18:00:00","2026-09-10 09:00:00","CAPE","surface",-67.4851,16.7031,3086
"2026-09-09 18:00:00","2026-09-10 09:00:00","CAPE","surface",-67.4612,16.7031,3341
"2026-09-09 18:00:00","2026-09-10 09:00:00","CAPE","surface",-67.4372,16.7031,3261
"2026-09-09 18:00:00","2026-09-10 09:00:00","CAPE","surface",-67.4133,16.7031,3069
"2026-09-09 18:00:00","2026-09-10 09:00:00","CAPE","surface",-67.3894,16.7031,3111
"2026-09-09 18:00:00","2026-09-10 09:00:00","CAPE","surface",-67.3655,16.7031,3111
"2026-09-09 18:00:00","2026-09-10 09:00:00","CAPE","surface",-67.3415,16.7031,3197
"2026-09-09 18:00:00","2026-09-10 09:00:00","CAPE","surface",-67.3176,16.7031,3119
"2026-09-09 18:00:00","2026-09-10 09:00:00","CAPE","surface",-67.2937,16.7031,3243
"2026-09-09 18:00:00","2026-09-10 09:00:00","CAPE","surface",-67.2698,16.7031,3235
"2026-09-09 18:00:00","2026-09-10 09:00:00","CAPE","surface",-67.2458,16.7031,3233
"2026-09-09 18:00:00","2026-09-10 09:00:00","CAPE","surface",-67.2219,16.7031,3118
"2026-09-09 18:00:00","2026-09-10 09:00:00","CAPE","surface",-67.198,16.7031,3204
"2026-09-09 18:00:00","2026-09-10 09:00:00","CAPE","surface",-67.1741,16.7031,3117
"2026-09-09 18:00:00","2026-09-10 09:00:00","CAPE","surface",-67.1501,16.7031,3018
"2026-09-09 18:00:00","2026-09-10 09:00:00","CAPE","surface",-67.1262,16.7031,3099
"2026-09-09 18:00:00","2026-09-10 09:00:00","CAPE","surface",-67.1023,16.7031,3197
"2026-09-09 18:00:00","2026-09-10 09:00:00","CAPE","surface",-67.0784,16.7031,3215
"2026-09-09 18:00:00","2026-09-10 09:00:00","CAPE","surface",-67.0544,16.7031,3270
"2026-09-09 18:00:00","2026-09-10 09:00:00","CAPE","surface",-67.0305,16.7031,3216
"2026-09-09 18:00:00","2026-09-10 09:00:00","CAPE","surface",-67.0066,16.7031,3175
"2026-09-09 18:00:00","2026-09-10 09:00:00","CAPE","surface",-74.7822,16.726,2212
"2026-09-09 18:00:00","2026-09-10 09:00:00","CAPE","surface",-74.7583,16.726,2176
"2026-09-09 18:00:00","2026-09-10 09:00:00","CAPE","surface",-74.7344,16.726,2306
"2026-09-09 18:00:00","2026-09-10 09:00:00","CAPE","surface",-74.7105,16.726,2366
"2026-09-09 18:00:00","2026-09-10 09:00:00","CAPE","surface",-74.6865,16.726,2366
"2026-09-09 18:00:00","2026-09-10 09:00:00","CAPE","surface",-74.6626,16.726,2369
"2026-09-09 18:00:00","2026-09-10 09:00:00","CAPE","surface",-74.6387,16.726,2368
"2026-09-09 18:00:00","2026-09-10 09:00:00","CAPE","surface",-74.6148,16.726,2322
"2026-09-09 18:00:00","2026-09-10 09:00:00","CAPE","surface",-74.5908,16.726,2302
"2026-09-09 18:00:00","2026-09-10 09:00:00","CAPE","surface",-74.5669,16.726,2238
"2026-09-09 18:00:00","2026-09-10 09:00:00","CAPE","surface",-74.543,16.726,2238
"2026-09-09 18:00:00","2026-09-10 09:00:00","CAPE","surface",-74.5191,16.726,2233
"2026-09-09 18:00:00","2026-09-10 09:00:00","CAPE","surface",-74.4951,16.726,2327
"2026-09-09 18:00:00","2026-09-10 09:00:00","CAPE","surface",-74.4712,16.726,2469
"2026-09-09 18:00:00","2026-09-10 09:00:00","CAPE","surface",-74.4473,16.726,2502
"2026-09-09 18:00:00","2026-09-10 09:00:00","CAPE","surface",-74.4234,16.726,2648
"2026-09-09 18:00:00","2026-09-10 09:00:00","CAPE","surface",-74.3994,16.726,2648
"2026-09-09 18:00:00","2026-09-10 09:00:00","CAPE","surface",-74.3755,16.726,2657
"2026-09-09 18:00:00","2026-09-10 09:00:00","CAPE","surface",-74.3516,16.726,2424
"2026-09-09 18:00:00","2026-09-10 09:00:00","CAPE","surface",-74.3277,16.726,2222
"2026-09-09 18:00:00","2026-09-10 09:00:00","CAPE","surface",-74.3037,16.726,2041
"2026-09-09 18:00:00","2026-09-10 09:00:00","CAPE","surface",-74.2798,16.726,2030
"2026-09-09 18:00:00","2026-09-10 09:00:00","CAPE","surface",-74.2559,16.726,1992
"2026-09-09 18:00:00","2026-09-10 09:00:00","CAPE","surface",-74.232,16.726,2123
"2026-09-09 18:00:00","2026-09-10 09:00:00","CAPE","surface",-74.208,16.726,2406
"2026-09-09 18:00:00","2026-09-10 09:00:00","CAPE","surface",-74.1841,16.726,2376
"2026-09-09 18:00:00","2026-09-10 09:00:00","CAPE","surface",-74.1602,16.726,2644
"2026-09-09 18:00:00","2026-09-10 09:00:00","CAPE","surface",-74.1363,16.726,2585
"2026-09-09 18:00:00","2026-09-10 09:00:00","CAPE","surface",-74.1123,16.726,2592
"2026-09-09 18:00:00","2026-09-10 09:00:00","CAPE","surface",-74.0884,16.726,2592
"2026-09-09 18:00:00","2026-09-10 09:00:00","CAPE","surface",-74.0645,16.726,2477
"2026-09-09 18:00:00","2026-09-10 09:00:00","CAPE","surface",-74.0406,16.726,2438
"2026-09-09 18:00:00","2026-09-10 09:00:00","CAPE","surface",-74.0166,16.726,2303
"2026-09-09 18:00:00","2026-09-10 09:00:00","CAPE","surface",-73.9927,16.726,2343
"2026-09-09 18:00:00","2026-09-10 09:00:00","CAPE","surface",-73.9688,16.726,2219
"2026-09-09 18:00:00","2026-09-10 09:00:00","CAPE","surface",-73.9449,16.726,2219
"2026-09-09 18:00:00","2026-09-10 09:00:00","CAPE","surface",-73.9209,16.726,2154
"2026-09-09 18:00:00","2026-09-10 09:00:00","CAPE","surface",-73.897,16.726,2215
"2026-09-09 18:00:00","2026-09-10 09:00:00","CAPE","surface",-73.8731,16.726,2226
"2026-09-09 18:00:00","2026-09-10 09:00:00","CAPE","surface",-73.8492,16.726,2293
"2026-09-09 18:00:00","2026-09-10 09:00:00","CAPE","surface",-73.8252,16.726,2233
"2026-09-09 18:00:00","2026-09-10 09:00:00","CAPE","surface",-73.8013,16.726,2233
"2026-09-09 18:00:00","2026-09-10 09:00:00","CAPE","surface",-73.7774,16.726,2257
"2026-09-09 18:00:00","2026-09-10 09:00:00","CAPE","surface",-73.7535,16.726,2301
"2026-09-09 18:00:00","2026-09-10 09:00:00","CAPE","surface",-73.7295,16.726,2341
"2026-09-09 18:00:00","2026-09-10 09:00:00","CAPE","surface",-73.7056,16.726,2349
"2026-09-09 18:00:00","2026-09-10 09:00:00","CAPE","surface",-73.6817,16.726,2367
"2026-09-09 18:00:00","2026-09-10 09:00:00","CAPE","surface",-73.6578,16.726,2427
"2026-09-09 18:00:00","2026-09-10 09:00:00","CAPE","surface",-73.6338,16.726,2420
"2026-09-09 18:00:00","2026-09-10 09:00:00","CAPE","surface",-73.6099,16.726,2532
"2026-09-09 18:00:00","2026-09-10 09:00:00","CAPE","surface",-73.586,16.726,2546
"2026-09-09 18:00:00","2026-09-10 09:00:00","CAPE","surface",-73.5621,16.726,2776
"2026-09-09 18:00:00","2026-09-10 09:00:00","CAPE","surface",-73.5381,16.726,2814
"2026-09-09 18:00:00","2026-09-10 09:00:00","CAPE","surface",-73.5142,16.726,2892
"2026-09-09 18:00:00","2026-09-10 09:00:00","CAPE","surface",-73.4903,16.726,2912
"2026-09-09 18:00:00","2026-09-10 09:00:00","CAPE","surface",-73.4664,16.726,2890
"2026-09-09 18:00:00","2026-09-10 09:00:00","CAPE","surface",-73.4424,16.726,2878
"2026-09-09 18:00:00","2026-09-10 09:00:00","CAPE","surface",-73.4185,16.726,2849
"2026-09-09 18:00:00","2026-09-10 09:00:00","CAPE","surface",-73.3946,16.726,2845
"2026-09-09 18:00:00","2026-09-10 09:00:00","CAPE","surface",-73.3707,16.726,2845
"2026-09-09 18:00:00","2026-09-10 09:00:00","CAPE","surface",-73.3467,16.726,2820
"2026-09-09 18:00:00","2026-09-10 09:00:00","CAPE","surface",-73.3228,16.726,2800
"2026-09-09 18:00:00","2026-09-10 09:00:00","CAPE","surface",-73.2989,16.726,2827
"2026-09-09 18:00:00","2026-09-10 09:00:00","CAPE","surface",-73.275,16.726,2812
"2026-09-09 18:00:00","2026-09-10 09:00:00","CAPE","surface",-73.251,16.726,2780
"2026-09-09 18:00:00","2026-09-10 09:00:00","CAPE","surface",-73.2271,16.726,2780
"2026-09-09 18:00:00","2026-09-10 09:00:00","CAPE","surface",-73.2032,16.726,2688
"2026-09-09 18:00:00","2026-09-10 09:00:00","CAPE","surface",-73.1793,16.726,2726
"2026-09-09 18:00:00","2026-09-10 09:00:00","CAPE","surface",-73.1553,16.726,2685
"2026-09-09 18:00:00","2026-09-10 09:00:00","CAPE","surface",-73.1314,16.726,2826
"2026-09-09 18:00:00","2026-09-10 09:00:00","CAPE","surface",-73.1075,16.726,2673
"2026-09-09 18:00:00","2026-09-10 09:00:00","CAPE","surface",-73.0836,16.726,2673
"2026-09-09 18:00:00","2026-09-10 09:00:00","CAPE","surface",-73.0596,16.726,2602
"2026-09-09 18:00:00","2026-09-10 09:00:00","CAPE","surface",-73.0357,16.726,2665
"2026-09-09 18:00:00","2026-09-10 09:00:00","CAPE","surface",-73.0118,16.726,2794
"2026-09-09 18:00:00","2026-09-10 09:00:00","CAPE","surface",-72.9879,16.726,2927
"2026-09-09 18:00:00","2026-09-10 09:00:00","CAPE","surface",-72.9639,16.726,2927
"2026-09-09 18:00:00","2026-09-10 09:00:00","CAPE","surface",-72.94,16.726,2948
"2026-09-09 18:00:00","2026-09-10 09:00:00","CAPE","surface",-72.9161,16.726,3025
"2026-09-09 18:00:00","2026-09-10 09:00:00","CAPE","surface",-72.8922,16.726,2946
"2026-09-09 18:00:00","2026-09-10 09:00:00","CAPE","surface",-72.8682,16.726,2895
"2026-09-09 18:00:00","2026-09-10 09:00:00","CAPE","surface",-72.8443,16.726,2852
"2026-09-09 18:00:00","2026-09-10 09:00:00","CAPE","surface",-72.8204,16.726,2852
"2026-09-09 18:00:00","2026-09-10 09:00:00","CAPE","surface",-72.7965,16.726,2797
"2026-09-09 18:00:00","2026-09-10 09:00:00","CAPE","surface",-72.7725,16.726,2815
"2026-09-09 18:00:00","2026-09-10 09:00:00","CAPE","surface",-72.7486,16.726,2730
"2026-09-09 18:00:00","2026-09-10 09:00:00","CAPE","surface",-72.7247,16.726,2542
"2026-09-09 18:00:00","2026-09-10 09:00:00","CAPE","surface",-72.7008,16.726,2564
"2026-09-09 18:00:00","2026-09-10 09:00:00","CAPE","surface",-72.6768,16.726,2437
"2026-09-09 18:00:00","2026-09-10 09:00:00","CAPE","surface",-72.6529,16.726,2492
"2026-09-09 18:00:00","2026-09-10 09:00:00","CAPE","surface",-72.629,16.726,2510
"2026-09-09 18:00:00","2026-09-10 09:00:00","CAPE","surface",-72.6051,16.726,2544
"2026-09-09 18:00:00","2026-09-10 09:00:00","CAPE","surface",-72.5811,16.726,2593
"2026-09-09 18:00:00","2026-09-10 09:00:00","CAPE","surface",-72.5572,16.726,2593
"2026-09-09 18:00:00","2026-09-10 09:00:00","CAPE","surface",-72.5333,16.726,2653
"2026-09-09 18:00:00","2026-09-10 09:00:00","CAPE","surface",-72.5094,16.726,2670
"2026-09-09 18:00:00","2026-09-10 09:00:00","CAPE","surface",-72.4854,16.726,2653
"2026-09-09 18:00:00","2026-09-10 09:00:00","CAPE","surface",-72.4615,16.726,2642
"2026-09-09 18:00:00","2026-09-10 09:00:00","CAPE","surface",-72.4376,16.726,2629
"2026-09-09 18:00:00","2026-09-10 09:00:00","CAPE","surface",-72.4137,16.726,2639
"2026-09-09 18:00:00","2026-09-10 09:00:00","CAPE","surface",-72.3897,16.726,2634
"2026-09-09 18:00:00","2026-09-10 09:00:00","CAPE","surface",-72.3658,16.726,2672
"2026-09-09 18:00:00","2026-09-10 09:00:00","CAPE","surface",-72.3419,16.726,2663
"2026-09-09 18:00:00","2026-09-10 09:00:00","CAPE","surface",-72.318,16.726,2615
"2026-09-09 18:00:00","2026-09-10 09:00:00","CAPE","surface",-72.294,16.726,2571
"2026-09-09 18:00:00","2026-09-10 09:00:00","CAPE","surface",-72.2701,16.726,2558
"2026-09-09 18:00:00","2026-09-10 09:00:00","CAPE","surface",-72.2462,16.726,2533
"2026-09-09 18:00:00","2026-09-10 09:00:00","CAPE","surface",-72.2223,16.726,2533
"2026-09-09 18:00:00","2026-09-10 09:00:00","CAPE","surface",-72.1983,16.726,2547
"2026-09-09 18:00:00","2026-09-10 09:00:00","CAPE","surface",-72.1744,16.726,2545
"2026-09-09 18:00:00","2026-09-10 09:00:00","CAPE","surface",-72.1505,16.726,2545
"2026-09-09 18:00:00","2026-09-10 09:00:00","CAPE","surface",-72.1266,16.726,2525
"2026-09-09 18:00:00","2026-09-10 09:00:00","CAPE","surface",-72.1026,16.726,2495
"2026-09-09 18:00:00","2026-09-10 09:00:00","CAPE","surface",-72.0787,16.726,2519
"2026-09-09 18:00:00","2026-09-10 09:00:00","CAPE","surface",-72.0548,16.726,2477
"2026-09-09 18:00:00","2026-09-10 09:00:00","CAPE","surface",-72.0309,16.726,2477
"2026-09-09 18:00:00","2026-09-10 09:00:00","CAPE","surface",-72.0069,16.726,2503
"2026-09-09 18:00:00","2026-09-10 09:00:00","CAPE","surface",-71.983,16.726,2498
"2026-09-09 18:00:00","2026-09-10 09:00:00","CAPE","surface",-71.9591,16.726,2605
"2026-09-09 18:00:00","2026-09-10 09:00:00","CAPE","surface",-71.9352,16.726,2564
"2026-09-09 18:00:00","2026-09-10 09:00:00","CAPE","surface",-71.9112,16.726,2623
"2026-09-09 18:00:00","2026-09-10 09:00:00","CAPE","surface",-71.8873,16.726,2623
"2026-09-09 18:00:00","2026-09-10 09:00:00","CAPE","surface",-71.8634,16.726,2813
"2026-09-09 18:00:00","2026-09-10 09:00:00","CAPE","surface",-71.8395,16.726,2956
"2026-09-09 18:00:00","2026-09-10 09:00:00","CAPE","surface",-71.8155,16.726,2914
"2026-09-09 18:00:00","2026-09-10 09:00:00","CAPE","surface",-71.7916,16.726,2810
"2026-09-09 18:00:00","2026-09-10 09:00:00","CAPE","surface",-71.7677,16.726,2810
"2026-09-09 18:00:00","2026-09-10 09:00:00","CAPE","surface",-71.7438,16.726,2654
"2026-09-09 18:00:00","2026-09-10 09:00:00","CAPE","surface",-71.7198,16.726,2654
"2026-09-09 18:00:00","2026-09-10 09:00:00","CAPE","surface",-71.6959,16.726,2577
"2026-09-09 18:00:00","2026-09-10 09:00:00","CAPE","surface",-71.672,16.726,2630
"2026-09-09 18:00:00","2026-09-10 09:00:00","CAPE","surface",-71.6481,16.726,2630
"2026-09-09 18:00:00","2026-09-10 09:00:00","CAPE","surface",-71.6241,16.726,2641
"2026-09-09 18:00:00","2026-09-10 09:00:00","CAPE","surface",-71.6002,16.726,2714
"2026-09-09 18:00:00","2026-09-10 09:00:00","CAPE","surface",-71.5763,16.726,2845
"2026-09-09 18:00:00","2026-09-10 09:00:00","CAPE","surface",-71.5524,16.726,2873
"2026-09-09 18:00:00","2026-09-10 09:00:00","CAPE","surface",-71.5284,16.726,2827
"2026-09-09 18:00:00","2026-09-10 09:00:00","CAPE","surface",-71.5045,16.726,2827
"2026-09-09 18:00:00","2026-09-10 09:00:00","CAPE","surface",-71.4806,16.726,2778
"2026-09-09 18:00:00","2026-09-10 09:00:00","CAPE","surface",-71.4567,16.726,2767
"2026-09-09 18:00:00","2026-09-10 09:00:00","CAPE","surface",-71.4327,16.726,2813
"2026-09-09 18:00:00","2026-09-10 09:00:00","CAPE","surface",-71.4088,16.726,2875
"2026-09-09 18:00:00","2026-09-10 09:00:00","CAPE","surface",-71.3849,16.726,2911
"2026-09-09 18:00:00","2026-09-10 09:00:00","CAPE","surface",-71.361,16.726,2021
"2026-09-09 18:00:00","2026-09-10 09:00:00","CAPE","surface",-71.337,16.726,633
"2026-09-09 18:00:00","2026-09-10 09:00:00","CAPE","surface",-71.3131,16.726,0
"2026-09-09 18:00:00","2026-09-10 09:00:00","CAPE","surface",-71.2892,16.726,0
"2026-09-09 18:00:00","2026-09-10 09:00:00","CAPE","surface",-71.2653,16.726,0
"2026-09-09 18:00:00","2026-09-10 09:00:00","CAPE","surface",-71.2413,16.726,0
"2026-09-09 18:00:00","2026-09-10 09:00:00","CAPE","surface",-71.2174,16.726,0
"2026-09-09 18:00:00","2026-09-10 09:00:00","CAPE","surface",-71.1935,16.726,73
"2026-09-09 18:00:00","2026-09-10 09:00:00","CAPE","surface",-71.1696,16.726,326
"2026-09-09 18:00:00","2026-09-10 09:00:00","CAPE","surface",-71.1456,16.726,326
"2026-09-09 18:00:00","2026-09-10 09:00:00","CAPE","surface",-71.1217,16.726,609
"2026-09-09 18:00:00","2026-09-10 09:00:00","CAPE","surface",-71.0978,16.726,531
"2026-09-09 18:00:00","2026-09-10 09:00:00","CAPE","surface",-71.0739,16.726,889
"2026-09-09 18:00:00","2026-09-10 09:00:00","CAPE","surface",-71.0499,16.726,598
"2026-09-09 18:00:00","2026-09-10 09:00:00","CAPE","surface",-71.026,16.726,744
"2026-09-09 18:00:00","2026-09-10 09:00:00","CAPE","surface",-71.0021,16.726,525
"2026-09-09 18:00:00","2026-09-10 09:00:00","CAPE","surface",-70.9782,16.726,609
"2026-09-09 18:00:00","2026-09-10 09:00:00","CAPE","surface",-70.9542,16.726,743
"2026-09-09 18:00:00","2026-09-10 09:00:00","CAPE","surface",-70.9303,16.726,892
"2026-09-09 18:00:00","2026-09-10 09:00:00","CAPE","surface",-70.9064,16.726,1117
"2026-09-09 18:00:00","2026-09-10 09:00:00","CAPE","surface",-70.8825,16.726,1778
"2026-09-09 18:00:00","2026-09-10 09:00:00","CAPE","surface",-70.8585,16.726,1843
"2026-09-09 18:00:00","2026-09-10 09:00:00","CAPE","surface",-70.8346,16.726,2656
"2026-09-09 18:00:00","2026-09-10 09:00:00","CAPE","surface",-70.8107,16.726,2792
"2026-09-09 18:00:00","2026-09-10 09:00:00","CAPE","surface",-70.7868,16.726,2418
"2026-09-09 18:00:00","2026-09-10 09:00:00","CAPE","surface",-70.7628,16.726,2418
"2026-09-09 18:00:00","2026-09-10 09:00:00","CAPE","surface",-70.7389,16.726,1841
"2026-09-09 18:00:00","2026-09-10 09:00:00","CAPE","surface",-70.715,16.726,1148
"2026-09-09 18:00:00","2026-09-10 09:00:00","CAPE","surface",-70.6911,16.726,727
"2026-09-09 18:00:00","2026-09-10 09:00:00","CAPE","surface",-70.6671,16.726,758
"2026-09-09 18:00:00","2026-09-10 09:00:00","CAPE","surface",-70.6432,16.726,758
"2026-09-09 18:00:00","2026-09-10 09:00:00","CAPE","surface",-70.6193,16.726,808
"2026-09-09 18:00:00","2026-09-10 09:00:00","CAPE","surface",-70.5954,16.726,621
"2026-09-09 18:00:00","2026-09-10 09:00:00","CAPE","surface",-70.5714,16.726,690
"2026-09-09 18:00:00","2026-09-10 09:00:00","CAPE","surface",-70.5475,16.726,491
"2026-09-09 18:00:00","2026-09-10 09:00:00","CAPE","surface",-70.5236,16.726,815
"2026-09-09 18:00:00","2026-09-10 09:00:00","CAPE","surface",-70.4997,16.726,648
"2026-09-09 18:00:00","2026-09-10 09:00:00","CAPE","surface",-70.4757,16.726,853
"2026-09-09 18:00:00","2026-09-10 09:00:00","CAPE","surface",-70.4518,16.726,1121
"2026-09-09 18:00:00","2026-09-10 09:00:00","CAPE","surface",-70.4279,16.726,1313
"2026-09-09 18:00:00","2026-09-10 09:00:00","CAPE","surface",-70.404,16.726,1524
"2026-09-09 18:00:00","2026-09-10 09:00:00","CAPE","surface",-70.38,16.726,1755
"2026-09-09 18:00:00","2026-09-10 09:00:00","CAPE","surface",-70.3561,16.726,2256
"2026-09-09 18:00:00","2026-09-10 09:00:00","CAPE","surface",-70.3322,16.726,2573
"2026-09-09 18:00:00","2026-09-10 09:00:00","CAPE","surface",-70.3083,16.726,3107
"2026-09-09 18:00:00","2026-09-10 09:00:00","CAPE","surface",-70.2843,16.726,3107
"2026-09-09 18:00:00","2026-09-10 09:00:00","CAPE","surface",-70.2604,16.726,2930
"2026-09-09 18:00:00","2026-09-10 09:00:00","CAPE","surface",-70.2365,16.726,2429
"2026-09-09 18:00:00","2026-09-10 09:00:00","CAPE","surface",-70.2126,16.726,2482
"2026-09-09 18:00:00","2026-09-10 09:00:00","CAPE","surface",-70.1886,16.726,2281
"2026-09-09 18:00:00","2026-09-10 09:00:00","CAPE","surface",-70.1647,16.726,2281
"2026-09-09 18:00:00","2026-09-10 09:00:00","CAPE","surface",-70.1408,16.726,2129
"2026-09-09 18:00:00","2026-09-10 09:00:00","CAPE","surface",-70.1169,16.726,2299
"2026-09-09 18:00:00","2026-09-10 09:00:00","CAPE","surface",-70.0929,16.726,2273
"2026-09-09 18:00:00","2026-09-10 09:00:00","CAPE","surface",-70.069,16.726,2325
"2026-09-09 18:00:00","2026-09-10 09:00:00","CAPE","surface",-70.0451,16.726,2325
"2026-09-09 18:00:00","2026-09-10 09:00:00","CAPE","surface",-70.0212,16.726,2457
"2026-09-09 18:00:00","2026-09-10 09:00:00","CAPE","surface",-69.9972,16.726,2562
"2026-09-09 18:00:00","2026-09-10 09:00:00","CAPE","surface",-69.9733,16.726,2714
"2026-09-09 18:00:00","2026-09-10 09:00:00","CAPE","surface",-69.9494,16.726,2714
"2026-09-09 18:00:00","2026-09-10 09:00:00","CAPE","surface",-69.9255,16.726,2967
"2026-09-09 18:00:00","2026-09-10 09:00:00","CAPE","surface",-69.9015,16.726,3098
"2026-09-09 18:00:00","2026-09-10 09:00:00","CAPE","surface",-69.8776,16.726,3104
"2026-09-09 18:00:00","2026-09-10 09:00:00","CAPE","surface",-69.8537,16.726,2928
"2026-09-09 18:00:00","2026-09-10 09:00:00","CAPE","surface",-69.8298,16.726,2928
"2026-09-09 18:00:00","2026-09-10 09:00:00","CAPE","surface",-69.8058,16.726,2700
"2026-09-09 18:00:00","2026-09-10 09:00:00","CAPE","surface",-69.7819,16.726,2522
"2026-09-09 18:00:00","2026-09-10 09:00:00","CAPE","surface",-69.758,16.726,2411
"2026-09-09 18:00:00","2026-09-10 09:00:00","CAPE","surface",-69.7341,16.726,2261
"2026-09-09 18:00:00","2026-09-10 09:00:00","CAPE","surface",-69.7101,16.726,2336
"2026-09-09 18:00:00","2026-09-10 09:00:00","CAPE","surface",-69.6862,16.726,2371
"2026-09-09 18:00:00","2026-09-10 09:00:00","CAPE","surface",-69.6623,16.726,2385
"2026-09-09 18:00:00","2026-09-10 09:00:00","CAPE","surface",-69.6384,16.726,2483
"2026-09-09 18:00:00","2026-09-10 09:00:00","CAPE","surface",-69.6144,16.726,2484
"2026-09-09 18:00:00","2026-09-10 09:00:00","CAPE","surface",-69.5905,16.726,2581
"2026-09-09 18:00:00","2026-09-10 09:00:00","CAPE","surface",-69.5666,16.726,2565
"2026-09-09 18:00:00","2026-09-10 09:00:00","CAPE","surface",-69.5427,16.726,2563
"2026-09-09 18:00:00","2026-09-10 09:00:00","CAPE","surface",-69.5187,16.726,2534
"2026-09-09 18:00:00","2026-09-10 09:00:00","CAPE","surface",-69.4948,16.726,2541
"2026-09-09 18:00:00","2026-09-10 09:00:00","CAPE","surface",-69.4709,16.726,2569
"2026-09-09 18:00:00","2026-09-10 09:00:00","CAPE","surface",-69.447,16.726,2598
"2026-09-09 18:00:00","2026-09-10 09:00:00","CAPE","surface",-69.423,16.726,2638
"2026-09-09 18:00:00","2026-09-10 09:00:00","CAPE","surface",-69.3991,16.726,2657
"2026-09-09 18:00:00","2026-09-10 09:00:00","CAPE","surface",-69.3752,16.726,2643
"2026-09-09 18:00:00","2026-09-10 09:00:00","CAPE","surface",-69.3513,16.726,2661
"2026-09-09 18:00:00","2026-09-10 09:00:00","CAPE","surface",-69.3273,16.726,2733
"2026-09-09 18:00:00","2026-09-10 09:00:00","CAPE","surface",-69.3034,16.726,2747
"2026-09-09 18:00:00","2026-09-10 09:00:00","CAPE","surface",-69.2795,16.726,2799
"2026-09-09 18:00:00","2026-09-10 09:00:00","CAPE","surface",-69.2556,16.726,2755
"2026-09-09 18:00:00","2026-09-10 09:00:00","CAPE","surface",-69.2316,16.726,2765
"2026-09-09 18:00:00","2026-09-10 09:00:00","CAPE","surface",-69.2077,16.726,2791
"2026-09-09 18:00:00","2026-09-10 09:00:00","CAPE","surface",-69.1838,16.726,2785
"2026-09-09 18:00:00","2026-09-10 09:00:00","CAPE","surface",-69.1599,16.726,2778
"2026-09-09 18:00:00","2026-09-10 09:00:00","CAPE","surface",-69.1359,16.726,2751
"2026-09-09 18:00:00","2026-09-10 09:00:00","CAPE","surface",-69.112,16.726,2745
"2026-09-09 18:00:00","2026-09-10 09:00:00","CAPE","surface",-69.0881,16.726,2720
"2026-09-09 18:00:00","2026-09-10 09:00:00","CAPE","surface",-69.0642,16.726,2729
"2026-09-09 18:00:00","2026-09-10 09:00:00","CAPE","surface",-69.0402,16.726,2712
"2026-09-09 18:00:00","2026-09-10 09:00:00","CAPE","surface",-69.0163,16.726,2702
"2026-09-09 18:00:00","2026-09-10 09:00:00","CAPE","surface",-68.9924,16.726,2685
"2026-09-09 18:00:00","2026-09-10 09:00:00","CAPE","surface",-68.9685,16.726,2686
"2026-09-09 18:00:00","2026-09-10 09:00:00","CAPE","surface",-68.9445,16.726,2644
"2026-09-09 18:00:00","2026-09-10 09:00:00","CAPE","surface",-68.9206,16.726,2704
"2026-09-09 18:00:00","2026-09-10 09:00:00","CAPE","surface",-68.8967,16.726,2577
"2026-09-09 18:00:00","2026-09-10 09:00:00","CAPE","surface",-68.8728,16.726,2738
"2026-09-09 18:00:00","2026-09-10 09:00:00","CAPE","surface",-68.8488,16.726,2605
"2026-09-09 18:00:00","2026-09-10 09:00:00","CAPE","surface",-68.8249,16.726,2764
"2026-09-09 18:00:00","2026-09-10 09:00:00","CAPE","surface",-68.801,16.726,2764
"2026-09-09 18:00:00","2026-09-10 09:00:00","CAPE","surface",-68.7771,16.726,2673
"2026-09-09 18:00:00","2026-09-10 09:00:00","CAPE","surface",-68.7531,16.726,2519
"2026-09-09 18:00:00","2026-09-10 09:00:00","CAPE","surface",-68.7292,16.726,2485
"2026-09-09 18:00:00","2026-09-10 09:00:00","CAPE","surface",-68.7053,16.726,2431
"2026-09-09 18:00:00","2026-09-10 09:00:00","CAPE","surface",-68.6813,16.726,2462
"2026-09-09 18:00:00","2026-09-10 09:00:00","CAPE","surface",-68.6574,16.726,2497
"2026-09-09 18:00:00","2026-09-10 09:00:00","CAPE","surface",-68.6335,16.726,2492
"2026-09-09 18:00:00","2026-09-10 09:00:00","CAPE","surface",-68.6096,16.726,2459
"2026-09-09 18:00:00","2026-09-10 09:00:00","CAPE","surface",-68.5856,16.726,2562
"2026-09-09 18:00:00","2026-09-10 09:00:00","CAPE","surface",-68.5617,16.726,2491
"2026-09-09 18:00:00","2026-09-10 09:00:00","CAPE","surface",-68.5378,16.726,2465
"2026-09-09 18:00:00","2026-09-10 09:00:00","CAPE","surface",-68.5139,16.726,2365
"2026-09-09 18:00:00","2026-09-10 09:00:00","CAPE","surface",-68.4899,16.726,2321
"2026-09-09 18:00:00","2026-09-10 09:00:00","CAPE","surface",-68.466,16.726,2246
"2026-09-09 18:00:00","2026-09-10 09:00:00","CAPE","surface",-68.4421,16.726,2194
"2026-09-09 18:00:00","2026-09-10 09:00:00","CAPE","surface",-68.4182,16.726,2182
"2026-09-09 18:00:00","2026-09-10 09:00:00","CAPE","surface",-68.3942,16.726,2194
"2026-09-09 18:00:00","2026-09-10 09:00:00","CAPE","surface",-68.3703,16.726,2179
"2026-09-09 18:00:00","2026-09-10 09:00:00","CAPE","surface",-68.3464,16.726,2226
"2026-09-09 18:00:00","2026-09-10 09:00:00","CAPE","surface",-68.3225,16.726,2320
"2026-09-09 18:00:00","2026-09-10 09:00:00","CAPE","surface",-68.2985,16.726,2499
"2026-09-09 18:00:00","2026-09-10 09:00:00","CAPE","surface",-68.2746,16.726,2499
"2026-09-09 18:00:00","2026-09-10 09:00:00","CAPE","surface",-68.2507,16.726,2688
"2026-09-09 18:00:00","2026-09-10 09:00:00","CAPE","surface",-68.2268,16.726,2753
"2026-09-09 18:00:00","2026-09-10 09:00:00","CAPE","surface",-68.2028,16.726,2853
"2026-09-09 18:00:00","2026-09-10 09:00:00","CAPE","surface",-68.1789,16.726,2843
"2026-09-09 18:00:00","2026-09-10 09:00:00","CAPE","surface",-68.155,16.726,2924
"2026-09-09 18:00:00","2026-09-10 09:00:00","CAPE","surface",-68.1311,16.726,2976
"2026-09-09 18:00:00","2026-09-10 09:00:00","CAPE","surface",-68.1071,16.726,2945
"2026-09-09 18:00:00","2026-09-10 09:00:00","CAPE","surface",-68.0832,16.726,2911
"2026-09-09 18:00:00","2026-09-10 09:00:00","CAPE","surface",-68.0593,16.726,2911
"2026-09-09 18:00:00","2026-09-10 09:00:00","CAPE","surface",-68.0354,16.726,2874
"2026-09-09 18:00:00","2026-09-10 09:00:00","CAPE","surface",-68.0114,16.726,2846
"2026-09-09 18:00:00","2026-09-10 09:00:00","CAPE","surface",-67.9875,16.726,2859
"2026-09-09 18:00:00","2026-09-10 09:00:00","CAPE","surface",-67.9636,16.726,2876
"2026-09-09 18:00:00","2026-09-10 09:00:00","CAPE","surface",-67.9397,16.726,2865
"2026-09-09 18:00:00","2026-09-10 09:00:00","CAPE","surface",-67.9157,16.726,2883
"2026-09-09 18:00:00","2026-09-10 09:00:00","CAPE","surface",-67.8918,16.726,2881
"2026-09-09 18:00:00","2026-09-10 09:00:00","CAPE","surface",-67.8679,16.726,2911
"2026-09-09 18:00:00","2026-09-10 09:00:00","CAPE","surface",-67.844,16.726,2911
"2026-09-09 18:00:00","2026-09-10 09:00:00","CAPE","surface",-67.82,16.726,2914
"2026-09-09 18:00:00","2026-09-10 09:00:00","CAPE","surface",-67.7961,16.726,2885
"2026-09-09 18:00:00","2026-09-10 09:00:00","CAPE","surface",-67.7722,16.726,2865
"2026-09-09 18:00:00","2026-09-10 09:00:00","CAPE","surface",-67.7483,16.726,2841
"2026-09-09 18:00:00","2026-09-10 09:00:00","CAPE","surface",-67.7243,16.726,2837
"2026-09-09 18:00:00","2026-09-10 09:00:00","CAPE","surface",-67.7004,16.726,2873
"2026-09-09 18:00:00","2026-09-10 09:00:00","CAPE","surface",-67.6765,16.726,2990
"2026-09-09 18:00:00","2026-09-10 09:00:00","CAPE","surface",-67.6526,16.726,3113
"2026-09-09 18:00:00","2026-09-10 09:00:00","CAPE","surface",-67.6286,16.726,3134
"2026-09-09 18:00:00","2026-09-10 09:00:00","CAPE","surface",-67.6047,16.726,3242
"2026-09-09 18:00:00","2026-09-10 09:00:00","CAPE","surface",-67.5808,16.726,3348
"2026-09-09 18:00:00","2026-09-10 09:00:00","CAPE","surface",-67.5569,16.726,3375
"2026-09-09 18:00:00","2026-09-10 09:00:00","CAPE","surface",-67.5329,16.726,3426
"2026-09-09 18:00:00","2026-09-10 09:00:00","CAPE","surface",-67.509,16.726,3474
"2026-09-09 18:00:00","2026-09-10 09:00:00","CAPE","surface",-67.4851,16.726,3452
"2026-09-09 18:00:00","2026-09-10 09:00:00","CAPE","surface",-67.4612,16.726,3390
"2026-09-09 18:00:00","2026-09-10 09:00:00","CAPE","surface",-67.4372,16.726,3390
"2026-09-09 18:00:00","2026-09-10 09:00:00","CAPE","surface",-67.4133,16.726,3291
"2026-09-09 18:00:00","2026-09-10 09:00:00","CAPE","surface",-67.3894,16.726,3232
"2026-09-09 18:00:00","2026-09-10 09:00:00","CAPE","surface",-67.3655,16.726,3289
"2026-09-09 18:00:00","2026-09-10 09:00:00","CAPE","surface",-67.3415,16.726,3337
"2026-09-09 18:00:00","2026-09-10 09:00:00","CAPE","surface",-67.3176,16.726,3337
"2026-09-09 18:00:00","2026-09-10 09:00:00","CAPE","surface",-67.2937,16.726,3237
"2026-09-09 18:00:00","2026-09-10 09:00:00","CAPE","surface",-67.2698,16.726,3235
"2026-09-09 18:00:00","2026-09-10 09:00:00","CAPE","surface",-67.2458,16.726,3009
"2026-09-09 18:00:00","2026-09-10 09:00:00","CAPE","surface",-67.2219,16.726,2809
"2026-09-09 18:00:00","2026-09-10 09:00:00","CAPE","surface",-67.198,16.726,2845
"2026-09-09 18:00:00","2026-09-10 09:00:00","CAPE","surface",-67.1741,16.726,2897
"2026-09-09 18:00:00","2026-09-10 09:00:00","CAPE","surface",-67.1501,16.726,3018
"2026-09-09 18:00:00","2026-09-10 09:00:00","CAPE","surface",-67.1262,16.726,3027
"2026-09-09 18:00:00","2026-09-10 09:00:00","CAPE","surface",-67.1023,16.726,3141
"2026-09-09 18:00:00","2026-09-10 09:00:00","CAPE","surface",-67.0784,16.726,3269
"2026-09-09 18:00:00","2026-09-10 09:00:00","CAPE","surface",-67.0544,16.726,3290
"2026-09-09 18:00:00","2026-09-10 09:00:00","CAPE","surface",-67.0305,16.726,3290
"2026-09-09 18:00:00","2026-09-10 09:00:00","CAPE","surface",-67.0066,16.726,3216
"2026-09-09 18:00:00","2026-09-10 09:00:00","CAPE","surface",-74.7822,16.7489,2246
"2026-09-09 18:00:00","2026-09-10 09:00:00","CAPE","surface",-74.7583,16.7489,2182
"2026-09-09 18:00:00","2026-09-10 09:00:00","CAPE","surface",-74.7344,16.7489,2243
"2026-09-09 18:00:00","2026-09-10 09:00:00","CAPE","surface",-74.7105,16.7489,2332
"2026-09-09 18:00:00","2026-09-10 09:00:00","CAPE","surface",-74.6865,16.7489,2382
"2026-09-09 18:00:00","2026-09-10 09:00:00","CAPE","surface",-74.6626,16.7489,2369
"2026-09-09 18:00:00","2026-09-10 09:00:00","CAPE","surface",-74.6387,16.7489,2438
"2026-09-09 18:00:00","2026-09-10 09:00:00","CAPE","surface",-74.6148,16.7489,2374
"2026-09-09 18:00:00","2026-09-10 09:00:00","CAPE","surface",-74.5908,16.7489,2285
"2026-09-09 18:00:00","2026-09-10 09:00:00","CAPE","surface",-74.5669,16.7489,2247
"2026-09-09 18:00:00","2026-09-10 09:00:00","CAPE","surface",-74.543,16.7489,2221
"2026-09-09 18:00:00","2026-09-10 09:00:00","CAPE","surface",-74.5191,16.7489,2233
"2026-09-09 18:00:00","2026-09-10 09:00:00","CAPE","surface",-74.4951,16.7489,2353
"2026-09-09 18:00:00","2026-09-10 09:00:00","CAPE","surface",-74.4712,16.7489,2412
"2026-09-09 18:00:00","2026-09-10 09:00:00","CAPE","surface",-74.4473,16.7489,2607
"2026-09-09 18:00:00","2026-09-10 09:00:00","CAPE","surface",-74.4234,16.7489,2762
"2026-09-09 18:00:00","2026-09-10 09:00:00","CAPE","surface",-74.3994,16.7489,2774
"2026-09-09 18:00:00","2026-09-10 09:00:00","CAPE","surface",-74.3755,16.7489,2718
"2026-09-09 18:00:00","2026-09-10 09:00:00","CAPE","surface",-74.3516,16.7489,2494
"2026-09-09 18:00:00","2026-09-10 09:00:00","CAPE","surface",-74.3277,16.7489,2641
"2026-09-09 18:00:00","2026-09-10 09:00:00","CAPE","surface",-74.3037,16.7489,2410
"2026-09-09 18:00:00","2026-09-10 09:00:00","CAPE","surface",-74.2798,16.7489,2443
"2026-09-09 18:00:00","2026-09-10 09:00:00","CAPE","surface",-74.2559,16.7489,2254
"2026-09-09 18:00:00","2026-09-10 09:00:00","CAPE","surface",-74.232,16.7489,2507
"2026-09-09 18:00:00","2026-09-10 09:00:00","CAPE","surface",-74.208,16.7489,2406
"2026-09-09 18:00:00","2026-09-10 09:00:00","CAPE","surface",-74.1841,16.7489,2827
"2026-09-09 18:00:00","2026-09-10 09:00:00","CAPE","surface",-74.1602,16.7489,2731
"2026-09-09 18:00:00","2026-09-10 09:00:00","CAPE","surface",-74.1363,16.7489,2851
"2026-09-09 18:00:00","2026-09-10 09:00:00","CAPE","surface",-74.1123,16.7489,2730
"2026-09-09 18:00:00","2026-09-10 09:00:00","CAPE","surface",-74.0884,16.7489,2620
"2026-09-09 18:00:00","2026-09-10 09:00:00","CAPE","surface",-74.0645,16.7489,2477
"2026-09-09 18:00:00","2026-09-10 09:00:00","CAPE","surface",-74.0406,16.7489,2392
"2026-09-09 18:00:00","2026-09-10 09:00:00","CAPE","surface",-74.0166,16.7489,2300
"2026-09-09 18:00:00","2026-09-10 09:00:00","CAPE","surface",-73.9927,16.7489,2186
"2026-09-09 18:00:00","2026-09-10 09:00:00","CAPE","surface",-73.9688,16.7489,2111
"2026-09-09 18:00:00","2026-09-10 09:00:00","CAPE","surface",-73.9449,16.7489,2120
"2026-09-09 18:00:00","2026-09-10 09:00:00","CAPE","surface",-73.9209,16.7489,2120
"2026-09-09 18:00:00","2026-09-10 09:00:00","CAPE","surface",-73.897,16.7489,2162
"2026-09-09 18:00:00","2026-09-10 09:00:00","CAPE","surface",-73.8731,16.7489,2135
"2026-09-09 18:00:00","2026-09-10 09:00:00","CAPE","surface",-73.8492,16.7489,2160
"2026-09-09 18:00:00","2026-09-10 09:00:00","CAPE","surface",-73.8252,16.7489,2178
"2026-09-09 18:00:00","2026-09-10 09:00:00","CAPE","surface",-73.8013,16.7489,2207
"2026-09-09 18:00:00","2026-09-10 09:00:00","CAPE","surface",-73.7774,16.7489,2261
"2026-09-09 18:00:00","2026-09-10 09:00:00","CAPE","surface",-73.7535,16.7489,2301
"2026-09-09 18:00:00","2026-09-10 09:00:00","CAPE","surface",-73.7295,16.7489,2347
"2026-09-09 18:00:00","2026-09-10 09:00:00","CAPE","surface",-73.7056,16.7489,2343
"2026-09-09 18:00:00","2026-09-10 09:00:00","CAPE","surface",-73.6817,16.7489,2467
"2026-09-09 18:00:00","2026-09-10 09:00:00","CAPE","surface",-73.6578,16.7489,2427
"2026-09-09 18:00:00","2026-09-10 09:00:00","CAPE","surface",-73.6338,16.7489,2557
"2026-09-09 18:00:00","2026-09-10 09:00:00","CAPE","surface",-73.6099,16.7489,2532
"2026-09-09 18:00:00","2026-09-10 09:00:00","CAPE","surface",-73.586,16.7489,2716
"2026-09-09 18:00:00","2026-09-10 09:00:00","CAPE","surface",-73.5621,16.7489,2783
"2026-09-09 18:00:00","2026-09-10 09:00:00","CAPE","surface",-73.5381,16.7489,2839
"2026-09-09 18:00:00","2026-09-10 09:00:00","CAPE","surface",-73.5142,16.7489,2746
"2026-09-09 18:00:00","2026-09-10 09:00:00","CAPE","surface",-73.4903,16.7489,2834
"2026-09-09 18:00:00","2026-09-10 09:00:00","CAPE","surface",-73.4664,16.7489,2747
"2026-09-09 18:00:00","2026-09-10 09:00:00","CAPE","surface",-73.4424,16.7489,2747
"2026-09-09 18:00:00","2026-09-10 09:00:00","CAPE","surface",-73.4185,16.7489,2758
"2026-09-09 18:00:00","2026-09-10 09:00:00","CAPE","surface",-73.3946,16.7489,2853
"2026-09-09 18:00:00","2026-09-10 09:00:00","CAPE","surface",-73.3707,16.7489,2801
"2026-09-09 18:00:00","2026-09-10 09:00:00","CAPE","surface",-73.3467,16.7489,2820
"2026-09-09 18:00:00","2026-09-10 09:00:00","CAPE","surface",-73.3228,16.7489,2691
"2026-09-09 18:00:00","2026-09-10 09:00:00","CAPE","surface",-73.2989,16.7489,2788
"2026-09-09 18:00:00","2026-09-10 09:00:00","CAPE","surface",-73.275,16.7489,2697
"2026-09-09 18:00:00","2026-09-10 09:00:00","CAPE","surface",-73.251,16.7489,2767
"2026-09-09 18:00:00","2026-09-10 09:00:00","CAPE","surface",-73.2271,16.7489,2634
"2026-09-09 18:00:00","2026-09-10 09:00:00","CAPE","surface",-73.2032,16.7489,2485
"2026-09-09 18:00:00","2026-09-10 09:00:00","CAPE","surface",-73.1793,16.7489,2485
"2026-09-09 18:00:00","2026-09-10 09:00:00","CAPE","surface",-73.1553,16.7489,2364
"2026-09-09 18:00:00","2026-09-10 09:00:00","CAPE","surface",-73.1314,16.7489,2425
"2026-09-09 18:00:00","2026-09-10 09:00:00","CAPE","surface",-73.1075,16.7489,2325
"2026-09-09 18:00:00","2026-09-10 09:00:00","CAPE","surface",-73.0836,16.7489,2443
"2026-09-09 18:00:00","2026-09-10 09:00:00","CAPE","surface",-73.0596,16.7489,2467
"2026-09-09 18:00:00","2026-09-10 09:00:00","CAPE","surface",-73.0357,16.7489,2467
"2026-09-09 18:00:00","2026-09-10 09:00:00","CAPE","surface",-73.0118,16.7489,2587
"2026-09-09 18:00:00","2026-09-10 09:00:00","CAPE","surface",-72.9879,16.7489,2782
"2026-09-09 18:00:00","2026-09-10 09:00:00","CAPE","surface",-72.9639,16.7489,2805
"2026-09-09 18:00:00","2026-09-10 09:00:00","CAPE","surface",-72.94,16.7489,2948
"2026-09-09 18:00:00","2026-09-10 09:00:00","CAPE","surface",-72.9161,16.7489,2855
"2026-09-09 18:00:00","2026-09-10 09:00:00","CAPE","surface",-72.8922,16.7489,2855
"2026-09-09 18:00:00","2026-09-10 09:00:00","CAPE","surface",-72.8682,16.7489,2678
"2026-09-09 18:00:00","2026-09-10 09:00:00","CAPE","surface",-72.8443,16.7489,2542
"2026-09-09 18:00:00","2026-09-10 09:00:00","CAPE","surface",-72.8204,16.7489,2697
"2026-09-09 18:00:00","2026-09-10 09:00:00","CAPE","surface",-72.7965,16.7489,2569
"2026-09-09 18:00:00","2026-09-10 09:00:00","CAPE","surface",-72.7725,16.7489,2569
"2026-09-09 18:00:00","2026-09-10 09:00:00","CAPE","surface",-72.7486,16.7489,2433
"2026-09-09 18:00:00","2026-09-10 09:00:00","CAPE","surface",-72.7247,16.7489,2502
"2026-09-09 18:00:00","2026-09-10 09:00:00","CAPE","surface",-72.7008,16.7489,2409
"2026-09-09 18:00:00","2026-09-10 09:00:00","CAPE","surface",-72.6768,16.7489,2437
"2026-09-09 18:00:00","2026-09-10 09:00:00","CAPE","surface",-72.6529,16.7489,2476
"2026-09-09 18:00:00","2026-09-10 09:00:00","CAPE","surface",-72.629,16.7489,2476
"2026-09-09 18:00:00","2026-09-10 09:00:00","CAPE","surface",-72.6051,16.7489,2494
"2026-09-09 18:00:00","2026-09-10 09:00:00","CAPE","surface",-72.5811,16.7489,2544
"2026-09-09 18:00:00","2026-09-10 09:00:00","CAPE","surface",-72.5572,16.7489,2619
"2026-09-09 18:00:00","2026-09-10 09:00:00","CAPE","surface",-72.5333,16.7489,2644
"2026-09-09 18:00:00","2026-09-10 09:00:00","CAPE","surface",-72.5094,16.7489,2654
"2026-09-09 18:00:00","2026-09-10 09:00:00","CAPE","surface",-72.4854,16.7489,2644
"2026-09-09 18:00:00","2026-09-10 09:00:00","CAPE","surface",-72.4615,16.7489,2633
"2026-09-09 18:00:00","2026-09-10 09:00:00","CAPE","surface",-72.4376,16.7489,2637
"2026-09-09 18:00:00","2026-09-10 09:00:00","CAPE","surface",-72.4137,16.7489,2639
"2026-09-09 18:00:00","2026-09-10 09:00:00","CAPE","surface",-72.3897,16.7489,2673
"2026-09-09 18:00:00","2026-09-10 09:00:00","CAPE","surface",-72.3658,16.7489,2673
"2026-09-09 18:00:00","2026-09-10 09:00:00","CAPE","surface",-72.3419,16.7489,2716
"2026-09-09 18:00:00","2026-09-10 09:00:00","CAPE","surface",-72.318,16.7489,2667
"2026-09-09 18:00:00","2026-09-10 09:00:00","CAPE","surface",-72.294,16.7489,2607
"2026-09-09 18:00:00","2026-09-10 09:00:00","CAPE","surface",-72.2701,16.7489,2554
"2026-09-09 18:00:00","2026-09-10 09:00:00","CAPE","surface",-72.2462,16.7489,2530
"2026-09-09 18:00:00","2026-09-10 09:00:00","CAPE","surface",-72.2223,16.7489,2537
"2026-09-09 18:00:00","2026-09-10 09:00:00","CAPE","surface",-72.1983,16.7489,2525
"2026-09-09 18:00:00","2026-09-10 09:00:00","CAPE","surface",-72.1744,16.7489,2514
"2026-09-09 18:00:00","2026-09-10 09:00:00","CAPE","surface",-72.1505,16.7489,2510
"2026-09-09 18:00:00","2026-09-10 09:00:00","CAPE","surface",-72.1266,16.7489,2484
"2026-09-09 18:00:00","2026-09-10 09:00:00","CAPE","surface",-72.1026,16.7489,2484
"2026-09-09 18:00:00","2026-09-10 09:00:00","CAPE","surface",-72.0787,16.7489,2459
"2026-09-09 18:00:00","2026-09-10 09:00:00","CAPE","surface",-72.0548,16.7489,2467
"2026-09-09 18:00:00","2026-09-10 09:00:00","CAPE","surface",-72.0309,16.7489,2500
"2026-09-09 18:00:00","2026-09-10 09:00:00","CAPE","surface",-72.0069,16.7489,2503
"2026-09-09 18:00:00","2026-09-10 09:00:00","CAPE","surface",-71.983,16.7489,2641
"2026-09-09 18:00:00","2026-09-10 09:00:00","CAPE","surface",-71.9591,16.7489,2751
"2026-09-09 18:00:00","2026-09-10 09:00:00","CAPE","surface",-71.9352,16.7489,2690
"2026-09-09 18:00:00","2026-09-10 09:00:00","CAPE","surface",-71.9112,16.7489,2809
"2026-09-09 18:00:00","2026-09-10 09:00:00","CAPE","surface",-71.8873,16.7489,2805
"2026-09-09 18:00:00","2026-09-10 09:00:00","CAPE","surface",-71.8634,16.7489,3001
"2026-09-09 18:00:00","2026-09-10 09:00:00","CAPE","surface",-71.8395,16.7489,3001
"2026-09-09 18:00:00","2026-09-10 09:00:00","CAPE","surface",-71.8155,16.7489,2959
"2026-09-09 18:00:00","2026-09-10 09:00:00","CAPE","surface",-71.7916,16.7489,2874
"2026-09-09 18:00:00","2026-09-10 09:00:00","CAPE","surface",-71.7677,16.7489,2665
"2026-09-09 18:00:00","2026-09-10 09:00:00","CAPE","surface",-71.7438,16.7489,2481
"2026-09-09 18:00:00","2026-09-10 09:00:00","CAPE","surface",-71.7198,16.7489,2481
"2026-09-09 18:00:00","2026-09-10 09:00:00","CAPE","surface",-71.6959,16.7489,2465
"2026-09-09 18:00:00","2026-09-10 09:00:00","CAPE","surface",-71.672,16.7489,2528
"2026-09-09 18:00:00","2026-09-10 09:00:00","CAPE","surface",-71.6481,16.7489,2600
"2026-09-09 18:00:00","2026-09-10 09:00:00","CAPE","surface",-71.6241,16.7489,2641
"2026-09-09 18:00:00","2026-09-10 09:00:00","CAPE","surface",-71.6002,16.7489,2782
"2026-09-09 18:00:00","2026-09-10 09:00:00","CAPE","surface",-71.5763,16.7489,2782
"2026-09-09 18:00:00","2026-09-10 09:00:00","CAPE","surface",-71.5524,16.7489,2867
"2026-09-09 18:00:00","2026-09-10 09:00:00","CAPE","surface",-71.5284,16.7489,2869
"2026-09-09 18:00:00","2026-09-10 09:00:00","CAPE","surface",-71.5045,16.7489,2792
"2026-09-09 18:00:00","2026-09-10 09:00:00","CAPE","surface",-71.4806,16.7489,2755
"2026-09-09 18:00:00","2026-09-10 09:00:00","CAPE","surface",-71.4567,16.7489,2755
"2026-09-09 18:00:00","2026-09-10 09:00:00","CAPE","surface",-71.4327,16.7489,2773
"2026-09-09 18:00:00","2026-09-10 09:00:00","CAPE","surface",-71.4088,16.7489,2827
"2026-09-09 18:00:00","2026-09-10 09:00:00","CAPE","surface",-71.3849,16.7489,2799
"2026-09-09 18:00:00","2026-09-10 09:00:00","CAPE","surface",-71.361,16.7489,2021
"2026-09-09 18:00:00","2026-09-10 09:00:00","CAPE","surface",-71.337,16.7489,530
"2026-09-09 18:00:00","2026-09-10 09:00:00","CAPE","surface",-71.3131,16.7489,0
"2026-09-09 18:00:00","2026-09-10 09:00:00","CAPE","surface",-71.2892,16.7489,0
"2026-09-09 18:00:00","2026-09-10 09:00:00","CAPE","surface",-71.2653,16.7489,0
"2026-09-09 18:00:00","2026-09-10 09:00:00","CAPE","surface",-71.2413,16.7489,0
"2026-09-09 18:00:00","2026-09-10 09:00:00","CAPE","surface",-71.2174,16.7489,15
"2026-09-09 18:00:00","2026-09-10 09:00:00","CAPE","surface",-71.1935,16.7489,36
"2026-09-09 18:00:00","2026-09-10 09:00:00","CAPE","surface",-71.1696,16.7489,28
"2026-09-09 18:00:00","2026-09-10 09:00:00","CAPE","surface",-71.1456,16.7489,242
"2026-09-09 18:00:00","2026-09-10 09:00:00","CAPE","surface",-71.1217,16.7489,279
"2026-09-09 18:00:00","2026-09-10 09:00:00","CAPE","surface",-71.0978,16.7489,279
"2026-09-09 18:00:00","2026-09-10 09:00:00","CAPE","surface",-71.0739,16.7489,293
"2026-09-09 18:00:00","2026-09-10 09:00:00","CAPE","surface",-71.0499,16.7489,451
"2026-09-09 18:00:00","2026-09-10 09:00:00","CAPE","surface",-71.026,16.7489,484
"2026-09-09 18:00:00","2026-09-10 09:00:00","CAPE","surface",-71.0021,16.7489,467
"2026-09-09 18:00:00","2026-09-10 09:00:00","CAPE","surface",-70.9782,16.7489,571
"2026-09-09 18:00:00","2026-09-10 09:00:00","CAPE","surface",-70.9542,16.7489,707
"2026-09-09 18:00:00","2026-09-10 09:00:00","CAPE","surface",-70.9303,16.7489,963
"2026-09-09 18:00:00","2026-09-10 09:00:00","CAPE","surface",-70.9064,16.7489,1791
"2026-09-09 18:00:00","2026-09-10 09:00:00","CAPE","surface",-70.8825,16.7489,1778
"2026-09-09 18:00:00","2026-09-10 09:00:00","CAPE","surface",-70.8585,16.7489,2514
"2026-09-09 18:00:00","2026-09-10 09:00:00","CAPE","surface",-70.8346,16.7489,2514
"2026-09-09 18:00:00","2026-09-10 09:00:00","CAPE","surface",-70.8107,16.7489,2913
"2026-09-09 18:00:00","2026-09-10 09:00:00","CAPE","surface",-70.7868,16.7489,2823
"2026-09-09 18:00:00","2026-09-10 09:00:00","CAPE","surface",-70.7628,16.7489,2425
"2026-09-09 18:00:00","2026-09-10 09:00:00","CAPE","surface",-70.7389,16.7489,2018
"2026-09-09 18:00:00","2026-09-10 09:00:00","CAPE","surface",-70.715,16.7489,2018
"2026-09-09 18:00:00","2026-09-10 09:00:00","CAPE","surface",-70.6911,16.7489,1714
"2026-09-09 18:00:00","2026-09-10 09:00:00","CAPE","surface",-70.6671,16.7489,1071
"2026-09-09 18:00:00","2026-09-10 09:00:00","CAPE","surface",-70.6432,16.7489,1049
"2026-09-09 18:00:00","2026-09-10 09:00:00","CAPE","surface",-70.6193,16.7489,808
"2026-09-09 18:00:00","2026-09-10 09:00:00","CAPE","surface",-70.5954,16.7489,1160
"2026-09-09 18:00:00","2026-09-10 09:00:00","CAPE","surface",-70.5714,16.7489,1374
"2026-09-09 18:00:00","2026-09-10 09:00:00","CAPE","surface",-70.5475,16.7489,1109
"2026-09-09 18:00:00","2026-09-10 09:00:00","CAPE","surface",-70.5236,16.7489,1259
"2026-09-09 18:00:00","2026-09-10 09:00:00","CAPE","surface",-70.4997,16.7489,979
"2026-09-09 18:00:00","2026-09-10 09:00:00","CAPE","surface",-70.4757,16.7489,1481
"2026-09-09 18:00:00","2026-09-10 09:00:00","CAPE","surface",-70.4518,16.7489,1242
"2026-09-09 18:00:00","2026-09-10 09:00:00","CAPE","surface",-70.4279,16.7489,1654
"2026-09-09 18:00:00","2026-09-10 09:00:00","CAPE","surface",-70.404,16.7489,1524
"2026-09-09 18:00:00","2026-09-10 09:00:00","CAPE","surface",-70.38,16.7489,2067
"2026-09-09 18:00:00","2026-09-10 09:00:00","CAPE","surface",-70.3561,16.7489,2726
"2026-09-09 18:00:00","2026-09-10 09:00:00","CAPE","surface",-70.3322,16.7489,2739
"2026-09-09 18:00:00","2026-09-10 09:00:00","CAPE","surface",-70.3083,16.7489,2990
"2026-09-09 18:00:00","2026-09-10 09:00:00","CAPE","surface",-70.2843,16.7489,3024
"2026-09-09 18:00:00","2026-09-10 09:00:00","CAPE","surface",-70.2604,16.7489,2396
"2026-09-09 18:00:00","2026-09-10 09:00:00","CAPE","surface",-70.2365,16.7489,2396
"2026-09-09 18:00:00","2026-09-10 09:00:00","CAPE","surface",-70.2126,16.7489,2099
"2026-09-09 18:00:00","2026-09-10 09:00:00","CAPE","surface",-70.1886,16.7489,2188
"2026-09-09 18:00:00","2026-09-10 09:00:00","CAPE","surface",-70.1647,16.7489,1995
"2026-09-09 18:00:00","2026-09-10 09:00:00","CAPE","surface",-70.1408,16.7489,1930
"2026-09-09 18:00:00","2026-09-10 09:00:00","CAPE","surface",-70.1169,16.7489,1930
"2026-09-09 18:00:00","2026-09-10 09:00:00","CAPE","surface",-70.0929,16.7489,2021
"2026-09-09 18:00:00","2026-09-10 09:00:00","CAPE","surface",-70.069,16.7489,2107
"2026-09-09 18:00:00","2026-09-10 09:00:00","CAPE","surface",-70.0451,16.7489,2298
"2026-09-09 18:00:00","2026-09-10 09:00:00","CAPE","surface",-70.0212,16.7489,2298
"2026-09-09 18:00:00","2026-09-10 09:00:00","CAPE","surface",-69.9972,16.7489,2491
"2026-09-09 18:00:00","2026-09-10 09:00:00","CAPE","surface",-69.9733,16.7489,2615
"2026-09-09 18:00:00","2026-09-10 09:00:00","CAPE","surface",-69.9494,16.7489,2833
"2026-09-09 18:00:00","2026-09-10 09:00:00","CAPE","surface",-69.9255,16.7489,3032
"2026-09-09 18:00:00","2026-09-10 09:00:00","CAPE","surface",-69.9015,16.7489,3032
"2026-09-09 18:00:00","2026-09-10 09:00:00","CAPE","surface",-69.8776,16.7489,3066
"2026-09-09 18:00:00","2026-09-10 09:00:00","CAPE","surface",-69.8537,16.7489,3021
"2026-09-09 18:00:00","2026-09-10 09:00:00","CAPE","surface",-69.8298,16.7489,2892
"2026-09-09 18:00:00","2026-09-10 09:00:00","CAPE","surface",-69.8058,16.7489,2700
"2026-09-09 18:00:00","2026-09-10 09:00:00","CAPE","surface",-69.7819,16.7489,2807
"2026-09-09 18:00:00","2026-09-10 09:00:00","CAPE","surface",-69.758,16.7489,2576
"2026-09-09 18:00:00","2026-09-10 09:00:00","CAPE","surface",-69.7341,16.7489,2419
"2026-09-09 18:00:00","2026-09-10 09:00:00","CAPE","surface",-69.7101,16.7489,2369
"2026-09-09 18:00:00","2026-09-10 09:00:00","CAPE","surface",-69.6862,16.7489,2371
"2026-09-09 18:00:00","2026-09-10 09:00:00","CAPE","surface",-69.6623,16.7489,2404
"2026-09-09 18:00:00","2026-09-10 09:00:00","CAPE","surface",-69.6384,16.7489,2447
"2026-09-09 18:00:00","2026-09-10 09:00:00","CAPE","surface",-69.6144,16.7489,2555
"2026-09-09 18:00:00","2026-09-10 09:00:00","CAPE","surface",-69.5905,16.7489,2581
"2026-09-09 18:00:00","2026-09-10 09:00:00","CAPE","surface",-69.5666,16.7489,2591
"2026-09-09 18:00:00","2026-09-10 09:00:00","CAPE","surface",-69.5427,16.7489,2529
"2026-09-09 18:00:00","2026-09-10 09:00:00","CAPE","surface",-69.5187,16.7489,2520
"2026-09-09 18:00:00","2026-09-10 09:00:00","CAPE","surface",-69.4948,16.7489,2525
"2026-09-09 18:00:00","2026-09-10 09:00:00","CAPE","surface",-69.4709,16.7489,2569
"2026-09-09 18:00:00","2026-09-10 09:00:00","CAPE","surface",-69.447,16.7489,2589
"2026-09-09 18:00:00","2026-09-10 09:00:00","CAPE","surface",-69.423,16.7489,2616
"2026-09-09 18:00:00","2026-09-10 09:00:00","CAPE","surface",-69.3991,16.7489,2632
"2026-09-09 18:00:00","2026-09-10 09:00:00","CAPE","surface",-69.3752,16.7489,2660
"2026-09-09 18:00:00","2026-09-10 09:00:00","CAPE","surface",-69.3513,16.7489,2688
"2026-09-09 18:00:00","2026-09-10 09:00:00","CAPE","surface",-69.3273,16.7489,2695
"2026-09-09 18:00:00","2026-09-10 09:00:00","CAPE","surface",-69.3034,16.7489,2713
"2026-09-09 18:00:00","2026-09-10 09:00:00","CAPE","surface",-69.2795,16.7489,2735
"2026-09-09 18:00:00","2026-09-10 09:00:00","CAPE","surface",-69.2556,16.7489,2755
"2026-09-09 18:00:00","2026-09-10 09:00:00","CAPE","surface",-69.2316,16.7489,2782
"2026-09-09 18:00:00","2026-09-10 09:00:00","CAPE","surface",-69.2077,16.7489,2945
"2026-09-09 18:00:00","2026-09-10 09:00:00","CAPE","surface",-69.1838,16.7489,2884
"2026-09-09 18:00:00","2026-09-10 09:00:00","CAPE","surface",-69.1599,16.7489,2815
"2026-09-09 18:00:00","2026-09-10 09:00:00","CAPE","surface",-69.1359,16.7489,2751
"2026-09-09 18:00:00","2026-09-10 09:00:00","CAPE","surface",-69.112,16.7489,2720
"2026-09-09 18:00:00","2026-09-10 09:00:00","CAPE","surface",-69.0881,16.7489,2711
"2026-09-09 18:00:00","2026-09-10 09:00:00","CAPE","surface",-69.0642,16.7489,2704
"2026-09-09 18:00:00","2026-09-10 09:00:00","CAPE","surface",-69.0402,16.7489,2702
"2026-09-09 18:00:00","2026-09-10 09:00:00","CAPE","surface",-69.0163,16.7489,2692
"2026-09-09 18:00:00","2026-09-10 09:00:00","CAPE","surface",-68.9924,16.7489,2744
"2026-09-09 18:00:00","2026-09-10 09:00:00","CAPE","surface",-68.9685,16.7489,2713
"2026-09-09 18:00:00","2026-09-10 09:00:00","CAPE","surface",-68.9445,16.7489,2787
"2026-09-09 18:00:00","2026-09-10 09:00:00","CAPE","surface",-68.9206,16.7489,2704
"2026-09-09 18:00:00","2026-09-10 09:00:00","CAPE","surface",-68.8967,16.7489,2854
"2026-09-09 18:00:00","2026-09-10 09:00:00","CAPE","surface",-68.8728,16.7489,2854
"2026-09-09 18:00:00","2026-09-10 09:00:00","CAPE","surface",-68.8488,16.7489,3084
"2026-09-09 18:00:00","2026-09-10 09:00:00","CAPE","surface",-68.8249,16.7489,3108
"2026-09-09 18:00:00","2026-09-10 09:00:00","CAPE","surface",-68.801,16.7489,2884
"2026-09-09 18:00:00","2026-09-10 09:00:00","CAPE","surface",-68.7771,16.7489,2854
"2026-09-09 18:00:00","2026-09-10 09:00:00","CAPE","surface",-68.7531,16.7489,2630
"2026-09-09 18:00:00","2026-09-10 09:00:00","CAPE","surface",-68.7292,16.7489,2456
"2026-09-09 18:00:00","2026-09-10 09:00:00","CAPE","surface",-68.7053,16.7489,2431
"2026-09-09 18:00:00","2026-09-10 09:00:00","CAPE","surface",-68.6813,16.7489,2436
"2026-09-09 18:00:00","2026-09-10 09:00:00","CAPE","surface",-68.6574,16.7489,2407
"2026-09-09 18:00:00","2026-09-10 09:00:00","CAPE","surface",-68.6335,16.7489,2496
"2026-09-09 18:00:00","2026-09-10 09:00:00","CAPE","surface",-68.6096,16.7489,2554
"2026-09-09 18:00:00","2026-09-10 09:00:00","CAPE","surface",-68.5856,16.7489,2562
"2026-09-09 18:00:00","2026-09-10 09:00:00","CAPE","surface",-68.5617,16.7489,2603
"2026-09-09 18:00:00","2026-09-10 09:00:00","CAPE","surface",-68.5378,16.7489,2573
"2026-09-09 18:00:00","2026-09-10 09:00:00","CAPE","surface",-68.5139,16.7489,2464
"2026-09-09 18:00:00","2026-09-10 09:00:00","CAPE","surface",-68.4899,16.7489,2242
"2026-09-09 18:00:00","2026-09-10 09:00:00","CAPE","surface",-68.466,16.7489,2199
"2026-09-09 18:00:00","2026-09-10 09:00:00","CAPE","surface",-68.4421,16.7489,2164
"2026-09-09 18:00:00","2026-09-10 09:00:00","CAPE","surface",-68.4182,16.7489,2174
"2026-09-09 18:00:00","2026-09-10 09:00:00","CAPE","surface",-68.3942,16.7489,2138
"2026-09-09 18:00:00","2026-09-10 09:00:00","CAPE","surface",-68.3703,16.7489,2140
"2026-09-09 18:00:00","2026-09-10 09:00:00","CAPE","surface",-68.3464,16.7489,2140
"2026-09-09 18:00:00","2026-09-10 09:00:00","CAPE","surface",-68.3225,16.7489,2244
"2026-09-09 18:00:00","2026-09-10 09:00:00","CAPE","surface",-68.2985,16.7489,2375
"2026-09-09 18:00:00","2026-09-10 09:00:00","CAPE","surface",-68.2746,16.7489,2608
"2026-09-09 18:00:00","2026-09-10 09:00:00","CAPE","surface",-68.2507,16.7489,2688
"2026-09-09 18:00:00","2026-09-10 09:00:00","CAPE","surface",-68.2268,16.7489,2844
"2026-09-09 18:00:00","2026-09-10 09:00:00","CAPE","surface",-68.2028,16.7489,2984
"2026-09-09 18:00:00","2026-09-10 09:00:00","CAPE","surface",-68.1789,16.7489,2947
"2026-09-09 18:00:00","2026-09-10 09:00:00","CAPE","surface",-68.155,16.7489,2990
"2026-09-09 18:00:00","2026-09-10 09:00:00","CAPE","surface",-68.1311,16.7489,2990
"2026-09-09 18:00:00","2026-09-10 09:00:00","CAPE","surface",-68.1071,16.7489,2999
"2026-09-09 18:00:00","2026-09-10 09:00:00","CAPE","surface",-68.0832,16.7489,2958
"2026-09-09 18:00:00","2026-09-10 09:00:00","CAPE","surface",-68.0593,16.7489,2909
"2026-09-09 18:00:00","2026-09-10 09:00:00","CAPE","surface",-68.0354,16.7489,2869
"2026-09-09 18:00:00","2026-09-10 09:00:00","CAPE","surface",-68.0114,16.7489,2869
"2026-09-09 18:00:00","2026-09-10 09:00:00","CAPE","surface",-67.9875,16.7489,2875
"2026-09-09 18:00:00","2026-09-10 09:00:00","CAPE","surface",-67.9636,16.7489,2876
"2026-09-09 18:00:00","2026-09-10 09:00:00","CAPE","surface",-67.9397,16.7489,2900
"2026-09-09 18:00:00","2026-09-10 09:00:00","CAPE","surface",-67.9157,16.7489,2900
"2026-09-09 18:00:00","2026-09-10 09:00:00","CAPE","surface",-67.8918,16.7489,2931
"2026-09-09 18:00:00","2026-09-10 09:00:00","CAPE","surface",-67.8679,16.7489,2960
"2026-09-09 18:00:00","2026-09-10 09:00:00","CAPE","surface",-67.844,16.7489,2931
"2026-09-09 18:00:00","2026-09-10 09:00:00","CAPE","surface",-67.82,16.7489,2925
"2026-09-09 18:00:00","2026-09-10 09:00:00","CAPE","surface",-67.7961,16.7489,2925
"2026-09-09 18:00:00","2026-09-10 09:00:00","CAPE","surface",-67.7722,16.7489,2875
"2026-09-09 18:00:00","2026-09-10 09:00:00","CAPE","surface",-67.7483,16.7489,2841
"2026-09-09 18:00:00","2026-09-10 09:00:00","CAPE","surface",-67.7243,16.7489,2821
"2026-09-09 18:00:00","2026-09-10 09:00:00","CAPE","surface",-67.7004,16.7489,2891
"2026-09-09 18:00:00","2026-09-10 09:00:00","CAPE","surface",-67.6765,16.7489,2898
"2026-09-09 18:00:00","2026-09-10 09:00:00","CAPE","surface",-67.6526,16.7489,3032
"2026-09-09 18:00:00","2026-09-10 09:00:00","CAPE","surface",-67.6286,16.7489,3134
"2026-09-09 18:00:00","2026-09-10 09:00:00","CAPE","surface",-67.6047,16.7489,3209
"2026-09-09 18:00:00","2026-09-10 09:00:00","CAPE","surface",-67.5808,16.7489,3356
"2026-09-09 18:00:00","2026-09-10 09:00:00","CAPE","surface",-67.5569,16.7489,3398
"2026-09-09 18:00:00","2026-09-10 09:00:00","CAPE","surface",-67.5329,16.7489,3471
"2026-09-09 18:00:00","2026-09-10 09:00:00","CAPE","surface",-67.509,16.7489,3474
"2026-09-09 18:00:00","2026-09-10 09:00:00","CAPE","surface",-67.4851,16.7489,3504
"2026-09-09 18:00:00","2026-09-10 09:00:00","CAPE","surface",-67.4612,16.7489,3457
"2026-09-09 18:00:00","2026-09-10 09:00:00","CAPE","surface",-67.4372,16.7489,3317
"2026-09-09 18:00:00","2026-09-10 09:00:00","CAPE","surface",-67.4133,16.7489,3324
"2026-09-09 18:00:00","2026-09-10 09:00:00","CAPE","surface",-67.3894,16.7489,3324
"2026-09-09 18:00:00","2026-09-10 09:00:00","CAPE","surface",-67.3655,16.7489,3427
"2026-09-09 18:00:00","2026-09-10 09:00:00","CAPE","surface",-67.3415,16.7489,3386
"2026-09-09 18:00:00","2026-09-10 09:00:00","CAPE","surface",-67.3176,16.7489,3296
"2026-09-09 18:00:00","2026-09-10 09:00:00","CAPE","surface",-67.2937,16.7489,3296
"2026-09-09 18:00:00","2026-09-10 09:00:00","CAPE","surface",-67.2698,16.7489,3008
"2026-09-09 18:00:00","2026-09-10 09:00:00","CAPE","surface",-67.2458,16.7489,2816
"2026-09-09 18:00:00","2026-09-10 09:00:00","CAPE","surface",-67.2219,16.7489,2809
"2026-09-09 18:00:00","2026-09-10 09:00:00","CAPE","surface",-67.198,16.7489,2765
"2026-09-09 18:00:00","2026-09-10 09:00:00","CAPE","surface",-67.1741,16.7489,2811
"2026-09-09 18:00:00","2026-09-10 09:00:00","CAPE","surface",-67.1501,16.7489,2906
"2026-09-09 18:00:00","2026-09-10 09:00:00","CAPE","surface",-67.1262,16.7489,3070
"2026-09-09 18:00:00","2026-09-10 09:00:00","CAPE","surface",-67.1023,16.7489,3216
"2026-09-09 18:00:00","2026-09-10 09:00:00","CAPE","surface",-67.0784,16.7489,3297
"2026-09-09 18:00:00","2026-09-10 09:00:00","CAPE","surface",-67.0544,16.7489,3310
"2026-09-09 18:00:00","2026-09-10 09:00:00","CAPE","surface",-67.0305,16.7489,3261
"2026-09-09 18:00:00","2026-09-10 09:00:00","CAPE","surface",-67.0066,16.7489,3216
"2026-09-09 18:00:00","2026-09-10 09:00:00","CAPE","surface",-74.7822,16.7718,2246
"2026-09-09 18:00:00","2026-09-10 09:00:00","CAPE","surface",-74.7583,16.7718,2202
"2026-09-09 18:00:00","2026-09-10 09:00:00","CAPE","surface",-74.7344,16.7718,2328
"2026-09-09 18:00:00","2026-09-10 09:00:00","CAPE","surface",-74.7105,16.7718,2328
"2026-09-09 18:00:00","2026-09-10 09:00:00","CAPE","surface",-74.6865,16.7718,2519
"2026-09-09 18:00:00","2026-09-10 09:00:00","CAPE","surface",-74.6626,16.7718,2489
"2026-09-09 18:00:00","2026-09-10 09:00:00","CAPE","surface",-74.6387,16.7718,2593
"2026-09-09 18:00:00","2026-09-10 09:00:00","CAPE","surface",-74.6148,16.7718,2408
"2026-09-09 18:00:00","2026-09-10 09:00:00","CAPE","surface",-74.5908,16.7718,2364
"2026-09-09 18:00:00","2026-09-10 09:00:00","CAPE","surface",-74.5669,16.7718,2364
"2026-09-09 18:00:00","2026-09-10 09:00:00","CAPE","surface",-74.543,16.7718,2284
"2026-09-09 18:00:00","2026-09-10 09:00:00","CAPE","surface",-74.5191,16.7718,2234
"2026-09-09 18:00:00","2026-09-10 09:00:00","CAPE","surface",-74.4951,16.7718,2274
"2026-09-09 18:00:00","2026-09-10 09:00:00","CAPE","surface",-74.4712,16.7718,2412
"2026-09-09 18:00:00","2026-09-10 09:00:00","CAPE","surface",-74.4473,16.7718,2663
"2026-09-09 18:00:00","2026-09-10 09:00:00","CAPE","surface",-74.4234,16.7718,2663
"2026-09-09 18:00:00","2026-09-10 09:00:00","CAPE","surface",-74.3994,16.7718,2756
"2026-09-09 18:00:00","2026-09-10 09:00:00","CAPE","surface",-74.3755,16.7718,2789
"2026-09-09 18:00:00","2026-09-10 09:00:00","CAPE","surface",-74.3516,16.7718,2731
"2026-09-09 18:00:00","2026-09-10 09:00:00","CAPE","surface",-74.3277,16.7718,2641
"2026-09-09 18:00:00","2026-09-10 09:00:00","CAPE","surface",-74.3037,16.7718,2653
"2026-09-09 18:00:00","2026-09-10 09:00:00","CAPE","surface",-74.2798,16.7718,2443
"2026-09-09 18:00:00","2026-09-10 09:00:00","CAPE","surface",-74.2559,16.7718,2678
"2026-09-09 18:00:00","2026-09-10 09:00:00","CAPE","surface",-74.232,16.7718,2631
"2026-09-09 18:00:00","2026-09-10 09:00:00","CAPE","surface",-74.208,16.7718,2846
"2026-09-09 18:00:00","2026-09-10 09:00:00","CAPE","surface",-74.1841,16.7718,2925
"2026-09-09 18:00:00","2026-09-10 09:00:00","CAPE","surface",-74.1602,16.7718,2915
"2026-09-09 18:00:00","2026-09-10 09:00:00","CAPE","surface",-74.1363,16.7718,2902
"2026-09-09 18:00:00","2026-09-10 09:00:00","CAPE","surface",-74.1123,16.7718,2902
"2026-09-09 18:00:00","2026-09-10 09:00:00","CAPE","surface",-74.0884,16.7718,2697
"2026-09-09 18:00:00","2026-09-10 09:00:00","CAPE","surface",-74.0645,16.7718,2571
"2026-09-09 18:00:00","2026-09-10 09:00:00","CAPE","surface",-74.0406,16.7718,2314
"2026-09-09 18:00:00","2026-09-10 09:00:00","CAPE","surface",-74.0166,16.7718,2215
"2026-09-09 18:00:00","2026-09-10 09:00:00","CAPE","surface",-73.9927,16.7718,2120
"2026-09-09 18:00:00","2026-09-10 09:00:00","CAPE","surface",-73.9688,16.7718,2120
"2026-09-09 18:00:00","2026-09-10 09:00:00","CAPE","surface",-73.9449,16.7718,2090
"2026-09-09 18:00:00","2026-09-10 09:00:00","CAPE","surface",-73.9209,16.7718,2096
"2026-09-09 18:00:00","2026-09-10 09:00:00","CAPE","surface",-73.897,16.7718,2121
"2026-09-09 18:00:00","2026-09-10 09:00:00","CAPE","surface",-73.8731,16.7718,2135
"2026-09-09 18:00:00","2026-09-10 09:00:00","CAPE","surface",-73.8492,16.7718,2161
"2026-09-09 18:00:00","2026-09-10 09:00:00","CAPE","surface",-73.8252,16.7718,2161
"2026-09-09 18:00:00","2026-09-10 09:00:00","CAPE","surface",-73.8013,16.7718,2254
"2026-09-09 18:00:00","2026-09-10 09:00:00","CAPE","surface",-73.7774,16.7718,2412
"2026-09-09 18:00:00","2026-09-10 09:00:00","CAPE","surface",-73.7535,16.7718,2370
"2026-09-09 18:00:00","2026-09-10 09:00:00","CAPE","surface",-73.7295,16.7718,2566
"2026-09-09 18:00:00","2026-09-10 09:00:00","CAPE","surface",-73.7056,16.7718,2519
"2026-09-09 18:00:00","2026-09-10 09:00:00","CAPE","surface",-73.6817,16.7718,2717
"2026-09-09 18:00:00","2026-09-10 09:00:00","CAPE","surface",-73.6578,16.7718,2683
"2026-09-09 18:00:00","2026-09-10 09:00:00","CAPE","surface",-73.6338,16.7718,2789
"2026-09-09 18:00:00","2026-09-10 09:00:00","CAPE","surface",-73.6099,16.7718,2745
"2026-09-09 18:00:00","2026-09-10 09:00:00","CAPE","surface",-73.586,16.7718,2768
"2026-09-09 18:00:00","2026-09-10 09:00:00","CAPE","surface",-73.5621,16.7718,2783
"2026-09-09 18:00:00","2026-09-10 09:00:00","CAPE","surface",-73.5381,16.7718,2665
"2026-09-09 18:00:00","2026-09-10 09:00:00","CAPE","surface",-73.5142,16.7718,2679
"2026-09-09 18:00:00","2026-09-10 09:00:00","CAPE","surface",-73.4903,16.7718,2346
"2026-09-09 18:00:00","2026-09-10 09:00:00","CAPE","surface",-73.4664,16.7718,2503
"2026-09-09 18:00:00","2026-09-10 09:00:00","CAPE","surface",-73.4424,16.7718,2480
"2026-09-09 18:00:00","2026-09-10 09:00:00","CAPE","surface",-73.4185,16.7718,2758
"2026-09-09 18:00:00","2026-09-10 09:00:00","CAPE","surface",-73.3946,16.7718,2542
"2026-09-09 18:00:00","2026-09-10 09:00:00","CAPE","surface",-73.3707,16.7718,2390
"2026-09-09 18:00:00","2026-09-10 09:00:00","CAPE","surface",-73.3467,16.7718,2543
"2026-09-09 18:00:00","2026-09-10 09:00:00","CAPE","surface",-73.3228,16.7718,2318
"2026-09-09 18:00:00","2026-09-10 09:00:00","CAPE","surface",-73.2989,16.7718,2540
"2026-09-09 18:00:00","2026-09-10 09:00:00","CAPE","surface",-73.275,16.7718,2480
"2026-09-09 18:00:00","2026-09-10 09:00:00","CAPE","surface",-73.251,16.7718,2480
"2026-09-09 18:00:00","2026-09-10 09:00:00","CAPE","surface",-73.2271,16.7718,2405
"2026-09-09 18:00:00","2026-09-10 09:00:00","CAPE","surface",-73.2032,16.7718,2440
"2026-09-09 18:00:00","2026-09-10 09:00:00","CAPE","surface",-73.1793,16.7718,2367
"2026-09-09 18:00:00","2026-09-10 09:00:00","CAPE","surface",-73.1553,16.7718,2364
"2026-09-09 18:00:00","2026-09-10 09:00:00","CAPE","surface",-73.1314,16.7718,2312
"2026-09-09 18:00:00","2026-09-10 09:00:00","CAPE","surface",-73.1075,16.7718,2312
"2026-09-09 18:00:00","2026-09-10 09:00:00","CAPE","surface",-73.0836,16.7718,2284
"2026-09-09 18:00:00","2026-09-10 09:00:00","CAPE","surface",-73.0596,16.7718,2320
"2026-09-09 18:00:00","2026-09-10 09:00:00","CAPE","surface",-73.0357,16.7718,2405
"2026-09-09 18:00:00","2026-09-10 09:00:00","CAPE","surface",-73.0118,16.7718,2523
"2026-09-09 18:00:00","2026-09-10 09:00:00","CAPE","surface",-72.9879,16.7718,2523
"2026-09-09 18:00:00","2026-09-10 09:00:00","CAPE","surface",-72.9639,16.7718,2503
"2026-09-09 18:00:00","2026-09-10 09:00:00","CAPE","surface",-72.94,16.7718,2538
"2026-09-09 18:00:00","2026-09-10 09:00:00","CAPE","surface",-72.9161,16.7718,2381
"2026-09-09 18:00:00","2026-09-10 09:00:00","CAPE","surface",-72.8922,16.7718,2478
"2026-09-09 18:00:00","2026-09-10 09:00:00","CAPE","surface",-72.8682,16.7718,2384
"2026-09-09 18:00:00","2026-09-10 09:00:00","CAPE","surface",-72.8443,16.7718,2384
"2026-09-09 18:00:00","2026-09-10 09:00:00","CAPE","surface",-72.8204,16.7718,2361
"2026-09-09 18:00:00","2026-09-10 09:00:00","CAPE","surface",-72.7965,16.7718,2458
"2026-09-09 18:00:00","2026-09-10 09:00:00","CAPE","surface",-72.7725,16.7718,2380
"2026-09-09 18:00:00","2026-09-10 09:00:00","CAPE","surface",-72.7486,16.7718,2433
"2026-09-09 18:00:00","2026-09-10 09:00:00","CAPE","surface",-72.7247,16.7718,2377
"2026-09-09 18:00:00","2026-09-10 09:00:00","CAPE","surface",-72.7008,16.7718,2367
"2026-09-09 18:00:00","2026-09-10 09:00:00","CAPE","surface",-72.6768,16.7718,2390
"2026-09-09 18:00:00","2026-09-10 09:00:00","CAPE","surface",-72.6529,16.7718,2410
"2026-09-09 18:00:00","2026-09-10 09:00:00","CAPE","surface",-72.629,16.7718,2449
"2026-09-09 18:00:00","2026-09-10 09:00:00","CAPE","surface",-72.6051,16.7718,2496
"2026-09-09 18:00:00","2026-09-10 09:00:00","CAPE","surface",-72.5811,16.7718,2496
"2026-09-09 18:00:00","2026-09-10 09:00:00","CAPE","surface",-72.5572,16.7718,2566
"2026-09-09 18:00:00","2026-09-10 09:00:00","CAPE","surface",-72.5333,16.7718,2626
"2026-09-09 18:00:00","2026-09-10 09:00:00","CAPE","surface",-72.5094,16.7718,2634
"2026-09-09 18:00:00","2026-09-10 09:00:00","CAPE","surface",-72.4854,16.7718,2644
"2026-09-09 18:00:00","2026-09-10 09:00:00","CAPE","surface",-72.4615,16.7718,2636
"2026-09-09 18:00:00","2026-09-10 09:00:00","CAPE","surface",-72.4376,16.7718,2636
"2026-09-09 18:00:00","2026-09-10 09:00:00","CAPE","surface",-72.4137,16.7718,2674
"2026-09-09 18:00:00","2026-09-10 09:00:00","CAPE","surface",-72.3897,16.7718,2771
"2026-09-09 18:00:00","2026-09-10 09:00:00","CAPE","surface",-72.3658,16.7718,2754
"2026-09-09 18:00:00","2026-09-10 09:00:00","CAPE","surface",-72.3419,16.7718,2765
"2026-09-09 18:00:00","2026-09-10 09:00:00","CAPE","surface",-72.318,16.7718,2765
"2026-09-09 18:00:00","2026-09-10 09:00:00","CAPE","surface",-72.294,16.7718,2770
"2026-09-09 18:00:00","2026-09-10 09:00:00","CAPE","surface",-72.2701,16.7718,2630
"2026-09-09 18:00:00","2026-09-10 09:00:00","CAPE","surface",-72.2462,16.7718,2598
"2026-09-09 18:00:00","2026-09-10 09:00:00","CAPE","surface",-72.2223,16.7718,2537
"2026-09-09 18:00:00","2026-09-10 09:00:00","CAPE","surface",-72.1983,16.7718,2530
"2026-09-09 18:00:00","2026-09-10 09:00:00","CAPE","surface",-72.1744,16.7718,2530
"2026-09-09 18:00:00","2026-09-10 09:00:00","CAPE","surface",-72.1505,16.7718,2543
"2026-09-09 18:00:00","2026-09-10 09:00:00","CAPE","surface",-72.1266,16.7718,2506
"2026-09-09 18:00:00","2026-09-10 09:00:00","CAPE","surface",-72.1026,16.7718,2465
"2026-09-09 18:00:00","2026-09-10 09:00:00","CAPE","surface",-72.0787,16.7718,2508
"2026-09-09 18:00:00","2026-09-10 09:00:00","CAPE","surface",-72.0548,16.7718,2508
"2026-09-09 18:00:00","2026-09-10 09:00:00","CAPE","surface",-72.0309,16.7718,2666
"2026-09-09 18:00:00","2026-09-10 09:00:00","CAPE","surface",-72.0069,16.7718,2661
"2026-09-09 18:00:00","2026-09-10 09:00:00","CAPE","surface",-71.983,16.7718,2815
"2026-09-09 18:00:00","2026-09-10 09:00:00","CAPE","surface",-71.9591,16.7718,2751
"2026-09-09 18:00:00","2026-09-10 09:00:00","CAPE","surface",-71.9352,16.7718,2826
"2026-09-09 18:00:00","2026-09-10 09:00:00","CAPE","surface",-71.9112,16.7718,2826
"2026-09-09 18:00:00","2026-09-10 09:00:00","CAPE","surface",-71.8873,16.7718,3074
"2026-09-09 18:00:00","2026-09-10 09:00:00","CAPE","surface",-71.8634,16.7718,3154
"2026-09-09 18:00:00","2026-09-10 09:00:00","CAPE","surface",-71.8395,16.7718,3061
"2026-09-09 18:00:00","2026-09-10 09:00:00","CAPE","surface",-71.8155,16.7718,2858
"2026-09-09 18:00:00","2026-09-10 09:00:00","CAPE","surface",-71.7916,16.7718,2858
"2026-09-09 18:00:00","2026-09-10 09:00:00","CAPE","surface",-71.7677,16.7718,2551
"2026-09-09 18:00:00","2026-09-10 09:00:00","CAPE","surface",-71.7438,16.7718,2484
"2026-09-09 18:00:00","2026-09-10 09:00:00","CAPE","surface",-71.7198,16.7718,2435
"2026-09-09 18:00:00","2026-09-10 09:00:00","CAPE","surface",-71.6959,16.7718,2465
"2026-09-09 18:00:00","2026-09-10 09:00:00","CAPE","surface",-71.672,16.7718,2502
"2026-09-09 18:00:00","2026-09-10 09:00:00","CAPE","surface",-71.6481,16.7718,2555
"2026-09-09 18:00:00","2026-09-10 09:00:00","CAPE","surface",-71.6241,16.7718,2673
"2026-09-09 18:00:00","2026-09-10 09:00:00","CAPE","surface",-71.6002,16.7718,2789
"2026-09-09 18:00:00","2026-09-10 09:00:00","CAPE","surface",-71.5763,16.7718,2832
"2026-09-09 18:00:00","2026-09-10 09:00:00","CAPE","surface",-71.5524,16.7718,2792
"2026-09-09 18:00:00","2026-09-10 09:00:00","CAPE","surface",-71.5284,16.7718,2792
"2026-09-09 18:00:00","2026-09-10 09:00:00","CAPE","surface",-71.5045,16.7718,2730
"2026-09-09 18:00:00","2026-09-10 09:00:00","CAPE","surface",-71.4806,16.7718,2742
"2026-09-09 18:00:00","2026-09-10 09:00:00","CAPE","surface",-71.4567,16.7718,2736
"2026-09-09 18:00:00","2026-09-10 09:00:00","CAPE","surface",-71.4327,16.7718,2773
"2026-09-09 18:00:00","2026-09-10 09:00:00","CAPE","surface",-71.4088,16.7718,2811
"2026-09-09 18:00:00","2026-09-10 09:00:00","CAPE","surface",-71.3849,16.7718,2844
"2026-09-09 18:00:00","2026-09-10 09:00:00","CAPE","surface",-71.361,16.7718,2081
"2026-09-09 18:00:00","2026-09-10 09:00:00","CAPE","surface",-71.337,16.7718,88
"2026-09-09 18:00:00","2026-09-10 09:00:00","CAPE","surface",-71.3131,16.7718,0
"2026-09-09 18:00:00","2026-09-10 09:00:00","CAPE","surface",-71.2892,16.7718,0
"2026-09-09 18:00:00","2026-09-10 09:00:00","CAPE","surface",-71.2653,16.7718,0
"2026-09-09 18:00:00","2026-09-10 09:00:00","CAPE","surface",-71.2413,16.7718,0
"2026-09-09 18:00:00","2026-09-10 09:00:00","CAPE","surface",-71.2174,16.7718,15
"2026-09-09 18:00:00","2026-09-10 09:00:00","CAPE","surface",-71.1935,16.7718,0
"2026-09-09 18:00:00","2026-09-10 09:00:00","CAPE","surface",-71.1696,16.7718,0
"2026-09-09 18:00:00","2026-09-10 09:00:00","CAPE","surface",-71.1456,16.7718,38
"2026-09-09 18:00:00","2026-09-10 09:00:00","CAPE","surface",-71.1217,16.7718,106
"2026-09-09 18:00:00","2026-09-10 09:00:00","CAPE","surface",-71.0978,16.7718,162
"2026-09-09 18:00:00","2026-09-10 09:00:00","CAPE","surface",-71.0739,16.7718,293
"2026-09-09 18:00:00","2026-09-10 09:00:00","CAPE","surface",-71.0499,16.7718,293
"2026-09-09 18:00:00","2026-09-10 09:00:00","CAPE","surface",-71.026,16.7718,408
"2026-09-09 18:00:00","2026-09-10 09:00:00","CAPE","surface",-71.0021,16.7718,434
"2026-09-09 18:00:00","2026-09-10 09:00:00","CAPE","surface",-70.9782,16.7718,533
"2026-09-09 18:00:00","2026-09-10 09:00:00","CAPE","surface",-70.9542,16.7718,707
"2026-09-09 18:00:00","2026-09-10 09:00:00","CAPE","surface",-70.9303,16.7718,1680
"2026-09-09 18:00:00","2026-09-10 09:00:00","CAPE","surface",-70.9064,16.7718,1680
"2026-09-09 18:00:00","2026-09-10 09:00:00","CAPE","surface",-70.8825,16.7718,2445
"2026-09-09 18:00:00","2026-09-10 09:00:00","CAPE","surface",-70.8585,16.7718,2788
"2026-09-09 18:00:00","2026-09-10 09:00:00","CAPE","surface",-70.8346,16.7718,2856
"2026-09-09 18:00:00","2026-09-10 09:00:00","CAPE","surface",-70.8107,16.7718,3044
"2026-09-09 18:00:00","2026-09-10 09:00:00","CAPE","surface",-70.7868,16.7718,3044
"2026-09-09 18:00:00","2026-09-10 09:00:00","CAPE","surface",-70.7628,16.7718,2867
"2026-09-09 18:00:00","2026-09-10 09:00:00","CAPE","surface",-70.7389,16.7718,2611
"2026-09-09 18:00:00","2026-09-10 09:00:00","CAPE","surface",-70.715,16.7718,2423
"2026-09-09 18:00:00","2026-09-10 09:00:00","CAPE","surface",-70.6911,16.7718,1714
"2026-09-09 18:00:00","2026-09-10 09:00:00","CAPE","surface",-70.6671,16.7718,2279
"2026-09-09 18:00:00","2026-09-10 09:00:00","CAPE","surface",-70.6432,16.7718,2141
"2026-09-09 18:00:00","2026-09-10 09:00:00","CAPE","surface",-70.6193,16.7718,1565
"2026-09-09 18:00:00","2026-09-10 09:00:00","CAPE","surface",-70.5954,16.7718,1694
"2026-09-09 18:00:00","2026-09-10 09:00:00","CAPE","surface",-70.5714,16.7718,1374
"2026-09-09 18:00:00","2026-09-10 09:00:00","CAPE","surface",-70.5475,16.7718,1939
"2026-09-09 18:00:00","2026-09-10 09:00:00","CAPE","surface",-70.5236,16.7718,1615
"2026-09-09 18:00:00","2026-09-10 09:00:00","CAPE","surface",-70.4997,16.7718,1755
"2026-09-09 18:00:00","2026-09-10 09:00:00","CAPE","surface",-70.4757,16.7718,1481
"2026-09-09 18:00:00","2026-09-10 09:00:00","CAPE","surface",-70.4518,16.7718,1831
"2026-09-09 18:00:00","2026-09-10 09:00:00","CAPE","surface",-70.4279,16.7718,2353
"2026-09-09 18:00:00","2026-09-10 09:00:00","CAPE","surface",-70.404,16.7718,2267
"2026-09-09 18:00:00","2026-09-10 09:00:00","CAPE","surface",-70.38,16.7718,2711
"2026-09-09 18:00:00","2026-09-10 09:00:00","CAPE","surface",-70.3561,16.7718,2726
"2026-09-09 18:00:00","2026-09-10 09:00:00","CAPE","surface",-70.3322,16.7718,2945
"2026-09-09 18:00:00","2026-09-10 09:00:00","CAPE","surface",-70.3083,16.7718,2945
"2026-09-09 18:00:00","2026-09-10 09:00:00","CAPE","surface",-70.2843,16.7718,2443
"2026-09-09 18:00:00","2026-09-10 09:00:00","CAPE","surface",-70.2604,16.7718,2430
"2026-09-09 18:00:00","2026-09-10 09:00:00","CAPE","surface",-70.2365,16.7718,1999
"2026-09-09 18:00:00","2026-09-10 09:00:00","CAPE","surface",-70.2126,16.7718,1803
"2026-09-09 18:00:00","2026-09-10 09:00:00","CAPE","surface",-70.1886,16.7718,1803
"2026-09-09 18:00:00","2026-09-10 09:00:00","CAPE","surface",-70.1647,16.7718,1732
"2026-09-09 18:00:00","2026-09-10 09:00:00","CAPE","surface",-70.1408,16.7718,1817
"2026-09-09 18:00:00","2026-09-10 09:00:00","CAPE","surface",-70.1169,16.7718,1927
"2026-09-09 18:00:00","2026-09-10 09:00:00","CAPE","surface",-70.0929,16.7718,1927
"2026-09-09 18:00:00","2026-09-10 09:00:00","CAPE","surface",-70.069,16.7718,2057
"2026-09-09 18:00:00","2026-09-10 09:00:00","CAPE","surface",-70.0451,16.7718,2229
"2026-09-09 18:00:00","2026-09-10 09:00:00","CAPE","surface",-70.0212,16.7718,2340
"2026-09-09 18:00:00","2026-09-10 09:00:00","CAPE","surface",-69.9972,16.7718,2614
"2026-09-09 18:00:00","2026-09-10 09:00:00","CAPE","surface",-69.9733,16.7718,2614
"2026-09-09 18:00:00","2026-09-10 09:00:00","CAPE","surface",-69.9494,16.7718,2821
"2026-09-09 18:00:00","2026-09-10 09:00:00","CAPE","surface",-69.9255,16.7718,2927
"2026-09-09 18:00:00","2026-09-10 09:00:00","CAPE","surface",-69.9015,16.7718,3012
"2026-09-09 18:00:00","2026-09-10 09:00:00","CAPE","surface",-69.8776,16.7718,3066
"2026-09-09 18:00:00","2026-09-10 09:00:00","CAPE","surface",-69.8537,16.7718,3001
"2026-09-09 18:00:00","2026-09-10 09:00:00","CAPE","surface",-69.8298,16.7718,2987
"2026-09-09 18:00:00","2026-09-10 09:00:00","CAPE","surface",-69.8058,16.7718,2941
"2026-09-09 18:00:00","2026-09-10 09:00:00","CAPE","surface",-69.7819,16.7718,2815
"2026-09-09 18:00:00","2026-09-10 09:00:00","CAPE","surface",-69.758,16.7718,2576
"2026-09-09 18:00:00","2026-09-10 09:00:00","CAPE","surface",-69.7341,16.7718,2509
"2026-09-09 18:00:00","2026-09-10 09:00:00","CAPE","surface",-69.7101,16.7718,2403
"2026-09-09 18:00:00","2026-09-10 09:00:00","CAPE","surface",-69.6862,16.7718,2360
"2026-09-09 18:00:00","2026-09-10 09:00:00","CAPE","surface",-69.6623,16.7718,2439
"2026-09-09 18:00:00","2026-09-10 09:00:00","CAPE","surface",-69.6384,16.7718,2494
"2026-09-09 18:00:00","2026-09-10 09:00:00","CAPE","surface",-69.6144,16.7718,2514
"2026-09-09 18:00:00","2026-09-10 09:00:00","CAPE","surface",-69.5905,16.7718,2592
"2026-09-09 18:00:00","2026-09-10 09:00:00","CAPE","surface",-69.5666,16.7718,2540
"2026-09-09 18:00:00","2026-09-10 09:00:00","CAPE","surface",-69.5427,16.7718,2529
"2026-09-09 18:00:00","2026-09-10 09:00:00","CAPE","surface",-69.5187,16.7718,2443
"2026-09-09 18:00:00","2026-09-10 09:00:00","CAPE","surface",-69.4948,16.7718,2477
"2026-09-09 18:00:00","2026-09-10 09:00:00","CAPE","surface",-69.4709,16.7718,2548
"2026-09-09 18:00:00","2026-09-10 09:00:00","CAPE","surface",-69.447,16.7718,2615
"2026-09-09 18:00:00","2026-09-10 09:00:00","CAPE","surface",-69.423,16.7718,2625
"2026-09-09 18:00:00","2026-09-10 09:00:00","CAPE","surface",-69.3991,16.7718,2647
"2026-09-09 18:00:00","2026-09-10 09:00:00","CAPE","surface",-69.3752,16.7718,2648
"2026-09-09 18:00:00","2026-09-10 09:00:00","CAPE","surface",-69.3513,16.7718,2670
"2026-09-09 18:00:00","2026-09-10 09:00:00","CAPE","surface",-69.3273,16.7718,2695
"2026-09-09 18:00:00","2026-09-10 09:00:00","CAPE","surface",-69.3034,16.7718,2710
"2026-09-09 18:00:00","2026-09-10 09:00:00","CAPE","surface",-69.2795,16.7718,2728
"2026-09-09 18:00:00","2026-09-10 09:00:00","CAPE","surface",-69.2556,16.7718,2759
"2026-09-09 18:00:00","2026-09-10 09:00:00","CAPE","surface",-69.2316,16.7718,2964
"2026-09-09 18:00:00","2026-09-10 09:00:00","CAPE","surface",-69.2077,16.7718,2945
"2026-09-09 18:00:00","2026-09-10 09:00:00","CAPE","surface",-69.1838,16.7718,2957
"2026-09-09 18:00:00","2026-09-10 09:00:00","CAPE","surface",-69.1599,16.7718,2957
"2026-09-09 18:00:00","2026-09-10 09:00:00","CAPE","surface",-69.1359,16.7718,2773
"2026-09-09 18:00:00","2026-09-10 09:00:00","CAPE","surface",-69.112,16.7718,2719
"2026-09-09 18:00:00","2026-09-10 09:00:00","CAPE","surface",-69.0881,16.7718,2702
"2026-09-09 18:00:00","2026-09-10 09:00:00","CAPE","surface",-69.0642,16.7718,2732
"2026-09-09 18:00:00","2026-09-10 09:00:00","CAPE","surface",-69.0402,16.7718,2710
"2026-09-09 18:00:00","2026-09-10 09:00:00","CAPE","surface",-69.0163,16.7718,2783
"2026-09-09 18:00:00","2026-09-10 09:00:00","CAPE","surface",-68.9924,16.7718,2744
"2026-09-09 18:00:00","2026-09-10 09:00:00","CAPE","surface",-68.9685,16.7718,2887
"2026-09-09 18:00:00","2026-09-10 09:00:00","CAPE","surface",-68.9445,16.7718,3195
"2026-09-09 18:00:00","2026-09-10 09:00:00","CAPE","surface",-68.9206,16.7718,3070
"2026-09-09 18:00:00","2026-09-10 09:00:00","CAPE","surface",-68.8967,16.7718,3266
"2026-09-09 18:00:00","2026-09-10 09:00:00","CAPE","surface",-68.8728,16.7718,3168
"2026-09-09 18:00:00","2026-09-10 09:00:00","CAPE","surface",-68.8488,16.7718,3386
"2026-09-09 18:00:00","2026-09-10 09:00:00","CAPE","surface",-68.8249,16.7718,3269
"2026-09-09 18:00:00","2026-09-10 09:00:00","CAPE","surface",-68.801,16.7718,3108
"2026-09-09 18:00:00","2026-09-10 09:00:00","CAPE","surface",-68.7771,16.7718,2854
"2026-09-09 18:00:00","2026-09-10 09:00:00","CAPE","surface",-68.7531,16.7718,2520
"2026-09-09 18:00:00","2026-09-10 09:00:00","CAPE","surface",-68.7292,16.7718,2360
"2026-09-09 18:00:00","2026-09-10 09:00:00","CAPE","surface",-68.7053,16.7718,2340
"2026-09-09 18:00:00","2026-09-10 09:00:00","CAPE","surface",-68.6813,16.7718,2305
"2026-09-09 18:00:00","2026-09-10 09:00:00","CAPE","surface",-68.6574,16.7718,2407
"2026-09-09 18:00:00","2026-09-10 09:00:00","CAPE","surface",-68.6335,16.7718,2498
"2026-09-09 18:00:00","2026-09-10 09:00:00","CAPE","surface",-68.6096,16.7718,2498
"2026-09-09 18:00:00","2026-09-10 09:00:00","CAPE","surface",-68.5856,16.7718,2591
"2026-09-09 18:00:00","2026-09-10 09:00:00","CAPE","surface",-68.5617,16.7718,2636
"2026-09-09 18:00:00","2026-09-10 09:00:00","CAPE","surface",-68.5378,16.7718,2579
"2026-09-09 18:00:00","2026-09-10 09:00:00","CAPE","surface",-68.5139,16.7718,2510
"2026-09-09 18:00:00","2026-09-10 09:00:00","CAPE","surface",-68.4899,16.7718,2369
"2026-09-09 18:00:00","2026-09-10 09:00:00","CAPE","surface",-68.466,16.7718,2167
"2026-09-09 18:00:00","2026-09-10 09:00:00","CAPE","surface",-68.4421,16.7718,2164
"2026-09-09 18:00:00","2026-09-10 09:00:00","CAPE","surface",-68.4182,16.7718,2106
"2026-09-09 18:00:00","2026-09-10 09:00:00","CAPE","surface",-68.3942,16.7718,2041
"2026-09-09 18:00:00","2026-09-10 09:00:00","CAPE","surface",-68.3703,16.7718,2078
"2026-09-09 18:00:00","2026-09-10 09:00:00","CAPE","surface",-68.3464,16.7718,2129
"2026-09-09 18:00:00","2026-09-10 09:00:00","CAPE","surface",-68.3225,16.7718,2244
"2026-09-09 18:00:00","2026-09-10 09:00:00","CAPE","surface",-68.2985,16.7718,2327
"2026-09-09 18:00:00","2026-09-10 09:00:00","CAPE","surface",-68.2746,16.7718,2645
"2026-09-09 18:00:00","2026-09-10 09:00:00","CAPE","surface",-68.2507,16.7718,2798
"2026-09-09 18:00:00","2026-09-10 09:00:00","CAPE","surface",-68.2268,16.7718,2999
"2026-09-09 18:00:00","2026-09-10 09:00:00","CAPE","surface",-68.2028,16.7718,2984
"2026-09-09 18:00:00","2026-09-10 09:00:00","CAPE","surface",-68.1789,16.7718,3059
"2026-09-09 18:00:00","2026-09-10 09:00:00","CAPE","surface",-68.155,16.7718,3015
"2026-09-09 18:00:00","2026-09-10 09:00:00","CAPE","surface",-68.1311,16.7718,3008
"2026-09-09 18:00:00","2026-09-10 09:00:00","CAPE","surface",-68.1071,16.7718,2991
"2026-09-09 18:00:00","2026-09-10 09:00:00","CAPE","surface",-68.0832,16.7718,2991
"2026-09-09 18:00:00","2026-09-10 09:00:00","CAPE","surface",-68.0593,16.7718,2931
"2026-09-09 18:00:00","2026-09-10 09:00:00","CAPE","surface",-68.0354,16.7718,2888
"2026-09-09 18:00:00","2026-09-10 09:00:00","CAPE","surface",-68.0114,16.7718,2884
"2026-09-09 18:00:00","2026-09-10 09:00:00","CAPE","surface",-67.9875,16.7718,2884
"2026-09-09 18:00:00","2026-09-10 09:00:00","CAPE","surface",-67.9636,16.7718,2924
"2026-09-09 18:00:00","2026-09-10 09:00:00","CAPE","surface",-67.9397,16.7718,2987
"2026-09-09 18:00:00","2026-09-10 09:00:00","CAPE","surface",-67.9157,16.7718,2946
"2026-09-09 18:00:00","2026-09-10 09:00:00","CAPE","surface",-67.8918,16.7718,2998
"2026-09-09 18:00:00","2026-09-10 09:00:00","CAPE","surface",-67.8679,16.7718,2998
"2026-09-09 18:00:00","2026-09-10 09:00:00","CAPE","surface",-67.844,16.7718,3051
"2026-09-09 18:00:00","2026-09-10 09:00:00","CAPE","surface",-67.82,16.7718,2986
"2026-09-09 18:00:00","2026-09-10 09:00:00","CAPE","surface",-67.7961,16.7718,2957
"2026-09-09 18:00:00","2026-09-10 09:00:00","CAPE","surface",-67.7722,16.7718,3095
"2026-09-09 18:00:00","2026-09-10 09:00:00","CAPE","surface",-67.7483,16.7718,2937
"2026-09-09 18:00:00","2026-09-10 09:00:00","CAPE","surface",-67.7243,16.7718,2976
"2026-09-09 18:00:00","2026-09-10 09:00:00","CAPE","surface",-67.7004,16.7718,2891
"2026-09-09 18:00:00","2026-09-10 09:00:00","CAPE","surface",-67.6765,16.7718,3011
"2026-09-09 18:00:00","2026-09-10 09:00:00","CAPE","surface",-67.6526,16.7718,3011
"2026-09-09 18:00:00","2026-09-10 09:00:00","CAPE","surface",-67.6286,16.7718,3188
"2026-09-09 18:00:00","2026-09-10 09:00:00","CAPE","surface",-67.6047,16.7718,3336
"2026-09-09 18:00:00","2026-09-10 09:00:00","CAPE","surface",-67.5808,16.7718,3356
"2026-09-09 18:00:00","2026-09-10 09:00:00","CAPE","surface",-67.5569,16.7718,3464
"2026-09-09 18:00:00","2026-09-10 09:00:00","CAPE","surface",-67.5329,16.7718,3472
"2026-09-09 18:00:00","2026-09-10 09:00:00","CAPE","surface",-67.509,16.7718,3550
"2026-09-09 18:00:00","2026-09-10 09:00:00","CAPE","surface",-67.4851,16.7718,3545
"2026-09-09 18:00:00","2026-09-10 09:00:00","CAPE","surface",-67.4612,16.7718,3545
"2026-09-09 18:00:00","2026-09-10 09:00:00","CAPE","surface",-67.4372,16.7718,3413
"2026-09-09 18:00:00","2026-09-10 09:00:00","CAPE","surface",-67.4133,16.7718,3342
"2026-09-09 18:00:00","2026-09-10 09:00:00","CAPE","surface",-67.3894,16.7718,3478
"2026-09-09 18:00:00","2026-09-10 09:00:00","CAPE","surface",-67.3655,16.7718,3478
"2026-09-09 18:00:00","2026-09-10 09:00:00","CAPE","surface",-67.3415,16.7718,3476
"2026-09-09 18:00:00","2026-09-10 09:00:00","CAPE","surface",-67.3176,16.7718,3277
"2026-09-09 18:00:00","2026-09-10 09:00:00","CAPE","surface",-67.2937,16.7718,3102
"2026-09-09 18:00:00","2026-09-10 09:00:00","CAPE","surface",-67.2698,16.7718,2847
"2026-09-09 18:00:00","2026-09-10 09:00:00","CAPE","surface",-67.2458,16.7718,2847
"2026-09-09 18:00:00","2026-09-10 09:00:00","CAPE","surface",-67.2219,16.7718,2753
"2026-09-09 18:00:00","2026-09-10 09:00:00","CAPE","surface",-67.198,16.7718,2767
"2026-09-09 18:00:00","2026-09-10 09:00:00","CAPE","surface",-67.1741,16.7718,2811
"2026-09-09 18:00:00","2026-09-10 09:00:00","CAPE","surface",-67.1501,16.7718,2825
"2026-09-09 18:00:00","2026-09-10 09:00:00","CAPE","surface",-67.1262,16.7718,2891
"2026-09-09 18:00:00","2026-09-10 09:00:00","CAPE","surface",-67.1023,16.7718,3233
"2026-09-09 18:00:00","2026-09-10 09:00:00","CAPE","surface",-67.0784,16.7718,3297
"2026-09-09 18:00:00","2026-09-10 09:00:00","CAPE","surface",-67.0544,16.7718,3312
"2026-09-09 18:00:00","2026-09-10 09:00:00","CAPE","surface",-67.0305,16.7718,3170
"2026-09-09 18:00:00","2026-09-10 09:00:00","CAPE","surface",-67.0066,16.7718,3184
"2026-09-09 18:00:00","2026-09-10 09:00:00","CAPE","surface",-74.7822,16.7947,2353
"2026-09-09 18:00:00","2026-09-10 09:00:00","CAPE","surface",-74.7583,16.7947,2323
"2026-09-09 18:00:00","2026-09-10 09:00:00","CAPE","surface",-74.7344,16.7947,2293
"2026-09-09 18:00:00","2026-09-10 09:00:00","CAPE","surface",-74.7105,16.7947,2527
"2026-09-09 18:00:00","2026-09-10 09:00:00","CAPE","surface",-74.6865,16.7947,2519
"2026-09-09 18:00:00","2026-09-10 09:00:00","CAPE","surface",-74.6626,16.7947,2823
"2026-09-09 18:00:00","2026-09-10 09:00:00","CAPE","surface",-74.6387,16.7947,2755
"2026-09-09 18:00:00","2026-09-10 09:00:00","CAPE","surface",-74.6148,16.7947,2784
"2026-09-09 18:00:00","2026-09-10 09:00:00","CAPE","surface",-74.5908,16.7947,2560
"2026-09-09 18:00:00","2026-09-10 09:00:00","CAPE","surface",-74.5669,16.7947,2445
"2026-09-09 18:00:00","2026-09-10 09:00:00","CAPE","surface",-74.543,16.7947,2284
"2026-09-09 18:00:00","2026-09-10 09:00:00","CAPE","surface",-74.5191,16.7947,2244
"2026-09-09 18:00:00","2026-09-10 09:00:00","CAPE","surface",-74.4951,16.7947,2244
"2026-09-09 18:00:00","2026-09-10 09:00:00","CAPE","surface",-74.4712,16.7947,2309
"2026-09-09 18:00:00","2026-09-10 09:00:00","CAPE","surface",-74.4473,16.7947,2513
"2026-09-09 18:00:00","2026-09-10 09:00:00","CAPE","surface",-74.4234,16.7947,2659
"2026-09-09 18:00:00","2026-09-10 09:00:00","CAPE","surface",-74.3994,16.7947,2698
"2026-09-09 18:00:00","2026-09-10 09:00:00","CAPE","surface",-74.3755,16.7947,2732
"2026-09-09 18:00:00","2026-09-10 09:00:00","CAPE","surface",-74.3516,16.7947,2610
"2026-09-09 18:00:00","2026-09-10 09:00:00","CAPE","surface",-74.3277,16.7947,2689
"2026-09-09 18:00:00","2026-09-10 09:00:00","CAPE","surface",-74.3037,16.7947,2591
"2026-09-09 18:00:00","2026-09-10 09:00:00","CAPE","surface",-74.2798,16.7947,2660
"2026-09-09 18:00:00","2026-09-10 09:00:00","CAPE","surface",-74.2559,16.7947,2586
"2026-09-09 18:00:00","2026-09-10 09:00:00","CAPE","surface",-74.232,16.7947,2749
"2026-09-09 18:00:00","2026-09-10 09:00:00","CAPE","surface",-74.208,16.7947,2614
"2026-09-09 18:00:00","2026-09-10 09:00:00","CAPE","surface",-74.1841,16.7947,2853
"2026-09-09 18:00:00","2026-09-10 09:00:00","CAPE","surface",-74.1602,16.7947,2834
"2026-09-09 18:00:00","2026-09-10 09:00:00","CAPE","surface",-74.1363,16.7947,2883
"2026-09-09 18:00:00","2026-09-10 09:00:00","CAPE","surface",-74.1123,16.7947,2682
"2026-09-09 18:00:00","2026-09-10 09:00:00","CAPE","surface",-74.0884,16.7947,2697
"2026-09-09 18:00:00","2026-09-10 09:00:00","CAPE","surface",-74.0645,16.7947,2446
"2026-09-09 18:00:00","2026-09-10 09:00:00","CAPE","surface",-74.0406,16.7947,2454
"2026-09-09 18:00:00","2026-09-10 09:00:00","CAPE","surface",-74.0166,16.7947,2291
"2026-09-09 18:00:00","2026-09-10 09:00:00","CAPE","surface",-73.9927,16.7947,2191
"2026-09-09 18:00:00","2026-09-10 09:00:00","CAPE","surface",-73.9688,16.7947,2112
"2026-09-09 18:00:00","2026-09-10 09:00:00","CAPE","surface",-73.9449,16.7947,2151
"2026-09-09 18:00:00","2026-09-10 09:00:00","CAPE","surface",-73.9209,16.7947,2151
"2026-09-09 18:00:00","2026-09-10 09:00:00","CAPE","surface",-73.897,16.7947,2209
"2026-09-09 18:00:00","2026-09-10 09:00:00","CAPE","surface",-73.8731,16.7947,2169
"2026-09-09 18:00:00","2026-09-10 09:00:00","CAPE","surface",-73.8492,16.7947,2307
"2026-09-09 18:00:00","2026-09-10 09:00:00","CAPE","surface",-73.8252,16.7947,2274
"2026-09-09 18:00:00","2026-09-10 09:00:00","CAPE","surface",-73.8013,16.7947,2460
"2026-09-09 18:00:00","2026-09-10 09:00:00","CAPE","surface",-73.7774,16.7947,2412
"2026-09-09 18:00:00","2026-09-10 09:00:00","CAPE","surface",-73.7535,16.7947,2642
"2026-09-09 18:00:00","2026-09-10 09:00:00","CAPE","surface",-73.7295,16.7947,2609
"2026-09-09 18:00:00","2026-09-10 09:00:00","CAPE","surface",-73.7056,16.7947,2713
"2026-09-09 18:00:00","2026-09-10 09:00:00","CAPE","surface",-73.6817,16.7947,2717
"2026-09-09 18:00:00","2026-09-10 09:00:00","CAPE","surface",-73.6578,16.7947,2810
"2026-09-09 18:00:00","2026-09-10 09:00:00","CAPE","surface",-73.6338,16.7947,2789
"2026-09-09 18:00:00","2026-09-10 09:00:00","CAPE","surface",-73.6099,16.7947,2792
"2026-09-09 18:00:00","2026-09-10 09:00:00","CAPE","surface",-73.586,16.7947,2692
"2026-09-09 18:00:00","2026-09-10 09:00:00","CAPE","surface",-73.5621,16.7947,2668
"2026-09-09 18:00:00","2026-09-10 09:00:00","CAPE","surface",-73.5381,16.7947,2299
"2026-09-09 18:00:00","2026-09-10 09:00:00","CAPE","surface",-73.5142,16.7947,2277
"2026-09-09 18:00:00","2026-09-10 09:00:00","CAPE","surface",-73.4903,16.7947,2089
"2026-09-09 18:00:00","2026-09-10 09:00:00","CAPE","surface",-73.4664,16.7947,2108
"2026-09-09 18:00:00","2026-09-10 09:00:00","CAPE","surface",-73.4424,16.7947,2101
"2026-09-09 18:00:00","2026-09-10 09:00:00","CAPE","surface",-73.4185,16.7947,2264
"2026-09-09 18:00:00","2026-09-10 09:00:00","CAPE","surface",-73.3946,16.7947,2249
"2026-09-09 18:00:00","2026-09-10 09:00:00","CAPE","surface",-73.3707,16.7947,2390
"2026-09-09 18:00:00","2026-09-10 09:00:00","CAPE","surface",-73.3467,16.7947,2128
"2026-09-09 18:00:00","2026-09-10 09:00:00","CAPE","surface",-73.3228,16.7947,2186
"2026-09-09 18:00:00","2026-09-10 09:00:00","CAPE","surface",-73.2989,16.7947,2185
"2026-09-09 18:00:00","2026-09-10 09:00:00","CAPE","surface",-73.275,16.7947,2339
"2026-09-09 18:00:00","2026-09-10 09:00:00","CAPE","surface",-73.251,16.7947,2350
"2026-09-09 18:00:00","2026-09-10 09:00:00","CAPE","surface",-73.2271,16.7947,2405
"2026-09-09 18:00:00","2026-09-10 09:00:00","CAPE","surface",-73.2032,16.7947,2357
"2026-09-09 18:00:00","2026-09-10 09:00:00","CAPE","surface",-73.1793,16.7947,2482
"2026-09-09 18:00:00","2026-09-10 09:00:00","CAPE","surface",-73.1553,16.7947,2448
"2026-09-09 18:00:00","2026-09-10 09:00:00","CAPE","surface",-73.1314,16.7947,2505
"2026-09-09 18:00:00","2026-09-10 09:00:00","CAPE","surface",-73.1075,16.7947,2316
"2026-09-09 18:00:00","2026-09-10 09:00:00","CAPE","surface",-73.0836,16.7947,2294
"2026-09-09 18:00:00","2026-09-10 09:00:00","CAPE","surface",-73.0596,16.7947,2294
"2026-09-09 18:00:00","2026-09-10 09:00:00","CAPE","surface",-73.0357,16.7947,2347
"2026-09-09 18:00:00","2026-09-10 09:00:00","CAPE","surface",-73.0118,16.7947,2429
"2026-09-09 18:00:00","2026-09-10 09:00:00","CAPE","surface",-72.9879,16.7947,2546
"2026-09-09 18:00:00","2026-09-10 09:00:00","CAPE","surface",-72.9639,16.7947,2503
"2026-09-09 18:00:00","2026-09-10 09:00:00","CAPE","surface",-72.94,16.7947,2392
"2026-09-09 18:00:00","2026-09-10 09:00:00","CAPE","surface",-72.9161,16.7947,2392
"2026-09-09 18:00:00","2026-09-10 09:00:00","CAPE","surface",-72.8922,16.7947,2320
"2026-09-09 18:00:00","2026-09-10 09:00:00","CAPE","surface",-72.8682,16.7947,2297
"2026-09-09 18:00:00","2026-09-10 09:00:00","CAPE","surface",-72.8443,16.7947,2303
"2026-09-09 18:00:00","2026-09-10 09:00:00","CAPE","surface",-72.8204,16.7947,2344
"2026-09-09 18:00:00","2026-09-10 09:00:00","CAPE","surface",-72.7965,16.7947,2344
"2026-09-09 18:00:00","2026-09-10 09:00:00","CAPE","surface",-72.7725,16.7947,2362
"2026-09-09 18:00:00","2026-09-10 09:00:00","CAPE","surface",-72.7486,16.7947,2355
"2026-09-09 18:00:00","2026-09-10 09:00:00","CAPE","surface",-72.7247,16.7947,2366
"2026-09-09 18:00:00","2026-09-10 09:00:00","CAPE","surface",-72.7008,16.7947,2367
"2026-09-09 18:00:00","2026-09-10 09:00:00","CAPE","surface",-72.6768,16.7947,2386
"2026-09-09 18:00:00","2026-09-10 09:00:00","CAPE","surface",-72.6529,16.7947,2386
"2026-09-09 18:00:00","2026-09-10 09:00:00","CAPE","surface",-72.629,16.7947,2410
"2026-09-09 18:00:00","2026-09-10 09:00:00","CAPE","surface",-72.6051,16.7947,2447
"2026-09-09 18:00:00","2026-09-10 09:00:00","CAPE","surface",-72.5811,16.7947,2508
"2026-09-09 18:00:00","2026-09-10 09:00:00","CAPE","surface",-72.5572,16.7947,2597
"2026-09-09 18:00:00","2026-09-10 09:00:00","CAPE","surface",-72.5333,16.7947,2622
"2026-09-09 18:00:00","2026-09-10 09:00:00","CAPE","surface",-72.5094,16.7947,2664
"2026-09-09 18:00:00","2026-09-10 09:00:00","CAPE","surface",-72.4854,16.7947,2650
"2026-09-09 18:00:00","2026-09-10 09:00:00","CAPE","surface",-72.4615,16.7947,2699
"2026-09-09 18:00:00","2026-09-10 09:00:00","CAPE","surface",-72.4376,16.7947,2680
"2026-09-09 18:00:00","2026-09-10 09:00:00","CAPE","surface",-72.4137,16.7947,2783
"2026-09-09 18:00:00","2026-09-10 09:00:00","CAPE","surface",-72.3897,16.7947,2783
"2026-09-09 18:00:00","2026-09-10 09:00:00","CAPE","surface",-72.3658,16.7947,2883
"2026-09-09 18:00:00","2026-09-10 09:00:00","CAPE","surface",-72.3419,16.7947,2835
"2026-09-09 18:00:00","2026-09-10 09:00:00","CAPE","surface",-72.318,16.7947,2853
"2026-09-09 18:00:00","2026-09-10 09:00:00","CAPE","surface",-72.294,16.7947,2770
"2026-09-09 18:00:00","2026-09-10 09:00:00","CAPE","surface",-72.2701,16.7947,2746
"2026-09-09 18:00:00","2026-09-10 09:00:00","CAPE","surface",-72.2462,16.7947,2889
"2026-09-09 18:00:00","2026-09-10 09:00:00","CAPE","surface",-72.2223,16.7947,2739
"2026-09-09 18:00:00","2026-09-10 09:00:00","CAPE","surface",-72.1983,16.7947,2778
"2026-09-09 18:00:00","2026-09-10 09:00:00","CAPE","surface",-72.1744,16.7947,2639
"2026-09-09 18:00:00","2026-09-10 09:00:00","CAPE","surface",-72.1505,16.7947,2681
"2026-09-09 18:00:00","2026-09-10 09:00:00","CAPE","surface",-72.1266,16.7947,2681
"2026-09-09 18:00:00","2026-09-10 09:00:00","CAPE","surface",-72.1026,16.7947,2687
"2026-09-09 18:00:00","2026-09-10 09:00:00","CAPE","surface",-72.0787,16.7947,2555
"2026-09-09 18:00:00","2026-09-10 09:00:00","CAPE","surface",-72.0548,16.7947,2710
"2026-09-09 18:00:00","2026-09-10 09:00:00","CAPE","surface",-72.0309,16.7947,2666
"2026-09-09 18:00:00","2026-09-10 09:00:00","CAPE","surface",-72.0069,16.7947,2888
"2026-09-09 18:00:00","2026-09-10 09:00:00","CAPE","surface",-71.983,16.7947,2977
"2026-09-09 18:00:00","2026-09-10 09:00:00","CAPE","surface",-71.9591,16.7947,2941
"2026-09-09 18:00:00","2026-09-10 09:00:00","CAPE","surface",-71.9352,16.7947,3097
"2026-09-09 18:00:00","2026-09-10 09:00:00","CAPE","surface",-71.9112,16.7947,3072
"2026-09-09 18:00:00","2026-09-10 09:00:00","CAPE","surface",-71.8873,16.7947,3213
"2026-09-09 18:00:00","2026-09-10 09:00:00","CAPE","surface",-71.8634,16.7947,3213
"2026-09-09 18:00:00","2026-09-10 09:00:00","CAPE","surface",-71.8395,16.7947,3086
"2026-09-09 18:00:00","2026-09-10 09:00:00","CAPE","surface",-71.8155,16.7947,2994
"2026-09-09 18:00:00","2026-09-10 09:00:00","CAPE","surface",-71.7916,16.7947,2692
"2026-09-09 18:00:00","2026-09-10 09:00:00","CAPE","surface",-71.7677,16.7947,2551
"2026-09-09 18:00:00","2026-09-10 09:00:00","CAPE","surface",-71.7438,16.7947,2488
"2026-09-09 18:00:00","2026-09-10 09:00:00","CAPE","surface",-71.7198,16.7947,2464
"2026-09-09 18:00:00","2026-09-10 09:00:00","CAPE","surface",-71.6959,16.7947,2463
"2026-09-09 18:00:00","2026-09-10 09:00:00","CAPE","surface",-71.672,16.7947,2582
"2026-09-09 18:00:00","2026-09-10 09:00:00","CAPE","surface",-71.6481,16.7947,2626
"2026-09-09 18:00:00","2026-09-10 09:00:00","CAPE","surface",-71.6241,16.7947,2737
"2026-09-09 18:00:00","2026-09-10 09:00:00","CAPE","surface",-71.6002,16.7947,2737
"2026-09-09 18:00:00","2026-09-10 09:00:00","CAPE","surface",-71.5763,16.7947,2775
"2026-09-09 18:00:00","2026-09-10 09:00:00","CAPE","surface",-71.5524,16.7947,2790
"2026-09-09 18:00:00","2026-09-10 09:00:00","CAPE","surface",-71.5284,16.7947,2731
"2026-09-09 18:00:00","2026-09-10 09:00:00","CAPE","surface",-71.5045,16.7947,2730
"2026-09-09 18:00:00","2026-09-10 09:00:00","CAPE","surface",-71.4806,16.7947,2727
"2026-09-09 18:00:00","2026-09-10 09:00:00","CAPE","surface",-71.4567,16.7947,2757
"2026-09-09 18:00:00","2026-09-10 09:00:00","CAPE","surface",-71.4327,16.7947,2775
"2026-09-09 18:00:00","2026-09-10 09:00:00","CAPE","surface",-71.4088,16.7947,2853
"2026-09-09 18:00:00","2026-09-10 09:00:00","CAPE","surface",-71.3849,16.7947,2718
"2026-09-09 18:00:00","2026-09-10 09:00:00","CAPE","surface",-71.361,16.7947,2387
"2026-09-09 18:00:00","2026-09-10 09:00:00","CAPE","surface",-71.337,16.7947,1148
"2026-09-09 18:00:00","2026-09-10 09:00:00","CAPE","surface",-71.3131,16.7947,20
"2026-09-09 18:00:00","2026-09-10 09:00:00","CAPE","surface",-71.2892,16.7947,0
"2026-09-09 18:00:00","2026-09-10 09:00:00","CAPE","surface",-71.2653,16.7947,0
"2026-09-09 18:00:00","2026-09-10 09:00:00","CAPE","surface",-71.2413,16.7947,0
"2026-09-09 18:00:00","2026-09-10 09:00:00","CAPE","surface",-71.2174,16.7947,0
"2026-09-09 18:00:00","2026-09-10 09:00:00","CAPE","surface",-71.1935,16.7947,0
"2026-09-09 18:00:00","2026-09-10 09:00:00","CAPE","surface",-71.1696,16.7947,0
"2026-09-09 18:00:00","2026-09-10 09:00:00","CAPE","surface",-71.1456,16.7947,23
"2026-09-09 18:00:00","2026-09-10 09:00:00","CAPE","surface",-71.1217,16.7947,23
"2026-09-09 18:00:00","2026-09-10 09:00:00","CAPE","surface",-71.0978,16.7947,87
"2026-09-09 18:00:00","2026-09-10 09:00:00","CAPE","surface",-71.0739,16.7947,185
"2026-09-09 18:00:00","2026-09-10 09:00:00","CAPE","surface",-71.0499,16.7947,346
"2026-09-09 18:00:00","2026-09-10 09:00:00","CAPE","surface",-71.026,16.7947,408
"2026-09-09 18:00:00","2026-09-10 09:00:00","CAPE","surface",-71.0021,16.7947,521
"2026-09-09 18:00:00","2026-09-10 09:00:00","CAPE","surface",-70.9782,16.7947,990
"2026-09-09 18:00:00","2026-09-10 09:00:00","CAPE","surface",-70.9542,16.7947,1085
"2026-09-09 18:00:00","2026-09-10 09:00:00","CAPE","surface",-70.9303,16.7947,2065
"2026-09-09 18:00:00","2026-09-10 09:00:00","CAPE","surface",-70.9064,16.7947,2324
"2026-09-09 18:00:00","2026-09-10 09:00:00","CAPE","surface",-70.8825,16.7947,2682
"2026-09-09 18:00:00","2026-09-10 09:00:00","CAPE","surface",-70.8585,16.7947,2682
"2026-09-09 18:00:00","2026-09-10 09:00:00","CAPE","surface",-70.8346,16.7947,2935
"2026-09-09 18:00:00","2026-09-10 09:00:00","CAPE","surface",-70.8107,16.7947,3040
"2026-09-09 18:00:00","2026-09-10 09:00:00","CAPE","surface",-70.7868,16.7947,2863
"2026-09-09 18:00:00","2026-09-10 09:00:00","CAPE","surface",-70.7628,16.7947,2943
"2026-09-09 18:00:00","2026-09-10 09:00:00","CAPE","surface",-70.7389,16.7947,2943
"2026-09-09 18:00:00","2026-09-10 09:00:00","CAPE","surface",-70.715,16.7947,2998
"2026-09-09 18:00:00","2026-09-10 09:00:00","CAPE","surface",-70.6911,16.7947,2812
"2026-09-09 18:00:00","2026-09-10 09:00:00","CAPE","surface",-70.6671,16.7947,2662
"2026-09-09 18:00:00","2026-09-10 09:00:00","CAPE","surface",-70.6432,16.7947,2141
"2026-09-09 18:00:00","2026-09-10 09:00:00","CAPE","surface",-70.6193,16.7947,2544
"2026-09-09 18:00:00","2026-09-10 09:00:00","CAPE","surface",-70.5954,16.7947,2118
"2026-09-09 18:00:00","2026-09-10 09:00:00","CAPE","surface",-70.5714,16.7947,2195
"2026-09-09 18:00:00","2026-09-10 09:00:00","CAPE","surface",-70.5475,16.7947,2172
"2026-09-09 18:00:00","2026-09-10 09:00:00","CAPE","surface",-70.5236,16.7947,1995
"2026-09-09 18:00:00","2026-09-10 09:00:00","CAPE","surface",-70.4997,16.7947,2187
"2026-09-09 18:00:00","2026-09-10 09:00:00","CAPE","surface",-70.4757,16.7947,2144
"2026-09-09 18:00:00","2026-09-10 09:00:00","CAPE","surface",-70.4518,16.7947,2417
"2026-09-09 18:00:00","2026-09-10 09:00:00","CAPE","surface",-70.4279,16.7947,2353
"2026-09-09 18:00:00","2026-09-10 09:00:00","CAPE","surface",-70.404,16.7947,2684
"2026-09-09 18:00:00","2026-09-10 09:00:00","CAPE","surface",-70.38,16.7947,2684
"2026-09-09 18:00:00","2026-09-10 09:00:00","CAPE","surface",-70.3561,16.7947,2840
"2026-09-09 18:00:00","2026-09-10 09:00:00","CAPE","surface",-70.3322,16.7947,2622
"2026-09-09 18:00:00","2026-09-10 09:00:00","CAPE","surface",-70.3083,16.7947,2512
"2026-09-09 18:00:00","2026-09-10 09:00:00","CAPE","surface",-70.2843,16.7947,1880
"2026-09-09 18:00:00","2026-09-10 09:00:00","CAPE","surface",-70.2604,16.7947,1880
"2026-09-09 18:00:00","2026-09-10 09:00:00","CAPE","surface",-70.2365,16.7947,1653
"2026-09-09 18:00:00","2026-09-10 09:00:00","CAPE","surface",-70.2126,16.7947,1712
"2026-09-09 18:00:00","2026-09-10 09:00:00","CAPE","surface",-70.1886,16.7947,1660
"2026-09-09 18:00:00","2026-09-10 09:00:00","CAPE","surface",-70.1647,16.7947,1660
"2026-09-09 18:00:00","2026-09-10 09:00:00","CAPE","surface",-70.1408,16.7947,1746
"2026-09-09 18:00:00","2026-09-10 09:00:00","CAPE","surface",-70.1169,16.7947,1962
"2026-09-09 18:00:00","2026-09-10 09:00:00","CAPE","surface",-70.0929,16.7947,2024
"2026-09-09 18:00:00","2026-09-10 09:00:00","CAPE","surface",-70.069,16.7947,2183
"2026-09-09 18:00:00","2026-09-10 09:00:00","CAPE","surface",-70.0451,16.7947,2183
"2026-09-09 18:00:00","2026-09-10 09:00:00","CAPE","surface",-70.0212,16.7947,2406
"2026-09-09 18:00:00","2026-09-10 09:00:00","CAPE","surface",-69.9972,16.7947,2508
"2026-09-09 18:00:00","2026-09-10 09:00:00","CAPE","surface",-69.9733,16.7947,2735
"2026-09-09 18:00:00","2026-09-10 09:00:00","CAPE","surface",-69.9494,16.7947,2819
"2026-09-09 18:00:00","2026-09-10 09:00:00","CAPE","surface",-69.9255,16.7947,2819
"2026-09-09 18:00:00","2026-09-10 09:00:00","CAPE","surface",-69.9015,16.7947,2839
"2026-09-09 18:00:00","2026-09-10 09:00:00","CAPE","surface",-69.8776,16.7947,2941
"2026-09-09 18:00:00","2026-09-10 09:00:00","CAPE","surface",-69.8537,16.7947,2978
"2026-09-09 18:00:00","2026-09-10 09:00:00","CAPE","surface",-69.8298,16.7947,2987
"2026-09-09 18:00:00","2026-09-10 09:00:00","CAPE","surface",-69.8058,16.7947,2942
"2026-09-09 18:00:00","2026-09-10 09:00:00","CAPE","surface",-69.7819,16.7947,2898
"2026-09-09 18:00:00","2026-09-10 09:00:00","CAPE","surface",-69.758,16.7947,2729
"2026-09-09 18:00:00","2026-09-10 09:00:00","CAPE","surface",-69.7341,16.7947,2467
"2026-09-09 18:00:00","2026-09-10 09:00:00","CAPE","surface",-69.7101,16.7947,2388
"2026-09-09 18:00:00","2026-09-10 09:00:00","CAPE","surface",-69.6862,16.7947,2348
"2026-09-09 18:00:00","2026-09-10 09:00:00","CAPE","surface",-69.6623,16.7947,2360
"2026-09-09 18:00:00","2026-09-10 09:00:00","CAPE","surface",-69.6384,16.7947,2445
"2026-09-09 18:00:00","2026-09-10 09:00:00","CAPE","surface",-69.6144,16.7947,2514
"2026-09-09 18:00:00","2026-09-10 09:00:00","CAPE","surface",-69.5905,16.7947,2521
"2026-09-09 18:00:00","2026-09-10 09:00:00","CAPE","surface",-69.5666,16.7947,2424
"2026-09-09 18:00:00","2026-09-10 09:00:00","CAPE","surface",-69.5427,16.7947,2433
"2026-09-09 18:00:00","2026-09-10 09:00:00","CAPE","surface",-69.5187,16.7947,2423
"2026-09-09 18:00:00","2026-09-10 09:00:00","CAPE","surface",-69.4948,16.7947,2479
"2026-09-09 18:00:00","2026-09-10 09:00:00","CAPE","surface",-69.4709,16.7947,2528
"2026-09-09 18:00:00","2026-09-10 09:00:00","CAPE","surface",-69.447,16.7947,2586
"2026-09-09 18:00:00","2026-09-10 09:00:00","CAPE","surface",-69.423,16.7947,2653
"2026-09-09 18:00:00","2026-09-10 09:00:00","CAPE","surface",-69.3991,16.7947,2647
"2026-09-09 18:00:00","2026-09-10 09:00:00","CAPE","surface",-69.3752,16.7947,2682
"2026-09-09 18:00:00","2026-09-10 09:00:00","CAPE","surface",-69.3513,16.7947,2704
"2026-09-09 18:00:00","2026-09-10 09:00:00","CAPE","surface",-69.3273,16.7947,2667
"2026-09-09 18:00:00","2026-09-10 09:00:00","CAPE","surface",-69.3034,16.7947,2689
"2026-09-09 18:00:00","2026-09-10 09:00:00","CAPE","surface",-69.2795,16.7947,2728
"2026-09-09 18:00:00","2026-09-10 09:00:00","CAPE","surface",-69.2556,16.7947,2948
"2026-09-09 18:00:00","2026-09-10 09:00:00","CAPE","surface",-69.2316,16.7947,2948
"2026-09-09 18:00:00","2026-09-10 09:00:00","CAPE","surface",-69.2077,16.7947,3143
"2026-09-09 18:00:00","2026-09-10 09:00:00","CAPE","surface",-69.1838,16.7947,3143
"2026-09-09 18:00:00","2026-09-10 09:00:00","CAPE","surface",-69.1599,16.7947,2905
"2026-09-09 18:00:00","2026-09-10 09:00:00","CAPE","surface",-69.1359,16.7947,2838
"2026-09-09 18:00:00","2026-09-10 09:00:00","CAPE","surface",-69.112,16.7947,2757
"2026-09-09 18:00:00","2026-09-10 09:00:00","CAPE","surface",-69.0881,16.7947,2766
"2026-09-09 18:00:00","2026-09-10 09:00:00","CAPE","surface",-69.0642,16.7947,2732
"2026-09-09 18:00:00","2026-09-10 09:00:00","CAPE","surface",-69.0402,16.7947,2826
"2026-09-09 18:00:00","2026-09-10 09:00:00","CAPE","surface",-69.0163,16.7947,3168
"2026-09-09 18:00:00","2026-09-10 09:00:00","CAPE","surface",-68.9924,16.7947,3102
"2026-09-09 18:00:00","2026-09-10 09:00:00","CAPE","surface",-68.9685,16.7947,3291
"2026-09-09 18:00:00","2026-09-10 09:00:00","CAPE","surface",-68.9445,16.7947,3195
"2026-09-09 18:00:00","2026-09-10 09:00:00","CAPE","surface",-68.9206,16.7947,3359
"2026-09-09 18:00:00","2026-09-10 09:00:00","CAPE","surface",-68.8967,16.7947,3359
"2026-09-09 18:00:00","2026-09-10 09:00:00","CAPE","surface",-68.8728,16.7947,3470
"2026-09-09 18:00:00","2026-09-10 09:00:00","CAPE","surface",-68.8488,16.7947,3499
"2026-09-09 18:00:00","2026-09-10 09:00:00","CAPE","surface",-68.8249,16.7947,3342
"2026-09-09 18:00:00","2026-09-10 09:00:00","CAPE","surface",-68.801,16.7947,3383
"2026-09-09 18:00:00","2026-09-10 09:00:00","CAPE","surface",-68.7771,16.7947,3006
"2026-09-09 18:00:00","2026-09-10 09:00:00","CAPE","surface",-68.7531,16.7947,2478
"2026-09-09 18:00:00","2026-09-10 09:00:00","CAPE","surface",-68.7292,16.7947,2360
"2026-09-09 18:00:00","2026-09-10 09:00:00","CAPE","surface",-68.7053,16.7947,2236
"2026-09-09 18:00:00","2026-09-10 09:00:00","CAPE","surface",-68.6813,16.7947,2236
"2026-09-09 18:00:00","2026-09-10 09:00:00","CAPE","surface",-68.6574,16.7947,2254
"2026-09-09 18:00:00","2026-09-10 09:00:00","CAPE","surface",-68.6335,16.7947,2390
"2026-09-09 18:00:00","2026-09-10 09:00:00","CAPE","surface",-68.6096,16.7947,2519
"2026-09-09 18:00:00","2026-09-10 09:00:00","CAPE","surface",-68.5856,16.7947,2571
"2026-09-09 18:00:00","2026-09-10 09:00:00","CAPE","surface",-68.5617,16.7947,2636
"2026-09-09 18:00:00","2026-09-10 09:00:00","CAPE","surface",-68.5378,16.7947,2611
"2026-09-09 18:00:00","2026-09-10 09:00:00","CAPE","surface",-68.5139,16.7947,2510
"2026-09-09 18:00:00","2026-09-10 09:00:00","CAPE","surface",-68.4899,16.7947,2234
"2026-09-09 18:00:00","2026-09-10 09:00:00","CAPE","surface",-68.466,16.7947,2149
"2026-09-09 18:00:00","2026-09-10 09:00:00","CAPE","surface",-68.4421,16.7947,2096
"2026-09-09 18:00:00","2026-09-10 09:00:00","CAPE","surface",-68.4182,16.7947,2031
"2026-09-09 18:00:00","2026-09-10 09:00:00","CAPE","surface",-68.3942,16.7947,2041
"2026-09-09 18:00:00","2026-09-10 09:00:00","CAPE","surface",-68.3703,16.7947,2024
"2026-09-09 18:00:00","2026-09-10 09:00:00","CAPE","surface",-68.3464,16.7947,2102
"2026-09-09 18:00:00","2026-09-10 09:00:00","CAPE","surface",-68.3225,16.7947,2192
"2026-09-09 18:00:00","2026-09-10 09:00:00","CAPE","surface",-68.2985,16.7947,2470
"2026-09-09 18:00:00","2026-09-10 09:00:00","CAPE","surface",-68.2746,16.7947,2645
"2026-09-09 18:00:00","2026-09-10 09:00:00","CAPE","surface",-68.2507,16.7947,2875
"2026-09-09 18:00:00","2026-09-10 09:00:00","CAPE","surface",-68.2268,16.7947,2979
"2026-09-09 18:00:00","2026-09-10 09:00:00","CAPE","surface",-68.2028,16.7947,3088
"2026-09-09 18:00:00","2026-09-10 09:00:00","CAPE","surface",-68.1789,16.7947,3084
"2026-09-09 18:00:00","2026-09-10 09:00:00","CAPE","surface",-68.155,16.7947,3084
"2026-09-09 18:00:00","2026-09-10 09:00:00","CAPE","surface",-68.1311,16.7947,3050
"2026-09-09 18:00:00","2026-09-10 09:00:00","CAPE","surface",-68.1071,16.7947,3011
"2026-09-09 18:00:00","2026-09-10 09:00:00","CAPE","surface",-68.0832,16.7947,2962
"2026-09-09 18:00:00","2026-09-10 09:00:00","CAPE","surface",-68.0593,16.7947,2931
"2026-09-09 18:00:00","2026-09-10 09:00:00","CAPE","surface",-68.0354,16.7947,2914
"2026-09-09 18:00:00","2026-09-10 09:00:00","CAPE","surface",-68.0114,16.7947,2965
"2026-09-09 18:00:00","2026-09-10 09:00:00","CAPE","surface",-67.9875,16.7947,2933
"2026-09-09 18:00:00","2026-09-10 09:00:00","CAPE","surface",-67.9636,16.7947,2991
"2026-09-09 18:00:00","2026-09-10 09:00:00","CAPE","surface",-67.9397,16.7947,2991
"2026-09-09 18:00:00","2026-09-10 09:00:00","CAPE","surface",-67.9157,16.7947,3089
"2026-09-09 18:00:00","2026-09-10 09:00:00","CAPE","surface",-67.8918,16.7947,3042
"2026-09-09 18:00:00","2026-09-10 09:00:00","CAPE","surface",-67.8679,16.7947,3122
"2026-09-09 18:00:00","2026-09-10 09:00:00","CAPE","surface",-67.844,16.7947,3288
"2026-09-09 18:00:00","2026-09-10 09:00:00","CAPE","surface",-67.82,16.7947,3213
"2026-09-09 18:00:00","2026-09-10 09:00:00","CAPE","surface",-67.7961,16.7947,3274
"2026-09-09 18:00:00","2026-09-10 09:00:00","CAPE","surface",-67.7722,16.7947,3095
"2026-09-09 18:00:00","2026-09-10 09:00:00","CAPE","surface",-67.7483,16.7947,3189
"2026-09-09 18:00:00","2026-09-10 09:00:00","CAPE","surface",-67.7243,16.7947,3189
"2026-09-09 18:00:00","2026-09-10 09:00:00","CAPE","surface",-67.7004,16.7947,3269
"2026-09-09 18:00:00","2026-09-10 09:00:00","CAPE","surface",-67.6765,16.7947,3401
"2026-09-09 18:00:00","2026-09-10 09:00:00","CAPE","surface",-67.6526,16.7947,3242
"2026-09-09 18:00:00","2026-09-10 09:00:00","CAPE","surface",-67.6286,16.7947,3462
"2026-09-09 18:00:00","2026-09-10 09:00:00","CAPE","surface",-67.6047,16.7947,3380
"2026-09-09 18:00:00","2026-09-10 09:00:00","CAPE","surface",-67.5808,16.7947,3503
"2026-09-09 18:00:00","2026-09-10 09:00:00","CAPE","surface",-67.5569,16.7947,3621
"2026-09-09 18:00:00","2026-09-10 09:00:00","CAPE","surface",-67.5329,16.7947,3621
"2026-09-09 18:00:00","2026-09-10 09:00:00","CAPE","surface",-67.509,16.7947,3681
"2026-09-09 18:00:00","2026-09-10 09:00:00","CAPE","surface",-67.4851,16.7947,3652
"2026-09-09 18:00:00","2026-09-10 09:00:00","CAPE","surface",-67.4612,16.7947,3616
"2026-09-09 18:00:00","2026-09-10 09:00:00","CAPE","surface",-67.4372,16.7947,3413
"2026-09-09 18:00:00","2026-09-10 09:00:00","CAPE","surface",-67.4133,16.7947,3635
"2026-09-09 18:00:00","2026-09-10 09:00:00","CAPE","surface",-67.3894,16.7947,3622
"2026-09-09 18:00:00","2026-09-10 09:00:00","CAPE","surface",-67.3655,16.7947,3568
"2026-09-09 18:00:00","2026-09-10 09:00:00","CAPE","surface",-67.3415,16.7947,3405
"2026-09-09 18:00:00","2026-09-10 09:00:00","CAPE","surface",-67.3176,16.7947,3405
"2026-09-09 18:00:00","2026-09-10 09:00:00","CAPE","surface",-67.2937,16.7947,3095
"2026-09-09 18:00:00","2026-09-10 09:00:00","CAPE","surface",-67.2698,16.7947,2947
"2026-09-09 18:00:00","2026-09-10 09:00:00","CAPE","surface",-67.2458,16.7947,2781
"2026-09-09 18:00:00","2026-09-10 09:00:00","CAPE","surface",-67.2219,16.7947,2833
"2026-09-09 18:00:00","2026-09-10 09:00:00","CAPE","surface",-67.198,16.7947,2774
"2026-09-09 18:00:00","2026-09-10 09:00:00","CAPE","surface",-67.1741,16.7947,2842
"2026-09-09 18:00:00","2026-09-10 09:00:00","CAPE","surface",-67.1501,16.7947,2825
"2026-09-09 18:00:00","2026-09-10 09:00:00","CAPE","surface",-67.1262,16.7947,3116
"2026-09-09 18:00:00","2026-09-10 09:00:00","CAPE","surface",-67.1023,16.7947,3377
"2026-09-09 18:00:00","2026-09-10 09:00:00","CAPE","surface",-67.0784,16.7947,3337
"2026-09-09 18:00:00","2026-09-10 09:00:00","CAPE","surface",-67.0544,16.7947,3167
"2026-09-09 18:00:00","2026-09-10 09:00:00","CAPE","surface",-67.0305,16.7947,3170
"2026-09-09 18:00:00","2026-09-10 09:00:00","CAPE","surface",-67.0066,16.7947,3039
"2026-09-09 18:00:00","2026-09-10 09:00:00","CAPE","surface",-74.7822,16.8176,2438
"2026-09-09 18:00:00","2026-09-10 09:00:00","CAPE","surface",-74.7583,16.8176,2569
"2026-09-09 18:00:00","2026-09-10 09:00:00","CAPE","surface",-74.7344,16.8176,2569
"2026-09-09 18:00:00","2026-09-10 09:00:00","CAPE","surface",-74.7105,16.8176,2822
"2026-09-09 18:00:00","2026-09-10 09:00:00","CAPE","surface",-74.6865,16.8176,2826
"2026-09-09 18:00:00","2026-09-10 09:00:00","CAPE","surface",-74.6626,16.8176,3034
"2026-09-09 18:00:00","2026-09-10 09:00:00","CAPE","surface",-74.6387,16.8176,2983
"2026-09-09 18:00:00","2026-09-10 09:00:00","CAPE","surface",-74.6148,16.8176,2920
"2026-09-09 18:00:00","2026-09-10 09:00:00","CAPE","surface",-74.5908,16.8176,2920
"2026-09-09 18:00:00","2026-09-10 09:00:00","CAPE","surface",-74.5669,16.8176,2640
"2026-09-09 18:00:00","2026-09-10 09:00:00","CAPE","surface",-74.543,16.8176,2411
"2026-09-09 18:00:00","2026-09-10 09:00:00","CAPE","surface",-74.5191,16.8176,2263
"2026-09-09 18:00:00","2026-09-10 09:00:00","CAPE","surface",-74.4951,16.8176,2243
"2026-09-09 18:00:00","2026-09-10 09:00:00","CAPE","surface",-74.4712,16.8176,2353
"2026-09-09 18:00:00","2026-09-10 09:00:00","CAPE","surface",-74.4473,16.8176,2353
"2026-09-09 18:00:00","2026-09-10 09:00:00","CAPE","surface",-74.4234,16.8176,2539
"2026-09-09 18:00:00","2026-09-10 09:00:00","CAPE","surface",-74.3994,16.8176,2630
"2026-09-09 18:00:00","2026-09-10 09:00:00","CAPE","surface",-74.3755,16.8176,2525
"2026-09-09 18:00:00","2026-09-10 09:00:00","CAPE","surface",-74.3516,16.8176,2610
"2026-09-09 18:00:00","2026-09-10 09:00:00","CAPE","surface",-74.3277,16.8176,2486
"2026-09-09 18:00:00","2026-09-10 09:00:00","CAPE","surface",-74.3037,16.8176,2591
"2026-09-09 18:00:00","2026-09-10 09:00:00","CAPE","surface",-74.2798,16.8176,2257
"2026-09-09 18:00:00","2026-09-10 09:00:00","CAPE","surface",-74.2559,16.8176,2401
"2026-09-09 18:00:00","2026-09-10 09:00:00","CAPE","surface",-74.232,16.8176,2329
"2026-09-09 18:00:00","2026-09-10 09:00:00","CAPE","surface",-74.208,16.8176,2428
"2026-09-09 18:00:00","2026-09-10 09:00:00","CAPE","surface",-74.1841,16.8176,2669
"2026-09-09 18:00:00","2026-09-10 09:00:00","CAPE","surface",-74.1602,16.8176,2468
"2026-09-09 18:00:00","2026-09-10 09:00:00","CAPE","surface",-74.1363,16.8176,2468
"2026-09-09 18:00:00","2026-09-10 09:00:00","CAPE","surface",-74.1123,16.8176,2302
"2026-09-09 18:00:00","2026-09-10 09:00:00","CAPE","surface",-74.0884,16.8176,2367
"2026-09-09 18:00:00","2026-09-10 09:00:00","CAPE","surface",-74.0645,16.8176,2248
"2026-09-09 18:00:00","2026-09-10 09:00:00","CAPE","surface",-74.0406,16.8176,2281
"2026-09-09 18:00:00","2026-09-10 09:00:00","CAPE","surface",-74.0166,16.8176,2229
"2026-09-09 18:00:00","2026-09-10 09:00:00","CAPE","surface",-73.9927,16.8176,2229
"2026-09-09 18:00:00","2026-09-10 09:00:00","CAPE","surface",-73.9688,16.8176,2267
"2026-09-09 18:00:00","2026-09-10 09:00:00","CAPE","surface",-73.9449,16.8176,2226
"2026-09-09 18:00:00","2026-09-10 09:00:00","CAPE","surface",-73.9209,16.8176,2336
"2026-09-09 18:00:00","2026-09-10 09:00:00","CAPE","surface",-73.897,16.8176,2209
"2026-09-09 18:00:00","2026-09-10 09:00:00","CAPE","surface",-73.8731,16.8176,2379
"2026-09-09 18:00:00","2026-09-10 09:00:00","CAPE","surface",-73.8492,16.8176,2379
"2026-09-09 18:00:00","2026-09-10 09:00:00","CAPE","surface",-73.8252,16.8176,2604
"2026-09-09 18:00:00","2026-09-10 09:00:00","CAPE","surface",-73.8013,16.8176,2529
"2026-09-09 18:00:00","2026-09-10 09:00:00","CAPE","surface",-73.7774,16.8176,2666
"2026-09-09 18:00:00","2026-09-10 09:00:00","CAPE","surface",-73.7535,16.8176,2706
"2026-09-09 18:00:00","2026-09-10 09:00:00","CAPE","surface",-73.7295,16.8176,2695
"2026-09-09 18:00:00","2026-09-10 09:00:00","CAPE","surface",-73.7056,16.8176,2704
"2026-09-09 18:00:00","2026-09-10 09:00:00","CAPE","surface",-73.6817,16.8176,2764
"2026-09-09 18:00:00","2026-09-10 09:00:00","CAPE","surface",-73.6578,16.8176,2742
"2026-09-09 18:00:00","2026-09-10 09:00:00","CAPE","surface",-73.6338,16.8176,2780
"2026-09-09 18:00:00","2026-09-10 09:00:00","CAPE","surface",-73.6099,16.8176,2707
"2026-09-09 18:00:00","2026-09-10 09:00:00","CAPE","surface",-73.586,16.8176,2692
"2026-09-09 18:00:00","2026-09-10 09:00:00","CAPE","surface",-73.5621,16.8176,2552
"2026-09-09 18:00:00","2026-09-10 09:00:00","CAPE","surface",-73.5381,16.8176,2410
"2026-09-09 18:00:00","2026-09-10 09:00:00","CAPE","surface",-73.5142,16.8176,2134
"2026-09-09 18:00:00","2026-09-10 09:00:00","CAPE","surface",-73.4903,16.8176,2089
"2026-09-09 18:00:00","2026-09-10 09:00:00","CAPE","surface",-73.4664,16.8176,2044
"2026-09-09 18:00:00","2026-09-10 09:00:00","CAPE","surface",-73.4424,16.8176,2101
"2026-09-09 18:00:00","2026-09-10 09:00:00","CAPE","surface",-73.4185,16.8176,2095
"2026-09-09 18:00:00","2026-09-10 09:00:00","CAPE","surface",-73.3946,16.8176,2155
"2026-09-09 18:00:00","2026-09-10 09:00:00","CAPE","surface",-73.3707,16.8176,2110
"2026-09-09 18:00:00","2026-09-10 09:00:00","CAPE","surface",-73.3467,16.8176,2085
"2026-09-09 18:00:00","2026-09-10 09:00:00","CAPE","surface",-73.3228,16.8176,2108
"2026-09-09 18:00:00","2026-09-10 09:00:00","CAPE","surface",-73.2989,16.8176,2204
"2026-09-09 18:00:00","2026-09-10 09:00:00","CAPE","surface",-73.275,16.8176,2204
"2026-09-09 18:00:00","2026-09-10 09:00:00","CAPE","surface",-73.251,16.8176,2348
"2026-09-09 18:00:00","2026-09-10 09:00:00","CAPE","surface",-73.2271,16.8176,2351
"2026-09-09 18:00:00","2026-09-10 09:00:00","CAPE","surface",-73.2032,16.8176,2518
"2026-09-09 18:00:00","2026-09-10 09:00:00","CAPE","surface",-73.1793,16.8176,2482
"2026-09-09 18:00:00","2026-09-10 09:00:00","CAPE","surface",-73.1553,16.8176,2689
"2026-09-09 18:00:00","2026-09-10 09:00:00","CAPE","surface",-73.1314,16.8176,2689
"2026-09-09 18:00:00","2026-09-10 09:00:00","CAPE","surface",-73.1075,16.8176,2705
"2026-09-09 18:00:00","2026-09-10 09:00:00","CAPE","surface",-73.0836,16.8176,2400
"2026-09-09 18:00:00","2026-09-10 09:00:00","CAPE","surface",-73.0596,16.8176,2368
"2026-09-09 18:00:00","2026-09-10 09:00:00","CAPE","surface",-73.0357,16.8176,2546
"2026-09-09 18:00:00","2026-09-10 09:00:00","CAPE","surface",-73.0118,16.8176,2546
"2026-09-09 18:00:00","2026-09-10 09:00:00","CAPE","surface",-72.9879,16.8176,2654
"2026-09-09 18:00:00","2026-09-10 09:00:00","CAPE","surface",-72.9639,16.8176,2595
"2026-09-09 18:00:00","2026-09-10 09:00:00","CAPE","surface",-72.94,16.8176,2501
"2026-09-09 18:00:00","2026-09-10 09:00:00","CAPE","surface",-72.9161,16.8176,2353
"2026-09-09 18:00:00","2026-09-10 09:00:00","CAPE","surface",-72.8922,16.8176,2326
"2026-09-09 18:00:00","2026-09-10 09:00:00","CAPE","surface",-72.8682,16.8176,2326
"2026-09-09 18:00:00","2026-09-10 09:00:00","CAPE","surface",-72.8443,16.8176,2335
"2026-09-09 18:00:00","2026-09-10 09:00:00","CAPE","surface",-72.8204,16.8176,2329
"2026-09-09 18:00:00","2026-09-10 09:00:00","CAPE","surface",-72.7965,16.8176,2381
"2026-09-09 18:00:00","2026-09-10 09:00:00","CAPE","surface",-72.7725,16.8176,2362
"2026-09-09 18:00:00","2026-09-10 09:00:00","CAPE","surface",-72.7486,16.8176,2384
"2026-09-09 18:00:00","2026-09-10 09:00:00","CAPE","surface",-72.7247,16.8176,2384
"2026-09-09 18:00:00","2026-09-10 09:00:00","CAPE","surface",-72.7008,16.8176,2383
"2026-09-09 18:00:00","2026-09-10 09:00:00","CAPE","surface",-72.6768,16.8176,2385
"2026-09-09 18:00:00","2026-09-10 09:00:00","CAPE","surface",-72.6529,16.8176,2391
"2026-09-09 18:00:00","2026-09-10 09:00:00","CAPE","surface",-72.629,16.8176,2427
"2026-09-09 18:00:00","2026-09-10 09:00:00","CAPE","surface",-72.6051,16.8176,2427
"2026-09-09 18:00:00","2026-09-10 09:00:00","CAPE","surface",-72.5811,16.8176,2551
"2026-09-09 18:00:00","2026-09-10 09:00:00","CAPE","surface",-72.5572,16.8176,2569
"2026-09-09 18:00:00","2026-09-10 09:00:00","CAPE","surface",-72.5333,16.8176,2692
"2026-09-09 18:00:00","2026-09-10 09:00:00","CAPE","surface",-72.5094,16.8176,2664
"2026-09-09 18:00:00","2026-09-10 09:00:00","CAPE","surface",-72.4854,16.8176,2740
"2026-09-09 18:00:00","2026-09-10 09:00:00","CAPE","surface",-72.4615,16.8176,2740
"2026-09-09 18:00:00","2026-09-10 09:00:00","CAPE","surface",-72.4376,16.8176,2852
"2026-09-09 18:00:00","2026-09-10 09:00:00","CAPE","surface",-72.4137,16.8176,2809
"2026-09-09 18:00:00","2026-09-10 09:00:00","CAPE","surface",-72.3897,16.8176,2918
"2026-09-09 18:00:00","2026-09-10 09:00:00","CAPE","surface",-72.3658,16.8176,2940
"2026-09-09 18:00:00","2026-09-10 09:00:00","CAPE","surface",-72.3419,16.8176,2940
"2026-09-09 18:00:00","2026-09-10 09:00:00","CAPE","surface",-72.318,16.8176,2952
"2026-09-09 18:00:00","2026-09-10 09:00:00","CAPE","surface",-72.294,16.8176,2943
"2026-09-09 18:00:00","2026-09-10 09:00:00","CAPE","surface",-72.2701,16.8176,2967
"2026-09-09 18:00:00","2026-09-10 09:00:00","CAPE","surface",-72.2462,16.8176,2889
"2026-09-09 18:00:00","2026-09-10 09:00:00","CAPE","surface",-72.2223,16.8176,2892
"2026-09-09 18:00:00","2026-09-10 09:00:00","CAPE","surface",-72.1983,16.8176,2892
"2026-09-09 18:00:00","2026-09-10 09:00:00","CAPE","surface",-72.1744,16.8176,2946
"2026-09-09 18:00:00","2026-09-10 09:00:00","CAPE","surface",-72.1505,16.8176,2857
"2026-09-09 18:00:00","2026-09-10 09:00:00","CAPE","surface",-72.1266,16.8176,2865
"2026-09-09 18:00:00","2026-09-10 09:00:00","CAPE","surface",-72.1026,16.8176,2877
"2026-09-09 18:00:00","2026-09-10 09:00:00","CAPE","surface",-72.0787,16.8176,2877
"2026-09-09 18:00:00","2026-09-10 09:00:00","CAPE","surface",-72.0548,16.8176,2921
"2026-09-09 18:00:00","2026-09-10 09:00:00","CAPE","surface",-72.0309,16.8176,2910
"2026-09-09 18:00:00","2026-09-10 09:00:00","CAPE","surface",-72.0069,16.8176,2954
"2026-09-09 18:00:00","2026-09-10 09:00:00","CAPE","surface",-71.983,16.8176,2977
"2026-09-09 18:00:00","2026-09-10 09:00:00","CAPE","surface",-71.9591,16.8176,3097
"2026-09-09 18:00:00","2026-09-10 09:00:00","CAPE","surface",-71.9352,16.8176,3097
"2026-09-09 18:00:00","2026-09-10 09:00:00","CAPE","surface",-71.9112,16.8176,3200
"2026-09-09 18:00:00","2026-09-10 09:00:00","CAPE","surface",-71.8873,16.8176,3216
"2026-09-09 18:00:00","2026-09-10 09:00:00","CAPE","surface",-71.8634,16.8176,3115
"2026-09-09 18:00:00","2026-09-10 09:00:00","CAPE","surface",-71.8395,16.8176,2908
"2026-09-09 18:00:00","2026-09-10 09:00:00","CAPE","surface",-71.8155,16.8176,2908
"2026-09-09 18:00:00","2026-09-10 09:00:00","CAPE","surface",-71.7916,16.8176,2741
"2026-09-09 18:00:00","2026-09-10 09:00:00","CAPE","surface",-71.7677,16.8176,2600
"2026-09-09 18:00:00","2026-09-10 09:00:00","CAPE","surface",-71.7438,16.8176,2507
"2026-09-09 18:00:00","2026-09-10 09:00:00","CAPE","surface",-71.7198,16.8176,2464
"2026-09-09 18:00:00","2026-09-10 09:00:00","CAPE","surface",-71.6959,16.8176,2555
"2026-09-09 18:00:00","2026-09-10 09:00:00","CAPE","surface",-71.672,16.8176,2548
"2026-09-09 18:00:00","2026-09-10 09:00:00","CAPE","surface",-71.6481,16.8176,2630
"2026-09-09 18:00:00","2026-09-10 09:00:00","CAPE","surface",-71.6241,16.8176,2675
"2026-09-09 18:00:00","2026-09-10 09:00:00","CAPE","surface",-71.6002,16.8176,2732
"2026-09-09 18:00:00","2026-09-10 09:00:00","CAPE","surface",-71.5763,16.8176,2739
"2026-09-09 18:00:00","2026-09-10 09:00:00","CAPE","surface",-71.5524,16.8176,2739
"2026-09-09 18:00:00","2026-09-10 09:00:00","CAPE","surface",-71.5284,16.8176,2737
"2026-09-09 18:00:00","2026-09-10 09:00:00","CAPE","surface",-71.5045,16.8176,2732
"2026-09-09 18:00:00","2026-09-10 09:00:00","CAPE","surface",-71.4806,16.8176,2749
"2026-09-09 18:00:00","2026-09-10 09:00:00","CAPE","surface",-71.4567,16.8176,2757
"2026-09-09 18:00:00","2026-09-10 09:00:00","CAPE","surface",-71.4327,16.8176,2786
"2026-09-09 18:00:00","2026-09-10 09:00:00","CAPE","surface",-71.4088,16.8176,2812
"2026-09-09 18:00:00","2026-09-10 09:00:00","CAPE","surface",-71.3849,16.8176,2814
"2026-09-09 18:00:00","2026-09-10 09:00:00","CAPE","surface",-71.361,16.8176,2387
"2026-09-09 18:00:00","2026-09-10 09:00:00","CAPE","surface",-71.337,16.8176,633
"2026-09-09 18:00:00","2026-09-10 09:00:00","CAPE","surface",-71.3131,16.8176,377
"2026-09-09 18:00:00","2026-09-10 09:00:00","CAPE","surface",-71.2892,16.8176,0
"2026-09-09 18:00:00","2026-09-10 09:00:00","CAPE","surface",-71.2653,16.8176,0
"2026-09-09 18:00:00","2026-09-10 09:00:00","CAPE","surface",-71.2413,16.8176,0
"2026-09-09 18:00:00","2026-09-10 09:00:00","CAPE","surface",-71.2174,16.8176,0
"2026-09-09 18:00:00","2026-09-10 09:00:00","CAPE","surface",-71.1935,16.8176,0
"2026-09-09 18:00:00","2026-09-10 09:00:00","CAPE","surface",-71.1696,16.8176,0
"2026-09-09 18:00:00","2026-09-10 09:00:00","CAPE","surface",-71.1456,16.8176,2
"2026-09-09 18:00:00","2026-09-10 09:00:00","CAPE","surface",-71.1217,16.8176,43
"2026-09-09 18:00:00","2026-09-10 09:00:00","CAPE","surface",-71.0978,16.8176,141
"2026-09-09 18:00:00","2026-09-10 09:00:00","CAPE","surface",-71.0739,16.8176,141
"2026-09-09 18:00:00","2026-09-10 09:00:00","CAPE","surface",-71.0499,16.8176,349
"2026-09-09 18:00:00","2026-09-10 09:00:00","CAPE","surface",-71.026,16.8176,468
"2026-09-09 18:00:00","2026-09-10 09:00:00","CAPE","surface",-71.0021,16.8176,901
"2026-09-09 18:00:00","2026-09-10 09:00:00","CAPE","surface",-70.9782,16.8176,990
"2026-09-09 18:00:00","2026-09-10 09:00:00","CAPE","surface",-70.9542,16.8176,1677
"2026-09-09 18:00:00","2026-09-10 09:00:00","CAPE","surface",-70.9303,16.8176,1831
"2026-09-09 18:00:00","2026-09-10 09:00:00","CAPE","surface",-70.9064,16.8176,2340
"2026-09-09 18:00:00","2026-09-10 09:00:00","CAPE","surface",-70.8825,16.8176,2509
"2026-09-09 18:00:00","2026-09-10 09:00:00","CAPE","surface",-70.8585,16.8176,2754
"2026-09-09 18:00:00","2026-09-10 09:00:00","CAPE","surface",-70.8346,16.8176,2761
"2026-09-09 18:00:00","2026-09-10 09:00:00","CAPE","surface",-70.8107,16.8176,2761
"2026-09-09 18:00:00","2026-09-10 09:00:00","CAPE","surface",-70.7868,16.8176,2680
"2026-09-09 18:00:00","2026-09-10 09:00:00","CAPE","surface",-70.7628,16.8176,2809
"2026-09-09 18:00:00","2026-09-10 09:00:00","CAPE","surface",-70.7389,16.8176,2944
"2026-09-09 18:00:00","2026-09-10 09:00:00","CAPE","surface",-70.715,16.8176,2998
"2026-09-09 18:00:00","2026-09-10 09:00:00","CAPE","surface",-70.6911,16.8176,2923
"2026-09-09 18:00:00","2026-09-10 09:00:00","CAPE","surface",-70.6671,16.8176,2890
"2026-09-09 18:00:00","2026-09-10 09:00:00","CAPE","surface",-70.6432,16.8176,2699
"2026-09-09 18:00:00","2026-09-10 09:00:00","CAPE","surface",-70.6193,16.8176,2522
"2026-09-09 18:00:00","2026-09-10 09:00:00","CAPE","surface",-70.5954,16.8176,2457
"2026-09-09 18:00:00","2026-09-10 09:00:00","CAPE","surface",-70.5714,16.8176,2361
"2026-09-09 18:00:00","2026-09-10 09:00:00","CAPE","surface",-70.5475,16.8176,2315
"2026-09-09 18:00:00","2026-09-10 09:00:00","CAPE","surface",-70.5236,16.8176,2184
"2026-09-09 18:00:00","2026-09-10 09:00:00","CAPE","surface",-70.4997,16.8176,2187
"2026-09-09 18:00:00","2026-09-10 09:00:00","CAPE","surface",-70.4757,16.8176,2403
"2026-09-09 18:00:00","2026-09-10 09:00:00","CAPE","surface",-70.4518,16.8176,2403
"2026-09-09 18:00:00","2026-09-10 09:00:00","CAPE","surface",-70.4279,16.8176,2607
"2026-09-09 18:00:00","2026-09-10 09:00:00","CAPE","surface",-70.404,16.8176,2666
"2026-09-09 18:00:00","2026-09-10 09:00:00","CAPE","surface",-70.38,16.8176,2778
"2026-09-09 18:00:00","2026-09-10 09:00:00","CAPE","surface",-70.3561,16.8176,2638
"2026-09-09 18:00:00","2026-09-10 09:00:00","CAPE","surface",-70.3322,16.8176,2638
"2026-09-09 18:00:00","2026-09-10 09:00:00","CAPE","surface",-70.3083,16.8176,2308
"2026-09-09 18:00:00","2026-09-10 09:00:00","CAPE","surface",-70.2843,16.8176,1993
"2026-09-09 18:00:00","2026-09-10 09:00:00","CAPE","surface",-70.2604,16.8176,1665
"2026-09-09 18:00:00","2026-09-10 09:00:00","CAPE","surface",-70.2365,16.8176,1610
"2026-09-09 18:00:00","2026-09-10 09:00:00","CAPE","surface",-70.2126,16.8176,1572
"2026-09-09 18:00:00","2026-09-10 09:00:00","CAPE","surface",-70.1886,16.8176,1616
"2026-09-09 18:00:00","2026-09-10 09:00:00","CAPE","surface",-70.1647,16.8176,1668
"2026-09-09 18:00:00","2026-09-10 09:00:00","CAPE","surface",-70.1408,16.8176,1867
"2026-09-09 18:00:00","2026-09-10 09:00:00","CAPE","surface",-70.1169,16.8176,1867
"2026-09-09 18:00:00","2026-09-10 09:00:00","CAPE","surface",-70.0929,16.8176,2101
"2026-09-09 18:00:00","2026-09-10 09:00:00","CAPE","surface",-70.069,16.8176,2154
"2026-09-09 18:00:00","2026-09-10 09:00:00","CAPE","surface",-70.0451,16.8176,2307
"2026-09-09 18:00:00","2026-09-10 09:00:00","CAPE","surface",-70.0212,16.8176,2497
"2026-09-09 18:00:00","2026-09-10 09:00:00","CAPE","surface",-69.9972,16.8176,2497
"2026-09-09 18:00:00","2026-09-10 09:00:00","CAPE","surface",-69.9733,16.8176,2662
"2026-09-09 18:00:00","2026-09-10 09:00:00","CAPE","surface",-69.9494,16.8176,2734
"2026-09-09 18:00:00","2026-09-10 09:00:00","CAPE","surface",-69.9255,16.8176,2734
"2026-09-09 18:00:00","2026-09-10 09:00:00","CAPE","surface",-69.9015,16.8176,2839
"2026-09-09 18:00:00","2026-09-10 09:00:00","CAPE","surface",-69.8776,16.8176,2788
"2026-09-09 18:00:00","2026-09-10 09:00:00","CAPE","surface",-69.8537,16.8176,2901
"2026-09-09 18:00:00","2026-09-10 09:00:00","CAPE","surface",-69.8298,16.8176,2942
"2026-09-09 18:00:00","2026-09-10 09:00:00","CAPE","surface",-69.8058,16.8176,2900
"2026-09-09 18:00:00","2026-09-10 09:00:00","CAPE","surface",-69.7819,16.8176,2857
"2026-09-09 18:00:00","2026-09-10 09:00:00","CAPE","surface",-69.758,16.8176,2805
"2026-09-09 18:00:00","2026-09-10 09:00:00","CAPE","surface",-69.7341,16.8176,2640
"2026-09-09 18:00:00","2026-09-10 09:00:00","CAPE","surface",-69.7101,16.8176,2416
"2026-09-09 18:00:00","2026-09-10 09:00:00","CAPE","surface",-69.6862,16.8176,2348
"2026-09-09 18:00:00","2026-09-10 09:00:00","CAPE","surface",-69.6623,16.8176,2353
"2026-09-09 18:00:00","2026-09-10 09:00:00","CAPE","surface",-69.6384,16.8176,2342
"2026-09-09 18:00:00","2026-09-10 09:00:00","CAPE","surface",-69.6144,16.8176,2411
"2026-09-09 18:00:00","2026-09-10 09:00:00","CAPE","surface",-69.5905,16.8176,2414
"2026-09-09 18:00:00","2026-09-10 09:00:00","CAPE","surface",-69.5666,16.8176,2424
"2026-09-09 18:00:00","2026-09-10 09:00:00","CAPE","surface",-69.5427,16.8176,2402
"2026-09-09 18:00:00","2026-09-10 09:00:00","CAPE","surface",-69.5187,16.8176,2402
"2026-09-09 18:00:00","2026-09-10 09:00:00","CAPE","surface",-69.4948,16.8176,2457
"2026-09-09 18:00:00","2026-09-10 09:00:00","CAPE","surface",-69.4709,16.8176,2528
"2026-09-09 18:00:00","2026-09-10 09:00:00","CAPE","surface",-69.447,16.8176,2654
"2026-09-09 18:00:00","2026-09-10 09:00:00","CAPE","surface",-69.423,16.8176,2767
"2026-09-09 18:00:00","2026-09-10 09:00:00","CAPE","surface",-69.3991,16.8176,2726
"2026-09-09 18:00:00","2026-09-10 09:00:00","CAPE","surface",-69.3752,16.8176,2762
"2026-09-09 18:00:00","2026-09-10 09:00:00","CAPE","surface",-69.3513,16.8176,2704
"2026-09-09 18:00:00","2026-09-10 09:00:00","CAPE","surface",-69.3273,16.8176,2702
"2026-09-09 18:00:00","2026-09-10 09:00:00","CAPE","surface",-69.3034,16.8176,2702
"2026-09-09 18:00:00","2026-09-10 09:00:00","CAPE","surface",-69.2795,16.8176,2768
"2026-09-09 18:00:00","2026-09-10 09:00:00","CAPE","surface",-69.2556,16.8176,2968
"2026-09-09 18:00:00","2026-09-10 09:00:00","CAPE","surface",-69.2316,16.8176,3085
"2026-09-09 18:00:00","2026-09-10 09:00:00","CAPE","surface",-69.2077,16.8176,3128
"2026-09-09 18:00:00","2026-09-10 09:00:00","CAPE","surface",-69.1838,16.8176,3174
"2026-09-09 18:00:00","2026-09-10 09:00:00","CAPE","surface",-69.1599,16.8176,2948
"2026-09-09 18:00:00","2026-09-10 09:00:00","CAPE","surface",-69.1359,16.8176,2838
"2026-09-09 18:00:00","2026-09-10 09:00:00","CAPE","surface",-69.112,16.8176,2791
"2026-09-09 18:00:00","2026-09-10 09:00:00","CAPE","surface",-69.0881,16.8176,2836
"2026-09-09 18:00:00","2026-09-10 09:00:00","CAPE","surface",-69.0642,16.8176,2876
"2026-09-09 18:00:00","2026-09-10 09:00:00","CAPE","surface",-69.0402,16.8176,3123
"2026-09-09 18:00:00","2026-09-10 09:00:00","CAPE","surface",-69.0163,16.8176,3168
"2026-09-09 18:00:00","2026-09-10 09:00:00","CAPE","surface",-68.9924,16.8176,3338
"2026-09-09 18:00:00","2026-09-10 09:00:00","CAPE","surface",-68.9685,16.8176,3338
"2026-09-09 18:00:00","2026-09-10 09:00:00","CAPE","surface",-68.9445,16.8176,3423
"2026-09-09 18:00:00","2026-09-10 09:00:00","CAPE","surface",-68.9206,16.8176,3457
"2026-09-09 18:00:00","2026-09-10 09:00:00","CAPE","surface",-68.8967,16.8176,3495
"2026-09-09 18:00:00","2026-09-10 09:00:00","CAPE","surface",-68.8728,16.8176,3516
"2026-09-09 18:00:00","2026-09-10 09:00:00","CAPE","surface",-68.8488,16.8176,3544
"2026-09-09 18:00:00","2026-09-10 09:00:00","CAPE","surface",-68.8249,16.8176,3552
"2026-09-09 18:00:00","2026-09-10 09:00:00","CAPE","surface",-68.801,16.8176,3383
"2026-09-09 18:00:00","2026-09-10 09:00:00","CAPE","surface",-68.7771,16.8176,2800
"2026-09-09 18:00:00","2026-09-10 09:00:00","CAPE","surface",-68.7531,16.8176,2646
"2026-09-09 18:00:00","2026-09-10 09:00:00","CAPE","surface",-68.7292,16.8176,2284
"2026-09-09 18:00:00","2026-09-10 09:00:00","CAPE","surface",-68.7053,16.8176,2177
"2026-09-09 18:00:00","2026-09-10 09:00:00","CAPE","surface",-68.6813,16.8176,2181
"2026-09-09 18:00:00","2026-09-10 09:00:00","CAPE","surface",-68.6574,16.8176,2182
"2026-09-09 18:00:00","2026-09-10 09:00:00","CAPE","surface",-68.6335,16.8176,2240
"2026-09-09 18:00:00","2026-09-10 09:00:00","CAPE","surface",-68.6096,16.8176,2439
"2026-09-09 18:00:00","2026-09-10 09:00:00","CAPE","surface",-68.5856,16.8176,2571
"2026-09-09 18:00:00","2026-09-10 09:00:00","CAPE","surface",-68.5617,16.8176,2649
"2026-09-09 18:00:00","2026-09-10 09:00:00","CAPE","surface",-68.5378,16.8176,2606
"2026-09-09 18:00:00","2026-09-10 09:00:00","CAPE","surface",-68.5139,16.8176,2523
"2026-09-09 18:00:00","2026-09-10 09:00:00","CAPE","surface",-68.4899,16.8176,2278
"2026-09-09 18:00:00","2026-09-10 09:00:00","CAPE","surface",-68.466,16.8176,2149
"2026-09-09 18:00:00","2026-09-10 09:00:00","CAPE","surface",-68.4421,16.8176,2104
"2026-09-09 18:00:00","2026-09-10 09:00:00","CAPE","surface",-68.4182,16.8176,2048
"2026-09-09 18:00:00","2026-09-10 09:00:00","CAPE","surface",-68.3942,16.8176,2023
"2026-09-09 18:00:00","2026-09-10 09:00:00","CAPE","surface",-68.3703,16.8176,2075
"2026-09-09 18:00:00","2026-09-10 09:00:00","CAPE","surface",-68.3464,16.8176,2102
"2026-09-09 18:00:00","2026-09-10 09:00:00","CAPE","surface",-68.3225,16.8176,2241
"2026-09-09 18:00:00","2026-09-10 09:00:00","CAPE","surface",-68.2985,16.8176,2320
"2026-09-09 18:00:00","2026-09-10 09:00:00","CAPE","surface",-68.2746,16.8176,2708
"2026-09-09 18:00:00","2026-09-10 09:00:00","CAPE","surface",-68.2507,16.8176,3046
"2026-09-09 18:00:00","2026-09-10 09:00:00","CAPE","surface",-68.2268,16.8176,3046
"2026-09-09 18:00:00","2026-09-10 09:00:00","CAPE","surface",-68.2028,16.8176,3107
"2026-09-09 18:00:00","2026-09-10 09:00:00","CAPE","surface",-68.1789,16.8176,3102
"2026-09-09 18:00:00","2026-09-10 09:00:00","CAPE","surface",-68.155,16.8176,3084
"2026-09-09 18:00:00","2026-09-10 09:00:00","CAPE","surface",-68.1311,16.8176,3050
"2026-09-09 18:00:00","2026-09-10 09:00:00","CAPE","surface",-68.1071,16.8176,3041
"2026-09-09 18:00:00","2026-09-10 09:00:00","CAPE","surface",-68.0832,16.8176,2989
"2026-09-09 18:00:00","2026-09-10 09:00:00","CAPE","surface",-68.0593,16.8176,2948
"2026-09-09 18:00:00","2026-09-10 09:00:00","CAPE","surface",-68.0354,16.8176,3007
"2026-09-09 18:00:00","2026-09-10 09:00:00","CAPE","surface",-68.0114,16.8176,3007
"2026-09-09 18:00:00","2026-09-10 09:00:00","CAPE","surface",-67.9875,16.8176,3104
"2026-09-09 18:00:00","2026-09-10 09:00:00","CAPE","surface",-67.9636,16.8176,3034
"2026-09-09 18:00:00","2026-09-10 09:00:00","CAPE","surface",-67.9397,16.8176,3129
"2026-09-09 18:00:00","2026-09-10 09:00:00","CAPE","surface",-67.9157,16.8176,3243
"2026-09-09 18:00:00","2026-09-10 09:00:00","CAPE","surface",-67.8918,16.8176,3243
"2026-09-09 18:00:00","2026-09-10 09:00:00","CAPE","surface",-67.8679,16.8176,3324
"2026-09-09 18:00:00","2026-09-10 09:00:00","CAPE","surface",-67.844,16.8176,3288
"2026-09-09 18:00:00","2026-09-10 09:00:00","CAPE","surface",-67.82,16.8176,3369
"2026-09-09 18:00:00","2026-09-10 09:00:00","CAPE","surface",-67.7961,16.8176,3369
"2026-09-09 18:00:00","2026-09-10 09:00:00","CAPE","surface",-67.7722,16.8176,3399
"2026-09-09 18:00:00","2026-09-10 09:00:00","CAPE","surface",-67.7483,16.8176,3415
"2026-09-09 18:00:00","2026-09-10 09:00:00","CAPE","surface",-67.7243,16.8176,3413
"2026-09-09 18:00:00","2026-09-10 09:00:00","CAPE","surface",-67.7004,16.8176,3387
"2026-09-09 18:00:00","2026-09-10 09:00:00","CAPE","surface",-67.6765,16.8176,3451
"2026-09-09 18:00:00","2026-09-10 09:00:00","CAPE","surface",-67.6526,16.8176,3477
"2026-09-09 18:00:00","2026-09-10 09:00:00","CAPE","surface",-67.6286,16.8176,3462
"2026-09-09 18:00:00","2026-09-10 09:00:00","CAPE","surface",-67.6047,16.8176,3565
"2026-09-09 18:00:00","2026-09-10 09:00:00","CAPE","surface",-67.5808,16.8176,3652
"2026-09-09 18:00:00","2026-09-10 09:00:00","CAPE","surface",-67.5569,16.8176,3663
"2026-09-09 18:00:00","2026-09-10 09:00:00","CAPE","surface",-67.5329,16.8176,3724
"2026-09-09 18:00:00","2026-09-10 09:00:00","CAPE","surface",-67.509,16.8176,3681
"2026-09-09 18:00:00","2026-09-10 09:00:00","CAPE","surface",-67.4851,16.8176,3725
"2026-09-09 18:00:00","2026-09-10 09:00:00","CAPE","surface",-67.4612,16.8176,3712
"2026-09-09 18:00:00","2026-09-10 09:00:00","CAPE","surface",-67.4372,16.8176,3699
"2026-09-09 18:00:00","2026-09-10 09:00:00","CAPE","surface",-67.4133,16.8176,3661
"2026-09-09 18:00:00","2026-09-10 09:00:00","CAPE","surface",-67.3894,16.8176,3661
"2026-09-09 18:00:00","2026-09-10 09:00:00","CAPE","surface",-67.3655,16.8176,3562
"2026-09-09 18:00:00","2026-09-10 09:00:00","CAPE","surface",-67.3415,16.8176,3529
"2026-09-09 18:00:00","2026-09-10 09:00:00","CAPE","surface",-67.3176,16.8176,3212
"2026-09-09 18:00:00","2026-09-10 09:00:00","CAPE","surface",-67.2937,16.8176,3002
"2026-09-09 18:00:00","2026-09-10 09:00:00","CAPE","surface",-67.2698,16.8176,3002
"2026-09-09 18:00:00","2026-09-10 09:00:00","CAPE","surface",-67.2458,16.8176,2925
"2026-09-09 18:00:00","2026-09-10 09:00:00","CAPE","surface",-67.2219,16.8176,2833
"2026-09-09 18:00:00","2026-09-10 09:00:00","CAPE","surface",-67.198,16.8176,2900
"2026-09-09 18:00:00","2026-09-10 09:00:00","CAPE","surface",-67.1741,16.8176,3122
"2026-09-09 18:00:00","2026-09-10 09:00:00","CAPE","surface",-67.1501,16.8176,3084
"2026-09-09 18:00:00","2026-09-10 09:00:00","CAPE","surface",-67.1262,16.8176,3373
"2026-09-09 18:00:00","2026-09-10 09:00:00","CAPE","surface",-67.1023,16.8176,3377
"2026-09-09 18:00:00","2026-09-10 09:00:00","CAPE","surface",-67.0784,16.8176,3385
"2026-09-09 18:00:00","2026-09-10 09:00:00","CAPE","surface",-67.0544,16.8176,3209
"2026-09-09 18:00:00","2026-09-10 09:00:00","CAPE","surface",-67.0305,16.8176,3020
"2026-09-09 18:00:00","2026-09-10 09:00:00","CAPE","surface",-67.0066,16.8176,3002
"2026-09-09 18:00:00","2026-09-10 09:00:00","CAPE","surface",-74.7822,16.8405,2764
"2026-09-09 18:00:00","2026-09-10 09:00:00","CAPE","surface",-74.7583,16.8405,2682
"2026-09-09 18:00:00","2026-09-10 09:00:00","CAPE","surface",-74.7344,16.8405,2852
"2026-09-09 18:00:00","2026-09-10 09:00:00","CAPE","surface",-74.7105,16.8405,2822
"2026-09-09 18:00:00","2026-09-10 09:00:00","CAPE","surface",-74.6865,16.8405,3007
"2026-09-09 18:00:00","2026-09-10 09:00:00","CAPE","surface",-74.6626,16.8405,3022
"2026-09-09 18:00:00","2026-09-10 09:00:00","CAPE","surface",-74.6387,16.8405,3003
"2026-09-09 18:00:00","2026-09-10 09:00:00","CAPE","surface",-74.6148,16.8405,3011
"2026-09-09 18:00:00","2026-09-10 09:00:00","CAPE","surface",-74.5908,16.8405,2835
"2026-09-09 18:00:00","2026-09-10 09:00:00","CAPE","surface",-74.5669,16.8405,2640
"2026-09-09 18:00:00","2026-09-10 09:00:00","CAPE","surface",-74.543,16.8405,2299
"2026-09-09 18:00:00","2026-09-10 09:00:00","CAPE","surface",-74.5191,16.8405,2299
"2026-09-09 18:00:00","2026-09-10 09:00:00","CAPE","surface",-74.4951,16.8405,2233
"2026-09-09 18:00:00","2026-09-10 09:00:00","CAPE","surface",-74.4712,16.8405,2308
"2026-09-09 18:00:00","2026-09-10 09:00:00","CAPE","surface",-74.4473,16.8405,2421
"2026-09-09 18:00:00","2026-09-10 09:00:00","CAPE","surface",-74.4234,16.8405,2512
"2026-09-09 18:00:00","2026-09-10 09:00:00","CAPE","surface",-74.3994,16.8405,2506
"2026-09-09 18:00:00","2026-09-10 09:00:00","CAPE","surface",-74.3755,16.8405,2466
"2026-09-09 18:00:00","2026-09-10 09:00:00","CAPE","surface",-74.3516,16.8405,2381
"2026-09-09 18:00:00","2026-09-10 09:00:00","CAPE","surface",-74.3277,16.8405,2157
"2026-09-09 18:00:00","2026-09-10 09:00:00","CAPE","surface",-74.3037,16.8405,2175
"2026-09-09 18:00:00","2026-09-10 09:00:00","CAPE","surface",-74.2798,16.8405,2021
"2026-09-09 18:00:00","2026-09-10 09:00:00","CAPE","surface",-74.2559,16.8405,2117
"2026-09-09 18:00:00","2026-09-10 09:00:00","CAPE","surface",-74.232,16.8405,2043
"2026-09-09 18:00:00","2026-09-10 09:00:00","CAPE","surface",-74.208,16.8405,2212
"2026-09-09 18:00:00","2026-09-10 09:00:00","CAPE","surface",-74.1841,16.8405,2295
"2026-09-09 18:00:00","2026-09-10 09:00:00","CAPE","surface",-74.1602,16.8405,2357
"2026-09-09 18:00:00","2026-09-10 09:00:00","CAPE","surface",-74.1363,16.8405,2258
"2026-09-09 18:00:00","2026-09-10 09:00:00","CAPE","surface",-74.1123,16.8405,2302
"2026-09-09 18:00:00","2026-09-10 09:00:00","CAPE","surface",-74.0884,16.8405,2201
"2026-09-09 18:00:00","2026-09-10 09:00:00","CAPE","surface",-74.0645,16.8405,2216
"2026-09-09 18:00:00","2026-09-10 09:00:00","CAPE","surface",-74.0406,16.8405,2197
"2026-09-09 18:00:00","2026-09-10 09:00:00","CAPE","surface",-74.0166,16.8405,2216
"2026-09-09 18:00:00","2026-09-10 09:00:00","CAPE","surface",-73.9927,16.8405,2266
"2026-09-09 18:00:00","2026-09-10 09:00:00","CAPE","surface",-73.9688,16.8405,2440
"2026-09-09 18:00:00","2026-09-10 09:00:00","CAPE","surface",-73.9449,16.8405,2440
"2026-09-09 18:00:00","2026-09-10 09:00:00","CAPE","surface",-73.9209,16.8405,2694
"2026-09-09 18:00:00","2026-09-10 09:00:00","CAPE","surface",-73.897,16.8405,2632
"2026-09-09 18:00:00","2026-09-10 09:00:00","CAPE","surface",-73.8731,16.8405,2846
"2026-09-09 18:00:00","2026-09-10 09:00:00","CAPE","surface",-73.8492,16.8405,2723
"2026-09-09 18:00:00","2026-09-10 09:00:00","CAPE","surface",-73.8252,16.8405,2799
"2026-09-09 18:00:00","2026-09-10 09:00:00","CAPE","surface",-73.8013,16.8405,2799
"2026-09-09 18:00:00","2026-09-10 09:00:00","CAPE","surface",-73.7774,16.8405,2742
"2026-09-09 18:00:00","2026-09-10 09:00:00","CAPE","surface",-73.7535,16.8405,2716
"2026-09-09 18:00:00","2026-09-10 09:00:00","CAPE","surface",-73.7295,16.8405,2694
"2026-09-09 18:00:00","2026-09-10 09:00:00","CAPE","surface",-73.7056,16.8405,2704
"2026-09-09 18:00:00","2026-09-10 09:00:00","CAPE","surface",-73.6817,16.8405,2668
"2026-09-09 18:00:00","2026-09-10 09:00:00","CAPE","surface",-73.6578,16.8405,2668
"2026-09-09 18:00:00","2026-09-10 09:00:00","CAPE","surface",-73.6338,16.8405,2667
"2026-09-09 18:00:00","2026-09-10 09:00:00","CAPE","surface",-73.6099,16.8405,2694
"2026-09-09 18:00:00","2026-09-10 09:00:00","CAPE","surface",-73.586,16.8405,2629
"2026-09-09 18:00:00","2026-09-10 09:00:00","CAPE","surface",-73.5621,16.8405,2484
"2026-09-09 18:00:00","2026-09-10 09:00:00","CAPE","surface",-73.5381,16.8405,2268
"2026-09-09 18:00:00","2026-09-10 09:00:00","CAPE","surface",-73.5142,16.8405,2209
"2026-09-09 18:00:00","2026-09-10 09:00:00","CAPE","surface",-73.4903,16.8405,2091
"2026-09-09 18:00:00","2026-09-10 09:00:00","CAPE","surface",-73.4664,16.8405,2069
"2026-09-09 18:00:00","2026-09-10 09:00:00","CAPE","surface",-73.4424,16.8405,2058
"2026-09-09 18:00:00","2026-09-10 09:00:00","CAPE","surface",-73.4185,16.8405,2121
"2026-09-09 18:00:00","2026-09-10 09:00:00","CAPE","surface",-73.3946,16.8405,2111
"2026-09-09 18:00:00","2026-09-10 09:00:00","CAPE","surface",-73.3707,16.8405,2143
"2026-09-09 18:00:00","2026-09-10 09:00:00","CAPE","surface",-73.3467,16.8405,2100
"2026-09-09 18:00:00","2026-09-10 09:00:00","CAPE","surface",-73.3228,16.8405,2153
"2026-09-09 18:00:00","2026-09-10 09:00:00","CAPE","surface",-73.2989,16.8405,2145
"2026-09-09 18:00:00","2026-09-10 09:00:00","CAPE","surface",-73.275,16.8405,2349
"2026-09-09 18:00:00","2026-09-10 09:00:00","CAPE","surface",-73.251,16.8405,2348
"2026-09-09 18:00:00","2026-09-10 09:00:00","CAPE","surface",-73.2271,16.8405,2645
"2026-09-09 18:00:00","2026-09-10 09:00:00","CAPE","surface",-73.2032,16.8405,2834
"2026-09-09 18:00:00","2026-09-10 09:00:00","CAPE","surface",-73.1793,16.8405,2816
"2026-09-09 18:00:00","2026-09-10 09:00:00","CAPE","surface",-73.1553,16.8405,2994
"2026-09-09 18:00:00","2026-09-10 09:00:00","CAPE","surface",-73.1314,16.8405,2916
"2026-09-09 18:00:00","2026-09-10 09:00:00","CAPE","surface",-73.1075,16.8405,2752
"2026-09-09 18:00:00","2026-09-10 09:00:00","CAPE","surface",-73.0836,16.8405,2752
"2026-09-09 18:00:00","2026-09-10 09:00:00","CAPE","surface",-73.0596,16.8405,2653
"2026-09-09 18:00:00","2026-09-10 09:00:00","CAPE","surface",-73.0357,16.8405,2577
"2026-09-09 18:00:00","2026-09-10 09:00:00","CAPE","surface",-73.0118,16.8405,2678
"2026-09-09 18:00:00","2026-09-10 09:00:00","CAPE","surface",-72.9879,16.8405,2654
"2026-09-09 18:00:00","2026-09-10 09:00:00","CAPE","surface",-72.9639,16.8405,2615
"2026-09-09 18:00:00","2026-09-10 09:00:00","CAPE","surface",-72.94,16.8405,2615
"2026-09-09 18:00:00","2026-09-10 09:00:00","CAPE","surface",-72.9161,16.8405,2501
"2026-09-09 18:00:00","2026-09-10 09:00:00","CAPE","surface",-72.8922,16.8405,2379
"2026-09-09 18:00:00","2026-09-10 09:00:00","CAPE","surface",-72.8682,16.8405,2358
"2026-09-09 18:00:00","2026-09-10 09:00:00","CAPE","surface",-72.8443,16.8405,2425
"2026-09-09 18:00:00","2026-09-10 09:00:00","CAPE","surface",-72.8204,16.8405,2425
"2026-09-09 18:00:00","2026-09-10 09:00:00","CAPE","surface",-72.7965,16.8405,2515
"2026-09-09 18:00:00","2026-09-10 09:00:00","CAPE","surface",-72.7725,16.8405,2483
"2026-09-09 18:00:00","2026-09-10 09:00:00","CAPE","surface",-72.7486,16.8405,2505
"2026-09-09 18:00:00","2026-09-10 09:00:00","CAPE","surface",-72.7247,16.8405,2414
"2026-09-09 18:00:00","2026-09-10 09:00:00","CAPE","surface",-72.7008,16.8405,2402
"2026-09-09 18:00:00","2026-09-10 09:00:00","CAPE","surface",-72.6768,16.8405,2402
"2026-09-09 18:00:00","2026-09-10 09:00:00","CAPE","surface",-72.6529,16.8405,2452
"2026-09-09 18:00:00","2026-09-10 09:00:00","CAPE","surface",-72.629,16.8405,2438
"2026-09-09 18:00:00","2026-09-10 09:00:00","CAPE","surface",-72.6051,16.8405,2563
"2026-09-09 18:00:00","2026-09-10 09:00:00","CAPE","surface",-72.5811,16.8405,2551
"2026-09-09 18:00:00","2026-09-10 09:00:00","CAPE","surface",-72.5572,16.8405,2817
"2026-09-09 18:00:00","2026-09-10 09:00:00","CAPE","surface",-72.5333,16.8405,2989
"2026-09-09 18:00:00","2026-09-10 09:00:00","CAPE","surface",-72.5094,16.8405,2898
"2026-09-09 18:00:00","2026-09-10 09:00:00","CAPE","surface",-72.4854,16.8405,3005
"2026-09-09 18:00:00","2026-09-10 09:00:00","CAPE","surface",-72.4615,16.8405,2918
"2026-09-09 18:00:00","2026-09-10 09:00:00","CAPE","surface",-72.4376,16.8405,2973
"2026-09-09 18:00:00","2026-09-10 09:00:00","CAPE","surface",-72.4137,16.8405,2973
"2026-09-09 18:00:00","2026-09-10 09:00:00","CAPE","surface",-72.3897,16.8405,2957
"2026-09-09 18:00:00","2026-09-10 09:00:00","CAPE","surface",-72.3658,16.8405,2948
"2026-09-09 18:00:00","2026-09-10 09:00:00","CAPE","surface",-72.3419,16.8405,2941
"2026-09-09 18:00:00","2026-09-10 09:00:00","CAPE","surface",-72.318,16.8405,2952
"2026-09-09 18:00:00","2026-09-10 09:00:00","CAPE","surface",-72.294,16.8405,2978
"2026-09-09 18:00:00","2026-09-10 09:00:00","CAPE","surface",-72.2701,16.8405,2978
"2026-09-09 18:00:00","2026-09-10 09:00:00","CAPE","surface",-72.2462,16.8405,2963
"2026-09-09 18:00:00","2026-09-10 09:00:00","CAPE","surface",-72.2223,16.8405,2923
"2026-09-09 18:00:00","2026-09-10 09:00:00","CAPE","surface",-72.1983,16.8405,2952
"2026-09-09 18:00:00","2026-09-10 09:00:00","CAPE","surface",-72.1744,16.8405,2961
"2026-09-09 18:00:00","2026-09-10 09:00:00","CAPE","surface",-72.1505,16.8405,2961
"2026-09-09 18:00:00","2026-09-10 09:00:00","CAPE","surface",-72.1266,16.8405,2955
"2026-09-09 18:00:00","2026-09-10 09:00:00","CAPE","surface",-72.1026,16.8405,2944
"2026-09-09 18:00:00","2026-09-10 09:00:00","CAPE","surface",-72.0787,16.8405,2919
"2026-09-09 18:00:00","2026-09-10 09:00:00","CAPE","surface",-72.0548,16.8405,2921
"2026-09-09 18:00:00","2026-09-10 09:00:00","CAPE","surface",-72.0309,16.8405,2851
"2026-09-09 18:00:00","2026-09-10 09:00:00","CAPE","surface",-72.0069,16.8405,2917
"2026-09-09 18:00:00","2026-09-10 09:00:00","CAPE","surface",-71.983,16.8405,2926
"2026-09-09 18:00:00","2026-09-10 09:00:00","CAPE","surface",-71.9591,16.8405,3020
"2026-09-09 18:00:00","2026-09-10 09:00:00","CAPE","surface",-71.9352,16.8405,3143
"2026-09-09 18:00:00","2026-09-10 09:00:00","CAPE","surface",-71.9112,16.8405,3042
"2026-09-09 18:00:00","2026-09-10 09:00:00","CAPE","surface",-71.8873,16.8405,3042
"2026-09-09 18:00:00","2026-09-10 09:00:00","CAPE","surface",-71.8634,16.8405,2693
"2026-09-09 18:00:00","2026-09-10 09:00:00","CAPE","surface",-71.8395,16.8405,2830
"2026-09-09 18:00:00","2026-09-10 09:00:00","CAPE","surface",-71.8155,16.8405,2745
"2026-09-09 18:00:00","2026-09-10 09:00:00","CAPE","surface",-71.7916,16.8405,2741
"2026-09-09 18:00:00","2026-09-10 09:00:00","CAPE","surface",-71.7677,16.8405,2668
"2026-09-09 18:00:00","2026-09-10 09:00:00","CAPE","surface",-71.7438,16.8405,2599
"2026-09-09 18:00:00","2026-09-10 09:00:00","CAPE","surface",-71.7198,16.8405,2579
"2026-09-09 18:00:00","2026-09-10 09:00:00","CAPE","surface",-71.6959,16.8405,2608
"2026-09-09 18:00:00","2026-09-10 09:00:00","CAPE","surface",-71.672,16.8405,2609
"2026-09-09 18:00:00","2026-09-10 09:00:00","CAPE","surface",-71.6481,16.8405,2614
"2026-09-09 18:00:00","2026-09-10 09:00:00","CAPE","surface",-71.6241,16.8405,2623
"2026-09-09 18:00:00","2026-09-10 09:00:00","CAPE","surface",-71.6002,16.8405,2664
"2026-09-09 18:00:00","2026-09-10 09:00:00","CAPE","surface",-71.5763,16.8405,2709
"2026-09-09 18:00:00","2026-09-10 09:00:00","CAPE","surface",-71.5524,16.8405,2751
"2026-09-09 18:00:00","2026-09-10 09:00:00","CAPE","surface",-71.5284,16.8405,2737
"2026-09-09 18:00:00","2026-09-10 09:00:00","CAPE","surface",-71.5045,16.8405,2751
"2026-09-09 18:00:00","2026-09-10 09:00:00","CAPE","surface",-71.4806,16.8405,2749
"2026-09-09 18:00:00","2026-09-10 09:00:00","CAPE","surface",-71.4567,16.8405,2766
"2026-09-09 18:00:00","2026-09-10 09:00:00","CAPE","surface",-71.4327,16.8405,2783
"2026-09-09 18:00:00","2026-09-10 09:00:00","CAPE","surface",-71.4088,16.8405,2801
"2026-09-09 18:00:00","2026-09-10 09:00:00","CAPE","surface",-71.3849,16.8405,2680
"2026-09-09 18:00:00","2026-09-10 09:00:00","CAPE","surface",-71.361,16.8405,2677
"2026-09-09 18:00:00","2026-09-10 09:00:00","CAPE","surface",-71.337,16.8405,2075
"2026-09-09 18:00:00","2026-09-10 09:00:00","CAPE","surface",-71.3131,16.8405,377
"2026-09-09 18:00:00","2026-09-10 09:00:00","CAPE","surface",-71.2892,16.8405,0
"2026-09-09 18:00:00","2026-09-10 09:00:00","CAPE","surface",-71.2653,16.8405,0
"2026-09-09 18:00:00","2026-09-10 09:00:00","CAPE","surface",-71.2413,16.8405,0
"2026-09-09 18:00:00","2026-09-10 09:00:00","CAPE","surface",-71.2174,16.8405,0
"2026-09-09 18:00:00","2026-09-10 09:00:00","CAPE","surface",-71.1935,16.8405,0
"2026-09-09 18:00:00","2026-09-10 09:00:00","CAPE","surface",-71.1696,16.8405,8
"2026-09-09 18:00:00","2026-09-10 09:00:00","CAPE","surface",-71.1456,16.8405,8
"2026-09-09 18:00:00","2026-09-10 09:00:00","CAPE","surface",-71.1217,16.8405,61
"2026-09-09 18:00:00","2026-09-10 09:00:00","CAPE","surface",-71.0978,16.8405,92
"2026-09-09 18:00:00","2026-09-10 09:00:00","CAPE","surface",-71.0739,16.8405,234
"2026-09-09 18:00:00","2026-09-10 09:00:00","CAPE","surface",-71.0499,16.8405,349
"2026-09-09 18:00:00","2026-09-10 09:00:00","CAPE","surface",-71.026,16.8405,569
"2026-09-09 18:00:00","2026-09-10 09:00:00","CAPE","surface",-71.0021,16.8405,759
"2026-09-09 18:00:00","2026-09-10 09:00:00","CAPE","surface",-70.9782,16.8405,1513
"2026-09-09 18:00:00","2026-09-10 09:00:00","CAPE","surface",-70.9542,16.8405,2003
"2026-09-09 18:00:00","2026-09-10 09:00:00","CAPE","surface",-70.9303,16.8405,2164
"2026-09-09 18:00:00","2026-09-10 09:00:00","CAPE","surface",-70.9064,16.8405,2308
"2026-09-09 18:00:00","2026-09-10 09:00:00","CAPE","surface",-70.8825,16.8405,2437
"2026-09-09 18:00:00","2026-09-10 09:00:00","CAPE","surface",-70.8585,16.8405,2550
"2026-09-09 18:00:00","2026-09-10 09:00:00","CAPE","surface",-70.8346,16.8405,2648
"2026-09-09 18:00:00","2026-09-10 09:00:00","CAPE","surface",-70.8107,16.8405,2583
"2026-09-09 18:00:00","2026-09-10 09:00:00","CAPE","surface",-70.7868,16.8405,2680
"2026-09-09 18:00:00","2026-09-10 09:00:00","CAPE","surface",-70.7628,16.8405,2665
"2026-09-09 18:00:00","2026-09-10 09:00:00","CAPE","surface",-70.7389,16.8405,2799
"2026-09-09 18:00:00","2026-09-10 09:00:00","CAPE","surface",-70.715,16.8405,2892
"2026-09-09 18:00:00","2026-09-10 09:00:00","CAPE","surface",-70.6911,16.8405,2809
"2026-09-09 18:00:00","2026-09-10 09:00:00","CAPE","surface",-70.6671,16.8405,2768
"2026-09-09 18:00:00","2026-09-10 09:00:00","CAPE","surface",-70.6432,16.8405,2455
"2026-09-09 18:00:00","2026-09-10 09:00:00","CAPE","surface",-70.6193,16.8405,2474
"2026-09-09 18:00:00","2026-09-10 09:00:00","CAPE","surface",-70.5954,16.8405,2294
"2026-09-09 18:00:00","2026-09-10 09:00:00","CAPE","surface",-70.5714,16.8405,2361
"2026-09-09 18:00:00","2026-09-10 09:00:00","CAPE","surface",-70.5475,16.8405,2139
"2026-09-09 18:00:00","2026-09-10 09:00:00","CAPE","surface",-70.5236,16.8405,1951
"2026-09-09 18:00:00","2026-09-10 09:00:00","CAPE","surface",-70.4997,16.8405,2169
"2026-09-09 18:00:00","2026-09-10 09:00:00","CAPE","surface",-70.4757,16.8405,2478
"2026-09-09 18:00:00","2026-09-10 09:00:00","CAPE","surface",-70.4518,16.8405,2540
"2026-09-09 18:00:00","2026-09-10 09:00:00","CAPE","surface",-70.4279,16.8405,2536
"2026-09-09 18:00:00","2026-09-10 09:00:00","CAPE","surface",-70.404,16.8405,2582
"2026-09-09 18:00:00","2026-09-10 09:00:00","CAPE","surface",-70.38,16.8405,2374
"2026-09-09 18:00:00","2026-09-10 09:00:00","CAPE","surface",-70.3561,16.8405,2535
"2026-09-09 18:00:00","2026-09-10 09:00:00","CAPE","surface",-70.3322,16.8405,2309
"2026-09-09 18:00:00","2026-09-10 09:00:00","CAPE","surface",-70.3083,16.8405,2204
"2026-09-09 18:00:00","2026-09-10 09:00:00","CAPE","surface",-70.2843,16.8405,2150
"2026-09-09 18:00:00","2026-09-10 09:00:00","CAPE","surface",-70.2604,16.8405,1906
"2026-09-09 18:00:00","2026-09-10 09:00:00","CAPE","surface",-70.2365,16.8405,1610
"2026-09-09 18:00:00","2026-09-10 09:00:00","CAPE","surface",-70.2126,16.8405,1600
"2026-09-09 18:00:00","2026-09-10 09:00:00","CAPE","surface",-70.1886,16.8405,1600
"2026-09-09 18:00:00","2026-09-10 09:00:00","CAPE","surface",-70.1647,16.8405,1724
"2026-09-09 18:00:00","2026-09-10 09:00:00","CAPE","surface",-70.1408,16.8405,1758
"2026-09-09 18:00:00","2026-09-10 09:00:00","CAPE","surface",-70.1169,16.8405,1999
"2026-09-09 18:00:00","2026-09-10 09:00:00","CAPE","surface",-70.0929,16.8405,2148
"2026-09-09 18:00:00","2026-09-10 09:00:00","CAPE","surface",-70.069,16.8405,2148
"2026-09-09 18:00:00","2026-09-10 09:00:00","CAPE","surface",-70.0451,16.8405,2263
"2026-09-09 18:00:00","2026-09-10 09:00:00","CAPE","surface",-70.0212,16.8405,2362
"2026-09-09 18:00:00","2026-09-10 09:00:00","CAPE","surface",-69.9972,16.8405,2540
"2026-09-09 18:00:00","2026-09-10 09:00:00","CAPE","surface",-69.9733,16.8405,2662
"2026-09-09 18:00:00","2026-09-10 09:00:00","CAPE","surface",-69.9494,16.8405,2569
"2026-09-09 18:00:00","2026-09-10 09:00:00","CAPE","surface",-69.9255,16.8405,2607
"2026-09-09 18:00:00","2026-09-10 09:00:00","CAPE","surface",-69.9015,16.8405,2694
"2026-09-09 18:00:00","2026-09-10 09:00:00","CAPE","surface",-69.8776,16.8405,2745
"2026-09-09 18:00:00","2026-09-10 09:00:00","CAPE","surface",-69.8537,16.8405,2877
"2026-09-09 18:00:00","2026-09-10 09:00:00","CAPE","surface",-69.8298,16.8405,2835
"2026-09-09 18:00:00","2026-09-10 09:00:00","CAPE","surface",-69.8058,16.8405,2909
"2026-09-09 18:00:00","2026-09-10 09:00:00","CAPE","surface",-69.7819,16.8405,2854
"2026-09-09 18:00:00","2026-09-10 09:00:00","CAPE","surface",-69.758,16.8405,2805
"2026-09-09 18:00:00","2026-09-10 09:00:00","CAPE","surface",-69.7341,16.8405,2575
"2026-09-09 18:00:00","2026-09-10 09:00:00","CAPE","surface",-69.7101,16.8405,2524
"2026-09-09 18:00:00","2026-09-10 09:00:00","CAPE","surface",-69.6862,16.8405,2364
"2026-09-09 18:00:00","2026-09-10 09:00:00","CAPE","surface",-69.6623,16.8405,2295
"2026-09-09 18:00:00","2026-09-10 09:00:00","CAPE","surface",-69.6384,16.8405,2342
"2026-09-09 18:00:00","2026-09-10 09:00:00","CAPE","surface",-69.6144,16.8405,2363
"2026-09-09 18:00:00","2026-09-10 09:00:00","CAPE","surface",-69.5905,16.8405,2396
"2026-09-09 18:00:00","2026-09-10 09:00:00","CAPE","surface",-69.5666,16.8405,2416
"2026-09-09 18:00:00","2026-09-10 09:00:00","CAPE","surface",-69.5427,16.8405,2449
"2026-09-09 18:00:00","2026-09-10 09:00:00","CAPE","surface",-69.5187,16.8405,2419
"2026-09-09 18:00:00","2026-09-10 09:00:00","CAPE","surface",-69.4948,16.8405,2621
"2026-09-09 18:00:00","2026-09-10 09:00:00","CAPE","surface",-69.4709,16.8405,2628
"2026-09-09 18:00:00","2026-09-10 09:00:00","CAPE","surface",-69.447,16.8405,2815
"2026-09-09 18:00:00","2026-09-10 09:00:00","CAPE","surface",-69.423,16.8405,2767
"2026-09-09 18:00:00","2026-09-10 09:00:00","CAPE","surface",-69.3991,16.8405,2832
"2026-09-09 18:00:00","2026-09-10 09:00:00","CAPE","surface",-69.3752,16.8405,2832
"2026-09-09 18:00:00","2026-09-10 09:00:00","CAPE","surface",-69.3513,16.8405,2828
"2026-09-09 18:00:00","2026-09-10 09:00:00","CAPE","surface",-69.3273,16.8405,2802
"2026-09-09 18:00:00","2026-09-10 09:00:00","CAPE","surface",-69.3034,16.8405,2755
"2026-09-09 18:00:00","2026-09-10 09:00:00","CAPE","surface",-69.2795,16.8405,2864
"2026-09-09 18:00:00","2026-09-10 09:00:00","CAPE","surface",-69.2556,16.8405,2864
"2026-09-09 18:00:00","2026-09-10 09:00:00","CAPE","surface",-69.2316,16.8405,3021
"2026-09-09 18:00:00","2026-09-10 09:00:00","CAPE","surface",-69.2077,16.8405,3128
"2026-09-09 18:00:00","2026-09-10 09:00:00","CAPE","surface",-69.1838,16.8405,2971
"2026-09-09 18:00:00","2026-09-10 09:00:00","CAPE","surface",-69.1599,16.8405,2781
"2026-09-09 18:00:00","2026-09-10 09:00:00","CAPE","surface",-69.1359,16.8405,2788
"2026-09-09 18:00:00","2026-09-10 09:00:00","CAPE","surface",-69.112,16.8405,2773
"2026-09-09 18:00:00","2026-09-10 09:00:00","CAPE","surface",-69.0881,16.8405,2836
"2026-09-09 18:00:00","2026-09-10 09:00:00","CAPE","surface",-69.0642,16.8405,3025
"2026-09-09 18:00:00","2026-09-10 09:00:00","CAPE","surface",-69.0402,16.8405,3025
"2026-09-09 18:00:00","2026-09-10 09:00:00","CAPE","surface",-69.0163,16.8405,3214
"2026-09-09 18:00:00","2026-09-10 09:00:00","CAPE","surface",-68.9924,16.8405,3340
"2026-09-09 18:00:00","2026-09-10 09:00:00","CAPE","surface",-68.9685,16.8405,3406
"2026-09-09 18:00:00","2026-09-10 09:00:00","CAPE","surface",-68.9445,16.8405,3247
"2026-09-09 18:00:00","2026-09-10 09:00:00","CAPE","surface",-68.9206,16.8405,3386
"2026-09-09 18:00:00","2026-09-10 09:00:00","CAPE","surface",-68.8967,16.8405,3411
"2026-09-09 18:00:00","2026-09-10 09:00:00","CAPE","surface",-68.8728,16.8405,3516
"2026-09-09 18:00:00","2026-09-10 09:00:00","CAPE","surface",-68.8488,16.8405,3563
"2026-09-09 18:00:00","2026-09-10 09:00:00","CAPE","surface",-68.8249,16.8405,3517
"2026-09-09 18:00:00","2026-09-10 09:00:00","CAPE","surface",-68.801,16.8405,3504
"2026-09-09 18:00:00","2026-09-10 09:00:00","CAPE","surface",-68.7771,16.8405,3106
"2026-09-09 18:00:00","2026-09-10 09:00:00","CAPE","surface",-68.7531,16.8405,2646
"2026-09-09 18:00:00","2026-09-10 09:00:00","CAPE","surface",-68.7292,16.8405,2237
"2026-09-09 18:00:00","2026-09-10 09:00:00","CAPE","surface",-68.7053,16.8405,2237
"2026-09-09 18:00:00","2026-09-10 09:00:00","CAPE","surface",-68.6813,16.8405,2184
"2026-09-09 18:00:00","2026-09-10 09:00:00","CAPE","surface",-68.6574,16.8405,2182
"2026-09-09 18:00:00","2026-09-10 09:00:00","CAPE","surface",-68.6335,16.8405,2273
"2026-09-09 18:00:00","2026-09-10 09:00:00","CAPE","surface",-68.6096,16.8405,2353
"2026-09-09 18:00:00","2026-09-10 09:00:00","CAPE","surface",-68.5856,16.8405,2500
"2026-09-09 18:00:00","2026-09-10 09:00:00","CAPE","surface",-68.5617,16.8405,2596
"2026-09-09 18:00:00","2026-09-10 09:00:00","CAPE","surface",-68.5378,16.8405,2606
"2026-09-09 18:00:00","2026-09-10 09:00:00","CAPE","surface",-68.5139,16.8405,2438
"2026-09-09 18:00:00","2026-09-10 09:00:00","CAPE","surface",-68.4899,16.8405,2438
"2026-09-09 18:00:00","2026-09-10 09:00:00","CAPE","surface",-68.466,16.8405,2241
"2026-09-09 18:00:00","2026-09-10 09:00:00","CAPE","surface",-68.4421,16.8405,2142
"2026-09-09 18:00:00","2026-09-10 09:00:00","CAPE","surface",-68.4182,16.8405,2050
"2026-09-09 18:00:00","2026-09-10 09:00:00","CAPE","surface",-68.3942,16.8405,2190
"2026-09-09 18:00:00","2026-09-10 09:00:00","CAPE","surface",-68.3703,16.8405,2090
"2026-09-09 18:00:00","2026-09-10 09:00:00","CAPE","surface",-68.3464,16.8405,2246
"2026-09-09 18:00:00","2026-09-10 09:00:00","CAPE","surface",-68.3225,16.8405,2500
"2026-09-09 18:00:00","2026-09-10 09:00:00","CAPE","surface",-68.2985,16.8405,2532
"2026-09-09 18:00:00","2026-09-10 09:00:00","CAPE","surface",-68.2746,16.8405,2822
"2026-09-09 18:00:00","2026-09-10 09:00:00","CAPE","surface",-68.2507,16.8405,2949
"2026-09-09 18:00:00","2026-09-10 09:00:00","CAPE","surface",-68.2268,16.8405,3105
"2026-09-09 18:00:00","2026-09-10 09:00:00","CAPE","surface",-68.2028,16.8405,3107
"2026-09-09 18:00:00","2026-09-10 09:00:00","CAPE","surface",-68.1789,16.8405,3077
"2026-09-09 18:00:00","2026-09-10 09:00:00","CAPE","surface",-68.155,16.8405,3063
"2026-09-09 18:00:00","2026-09-10 09:00:00","CAPE","surface",-68.1311,16.8405,3073
"2026-09-09 18:00:00","2026-09-10 09:00:00","CAPE","surface",-68.1071,16.8405,3042
"2026-09-09 18:00:00","2026-09-10 09:00:00","CAPE","surface",-68.0832,16.8405,2989
"2026-09-09 18:00:00","2026-09-10 09:00:00","CAPE","surface",-68.0593,16.8405,3118
"2026-09-09 18:00:00","2026-09-10 09:00:00","CAPE","surface",-68.0354,16.8405,3054
"2026-09-09 18:00:00","2026-09-10 09:00:00","CAPE","surface",-68.0114,16.8405,3158
"2026-09-09 18:00:00","2026-09-10 09:00:00","CAPE","surface",-67.9875,16.8405,3227
"2026-09-09 18:00:00","2026-09-10 09:00:00","CAPE","surface",-67.9636,16.8405,3227
"2026-09-09 18:00:00","2026-09-10 09:00:00","CAPE","surface",-67.9397,16.8405,3282
"2026-09-09 18:00:00","2026-09-10 09:00:00","CAPE","surface",-67.9157,16.8405,3275
"2026-09-09 18:00:00","2026-09-10 09:00:00","CAPE","surface",-67.8918,16.8405,3320
"2026-09-09 18:00:00","2026-09-10 09:00:00","CAPE","surface",-67.8679,16.8405,3320
"2026-09-09 18:00:00","2026-09-10 09:00:00","CAPE","surface",-67.844,16.8405,3312
"2026-09-09 18:00:00","2026-09-10 09:00:00","CAPE","surface",-67.82,16.8405,3260
"2026-09-09 18:00:00","2026-09-10 09:00:00","CAPE","surface",-67.7961,16.8405,3370
"2026-09-09 18:00:00","2026-09-10 09:00:00","CAPE","surface",-67.7722,16.8405,3301
"2026-09-09 18:00:00","2026-09-10 09:00:00","CAPE","surface",-67.7483,16.8405,3301
"2026-09-09 18:00:00","2026-09-10 09:00:00","CAPE","surface",-67.7243,16.8405,3249
"2026-09-09 18:00:00","2026-09-10 09:00:00","CAPE","surface",-67.7004,16.8405,3387
"2026-09-09 18:00:00","2026-09-10 09:00:00","CAPE","surface",-67.6765,16.8405,3366
"2026-09-09 18:00:00","2026-09-10 09:00:00","CAPE","surface",-67.6526,16.8405,3225
"2026-09-09 18:00:00","2026-09-10 09:00:00","CAPE","surface",-67.6286,16.8405,3399
"2026-09-09 18:00:00","2026-09-10 09:00:00","CAPE","surface",-67.6047,16.8405,3542
"2026-09-09 18:00:00","2026-09-10 09:00:00","CAPE","surface",-67.5808,16.8405,3652
"2026-09-09 18:00:00","2026-09-10 09:00:00","CAPE","surface",-67.5569,16.8405,3676
"2026-09-09 18:00:00","2026-09-10 09:00:00","CAPE","surface",-67.5329,16.8405,3729
"2026-09-09 18:00:00","2026-09-10 09:00:00","CAPE","surface",-67.509,16.8405,3738
"2026-09-09 18:00:00","2026-09-10 09:00:00","CAPE","surface",-67.4851,16.8405,3679
"2026-09-09 18:00:00","2026-09-10 09:00:00","CAPE","surface",-67.4612,16.8405,3712
"2026-09-09 18:00:00","2026-09-10 09:00:00","CAPE","surface",-67.4372,16.8405,3586
"2026-09-09 18:00:00","2026-09-10 09:00:00","CAPE","surface",-67.4133,16.8405,3654
"2026-09-09 18:00:00","2026-09-10 09:00:00","CAPE","surface",-67.3894,16.8405,3494
"2026-09-09 18:00:00","2026-09-10 09:00:00","CAPE","surface",-67.3655,16.8405,3198
"2026-09-09 18:00:00","2026-09-10 09:00:00","CAPE","surface",-67.3415,16.8405,3198
"2026-09-09 18:00:00","2026-09-10 09:00:00","CAPE","surface",-67.3176,16.8405,3085
"2026-09-09 18:00:00","2026-09-10 09:00:00","CAPE","surface",-67.2937,16.8405,3063
"2026-09-09 18:00:00","2026-09-10 09:00:00","CAPE","surface",-67.2698,16.8405,2996
"2026-09-09 18:00:00","2026-09-10 09:00:00","CAPE","surface",-67.2458,16.8405,2996
"2026-09-09 18:00:00","2026-09-10 09:00:00","CAPE","surface",-67.2219,16.8405,3024
"2026-09-09 18:00:00","2026-09-10 09:00:00","CAPE","surface",-67.198,16.8405,3153
"2026-09-09 18:00:00","2026-09-10 09:00:00","CAPE","surface",-67.1741,16.8405,3122
"2026-09-09 18:00:00","2026-09-10 09:00:00","CAPE","surface",-67.1501,16.8405,3368
"2026-09-09 18:00:00","2026-09-10 09:00:00","CAPE","surface",-67.1262,16.8405,3368
"2026-09-09 18:00:00","2026-09-10 09:00:00","CAPE","surface",-67.1023,16.8405,3522
"2026-09-09 18:00:00","2026-09-10 09:00:00","CAPE","surface",-67.0784,16.8405,3242
"2026-09-09 18:00:00","2026-09-10 09:00:00","CAPE","surface",-67.0544,16.8405,3051
"2026-09-09 18:00:00","2026-09-10 09:00:00","CAPE","surface",-67.0305,16.8405,2999
"2026-09-09 18:00:00","2026-09-10 09:00:00","CAPE","surface",-67.0066,16.8405,2973
"2026-09-09 18:00:00","2026-09-10 09:00:00","CAPE","surface",-74.7822,16.8634,2764
"2026-09-09 18:00:00","2026-09-10 09:00:00","CAPE","surface",-74.7583,16.8634,2901
"2026-09-09 18:00:00","2026-09-10 09:00:00","CAPE","surface",-74.7344,16.8634,3002
"2026-09-09 18:00:00","2026-09-10 09:00:00","CAPE","surface",-74.7105,16.8634,3004
"2026-09-09 18:00:00","2026-09-10 09:00:00","CAPE","surface",-74.6865,16.8634,2875
"2026-09-09 18:00:00","2026-09-10 09:00:00","CAPE","surface",-74.6626,16.8634,2942
"2026-09-09 18:00:00","2026-09-10 09:00:00","CAPE","surface",-74.6387,16.8634,2756
"2026-09-09 18:00:00","2026-09-10 09:00:00","CAPE","surface",-74.6148,16.8634,2756
"2026-09-09 18:00:00","2026-09-10 09:00:00","CAPE","surface",-74.5908,16.8634,2428
"2026-09-09 18:00:00","2026-09-10 09:00:00","CAPE","surface",-74.5669,16.8634,2372
"2026-09-09 18:00:00","2026-09-10 09:00:00","CAPE","surface",-74.543,16.8634,2202
"2026-09-09 18:00:00","2026-09-10 09:00:00","CAPE","surface",-74.5191,16.8634,2217
"2026-09-09 18:00:00","2026-09-10 09:00:00","CAPE","surface",-74.4951,16.8634,2243
"2026-09-09 18:00:00","2026-09-10 09:00:00","CAPE","surface",-74.4712,16.8634,2243
"2026-09-09 18:00:00","2026-09-10 09:00:00","CAPE","surface",-74.4473,16.8634,2403
"2026-09-09 18:00:00","2026-09-10 09:00:00","CAPE","surface",-74.4234,16.8634,2477
"2026-09-09 18:00:00","2026-09-10 09:00:00","CAPE","surface",-74.3994,16.8634,2501
"2026-09-09 18:00:00","2026-09-10 09:00:00","CAPE","surface",-74.3755,16.8634,2466
"2026-09-09 18:00:00","2026-09-10 09:00:00","CAPE","surface",-74.3516,16.8634,2301
"2026-09-09 18:00:00","2026-09-10 09:00:00","CAPE","surface",-74.3277,16.8634,2157
"2026-09-09 18:00:00","2026-09-10 09:00:00","CAPE","surface",-74.3037,16.8634,2064
"2026-09-09 18:00:00","2026-09-10 09:00:00","CAPE","surface",-74.2798,16.8634,2011
"2026-09-09 18:00:00","2026-09-10 09:00:00","CAPE","surface",-74.2559,16.8634,1979
"2026-09-09 18:00:00","2026-09-10 09:00:00","CAPE","surface",-74.232,16.8634,2046
"2026-09-09 18:00:00","2026-09-10 09:00:00","CAPE","surface",-74.208,16.8634,2210
"2026-09-09 18:00:00","2026-09-10 09:00:00","CAPE","surface",-74.1841,16.8634,2230
"2026-09-09 18:00:00","2026-09-10 09:00:00","CAPE","surface",-74.1602,16.8634,2230
"2026-09-09 18:00:00","2026-09-10 09:00:00","CAPE","surface",-74.1363,16.8634,2245
"2026-09-09 18:00:00","2026-09-10 09:00:00","CAPE","surface",-74.1123,16.8634,2205
"2026-09-09 18:00:00","2026-09-10 09:00:00","CAPE","surface",-74.0884,16.8634,2190
"2026-09-09 18:00:00","2026-09-10 09:00:00","CAPE","surface",-74.0645,16.8634,2187
"2026-09-09 18:00:00","2026-09-10 09:00:00","CAPE","surface",-74.0406,16.8634,2224
"2026-09-09 18:00:00","2026-09-10 09:00:00","CAPE","surface",-74.0166,16.8634,2224
"2026-09-09 18:00:00","2026-09-10 09:00:00","CAPE","surface",-73.9927,16.8634,2374
"2026-09-09 18:00:00","2026-09-10 09:00:00","CAPE","surface",-73.9688,16.8634,2421
"2026-09-09 18:00:00","2026-09-10 09:00:00","CAPE","surface",-73.9449,16.8634,2702
"2026-09-09 18:00:00","2026-09-10 09:00:00","CAPE","surface",-73.9209,16.8634,2694
"2026-09-09 18:00:00","2026-09-10 09:00:00","CAPE","surface",-73.897,16.8634,2928
"2026-09-09 18:00:00","2026-09-10 09:00:00","CAPE","surface",-73.8731,16.8634,2928
"2026-09-09 18:00:00","2026-09-10 09:00:00","CAPE","surface",-73.8492,16.8634,2973
"2026-09-09 18:00:00","2026-09-10 09:00:00","CAPE","surface",-73.8252,16.8634,2892
"2026-09-09 18:00:00","2026-09-10 09:00:00","CAPE","surface",-73.8013,16.8634,2804
"2026-09-09 18:00:00","2026-09-10 09:00:00","CAPE","surface",-73.7774,16.8634,2677
"2026-09-09 18:00:00","2026-09-10 09:00:00","CAPE","surface",-73.7535,16.8634,2679
"2026-09-09 18:00:00","2026-09-10 09:00:00","CAPE","surface",-73.7295,16.8634,2517
"2026-09-09 18:00:00","2026-09-10 09:00:00","CAPE","surface",-73.7056,16.8634,2546
"2026-09-09 18:00:00","2026-09-10 09:00:00","CAPE","surface",-73.6817,16.8634,2552
"2026-09-09 18:00:00","2026-09-10 09:00:00","CAPE","surface",-73.6578,16.8634,2615
"2026-09-09 18:00:00","2026-09-10 09:00:00","CAPE","surface",-73.6338,16.8634,2645
"2026-09-09 18:00:00","2026-09-10 09:00:00","CAPE","surface",-73.6099,16.8634,2646
"2026-09-09 18:00:00","2026-09-10 09:00:00","CAPE","surface",-73.586,16.8634,2634
"2026-09-09 18:00:00","2026-09-10 09:00:00","CAPE","surface",-73.5621,16.8634,2592
"2026-09-09 18:00:00","2026-09-10 09:00:00","CAPE","surface",-73.5381,16.8634,2399
"2026-09-09 18:00:00","2026-09-10 09:00:00","CAPE","surface",-73.5142,16.8634,2209
"2026-09-09 18:00:00","2026-09-10 09:00:00","CAPE","surface",-73.4903,16.8634,2104
"2026-09-09 18:00:00","2026-09-10 09:00:00","CAPE","surface",-73.4664,16.8634,2069
"2026-09-09 18:00:00","2026-09-10 09:00:00","CAPE","surface",-73.4424,16.8634,2157
"2026-09-09 18:00:00","2026-09-10 09:00:00","CAPE","surface",-73.4185,16.8634,2133
"2026-09-09 18:00:00","2026-09-10 09:00:00","CAPE","surface",-73.3946,16.8634,2217
"2026-09-09 18:00:00","2026-09-10 09:00:00","CAPE","surface",-73.3707,16.8634,2361
"2026-09-09 18:00:00","2026-09-10 09:00:00","CAPE","surface",-73.3467,16.8634,2244
"2026-09-09 18:00:00","2026-09-10 09:00:00","CAPE","surface",-73.3228,16.8634,2473
"2026-09-09 18:00:00","2026-09-10 09:00:00","CAPE","surface",-73.2989,16.8634,2473
"2026-09-09 18:00:00","2026-09-10 09:00:00","CAPE","surface",-73.275,16.8634,2762
"2026-09-09 18:00:00","2026-09-10 09:00:00","CAPE","surface",-73.251,16.8634,2714
"2026-09-09 18:00:00","2026-09-10 09:00:00","CAPE","surface",-73.2271,16.8634,2838
"2026-09-09 18:00:00","2026-09-10 09:00:00","CAPE","surface",-73.2032,16.8634,2834
"2026-09-09 18:00:00","2026-09-10 09:00:00","CAPE","surface",-73.1793,16.8634,2922
"2026-09-09 18:00:00","2026-09-10 09:00:00","CAPE","surface",-73.1553,16.8634,2987
"2026-09-09 18:00:00","2026-09-10 09:00:00","CAPE","surface",-73.1314,16.8634,2960
"2026-09-09 18:00:00","2026-09-10 09:00:00","CAPE","surface",-73.1075,16.8634,2936
"2026-09-09 18:00:00","2026-09-10 09:00:00","CAPE","surface",-73.0836,16.8634,2739
"2026-09-09 18:00:00","2026-09-10 09:00:00","CAPE","surface",-73.0596,16.8634,2653
"2026-09-09 18:00:00","2026-09-10 09:00:00","CAPE","surface",-73.0357,16.8634,2719
"2026-09-09 18:00:00","2026-09-10 09:00:00","CAPE","surface",-73.0118,16.8634,2691
"2026-09-09 18:00:00","2026-09-10 09:00:00","CAPE","surface",-72.9879,16.8634,2701
"2026-09-09 18:00:00","2026-09-10 09:00:00","CAPE","surface",-72.9639,16.8634,2606
"2026-09-09 18:00:00","2026-09-10 09:00:00","CAPE","surface",-72.94,16.8634,2591
"2026-09-09 18:00:00","2026-09-10 09:00:00","CAPE","surface",-72.9161,16.8634,2463
"2026-09-09 18:00:00","2026-09-10 09:00:00","CAPE","surface",-72.8922,16.8634,2463
"2026-09-09 18:00:00","2026-09-10 09:00:00","CAPE","surface",-72.8682,16.8634,2437
"2026-09-09 18:00:00","2026-09-10 09:00:00","CAPE","surface",-72.8443,16.8634,2437
"2026-09-09 18:00:00","2026-09-10 09:00:00","CAPE","surface",-72.8204,16.8634,2517
"2026-09-09 18:00:00","2026-09-10 09:00:00","CAPE","surface",-72.7965,16.8634,2515
"2026-09-09 18:00:00","2026-09-10 09:00:00","CAPE","surface",-72.7725,16.8634,2562
"2026-09-09 18:00:00","2026-09-10 09:00:00","CAPE","surface",-72.7486,16.8634,2562
"2026-09-09 18:00:00","2026-09-10 09:00:00","CAPE","surface",-72.7247,16.8634,2551
"2026-09-09 18:00:00","2026-09-10 09:00:00","CAPE","surface",-72.7008,16.8634,2522
"2026-09-09 18:00:00","2026-09-10 09:00:00","CAPE","surface",-72.6768,16.8634,2475
"2026-09-09 18:00:00","2026-09-10 09:00:00","CAPE","surface",-72.6529,16.8634,2620
"2026-09-09 18:00:00","2026-09-10 09:00:00","CAPE","surface",-72.629,16.8634,2620
"2026-09-09 18:00:00","2026-09-10 09:00:00","CAPE","surface",-72.6051,16.8634,2891
"2026-09-09 18:00:00","2026-09-10 09:00:00","CAPE","surface",-72.5811,16.8634,2867
"2026-09-09 18:00:00","2026-09-10 09:00:00","CAPE","surface",-72.5572,16.8634,3045
"2026-09-09 18:00:00","2026-09-10 09:00:00","CAPE","surface",-72.5333,16.8634,2989
"2026-09-09 18:00:00","2026-09-10 09:00:00","CAPE","surface",-72.5094,16.8634,3086
"2026-09-09 18:00:00","2026-09-10 09:00:00","CAPE","surface",-72.4854,16.8634,3086
"2026-09-09 18:00:00","2026-09-10 09:00:00","CAPE","surface",-72.4615,16.8634,3108
"2026-09-09 18:00:00","2026-09-10 09:00:00","CAPE","surface",-72.4376,16.8634,3038
"2026-09-09 18:00:00","2026-09-10 09:00:00","CAPE","surface",-72.4137,16.8634,2978
"2026-09-09 18:00:00","2026-09-10 09:00:00","CAPE","surface",-72.3897,16.8634,2931
"2026-09-09 18:00:00","2026-09-10 09:00:00","CAPE","surface",-72.3658,16.8634,2931
"2026-09-09 18:00:00","2026-09-10 09:00:00","CAPE","surface",-72.3419,16.8634,2865
"2026-09-09 18:00:00","2026-09-10 09:00:00","CAPE","surface",-72.318,16.8634,2900
"2026-09-09 18:00:00","2026-09-10 09:00:00","CAPE","surface",-72.294,16.8634,2858
"2026-09-09 18:00:00","2026-09-10 09:00:00","CAPE","surface",-72.2701,16.8634,2931
"2026-09-09 18:00:00","2026-09-10 09:00:00","CAPE","surface",-72.2462,16.8634,2865
"2026-09-09 18:00:00","2026-09-10 09:00:00","CAPE","surface",-72.2223,16.8634,2865
"2026-09-09 18:00:00","2026-09-10 09:00:00","CAPE","surface",-72.1983,16.8634,2815
"2026-09-09 18:00:00","2026-09-10 09:00:00","CAPE","surface",-72.1744,16.8634,2916
"2026-09-09 18:00:00","2026-09-10 09:00:00","CAPE","surface",-72.1505,16.8634,2897
"2026-09-09 18:00:00","2026-09-10 09:00:00","CAPE","surface",-72.1266,16.8634,2955
"2026-09-09 18:00:00","2026-09-10 09:00:00","CAPE","surface",-72.1026,16.8634,2792
"2026-09-09 18:00:00","2026-09-10 09:00:00","CAPE","surface",-72.0787,16.8634,2637
"2026-09-09 18:00:00","2026-09-10 09:00:00","CAPE","surface",-72.0548,16.8634,2752
"2026-09-09 18:00:00","2026-09-10 09:00:00","CAPE","surface",-72.0309,16.8634,2707
"2026-09-09 18:00:00","2026-09-10 09:00:00","CAPE","surface",-72.0069,16.8634,2828
"2026-09-09 18:00:00","2026-09-10 09:00:00","CAPE","surface",-71.983,16.8634,2869
"2026-09-09 18:00:00","2026-09-10 09:00:00","CAPE","surface",-71.9591,16.8634,2869
"2026-09-09 18:00:00","2026-09-10 09:00:00","CAPE","surface",-71.9352,16.8634,2934
"2026-09-09 18:00:00","2026-09-10 09:00:00","CAPE","surface",-71.9112,16.8634,3006
"2026-09-09 18:00:00","2026-09-10 09:00:00","CAPE","surface",-71.8873,16.8634,2581
"2026-09-09 18:00:00","2026-09-10 09:00:00","CAPE","surface",-71.8634,16.8634,2693
"2026-09-09 18:00:00","2026-09-10 09:00:00","CAPE","surface",-71.8395,16.8634,2552
"2026-09-09 18:00:00","2026-09-10 09:00:00","CAPE","surface",-71.8155,16.8634,2682
"2026-09-09 18:00:00","2026-09-10 09:00:00","CAPE","surface",-71.7916,16.8634,2698
"2026-09-09 18:00:00","2026-09-10 09:00:00","CAPE","surface",-71.7677,16.8634,2683
"2026-09-09 18:00:00","2026-09-10 09:00:00","CAPE","surface",-71.7438,16.8634,2623
"2026-09-09 18:00:00","2026-09-10 09:00:00","CAPE","surface",-71.7198,16.8634,2632
"2026-09-09 18:00:00","2026-09-10 09:00:00","CAPE","surface",-71.6959,16.8634,2604
"2026-09-09 18:00:00","2026-09-10 09:00:00","CAPE","surface",-71.672,16.8634,2599
"2026-09-09 18:00:00","2026-09-10 09:00:00","CAPE","surface",-71.6481,16.8634,2614
"2026-09-09 18:00:00","2026-09-10 09:00:00","CAPE","surface",-71.6241,16.8634,2640
"2026-09-09 18:00:00","2026-09-10 09:00:00","CAPE","surface",-71.6002,16.8634,2664
"2026-09-09 18:00:00","2026-09-10 09:00:00","CAPE","surface",-71.5763,16.8634,2725
"2026-09-09 18:00:00","2026-09-10 09:00:00","CAPE","surface",-71.5524,16.8634,2770
"2026-09-09 18:00:00","2026-09-10 09:00:00","CAPE","surface",-71.5284,16.8634,2762
"2026-09-09 18:00:00","2026-09-10 09:00:00","CAPE","surface",-71.5045,16.8634,2717
"2026-09-09 18:00:00","2026-09-10 09:00:00","CAPE","surface",-71.4806,16.8634,2738
"2026-09-09 18:00:00","2026-09-10 09:00:00","CAPE","surface",-71.4567,16.8634,2654
"2026-09-09 18:00:00","2026-09-10 09:00:00","CAPE","surface",-71.4327,16.8634,2743
"2026-09-09 18:00:00","2026-09-10 09:00:00","CAPE","surface",-71.4088,16.8634,2633
"2026-09-09 18:00:00","2026-09-10 09:00:00","CAPE","surface",-71.3849,16.8634,2680
"2026-09-09 18:00:00","2026-09-10 09:00:00","CAPE","surface",-71.361,16.8634,2483
"2026-09-09 18:00:00","2026-09-10 09:00:00","CAPE","surface",-71.337,16.8634,2483
"2026-09-09 18:00:00","2026-09-10 09:00:00","CAPE","surface",-71.3131,16.8634,1797
"2026-09-09 18:00:00","2026-09-10 09:00:00","CAPE","surface",-71.2892,16.8634,481
"2026-09-09 18:00:00","2026-09-10 09:00:00","CAPE","surface",-71.2653,16.8634,0
"2026-09-09 18:00:00","2026-09-10 09:00:00","CAPE","surface",-71.2413,16.8634,0
"2026-09-09 18:00:00","2026-09-10 09:00:00","CAPE","surface",-71.2174,16.8634,0
"2026-09-09 18:00:00","2026-09-10 09:00:00","CAPE","surface",-71.1935,16.8634,0
"2026-09-09 18:00:00","2026-09-10 09:00:00","CAPE","surface",-71.1696,16.8634,0
"2026-09-09 18:00:00","2026-09-10 09:00:00","CAPE","surface",-71.1456,16.8634,26
"2026-09-09 18:00:00","2026-09-10 09:00:00","CAPE","surface",-71.1217,16.8634,61
"2026-09-09 18:00:00","2026-09-10 09:00:00","CAPE","surface",-71.0978,16.8634,87
"2026-09-09 18:00:00","2026-09-10 09:00:00","CAPE","surface",-71.0739,16.8634,273
"2026-09-09 18:00:00","2026-09-10 09:00:00","CAPE","surface",-71.0499,16.8634,392
"2026-09-09 18:00:00","2026-09-10 09:00:00","CAPE","surface",-71.026,16.8634,1075
"2026-09-09 18:00:00","2026-09-10 09:00:00","CAPE","surface",-71.0021,16.8634,1276
"2026-09-09 18:00:00","2026-09-10 09:00:00","CAPE","surface",-70.9782,16.8634,1786
"2026-09-09 18:00:00","2026-09-10 09:00:00","CAPE","surface",-70.9542,16.8634,1897
"2026-09-09 18:00:00","2026-09-10 09:00:00","CAPE","surface",-70.9303,16.8634,2219
"2026-09-09 18:00:00","2026-09-10 09:00:00","CAPE","surface",-70.9064,16.8634,2308
"2026-09-09 18:00:00","2026-09-10 09:00:00","CAPE","surface",-70.8825,16.8634,2492
"2026-09-09 18:00:00","2026-09-10 09:00:00","CAPE","surface",-70.8585,16.8634,2468
"2026-09-09 18:00:00","2026-09-10 09:00:00","CAPE","surface",-70.8346,16.8634,2479
"2026-09-09 18:00:00","2026-09-10 09:00:00","CAPE","surface",-70.8107,16.8634,2485
"2026-09-09 18:00:00","2026-09-10 09:00:00","CAPE","surface",-70.7868,16.8634,2560
"2026-09-09 18:00:00","2026-09-10 09:00:00","CAPE","surface",-70.7628,16.8634,2667
"2026-09-09 18:00:00","2026-09-10 09:00:00","CAPE","surface",-70.7389,16.8634,2667
"2026-09-09 18:00:00","2026-09-10 09:00:00","CAPE","surface",-70.715,16.8634,2838
"2026-09-09 18:00:00","2026-09-10 09:00:00","CAPE","surface",-70.6911,16.8634,2841
"2026-09-09 18:00:00","2026-09-10 09:00:00","CAPE","surface",-70.6671,16.8634,2536
"2026-09-09 18:00:00","2026-09-10 09:00:00","CAPE","surface",-70.6432,16.8634,2455
"2026-09-09 18:00:00","2026-09-10 09:00:00","CAPE","surface",-70.6193,16.8634,2187
"2026-09-09 18:00:00","2026-09-10 09:00:00","CAPE","surface",-70.5954,16.8634,1881
"2026-09-09 18:00:00","2026-09-10 09:00:00","CAPE","surface",-70.5714,16.8634,1908
"2026-09-09 18:00:00","2026-09-10 09:00:00","CAPE","surface",-70.5475,16.8634,1710
"2026-09-09 18:00:00","2026-09-10 09:00:00","CAPE","surface",-70.5236,16.8634,1951
"2026-09-09 18:00:00","2026-09-10 09:00:00","CAPE","surface",-70.4997,16.8634,2179
"2026-09-09 18:00:00","2026-09-10 09:00:00","CAPE","surface",-70.4757,16.8634,2369
"2026-09-09 18:00:00","2026-09-10 09:00:00","CAPE","surface",-70.4518,16.8634,2517
"2026-09-09 18:00:00","2026-09-10 09:00:00","CAPE","surface",-70.4279,16.8634,2155
"2026-09-09 18:00:00","2026-09-10 09:00:00","CAPE","surface",-70.404,16.8634,2237
"2026-09-09 18:00:00","2026-09-10 09:00:00","CAPE","surface",-70.38,16.8634,1940
"2026-09-09 18:00:00","2026-09-10 09:00:00","CAPE","surface",-70.3561,16.8634,2100
"2026-09-09 18:00:00","2026-09-10 09:00:00","CAPE","surface",-70.3322,16.8634,2142
"2026-09-09 18:00:00","2026-09-10 09:00:00","CAPE","surface",-70.3083,16.8634,2204
"2026-09-09 18:00:00","2026-09-10 09:00:00","CAPE","surface",-70.2843,16.8634,2135
"2026-09-09 18:00:00","2026-09-10 09:00:00","CAPE","surface",-70.2604,16.8634,2135
"2026-09-09 18:00:00","2026-09-10 09:00:00","CAPE","surface",-70.2365,16.8634,2015
"2026-09-09 18:00:00","2026-09-10 09:00:00","CAPE","surface",-70.2126,16.8634,1945
"2026-09-09 18:00:00","2026-09-10 09:00:00","CAPE","surface",-70.1886,16.8634,1757
"2026-09-09 18:00:00","2026-09-10 09:00:00","CAPE","surface",-70.1647,16.8634,1818
"2026-09-09 18:00:00","2026-09-10 09:00:00","CAPE","surface",-70.1408,16.8634,1818
"2026-09-09 18:00:00","2026-09-10 09:00:00","CAPE","surface",-70.1169,16.8634,1901
"2026-09-09 18:00:00","2026-09-10 09:00:00","CAPE","surface",-70.0929,16.8634,2030
"2026-09-09 18:00:00","2026-09-10 09:00:00","CAPE","surface",-70.069,16.8634,2159
"2026-09-09 18:00:00","2026-09-10 09:00:00","CAPE","surface",-70.0451,16.8634,2263
"2026-09-09 18:00:00","2026-09-10 09:00:00","CAPE","surface",-70.0212,16.8634,2266
"2026-09-09 18:00:00","2026-09-10 09:00:00","CAPE","surface",-69.9972,16.8634,2366
"2026-09-09 18:00:00","2026-09-10 09:00:00","CAPE","surface",-69.9733,16.8634,2470
"2026-09-09 18:00:00","2026-09-10 09:00:00","CAPE","surface",-69.9494,16.8634,2499
"2026-09-09 18:00:00","2026-09-10 09:00:00","CAPE","surface",-69.9255,16.8634,2607
"2026-09-09 18:00:00","2026-09-10 09:00:00","CAPE","surface",-69.9015,16.8634,2573
"2026-09-09 18:00:00","2026-09-10 09:00:00","CAPE","surface",-69.8776,16.8634,2658
"2026-09-09 18:00:00","2026-09-10 09:00:00","CAPE","surface",-69.8537,16.8634,2713
"2026-09-09 18:00:00","2026-09-10 09:00:00","CAPE","surface",-69.8298,16.8634,2835
"2026-09-09 18:00:00","2026-09-10 09:00:00","CAPE","surface",-69.8058,16.8634,2866
"2026-09-09 18:00:00","2026-09-10 09:00:00","CAPE","surface",-69.7819,16.8634,2838
"2026-09-09 18:00:00","2026-09-10 09:00:00","CAPE","surface",-69.758,16.8634,2878
"2026-09-09 18:00:00","2026-09-10 09:00:00","CAPE","surface",-69.7341,16.8634,2813
"2026-09-09 18:00:00","2026-09-10 09:00:00","CAPE","surface",-69.7101,16.8634,2524
"2026-09-09 18:00:00","2026-09-10 09:00:00","CAPE","surface",-69.6862,16.8634,2519
"2026-09-09 18:00:00","2026-09-10 09:00:00","CAPE","surface",-69.6623,16.8634,2334
"2026-09-09 18:00:00","2026-09-10 09:00:00","CAPE","surface",-69.6384,16.8634,2335
"2026-09-09 18:00:00","2026-09-10 09:00:00","CAPE","surface",-69.6144,16.8634,2429
"2026-09-09 18:00:00","2026-09-10 09:00:00","CAPE","surface",-69.5905,16.8634,2440
"2026-09-09 18:00:00","2026-09-10 09:00:00","CAPE","surface",-69.5666,16.8634,2575
"2026-09-09 18:00:00","2026-09-10 09:00:00","CAPE","surface",-69.5427,16.8634,2509
"2026-09-09 18:00:00","2026-09-10 09:00:00","CAPE","surface",-69.5187,16.8634,2684
"2026-09-09 18:00:00","2026-09-10 09:00:00","CAPE","surface",-69.4948,16.8634,2621
"2026-09-09 18:00:00","2026-09-10 09:00:00","CAPE","surface",-69.4709,16.8634,2858
"2026-09-09 18:00:00","2026-09-10 09:00:00","CAPE","surface",-69.447,16.8634,2858
"2026-09-09 18:00:00","2026-09-10 09:00:00","CAPE","surface",-69.423,16.8634,2989
"2026-09-09 18:00:00","2026-09-10 09:00:00","CAPE","surface",-69.3991,16.8634,3013
"2026-09-09 18:00:00","2026-09-10 09:00:00","CAPE","surface",-69.3752,16.8634,2940
"2026-09-09 18:00:00","2026-09-10 09:00:00","CAPE","surface",-69.3513,16.8634,2908
"2026-09-09 18:00:00","2026-09-10 09:00:00","CAPE","surface",-69.3273,16.8634,2908
"2026-09-09 18:00:00","2026-09-10 09:00:00","CAPE","surface",-69.3034,16.8634,2864
"2026-09-09 18:00:00","2026-09-10 09:00:00","CAPE","surface",-69.2795,16.8634,2823
"2026-09-09 18:00:00","2026-09-10 09:00:00","CAPE","surface",-69.2556,16.8634,2898
"2026-09-09 18:00:00","2026-09-10 09:00:00","CAPE","surface",-69.2316,16.8634,2872
"2026-09-09 18:00:00","2026-09-10 09:00:00","CAPE","surface",-69.2077,16.8634,2902
"2026-09-09 18:00:00","2026-09-10 09:00:00","CAPE","surface",-69.1838,16.8634,2783
"2026-09-09 18:00:00","2026-09-10 09:00:00","CAPE","surface",-69.1599,16.8634,2781
"2026-09-09 18:00:00","2026-09-10 09:00:00","CAPE","surface",-69.1359,16.8634,2725
"2026-09-09 18:00:00","2026-09-10 09:00:00","CAPE","surface",-69.112,16.8634,2725
"2026-09-09 18:00:00","2026-09-10 09:00:00","CAPE","surface",-69.0881,16.8634,2836
"2026-09-09 18:00:00","2026-09-10 09:00:00","CAPE","surface",-69.0642,16.8634,2993
"2026-09-09 18:00:00","2026-09-10 09:00:00","CAPE","surface",-69.0402,16.8634,3087
"2026-09-09 18:00:00","2026-09-10 09:00:00","CAPE","surface",-69.0163,16.8634,3183
"2026-09-09 18:00:00","2026-09-10 09:00:00","CAPE","surface",-68.9924,16.8634,3183
"2026-09-09 18:00:00","2026-09-10 09:00:00","CAPE","surface",-68.9685,16.8634,3048
"2026-09-09 18:00:00","2026-09-10 09:00:00","CAPE","surface",-68.9445,16.8634,3247
"2026-09-09 18:00:00","2026-09-10 09:00:00","CAPE","surface",-68.9206,16.8634,3249
"2026-09-09 18:00:00","2026-09-10 09:00:00","CAPE","surface",-68.8967,16.8634,3141
"2026-09-09 18:00:00","2026-09-10 09:00:00","CAPE","surface",-68.8728,16.8634,3325
"2026-09-09 18:00:00","2026-09-10 09:00:00","CAPE","surface",-68.8488,16.8634,3413
"2026-09-09 18:00:00","2026-09-10 09:00:00","CAPE","surface",-68.8249,16.8634,3517
"2026-09-09 18:00:00","2026-09-10 09:00:00","CAPE","surface",-68.801,16.8634,3350
"2026-09-09 18:00:00","2026-09-10 09:00:00","CAPE","surface",-68.7771,16.8634,3350
"2026-09-09 18:00:00","2026-09-10 09:00:00","CAPE","surface",-68.7531,16.8634,2811
"2026-09-09 18:00:00","2026-09-10 09:00:00","CAPE","surface",-68.7292,16.8634,2384
"2026-09-09 18:00:00","2026-09-10 09:00:00","CAPE","surface",-68.7053,16.8634,2238
"2026-09-09 18:00:00","2026-09-10 09:00:00","CAPE","surface",-68.6813,16.8634,2281
"2026-09-09 18:00:00","2026-09-10 09:00:00","CAPE","surface",-68.6574,16.8634,2215
"2026-09-09 18:00:00","2026-09-10 09:00:00","CAPE","surface",-68.6335,16.8634,2279
"2026-09-09 18:00:00","2026-09-10 09:00:00","CAPE","surface",-68.6096,16.8634,2353
"2026-09-09 18:00:00","2026-09-10 09:00:00","CAPE","surface",-68.5856,16.8634,2529
"2026-09-09 18:00:00","2026-09-10 09:00:00","CAPE","surface",-68.5617,16.8634,2529
"2026-09-09 18:00:00","2026-09-10 09:00:00","CAPE","surface",-68.5378,16.8634,2556
"2026-09-09 18:00:00","2026-09-10 09:00:00","CAPE","surface",-68.5139,16.8634,2512
"2026-09-09 18:00:00","2026-09-10 09:00:00","CAPE","surface",-68.4899,16.8634,2400
"2026-09-09 18:00:00","2026-09-10 09:00:00","CAPE","surface",-68.466,16.8634,2460
"2026-09-09 18:00:00","2026-09-10 09:00:00","CAPE","surface",-68.4421,16.8634,2306
"2026-09-09 18:00:00","2026-09-10 09:00:00","CAPE","surface",-68.4182,16.8634,2360
"2026-09-09 18:00:00","2026-09-10 09:00:00","CAPE","surface",-68.3942,16.8634,2482
"2026-09-09 18:00:00","2026-09-10 09:00:00","CAPE","surface",-68.3703,16.8634,2312
"2026-09-09 18:00:00","2026-09-10 09:00:00","CAPE","surface",-68.3464,16.8634,2612
"2026-09-09 18:00:00","2026-09-10 09:00:00","CAPE","surface",-68.3225,16.8634,2520
"2026-09-09 18:00:00","2026-09-10 09:00:00","CAPE","surface",-68.2985,16.8634,2793
"2026-09-09 18:00:00","2026-09-10 09:00:00","CAPE","surface",-68.2746,16.8634,2822
"2026-09-09 18:00:00","2026-09-10 09:00:00","CAPE","surface",-68.2507,16.8634,3015
"2026-09-09 18:00:00","2026-09-10 09:00:00","CAPE","surface",-68.2268,16.8634,3035
"2026-09-09 18:00:00","2026-09-10 09:00:00","CAPE","surface",-68.2028,16.8634,3064
"2026-09-09 18:00:00","2026-09-10 09:00:00","CAPE","surface",-68.1789,16.8634,3008
"2026-09-09 18:00:00","2026-09-10 09:00:00","CAPE","surface",-68.155,16.8634,3063
"2026-09-09 18:00:00","2026-09-10 09:00:00","CAPE","surface",-68.1311,16.8634,3065
"2026-09-09 18:00:00","2026-09-10 09:00:00","CAPE","surface",-68.1071,16.8634,3074
"2026-09-09 18:00:00","2026-09-10 09:00:00","CAPE","surface",-68.0832,16.8634,3170
"2026-09-09 18:00:00","2026-09-10 09:00:00","CAPE","surface",-68.0593,16.8634,3255
"2026-09-09 18:00:00","2026-09-10 09:00:00","CAPE","surface",-68.0354,16.8634,3255
"2026-09-09 18:00:00","2026-09-10 09:00:00","CAPE","surface",-68.0114,16.8634,3256
"2026-09-09 18:00:00","2026-09-10 09:00:00","CAPE","surface",-67.9875,16.8634,3253
"2026-09-09 18:00:00","2026-09-10 09:00:00","CAPE","surface",-67.9636,16.8634,3248
"2026-09-09 18:00:00","2026-09-10 09:00:00","CAPE","surface",-67.9397,16.8634,3282
"2026-09-09 18:00:00","2026-09-10 09:00:00","CAPE","surface",-67.9157,16.8634,3214
"2026-09-09 18:00:00","2026-09-10 09:00:00","CAPE","surface",-67.8918,16.8634,3126
"2026-09-09 18:00:00","2026-09-10 09:00:00","CAPE","surface",-67.8679,16.8634,3228
"2026-09-09 18:00:00","2026-09-10 09:00:00","CAPE","surface",-67.844,16.8634,3097
"2026-09-09 18:00:00","2026-09-10 09:00:00","CAPE","surface",-67.82,16.8634,3097
"2026-09-09 18:00:00","2026-09-10 09:00:00","CAPE","surface",-67.7961,16.8634,3047
"2026-09-09 18:00:00","2026-09-10 09:00:00","CAPE","surface",-67.7722,16.8634,3170
"2026-09-09 18:00:00","2026-09-10 09:00:00","CAPE","surface",-67.7483,16.8634,3097
"2026-09-09 18:00:00","2026-09-10 09:00:00","CAPE","surface",-67.7243,16.8634,2995
"2026-09-09 18:00:00","2026-09-10 09:00:00","CAPE","surface",-67.7004,16.8634,3062
"2026-09-09 18:00:00","2026-09-10 09:00:00","CAPE","surface",-67.6765,16.8634,3123
"2026-09-09 18:00:00","2026-09-10 09:00:00","CAPE","surface",-67.6526,16.8634,3225
"2026-09-09 18:00:00","2026-09-10 09:00:00","CAPE","surface",-67.6286,16.8634,3360
"2026-09-09 18:00:00","2026-09-10 09:00:00","CAPE","surface",-67.6047,16.8634,3360
"2026-09-09 18:00:00","2026-09-10 09:00:00","CAPE","surface",-67.5808,16.8634,3579
"2026-09-09 18:00:00","2026-09-10 09:00:00","CAPE","surface",-67.5569,16.8634,3683
"2026-09-09 18:00:00","2026-09-10 09:00:00","CAPE","surface",-67.5329,16.8634,3729
"2026-09-09 18:00:00","2026-09-10 09:00:00","CAPE","surface",-67.509,16.8634,3494
"2026-09-09 18:00:00","2026-09-10 09:00:00","CAPE","surface",-67.4851,16.8634,3614
"2026-09-09 18:00:00","2026-09-10 09:00:00","CAPE","surface",-67.4612,16.8634,3463
"2026-09-09 18:00:00","2026-09-10 09:00:00","CAPE","surface",-67.4372,16.8634,3301
"2026-09-09 18:00:00","2026-09-10 09:00:00","CAPE","surface",-67.4133,16.8634,3301
"2026-09-09 18:00:00","2026-09-10 09:00:00","CAPE","surface",-67.3894,16.8634,3097
"2026-09-09 18:00:00","2026-09-10 09:00:00","CAPE","surface",-67.3655,16.8634,3140
"2026-09-09 18:00:00","2026-09-10 09:00:00","CAPE","surface",-67.3415,16.8634,3088
"2026-09-09 18:00:00","2026-09-10 09:00:00","CAPE","surface",-67.3176,16.8634,3085
"2026-09-09 18:00:00","2026-09-10 09:00:00","CAPE","surface",-67.2937,16.8634,3066
"2026-09-09 18:00:00","2026-09-10 09:00:00","CAPE","surface",-67.2698,16.8634,3047
"2026-09-09 18:00:00","2026-09-10 09:00:00","CAPE","surface",-67.2458,16.8634,3047
"2026-09-09 18:00:00","2026-09-10 09:00:00","CAPE","surface",-67.2219,16.8634,3161
"2026-09-09 18:00:00","2026-09-10 09:00:00","CAPE","surface",-67.198,16.8634,3161
"2026-09-09 18:00:00","2026-09-10 09:00:00","CAPE","surface",-67.1741,16.8634,3326
"2026-09-09 18:00:00","2026-09-10 09:00:00","CAPE","surface",-67.1501,16.8634,3525
"2026-09-09 18:00:00","2026-09-10 09:00:00","CAPE","surface",-67.1262,16.8634,3559
"2026-09-09 18:00:00","2026-09-10 09:00:00","CAPE","surface",-67.1023,16.8634,3604
"2026-09-09 18:00:00","2026-09-10 09:00:00","CAPE","surface",-67.0784,16.8634,3501
"2026-09-09 18:00:00","2026-09-10 09:00:00","CAPE","surface",-67.0544,16.8634,3135
"2026-09-09 18:00:00","2026-09-10 09:00:00","CAPE","surface",-67.0305,16.8634,2999
"2026-09-09 18:00:00","2026-09-10 09:00:00","CAPE","surface",-67.0066,16.8634,3032
"2026-09-09 18:00:00","2026-09-10 09:00:00","CAPE","surface",-74.7822,16.8863,2820
"2026-09-09 18:00:00","2026-09-10 09:00:00","CAPE","surface",-74.7583,16.8863,2991
"2026-09-09 18:00:00","2026-09-10 09:00:00","CAPE","surface",-74.7344,16.8863,3002
"2026-09-09 18:00:00","2026-09-10 09:00:00","CAPE","surface",-74.7105,16.8863,2890
"2026-09-09 18:00:00","2026-09-10 09:00:00","CAPE","surface",-74.6865,16.8863,2848
"2026-09-09 18:00:00","2026-09-10 09:00:00","CAPE","surface",-74.6626,16.8863,2549
"2026-09-09 18:00:00","2026-09-10 09:00:00","CAPE","surface",-74.6387,16.8863,2655
"2026-09-09 18:00:00","2026-09-10 09:00:00","CAPE","surface",-74.6148,16.8863,2459
"2026-09-09 18:00:00","2026-09-10 09:00:00","CAPE","surface",-74.5908,16.8863,2428
"2026-09-09 18:00:00","2026-09-10 09:00:00","CAPE","surface",-74.5669,16.8863,2215
"2026-09-09 18:00:00","2026-09-10 09:00:00","CAPE","surface",-74.543,16.8863,2215
"2026-09-09 18:00:00","2026-09-10 09:00:00","CAPE","surface",-74.5191,16.8863,2187
"2026-09-09 18:00:00","2026-09-10 09:00:00","CAPE","surface",-74.4951,16.8863,2202
"2026-09-09 18:00:00","2026-09-10 09:00:00","CAPE","surface",-74.4712,16.8863,2333
"2026-09-09 18:00:00","2026-09-10 09:00:00","CAPE","surface",-74.4473,16.8863,2488
"2026-09-09 18:00:00","2026-09-10 09:00:00","CAPE","surface",-74.4234,16.8863,2505
"2026-09-09 18:00:00","2026-09-10 09:00:00","CAPE","surface",-74.3994,16.8863,2598
"2026-09-09 18:00:00","2026-09-10 09:00:00","CAPE","surface",-74.3755,16.8863,2551
"2026-09-09 18:00:00","2026-09-10 09:00:00","CAPE","surface",-74.3516,16.8863,2478
"2026-09-09 18:00:00","2026-09-10 09:00:00","CAPE","surface",-74.3277,16.8863,2257
"2026-09-09 18:00:00","2026-09-10 09:00:00","CAPE","surface",-74.3037,16.8863,2064
"2026-09-09 18:00:00","2026-09-10 09:00:00","CAPE","surface",-74.2798,16.8863,1985
"2026-09-09 18:00:00","2026-09-10 09:00:00","CAPE","surface",-74.2559,16.8863,1977
"2026-09-09 18:00:00","2026-09-10 09:00:00","CAPE","surface",-74.232,16.8863,1971
"2026-09-09 18:00:00","2026-09-10 09:00:00","CAPE","surface",-74.208,16.8863,2034
"2026-09-09 18:00:00","2026-09-10 09:00:00","CAPE","surface",-74.1841,16.8863,2175
"2026-09-09 18:00:00","2026-09-10 09:00:00","CAPE","surface",-74.1602,16.8863,2226
"2026-09-09 18:00:00","2026-09-10 09:00:00","CAPE","surface",-74.1363,16.8863,2245
"2026-09-09 18:00:00","2026-09-10 09:00:00","CAPE","surface",-74.1123,16.8863,2266
"2026-09-09 18:00:00","2026-09-10 09:00:00","CAPE","surface",-74.0884,16.8863,2219
"2026-09-09 18:00:00","2026-09-10 09:00:00","CAPE","surface",-74.0645,16.8863,2264
"2026-09-09 18:00:00","2026-09-10 09:00:00","CAPE","surface",-74.0406,16.8863,2234
"2026-09-09 18:00:00","2026-09-10 09:00:00","CAPE","surface",-74.0166,16.8863,2359
"2026-09-09 18:00:00","2026-09-10 09:00:00","CAPE","surface",-73.9927,16.8863,2600
"2026-09-09 18:00:00","2026-09-10 09:00:00","CAPE","surface",-73.9688,16.8863,2600
"2026-09-09 18:00:00","2026-09-10 09:00:00","CAPE","surface",-73.9449,16.8863,2891
"2026-09-09 18:00:00","2026-09-10 09:00:00","CAPE","surface",-73.9209,16.8863,2955
"2026-09-09 18:00:00","2026-09-10 09:00:00","CAPE","surface",-73.897,16.8863,3037
"2026-09-09 18:00:00","2026-09-10 09:00:00","CAPE","surface",-73.8731,16.8863,3025
"2026-09-09 18:00:00","2026-09-10 09:00:00","CAPE","surface",-73.8492,16.8863,2965
"2026-09-09 18:00:00","2026-09-10 09:00:00","CAPE","surface",-73.8252,16.8863,2965
"2026-09-09 18:00:00","2026-09-10 09:00:00","CAPE","surface",-73.8013,16.8863,2750
"2026-09-09 18:00:00","2026-09-10 09:00:00","CAPE","surface",-73.7774,16.8863,2700
"2026-09-09 18:00:00","2026-09-10 09:00:00","CAPE","surface",-73.7535,16.8863,2490
"2026-09-09 18:00:00","2026-09-10 09:00:00","CAPE","surface",-73.7295,16.8863,2517
"2026-09-09 18:00:00","2026-09-10 09:00:00","CAPE","surface",-73.7056,16.8863,2479
"2026-09-09 18:00:00","2026-09-10 09:00:00","CAPE","surface",-73.6817,16.8863,2479
"2026-09-09 18:00:00","2026-09-10 09:00:00","CAPE","surface",-73.6578,16.8863,2572
"2026-09-09 18:00:00","2026-09-10 09:00:00","CAPE","surface",-73.6338,16.8863,2622
"2026-09-09 18:00:00","2026-09-10 09:00:00","CAPE","surface",-73.6099,16.8863,2642
"2026-09-09 18:00:00","2026-09-10 09:00:00","CAPE","surface",-73.586,16.8863,2634
"2026-09-09 18:00:00","2026-09-10 09:00:00","CAPE","surface",-73.5621,16.8863,2531
"2026-09-09 18:00:00","2026-09-10 09:00:00","CAPE","surface",-73.5381,16.8863,2407
"2026-09-09 18:00:00","2026-09-10 09:00:00","CAPE","surface",-73.5142,16.8863,2288
"2026-09-09 18:00:00","2026-09-10 09:00:00","CAPE","surface",-73.4903,16.8863,2194
"2026-09-09 18:00:00","2026-09-10 09:00:00","CAPE","surface",-73.4664,16.8863,2181
"2026-09-09 18:00:00","2026-09-10 09:00:00","CAPE","surface",-73.4424,16.8863,2262
"2026-09-09 18:00:00","2026-09-10 09:00:00","CAPE","surface",-73.4185,16.8863,2250
"2026-09-09 18:00:00","2026-09-10 09:00:00","CAPE","surface",-73.3946,16.8863,2453
"2026-09-09 18:00:00","2026-09-10 09:00:00","CAPE","surface",-73.3707,16.8863,2452
"2026-09-09 18:00:00","2026-09-10 09:00:00","CAPE","surface",-73.3467,16.8863,2691
"2026-09-09 18:00:00","2026-09-10 09:00:00","CAPE","surface",-73.3228,16.8863,2606
"2026-09-09 18:00:00","2026-09-10 09:00:00","CAPE","surface",-73.2989,16.8863,2807
"2026-09-09 18:00:00","2026-09-10 09:00:00","CAPE","surface",-73.275,16.8863,2762
"2026-09-09 18:00:00","2026-09-10 09:00:00","CAPE","surface",-73.251,16.8863,2846
"2026-09-09 18:00:00","2026-09-10 09:00:00","CAPE","surface",-73.2271,16.8863,2847
"2026-09-09 18:00:00","2026-09-10 09:00:00","CAPE","surface",-73.2032,16.8863,2833
"2026-09-09 18:00:00","2026-09-10 09:00:00","CAPE","surface",-73.1793,16.8863,2742
"2026-09-09 18:00:00","2026-09-10 09:00:00","CAPE","surface",-73.1553,16.8863,2884
"2026-09-09 18:00:00","2026-09-10 09:00:00","CAPE","surface",-73.1314,16.8863,2683
"2026-09-09 18:00:00","2026-09-10 09:00:00","CAPE","surface",-73.1075,16.8863,2683
"2026-09-09 18:00:00","2026-09-10 09:00:00","CAPE","surface",-73.0836,16.8863,2472
"2026-09-09 18:00:00","2026-09-10 09:00:00","CAPE","surface",-73.0596,16.8863,2641
"2026-09-09 18:00:00","2026-09-10 09:00:00","CAPE","surface",-73.0357,16.8863,2613
"2026-09-09 18:00:00","2026-09-10 09:00:00","CAPE","surface",-73.0118,16.8863,2691
"2026-09-09 18:00:00","2026-09-10 09:00:00","CAPE","surface",-72.9879,16.8863,2555
"2026-09-09 18:00:00","2026-09-10 09:00:00","CAPE","surface",-72.9639,16.8863,2555
"2026-09-09 18:00:00","2026-09-10 09:00:00","CAPE","surface",-72.94,16.8863,2435
"2026-09-09 18:00:00","2026-09-10 09:00:00","CAPE","surface",-72.9161,16.8863,2487
"2026-09-09 18:00:00","2026-09-10 09:00:00","CAPE","surface",-72.8922,16.8863,2414
"2026-09-09 18:00:00","2026-09-10 09:00:00","CAPE","surface",-72.8682,16.8863,2437
"2026-09-09 18:00:00","2026-09-10 09:00:00","CAPE","surface",-72.8443,16.8863,2440
"2026-09-09 18:00:00","2026-09-10 09:00:00","CAPE","surface",-72.8204,16.8863,2494
"2026-09-09 18:00:00","2026-09-10 09:00:00","CAPE","surface",-72.7965,16.8863,2550
"2026-09-09 18:00:00","2026-09-10 09:00:00","CAPE","surface",-72.7725,16.8863,2620
"2026-09-09 18:00:00","2026-09-10 09:00:00","CAPE","surface",-72.7486,16.8863,2613
"2026-09-09 18:00:00","2026-09-10 09:00:00","CAPE","surface",-72.7247,16.8863,2591
"2026-09-09 18:00:00","2026-09-10 09:00:00","CAPE","surface",-72.7008,16.8863,2591
"2026-09-09 18:00:00","2026-09-10 09:00:00","CAPE","surface",-72.6768,16.8863,2665
"2026-09-09 18:00:00","2026-09-10 09:00:00","CAPE","surface",-72.6529,16.8863,2638
"2026-09-09 18:00:00","2026-09-10 09:00:00","CAPE","surface",-72.629,16.8863,2881
"2026-09-09 18:00:00","2026-09-10 09:00:00","CAPE","surface",-72.6051,16.8863,2891
"2026-09-09 18:00:00","2026-09-10 09:00:00","CAPE","surface",-72.5811,16.8863,3058
"2026-09-09 18:00:00","2026-09-10 09:00:00","CAPE","surface",-72.5572,16.8863,3072
"2026-09-09 18:00:00","2026-09-10 09:00:00","CAPE","surface",-72.5333,16.8863,3139
"2026-09-09 18:00:00","2026-09-10 09:00:00","CAPE","surface",-72.5094,16.8863,3153
"2026-09-09 18:00:00","2026-09-10 09:00:00","CAPE","surface",-72.4854,16.8863,3148
"2026-09-09 18:00:00","2026-09-10 09:00:00","CAPE","surface",-72.4615,16.8863,3061
"2026-09-09 18:00:00","2026-09-10 09:00:00","CAPE","surface",-72.4376,16.8863,3061
"2026-09-09 18:00:00","2026-09-10 09:00:00","CAPE","surface",-72.4137,16.8863,2924
"2026-09-09 18:00:00","2026-09-10 09:00:00","CAPE","surface",-72.3897,16.8863,2922
"2026-09-09 18:00:00","2026-09-10 09:00:00","CAPE","surface",-72.3658,16.8863,2840
"2026-09-09 18:00:00","2026-09-10 09:00:00","CAPE","surface",-72.3419,16.8863,2865
"2026-09-09 18:00:00","2026-09-10 09:00:00","CAPE","surface",-72.318,16.8863,2716
"2026-09-09 18:00:00","2026-09-10 09:00:00","CAPE","surface",-72.294,16.8863,2787
"2026-09-09 18:00:00","2026-09-10 09:00:00","CAPE","surface",-72.2701,16.8863,2699
"2026-09-09 18:00:00","2026-09-10 09:00:00","CAPE","surface",-72.2462,16.8863,2780
"2026-09-09 18:00:00","2026-09-10 09:00:00","CAPE","surface",-72.2223,16.8863,2686
"2026-09-09 18:00:00","2026-09-10 09:00:00","CAPE","surface",-72.1983,16.8863,2620
"2026-09-09 18:00:00","2026-09-10 09:00:00","CAPE","surface",-72.1744,16.8863,2620
"2026-09-09 18:00:00","2026-09-10 09:00:00","CAPE","surface",-72.1505,16.8863,2531
"2026-09-09 18:00:00","2026-09-10 09:00:00","CAPE","surface",-72.1266,16.8863,2638
"2026-09-09 18:00:00","2026-09-10 09:00:00","CAPE","surface",-72.1026,16.8863,2524
"2026-09-09 18:00:00","2026-09-10 09:00:00","CAPE","surface",-72.0787,16.8863,2637
"2026-09-09 18:00:00","2026-09-10 09:00:00","CAPE","surface",-72.0548,16.8863,2508
"2026-09-09 18:00:00","2026-09-10 09:00:00","CAPE","surface",-72.0309,16.8863,2578
"2026-09-09 18:00:00","2026-09-10 09:00:00","CAPE","surface",-72.0069,16.8863,2632
"2026-09-09 18:00:00","2026-09-10 09:00:00","CAPE","surface",-71.983,16.8863,2735
"2026-09-09 18:00:00","2026-09-10 09:00:00","CAPE","surface",-71.9591,16.8863,2822
"2026-09-09 18:00:00","2026-09-10 09:00:00","CAPE","surface",-71.9352,16.8863,2678
"2026-09-09 18:00:00","2026-09-10 09:00:00","CAPE","surface",-71.9112,16.8863,2678
"2026-09-09 18:00:00","2026-09-10 09:00:00","CAPE","surface",-71.8873,16.8863,2429
"2026-09-09 18:00:00","2026-09-10 09:00:00","CAPE","surface",-71.8634,16.8863,2436
"2026-09-09 18:00:00","2026-09-10 09:00:00","CAPE","surface",-71.8395,16.8863,2609
"2026-09-09 18:00:00","2026-09-10 09:00:00","CAPE","surface",-71.8155,16.8863,2682
"2026-09-09 18:00:00","2026-09-10 09:00:00","CAPE","surface",-71.7916,16.8863,2759
"2026-09-09 18:00:00","2026-09-10 09:00:00","CAPE","surface",-71.7677,16.8863,2739
"2026-09-09 18:00:00","2026-09-10 09:00:00","CAPE","surface",-71.7438,16.8863,2700
"2026-09-09 18:00:00","2026-09-10 09:00:00","CAPE","surface",-71.7198,16.8863,2632
"2026-09-09 18:00:00","2026-09-10 09:00:00","CAPE","surface",-71.6959,16.8863,2595
"2026-09-09 18:00:00","2026-09-10 09:00:00","CAPE","surface",-71.672,16.8863,2605
"2026-09-09 18:00:00","2026-09-10 09:00:00","CAPE","surface",-71.6481,16.8863,2609
"2026-09-09 18:00:00","2026-09-10 09:00:00","CAPE","surface",-71.6241,16.8863,2666
"2026-09-09 18:00:00","2026-09-10 09:00:00","CAPE","surface",-71.6002,16.8863,2701
"2026-09-09 18:00:00","2026-09-10 09:00:00","CAPE","surface",-71.5763,16.8863,2764
"2026-09-09 18:00:00","2026-09-10 09:00:00","CAPE","surface",-71.5524,16.8863,2770
"2026-09-09 18:00:00","2026-09-10 09:00:00","CAPE","surface",-71.5284,16.8863,2698
"2026-09-09 18:00:00","2026-09-10 09:00:00","CAPE","surface",-71.5045,16.8863,2706
"2026-09-09 18:00:00","2026-09-10 09:00:00","CAPE","surface",-71.4806,16.8863,2584
"2026-09-09 18:00:00","2026-09-10 09:00:00","CAPE","surface",-71.4567,16.8863,2654
"2026-09-09 18:00:00","2026-09-10 09:00:00","CAPE","surface",-71.4327,16.8863,2559
"2026-09-09 18:00:00","2026-09-10 09:00:00","CAPE","surface",-71.4088,16.8863,2473
"2026-09-09 18:00:00","2026-09-10 09:00:00","CAPE","surface",-71.3849,16.8863,2531
"2026-09-09 18:00:00","2026-09-10 09:00:00","CAPE","surface",-71.361,16.8863,2503
"2026-09-09 18:00:00","2026-09-10 09:00:00","CAPE","surface",-71.337,16.8863,2416
"2026-09-09 18:00:00","2026-09-10 09:00:00","CAPE","surface",-71.3131,16.8863,1778
"2026-09-09 18:00:00","2026-09-10 09:00:00","CAPE","surface",-71.2892,16.8863,1778
"2026-09-09 18:00:00","2026-09-10 09:00:00","CAPE","surface",-71.2653,16.8863,803
"2026-09-09 18:00:00","2026-09-10 09:00:00","CAPE","surface",-71.2413,16.8863,0
"2026-09-09 18:00:00","2026-09-10 09:00:00","CAPE","surface",-71.2174,16.8863,0
"2026-09-09 18:00:00","2026-09-10 09:00:00","CAPE","surface",-71.1935,16.8863,0
"2026-09-09 18:00:00","2026-09-10 09:00:00","CAPE","surface",-71.1696,16.8863,0
"2026-09-09 18:00:00","2026-09-10 09:00:00","CAPE","surface",-71.1456,16.8863,28
"2026-09-09 18:00:00","2026-09-10 09:00:00","CAPE","surface",-71.1217,16.8863,55
"2026-09-09 18:00:00","2026-09-10 09:00:00","CAPE","surface",-71.0978,16.8863,218
"2026-09-09 18:00:00","2026-09-10 09:00:00","CAPE","surface",-71.0739,16.8863,273
"2026-09-09 18:00:00","2026-09-10 09:00:00","CAPE","surface",-71.0499,16.8863,781
"2026-09-09 18:00:00","2026-09-10 09:00:00","CAPE","surface",-71.026,16.8863,881
"2026-09-09 18:00:00","2026-09-10 09:00:00","CAPE","surface",-71.0021,16.8863,1689
"2026-09-09 18:00:00","2026-09-10 09:00:00","CAPE","surface",-70.9782,16.8863,1786
"2026-09-09 18:00:00","2026-09-10 09:00:00","CAPE","surface",-70.9542,16.8863,2213
"2026-09-09 18:00:00","2026-09-10 09:00:00","CAPE","surface",-70.9303,16.8863,2439
"2026-09-09 18:00:00","2026-09-10 09:00:00","CAPE","surface",-70.9064,16.8863,2421
"2026-09-09 18:00:00","2026-09-10 09:00:00","CAPE","surface",-70.8825,16.8863,2459
"2026-09-09 18:00:00","2026-09-10 09:00:00","CAPE","surface",-70.8585,16.8863,2468
"2026-09-09 18:00:00","2026-09-10 09:00:00","CAPE","surface",-70.8346,16.8863,2457
"2026-09-09 18:00:00","2026-09-10 09:00:00","CAPE","surface",-70.8107,16.8863,2457
"2026-09-09 18:00:00","2026-09-10 09:00:00","CAPE","surface",-70.7868,16.8863,2484
"2026-09-09 18:00:00","2026-09-10 09:00:00","CAPE","surface",-70.7628,16.8863,2564
"2026-09-09 18:00:00","2026-09-10 09:00:00","CAPE","surface",-70.7389,16.8863,2733
"2026-09-09 18:00:00","2026-09-10 09:00:00","CAPE","surface",-70.715,16.8863,2789
"2026-09-09 18:00:00","2026-09-10 09:00:00","CAPE","surface",-70.6911,16.8863,2789
"2026-09-09 18:00:00","2026-09-10 09:00:00","CAPE","surface",-70.6671,16.8863,2479
"2026-09-09 18:00:00","2026-09-10 09:00:00","CAPE","surface",-70.6432,16.8863,2261
"2026-09-09 18:00:00","2026-09-10 09:00:00","CAPE","surface",-70.6193,16.8863,1925
"2026-09-09 18:00:00","2026-09-10 09:00:00","CAPE","surface",-70.5954,16.8863,1881
"2026-09-09 18:00:00","2026-09-10 09:00:00","CAPE","surface",-70.5714,16.8863,1451
"2026-09-09 18:00:00","2026-09-10 09:00:00","CAPE","surface",-70.5475,16.8863,1526
"2026-09-09 18:00:00","2026-09-10 09:00:00","CAPE","surface",-70.5236,16.8863,1926
"2026-09-09 18:00:00","2026-09-10 09:00:00","CAPE","surface",-70.4997,16.8863,2440
"2026-09-09 18:00:00","2026-09-10 09:00:00","CAPE","surface",-70.4757,16.8863,2494
"2026-09-09 18:00:00","2026-09-10 09:00:00","CAPE","surface",-70.4518,16.8863,2222
"2026-09-09 18:00:00","2026-09-10 09:00:00","CAPE","surface",-70.4279,16.8863,2152
"2026-09-09 18:00:00","2026-09-10 09:00:00","CAPE","surface",-70.404,16.8863,1808
"2026-09-09 18:00:00","2026-09-10 09:00:00","CAPE","surface",-70.38,16.8863,1940
"2026-09-09 18:00:00","2026-09-10 09:00:00","CAPE","surface",-70.3561,16.8863,2026
"2026-09-09 18:00:00","2026-09-10 09:00:00","CAPE","surface",-70.3322,16.8863,2026
"2026-09-09 18:00:00","2026-09-10 09:00:00","CAPE","surface",-70.3083,16.8863,2072
"2026-09-09 18:00:00","2026-09-10 09:00:00","CAPE","surface",-70.2843,16.8863,2102
"2026-09-09 18:00:00","2026-09-10 09:00:00","CAPE","surface",-70.2604,16.8863,2154
"2026-09-09 18:00:00","2026-09-10 09:00:00","CAPE","surface",-70.2365,16.8863,2138
"2026-09-09 18:00:00","2026-09-10 09:00:00","CAPE","surface",-70.2126,16.8863,2138
"2026-09-09 18:00:00","2026-09-10 09:00:00","CAPE","surface",-70.1886,16.8863,1978
"2026-09-09 18:00:00","2026-09-10 09:00:00","CAPE","surface",-70.1647,16.8863,1853
"2026-09-09 18:00:00","2026-09-10 09:00:00","CAPE","surface",-70.1408,16.8863,1832
"2026-09-09 18:00:00","2026-09-10 09:00:00","CAPE","surface",-70.1169,16.8863,1901
"2026-09-09 18:00:00","2026-09-10 09:00:00","CAPE","surface",-70.0929,16.8863,1876
"2026-09-09 18:00:00","2026-09-10 09:00:00","CAPE","surface",-70.069,16.8863,1958
"2026-09-09 18:00:00","2026-09-10 09:00:00","CAPE","surface",-70.0451,16.8863,2116
"2026-09-09 18:00:00","2026-09-10 09:00:00","CAPE","surface",-70.0212,16.8863,2219
"2026-09-09 18:00:00","2026-09-10 09:00:00","CAPE","surface",-69.9972,16.8863,2366
"2026-09-09 18:00:00","2026-09-10 09:00:00","CAPE","surface",-69.9733,16.8863,2311
"2026-09-09 18:00:00","2026-09-10 09:00:00","CAPE","surface",-69.9494,16.8863,2400
"2026-09-09 18:00:00","2026-09-10 09:00:00","CAPE","surface",-69.9255,16.8863,2460
"2026-09-09 18:00:00","2026-09-10 09:00:00","CAPE","surface",-69.9015,16.8863,2554
"2026-09-09 18:00:00","2026-09-10 09:00:00","CAPE","surface",-69.8776,16.8863,2640
"2026-09-09 18:00:00","2026-09-10 09:00:00","CAPE","surface",-69.8537,16.8863,2643
"2026-09-09 18:00:00","2026-09-10 09:00:00","CAPE","surface",-69.8298,16.8863,2697
"2026-09-09 18:00:00","2026-09-10 09:00:00","CAPE","surface",-69.8058,16.8863,2752
"2026-09-09 18:00:00","2026-09-10 09:00:00","CAPE","surface",-69.7819,16.8863,2838
"2026-09-09 18:00:00","2026-09-10 09:00:00","CAPE","surface",-69.758,16.8863,2862
"2026-09-09 18:00:00","2026-09-10 09:00:00","CAPE","surface",-69.7341,16.8863,2862
"2026-09-09 18:00:00","2026-09-10 09:00:00","CAPE","surface",-69.7101,16.8863,2713
"2026-09-09 18:00:00","2026-09-10 09:00:00","CAPE","surface",-69.6862,16.8863,2532
"2026-09-09 18:00:00","2026-09-10 09:00:00","CAPE","surface",-69.6623,16.8863,2378
"2026-09-09 18:00:00","2026-09-10 09:00:00","CAPE","surface",-69.6384,16.8863,2498
"2026-09-09 18:00:00","2026-09-10 09:00:00","CAPE","surface",-69.6144,16.8863,2440
"2026-09-09 18:00:00","2026-09-10 09:00:00","CAPE","surface",-69.5905,16.8863,2603
"2026-09-09 18:00:00","2026-09-10 09:00:00","CAPE","surface",-69.5666,16.8863,2575
"2026-09-09 18:00:00","2026-09-10 09:00:00","CAPE","surface",-69.5427,16.8863,2749
"2026-09-09 18:00:00","2026-09-10 09:00:00","CAPE","surface",-69.5187,16.8863,2984
"2026-09-09 18:00:00","2026-09-10 09:00:00","CAPE","surface",-69.4948,16.8863,2967
"2026-09-09 18:00:00","2026-09-10 09:00:00","CAPE","surface",-69.4709,16.8863,3073
"2026-09-09 18:00:00","2026-09-10 09:00:00","CAPE","surface",-69.447,16.8863,3019
"2026-09-09 18:00:00","2026-09-10 09:00:00","CAPE","surface",-69.423,16.8863,3096
"2026-09-09 18:00:00","2026-09-10 09:00:00","CAPE","surface",-69.3991,16.8863,3096
"2026-09-09 18:00:00","2026-09-10 09:00:00","CAPE","surface",-69.3752,16.8863,3165
"2026-09-09 18:00:00","2026-09-10 09:00:00","CAPE","surface",-69.3513,16.8863,3082
"2026-09-09 18:00:00","2026-09-10 09:00:00","CAPE","surface",-69.3273,16.8863,3042
"2026-09-09 18:00:00","2026-09-10 09:00:00","CAPE","surface",-69.3034,16.8863,3134
"2026-09-09 18:00:00","2026-09-10 09:00:00","CAPE","surface",-69.2795,16.8863,2923
"2026-09-09 18:00:00","2026-09-10 09:00:00","CAPE","surface",-69.2556,16.8863,2870
"2026-09-09 18:00:00","2026-09-10 09:00:00","CAPE","surface",-69.2316,16.8863,2872
"2026-09-09 18:00:00","2026-09-10 09:00:00","CAPE","surface",-69.2077,16.8863,2849
"2026-09-09 18:00:00","2026-09-10 09:00:00","CAPE","surface",-69.1838,16.8863,2849
"2026-09-09 18:00:00","2026-09-10 09:00:00","CAPE","surface",-69.1599,16.8863,2762
"2026-09-09 18:00:00","2026-09-10 09:00:00","CAPE","surface",-69.1359,16.8863,2835
"2026-09-09 18:00:00","2026-09-10 09:00:00","CAPE","surface",-69.112,16.8863,2810
"2026-09-09 18:00:00","2026-09-10 09:00:00","CAPE","surface",-69.0881,16.8863,2985
"2026-09-09 18:00:00","2026-09-10 09:00:00","CAPE","surface",-69.0642,16.8863,2985
"2026-09-09 18:00:00","2026-09-10 09:00:00","CAPE","surface",-69.0402,16.8863,2936
"2026-09-09 18:00:00","2026-09-10 09:00:00","CAPE","surface",-69.0163,16.8863,3008
"2026-09-09 18:00:00","2026-09-10 09:00:00","CAPE","surface",-68.9924,16.8863,2874
"2026-09-09 18:00:00","2026-09-10 09:00:00","CAPE","surface",-68.9685,16.8863,2759
"2026-09-09 18:00:00","2026-09-10 09:00:00","CAPE","surface",-68.9445,16.8863,2869
"2026-09-09 18:00:00","2026-09-10 09:00:00","CAPE","surface",-68.9206,16.8863,2984
"2026-09-09 18:00:00","2026-09-10 09:00:00","CAPE","surface",-68.8967,16.8863,3141
"2026-09-09 18:00:00","2026-09-10 09:00:00","CAPE","surface",-68.8728,16.8863,3257
"2026-09-09 18:00:00","2026-09-10 09:00:00","CAPE","surface",-68.8488,16.8863,3257
"2026-09-09 18:00:00","2026-09-10 09:00:00","CAPE","surface",-68.8249,16.8863,3294
"2026-09-09 18:00:00","2026-09-10 09:00:00","CAPE","surface",-68.801,16.8863,3068
"2026-09-09 18:00:00","2026-09-10 09:00:00","CAPE","surface",-68.7771,16.8863,3036
"2026-09-09 18:00:00","2026-09-10 09:00:00","CAPE","surface",-68.7531,16.8863,2584
"2026-09-09 18:00:00","2026-09-10 09:00:00","CAPE","surface",-68.7292,16.8863,2584
"2026-09-09 18:00:00","2026-09-10 09:00:00","CAPE","surface",-68.7053,16.8863,2391
"2026-09-09 18:00:00","2026-09-10 09:00:00","CAPE","surface",-68.6813,16.8863,2281
"2026-09-09 18:00:00","2026-09-10 09:00:00","CAPE","surface",-68.6574,16.8863,2291
"2026-09-09 18:00:00","2026-09-10 09:00:00","CAPE","surface",-68.6335,16.8863,2437
"2026-09-09 18:00:00","2026-09-10 09:00:00","CAPE","surface",-68.6096,16.8863,2411
"2026-09-09 18:00:00","2026-09-10 09:00:00","CAPE","surface",-68.5856,16.8863,2528
"2026-09-09 18:00:00","2026-09-10 09:00:00","CAPE","surface",-68.5617,16.8863,2540
"2026-09-09 18:00:00","2026-09-10 09:00:00","CAPE","surface",-68.5378,16.8863,2562
"2026-09-09 18:00:00","2026-09-10 09:00:00","CAPE","surface",-68.5139,16.8863,2562
"2026-09-09 18:00:00","2026-09-10 09:00:00","CAPE","surface",-68.4899,16.8863,2577
"2026-09-09 18:00:00","2026-09-10 09:00:00","CAPE","surface",-68.466,16.8863,2651
"2026-09-09 18:00:00","2026-09-10 09:00:00","CAPE","surface",-68.4421,16.8863,2527
"2026-09-09 18:00:00","2026-09-10 09:00:00","CAPE","surface",-68.4182,16.8863,2839
"2026-09-09 18:00:00","2026-09-10 09:00:00","CAPE","surface",-68.3942,16.8863,2687
"2026-09-09 18:00:00","2026-09-10 09:00:00","CAPE","surface",-68.3703,16.8863,2792
"2026-09-09 18:00:00","2026-09-10 09:00:00","CAPE","surface",-68.3464,16.8863,2612
"2026-09-09 18:00:00","2026-09-10 09:00:00","CAPE","surface",-68.3225,16.8863,2818
"2026-09-09 18:00:00","2026-09-10 09:00:00","CAPE","surface",-68.2985,16.8863,3028
"2026-09-09 18:00:00","2026-09-10 09:00:00","CAPE","surface",-68.2746,16.8863,3002
"2026-09-09 18:00:00","2026-09-10 09:00:00","CAPE","surface",-68.2507,16.8863,3015
"2026-09-09 18:00:00","2026-09-10 09:00:00","CAPE","surface",-68.2268,16.8863,3035
"2026-09-09 18:00:00","2026-09-10 09:00:00","CAPE","surface",-68.2028,16.8863,2987
"2026-09-09 18:00:00","2026-09-10 09:00:00","CAPE","surface",-68.1789,16.8863,2997
"2026-09-09 18:00:00","2026-09-10 09:00:00","CAPE","surface",-68.155,16.8863,3047
"2026-09-09 18:00:00","2026-09-10 09:00:00","CAPE","surface",-68.1311,16.8863,3194
"2026-09-09 18:00:00","2026-09-10 09:00:00","CAPE","surface",-68.1071,16.8863,3194
"2026-09-09 18:00:00","2026-09-10 09:00:00","CAPE","surface",-68.0832,16.8863,3262
"2026-09-09 18:00:00","2026-09-10 09:00:00","CAPE","surface",-68.0593,16.8863,3264
"2026-09-09 18:00:00","2026-09-10 09:00:00","CAPE","surface",-68.0354,16.8863,3229
"2026-09-09 18:00:00","2026-09-10 09:00:00","CAPE","surface",-68.0114,16.8863,3256
"2026-09-09 18:00:00","2026-09-10 09:00:00","CAPE","surface",-67.9875,16.8863,3096
"2026-09-09 18:00:00","2026-09-10 09:00:00","CAPE","surface",-67.9636,16.8863,2950
"2026-09-09 18:00:00","2026-09-10 09:00:00","CAPE","surface",-67.9397,16.8863,3091
"2026-09-09 18:00:00","2026-09-10 09:00:00","CAPE","surface",-67.9157,16.8863,3006
"2026-09-09 18:00:00","2026-09-10 09:00:00","CAPE","surface",-67.8918,16.8863,3006
"2026-09-09 18:00:00","2026-09-10 09:00:00","CAPE","surface",-67.8679,16.8863,2938
"2026-09-09 18:00:00","2026-09-10 09:00:00","CAPE","surface",-67.844,16.8863,2999
"2026-09-09 18:00:00","2026-09-10 09:00:00","CAPE","surface",-67.82,16.8863,2970
"2026-09-09 18:00:00","2026-09-10 09:00:00","CAPE","surface",-67.7961,16.8863,2965
"2026-09-09 18:00:00","2026-09-10 09:00:00","CAPE","surface",-67.7722,16.8863,2965
"2026-09-09 18:00:00","2026-09-10 09:00:00","CAPE","surface",-67.7483,16.8863,2957
"2026-09-09 18:00:00","2026-09-10 09:00:00","CAPE","surface",-67.7243,16.8863,2995
"2026-09-09 18:00:00","2026-09-10 09:00:00","CAPE","surface",-67.7004,16.8863,3053
"2026-09-09 18:00:00","2026-09-10 09:00:00","CAPE","surface",-67.6765,16.8863,3053
"2026-09-09 18:00:00","2026-09-10 09:00:00","CAPE","surface",-67.6526,16.8863,3159
"2026-09-09 18:00:00","2026-09-10 09:00:00","CAPE","surface",-67.6286,16.8863,3324
"2026-09-09 18:00:00","2026-09-10 09:00:00","CAPE","surface",-67.6047,16.8863,3463
"2026-09-09 18:00:00","2026-09-10 09:00:00","CAPE","surface",-67.5808,16.8863,3535
"2026-09-09 18:00:00","2026-09-10 09:00:00","CAPE","surface",-67.5569,16.8863,3627
"2026-09-09 18:00:00","2026-09-10 09:00:00","CAPE","surface",-67.5329,16.8863,3458
"2026-09-09 18:00:00","2026-09-10 09:00:00","CAPE","surface",-67.509,16.8863,3175
"2026-09-09 18:00:00","2026-09-10 09:00:00","CAPE","surface",-67.4851,16.8863,3301
"2026-09-09 18:00:00","2026-09-10 09:00:00","CAPE","surface",-67.4612,16.8863,3104
"2026-09-09 18:00:00","2026-09-10 09:00:00","CAPE","surface",-67.4372,16.8863,3205
"2026-09-09 18:00:00","2026-09-10 09:00:00","CAPE","surface",-67.4133,16.8863,3105
"2026-09-09 18:00:00","2026-09-10 09:00:00","CAPE","surface",-67.3894,16.8863,3097
"2026-09-09 18:00:00","2026-09-10 09:00:00","CAPE","surface",-67.3655,16.8863,3110
"2026-09-09 18:00:00","2026-09-10 09:00:00","CAPE","surface",-67.3415,16.8863,3106
"2026-09-09 18:00:00","2026-09-10 09:00:00","CAPE","surface",-67.3176,16.8863,3083
"2026-09-09 18:00:00","2026-09-10 09:00:00","CAPE","surface",-67.2937,16.8863,3077
"2026-09-09 18:00:00","2026-09-10 09:00:00","CAPE","surface",-67.2698,16.8863,3077
"2026-09-09 18:00:00","2026-09-10 09:00:00","CAPE","surface",-67.2458,16.8863,3075
"2026-09-09 18:00:00","2026-09-10 09:00:00","CAPE","surface",-67.2219,16.8863,3136
"2026-09-09 18:00:00","2026-09-10 09:00:00","CAPE","surface",-67.198,16.8863,3270
"2026-09-09 18:00:00","2026-09-10 09:00:00","CAPE","surface",-67.1741,16.8863,3346
"2026-09-09 18:00:00","2026-09-10 09:00:00","CAPE","surface",-67.1501,16.8863,3446
"2026-09-09 18:00:00","2026-09-10 09:00:00","CAPE","surface",-67.1262,16.8863,3578
"2026-09-09 18:00:00","2026-09-10 09:00:00","CAPE","surface",-67.1023,16.8863,3604
"2026-09-09 18:00:00","2026-09-10 09:00:00","CAPE","surface",-67.0784,16.8863,3435
"2026-09-09 18:00:00","2026-09-10 09:00:00","CAPE","surface",-67.0544,16.8863,3398
"2026-09-09 18:00:00","2026-09-10 09:00:00","CAPE","surface",-67.0305,16.8863,3194
"2026-09-09 18:00:00","2026-09-10 09:00:00","CAPE","surface",-67.0066,16.8863,3265
"2026-09-09 18:00:00","2026-09-10 09:00:00","CAPE","surface",-74.7822,16.9092,2967
"2026-09-09 18:00:00","2026-09-10 09:00:00","CAPE","surface",-74.7583,16.9092,3043
"2026-09-09 18:00:00","2026-09-10 09:00:00","CAPE","surface",-74.7344,16.9092,2995
"2026-09-09 18:00:00","2026-09-10 09:00:00","CAPE","surface",-74.7105,16.9092,2592
"2026-09-09 18:00:00","2026-09-10 09:00:00","CAPE","surface",-74.6865,16.9092,2524
"2026-09-09 18:00:00","2026-09-10 09:00:00","CAPE","surface",-74.6626,16.9092,2341
"2026-09-09 18:00:00","2026-09-10 09:00:00","CAPE","surface",-74.6387,16.9092,2341
"2026-09-09 18:00:00","2026-09-10 09:00:00","CAPE","surface",-74.6148,16.9092,2342
"2026-09-09 18:00:00","2026-09-10 09:00:00","CAPE","surface",-74.5908,16.9092,2363
"2026-09-09 18:00:00","2026-09-10 09:00:00","CAPE","surface",-74.5669,16.9092,2257
"2026-09-09 18:00:00","2026-09-10 09:00:00","CAPE","surface",-74.543,16.9092,2198
"2026-09-09 18:00:00","2026-09-10 09:00:00","CAPE","surface",-74.5191,16.9092,2327
"2026-09-09 18:00:00","2026-09-10 09:00:00","CAPE","surface",-74.4951,16.9092,2327
"2026-09-09 18:00:00","2026-09-10 09:00:00","CAPE","surface",-74.4712,16.9092,2489
"2026-09-09 18:00:00","2026-09-10 09:00:00","CAPE","surface",-74.4473,16.9092,2476
"2026-09-09 18:00:00","2026-09-10 09:00:00","CAPE","surface",-74.4234,16.9092,2619
"2026-09-09 18:00:00","2026-09-10 09:00:00","CAPE","surface",-74.3994,16.9092,2598
"2026-09-09 18:00:00","2026-09-10 09:00:00","CAPE","surface",-74.3755,16.9092,2668
"2026-09-09 18:00:00","2026-09-10 09:00:00","CAPE","surface",-74.3516,16.9092,2668
"2026-09-09 18:00:00","2026-09-10 09:00:00","CAPE","surface",-74.3277,16.9092,2590
"2026-09-09 18:00:00","2026-09-10 09:00:00","CAPE","surface",-74.3037,16.9092,2275
"2026-09-09 18:00:00","2026-09-10 09:00:00","CAPE","surface",-74.2798,16.9092,2093
"2026-09-09 18:00:00","2026-09-10 09:00:00","CAPE","surface",-74.2559,16.9092,1977
"2026-09-09 18:00:00","2026-09-10 09:00:00","CAPE","surface",-74.232,16.9092,1955
"2026-09-09 18:00:00","2026-09-10 09:00:00","CAPE","surface",-74.208,16.9092,2018
"2026-09-09 18:00:00","2026-09-10 09:00:00","CAPE","surface",-74.1841,16.9092,2018
"2026-09-09 18:00:00","2026-09-10 09:00:00","CAPE","surface",-74.1602,16.9092,2145
"2026-09-09 18:00:00","2026-09-10 09:00:00","CAPE","surface",-74.1363,16.9092,2250
"2026-09-09 18:00:00","2026-09-10 09:00:00","CAPE","surface",-74.1123,16.9092,2411
"2026-09-09 18:00:00","2026-09-10 09:00:00","CAPE","surface",-74.0884,16.9092,2360
"2026-09-09 18:00:00","2026-09-10 09:00:00","CAPE","surface",-74.0645,16.9092,2493
"2026-09-09 18:00:00","2026-09-10 09:00:00","CAPE","surface",-74.0406,16.9092,2493
"2026-09-09 18:00:00","2026-09-10 09:00:00","CAPE","surface",-74.0166,16.9092,2666
"2026-09-09 18:00:00","2026-09-10 09:00:00","CAPE","surface",-73.9927,16.9092,2621
"2026-09-09 18:00:00","2026-09-10 09:00:00","CAPE","surface",-73.9688,16.9092,2838
"2026-09-09 18:00:00","2026-09-10 09:00:00","CAPE","surface",-73.9449,16.9092,2891
"2026-09-09 18:00:00","2026-09-10 09:00:00","CAPE","surface",-73.9209,16.9092,3034
"2026-09-09 18:00:00","2026-09-10 09:00:00","CAPE","surface",-73.897,16.9092,3034
"2026-09-09 18:00:00","2026-09-10 09:00:00","CAPE","surface",-73.8731,16.9092,3006
"2026-09-09 18:00:00","2026-09-10 09:00:00","CAPE","surface",-73.8492,16.9092,3007
"2026-09-09 18:00:00","2026-09-10 09:00:00","CAPE","surface",-73.8252,16.9092,2751
"2026-09-09 18:00:00","2026-09-10 09:00:00","CAPE","surface",-73.8013,16.9092,2750
"2026-09-09 18:00:00","2026-09-10 09:00:00","CAPE","surface",-73.7774,16.9092,2463
"2026-09-09 18:00:00","2026-09-10 09:00:00","CAPE","surface",-73.7535,16.9092,2289
"2026-09-09 18:00:00","2026-09-10 09:00:00","CAPE","surface",-73.7295,16.9092,2345
"2026-09-09 18:00:00","2026-09-10 09:00:00","CAPE","surface",-73.7056,16.9092,2410
"2026-09-09 18:00:00","2026-09-10 09:00:00","CAPE","surface",-73.6817,16.9092,2485
"2026-09-09 18:00:00","2026-09-10 09:00:00","CAPE","surface",-73.6578,16.9092,2601
"2026-09-09 18:00:00","2026-09-10 09:00:00","CAPE","surface",-73.6338,16.9092,2634
"2026-09-09 18:00:00","2026-09-10 09:00:00","CAPE","surface",-73.6099,16.9092,2607
"2026-09-09 18:00:00","2026-09-10 09:00:00","CAPE","surface",-73.586,16.9092,2605
"2026-09-09 18:00:00","2026-09-10 09:00:00","CAPE","surface",-73.5621,16.9092,2476
"2026-09-09 18:00:00","2026-09-10 09:00:00","CAPE","surface",-73.5381,16.9092,2407
"2026-09-09 18:00:00","2026-09-10 09:00:00","CAPE","surface",-73.5142,16.9092,2222
"2026-09-09 18:00:00","2026-09-10 09:00:00","CAPE","surface",-73.4903,16.9092,2194
"2026-09-09 18:00:00","2026-09-10 09:00:00","CAPE","surface",-73.4664,16.9092,2228
"2026-09-09 18:00:00","2026-09-10 09:00:00","CAPE","surface",-73.4424,16.9092,2252
"2026-09-09 18:00:00","2026-09-10 09:00:00","CAPE","surface",-73.4185,16.9092,2383
"2026-09-09 18:00:00","2026-09-10 09:00:00","CAPE","surface",-73.3946,16.9092,2453
"2026-09-09 18:00:00","2026-09-10 09:00:00","CAPE","surface",-73.3707,16.9092,2696
"2026-09-09 18:00:00","2026-09-10 09:00:00","CAPE","surface",-73.3467,16.9092,2825
"2026-09-09 18:00:00","2026-09-10 09:00:00","CAPE","surface",-73.3228,16.9092,2825
"2026-09-09 18:00:00","2026-09-10 09:00:00","CAPE","surface",-73.2989,16.9092,2739
"2026-09-09 18:00:00","2026-09-10 09:00:00","CAPE","surface",-73.275,16.9092,2799
"2026-09-09 18:00:00","2026-09-10 09:00:00","CAPE","surface",-73.251,16.9092,2627
"2026-09-09 18:00:00","2026-09-10 09:00:00","CAPE","surface",-73.2271,16.9092,2734
"2026-09-09 18:00:00","2026-09-10 09:00:00","CAPE","surface",-73.2032,16.9092,2453
"2026-09-09 18:00:00","2026-09-10 09:00:00","CAPE","surface",-73.1793,16.9092,2586
"2026-09-09 18:00:00","2026-09-10 09:00:00","CAPE","surface",-73.1553,16.9092,2414
"2026-09-09 18:00:00","2026-09-10 09:00:00","CAPE","surface",-73.1314,16.9092,2535
"2026-09-09 18:00:00","2026-09-10 09:00:00","CAPE","surface",-73.1075,16.9092,2322
"2026-09-09 18:00:00","2026-09-10 09:00:00","CAPE","surface",-73.0836,16.9092,2472
"2026-09-09 18:00:00","2026-09-10 09:00:00","CAPE","surface",-73.0596,16.9092,2238
"2026-09-09 18:00:00","2026-09-10 09:00:00","CAPE","surface",-73.0357,16.9092,2392
"2026-09-09 18:00:00","2026-09-10 09:00:00","CAPE","surface",-73.0118,16.9092,2301
"2026-09-09 18:00:00","2026-09-10 09:00:00","CAPE","surface",-72.9879,16.9092,2239
"2026-09-09 18:00:00","2026-09-10 09:00:00","CAPE","surface",-72.9639,16.9092,2329
"2026-09-09 18:00:00","2026-09-10 09:00:00","CAPE","surface",-72.94,16.9092,2288
"2026-09-09 18:00:00","2026-09-10 09:00:00","CAPE","surface",-72.9161,16.9092,2288
"2026-09-09 18:00:00","2026-09-10 09:00:00","CAPE","surface",-72.8922,16.9092,2296
"2026-09-09 18:00:00","2026-09-10 09:00:00","CAPE","surface",-72.8682,16.9092,2353
"2026-09-09 18:00:00","2026-09-10 09:00:00","CAPE","surface",-72.8443,16.9092,2424
"2026-09-09 18:00:00","2026-09-10 09:00:00","CAPE","surface",-72.8204,16.9092,2494
"2026-09-09 18:00:00","2026-09-10 09:00:00","CAPE","surface",-72.7965,16.9092,2534
"2026-09-09 18:00:00","2026-09-10 09:00:00","CAPE","surface",-72.7725,16.9092,2604
"2026-09-09 18:00:00","2026-09-10 09:00:00","CAPE","surface",-72.7486,16.9092,2687
"2026-09-09 18:00:00","2026-09-10 09:00:00","CAPE","surface",-72.7247,16.9092,2663
"2026-09-09 18:00:00","2026-09-10 09:00:00","CAPE","surface",-72.7008,16.9092,2711
"2026-09-09 18:00:00","2026-09-10 09:00:00","CAPE","surface",-72.6768,16.9092,2824
"2026-09-09 18:00:00","2026-09-10 09:00:00","CAPE","surface",-72.6529,16.9092,2824
"2026-09-09 18:00:00","2026-09-10 09:00:00","CAPE","surface",-72.629,16.9092,2943
"2026-09-09 18:00:00","2026-09-10 09:00:00","CAPE","surface",-72.6051,16.9092,3003
"2026-09-09 18:00:00","2026-09-10 09:00:00","CAPE","surface",-72.5811,16.9092,3069
"2026-09-09 18:00:00","2026-09-10 09:00:00","CAPE","surface",-72.5572,16.9092,3123
"2026-09-09 18:00:00","2026-09-10 09:00:00","CAPE","surface",-72.5333,16.9092,3117
"2026-09-09 18:00:00","2026-09-10 09:00:00","CAPE","surface",-72.5094,16.9092,3117
"2026-09-09 18:00:00","2026-09-10 09:00:00","CAPE","surface",-72.4854,16.9092,3019
"2026-09-09 18:00:00","2026-09-10 09:00:00","CAPE","surface",-72.4615,16.9092,3062
"2026-09-09 18:00:00","2026-09-10 09:00:00","CAPE","surface",-72.4376,16.9092,2906
"2026-09-09 18:00:00","2026-09-10 09:00:00","CAPE","surface",-72.4137,16.9092,2924
"2026-09-09 18:00:00","2026-09-10 09:00:00","CAPE","surface",-72.3897,16.9092,2764
"2026-09-09 18:00:00","2026-09-10 09:00:00","CAPE","surface",-72.3658,16.9092,2672
"2026-09-09 18:00:00","2026-09-10 09:00:00","CAPE","surface",-72.3419,16.9092,2673
"2026-09-09 18:00:00","2026-09-10 09:00:00","CAPE","surface",-72.318,16.9092,2608
"2026-09-09 18:00:00","2026-09-10 09:00:00","CAPE","surface",-72.294,16.9092,2640
"2026-09-09 18:00:00","2026-09-10 09:00:00","CAPE","surface",-72.2701,16.9092,2554
"2026-09-09 18:00:00","2026-09-10 09:00:00","CAPE","surface",-72.2462,16.9092,2554
"2026-09-09 18:00:00","2026-09-10 09:00:00","CAPE","surface",-72.2223,16.9092,2495
"2026-09-09 18:00:00","2026-09-10 09:00:00","CAPE","surface",-72.1983,16.9092,2531
"2026-09-09 18:00:00","2026-09-10 09:00:00","CAPE","surface",-72.1744,16.9092,2481
"2026-09-09 18:00:00","2026-09-10 09:00:00","CAPE","surface",-72.1505,16.9092,2531
"2026-09-09 18:00:00","2026-09-10 09:00:00","CAPE","surface",-72.1266,16.9092,2465
"2026-09-09 18:00:00","2026-09-10 09:00:00","CAPE","surface",-72.1026,16.9092,2465
"2026-09-09 18:00:00","2026-09-10 09:00:00","CAPE","surface",-72.0787,16.9092,2467
"2026-09-09 18:00:00","2026-09-10 09:00:00","CAPE","surface",-72.0548,16.9092,2504
"2026-09-09 18:00:00","2026-09-10 09:00:00","CAPE","surface",-72.0309,16.9092,2549
"2026-09-09 18:00:00","2026-09-10 09:00:00","CAPE","surface",-72.0069,16.9092,2599
"2026-09-09 18:00:00","2026-09-10 09:00:00","CAPE","surface",-71.983,16.9092,2664
"2026-09-09 18:00:00","2026-09-10 09:00:00","CAPE","surface",-71.9591,16.9092,2728
"2026-09-09 18:00:00","2026-09-10 09:00:00","CAPE","surface",-71.9352,16.9092,2735
"2026-09-09 18:00:00","2026-09-10 09:00:00","CAPE","surface",-71.9112,16.9092,2490
"2026-09-09 18:00:00","2026-09-10 09:00:00","CAPE","surface",-71.8873,16.9092,2429
"2026-09-09 18:00:00","2026-09-10 09:00:00","CAPE","surface",-71.8634,16.9092,2458
"2026-09-09 18:00:00","2026-09-10 09:00:00","CAPE","surface",-71.8395,16.9092,2492
"2026-09-09 18:00:00","2026-09-10 09:00:00","CAPE","surface",-71.8155,16.9092,2729
"2026-09-09 18:00:00","2026-09-10 09:00:00","CAPE","surface",-71.7916,16.9092,2801
"2026-09-09 18:00:00","2026-09-10 09:00:00","CAPE","surface",-71.7677,16.9092,2777
"2026-09-09 18:00:00","2026-09-10 09:00:00","CAPE","surface",-71.7438,16.9092,2710
"2026-09-09 18:00:00","2026-09-10 09:00:00","CAPE","surface",-71.7198,16.9092,2664
"2026-09-09 18:00:00","2026-09-10 09:00:00","CAPE","surface",-71.6959,16.9092,2597
"2026-09-09 18:00:00","2026-09-10 09:00:00","CAPE","surface",-71.672,16.9092,2605
"2026-09-09 18:00:00","2026-09-10 09:00:00","CAPE","surface",-71.6481,16.9092,2625
"2026-09-09 18:00:00","2026-09-10 09:00:00","CAPE","surface",-71.6241,16.9092,2625
"2026-09-09 18:00:00","2026-09-10 09:00:00","CAPE","surface",-71.6002,16.9092,2685
"2026-09-09 18:00:00","2026-09-10 09:00:00","CAPE","surface",-71.5763,16.9092,2735
"2026-09-09 18:00:00","2026-09-10 09:00:00","CAPE","surface",-71.5524,16.9092,2686
"2026-09-09 18:00:00","2026-09-10 09:00:00","CAPE","surface",-71.5284,16.9092,2531
"2026-09-09 18:00:00","2026-09-10 09:00:00","CAPE","surface",-71.5045,16.9092,2552
"2026-09-09 18:00:00","2026-09-10 09:00:00","CAPE","surface",-71.4806,16.9092,2429
"2026-09-09 18:00:00","2026-09-10 09:00:00","CAPE","surface",-71.4567,16.9092,2444
"2026-09-09 18:00:00","2026-09-10 09:00:00","CAPE","surface",-71.4327,16.9092,2428
"2026-09-09 18:00:00","2026-09-10 09:00:00","CAPE","surface",-71.4088,16.9092,2473
"2026-09-09 18:00:00","2026-09-10 09:00:00","CAPE","surface",-71.3849,16.9092,2481
"2026-09-09 18:00:00","2026-09-10 09:00:00","CAPE","surface",-71.361,16.9092,2481
"2026-09-09 18:00:00","2026-09-10 09:00:00","CAPE","surface",-71.337,16.9092,2418
"2026-09-09 18:00:00","2026-09-10 09:00:00","CAPE","surface",-71.3131,16.9092,2342
"2026-09-09 18:00:00","2026-09-10 09:00:00","CAPE","surface",-71.2892,16.9092,2047
"2026-09-09 18:00:00","2026-09-10 09:00:00","CAPE","surface",-71.2653,16.9092,1458
"2026-09-09 18:00:00","2026-09-10 09:00:00","CAPE","surface",-71.2413,16.9092,1458
"2026-09-09 18:00:00","2026-09-10 09:00:00","CAPE","surface",-71.2174,16.9092,1015
"2026-09-09 18:00:00","2026-09-10 09:00:00","CAPE","surface",-71.1935,16.9092,137
"2026-09-09 18:00:00","2026-09-10 09:00:00","CAPE","surface",-71.1696,16.9092,144
"2026-09-09 18:00:00","2026-09-10 09:00:00","CAPE","surface",-71.1456,16.9092,28
"2026-09-09 18:00:00","2026-09-10 09:00:00","CAPE","surface",-71.1217,16.9092,383
"2026-09-09 18:00:00","2026-09-10 09:00:00","CAPE","surface",-71.0978,16.9092,217
"2026-09-09 18:00:00","2026-09-10 09:00:00","CAPE","surface",-71.0739,16.9092,796
"2026-09-09 18:00:00","2026-09-10 09:00:00","CAPE","surface",-71.0499,16.9092,1720
"2026-09-09 18:00:00","2026-09-10 09:00:00","CAPE","surface",-71.026,16.9092,1680
"2026-09-09 18:00:00","2026-09-10 09:00:00","CAPE","surface",-71.0021,16.9092,2358
"2026-09-09 18:00:00","2026-09-10 09:00:00","CAPE","surface",-70.9782,16.9092,2313
"2026-09-09 18:00:00","2026-09-10 09:00:00","CAPE","surface",-70.9542,16.9092,2450
"2026-09-09 18:00:00","2026-09-10 09:00:00","CAPE","surface",-70.9303,16.9092,2439
"2026-09-09 18:00:00","2026-09-10 09:00:00","CAPE","surface",-70.9064,16.9092,2465
"2026-09-09 18:00:00","2026-09-10 09:00:00","CAPE","surface",-70.8825,16.9092,2465
"2026-09-09 18:00:00","2026-09-10 09:00:00","CAPE","surface",-70.8585,16.9092,2406
"2026-09-09 18:00:00","2026-09-10 09:00:00","CAPE","surface",-70.8346,16.9092,2408
"2026-09-09 18:00:00","2026-09-10 09:00:00","CAPE","surface",-70.8107,16.9092,2444
"2026-09-09 18:00:00","2026-09-10 09:00:00","CAPE","surface",-70.7868,16.9092,2489
"2026-09-09 18:00:00","2026-09-10 09:00:00","CAPE","surface",-70.7628,16.9092,2489
"2026-09-09 18:00:00","2026-09-10 09:00:00","CAPE","surface",-70.7389,16.9092,2666
"2026-09-09 18:00:00","2026-09-10 09:00:00","CAPE","surface",-70.715,16.9092,2777
"2026-09-09 18:00:00","2026-09-10 09:00:00","CAPE","surface",-70.6911,16.9092,2669
"2026-09-09 18:00:00","2026-09-10 09:00:00","CAPE","surface",-70.6671,16.9092,2479
"2026-09-09 18:00:00","2026-09-10 09:00:00","CAPE","surface",-70.6432,16.9092,2250
"2026-09-09 18:00:00","2026-09-10 09:00:00","CAPE","surface",-70.6193,16.9092,1534
"2026-09-09 18:00:00","2026-09-10 09:00:00","CAPE","surface",-70.5954,16.9092,1458
"2026-09-09 18:00:00","2026-09-10 09:00:00","CAPE","surface",-70.5714,16.9092,1316
"2026-09-09 18:00:00","2026-09-10 09:00:00","CAPE","surface",-70.5475,16.9092,1607
"2026-09-09 18:00:00","2026-09-10 09:00:00","CAPE","surface",-70.5236,16.9092,2061
"2026-09-09 18:00:00","2026-09-10 09:00:00","CAPE","surface",-70.4997,16.9092,2332
"2026-09-09 18:00:00","2026-09-10 09:00:00","CAPE","surface",-70.4757,16.9092,2282
"2026-09-09 18:00:00","2026-09-10 09:00:00","CAPE","surface",-70.4518,16.9092,2222
"2026-09-09 18:00:00","2026-09-10 09:00:00","CAPE","surface",-70.4279,16.9092,1749
"2026-09-09 18:00:00","2026-09-10 09:00:00","CAPE","surface",-70.404,16.9092,1600
"2026-09-09 18:00:00","2026-09-10 09:00:00","CAPE","surface",-70.38,16.9092,1703
"2026-09-09 18:00:00","2026-09-10 09:00:00","CAPE","surface",-70.3561,16.9092,1754
"2026-09-09 18:00:00","2026-09-10 09:00:00","CAPE","surface",-70.3322,16.9092,1922
"2026-09-09 18:00:00","2026-09-10 09:00:00","CAPE","surface",-70.3083,16.9092,1945
"2026-09-09 18:00:00","2026-09-10 09:00:00","CAPE","surface",-70.2843,16.9092,1945
"2026-09-09 18:00:00","2026-09-10 09:00:00","CAPE","surface",-70.2604,16.9092,2032
"2026-09-09 18:00:00","2026-09-10 09:00:00","CAPE","surface",-70.2365,16.9092,2145
"2026-09-09 18:00:00","2026-09-10 09:00:00","CAPE","surface",-70.2126,16.9092,2170
"2026-09-09 18:00:00","2026-09-10 09:00:00","CAPE","surface",-70.1886,16.9092,1921
"2026-09-09 18:00:00","2026-09-10 09:00:00","CAPE","surface",-70.1647,16.9092,1921
"2026-09-09 18:00:00","2026-09-10 09:00:00","CAPE","surface",-70.1408,16.9092,1812
"2026-09-09 18:00:00","2026-09-10 09:00:00","CAPE","surface",-70.1169,16.9092,1814
"2026-09-09 18:00:00","2026-09-10 09:00:00","CAPE","surface",-70.0929,16.9092,1823
"2026-09-09 18:00:00","2026-09-10 09:00:00","CAPE","surface",-70.069,16.9092,1958
"2026-09-09 18:00:00","2026-09-10 09:00:00","CAPE","surface",-70.0451,16.9092,1905
"2026-09-09 18:00:00","2026-09-10 09:00:00","CAPE","surface",-70.0212,16.9092,2046
"2026-09-09 18:00:00","2026-09-10 09:00:00","CAPE","surface",-69.9972,16.9092,2200
"2026-09-09 18:00:00","2026-09-10 09:00:00","CAPE","surface",-69.9733,16.9092,2316
"2026-09-09 18:00:00","2026-09-10 09:00:00","CAPE","surface",-69.9494,16.9092,2361
"2026-09-09 18:00:00","2026-09-10 09:00:00","CAPE","surface",-69.9255,16.9092,2391
"2026-09-09 18:00:00","2026-09-10 09:00:00","CAPE","surface",-69.9015,16.9092,2454
"2026-09-09 18:00:00","2026-09-10 09:00:00","CAPE","surface",-69.8776,16.9092,2576
"2026-09-09 18:00:00","2026-09-10 09:00:00","CAPE","surface",-69.8537,16.9092,2643
"2026-09-09 18:00:00","2026-09-10 09:00:00","CAPE","surface",-69.8298,16.9092,2675
"2026-09-09 18:00:00","2026-09-10 09:00:00","CAPE","surface",-69.8058,16.9092,2675
"2026-09-09 18:00:00","2026-09-10 09:00:00","CAPE","surface",-69.7819,16.9092,2724
"2026-09-09 18:00:00","2026-09-10 09:00:00","CAPE","surface",-69.758,16.9092,2743
"2026-09-09 18:00:00","2026-09-10 09:00:00","CAPE","surface",-69.7341,16.9092,2783
"2026-09-09 18:00:00","2026-09-10 09:00:00","CAPE","surface",-69.7101,16.9092,2768
"2026-09-09 18:00:00","2026-09-10 09:00:00","CAPE","surface",-69.6862,16.9092,2693
"2026-09-09 18:00:00","2026-09-10 09:00:00","CAPE","surface",-69.6623,16.9092,2607
"2026-09-09 18:00:00","2026-09-10 09:00:00","CAPE","surface",-69.6384,16.9092,2498
"2026-09-09 18:00:00","2026-09-10 09:00:00","CAPE","surface",-69.6144,16.9092,2619
"2026-09-09 18:00:00","2026-09-10 09:00:00","CAPE","surface",-69.5905,16.9092,2801
"2026-09-09 18:00:00","2026-09-10 09:00:00","CAPE","surface",-69.5666,16.9092,2828
"2026-09-09 18:00:00","2026-09-10 09:00:00","CAPE","surface",-69.5427,16.9092,2969
"2026-09-09 18:00:00","2026-09-10 09:00:00","CAPE","surface",-69.5187,16.9092,2984
"2026-09-09 18:00:00","2026-09-10 09:00:00","CAPE","surface",-69.4948,16.9092,3078
"2026-09-09 18:00:00","2026-09-10 09:00:00","CAPE","surface",-69.4709,16.9092,3078
"2026-09-09 18:00:00","2026-09-10 09:00:00","CAPE","surface",-69.447,16.9092,3145
"2026-09-09 18:00:00","2026-09-10 09:00:00","CAPE","surface",-69.423,16.9092,3139
"2026-09-09 18:00:00","2026-09-10 09:00:00","CAPE","surface",-69.3991,16.9092,3210
"2026-09-09 18:00:00","2026-09-10 09:00:00","CAPE","surface",-69.3752,16.9092,3280
"2026-09-09 18:00:00","2026-09-10 09:00:00","CAPE","surface",-69.3513,16.9092,3280
"2026-09-09 18:00:00","2026-09-10 09:00:00","CAPE","surface",-69.3273,16.9092,3277
"2026-09-09 18:00:00","2026-09-10 09:00:00","CAPE","surface",-69.3034,16.9092,3134
"2026-09-09 18:00:00","2026-09-10 09:00:00","CAPE","surface",-69.2795,16.9092,2961
"2026-09-09 18:00:00","2026-09-10 09:00:00","CAPE","surface",-69.2556,16.9092,2961
"2026-09-09 18:00:00","2026-09-10 09:00:00","CAPE","surface",-69.2316,16.9092,2907
"2026-09-09 18:00:00","2026-09-10 09:00:00","CAPE","surface",-69.2077,16.9092,3018
"2026-09-09 18:00:00","2026-09-10 09:00:00","CAPE","surface",-69.1838,16.9092,2878
"2026-09-09 18:00:00","2026-09-10 09:00:00","CAPE","surface",-69.1599,16.9092,2953
"2026-09-09 18:00:00","2026-09-10 09:00:00","CAPE","surface",-69.1359,16.9092,2953
"2026-09-09 18:00:00","2026-09-10 09:00:00","CAPE","surface",-69.112,16.9092,3215
"2026-09-09 18:00:00","2026-09-10 09:00:00","CAPE","surface",-69.0881,16.9092,3080
"2026-09-09 18:00:00","2026-09-10 09:00:00","CAPE","surface",-69.0642,16.9092,3039
"2026-09-09 18:00:00","2026-09-10 09:00:00","CAPE","surface",-69.0402,16.9092,2770
"2026-09-09 18:00:00","2026-09-10 09:00:00","CAPE","surface",-69.0163,16.9092,2770
"2026-09-09 18:00:00","2026-09-10 09:00:00","CAPE","surface",-68.9924,16.9092,2701
"2026-09-09 18:00:00","2026-09-10 09:00:00","CAPE","surface",-68.9685,16.9092,2759
"2026-09-09 18:00:00","2026-09-10 09:00:00","CAPE","surface",-68.9445,16.9092,2866
"2026-09-09 18:00:00","2026-09-10 09:00:00","CAPE","surface",-68.9206,16.9092,2866
"2026-09-09 18:00:00","2026-09-10 09:00:00","CAPE","surface",-68.8967,16.9092,3023
"2026-09-09 18:00:00","2026-09-10 09:00:00","CAPE","surface",-68.8728,16.9092,3135
"2026-09-09 18:00:00","2026-09-10 09:00:00","CAPE","surface",-68.8488,16.9092,3205
"2026-09-09 18:00:00","2026-09-10 09:00:00","CAPE","surface",-68.8249,16.9092,3068
"2026-09-09 18:00:00","2026-09-10 09:00:00","CAPE","surface",-68.801,16.9092,3068
"2026-09-09 18:00:00","2026-09-10 09:00:00","CAPE","surface",-68.7771,16.9092,2781
"2026-09-09 18:00:00","2026-09-10 09:00:00","CAPE","surface",-68.7531,16.9092,2730
"2026-09-09 18:00:00","2026-09-10 09:00:00","CAPE","surface",-68.7292,16.9092,2536
"2026-09-09 18:00:00","2026-09-10 09:00:00","CAPE","surface",-68.7053,16.9092,2525
"2026-09-09 18:00:00","2026-09-10 09:00:00","CAPE","surface",-68.6813,16.9092,2423
"2026-09-09 18:00:00","2026-09-10 09:00:00","CAPE","surface",-68.6574,16.9092,2458
"2026-09-09 18:00:00","2026-09-10 09:00:00","CAPE","surface",-68.6335,16.9092,2437
"2026-09-09 18:00:00","2026-09-10 09:00:00","CAPE","surface",-68.6096,16.9092,2534
"2026-09-09 18:00:00","2026-09-10 09:00:00","CAPE","surface",-68.5856,16.9092,2534
"2026-09-09 18:00:00","2026-09-10 09:00:00","CAPE","surface",-68.5617,16.9092,2607
"2026-09-09 18:00:00","2026-09-10 09:00:00","CAPE","surface",-68.5378,16.9092,2704
"2026-09-09 18:00:00","2026-09-10 09:00:00","CAPE","surface",-68.5139,16.9092,2664
"2026-09-09 18:00:00","2026-09-10 09:00:00","CAPE","surface",-68.4899,16.9092,2828
"2026-09-09 18:00:00","2026-09-10 09:00:00","CAPE","surface",-68.466,16.9092,2765
"2026-09-09 18:00:00","2026-09-10 09:00:00","CAPE","surface",-68.4421,16.9092,2913
"2026-09-09 18:00:00","2026-09-10 09:00:00","CAPE","surface",-68.4182,16.9092,2839
"2026-09-09 18:00:00","2026-09-10 09:00:00","CAPE","surface",-68.3942,16.9092,3019
"2026-09-09 18:00:00","2026-09-10 09:00:00","CAPE","surface",-68.3703,16.9092,3083
"2026-09-09 18:00:00","2026-09-10 09:00:00","CAPE","surface",-68.3464,16.9092,3017
"2026-09-09 18:00:00","2026-09-10 09:00:00","CAPE","surface",-68.3225,16.9092,3078
"2026-09-09 18:00:00","2026-09-10 09:00:00","CAPE","surface",-68.2985,16.9092,3028
"2026-09-09 18:00:00","2026-09-10 09:00:00","CAPE","surface",-68.2746,16.9092,3044
"2026-09-09 18:00:00","2026-09-10 09:00:00","CAPE","surface",-68.2507,16.9092,3021
"2026-09-09 18:00:00","2026-09-10 09:00:00","CAPE","surface",-68.2268,16.9092,2959
"2026-09-09 18:00:00","2026-09-10 09:00:00","CAPE","surface",-68.2028,16.9092,3027
"2026-09-09 18:00:00","2026-09-10 09:00:00","CAPE","surface",-68.1789,16.9092,3037
"2026-09-09 18:00:00","2026-09-10 09:00:00","CAPE","surface",-68.155,16.9092,3176
"2026-09-09 18:00:00","2026-09-10 09:00:00","CAPE","surface",-68.1311,16.9092,3181
"2026-09-09 18:00:00","2026-09-10 09:00:00","CAPE","surface",-68.1071,16.9092,3261
"2026-09-09 18:00:00","2026-09-10 09:00:00","CAPE","surface",-68.0832,16.9092,3262
"2026-09-09 18:00:00","2026-09-10 09:00:00","CAPE","surface",-68.0593,16.9092,3146
"2026-09-09 18:00:00","2026-09-10 09:00:00","CAPE","surface",-68.0354,16.9092,2893
"2026-09-09 18:00:00","2026-09-10 09:00:00","CAPE","surface",-68.0114,16.9092,2988
"2026-09-09 18:00:00","2026-09-10 09:00:00","CAPE","surface",-67.9875,16.9092,2836
"2026-09-09 18:00:00","2026-09-10 09:00:00","CAPE","surface",-67.9636,16.9092,2836
"2026-09-09 18:00:00","2026-09-10 09:00:00","CAPE","surface",-67.9397,16.9092,2789
"2026-09-09 18:00:00","2026-09-10 09:00:00","CAPE","surface",-67.9157,16.9092,2885
"2026-09-09 18:00:00","2026-09-10 09:00:00","CAPE","surface",-67.8918,16.9092,2893
"2026-09-09 18:00:00","2026-09-10 09:00:00","CAPE","surface",-67.8679,16.9092,2936
"2026-09-09 18:00:00","2026-09-10 09:00:00","CAPE","surface",-67.844,16.9092,2936
"2026-09-09 18:00:00","2026-09-10 09:00:00","CAPE","surface",-67.82,16.9092,2943
"2026-09-09 18:00:00","2026-09-10 09:00:00","CAPE","surface",-67.7961,16.9092,2947
"2026-09-09 18:00:00","2026-09-10 09:00:00","CAPE","surface",-67.7722,16.9092,2918
"2026-09-09 18:00:00","2026-09-10 09:00:00","CAPE","surface",-67.7483,16.9092,2918
"2026-09-09 18:00:00","2026-09-10 09:00:00","CAPE","surface",-67.7243,16.9092,2883
"2026-09-09 18:00:00","2026-09-10 09:00:00","CAPE","surface",-67.7004,16.9092,2952
"2026-09-09 18:00:00","2026-09-10 09:00:00","CAPE","surface",-67.6765,16.9092,3063
"2026-09-09 18:00:00","2026-09-10 09:00:00","CAPE","surface",-67.6526,16.9092,3203
"2026-09-09 18:00:00","2026-09-10 09:00:00","CAPE","surface",-67.6286,16.9092,3203
"2026-09-09 18:00:00","2026-09-10 09:00:00","CAPE","surface",-67.6047,16.9092,3413
"2026-09-09 18:00:00","2026-09-10 09:00:00","CAPE","surface",-67.5808,16.9092,3535
"2026-09-09 18:00:00","2026-09-10 09:00:00","CAPE","surface",-67.5569,16.9092,3497
"2026-09-09 18:00:00","2026-09-10 09:00:00","CAPE","surface",-67.5329,16.9092,3203
"2026-09-09 18:00:00","2026-09-10 09:00:00","CAPE","surface",-67.509,16.9092,3133
"2026-09-09 18:00:00","2026-09-10 09:00:00","CAPE","surface",-67.4851,16.9092,3036
"2026-09-09 18:00:00","2026-09-10 09:00:00","CAPE","surface",-67.4612,16.9092,3104
"2026-09-09 18:00:00","2026-09-10 09:00:00","CAPE","surface",-67.4372,16.9092,3095
"2026-09-09 18:00:00","2026-09-10 09:00:00","CAPE","surface",-67.4133,16.9092,3150
"2026-09-09 18:00:00","2026-09-10 09:00:00","CAPE","surface",-67.3894,16.9092,3137
"2026-09-09 18:00:00","2026-09-10 09:00:00","CAPE","surface",-67.3655,16.9092,3133
"2026-09-09 18:00:00","2026-09-10 09:00:00","CAPE","surface",-67.3415,16.9092,3133
"2026-09-09 18:00:00","2026-09-10 09:00:00","CAPE","surface",-67.3176,16.9092,3090
"2026-09-09 18:00:00","2026-09-10 09:00:00","CAPE","surface",-67.2937,16.9092,3080
"2026-09-09 18:00:00","2026-09-10 09:00:00","CAPE","surface",-67.2698,16.9092,3052
"2026-09-09 18:00:00","2026-09-10 09:00:00","CAPE","surface",-67.2458,16.9092,3115
"2026-09-09 18:00:00","2026-09-10 09:00:00","CAPE","surface",-67.2219,16.9092,3115
"2026-09-09 18:00:00","2026-09-10 09:00:00","CAPE","surface",-67.198,16.9092,3251
"2026-09-09 18:00:00","2026-09-10 09:00:00","CAPE","surface",-67.1741,16.9092,3346
"2026-09-09 18:00:00","2026-09-10 09:00:00","CAPE","surface",-67.1501,16.9092,3503
"2026-09-09 18:00:00","2026-09-10 09:00:00","CAPE","surface",-67.1262,16.9092,3509
"2026-09-09 18:00:00","2026-09-10 09:00:00","CAPE","surface",-67.1023,16.9092,3553
"2026-09-09 18:00:00","2026-09-10 09:00:00","CAPE","surface",-67.0784,16.9092,3441
"2026-09-09 18:00:00","2026-09-10 09:00:00","CAPE","surface",-67.0544,16.9092,3398
"2026-09-09 18:00:00","2026-09-10 09:00:00","CAPE","surface",-67.0305,16.9092,3409
"2026-09-09 18:00:00","2026-09-10 09:00:00","CAPE","surface",-67.0066,16.9092,3407
"2026-09-09 18:00:00","2026-09-10 09:00:00","CAPE","surface",-74.7822,16.9321,3040
"2026-09-09 18:00:00","2026-09-10 09:00:00","CAPE","surface",-74.7583,16.9321,3043
"2026-09-09 18:00:00","2026-09-10 09:00:00","CAPE","surface",-74.7344,16.9321,2964
"2026-09-09 18:00:00","2026-09-10 09:00:00","CAPE","surface",-74.7105,16.9321,2798
"2026-09-09 18:00:00","2026-09-10 09:00:00","CAPE","surface",-74.6865,16.9321,2406
"2026-09-09 18:00:00","2026-09-10 09:00:00","CAPE","surface",-74.6626,16.9321,2352
"2026-09-09 18:00:00","2026-09-10 09:00:00","CAPE","surface",-74.6387,16.9321,2317
"2026-09-09 18:00:00","2026-09-10 09:00:00","CAPE","surface",-74.6148,16.9321,2342
"2026-09-09 18:00:00","2026-09-10 09:00:00","CAPE","surface",-74.5908,16.9321,2364
"2026-09-09 18:00:00","2026-09-10 09:00:00","CAPE","surface",-74.5669,16.9321,2364
"2026-09-09 18:00:00","2026-09-10 09:00:00","CAPE","surface",-74.543,16.9321,2496
"2026-09-09 18:00:00","2026-09-10 09:00:00","CAPE","surface",-74.5191,16.9321,2403
"2026-09-09 18:00:00","2026-09-10 09:00:00","CAPE","surface",-74.4951,16.9321,2593
"2026-09-09 18:00:00","2026-09-10 09:00:00","CAPE","surface",-74.4712,16.9321,2739
"2026-09-09 18:00:00","2026-09-10 09:00:00","CAPE","surface",-74.4473,16.9321,2690
"2026-09-09 18:00:00","2026-09-10 09:00:00","CAPE","surface",-74.4234,16.9321,2925
"2026-09-09 18:00:00","2026-09-10 09:00:00","CAPE","surface",-74.3994,16.9321,2857
"2026-09-09 18:00:00","2026-09-10 09:00:00","CAPE","surface",-74.3755,16.9321,2987
"2026-09-09 18:00:00","2026-09-10 09:00:00","CAPE","surface",-74.3516,16.9321,2857
"2026-09-09 18:00:00","2026-09-10 09:00:00","CAPE","surface",-74.3277,16.9321,2787
"2026-09-09 18:00:00","2026-09-10 09:00:00","CAPE","surface",-74.3037,16.9321,2356
"2026-09-09 18:00:00","2026-09-10 09:00:00","CAPE","surface",-74.2798,16.9321,2558
"2026-09-09 18:00:00","2026-09-10 09:00:00","CAPE","surface",-74.2559,16.9321,2119
"2026-09-09 18:00:00","2026-09-10 09:00:00","CAPE","surface",-74.232,16.9321,2021
"2026-09-09 18:00:00","2026-09-10 09:00:00","CAPE","surface",-74.208,16.9321,1953
"2026-09-09 18:00:00","2026-09-10 09:00:00","CAPE","surface",-74.1841,16.9321,2026
"2026-09-09 18:00:00","2026-09-10 09:00:00","CAPE","surface",-74.1602,16.9321,2145
"2026-09-09 18:00:00","2026-09-10 09:00:00","CAPE","surface",-74.1363,16.9321,2164
"2026-09-09 18:00:00","2026-09-10 09:00:00","CAPE","surface",-74.1123,16.9321,2330
"2026-09-09 18:00:00","2026-09-10 09:00:00","CAPE","surface",-74.0884,16.9321,2552
"2026-09-09 18:00:00","2026-09-10 09:00:00","CAPE","surface",-74.0645,16.9321,2568
"2026-09-09 18:00:00","2026-09-10 09:00:00","CAPE","surface",-74.0406,16.9321,2713
"2026-09-09 18:00:00","2026-09-10 09:00:00","CAPE","surface",-74.0166,16.9321,2666
"2026-09-09 18:00:00","2026-09-10 09:00:00","CAPE","surface",-73.9927,16.9321,2833
"2026-09-09 18:00:00","2026-09-10 09:00:00","CAPE","surface",-73.9688,16.9321,2901
"2026-09-09 18:00:00","2026-09-10 09:00:00","CAPE","surface",-73.9449,16.9321,2934
"2026-09-09 18:00:00","2026-09-10 09:00:00","CAPE","surface",-73.9209,16.9321,2928
"2026-09-09 18:00:00","2026-09-10 09:00:00","CAPE","surface",-73.897,16.9321,2991
"2026-09-09 18:00:00","2026-09-10 09:00:00","CAPE","surface",-73.8731,16.9321,2659
"2026-09-09 18:00:00","2026-09-10 09:00:00","CAPE","surface",-73.8492,16.9321,2659
"2026-09-09 18:00:00","2026-09-10 09:00:00","CAPE","surface",-73.8252,16.9321,2320
"2026-09-09 18:00:00","2026-09-10 09:00:00","CAPE","surface",-73.8013,16.9321,2383
"2026-09-09 18:00:00","2026-09-10 09:00:00","CAPE","surface",-73.7774,16.9321,2235
"2026-09-09 18:00:00","2026-09-10 09:00:00","CAPE","surface",-73.7535,16.9321,2289
"2026-09-09 18:00:00","2026-09-10 09:00:00","CAPE","surface",-73.7295,16.9321,2336
"2026-09-09 18:00:00","2026-09-10 09:00:00","CAPE","surface",-73.7056,16.9321,2336
"2026-09-09 18:00:00","2026-09-10 09:00:00","CAPE","surface",-73.6817,16.9321,2411
"2026-09-09 18:00:00","2026-09-10 09:00:00","CAPE","surface",-73.6578,16.9321,2505
"2026-09-09 18:00:00","2026-09-10 09:00:00","CAPE","surface",-73.6338,16.9321,2556
"2026-09-09 18:00:00","2026-09-10 09:00:00","CAPE","surface",-73.6099,16.9321,2607
"2026-09-09 18:00:00","2026-09-10 09:00:00","CAPE","surface",-73.586,16.9321,2485
"2026-09-09 18:00:00","2026-09-10 09:00:00","CAPE","surface",-73.5621,16.9321,2397
"2026-09-09 18:00:00","2026-09-10 09:00:00","CAPE","surface",-73.5381,16.9321,2371
"2026-09-09 18:00:00","2026-09-10 09:00:00","CAPE","surface",-73.5142,16.9321,2270
"2026-09-09 18:00:00","2026-09-10 09:00:00","CAPE","surface",-73.4903,16.9321,2230
"2026-09-09 18:00:00","2026-09-10 09:00:00","CAPE","surface",-73.4664,16.9321,2242
"2026-09-09 18:00:00","2026-09-10 09:00:00","CAPE","surface",-73.4424,16.9321,2294
"2026-09-09 18:00:00","2026-09-10 09:00:00","CAPE","surface",-73.4185,16.9321,2344
"2026-09-09 18:00:00","2026-09-10 09:00:00","CAPE","surface",-73.3946,16.9321,2457
"2026-09-09 18:00:00","2026-09-10 09:00:00","CAPE","surface",-73.3707,16.9321,2649
"2026-09-09 18:00:00","2026-09-10 09:00:00","CAPE","surface",-73.3467,16.9321,2774
"2026-09-09 18:00:00","2026-09-10 09:00:00","CAPE","surface",-73.3228,16.9321,2671
"2026-09-09 18:00:00","2026-09-10 09:00:00","CAPE","surface",-73.2989,16.9321,2739
"2026-09-09 18:00:00","2026-09-10 09:00:00","CAPE","surface",-73.275,16.9321,2436
"2026-09-09 18:00:00","2026-09-10 09:00:00","CAPE","surface",-73.251,16.9321,2525
"2026-09-09 18:00:00","2026-09-10 09:00:00","CAPE","surface",-73.2271,16.9321,2366
"2026-09-09 18:00:00","2026-09-10 09:00:00","CAPE","surface",-73.2032,16.9321,2453
"2026-09-09 18:00:00","2026-09-10 09:00:00","CAPE","surface",-73.1793,16.9321,2348
"2026-09-09 18:00:00","2026-09-10 09:00:00","CAPE","surface",-73.1553,16.9321,2214
"2026-09-09 18:00:00","2026-09-10 09:00:00","CAPE","surface",-73.1314,16.9321,2214
"2026-09-09 18:00:00","2026-09-10 09:00:00","CAPE","surface",-73.1075,16.9321,2150
"2026-09-09 18:00:00","2026-09-10 09:00:00","CAPE","surface",-73.0836,16.9321,2165
"2026-09-09 18:00:00","2026-09-10 09:00:00","CAPE","surface",-73.0596,16.9321,2171
"2026-09-09 18:00:00","2026-09-10 09:00:00","CAPE","surface",-73.0357,16.9321,2214
"2026-09-09 18:00:00","2026-09-10 09:00:00","CAPE","surface",-73.0118,16.9321,2196
"2026-09-09 18:00:00","2026-09-10 09:00:00","CAPE","surface",-72.9879,16.9321,2192
"2026-09-09 18:00:00","2026-09-10 09:00:00","CAPE","surface",-72.9639,16.9321,2190
"2026-09-09 18:00:00","2026-09-10 09:00:00","CAPE","surface",-72.94,16.9321,2218
"2026-09-09 18:00:00","2026-09-10 09:00:00","CAPE","surface",-72.9161,16.9321,2248
"2026-09-09 18:00:00","2026-09-10 09:00:00","CAPE","surface",-72.8922,16.9321,2296
"2026-09-09 18:00:00","2026-09-10 09:00:00","CAPE","surface",-72.8682,16.9321,2295
"2026-09-09 18:00:00","2026-09-10 09:00:00","CAPE","surface",-72.8443,16.9321,2390
"2026-09-09 18:00:00","2026-09-10 09:00:00","CAPE","surface",-72.8204,16.9321,2458
"2026-09-09 18:00:00","2026-09-10 09:00:00","CAPE","surface",-72.7965,16.9321,2602
"2026-09-09 18:00:00","2026-09-10 09:00:00","CAPE","surface",-72.7725,16.9321,2663
"2026-09-09 18:00:00","2026-09-10 09:00:00","CAPE","surface",-72.7486,16.9321,2764
"2026-09-09 18:00:00","2026-09-10 09:00:00","CAPE","surface",-72.7247,16.9321,2764
"2026-09-09 18:00:00","2026-09-10 09:00:00","CAPE","surface",-72.7008,16.9321,2836
"2026-09-09 18:00:00","2026-09-10 09:00:00","CAPE","surface",-72.6768,16.9321,2831
"2026-09-09 18:00:00","2026-09-10 09:00:00","CAPE","surface",-72.6529,16.9321,2886
"2026-09-09 18:00:00","2026-09-10 09:00:00","CAPE","surface",-72.629,16.9321,2943
"2026-09-09 18:00:00","2026-09-10 09:00:00","CAPE","surface",-72.6051,16.9321,2877
"2026-09-09 18:00:00","2026-09-10 09:00:00","CAPE","surface",-72.5811,16.9321,2961
"2026-09-09 18:00:00","2026-09-10 09:00:00","CAPE","surface",-72.5572,16.9321,2860
"2026-09-09 18:00:00","2026-09-10 09:00:00","CAPE","surface",-72.5333,16.9321,3026
"2026-09-09 18:00:00","2026-09-10 09:00:00","CAPE","surface",-72.5094,16.9321,2921
"2026-09-09 18:00:00","2026-09-10 09:00:00","CAPE","surface",-72.4854,16.9321,2806
"2026-09-09 18:00:00","2026-09-10 09:00:00","CAPE","surface",-72.4615,16.9321,2806
"2026-09-09 18:00:00","2026-09-10 09:00:00","CAPE","surface",-72.4376,16.9321,2707
"2026-09-09 18:00:00","2026-09-10 09:00:00","CAPE","surface",-72.4137,16.9321,2722
"2026-09-09 18:00:00","2026-09-10 09:00:00","CAPE","surface",-72.3897,16.9321,2671
"2026-09-09 18:00:00","2026-09-10 09:00:00","CAPE","surface",-72.3658,16.9321,2672
"2026-09-09 18:00:00","2026-09-10 09:00:00","CAPE","surface",-72.3419,16.9321,2648
"2026-09-09 18:00:00","2026-09-10 09:00:00","CAPE","surface",-72.318,16.9321,2611
"2026-09-09 18:00:00","2026-09-10 09:00:00","CAPE","surface",-72.294,16.9321,2570
"2026-09-09 18:00:00","2026-09-10 09:00:00","CAPE","surface",-72.2701,16.9321,2551
"2026-09-09 18:00:00","2026-09-10 09:00:00","CAPE","surface",-72.2462,16.9321,2496
"2026-09-09 18:00:00","2026-09-10 09:00:00","CAPE","surface",-72.2223,16.9321,2474
"2026-09-09 18:00:00","2026-09-10 09:00:00","CAPE","surface",-72.1983,16.9321,2474
"2026-09-09 18:00:00","2026-09-10 09:00:00","CAPE","surface",-72.1744,16.9321,2467
"2026-09-09 18:00:00","2026-09-10 09:00:00","CAPE","surface",-72.1505,16.9321,2469
"2026-09-09 18:00:00","2026-09-10 09:00:00","CAPE","surface",-72.1266,16.9321,2478
"2026-09-09 18:00:00","2026-09-10 09:00:00","CAPE","surface",-72.1026,16.9321,2462
"2026-09-09 18:00:00","2026-09-10 09:00:00","CAPE","surface",-72.0787,16.9321,2475
"2026-09-09 18:00:00","2026-09-10 09:00:00","CAPE","surface",-72.0548,16.9321,2481
"2026-09-09 18:00:00","2026-09-10 09:00:00","CAPE","surface",-72.0309,16.9321,2545
"2026-09-09 18:00:00","2026-09-10 09:00:00","CAPE","surface",-72.0069,16.9321,2599
"2026-09-09 18:00:00","2026-09-10 09:00:00","CAPE","surface",-71.983,16.9321,2696
"2026-09-09 18:00:00","2026-09-10 09:00:00","CAPE","surface",-71.9591,16.9321,2728
"2026-09-09 18:00:00","2026-09-10 09:00:00","CAPE","surface",-71.9352,16.9321,2663
"2026-09-09 18:00:00","2026-09-10 09:00:00","CAPE","surface",-71.9112,16.9321,2549
"2026-09-09 18:00:00","2026-09-10 09:00:00","CAPE","surface",-71.8873,16.9321,2484
"2026-09-09 18:00:00","2026-09-10 09:00:00","CAPE","surface",-71.8634,16.9321,2614
"2026-09-09 18:00:00","2026-09-10 09:00:00","CAPE","surface",-71.8395,16.9321,2665
"2026-09-09 18:00:00","2026-09-10 09:00:00","CAPE","surface",-71.8155,16.9321,2759
"2026-09-09 18:00:00","2026-09-10 09:00:00","CAPE","surface",-71.7916,16.9321,2786
"2026-09-09 18:00:00","2026-09-10 09:00:00","CAPE","surface",-71.7677,16.9321,2736
"2026-09-09 18:00:00","2026-09-10 09:00:00","CAPE","surface",-71.7438,16.9321,2710
"2026-09-09 18:00:00","2026-09-10 09:00:00","CAPE","surface",-71.7198,16.9321,2610
"2026-09-09 18:00:00","2026-09-10 09:00:00","CAPE","surface",-71.6959,16.9321,2610
"2026-09-09 18:00:00","2026-09-10 09:00:00","CAPE","surface",-71.672,16.9321,2580
"2026-09-09 18:00:00","2026-09-10 09:00:00","CAPE","surface",-71.6481,16.9321,2602
"2026-09-09 18:00:00","2026-09-10 09:00:00","CAPE","surface",-71.6241,16.9321,2654
"2026-09-09 18:00:00","2026-09-10 09:00:00","CAPE","surface",-71.6002,16.9321,2639
"2026-09-09 18:00:00","2026-09-10 09:00:00","CAPE","surface",-71.5763,16.9321,2668
"2026-09-09 18:00:00","2026-09-10 09:00:00","CAPE","surface",-71.5524,16.9321,2520
"2026-09-09 18:00:00","2026-09-10 09:00:00","CAPE","surface",-71.5284,16.9321,2525
"2026-09-09 18:00:00","2026-09-10 09:00:00","CAPE","surface",-71.5045,16.9321,2419
"2026-09-09 18:00:00","2026-09-10 09:00:00","CAPE","surface",-71.4806,16.9321,2429
"2026-09-09 18:00:00","2026-09-10 09:00:00","CAPE","surface",-71.4567,16.9321,2414
"2026-09-09 18:00:00","2026-09-10 09:00:00","CAPE","surface",-71.4327,16.9321,2414
"2026-09-09 18:00:00","2026-09-10 09:00:00","CAPE","surface",-71.4088,16.9321,2426
"2026-09-09 18:00:00","2026-09-10 09:00:00","CAPE","surface",-71.3849,16.9321,2415
"2026-09-09 18:00:00","2026-09-10 09:00:00","CAPE","surface",-71.361,16.9321,2418
"2026-09-09 18:00:00","2026-09-10 09:00:00","CAPE","surface",-71.337,16.9321,2344
"2026-09-09 18:00:00","2026-09-10 09:00:00","CAPE","surface",-71.3131,16.9321,2344
"2026-09-09 18:00:00","2026-09-10 09:00:00","CAPE","surface",-71.2892,16.9321,2322
"2026-09-09 18:00:00","2026-09-10 09:00:00","CAPE","surface",-71.2653,16.9321,2259
"2026-09-09 18:00:00","2026-09-10 09:00:00","CAPE","surface",-71.2413,16.9321,2158
"2026-09-09 18:00:00","2026-09-10 09:00:00","CAPE","surface",-71.2174,16.9321,1015
"2026-09-09 18:00:00","2026-09-10 09:00:00","CAPE","surface",-71.1935,16.9321,2102
"2026-09-09 18:00:00","2026-09-10 09:00:00","CAPE","surface",-71.1696,16.9321,2119
"2026-09-09 18:00:00","2026-09-10 09:00:00","CAPE","surface",-71.1456,16.9321,1050
"2026-09-09 18:00:00","2026-09-10 09:00:00","CAPE","surface",-71.1217,16.9321,1581
"2026-09-09 18:00:00","2026-09-10 09:00:00","CAPE","surface",-71.0978,16.9321,1009
"2026-09-09 18:00:00","2026-09-10 09:00:00","CAPE","surface",-71.0739,16.9321,2121
"2026-09-09 18:00:00","2026-09-10 09:00:00","CAPE","surface",-71.0499,16.9321,1853
"2026-09-09 18:00:00","2026-09-10 09:00:00","CAPE","surface",-71.026,16.9321,2387
"2026-09-09 18:00:00","2026-09-10 09:00:00","CAPE","surface",-71.0021,16.9321,2358
"2026-09-09 18:00:00","2026-09-10 09:00:00","CAPE","surface",-70.9782,16.9321,2469
"2026-09-09 18:00:00","2026-09-10 09:00:00","CAPE","surface",-70.9542,16.9321,2469
"2026-09-09 18:00:00","2026-09-10 09:00:00","CAPE","surface",-70.9303,16.9321,2433
"2026-09-09 18:00:00","2026-09-10 09:00:00","CAPE","surface",-70.9064,16.9321,2369
"2026-09-09 18:00:00","2026-09-10 09:00:00","CAPE","surface",-70.8825,16.9321,2382
"2026-09-09 18:00:00","2026-09-10 09:00:00","CAPE","surface",-70.8585,16.9321,2373
"2026-09-09 18:00:00","2026-09-10 09:00:00","CAPE","surface",-70.8346,16.9321,2373
"2026-09-09 18:00:00","2026-09-10 09:00:00","CAPE","surface",-70.8107,16.9321,2388
"2026-09-09 18:00:00","2026-09-10 09:00:00","CAPE","surface",-70.7868,16.9321,2419
"2026-09-09 18:00:00","2026-09-10 09:00:00","CAPE","surface",-70.7628,16.9321,2541
"2026-09-09 18:00:00","2026-09-10 09:00:00","CAPE","surface",-70.7389,16.9321,2666
"2026-09-09 18:00:00","2026-09-10 09:00:00","CAPE","surface",-70.715,16.9321,2762
"2026-09-09 18:00:00","2026-09-10 09:00:00","CAPE","surface",-70.6911,16.9321,2761
"2026-09-09 18:00:00","2026-09-10 09:00:00","CAPE","surface",-70.6671,16.9321,2531
"2026-09-09 18:00:00","2026-09-10 09:00:00","CAPE","surface",-70.6432,16.9321,1812
"2026-09-09 18:00:00","2026-09-10 09:00:00","CAPE","surface",-70.6193,16.9321,1534
"2026-09-09 18:00:00","2026-09-10 09:00:00","CAPE","surface",-70.5954,16.9321,1101
"2026-09-09 18:00:00","2026-09-10 09:00:00","CAPE","surface",-70.5714,16.9321,1153
"2026-09-09 18:00:00","2026-09-10 09:00:00","CAPE","surface",-70.5475,16.9321,1693
"2026-09-09 18:00:00","2026-09-10 09:00:00","CAPE","surface",-70.5236,16.9321,2061
"2026-09-09 18:00:00","2026-09-10 09:00:00","CAPE","surface",-70.4997,16.9321,2290
"2026-09-09 18:00:00","2026-09-10 09:00:00","CAPE","surface",-70.4757,16.9321,1870
"2026-09-09 18:00:00","2026-09-10 09:00:00","CAPE","surface",-70.4518,16.9321,1763
"2026-09-09 18:00:00","2026-09-10 09:00:00","CAPE","surface",-70.4279,16.9321,1519
"2026-09-09 18:00:00","2026-09-10 09:00:00","CAPE","surface",-70.404,16.9321,1600
"2026-09-09 18:00:00","2026-09-10 09:00:00","CAPE","surface",-70.38,16.9321,1590
"2026-09-09 18:00:00","2026-09-10 09:00:00","CAPE","surface",-70.3561,16.9321,1590
"2026-09-09 18:00:00","2026-09-10 09:00:00","CAPE","surface",-70.3322,16.9321,1602
"2026-09-09 18:00:00","2026-09-10 09:00:00","CAPE","surface",-70.3083,16.9321,1746
"2026-09-09 18:00:00","2026-09-10 09:00:00","CAPE","surface",-70.2843,16.9321,1841
"2026-09-09 18:00:00","2026-09-10 09:00:00","CAPE","surface",-70.2604,16.9321,1992
"2026-09-09 18:00:00","2026-09-10 09:00:00","CAPE","surface",-70.2365,16.9321,1992
"2026-09-09 18:00:00","2026-09-10 09:00:00","CAPE","surface",-70.2126,16.9321,2133
"2026-09-09 18:00:00","2026-09-10 09:00:00","CAPE","surface",-70.1886,16.9321,2124
"2026-09-09 18:00:00","2026-09-10 09:00:00","CAPE","surface",-70.1647,16.9321,1871
"2026-09-09 18:00:00","2026-09-10 09:00:00","CAPE","surface",-70.1408,16.9321,1812
"2026-09-09 18:00:00","2026-09-10 09:00:00","CAPE","surface",-70.1169,16.9321,1794
"2026-09-09 18:00:00","2026-09-10 09:00:00","CAPE","surface",-70.0929,16.9321,1790
"2026-09-09 18:00:00","2026-09-10 09:00:00","CAPE","surface",-70.069,16.9321,1829
"2026-09-09 18:00:00","2026-09-10 09:00:00","CAPE","surface",-70.0451,16.9321,1986
"2026-09-09 18:00:00","2026-09-10 09:00:00","CAPE","surface",-70.0212,16.9321,2041
"2026-09-09 18:00:00","2026-09-10 09:00:00","CAPE","surface",-69.9972,16.9321,2152
"2026-09-09 18:00:00","2026-09-10 09:00:00","CAPE","surface",-69.9733,16.9321,2235
"2026-09-09 18:00:00","2026-09-10 09:00:00","CAPE","surface",-69.9494,16.9321,2343
"2026-09-09 18:00:00","2026-09-10 09:00:00","CAPE","surface",-69.9255,16.9321,2391
"2026-09-09 18:00:00","2026-09-10 09:00:00","CAPE","surface",-69.9015,16.9321,2474
"2026-09-09 18:00:00","2026-09-10 09:00:00","CAPE","surface",-69.8776,16.9321,2555
"2026-09-09 18:00:00","2026-09-10 09:00:00","CAPE","surface",-69.8537,16.9321,2583
"2026-09-09 18:00:00","2026-09-10 09:00:00","CAPE","surface",-69.8298,16.9321,2626
"2026-09-09 18:00:00","2026-09-10 09:00:00","CAPE","surface",-69.8058,16.9321,2645
"2026-09-09 18:00:00","2026-09-10 09:00:00","CAPE","surface",-69.7819,16.9321,2603
"2026-09-09 18:00:00","2026-09-10 09:00:00","CAPE","surface",-69.758,16.9321,2662
"2026-09-09 18:00:00","2026-09-10 09:00:00","CAPE","surface",-69.7341,16.9321,2737
"2026-09-09 18:00:00","2026-09-10 09:00:00","CAPE","surface",-69.7101,16.9321,2768
"2026-09-09 18:00:00","2026-09-10 09:00:00","CAPE","surface",-69.6862,16.9321,2718
"2026-09-09 18:00:00","2026-09-10 09:00:00","CAPE","surface",-69.6623,16.9321,2733
"2026-09-09 18:00:00","2026-09-10 09:00:00","CAPE","surface",-69.6384,16.9321,2711
"2026-09-09 18:00:00","2026-09-10 09:00:00","CAPE","surface",-69.6144,16.9321,2737
"2026-09-09 18:00:00","2026-09-10 09:00:00","CAPE","surface",-69.5905,16.9321,2801
"2026-09-09 18:00:00","2026-09-10 09:00:00","CAPE","surface",-69.5666,16.9321,2937
"2026-09-09 18:00:00","2026-09-10 09:00:00","CAPE","surface",-69.5427,16.9321,2937
"2026-09-09 18:00:00","2026-09-10 09:00:00","CAPE","surface",-69.5187,16.9321,3007
"2026-09-09 18:00:00","2026-09-10 09:00:00","CAPE","surface",-69.4948,16.9321,3067
"2026-09-09 18:00:00","2026-09-10 09:00:00","CAPE","surface",-69.4709,16.9321,3115
"2026-09-09 18:00:00","2026-09-10 09:00:00","CAPE","surface",-69.447,16.9321,3178
"2026-09-09 18:00:00","2026-09-10 09:00:00","CAPE","surface",-69.423,16.9321,3178
"2026-09-09 18:00:00","2026-09-10 09:00:00","CAPE","surface",-69.3991,16.9321,3262
"2026-09-09 18:00:00","2026-09-10 09:00:00","CAPE","surface",-69.3752,16.9321,3289
"2026-09-09 18:00:00","2026-09-10 09:00:00","CAPE","surface",-69.3513,16.9321,3333
"2026-09-09 18:00:00","2026-09-10 09:00:00","CAPE","surface",-69.3273,16.9321,3333
"2026-09-09 18:00:00","2026-09-10 09:00:00","CAPE","surface",-69.3034,16.9321,3285
"2026-09-09 18:00:00","2026-09-10 09:00:00","CAPE","surface",-69.2795,16.9321,3141
"2026-09-09 18:00:00","2026-09-10 09:00:00","CAPE","surface",-69.2556,16.9321,2996
"2026-09-09 18:00:00","2026-09-10 09:00:00","CAPE","surface",-69.2316,16.9321,3124
"2026-09-09 18:00:00","2026-09-10 09:00:00","CAPE","surface",-69.2077,16.9321,3124
"2026-09-09 18:00:00","2026-09-10 09:00:00","CAPE","surface",-69.1838,16.9321,3422
"2026-09-09 18:00:00","2026-09-10 09:00:00","CAPE","surface",-69.1599,16.9321,3194
"2026-09-09 18:00:00","2026-09-10 09:00:00","CAPE","surface",-69.1359,16.9321,3395
"2026-09-09 18:00:00","2026-09-10 09:00:00","CAPE","surface",-69.112,16.9321,3446
"2026-09-09 18:00:00","2026-09-10 09:00:00","CAPE","surface",-69.0881,16.9321,3446
"2026-09-09 18:00:00","2026-09-10 09:00:00","CAPE","surface",-69.0642,16.9321,3152
"2026-09-09 18:00:00","2026-09-10 09:00:00","CAPE","surface",-69.0402,16.9321,2903
"2026-09-09 18:00:00","2026-09-10 09:00:00","CAPE","surface",-69.0163,16.9321,2692
"2026-09-09 18:00:00","2026-09-10 09:00:00","CAPE","surface",-68.9924,16.9321,2692
"2026-09-09 18:00:00","2026-09-10 09:00:00","CAPE","surface",-68.9685,16.9321,2712
"2026-09-09 18:00:00","2026-09-10 09:00:00","CAPE","surface",-68.9445,16.9321,2795
"2026-09-09 18:00:00","2026-09-10 09:00:00","CAPE","surface",-68.9206,16.9321,2910
"2026-09-09 18:00:00","2026-09-10 09:00:00","CAPE","surface",-68.8967,16.9321,3048
"2026-09-09 18:00:00","2026-09-10 09:00:00","CAPE","surface",-68.8728,16.9321,3048
"2026-09-09 18:00:00","2026-09-10 09:00:00","CAPE","surface",-68.8488,16.9321,3049
"2026-09-09 18:00:00","2026-09-10 09:00:00","CAPE","surface",-68.8249,16.9321,3074
"2026-09-09 18:00:00","2026-09-10 09:00:00","CAPE","surface",-68.801,16.9321,2836
"2026-09-09 18:00:00","2026-09-10 09:00:00","CAPE","surface",-68.7771,16.9321,2734
"2026-09-09 18:00:00","2026-09-10 09:00:00","CAPE","surface",-68.7531,16.9321,2666
"2026-09-09 18:00:00","2026-09-10 09:00:00","CAPE","surface",-68.7292,16.9321,2577
"2026-09-09 18:00:00","2026-09-10 09:00:00","CAPE","surface",-68.7053,16.9321,2525
"2026-09-09 18:00:00","2026-09-10 09:00:00","CAPE","surface",-68.6813,16.9321,2497
"2026-09-09 18:00:00","2026-09-10 09:00:00","CAPE","surface",-68.6574,16.9321,2497
"2026-09-09 18:00:00","2026-09-10 09:00:00","CAPE","surface",-68.6335,16.9321,2575
"2026-09-09 18:00:00","2026-09-10 09:00:00","CAPE","surface",-68.6096,16.9321,2681
"2026-09-09 18:00:00","2026-09-10 09:00:00","CAPE","surface",-68.5856,16.9321,2650
"2026-09-09 18:00:00","2026-09-10 09:00:00","CAPE","surface",-68.5617,16.9321,2790
"2026-09-09 18:00:00","2026-09-10 09:00:00","CAPE","surface",-68.5378,16.9321,2748
"2026-09-09 18:00:00","2026-09-10 09:00:00","CAPE","surface",-68.5139,16.9321,2830
"2026-09-09 18:00:00","2026-09-10 09:00:00","CAPE","surface",-68.4899,16.9321,2828
"2026-09-09 18:00:00","2026-09-10 09:00:00","CAPE","surface",-68.466,16.9321,2959
"2026-09-09 18:00:00","2026-09-10 09:00:00","CAPE","surface",-68.4421,16.9321,3030
"2026-09-09 18:00:00","2026-09-10 09:00:00","CAPE","surface",-68.4182,16.9321,3063
"2026-09-09 18:00:00","2026-09-10 09:00:00","CAPE","surface",-68.3942,16.9321,3110
"2026-09-09 18:00:00","2026-09-10 09:00:00","CAPE","surface",-68.3703,16.9321,3083
"2026-09-09 18:00:00","2026-09-10 09:00:00","CAPE","surface",-68.3464,16.9321,3157
"2026-09-09 18:00:00","2026-09-10 09:00:00","CAPE","surface",-68.3225,16.9321,3143
"2026-09-09 18:00:00","2026-09-10 09:00:00","CAPE","surface",-68.2985,16.9321,3104
"2026-09-09 18:00:00","2026-09-10 09:00:00","CAPE","surface",-68.2746,16.9321,2993
"2026-09-09 18:00:00","2026-09-10 09:00:00","CAPE","surface",-68.2507,16.9321,2962
"2026-09-09 18:00:00","2026-09-10 09:00:00","CAPE","surface",-68.2268,16.9321,2988
"2026-09-09 18:00:00","2026-09-10 09:00:00","CAPE","surface",-68.2028,16.9321,2994
"2026-09-09 18:00:00","2026-09-10 09:00:00","CAPE","surface",-68.1789,16.9321,3176
"2026-09-09 18:00:00","2026-09-10 09:00:00","CAPE","surface",-68.155,16.9321,3176
"2026-09-09 18:00:00","2026-09-10 09:00:00","CAPE","surface",-68.1311,16.9321,3232
"2026-09-09 18:00:00","2026-09-10 09:00:00","CAPE","surface",-68.1071,16.9321,3078
"2026-09-09 18:00:00","2026-09-10 09:00:00","CAPE","surface",-68.0832,16.9321,3112
"2026-09-09 18:00:00","2026-09-10 09:00:00","CAPE","surface",-68.0593,16.9321,2829
"2026-09-09 18:00:00","2026-09-10 09:00:00","CAPE","surface",-68.0354,16.9321,2893
"2026-09-09 18:00:00","2026-09-10 09:00:00","CAPE","surface",-68.0114,16.9321,2714
"2026-09-09 18:00:00","2026-09-10 09:00:00","CAPE","surface",-67.9875,16.9321,2762
"2026-09-09 18:00:00","2026-09-10 09:00:00","CAPE","surface",-67.9636,16.9321,2725
"2026-09-09 18:00:00","2026-09-10 09:00:00","CAPE","surface",-67.9397,16.9321,2808
"2026-09-09 18:00:00","2026-09-10 09:00:00","CAPE","surface",-67.9157,16.9321,2808
"2026-09-09 18:00:00","2026-09-10 09:00:00","CAPE","surface",-67.8918,16.9321,2873
"2026-09-09 18:00:00","2026-09-10 09:00:00","CAPE","surface",-67.8679,16.9321,2922
"2026-09-09 18:00:00","2026-09-10 09:00:00","CAPE","surface",-67.844,16.9321,2927
"2026-09-09 18:00:00","2026-09-10 09:00:00","CAPE","surface",-67.82,16.9321,2943
"2026-09-09 18:00:00","2026-09-10 09:00:00","CAPE","surface",-67.7961,16.9321,2844
"2026-09-09 18:00:00","2026-09-10 09:00:00","CAPE","surface",-67.7722,16.9321,2725
"2026-09-09 18:00:00","2026-09-10 09:00:00","CAPE","surface",-67.7483,16.9321,2786
"2026-09-09 18:00:00","2026-09-10 09:00:00","CAPE","surface",-67.7243,16.9321,2828
"2026-09-09 18:00:00","2026-09-10 09:00:00","CAPE","surface",-67.7004,16.9321,2828
"2026-09-09 18:00:00","2026-09-10 09:00:00","CAPE","surface",-67.6765,16.9321,2987
"2026-09-09 18:00:00","2026-09-10 09:00:00","CAPE","surface",-67.6526,16.9321,3096
"2026-09-09 18:00:00","2026-09-10 09:00:00","CAPE","surface",-67.6286,16.9321,3287
"2026-09-09 18:00:00","2026-09-10 09:00:00","CAPE","surface",-67.6047,16.9321,3417
"2026-09-09 18:00:00","2026-09-10 09:00:00","CAPE","surface",-67.5808,16.9321,3495
"2026-09-09 18:00:00","2026-09-10 09:00:00","CAPE","surface",-67.5569,16.9321,3369
"2026-09-09 18:00:00","2026-09-10 09:00:00","CAPE","surface",-67.5329,16.9321,3203
"2026-09-09 18:00:00","2026-09-10 09:00:00","CAPE","surface",-67.509,16.9321,3004
"2026-09-09 18:00:00","2026-09-10 09:00:00","CAPE","surface",-67.4851,16.9321,2992
"2026-09-09 18:00:00","2026-09-10 09:00:00","CAPE","surface",-67.4612,16.9321,3049
"2026-09-09 18:00:00","2026-09-10 09:00:00","CAPE","surface",-67.4372,16.9321,3134
"2026-09-09 18:00:00","2026-09-10 09:00:00","CAPE","surface",-67.4133,16.9321,3150
"2026-09-09 18:00:00","2026-09-10 09:00:00","CAPE","surface",-67.3894,16.9321,3155
"2026-09-09 18:00:00","2026-09-10 09:00:00","CAPE","surface",-67.3655,16.9321,3153
"2026-09-09 18:00:00","2026-09-10 09:00:00","CAPE","surface",-67.3415,16.9321,3107
"2026-09-09 18:00:00","2026-09-10 09:00:00","CAPE","surface",-67.3176,16.9321,3082
"2026-09-09 18:00:00","2026-09-10 09:00:00","CAPE","surface",-67.2937,16.9321,3082
"2026-09-09 18:00:00","2026-09-10 09:00:00","CAPE","surface",-67.2698,16.9321,3083
"2026-09-09 18:00:00","2026-09-10 09:00:00","CAPE","surface",-67.2458,16.9321,3080
"2026-09-09 18:00:00","2026-09-10 09:00:00","CAPE","surface",-67.2219,16.9321,3173
"2026-09-09 18:00:00","2026-09-10 09:00:00","CAPE","surface",-67.198,16.9321,3173
"2026-09-09 18:00:00","2026-09-10 09:00:00","CAPE","surface",-67.1741,16.9321,3367
"2026-09-09 18:00:00","2026-09-10 09:00:00","CAPE","surface",-67.1501,16.9321,3473
"2026-09-09 18:00:00","2026-09-10 09:00:00","CAPE","surface",-67.1262,16.9321,3509
"2026-09-09 18:00:00","2026-09-10 09:00:00","CAPE","surface",-67.1023,16.9321,3392
"2026-09-09 18:00:00","2026-09-10 09:00:00","CAPE","surface",-67.0784,16.9321,3392
"2026-09-09 18:00:00","2026-09-10 09:00:00","CAPE","surface",-67.0544,16.9321,3311
"2026-09-09 18:00:00","2026-09-10 09:00:00","CAPE","surface",-67.0305,16.9321,3350
"2026-09-09 18:00:00","2026-09-10 09:00:00","CAPE","surface",-67.0066,16.9321,3455
"2026-09-09 18:00:00","2026-09-10 09:00:00","CAPE","surface",-74.7822,16.955,2897
"2026-09-09 18:00:00","2026-09-10 09:00:00","CAPE","surface",-74.7583,16.955,2980
"2026-09-09 18:00:00","2026-09-10 09:00:00","CAPE","surface",-74.7344,16.955,2638
"2026-09-09 18:00:00","2026-09-10 09:00:00","CAPE","surface",-74.7105,16.955,2522
"2026-09-09 18:00:00","2026-09-10 09:00:00","CAPE","surface",-74.6865,16.955,2353
"2026-09-09 18:00:00","2026-09-10 09:00:00","CAPE","surface",-74.6626,16.955,2353
"2026-09-09 18:00:00","2026-09-10 09:00:00","CAPE","surface",-74.6387,16.955,2394
"2026-09-09 18:00:00","2026-09-10 09:00:00","CAPE","surface",-74.6148,16.955,2398
"2026-09-09 18:00:00","2026-09-10 09:00:00","CAPE","surface",-74.5908,16.955,2569
"2026-09-09 18:00:00","2026-09-10 09:00:00","CAPE","surface",-74.5669,16.955,2545
"2026-09-09 18:00:00","2026-09-10 09:00:00","CAPE","surface",-74.543,16.955,2675
"2026-09-09 18:00:00","2026-09-10 09:00:00","CAPE","surface",-74.5191,16.955,2675
"2026-09-09 18:00:00","2026-09-10 09:00:00","CAPE","surface",-74.4951,16.955,2679
"2026-09-09 18:00:00","2026-09-10 09:00:00","CAPE","surface",-74.4712,16.955,2744
"2026-09-09 18:00:00","2026-09-10 09:00:00","CAPE","surface",-74.4473,16.955,2908
"2026-09-09 18:00:00","2026-09-10 09:00:00","CAPE","surface",-74.4234,16.955,2925
"2026-09-09 18:00:00","2026-09-10 09:00:00","CAPE","surface",-74.3994,16.955,3058
"2026-09-09 18:00:00","2026-09-10 09:00:00","CAPE","surface",-74.3755,16.955,3058
"2026-09-09 18:00:00","2026-09-10 09:00:00","CAPE","surface",-74.3516,16.955,3094
"2026-09-09 18:00:00","2026-09-10 09:00:00","CAPE","surface",-74.3277,16.955,3031
"2026-09-09 18:00:00","2026-09-10 09:00:00","CAPE","surface",-74.3037,16.955,2952
"2026-09-09 18:00:00","2026-09-10 09:00:00","CAPE","surface",-74.2798,16.955,2558
"2026-09-09 18:00:00","2026-09-10 09:00:00","CAPE","surface",-74.2559,16.955,2247
"2026-09-09 18:00:00","2026-09-10 09:00:00","CAPE","surface",-74.232,16.955,2118
"2026-09-09 18:00:00","2026-09-10 09:00:00","CAPE","surface",-74.208,16.955,2118
"2026-09-09 18:00:00","2026-09-10 09:00:00","CAPE","surface",-74.1841,16.955,2092
"2026-09-09 18:00:00","2026-09-10 09:00:00","CAPE","surface",-74.1602,16.955,2052
"2026-09-09 18:00:00","2026-09-10 09:00:00","CAPE","surface",-74.1363,16.955,2159
"2026-09-09 18:00:00","2026-09-10 09:00:00","CAPE","surface",-74.1123,16.955,2398
"2026-09-09 18:00:00","2026-09-10 09:00:00","CAPE","surface",-74.0884,16.955,2612
"2026-09-09 18:00:00","2026-09-10 09:00:00","CAPE","surface",-74.0645,16.955,2612
"2026-09-09 18:00:00","2026-09-10 09:00:00","CAPE","surface",-74.0406,16.955,2761
"2026-09-09 18:00:00","2026-09-10 09:00:00","CAPE","surface",-74.0166,16.955,2825
"2026-09-09 18:00:00","2026-09-10 09:00:00","CAPE","surface",-73.9927,16.955,2882
"2026-09-09 18:00:00","2026-09-10 09:00:00","CAPE","surface",-73.9688,16.955,2901
"2026-09-09 18:00:00","2026-09-10 09:00:00","CAPE","surface",-73.9449,16.955,2870
"2026-09-09 18:00:00","2026-09-10 09:00:00","CAPE","surface",-73.9209,16.955,2870
"2026-09-09 18:00:00","2026-09-10 09:00:00","CAPE","surface",-73.897,16.955,2579
"2026-09-09 18:00:00","2026-09-10 09:00:00","CAPE","surface",-73.8731,16.955,2602
"2026-09-09 18:00:00","2026-09-10 09:00:00","CAPE","surface",-73.8492,16.955,2265
"2026-09-09 18:00:00","2026-09-10 09:00:00","CAPE","surface",-73.8252,16.955,2320
"2026-09-09 18:00:00","2026-09-10 09:00:00","CAPE","surface",-73.8013,16.955,2192
"2026-09-09 18:00:00","2026-09-10 09:00:00","CAPE","surface",-73.7774,16.955,2192
"2026-09-09 18:00:00","2026-09-10 09:00:00","CAPE","surface",-73.7535,16.955,2212
"2026-09-09 18:00:00","2026-09-10 09:00:00","CAPE","surface",-73.7295,16.955,2309
"2026-09-09 18:00:00","2026-09-10 09:00:00","CAPE","surface",-73.7056,16.955,2344
"2026-09-09 18:00:00","2026-09-10 09:00:00","CAPE","surface",-73.6817,16.955,2368
"2026-09-09 18:00:00","2026-09-10 09:00:00","CAPE","surface",-73.6578,16.955,2459
"2026-09-09 18:00:00","2026-09-10 09:00:00","CAPE","surface",-73.6338,16.955,2348
"2026-09-09 18:00:00","2026-09-10 09:00:00","CAPE","surface",-73.6099,16.955,2431
"2026-09-09 18:00:00","2026-09-10 09:00:00","CAPE","surface",-73.586,16.955,2398
"2026-09-09 18:00:00","2026-09-10 09:00:00","CAPE","surface",-73.5621,16.955,2397
"2026-09-09 18:00:00","2026-09-10 09:00:00","CAPE","surface",-73.5381,16.955,2349
"2026-09-09 18:00:00","2026-09-10 09:00:00","CAPE","surface",-73.5142,16.955,2270
"2026-09-09 18:00:00","2026-09-10 09:00:00","CAPE","surface",-73.4903,16.955,2312
"2026-09-09 18:00:00","2026-09-10 09:00:00","CAPE","surface",-73.4664,16.955,2262
"2026-09-09 18:00:00","2026-09-10 09:00:00","CAPE","surface",-73.4424,16.955,2318
"2026-09-09 18:00:00","2026-09-10 09:00:00","CAPE","surface",-73.4185,16.955,2344
"2026-09-09 18:00:00","2026-09-10 09:00:00","CAPE","surface",-73.3946,16.955,2471
"2026-09-09 18:00:00","2026-09-10 09:00:00","CAPE","surface",-73.3707,16.955,2507
"2026-09-09 18:00:00","2026-09-10 09:00:00","CAPE","surface",-73.3467,16.955,2507
"2026-09-09 18:00:00","2026-09-10 09:00:00","CAPE","surface",-73.3228,16.955,2351
"2026-09-09 18:00:00","2026-09-10 09:00:00","CAPE","surface",-73.2989,16.955,2384
"2026-09-09 18:00:00","2026-09-10 09:00:00","CAPE","surface",-73.275,16.955,2295
"2026-09-09 18:00:00","2026-09-10 09:00:00","CAPE","surface",-73.251,16.955,2336
"2026-09-09 18:00:00","2026-09-10 09:00:00","CAPE","surface",-73.2271,16.955,2348
"2026-09-09 18:00:00","2026-09-10 09:00:00","CAPE","surface",-73.2032,16.955,2366
"2026-09-09 18:00:00","2026-09-10 09:00:00","CAPE","surface",-73.1793,16.955,2308
"2026-09-09 18:00:00","2026-09-10 09:00:00","CAPE","surface",-73.1553,16.955,2233
"2026-09-09 18:00:00","2026-09-10 09:00:00","CAPE","surface",-73.1314,16.955,2175
"2026-09-09 18:00:00","2026-09-10 09:00:00","CAPE","surface",-73.1075,16.955,2150
"2026-09-09 18:00:00","2026-09-10 09:00:00","CAPE","surface",-73.0836,16.955,2169
"2026-09-09 18:00:00","2026-09-10 09:00:00","CAPE","surface",-73.0596,16.955,2155
"2026-09-09 18:00:00","2026-09-10 09:00:00","CAPE","surface",-73.0357,16.955,2208
"2026-09-09 18:00:00","2026-09-10 09:00:00","CAPE","surface",-73.0118,16.955,2196
"2026-09-09 18:00:00","2026-09-10 09:00:00","CAPE","surface",-72.9879,16.955,2201
"2026-09-09 18:00:00","2026-09-10 09:00:00","CAPE","surface",-72.9639,16.955,2218
"2026-09-09 18:00:00","2026-09-10 09:00:00","CAPE","surface",-72.94,16.955,2218
"2026-09-09 18:00:00","2026-09-10 09:00:00","CAPE","surface",-72.9161,16.955,2285
"2026-09-09 18:00:00","2026-09-10 09:00:00","CAPE","surface",-72.8922,16.955,2275
"2026-09-09 18:00:00","2026-09-10 09:00:00","CAPE","surface",-72.8682,16.955,2355
"2026-09-09 18:00:00","2026-09-10 09:00:00","CAPE","surface",-72.8443,16.955,2390
"2026-09-09 18:00:00","2026-09-10 09:00:00","CAPE","surface",-72.8204,16.955,2473
"2026-09-09 18:00:00","2026-09-10 09:00:00","CAPE","surface",-72.7965,16.955,2525
"2026-09-09 18:00:00","2026-09-10 09:00:00","CAPE","surface",-72.7725,16.955,2684
"2026-09-09 18:00:00","2026-09-10 09:00:00","CAPE","surface",-72.7486,16.955,2750
"2026-09-09 18:00:00","2026-09-10 09:00:00","CAPE","surface",-72.7247,16.955,2826
"2026-09-09 18:00:00","2026-09-10 09:00:00","CAPE","surface",-72.7008,16.955,2836
"2026-09-09 18:00:00","2026-09-10 09:00:00","CAPE","surface",-72.6768,16.955,2850
"2026-09-09 18:00:00","2026-09-10 09:00:00","CAPE","surface",-72.6529,16.955,2769
"2026-09-09 18:00:00","2026-09-10 09:00:00","CAPE","surface",-72.629,16.955,2811
"2026-09-09 18:00:00","2026-09-10 09:00:00","CAPE","surface",-72.6051,16.955,2698
"2026-09-09 18:00:00","2026-09-10 09:00:00","CAPE","surface",-72.5811,16.955,2759
"2026-09-09 18:00:00","2026-09-10 09:00:00","CAPE","surface",-72.5572,16.955,2712
"2026-09-09 18:00:00","2026-09-10 09:00:00","CAPE","surface",-72.5333,16.955,2712
"2026-09-09 18:00:00","2026-09-10 09:00:00","CAPE","surface",-72.5094,16.955,2693
"2026-09-09 18:00:00","2026-09-10 09:00:00","CAPE","surface",-72.4854,16.955,2744
"2026-09-09 18:00:00","2026-09-10 09:00:00","CAPE","surface",-72.4615,16.955,2688
"2026-09-09 18:00:00","2026-09-10 09:00:00","CAPE","surface",-72.4376,16.955,2707
"2026-09-09 18:00:00","2026-09-10 09:00:00","CAPE","surface",-72.4137,16.955,2673
"2026-09-09 18:00:00","2026-09-10 09:00:00","CAPE","surface",-72.3897,16.955,2672
"2026-09-09 18:00:00","2026-09-10 09:00:00","CAPE","surface",-72.3658,16.955,2667
"2026-09-09 18:00:00","2026-09-10 09:00:00","CAPE","surface",-72.3419,16.955,2649
"2026-09-09 18:00:00","2026-09-10 09:00:00","CAPE","surface",-72.318,16.955,2620
"2026-09-09 18:00:00","2026-09-10 09:00:00","CAPE","surface",-72.294,16.955,2540
"2026-09-09 18:00:00","2026-09-10 09:00:00","CAPE","surface",-72.2701,16.955,2540
"2026-09-09 18:00:00","2026-09-10 09:00:00","CAPE","surface",-72.2462,16.955,2508
"2026-09-09 18:00:00","2026-09-10 09:00:00","CAPE","surface",-72.2223,16.955,2486
"2026-09-09 18:00:00","2026-09-10 09:00:00","CAPE","surface",-72.1983,16.955,2473
"2026-09-09 18:00:00","2026-09-10 09:00:00","CAPE","surface",-72.1744,16.955,2467
"2026-09-09 18:00:00","2026-09-10 09:00:00","CAPE","surface",-72.1505,16.955,2484
"2026-09-09 18:00:00","2026-09-10 09:00:00","CAPE","surface",-72.1266,16.955,2486
"2026-09-09 18:00:00","2026-09-10 09:00:00","CAPE","surface",-72.1026,16.955,2489
"2026-09-09 18:00:00","2026-09-10 09:00:00","CAPE","surface",-72.0787,16.955,2492
"2026-09-09 18:00:00","2026-09-10 09:00:00","CAPE","surface",-72.0548,16.955,2503
"2026-09-09 18:00:00","2026-09-10 09:00:00","CAPE","surface",-72.0309,16.955,2578
"2026-09-09 18:00:00","2026-09-10 09:00:00","CAPE","surface",-72.0069,16.955,2603
"2026-09-09 18:00:00","2026-09-10 09:00:00","CAPE","surface",-71.983,16.955,2698
"2026-09-09 18:00:00","2026-09-10 09:00:00","CAPE","surface",-71.9591,16.955,2690
"2026-09-09 18:00:00","2026-09-10 09:00:00","CAPE","surface",-71.9352,16.955,2629
"2026-09-09 18:00:00","2026-09-10 09:00:00","CAPE","surface",-71.9112,16.955,2549
"2026-09-09 18:00:00","2026-09-10 09:00:00","CAPE","surface",-71.8873,16.955,2598
"2026-09-09 18:00:00","2026-09-10 09:00:00","CAPE","surface",-71.8634,16.955,2588
"2026-09-09 18:00:00","2026-09-10 09:00:00","CAPE","surface",-71.8395,16.955,2738
"2026-09-09 18:00:00","2026-09-10 09:00:00","CAPE","surface",-71.8155,16.955,2759
"2026-09-09 18:00:00","2026-09-10 09:00:00","CAPE","surface",-71.7916,16.955,2750
"2026-09-09 18:00:00","2026-09-10 09:00:00","CAPE","surface",-71.7677,16.955,2668
"2026-09-09 18:00:00","2026-09-10 09:00:00","CAPE","surface",-71.7438,16.955,2640
"2026-09-09 18:00:00","2026-09-10 09:00:00","CAPE","surface",-71.7198,16.955,2600
"2026-09-09 18:00:00","2026-09-10 09:00:00","CAPE","surface",-71.6959,16.955,2588
"2026-09-09 18:00:00","2026-09-10 09:00:00","CAPE","surface",-71.672,16.955,2591
"2026-09-09 18:00:00","2026-09-10 09:00:00","CAPE","surface",-71.6481,16.955,2591
"2026-09-09 18:00:00","2026-09-10 09:00:00","CAPE","surface",-71.6241,16.955,2600
"2026-09-09 18:00:00","2026-09-10 09:00:00","CAPE","surface",-71.6002,16.955,2623
"2026-09-09 18:00:00","2026-09-10 09:00:00","CAPE","surface",-71.5763,16.955,2520
"2026-09-09 18:00:00","2026-09-10 09:00:00","CAPE","surface",-71.5524,16.955,2520
"2026-09-09 18:00:00","2026-09-10 09:00:00","CAPE","surface",-71.5284,16.955,2420
"2026-09-09 18:00:00","2026-09-10 09:00:00","CAPE","surface",-71.5045,16.955,2378
"2026-09-09 18:00:00","2026-09-10 09:00:00","CAPE","surface",-71.4806,16.955,2386
"2026-09-09 18:00:00","2026-09-10 09:00:00","CAPE","surface",-71.4567,16.955,2378
"2026-09-09 18:00:00","2026-09-10 09:00:00","CAPE","surface",-71.4327,16.955,2404
"2026-09-09 18:00:00","2026-09-10 09:00:00","CAPE","surface",-71.4088,16.955,2386
"2026-09-09 18:00:00","2026-09-10 09:00:00","CAPE","surface",-71.3849,16.955,2386
"2026-09-09 18:00:00","2026-09-10 09:00:00","CAPE","surface",-71.361,16.955,2334
"2026-09-09 18:00:00","2026-09-10 09:00:00","CAPE","surface",-71.337,16.955,2332
"2026-09-09 18:00:00","2026-09-10 09:00:00","CAPE","surface",-71.3131,16.955,2316
"2026-09-09 18:00:00","2026-09-10 09:00:00","CAPE","surface",-71.2892,16.955,2318
"2026-09-09 18:00:00","2026-09-10 09:00:00","CAPE","surface",-71.2653,16.955,2318
"2026-09-09 18:00:00","2026-09-10 09:00:00","CAPE","surface",-71.2413,16.955,2317
"2026-09-09 18:00:00","2026-09-10 09:00:00","CAPE","surface",-71.2174,16.955,2293
"2026-09-09 18:00:00","2026-09-10 09:00:00","CAPE","surface",-71.1935,16.955,2281
"2026-09-09 18:00:00","2026-09-10 09:00:00","CAPE","surface",-71.1696,16.955,2119
"2026-09-09 18:00:00","2026-09-10 09:00:00","CAPE","surface",-71.1456,16.955,2342
"2026-09-09 18:00:00","2026-09-10 09:00:00","CAPE","surface",-71.1217,16.955,2273
"2026-09-09 18:00:00","2026-09-10 09:00:00","CAPE","surface",-71.0978,16.955,2339
"2026-09-09 18:00:00","2026-09-10 09:00:00","CAPE","surface",-71.0739,16.955,2121
"2026-09-09 18:00:00","2026-09-10 09:00:00","CAPE","surface",-71.0499,16.955,2433
"2026-09-09 18:00:00","2026-09-10 09:00:00","CAPE","surface",-71.026,16.955,2395
"2026-09-09 18:00:00","2026-09-10 09:00:00","CAPE","surface",-71.0021,16.955,2452
"2026-09-09 18:00:00","2026-09-10 09:00:00","CAPE","surface",-70.9782,16.955,2333
"2026-09-09 18:00:00","2026-09-10 09:00:00","CAPE","surface",-70.9542,16.955,2391
"2026-09-09 18:00:00","2026-09-10 09:00:00","CAPE","surface",-70.9303,16.955,2381
"2026-09-09 18:00:00","2026-09-10 09:00:00","CAPE","surface",-70.9064,16.955,2381
"2026-09-09 18:00:00","2026-09-10 09:00:00","CAPE","surface",-70.8825,16.955,2312
"2026-09-09 18:00:00","2026-09-10 09:00:00","CAPE","surface",-70.8585,16.955,2344
"2026-09-09 18:00:00","2026-09-10 09:00:00","CAPE","surface",-70.8346,16.955,2362
"2026-09-09 18:00:00","2026-09-10 09:00:00","CAPE","surface",-70.8107,16.955,2389
"2026-09-09 18:00:00","2026-09-10 09:00:00","CAPE","surface",-70.7868,16.955,2389
"2026-09-09 18:00:00","2026-09-10 09:00:00","CAPE","surface",-70.7628,16.955,2593
"2026-09-09 18:00:00","2026-09-10 09:00:00","CAPE","surface",-70.7389,16.955,2696
"2026-09-09 18:00:00","2026-09-10 09:00:00","CAPE","surface",-70.715,16.955,2860
"2026-09-09 18:00:00","2026-09-10 09:00:00","CAPE","surface",-70.6911,16.955,2761
"2026-09-09 18:00:00","2026-09-10 09:00:00","CAPE","surface",-70.6671,16.955,2722
"2026-09-09 18:00:00","2026-09-10 09:00:00","CAPE","surface",-70.6432,16.955,2256
"2026-09-09 18:00:00","2026-09-10 09:00:00","CAPE","surface",-70.6193,16.955,1225
"2026-09-09 18:00:00","2026-09-10 09:00:00","CAPE","surface",-70.5954,16.955,1007
"2026-09-09 18:00:00","2026-09-10 09:00:00","CAPE","surface",-70.5714,16.955,1295
"2026-09-09 18:00:00","2026-09-10 09:00:00","CAPE","surface",-70.5475,16.955,1738
"2026-09-09 18:00:00","2026-09-10 09:00:00","CAPE","surface",-70.5236,16.955,2097
"2026-09-09 18:00:00","2026-09-10 09:00:00","CAPE","surface",-70.4997,16.955,1988
"2026-09-09 18:00:00","2026-09-10 09:00:00","CAPE","surface",-70.4757,16.955,1870
"2026-09-09 18:00:00","2026-09-10 09:00:00","CAPE","surface",-70.4518,16.955,1450
"2026-09-09 18:00:00","2026-09-10 09:00:00","CAPE","surface",-70.4279,16.955,1450
"2026-09-09 18:00:00","2026-09-10 09:00:00","CAPE","surface",-70.404,16.955,1362
"2026-09-09 18:00:00","2026-09-10 09:00:00","CAPE","surface",-70.38,16.955,1382
"2026-09-09 18:00:00","2026-09-10 09:00:00","CAPE","surface",-70.3561,16.955,1486
"2026-09-09 18:00:00","2026-09-10 09:00:00","CAPE","surface",-70.3322,16.955,1505
"2026-09-09 18:00:00","2026-09-10 09:00:00","CAPE","surface",-70.3083,16.955,1505
"2026-09-09 18:00:00","2026-09-10 09:00:00","CAPE","surface",-70.2843,16.955,1647
"2026-09-09 18:00:00","2026-09-10 09:00:00","CAPE","surface",-70.2604,16.955,1823
"2026-09-09 18:00:00","2026-09-10 09:00:00","CAPE","surface",-70.2365,16.955,2034
"2026-09-09 18:00:00","2026-09-10 09:00:00","CAPE","surface",-70.2126,16.955,2133
"2026-09-09 18:00:00","2026-09-10 09:00:00","CAPE","surface",-70.1886,16.955,2142
"2026-09-09 18:00:00","2026-09-10 09:00:00","CAPE","surface",-70.1647,16.955,1989
"2026-09-09 18:00:00","2026-09-10 09:00:00","CAPE","surface",-70.1408,16.955,1853
"2026-09-09 18:00:00","2026-09-10 09:00:00","CAPE","surface",-70.1169,16.955,1904
"2026-09-09 18:00:00","2026-09-10 09:00:00","CAPE","surface",-70.0929,16.955,1844
"2026-09-09 18:00:00","2026-09-10 09:00:00","CAPE","surface",-70.069,16.955,2062
"2026-09-09 18:00:00","2026-09-10 09:00:00","CAPE","surface",-70.0451,16.955,1991
"2026-09-09 18:00:00","2026-09-10 09:00:00","CAPE","surface",-70.0212,16.955,2179
"2026-09-09 18:00:00","2026-09-10 09:00:00","CAPE","surface",-69.9972,16.955,2152
"2026-09-09 18:00:00","2026-09-10 09:00:00","CAPE","surface",-69.9733,16.955,2283
"2026-09-09 18:00:00","2026-09-10 09:00:00","CAPE","surface",-69.9494,16.955,2412
"2026-09-09 18:00:00","2026-09-10 09:00:00","CAPE","surface",-69.9255,16.955,2406
"2026-09-09 18:00:00","2026-09-10 09:00:00","CAPE","surface",-69.9015,16.955,2535
"2026-09-09 18:00:00","2026-09-10 09:00:00","CAPE","surface",-69.8776,16.955,2555
"2026-09-09 18:00:00","2026-09-10 09:00:00","CAPE","surface",-69.8537,16.955,2575
"2026-09-09 18:00:00","2026-09-10 09:00:00","CAPE","surface",-69.8298,16.955,2575
"2026-09-09 18:00:00","2026-09-10 09:00:00","CAPE","surface",-69.8058,16.955,2580
"2026-09-09 18:00:00","2026-09-10 09:00:00","CAPE","surface",-69.7819,16.955,2603
"2026-09-09 18:00:00","2026-09-10 09:00:00","CAPE","surface",-69.758,16.955,2624
"2026-09-09 18:00:00","2026-09-10 09:00:00","CAPE","surface",-69.7341,16.955,2618
"2026-09-09 18:00:00","2026-09-10 09:00:00","CAPE","surface",-69.7101,16.955,2722
"2026-09-09 18:00:00","2026-09-10 09:00:00","CAPE","surface",-69.6862,16.955,2698
"2026-09-09 18:00:00","2026-09-10 09:00:00","CAPE","surface",-69.6623,16.955,2733
"2026-09-09 18:00:00","2026-09-10 09:00:00","CAPE","surface",-69.6384,16.955,2730
"2026-09-09 18:00:00","2026-09-10 09:00:00","CAPE","surface",-69.6144,16.955,2730
"2026-09-09 18:00:00","2026-09-10 09:00:00","CAPE","surface",-69.5905,16.955,2792
"2026-09-09 18:00:00","2026-09-10 09:00:00","CAPE","surface",-69.5666,16.955,2928
"2026-09-09 18:00:00","2026-09-10 09:00:00","CAPE","surface",-69.5427,16.955,2958
"2026-09-09 18:00:00","2026-09-10 09:00:00","CAPE","surface",-69.5187,16.955,3023
"2026-09-09 18:00:00","2026-09-10 09:00:00","CAPE","surface",-69.4948,16.955,3023
"2026-09-09 18:00:00","2026-09-10 09:00:00","CAPE","surface",-69.4709,16.955,3074
"2026-09-09 18:00:00","2026-09-10 09:00:00","CAPE","surface",-69.447,16.955,3133
"2026-09-09 18:00:00","2026-09-10 09:00:00","CAPE","surface",-69.423,16.955,3224
"2026-09-09 18:00:00","2026-09-10 09:00:00","CAPE","surface",-69.3991,16.955,3224
"2026-09-09 18:00:00","2026-09-10 09:00:00","CAPE","surface",-69.3752,16.955,3339
"2026-09-09 18:00:00","2026-09-10 09:00:00","CAPE","surface",-69.3513,16.955,3384
"2026-09-09 18:00:00","2026-09-10 09:00:00","CAPE","surface",-69.3273,16.955,3342
"2026-09-09 18:00:00","2026-09-10 09:00:00","CAPE","surface",-69.3034,16.955,3306
"2026-09-09 18:00:00","2026-09-10 09:00:00","CAPE","surface",-69.2795,16.955,3306
"2026-09-09 18:00:00","2026-09-10 09:00:00","CAPE","surface",-69.2556,16.955,3307
"2026-09-09 18:00:00","2026-09-10 09:00:00","CAPE","surface",-69.2316,16.955,3206
"2026-09-09 18:00:00","2026-09-10 09:00:00","CAPE","surface",-69.2077,16.955,3529
"2026-09-09 18:00:00","2026-09-10 09:00:00","CAPE","surface",-69.1838,16.955,3605
"2026-09-09 18:00:00","2026-09-10 09:00:00","CAPE","surface",-69.1599,16.955,3605
"2026-09-09 18:00:00","2026-09-10 09:00:00","CAPE","surface",-69.1359,16.955,3630
"2026-09-09 18:00:00","2026-09-10 09:00:00","CAPE","surface",-69.112,16.955,3610
"2026-09-09 18:00:00","2026-09-10 09:00:00","CAPE","surface",-69.0881,16.955,3422
"2026-09-09 18:00:00","2026-09-10 09:00:00","CAPE","surface",-69.0642,16.955,3422
"2026-09-09 18:00:00","2026-09-10 09:00:00","CAPE","surface",-69.0402,16.955,2930
"2026-09-09 18:00:00","2026-09-10 09:00:00","CAPE","surface",-69.0163,16.955,2718
"2026-09-09 18:00:00","2026-09-10 09:00:00","CAPE","surface",-68.9924,16.955,2694
"2026-09-09 18:00:00","2026-09-10 09:00:00","CAPE","surface",-68.9685,16.955,2698
"2026-09-09 18:00:00","2026-09-10 09:00:00","CAPE","surface",-68.9445,16.955,2698
"2026-09-09 18:00:00","2026-09-10 09:00:00","CAPE","surface",-68.9206,16.955,2801
"2026-09-09 18:00:00","2026-09-10 09:00:00","CAPE","surface",-68.8967,16.955,2934
"2026-09-09 18:00:00","2026-09-10 09:00:00","CAPE","surface",-68.8728,16.955,2996
"2026-09-09 18:00:00","2026-09-10 09:00:00","CAPE","surface",-68.8488,16.955,2900
"2026-09-09 18:00:00","2026-09-10 09:00:00","CAPE","surface",-68.8249,16.955,2900
"2026-09-09 18:00:00","2026-09-10 09:00:00","CAPE","surface",-68.801,16.955,2795
"2026-09-09 18:00:00","2026-09-10 09:00:00","CAPE","surface",-68.7771,16.955,2734
"2026-09-09 18:00:00","2026-09-10 09:00:00","CAPE","surface",-68.7531,16.955,2630
"2026-09-09 18:00:00","2026-09-10 09:00:00","CAPE","surface",-68.7292,16.955,2630
"2026-09-09 18:00:00","2026-09-10 09:00:00","CAPE","surface",-68.7053,16.955,2580
"2026-09-09 18:00:00","2026-09-10 09:00:00","CAPE","surface",-68.6813,16.955,2623
"2026-09-09 18:00:00","2026-09-10 09:00:00","CAPE","surface",-68.6574,16.955,2601
"2026-09-09 18:00:00","2026-09-10 09:00:00","CAPE","surface",-68.6335,16.955,2705
"2026-09-09 18:00:00","2026-09-10 09:00:00","CAPE","surface",-68.6096,16.955,2705
"2026-09-09 18:00:00","2026-09-10 09:00:00","CAPE","surface",-68.5856,16.955,2820
"2026-09-09 18:00:00","2026-09-10 09:00:00","CAPE","surface",-68.5617,16.955,2790
"2026-09-09 18:00:00","2026-09-10 09:00:00","CAPE","surface",-68.5378,16.955,2837
"2026-09-09 18:00:00","2026-09-10 09:00:00","CAPE","surface",-68.5139,16.955,2870
"2026-09-09 18:00:00","2026-09-10 09:00:00","CAPE","surface",-68.4899,16.955,2906
"2026-09-09 18:00:00","2026-09-10 09:00:00","CAPE","surface",-68.466,16.955,2972
"2026-09-09 18:00:00","2026-09-10 09:00:00","CAPE","surface",-68.4421,16.955,3030
"2026-09-09 18:00:00","2026-09-10 09:00:00","CAPE","surface",-68.4182,16.955,3100
"2026-09-09 18:00:00","2026-09-10 09:00:00","CAPE","surface",-68.3942,16.955,3100
"2026-09-09 18:00:00","2026-09-10 09:00:00","CAPE","surface",-68.3703,16.955,3157
"2026-09-09 18:00:00","2026-09-10 09:00:00","CAPE","surface",-68.3464,16.955,3185
"2026-09-09 18:00:00","2026-09-10 09:00:00","CAPE","surface",-68.3225,16.955,3160
"2026-09-09 18:00:00","2026-09-10 09:00:00","CAPE","surface",-68.2985,16.955,3095
"2026-09-09 18:00:00","2026-09-10 09:00:00","CAPE","surface",-68.2746,16.955,3041
"2026-09-09 18:00:00","2026-09-10 09:00:00","CAPE","surface",-68.2507,16.955,3013
"2026-09-09 18:00:00","2026-09-10 09:00:00","CAPE","surface",-68.2268,16.955,2988
"2026-09-09 18:00:00","2026-09-10 09:00:00","CAPE","surface",-68.2028,16.955,3169
"2026-09-09 18:00:00","2026-09-10 09:00:00","CAPE","surface",-68.1789,16.955,3248
"2026-09-09 18:00:00","2026-09-10 09:00:00","CAPE","surface",-68.155,16.955,3225
"2026-09-09 18:00:00","2026-09-10 09:00:00","CAPE","surface",-68.1311,16.955,3055
"2026-09-09 18:00:00","2026-09-10 09:00:00","CAPE","surface",-68.1071,16.955,3078
"2026-09-09 18:00:00","2026-09-10 09:00:00","CAPE","surface",-68.0832,16.955,2787
"2026-09-09 18:00:00","2026-09-10 09:00:00","CAPE","surface",-68.0593,16.955,2794
"2026-09-09 18:00:00","2026-09-10 09:00:00","CAPE","surface",-68.0354,16.955,2690
"2026-09-09 18:00:00","2026-09-10 09:00:00","CAPE","surface",-68.0114,16.955,2699
"2026-09-09 18:00:00","2026-09-10 09:00:00","CAPE","surface",-67.9875,16.955,2699
"2026-09-09 18:00:00","2026-09-10 09:00:00","CAPE","surface",-67.9636,16.955,2712
"2026-09-09 18:00:00","2026-09-10 09:00:00","CAPE","surface",-67.9397,16.955,2749
"2026-09-09 18:00:00","2026-09-10 09:00:00","CAPE","surface",-67.9157,16.955,2802
"2026-09-09 18:00:00","2026-09-10 09:00:00","CAPE","surface",-67.8918,16.955,2873
"2026-09-09 18:00:00","2026-09-10 09:00:00","CAPE","surface",-67.8679,16.955,2821
"2026-09-09 18:00:00","2026-09-10 09:00:00","CAPE","surface",-67.844,16.955,2760
"2026-09-09 18:00:00","2026-09-10 09:00:00","CAPE","surface",-67.82,16.955,2810
"2026-09-09 18:00:00","2026-09-10 09:00:00","CAPE","surface",-67.7961,16.955,2694
"2026-09-09 18:00:00","2026-09-10 09:00:00","CAPE","surface",-67.7722,16.955,2694
"2026-09-09 18:00:00","2026-09-10 09:00:00","CAPE","surface",-67.7483,16.955,2666
"2026-09-09 18:00:00","2026-09-10 09:00:00","CAPE","surface",-67.7243,16.955,2716
"2026-09-09 18:00:00","2026-09-10 09:00:00","CAPE","surface",-67.7004,16.955,2868
"2026-09-09 18:00:00","2026-09-10 09:00:00","CAPE","surface",-67.6765,16.955,3015
"2026-09-09 18:00:00","2026-09-10 09:00:00","CAPE","surface",-67.6526,16.955,3104
"2026-09-09 18:00:00","2026-09-10 09:00:00","CAPE","surface",-67.6286,16.955,3343
"2026-09-09 18:00:00","2026-09-10 09:00:00","CAPE","surface",-67.6047,16.955,3417
"2026-09-09 18:00:00","2026-09-10 09:00:00","CAPE","surface",-67.5808,16.955,3525
"2026-09-09 18:00:00","2026-09-10 09:00:00","CAPE","surface",-67.5569,16.955,3525
"2026-09-09 18:00:00","2026-09-10 09:00:00","CAPE","surface",-67.5329,16.955,3095
"2026-09-09 18:00:00","2026-09-10 09:00:00","CAPE","surface",-67.509,16.955,2951
"2026-09-09 18:00:00","2026-09-10 09:00:00","CAPE","surface",-67.4851,16.955,2992
"2026-09-09 18:00:00","2026-09-10 09:00:00","CAPE","surface",-67.4612,16.955,2972
"2026-09-09 18:00:00","2026-09-10 09:00:00","CAPE","surface",-67.4372,16.955,3080
"2026-09-09 18:00:00","2026-09-10 09:00:00","CAPE","surface",-67.4133,16.955,3128
"2026-09-09 18:00:00","2026-09-10 09:00:00","CAPE","surface",-67.3894,16.955,3121
"2026-09-09 18:00:00","2026-09-10 09:00:00","CAPE","surface",-67.3655,16.955,3121
"2026-09-09 18:00:00","2026-09-10 09:00:00","CAPE","surface",-67.3415,16.955,3102
"2026-09-09 18:00:00","2026-09-10 09:00:00","CAPE","surface",-67.3176,16.955,3093
"2026-09-09 18:00:00","2026-09-10 09:00:00","CAPE","surface",-67.2937,16.955,3095
"2026-09-09 18:00:00","2026-09-10 09:00:00","CAPE","surface",-67.2698,16.955,3083
"2026-09-09 18:00:00","2026-09-10 09:00:00","CAPE","surface",-67.2458,16.955,3124
"2026-09-09 18:00:00","2026-09-10 09:00:00","CAPE","surface",-67.2219,16.955,3323
"2026-09-09 18:00:00","2026-09-10 09:00:00","CAPE","surface",-67.198,16.955,3332
"2026-09-09 18:00:00","2026-09-10 09:00:00","CAPE","surface",-67.1741,16.955,3469
"2026-09-09 18:00:00","2026-09-10 09:00:00","CAPE","surface",-67.1501,16.955,3469
"2026-09-09 18:00:00","2026-09-10 09:00:00","CAPE","surface",-67.1262,16.955,3331
"2026-09-09 18:00:00","2026-09-10 09:00:00","CAPE","surface",-67.1023,16.955,3119
"2026-09-09 18:00:00","2026-09-10 09:00:00","CAPE","surface",-67.0784,16.955,3190
"2026-09-09 18:00:00","2026-09-10 09:00:00","CAPE","surface",-67.0544,16.955,3115
"2026-09-09 18:00:00","2026-09-10 09:00:00","CAPE","surface",-67.0305,16.955,3216
"2026-09-09 18:00:00","2026-09-10 09:00:00","CAPE","surface",-67.0066,16.955,3234
"2026-09-09 18:00:00","2026-09-10 09:00:00","CAPE","surface",-74.7822,16.9778,2897
"2026-09-09 18:00:00","2026-09-10 09:00:00","CAPE","surface",-74.7583,16.9778,2619
"2026-09-09 18:00:00","2026-09-10 09:00:00","CAPE","surface",-74.7344,16.9778,2649
"2026-09-09 18:00:00","2026-09-10 09:00:00","CAPE","surface",-74.7105,16.9778,2410
"2026-09-09 18:00:00","2026-09-10 09:00:00","CAPE","surface",-74.6865,16.9778,2384
"2026-09-09 18:00:00","2026-09-10 09:00:00","CAPE","surface",-74.6626,16.9778,2387
"2026-09-09 18:00:00","2026-09-10 09:00:00","CAPE","surface",-74.6387,16.9778,2394
"2026-09-09 18:00:00","2026-09-10 09:00:00","CAPE","surface",-74.6148,16.9778,2576
"2026-09-09 18:00:00","2026-09-10 09:00:00","CAPE","surface",-74.5908,16.9778,2576
"2026-09-09 18:00:00","2026-09-10 09:00:00","CAPE","surface",-74.5669,16.9778,2700
"2026-09-09 18:00:00","2026-09-10 09:00:00","CAPE","surface",-74.543,16.9778,2675
"2026-09-09 18:00:00","2026-09-10 09:00:00","CAPE","surface",-74.5191,16.9778,2601
"2026-09-09 18:00:00","2026-09-10 09:00:00","CAPE","surface",-74.4951,16.9778,2481
"2026-09-09 18:00:00","2026-09-10 09:00:00","CAPE","surface",-74.4712,16.9778,2743
"2026-09-09 18:00:00","2026-09-10 09:00:00","CAPE","surface",-74.4473,16.9778,2656
"2026-09-09 18:00:00","2026-09-10 09:00:00","CAPE","surface",-74.4234,16.9778,2921
"2026-09-09 18:00:00","2026-09-10 09:00:00","CAPE","surface",-74.3994,16.9778,2975
"2026-09-09 18:00:00","2026-09-10 09:00:00","CAPE","surface",-74.3755,16.9778,3074
"2026-09-09 18:00:00","2026-09-10 09:00:00","CAPE","surface",-74.3516,16.9778,3056
"2026-09-09 18:00:00","2026-09-10 09:00:00","CAPE","surface",-74.3277,16.9778,3094
"2026-09-09 18:00:00","2026-09-10 09:00:00","CAPE","surface",-74.3037,16.9778,3007
"2026-09-09 18:00:00","2026-09-10 09:00:00","CAPE","surface",-74.2798,16.9778,2985
"2026-09-09 18:00:00","2026-09-10 09:00:00","CAPE","surface",-74.2559,16.9778,2718
"2026-09-09 18:00:00","2026-09-10 09:00:00","CAPE","surface",-74.232,16.9778,2430
"2026-09-09 18:00:00","2026-09-10 09:00:00","CAPE","surface",-74.208,16.9778,2226
"2026-09-09 18:00:00","2026-09-10 09:00:00","CAPE","surface",-74.1841,16.9778,2092
"2026-09-09 18:00:00","2026-09-10 09:00:00","CAPE","surface",-74.1602,16.9778,2132
"2026-09-09 18:00:00","2026-09-10 09:00:00","CAPE","surface",-74.1363,16.9778,2095
"2026-09-09 18:00:00","2026-09-10 09:00:00","CAPE","surface",-74.1123,16.9778,2143
"2026-09-09 18:00:00","2026-09-10 09:00:00","CAPE","surface",-74.0884,16.9778,2315
"2026-09-09 18:00:00","2026-09-10 09:00:00","CAPE","surface",-74.0645,16.9778,2512
"2026-09-09 18:00:00","2026-09-10 09:00:00","CAPE","surface",-74.0406,16.9778,2761
"2026-09-09 18:00:00","2026-09-10 09:00:00","CAPE","surface",-74.0166,16.9778,2658
"2026-09-09 18:00:00","2026-09-10 09:00:00","CAPE","surface",-73.9927,16.9778,2651
"2026-09-09 18:00:00","2026-09-10 09:00:00","CAPE","surface",-73.9688,16.9778,2763
"2026-09-09 18:00:00","2026-09-10 09:00:00","CAPE","surface",-73.9449,16.9778,2558
"2026-09-09 18:00:00","2026-09-10 09:00:00","CAPE","surface",-73.9209,16.9778,2583
"2026-09-09 18:00:00","2026-09-10 09:00:00","CAPE","surface",-73.897,16.9778,2257
"2026-09-09 18:00:00","2026-09-10 09:00:00","CAPE","surface",-73.8731,16.9778,2257
"2026-09-09 18:00:00","2026-09-10 09:00:00","CAPE","surface",-73.8492,16.9778,2159
"2026-09-09 18:00:00","2026-09-10 09:00:00","CAPE","surface",-73.8252,16.9778,2155
"2026-09-09 18:00:00","2026-09-10 09:00:00","CAPE","surface",-73.8013,16.9778,2150
"2026-09-09 18:00:00","2026-09-10 09:00:00","CAPE","surface",-73.7774,16.9778,2175
"2026-09-09 18:00:00","2026-09-10 09:00:00","CAPE","surface",-73.7535,16.9778,2295
"2026-09-09 18:00:00","2026-09-10 09:00:00","CAPE","surface",-73.7295,16.9778,2295
"2026-09-09 18:00:00","2026-09-10 09:00:00","CAPE","surface",-73.7056,16.9778,2361
"2026-09-09 18:00:00","2026-09-10 09:00:00","CAPE","surface",-73.6817,16.9778,2330
"2026-09-09 18:00:00","2026-09-10 09:00:00","CAPE","surface",-73.6578,16.9778,2287
"2026-09-09 18:00:00","2026-09-10 09:00:00","CAPE","surface",-73.6338,16.9778,2348
"2026-09-09 18:00:00","2026-09-10 09:00:00","CAPE","surface",-73.6099,16.9778,2360
"2026-09-09 18:00:00","2026-09-10 09:00:00","CAPE","surface",-73.586,16.9778,2360
"2026-09-09 18:00:00","2026-09-10 09:00:00","CAPE","surface",-73.5621,16.9778,2386
"2026-09-09 18:00:00","2026-09-10 09:00:00","CAPE","surface",-73.5381,16.9778,2424
"2026-09-09 18:00:00","2026-09-10 09:00:00","CAPE","surface",-73.5142,16.9778,2380
"2026-09-09 18:00:00","2026-09-10 09:00:00","CAPE","surface",-73.4903,16.9778,2393
"2026-09-09 18:00:00","2026-09-10 09:00:00","CAPE","surface",-73.4664,16.9778,2335
"2026-09-09 18:00:00","2026-09-10 09:00:00","CAPE","surface",-73.4424,16.9778,2384
"2026-09-09 18:00:00","2026-09-10 09:00:00","CAPE","surface",-73.4185,16.9778,2349
"2026-09-09 18:00:00","2026-09-10 09:00:00","CAPE","surface",-73.3946,16.9778,2413
"2026-09-09 18:00:00","2026-09-10 09:00:00","CAPE","surface",-73.3707,16.9778,2438
"2026-09-09 18:00:00","2026-09-10 09:00:00","CAPE","surface",-73.3467,16.9778,2366
"2026-09-09 18:00:00","2026-09-10 09:00:00","CAPE","surface",-73.3228,16.9778,2351
"2026-09-09 18:00:00","2026-09-10 09:00:00","CAPE","surface",-73.2989,16.9778,2283
"2026-09-09 18:00:00","2026-09-10 09:00:00","CAPE","surface",-73.275,16.9778,2282
"2026-09-09 18:00:00","2026-09-10 09:00:00","CAPE","surface",-73.251,16.9778,2345
"2026-09-09 18:00:00","2026-09-10 09:00:00","CAPE","surface",-73.2271,16.9778,2348
"2026-09-09 18:00:00","2026-09-10 09:00:00","CAPE","surface",-73.2032,16.9778,2438
"2026-09-09 18:00:00","2026-09-10 09:00:00","CAPE","surface",-73.1793,16.9778,2418
"2026-09-09 18:00:00","2026-09-10 09:00:00","CAPE","surface",-73.1553,16.9778,2418
"2026-09-09 18:00:00","2026-09-10 09:00:00","CAPE","surface",-73.1314,16.9778,2437
"2026-09-09 18:00:00","2026-09-10 09:00:00","CAPE","surface",-73.1075,16.9778,2242
"2026-09-09 18:00:00","2026-09-10 09:00:00","CAPE","surface",-73.0836,16.9778,2323
"2026-09-09 18:00:00","2026-09-10 09:00:00","CAPE","surface",-73.0596,16.9778,2217
"2026-09-09 18:00:00","2026-09-10 09:00:00","CAPE","surface",-73.0357,16.9778,2378
"2026-09-09 18:00:00","2026-09-10 09:00:00","CAPE","surface",-73.0118,16.9778,2280
"2026-09-09 18:00:00","2026-09-10 09:00:00","CAPE","surface",-72.9879,16.9778,2306
"2026-09-09 18:00:00","2026-09-10 09:00:00","CAPE","surface",-72.9639,16.9778,2251
"2026-09-09 18:00:00","2026-09-10 09:00:00","CAPE","surface",-72.94,16.9778,2321
"2026-09-09 18:00:00","2026-09-10 09:00:00","CAPE","surface",-72.9161,16.9778,2285
"2026-09-09 18:00:00","2026-09-10 09:00:00","CAPE","surface",-72.8922,16.9778,2395
"2026-09-09 18:00:00","2026-09-10 09:00:00","CAPE","surface",-72.8682,16.9778,2367
"2026-09-09 18:00:00","2026-09-10 09:00:00","CAPE","surface",-72.8443,16.9778,2471
"2026-09-09 18:00:00","2026-09-10 09:00:00","CAPE","surface",-72.8204,16.9778,2592
"2026-09-09 18:00:00","2026-09-10 09:00:00","CAPE","surface",-72.7965,16.9778,2606
"2026-09-09 18:00:00","2026-09-10 09:00:00","CAPE","surface",-72.7725,16.9778,2746
"2026-09-09 18:00:00","2026-09-10 09:00:00","CAPE","surface",-72.7486,16.9778,2746
"2026-09-09 18:00:00","2026-09-10 09:00:00","CAPE","surface",-72.7247,16.9778,2813
"2026-09-09 18:00:00","2026-09-10 09:00:00","CAPE","surface",-72.7008,16.9778,2832
"2026-09-09 18:00:00","2026-09-10 09:00:00","CAPE","surface",-72.6768,16.9778,2744
"2026-09-09 18:00:00","2026-09-10 09:00:00","CAPE","surface",-72.6529,16.9778,2769
"2026-09-09 18:00:00","2026-09-10 09:00:00","CAPE","surface",-72.629,16.9778,2618
"2026-09-09 18:00:00","2026-09-10 09:00:00","CAPE","surface",-72.6051,16.9778,2656
"2026-09-09 18:00:00","2026-09-10 09:00:00","CAPE","surface",-72.5811,16.9778,2620
"2026-09-09 18:00:00","2026-09-10 09:00:00","CAPE","surface",-72.5572,16.9778,2659
"2026-09-09 18:00:00","2026-09-10 09:00:00","CAPE","surface",-72.5333,16.9778,2662
"2026-09-09 18:00:00","2026-09-10 09:00:00","CAPE","surface",-72.5094,16.9778,2687
"2026-09-09 18:00:00","2026-09-10 09:00:00","CAPE","surface",-72.4854,16.9778,2687
"2026-09-09 18:00:00","2026-09-10 09:00:00","CAPE","surface",-72.4615,16.9778,2684
"2026-09-09 18:00:00","2026-09-10 09:00:00","CAPE","surface",-72.4376,16.9778,2673
"2026-09-09 18:00:00","2026-09-10 09:00:00","CAPE","surface",-72.4137,16.9778,2670
"2026-09-09 18:00:00","2026-09-10 09:00:00","CAPE","surface",-72.3897,16.9778,2676
"2026-09-09 18:00:00","2026-09-10 09:00:00","CAPE","surface",-72.3658,16.9778,2645
"2026-09-09 18:00:00","2026-09-10 09:00:00","CAPE","surface",-72.3419,16.9778,2654
"2026-09-09 18:00:00","2026-09-10 09:00:00","CAPE","surface",-72.318,16.9778,2592
"2026-09-09 18:00:00","2026-09-10 09:00:00","CAPE","surface",-72.294,16.9778,2576
"2026-09-09 18:00:00","2026-09-10 09:00:00","CAPE","surface",-72.2701,16.9778,2527
"2026-09-09 18:00:00","2026-09-10 09:00:00","CAPE","surface",-72.2462,16.9778,2508
"2026-09-09 18:00:00","2026-09-10 09:00:00","CAPE","surface",-72.2223,16.9778,2535
"2026-09-09 18:00:00","2026-09-10 09:00:00","CAPE","surface",-72.1983,16.9778,2536
"2026-09-09 18:00:00","2026-09-10 09:00:00","CAPE","surface",-72.1744,16.9778,2501
"2026-09-09 18:00:00","2026-09-10 09:00:00","CAPE","surface",-72.1505,16.9778,2523
"2026-09-09 18:00:00","2026-09-10 09:00:00","CAPE","surface",-72.1266,16.9778,2500
"2026-09-09 18:00:00","2026-09-10 09:00:00","CAPE","surface",-72.1026,16.9778,2552
"2026-09-09 18:00:00","2026-09-10 09:00:00","CAPE","surface",-72.0787,16.9778,2523
"2026-09-09 18:00:00","2026-09-10 09:00:00","CAPE","surface",-72.0548,16.9778,2575
"2026-09-09 18:00:00","2026-09-10 09:00:00","CAPE","surface",-72.0309,16.9778,2578
"2026-09-09 18:00:00","2026-09-10 09:00:00","CAPE","surface",-72.0069,16.9778,2684
"2026-09-09 18:00:00","2026-09-10 09:00:00","CAPE","surface",-71.983,16.9778,2698
"2026-09-09 18:00:00","2026-09-10 09:00:00","CAPE","surface",-71.9591,16.9778,2732
"2026-09-09 18:00:00","2026-09-10 09:00:00","CAPE","surface",-71.9352,16.9778,2690
"2026-09-09 18:00:00","2026-09-10 09:00:00","CAPE","surface",-71.9112,16.9778,2635
"2026-09-09 18:00:00","2026-09-10 09:00:00","CAPE","surface",-71.8873,16.9778,2684
"2026-09-09 18:00:00","2026-09-10 09:00:00","CAPE","surface",-71.8634,16.9778,2710
"2026-09-09 18:00:00","2026-09-10 09:00:00","CAPE","surface",-71.8395,16.9778,2729
"2026-09-09 18:00:00","2026-09-10 09:00:00","CAPE","surface",-71.8155,16.9778,2750
"2026-09-09 18:00:00","2026-09-10 09:00:00","CAPE","surface",-71.7916,16.9778,2706
"2026-09-09 18:00:00","2026-09-10 09:00:00","CAPE","surface",-71.7677,16.9778,2668
"2026-09-09 18:00:00","2026-09-10 09:00:00","CAPE","surface",-71.7438,16.9778,2618
"2026-09-09 18:00:00","2026-09-10 09:00:00","CAPE","surface",-71.7198,16.9778,2618
"2026-09-09 18:00:00","2026-09-10 09:00:00","CAPE","surface",-71.6959,16.9778,2616
"2026-09-09 18:00:00","2026-09-10 09:00:00","CAPE","surface",-71.672,16.9778,2608
"2026-09-09 18:00:00","2026-09-10 09:00:00","CAPE","surface",-71.6481,16.9778,2585
"2026-09-09 18:00:00","2026-09-10 09:00:00","CAPE","surface",-71.6241,16.9778,2562
"2026-09-09 18:00:00","2026-09-10 09:00:00","CAPE","surface",-71.6002,16.9778,2562
"2026-09-09 18:00:00","2026-09-10 09:00:00","CAPE","surface",-71.5763,16.9778,2477
"2026-09-09 18:00:00","2026-09-10 09:00:00","CAPE","surface",-71.5524,16.9778,2449
"2026-09-09 18:00:00","2026-09-10 09:00:00","CAPE","surface",-71.5284,16.9778,2377
"2026-09-09 18:00:00","2026-09-10 09:00:00","CAPE","surface",-71.5045,16.9778,2378
"2026-09-09 18:00:00","2026-09-10 09:00:00","CAPE","surface",-71.4806,16.9778,2361
"2026-09-09 18:00:00","2026-09-10 09:00:00","CAPE","surface",-71.4567,16.9778,2361
"2026-09-09 18:00:00","2026-09-10 09:00:00","CAPE","surface",-71.4327,16.9778,2349
"2026-09-09 18:00:00","2026-09-10 09:00:00","CAPE","surface",-71.4088,16.9778,2321
"2026-09-09 18:00:00","2026-09-10 09:00:00","CAPE","surface",-71.3849,16.9778,2330
"2026-09-09 18:00:00","2026-09-10 09:00:00","CAPE","surface",-71.361,16.9778,2304
"2026-09-09 18:00:00","2026-09-10 09:00:00","CAPE","surface",-71.337,16.9778,2304
"2026-09-09 18:00:00","2026-09-10 09:00:00","CAPE","surface",-71.3131,16.9778,2316
"2026-09-09 18:00:00","2026-09-10 09:00:00","CAPE","surface",-71.2892,16.9778,2317
"2026-09-09 18:00:00","2026-09-10 09:00:00","CAPE","surface",-71.2653,16.9778,2313
"2026-09-09 18:00:00","2026-09-10 09:00:00","CAPE","surface",-71.2413,16.9778,2317
"2026-09-09 18:00:00","2026-09-10 09:00:00","CAPE","surface",-71.2174,16.9778,2279
"2026-09-09 18:00:00","2026-09-10 09:00:00","CAPE","surface",-71.1935,16.9778,2291
"2026-09-09 18:00:00","2026-09-10 09:00:00","CAPE","surface",-71.1696,16.9778,2291
"2026-09-09 18:00:00","2026-09-10 09:00:00","CAPE","surface",-71.1456,16.9778,2319
"2026-09-09 18:00:00","2026-09-10 09:00:00","CAPE","surface",-71.1217,16.9778,2386
"2026-09-09 18:00:00","2026-09-10 09:00:00","CAPE","surface",-71.0978,16.9778,2312
"2026-09-09 18:00:00","2026-09-10 09:00:00","CAPE","surface",-71.0739,16.9778,2368
"2026-09-09 18:00:00","2026-09-10 09:00:00","CAPE","surface",-71.0499,16.9778,2330
"2026-09-09 18:00:00","2026-09-10 09:00:00","CAPE","surface",-71.026,16.9778,2395
"2026-09-09 18:00:00","2026-09-10 09:00:00","CAPE","surface",-71.0021,16.9778,2289
"2026-09-09 18:00:00","2026-09-10 09:00:00","CAPE","surface",-70.9782,16.9778,2289
"2026-09-09 18:00:00","2026-09-10 09:00:00","CAPE","surface",-70.9542,16.9778,2289
"2026-09-09 18:00:00","2026-09-10 09:00:00","CAPE","surface",-70.9303,16.9778,2300
"2026-09-09 18:00:00","2026-09-10 09:00:00","CAPE","surface",-70.9064,16.9778,2300
"2026-09-09 18:00:00","2026-09-10 09:00:00","CAPE","surface",-70.8825,16.9778,2340
"2026-09-09 18:00:00","2026-09-10 09:00:00","CAPE","surface",-70.8585,16.9778,2340
"2026-09-09 18:00:00","2026-09-10 09:00:00","CAPE","surface",-70.8346,16.9778,2393
"2026-09-09 18:00:00","2026-09-10 09:00:00","CAPE","surface",-70.8107,16.9778,2381
"2026-09-09 18:00:00","2026-09-10 09:00:00","CAPE","surface",-70.7868,16.9778,2475
"2026-09-09 18:00:00","2026-09-10 09:00:00","CAPE","surface",-70.7628,16.9778,2593
"2026-09-09 18:00:00","2026-09-10 09:00:00","CAPE","surface",-70.7389,16.9778,2732
"2026-09-09 18:00:00","2026-09-10 09:00:00","CAPE","surface",-70.715,16.9778,2849
"2026-09-09 18:00:00","2026-09-10 09:00:00","CAPE","surface",-70.6911,16.9778,2910
"2026-09-09 18:00:00","2026-09-10 09:00:00","CAPE","surface",-70.6671,16.9778,2426
"2026-09-09 18:00:00","2026-09-10 09:00:00","CAPE","surface",-70.6432,16.9778,1686
"2026-09-09 18:00:00","2026-09-10 09:00:00","CAPE","surface",-70.6193,16.9778,1140
"2026-09-09 18:00:00","2026-09-10 09:00:00","CAPE","surface",-70.5954,16.9778,942
"2026-09-09 18:00:00","2026-09-10 09:00:00","CAPE","surface",-70.5714,16.9778,1168
"2026-09-09 18:00:00","2026-09-10 09:00:00","CAPE","surface",-70.5475,16.9778,1738
"2026-09-09 18:00:00","2026-09-10 09:00:00","CAPE","surface",-70.5236,16.9778,2044
"2026-09-09 18:00:00","2026-09-10 09:00:00","CAPE","surface",-70.4997,16.9778,2044
"2026-09-09 18:00:00","2026-09-10 09:00:00","CAPE","surface",-70.4757,16.9778,1515
"2026-09-09 18:00:00","2026-09-10 09:00:00","CAPE","surface",-70.4518,16.9778,1212
"2026-09-09 18:00:00","2026-09-10 09:00:00","CAPE","surface",-70.4279,16.9778,1292
"2026-09-09 18:00:00","2026-09-10 09:00:00","CAPE","surface",-70.404,16.9778,1277
"2026-09-09 18:00:00","2026-09-10 09:00:00","CAPE","surface",-70.38,16.9778,1277
"2026-09-09 18:00:00","2026-09-10 09:00:00","CAPE","surface",-70.3561,16.9778,1331
"2026-09-09 18:00:00","2026-09-10 09:00:00","CAPE","surface",-70.3322,16.9778,1415
"2026-09-09 18:00:00","2026-09-10 09:00:00","CAPE","surface",-70.3083,16.9778,1496
"2026-09-09 18:00:00","2026-09-10 09:00:00","CAPE","surface",-70.2843,16.9778,1647
"2026-09-09 18:00:00","2026-09-10 09:00:00","CAPE","surface",-70.2604,16.9778,1735
"2026-09-09 18:00:00","2026-09-10 09:00:00","CAPE","surface",-70.2365,16.9778,2019
"2026-09-09 18:00:00","2026-09-10 09:00:00","CAPE","surface",-70.2126,16.9778,2105
"2026-09-09 18:00:00","2026-09-10 09:00:00","CAPE","surface",-70.1886,16.9778,2125
"2026-09-09 18:00:00","2026-09-10 09:00:00","CAPE","surface",-70.1647,16.9778,1989
"2026-09-09 18:00:00","2026-09-10 09:00:00","CAPE","surface",-70.1408,16.9778,2057
"2026-09-09 18:00:00","2026-09-10 09:00:00","CAPE","surface",-70.1169,16.9778,1981
"2026-09-09 18:00:00","2026-09-10 09:00:00","CAPE","surface",-70.0929,16.9778,2146
"2026-09-09 18:00:00","2026-09-10 09:00:00","CAPE","surface",-70.069,16.9778,2062
"2026-09-09 18:00:00","2026-09-10 09:00:00","CAPE","surface",-70.0451,16.9778,2226
"2026-09-09 18:00:00","2026-09-10 09:00:00","CAPE","surface",-70.0212,16.9778,2363
"2026-09-09 18:00:00","2026-09-10 09:00:00","CAPE","surface",-69.9972,16.9778,2353
"2026-09-09 18:00:00","2026-09-10 09:00:00","CAPE","surface",-69.9733,16.9778,2417
"2026-09-09 18:00:00","2026-09-10 09:00:00","CAPE","surface",-69.9494,16.9778,2412
"2026-09-09 18:00:00","2026-09-10 09:00:00","CAPE","surface",-69.9255,16.9778,2527
"2026-09-09 18:00:00","2026-09-10 09:00:00","CAPE","surface",-69.9015,16.9778,2527
"2026-09-09 18:00:00","2026-09-10 09:00:00","CAPE","surface",-69.8776,16.9778,2574
"2026-09-09 18:00:00","2026-09-10 09:00:00","CAPE","surface",-69.8537,16.9778,2524
"2026-09-09 18:00:00","2026-09-10 09:00:00","CAPE","surface",-69.8298,16.9778,2546
"2026-09-09 18:00:00","2026-09-10 09:00:00","CAPE","surface",-69.8058,16.9778,2506
"2026-09-09 18:00:00","2026-09-10 09:00:00","CAPE","surface",-69.7819,16.9778,2502
"2026-09-09 18:00:00","2026-09-10 09:00:00","CAPE","surface",-69.758,16.9778,2512
"2026-09-09 18:00:00","2026-09-10 09:00:00","CAPE","surface",-69.7341,16.9778,2618
"2026-09-09 18:00:00","2026-09-10 09:00:00","CAPE","surface",-69.7101,16.9778,2673
"2026-09-09 18:00:00","2026-09-10 09:00:00","CAPE","surface",-69.6862,16.9778,2673
"2026-09-09 18:00:00","2026-09-10 09:00:00","CAPE","surface",-69.6623,16.9778,2695
"2026-09-09 18:00:00","2026-09-10 09:00:00","CAPE","surface",-69.6384,16.9778,2706
"2026-09-09 18:00:00","2026-09-10 09:00:00","CAPE","surface",-69.6144,16.9778,2749
"2026-09-09 18:00:00","2026-09-10 09:00:00","CAPE","surface",-69.5905,16.9778,2856
"2026-09-09 18:00:00","2026-09-10 09:00:00","CAPE","surface",-69.5666,16.9778,2856
"2026-09-09 18:00:00","2026-09-10 09:00:00","CAPE","surface",-69.5427,16.9778,2929
"2026-09-09 18:00:00","2026-09-10 09:00:00","CAPE","surface",-69.5187,16.9778,2973
"2026-09-09 18:00:00","2026-09-10 09:00:00","CAPE","surface",-69.4948,16.9778,3043
"2026-09-09 18:00:00","2026-09-10 09:00:00","CAPE","surface",-69.4709,16.9778,3145
"2026-09-09 18:00:00","2026-09-10 09:00:00","CAPE","surface",-69.447,16.9778,3145
"2026-09-09 18:00:00","2026-09-10 09:00:00","CAPE","surface",-69.423,16.9778,3281
"2026-09-09 18:00:00","2026-09-10 09:00:00","CAPE","surface",-69.3991,16.9778,3306
"2026-09-09 18:00:00","2026-09-10 09:00:00","CAPE","surface",-69.3752,16.9778,3412
"2026-09-09 18:00:00","2026-09-10 09:00:00","CAPE","surface",-69.3513,16.9778,3412
"2026-09-09 18:00:00","2026-09-10 09:00:00","CAPE","surface",-69.3273,16.9778,3510
"2026-09-09 18:00:00","2026-09-10 09:00:00","CAPE","surface",-69.3034,16.9778,3428
"2026-09-09 18:00:00","2026-09-10 09:00:00","CAPE","surface",-69.2795,16.9778,3464
"2026-09-09 18:00:00","2026-09-10 09:00:00","CAPE","surface",-69.2556,16.9778,3577
"2026-09-09 18:00:00","2026-09-10 09:00:00","CAPE","surface",-69.2316,16.9778,3577
"2026-09-09 18:00:00","2026-09-10 09:00:00","CAPE","surface",-69.2077,16.9778,3610
"2026-09-09 18:00:00","2026-09-10 09:00:00","CAPE","surface",-69.1838,16.9778,3621
"2026-09-09 18:00:00","2026-09-10 09:00:00","CAPE","surface",-69.1599,16.9778,3525
"2026-09-09 18:00:00","2026-09-10 09:00:00","CAPE","surface",-69.1359,16.9778,3630
"2026-09-09 18:00:00","2026-09-10 09:00:00","CAPE","surface",-69.112,16.9778,3500
"2026-09-09 18:00:00","2026-09-10 09:00:00","CAPE","surface",-69.0881,16.9778,3165
"2026-09-09 18:00:00","2026-09-10 09:00:00","CAPE","surface",-69.0642,16.9778,3168
"2026-09-09 18:00:00","2026-09-10 09:00:00","CAPE","surface",-69.0402,16.9778,2772
"2026-09-09 18:00:00","2026-09-10 09:00:00","CAPE","surface",-69.0163,16.9778,2772
"2026-09-09 18:00:00","2026-09-10 09:00:00","CAPE","surface",-68.9924,16.9778,2629
"2026-09-09 18:00:00","2026-09-10 09:00:00","CAPE","surface",-68.9685,16.9778,2644
"2026-09-09 18:00:00","2026-09-10 09:00:00","CAPE","surface",-68.9445,16.9778,2668
"2026-09-09 18:00:00","2026-09-10 09:00:00","CAPE","surface",-68.9206,16.9778,2786
"2026-09-09 18:00:00","2026-09-10 09:00:00","CAPE","surface",-68.8967,16.9778,2786
"2026-09-09 18:00:00","2026-09-10 09:00:00","CAPE","surface",-68.8728,16.9778,2810
"2026-09-09 18:00:00","2026-09-10 09:00:00","CAPE","surface",-68.8488,16.9778,2867
"2026-09-09 18:00:00","2026-09-10 09:00:00","CAPE","surface",-68.8249,16.9778,2819
"2026-09-09 18:00:00","2026-09-10 09:00:00","CAPE","surface",-68.801,16.9778,2819
"2026-09-09 18:00:00","2026-09-10 09:00:00","CAPE","surface",-68.7771,16.9778,2774
"2026-09-09 18:00:00","2026-09-10 09:00:00","CAPE","surface",-68.7531,16.9778,2703
"2026-09-09 18:00:00","2026-09-10 09:00:00","CAPE","surface",-68.7292,16.9778,2629
"2026-09-09 18:00:00","2026-09-10 09:00:00","CAPE","surface",-68.7053,16.9778,2646
"2026-09-09 18:00:00","2026-09-10 09:00:00","CAPE","surface",-68.6813,16.9778,2646
"2026-09-09 18:00:00","2026-09-10 09:00:00","CAPE","surface",-68.6574,16.9778,2729
"2026-09-09 18:00:00","2026-09-10 09:00:00","CAPE","surface",-68.6335,16.9778,2719
"2026-09-09 18:00:00","2026-09-10 09:00:00","CAPE","surface",-68.6096,16.9778,2826
"2026-09-09 18:00:00","2026-09-10 09:00:00","CAPE","surface",-68.5856,16.9778,2842
"2026-09-09 18:00:00","2026-09-10 09:00:00","CAPE","surface",-68.5617,16.9778,2832
"2026-09-09 18:00:00","2026-09-10 09:00:00","CAPE","surface",-68.5378,16.9778,2859
"2026-09-09 18:00:00","2026-09-10 09:00:00","CAPE","surface",-68.5139,16.9778,2870
"2026-09-09 18:00:00","2026-09-10 09:00:00","CAPE","surface",-68.4899,16.9778,2910
"2026-09-09 18:00:00","2026-09-10 09:00:00","CAPE","surface",-68.466,16.9778,2910
"2026-09-09 18:00:00","2026-09-10 09:00:00","CAPE","surface",-68.4421,16.9778,2941
"2026-09-09 18:00:00","2026-09-10 09:00:00","CAPE","surface",-68.4182,16.9778,3058
"2026-09-09 18:00:00","2026-09-10 09:00:00","CAPE","surface",-68.3942,16.9778,3135
"2026-09-09 18:00:00","2026-09-10 09:00:00","CAPE","surface",-68.3703,16.9778,3189
"2026-09-09 18:00:00","2026-09-10 09:00:00","CAPE","surface",-68.3464,16.9778,3198
"2026-09-09 18:00:00","2026-09-10 09:00:00","CAPE","surface",-68.3225,16.9778,3162
"2026-09-09 18:00:00","2026-09-10 09:00:00","CAPE","surface",-68.2985,16.9778,3095
"2026-09-09 18:00:00","2026-09-10 09:00:00","CAPE","surface",-68.2746,16.9778,3045
"2026-09-09 18:00:00","2026-09-10 09:00:00","CAPE","surface",-68.2507,16.9778,3180
"2026-09-09 18:00:00","2026-09-10 09:00:00","CAPE","surface",-68.2268,16.9778,3188
"2026-09-09 18:00:00","2026-09-10 09:00:00","CAPE","surface",-68.2028,16.9778,3286
"2026-09-09 18:00:00","2026-09-10 09:00:00","CAPE","surface",-68.1789,16.9778,3248
"2026-09-09 18:00:00","2026-09-10 09:00:00","CAPE","surface",-68.155,16.9778,3052
"2026-09-09 18:00:00","2026-09-10 09:00:00","CAPE","surface",-68.1311,16.9778,3036
"2026-09-09 18:00:00","2026-09-10 09:00:00","CAPE","surface",-68.1071,16.9778,2776
"2026-09-09 18:00:00","2026-09-10 09:00:00","CAPE","surface",-68.0832,16.9778,2673
"2026-09-09 18:00:00","2026-09-10 09:00:00","CAPE","surface",-68.0593,16.9778,2679
"2026-09-09 18:00:00","2026-09-10 09:00:00","CAPE","surface",-68.0354,16.9778,2693
"2026-09-09 18:00:00","2026-09-10 09:00:00","CAPE","surface",-68.0114,16.9778,2697
"2026-09-09 18:00:00","2026-09-10 09:00:00","CAPE","surface",-67.9875,16.9778,2696
"2026-09-09 18:00:00","2026-09-10 09:00:00","CAPE","surface",-67.9636,16.9778,2712
"2026-09-09 18:00:00","2026-09-10 09:00:00","CAPE","surface",-67.9397,16.9778,2638
"2026-09-09 18:00:00","2026-09-10 09:00:00","CAPE","surface",-67.9157,16.9778,2603
"2026-09-09 18:00:00","2026-09-10 09:00:00","CAPE","surface",-67.8918,16.9778,2713
"2026-09-09 18:00:00","2026-09-10 09:00:00","CAPE","surface",-67.8679,16.9778,2694
"2026-09-09 18:00:00","2026-09-10 09:00:00","CAPE","surface",-67.844,16.9778,2694
"2026-09-09 18:00:00","2026-09-10 09:00:00","CAPE","surface",-67.82,16.9778,2637
"2026-09-09 18:00:00","2026-09-10 09:00:00","CAPE","surface",-67.7961,16.9778,2669
"2026-09-09 18:00:00","2026-09-10 09:00:00","CAPE","surface",-67.7722,16.9778,2642
"2026-09-09 18:00:00","2026-09-10 09:00:00","CAPE","surface",-67.7483,16.9778,2717
"2026-09-09 18:00:00","2026-09-10 09:00:00","CAPE","surface",-67.7243,16.9778,2717
"2026-09-09 18:00:00","2026-09-10 09:00:00","CAPE","surface",-67.7004,16.9778,2928
"2026-09-09 18:00:00","2026-09-10 09:00:00","CAPE","surface",-67.6765,16.9778,3015
"2026-09-09 18:00:00","2026-09-10 09:00:00","CAPE","surface",-67.6526,16.9778,3271
"2026-09-09 18:00:00","2026-09-10 09:00:00","CAPE","surface",-67.6286,16.9778,3271
"2026-09-09 18:00:00","2026-09-10 09:00:00","CAPE","surface",-67.6047,16.9778,3504
"2026-09-09 18:00:00","2026-09-10 09:00:00","CAPE","surface",-67.5808,16.9778,3511
"2026-09-09 18:00:00","2026-09-10 09:00:00","CAPE","surface",-67.5569,16.9778,3334
"2026-09-09 18:00:00","2026-09-10 09:00:00","CAPE","surface",-67.5329,16.9778,3056
"2026-09-09 18:00:00","2026-09-10 09:00:00","CAPE","surface",-67.509,16.9778,2957
"2026-09-09 18:00:00","2026-09-10 09:00:00","CAPE","surface",-67.4851,16.9778,2880
"2026-09-09 18:00:00","2026-09-10 09:00:00","CAPE","surface",-67.4612,16.9778,2943
"2026-09-09 18:00:00","2026-09-10 09:00:00","CAPE","surface",-67.4372,16.9778,3063
"2026-09-09 18:00:00","2026-09-10 09:00:00","CAPE","surface",-67.4133,16.9778,3039
"2026-09-09 18:00:00","2026-09-10 09:00:00","CAPE","surface",-67.3894,16.9778,3093
"2026-09-09 18:00:00","2026-09-10 09:00:00","CAPE","surface",-67.3655,16.9778,3096
"2026-09-09 18:00:00","2026-09-10 09:00:00","CAPE","surface",-67.3415,16.9778,3102
"2026-09-09 18:00:00","2026-09-10 09:00:00","CAPE","surface",-67.3176,16.9778,3120
"2026-09-09 18:00:00","2026-09-10 09:00:00","CAPE","surface",-67.2937,16.9778,3157
"2026-09-09 18:00:00","2026-09-10 09:00:00","CAPE","surface",-67.2698,16.9778,3132
"2026-09-09 18:00:00","2026-09-10 09:00:00","CAPE","surface",-67.2458,16.9778,3272
"2026-09-09 18:00:00","2026-09-10 09:00:00","CAPE","surface",-67.2219,16.9778,3272
"2026-09-09 18:00:00","2026-09-10 09:00:00","CAPE","surface",-67.198,16.9778,3478
"2026-09-09 18:00:00","2026-09-10 09:00:00","CAPE","surface",-67.1741,16.9778,3486
"2026-09-09 18:00:00","2026-09-10 09:00:00","CAPE","surface",-67.1501,16.9778,3368
"2026-09-09 18:00:00","2026-09-10 09:00:00","CAPE","surface",-67.1262,16.9778,3140
"2026-09-09 18:00:00","2026-09-10 09:00:00","CAPE","surface",-67.1023,16.9778,3129
"2026-09-09 18:00:00","2026-09-10 09:00:00","CAPE","surface",-67.0784,16.9778,3090
"2026-09-09 18:00:00","2026-09-10 09:00:00","CAPE","surface",-67.0544,16.9778,3115
"2026-09-09 18:00:00","2026-09-10 09:00:00","CAPE","surface",-67.0305,16.9778,3145
"2026-09-09 18:00:00","2026-09-10 09:00:00","CAPE","surface",-67.0066,16.9778,3145
"2026-09-09 18:00:00","2026-09-10 09:00:00","CAPE","surface",-74.7822,17.0007,2583
"2026-09-09 18:00:00","2026-09-10 09:00:00","CAPE","surface",-74.7583,17.0007,2467
"2026-09-09 18:00:00","2026-09-10 09:00:00","CAPE","surface",-74.7344,17.0007,2410
"2026-09-09 18:00:00","2026-09-10 09:00:00","CAPE","surface",-74.7105,17.0007,2384
"2026-09-09 18:00:00","2026-09-10 09:00:00","CAPE","surface",-74.6865,17.0007,2384
"2026-09-09 18:00:00","2026-09-10 09:00:00","CAPE","surface",-74.6626,17.0007,2448
"2026-09-09 18:00:00","2026-09-10 09:00:00","CAPE","surface",-74.6387,17.0007,2498
"2026-09-09 18:00:00","2026-09-10 09:00:00","CAPE","surface",-74.6148,17.0007,2746
"2026-09-09 18:00:00","2026-09-10 09:00:00","CAPE","surface",-74.5908,17.0007,2752
"2026-09-09 18:00:00","2026-09-10 09:00:00","CAPE","surface",-74.5669,17.0007,2632
"2026-09-09 18:00:00","2026-09-10 09:00:00","CAPE","surface",-74.543,17.0007,2632
"2026-09-09 18:00:00","2026-09-10 09:00:00","CAPE","surface",-74.5191,17.0007,2350
"2026-09-09 18:00:00","2026-09-10 09:00:00","CAPE","surface",-74.4951,17.0007,2328
"2026-09-09 18:00:00","2026-09-10 09:00:00","CAPE","surface",-74.4712,17.0007,2364
"2026-09-09 18:00:00","2026-09-10 09:00:00","CAPE","surface",-74.4473,17.0007,2656
"2026-09-09 18:00:00","2026-09-10 09:00:00","CAPE","surface",-74.4234,17.0007,2798
"2026-09-09 18:00:00","2026-09-10 09:00:00","CAPE","surface",-74.3994,17.0007,2798
"2026-09-09 18:00:00","2026-09-10 09:00:00","CAPE","surface",-74.3755,17.0007,2720
"2026-09-09 18:00:00","2026-09-10 09:00:00","CAPE","surface",-74.3516,17.0007,2903
"2026-09-09 18:00:00","2026-09-10 09:00:00","CAPE","surface",-74.3277,17.0007,2839
"2026-09-09 18:00:00","2026-09-10 09:00:00","CAPE","surface",-74.3037,17.0007,3007
"2026-09-09 18:00:00","2026-09-10 09:00:00","CAPE","surface",-74.2798,17.0007,2812
"2026-09-09 18:00:00","2026-09-10 09:00:00","CAPE","surface",-74.2559,17.0007,2718
"2026-09-09 18:00:00","2026-09-10 09:00:00","CAPE","surface",-74.232,17.0007,2585
"2026-09-09 18:00:00","2026-09-10 09:00:00","CAPE","surface",-74.208,17.0007,2382
"2026-09-09 18:00:00","2026-09-10 09:00:00","CAPE","surface",-74.1841,17.0007,2240
"2026-09-09 18:00:00","2026-09-10 09:00:00","CAPE","surface",-74.1602,17.0007,2113
"2026-09-09 18:00:00","2026-09-10 09:00:00","CAPE","surface",-74.1363,17.0007,2092
"2026-09-09 18:00:00","2026-09-10 09:00:00","CAPE","surface",-74.1123,17.0007,2094
"2026-09-09 18:00:00","2026-09-10 09:00:00","CAPE","surface",-74.0884,17.0007,2094
"2026-09-09 18:00:00","2026-09-10 09:00:00","CAPE","surface",-74.0645,17.0007,2223
"2026-09-09 18:00:00","2026-09-10 09:00:00","CAPE","surface",-74.0406,17.0007,2425
"2026-09-09 18:00:00","2026-09-10 09:00:00","CAPE","surface",-74.0166,17.0007,2505
"2026-09-09 18:00:00","2026-09-10 09:00:00","CAPE","surface",-73.9927,17.0007,2651
"2026-09-09 18:00:00","2026-09-10 09:00:00","CAPE","surface",-73.9688,17.0007,2510
"2026-09-09 18:00:00","2026-09-10 09:00:00","CAPE","surface",-73.9449,17.0007,2510
"2026-09-09 18:00:00","2026-09-10 09:00:00","CAPE","surface",-73.9209,17.0007,2323
"2026-09-09 18:00:00","2026-09-10 09:00:00","CAPE","surface",-73.897,17.0007,2292
"2026-09-09 18:00:00","2026-09-10 09:00:00","CAPE","surface",-73.8731,17.0007,2185
"2026-09-09 18:00:00","2026-09-10 09:00:00","CAPE","surface",-73.8492,17.0007,2159
"2026-09-09 18:00:00","2026-09-10 09:00:00","CAPE","surface",-73.8252,17.0007,2139
"2026-09-09 18:00:00","2026-09-10 09:00:00","CAPE","surface",-73.8013,17.0007,2139
"2026-09-09 18:00:00","2026-09-10 09:00:00","CAPE","surface",-73.7774,17.0007,2263
"2026-09-09 18:00:00","2026-09-10 09:00:00","CAPE","surface",-73.7535,17.0007,2490
"2026-09-09 18:00:00","2026-09-10 09:00:00","CAPE","surface",-73.7295,17.0007,2443
"2026-09-09 18:00:00","2026-09-10 09:00:00","CAPE","surface",-73.7056,17.0007,2383
"2026-09-09 18:00:00","2026-09-10 09:00:00","CAPE","surface",-73.6817,17.0007,2300
"2026-09-09 18:00:00","2026-09-10 09:00:00","CAPE","surface",-73.6578,17.0007,2304
"2026-09-09 18:00:00","2026-09-10 09:00:00","CAPE","surface",-73.6338,17.0007,2262
"2026-09-09 18:00:00","2026-09-10 09:00:00","CAPE","surface",-73.6099,17.0007,2294
"2026-09-09 18:00:00","2026-09-10 09:00:00","CAPE","surface",-73.586,17.0007,2354
"2026-09-09 18:00:00","2026-09-10 09:00:00","CAPE","surface",-73.5621,17.0007,2423
"2026-09-09 18:00:00","2026-09-10 09:00:00","CAPE","surface",-73.5381,17.0007,2424
"2026-09-09 18:00:00","2026-09-10 09:00:00","CAPE","surface",-73.5142,17.0007,2537
"2026-09-09 18:00:00","2026-09-10 09:00:00","CAPE","surface",-73.4903,17.0007,2476
"2026-09-09 18:00:00","2026-09-10 09:00:00","CAPE","surface",-73.4664,17.0007,2470
"2026-09-09 18:00:00","2026-09-10 09:00:00","CAPE","surface",-73.4424,17.0007,2384
"2026-09-09 18:00:00","2026-09-10 09:00:00","CAPE","surface",-73.4185,17.0007,2421
"2026-09-09 18:00:00","2026-09-10 09:00:00","CAPE","surface",-73.3946,17.0007,2421
"2026-09-09 18:00:00","2026-09-10 09:00:00","CAPE","surface",-73.3707,17.0007,2517
"2026-09-09 18:00:00","2026-09-10 09:00:00","CAPE","surface",-73.3467,17.0007,2513
"2026-09-09 18:00:00","2026-09-10 09:00:00","CAPE","surface",-73.3228,17.0007,2349
"2026-09-09 18:00:00","2026-09-10 09:00:00","CAPE","surface",-73.2989,17.0007,2414
"2026-09-09 18:00:00","2026-09-10 09:00:00","CAPE","surface",-73.275,17.0007,2356
"2026-09-09 18:00:00","2026-09-10 09:00:00","CAPE","surface",-73.251,17.0007,2631
"2026-09-09 18:00:00","2026-09-10 09:00:00","CAPE","surface",-73.2271,17.0007,2575
"2026-09-09 18:00:00","2026-09-10 09:00:00","CAPE","surface",-73.2032,17.0007,2870
"2026-09-09 18:00:00","2026-09-10 09:00:00","CAPE","surface",-73.1793,17.0007,2686
"2026-09-09 18:00:00","2026-09-10 09:00:00","CAPE","surface",-73.1553,17.0007,2709
"2026-09-09 18:00:00","2026-09-10 09:00:00","CAPE","surface",-73.1314,17.0007,2437
"2026-09-09 18:00:00","2026-09-10 09:00:00","CAPE","surface",-73.1075,17.0007,2750
"2026-09-09 18:00:00","2026-09-10 09:00:00","CAPE","surface",-73.0836,17.0007,2524
"2026-09-09 18:00:00","2026-09-10 09:00:00","CAPE","surface",-73.0596,17.0007,2559
"2026-09-09 18:00:00","2026-09-10 09:00:00","CAPE","surface",-73.0357,17.0007,2378
"2026-09-09 18:00:00","2026-09-10 09:00:00","CAPE","surface",-73.0118,17.0007,2399
"2026-09-09 18:00:00","2026-09-10 09:00:00","CAPE","surface",-72.9879,17.0007,2435
"2026-09-09 18:00:00","2026-09-10 09:00:00","CAPE","surface",-72.9639,17.0007,2435
"2026-09-09 18:00:00","2026-09-10 09:00:00","CAPE","surface",-72.94,17.0007,2469
"2026-09-09 18:00:00","2026-09-10 09:00:00","CAPE","surface",-72.9161,17.0007,2434
"2026-09-09 18:00:00","2026-09-10 09:00:00","CAPE","surface",-72.8922,17.0007,2519
"2026-09-09 18:00:00","2026-09-10 09:00:00","CAPE","surface",-72.8682,17.0007,2504
"2026-09-09 18:00:00","2026-09-10 09:00:00","CAPE","surface",-72.8443,17.0007,2613
"2026-09-09 18:00:00","2026-09-10 09:00:00","CAPE","surface",-72.8204,17.0007,2601
"2026-09-09 18:00:00","2026-09-10 09:00:00","CAPE","surface",-72.7965,17.0007,2692
"2026-09-09 18:00:00","2026-09-10 09:00:00","CAPE","surface",-72.7725,17.0007,2709
"2026-09-09 18:00:00","2026-09-10 09:00:00","CAPE","surface",-72.7486,17.0007,2796
"2026-09-09 18:00:00","2026-09-10 09:00:00","CAPE","surface",-72.7247,17.0007,2813
"2026-09-09 18:00:00","2026-09-10 09:00:00","CAPE","surface",-72.7008,17.0007,2742
"2026-09-09 18:00:00","2026-09-10 09:00:00","CAPE","surface",-72.6768,17.0007,2736
"2026-09-09 18:00:00","2026-09-10 09:00:00","CAPE","surface",-72.6529,17.0007,2580
"2026-09-09 18:00:00","2026-09-10 09:00:00","CAPE","surface",-72.629,17.0007,2548
"2026-09-09 18:00:00","2026-09-10 09:00:00","CAPE","surface",-72.6051,17.0007,2592
"2026-09-09 18:00:00","2026-09-10 09:00:00","CAPE","surface",-72.5811,17.0007,2618
"2026-09-09 18:00:00","2026-09-10 09:00:00","CAPE","surface",-72.5572,17.0007,2618
"2026-09-09 18:00:00","2026-09-10 09:00:00","CAPE","surface",-72.5333,17.0007,2700
"2026-09-09 18:00:00","2026-09-10 09:00:00","CAPE","surface",-72.5094,17.0007,2692
"2026-09-09 18:00:00","2026-09-10 09:00:00","CAPE","surface",-72.4854,17.0007,2710
"2026-09-09 18:00:00","2026-09-10 09:00:00","CAPE","surface",-72.4615,17.0007,2684
"2026-09-09 18:00:00","2026-09-10 09:00:00","CAPE","surface",-72.4376,17.0007,2654
"2026-09-09 18:00:00","2026-09-10 09:00:00","CAPE","surface",-72.4137,17.0007,2660
"2026-09-09 18:00:00","2026-09-10 09:00:00","CAPE","surface",-72.3897,17.0007,2628
"2026-09-09 18:00:00","2026-09-10 09:00:00","CAPE","surface",-72.3658,17.0007,2645
"2026-09-09 18:00:00","2026-09-10 09:00:00","CAPE","surface",-72.3419,17.0007,2595
"2026-09-09 18:00:00","2026-09-10 09:00:00","CAPE","surface",-72.318,17.0007,2560
"2026-09-09 18:00:00","2026-09-10 09:00:00","CAPE","surface",-72.294,17.0007,2560
"2026-09-09 18:00:00","2026-09-10 09:00:00","CAPE","surface",-72.2701,17.0007,2545
"2026-09-09 18:00:00","2026-09-10 09:00:00","CAPE","surface",-72.2462,17.0007,2548
"2026-09-09 18:00:00","2026-09-10 09:00:00","CAPE","surface",-72.2223,17.0007,2573
"2026-09-09 18:00:00","2026-09-10 09:00:00","CAPE","surface",-72.1983,17.0007,2536
"2026-09-09 18:00:00","2026-09-10 09:00:00","CAPE","surface",-72.1744,17.0007,2599
"2026-09-09 18:00:00","2026-09-10 09:00:00","CAPE","surface",-72.1505,17.0007,2559
"2026-09-09 18:00:00","2026-09-10 09:00:00","CAPE","surface",-72.1266,17.0007,2590
"2026-09-09 18:00:00","2026-09-10 09:00:00","CAPE","surface",-72.1026,17.0007,2552
"2026-09-09 18:00:00","2026-09-10 09:00:00","CAPE","surface",-72.0787,17.0007,2600
"2026-09-09 18:00:00","2026-09-10 09:00:00","CAPE","surface",-72.0548,17.0007,2746
"2026-09-09 18:00:00","2026-09-10 09:00:00","CAPE","surface",-72.0309,17.0007,2709
"2026-09-09 18:00:00","2026-09-10 09:00:00","CAPE","surface",-72.0069,17.0007,2776
"2026-09-09 18:00:00","2026-09-10 09:00:00","CAPE","surface",-71.983,17.0007,2754
"2026-09-09 18:00:00","2026-09-10 09:00:00","CAPE","surface",-71.9591,17.0007,2769
"2026-09-09 18:00:00","2026-09-10 09:00:00","CAPE","surface",-71.9352,17.0007,2696
"2026-09-09 18:00:00","2026-09-10 09:00:00","CAPE","surface",-71.9112,17.0007,2723
"2026-09-09 18:00:00","2026-09-10 09:00:00","CAPE","surface",-71.8873,17.0007,2684
"2026-09-09 18:00:00","2026-09-10 09:00:00","CAPE","surface",-71.8634,17.0007,2719
"2026-09-09 18:00:00","2026-09-10 09:00:00","CAPE","surface",-71.8395,17.0007,2729
"2026-09-09 18:00:00","2026-09-10 09:00:00","CAPE","surface",-71.8155,17.0007,2735
"2026-09-09 18:00:00","2026-09-10 09:00:00","CAPE","surface",-71.7916,17.0007,2735
"2026-09-09 18:00:00","2026-09-10 09:00:00","CAPE","surface",-71.7677,17.0007,2680
"2026-09-09 18:00:00","2026-09-10 09:00:00","CAPE","surface",-71.7438,17.0007,2656
"2026-09-09 18:00:00","2026-09-10 09:00:00","CAPE","surface",-71.7198,17.0007,2638
"2026-09-09 18:00:00","2026-09-10 09:00:00","CAPE","surface",-71.6959,17.0007,2634
"2026-09-09 18:00:00","2026-09-10 09:00:00","CAPE","surface",-71.672,17.0007,2634
"2026-09-09 18:00:00","2026-09-10 09:00:00","CAPE","surface",-71.6481,17.0007,2631
"2026-09-09 18:00:00","2026-09-10 09:00:00","CAPE","surface",-71.6241,17.0007,2580
"2026-09-09 18:00:00","2026-09-10 09:00:00","CAPE","surface",-71.6002,17.0007,2521
"2026-09-09 18:00:00","2026-09-10 09:00:00","CAPE","surface",-71.5763,17.0007,2477
"2026-09-09 18:00:00","2026-09-10 09:00:00","CAPE","surface",-71.5524,17.0007,2403
"2026-09-09 18:00:00","2026-09-10 09:00:00","CAPE","surface",-71.5284,17.0007,2385
"2026-09-09 18:00:00","2026-09-10 09:00:00","CAPE","surface",-71.5045,17.0007,2348
"2026-09-09 18:00:00","2026-09-10 09:00:00","CAPE","surface",-71.4806,17.0007,2337
"2026-09-09 18:00:00","2026-09-10 09:00:00","CAPE","surface",-71.4567,17.0007,2347
"2026-09-09 18:00:00","2026-09-10 09:00:00","CAPE","surface",-71.4327,17.0007,2321
"2026-09-09 18:00:00","2026-09-10 09:00:00","CAPE","surface",-71.4088,17.0007,2321
"2026-09-09 18:00:00","2026-09-10 09:00:00","CAPE","surface",-71.3849,17.0007,2299
"2026-09-09 18:00:00","2026-09-10 09:00:00","CAPE","surface",-71.361,17.0007,2297
"2026-09-09 18:00:00","2026-09-10 09:00:00","CAPE","surface",-71.337,17.0007,2310
"2026-09-09 18:00:00","2026-09-10 09:00:00","CAPE","surface",-71.3131,17.0007,2316
"2026-09-09 18:00:00","2026-09-10 09:00:00","CAPE","surface",-71.2892,17.0007,2330
"2026-09-09 18:00:00","2026-09-10 09:00:00","CAPE","surface",-71.2653,17.0007,2292
"2026-09-09 18:00:00","2026-09-10 09:00:00","CAPE","surface",-71.2413,17.0007,2281
"2026-09-09 18:00:00","2026-09-10 09:00:00","CAPE","surface",-71.2174,17.0007,2218
"2026-09-09 18:00:00","2026-09-10 09:00:00","CAPE","surface",-71.1935,17.0007,2240
"2026-09-09 18:00:00","2026-09-10 09:00:00","CAPE","surface",-71.1696,17.0007,2204
"2026-09-09 18:00:00","2026-09-10 09:00:00","CAPE","surface",-71.1456,17.0007,2253
"2026-09-09 18:00:00","2026-09-10 09:00:00","CAPE","surface",-71.1217,17.0007,2276
"2026-09-09 18:00:00","2026-09-10 09:00:00","CAPE","surface",-71.0978,17.0007,2312
"2026-09-09 18:00:00","2026-09-10 09:00:00","CAPE","surface",-71.0739,17.0007,2289
"2026-09-09 18:00:00","2026-09-10 09:00:00","CAPE","surface",-71.0499,17.0007,2289
"2026-09-09 18:00:00","2026-09-10 09:00:00","CAPE","surface",-71.026,17.0007,2255
"2026-09-09 18:00:00","2026-09-10 09:00:00","CAPE","surface",-71.0021,17.0007,2236
"2026-09-09 18:00:00","2026-09-10 09:00:00","CAPE","surface",-70.9782,17.0007,2252
"2026-09-09 18:00:00","2026-09-10 09:00:00","CAPE","surface",-70.9542,17.0007,2275
"2026-09-09 18:00:00","2026-09-10 09:00:00","CAPE","surface",-70.9303,17.0007,2275
"2026-09-09 18:00:00","2026-09-10 09:00:00","CAPE","surface",-70.9064,17.0007,2319
"2026-09-09 18:00:00","2026-09-10 09:00:00","CAPE","surface",-70.8825,17.0007,2337
"2026-09-09 18:00:00","2026-09-10 09:00:00","CAPE","surface",-70.8585,17.0007,2392
"2026-09-09 18:00:00","2026-09-10 09:00:00","CAPE","surface",-70.8346,17.0007,2393
"2026-09-09 18:00:00","2026-09-10 09:00:00","CAPE","surface",-70.8107,17.0007,2405
"2026-09-09 18:00:00","2026-09-10 09:00:00","CAPE","surface",-70.7868,17.0007,2485
"2026-09-09 18:00:00","2026-09-10 09:00:00","CAPE","surface",-70.7628,17.0007,2586
"2026-09-09 18:00:00","2026-09-10 09:00:00","CAPE","surface",-70.7389,17.0007,2817
"2026-09-09 18:00:00","2026-09-10 09:00:00","CAPE","surface",-70.715,17.0007,2919
"2026-09-09 18:00:00","2026-09-10 09:00:00","CAPE","surface",-70.6911,17.0007,2914
"2026-09-09 18:00:00","2026-09-10 09:00:00","CAPE","surface",-70.6671,17.0007,2801
"2026-09-09 18:00:00","2026-09-10 09:00:00","CAPE","surface",-70.6432,17.0007,1882
"2026-09-09 18:00:00","2026-09-10 09:00:00","CAPE","surface",-70.6193,17.0007,1140
"2026-09-09 18:00:00","2026-09-10 09:00:00","CAPE","surface",-70.5954,17.0007,951
"2026-09-09 18:00:00","2026-09-10 09:00:00","CAPE","surface",-70.5714,17.0007,1086
"2026-09-09 18:00:00","2026-09-10 09:00:00","CAPE","surface",-70.5475,17.0007,1455
"2026-09-09 18:00:00","2026-09-10 09:00:00","CAPE","surface",-70.5236,17.0007,1700
"2026-09-09 18:00:00","2026-09-10 09:00:00","CAPE","surface",-70.4997,17.0007,1671
"2026-09-09 18:00:00","2026-09-10 09:00:00","CAPE","surface",-70.4757,17.0007,1219
"2026-09-09 18:00:00","2026-09-10 09:00:00","CAPE","surface",-70.4518,17.0007,1219
"2026-09-09 18:00:00","2026-09-10 09:00:00","CAPE","surface",-70.4279,17.0007,1129
"2026-09-09 18:00:00","2026-09-10 09:00:00","CAPE","surface",-70.404,17.0007,1198
"2026-09-09 18:00:00","2026-09-10 09:00:00","CAPE","surface",-70.38,17.0007,1251
"2026-09-09 18:00:00","2026-09-10 09:00:00","CAPE","surface",-70.3561,17.0007,1384
"2026-09-09 18:00:00","2026-09-10 09:00:00","CAPE","surface",-70.3322,17.0007,1384
"2026-09-09 18:00:00","2026-09-10 09:00:00","CAPE","surface",-70.3083,17.0007,1606
"2026-09-09 18:00:00","2026-09-10 09:00:00","CAPE","surface",-70.2843,17.0007,1635
"2026-09-09 18:00:00","2026-09-10 09:00:00","CAPE","surface",-70.2604,17.0007,1936
"2026-09-09 18:00:00","2026-09-10 09:00:00","CAPE","surface",-70.2365,17.0007,2019
"2026-09-09 18:00:00","2026-09-10 09:00:00","CAPE","surface",-70.2126,17.0007,2212
"2026-09-09 18:00:00","2026-09-10 09:00:00","CAPE","surface",-70.1886,17.0007,2191
"2026-09-09 18:00:00","2026-09-10 09:00:00","CAPE","surface",-70.1647,17.0007,2149
"2026-09-09 18:00:00","2026-09-10 09:00:00","CAPE","surface",-70.1408,17.0007,2231
"2026-09-09 18:00:00","2026-09-10 09:00:00","CAPE","surface",-70.1169,17.0007,2189
"2026-09-09 18:00:00","2026-09-10 09:00:00","CAPE","surface",-70.0929,17.0007,2366
"2026-09-09 18:00:00","2026-09-10 09:00:00","CAPE","surface",-70.069,17.0007,2326
"2026-09-09 18:00:00","2026-09-10 09:00:00","CAPE","surface",-70.0451,17.0007,2375
"2026-09-09 18:00:00","2026-09-10 09:00:00","CAPE","surface",-70.0212,17.0007,2363
"2026-09-09 18:00:00","2026-09-10 09:00:00","CAPE","surface",-69.9972,17.0007,2404
"2026-09-09 18:00:00","2026-09-10 09:00:00","CAPE","surface",-69.9733,17.0007,2404
"2026-09-09 18:00:00","2026-09-10 09:00:00","CAPE","surface",-69.9494,17.0007,2472
"2026-09-09 18:00:00","2026-09-10 09:00:00","CAPE","surface",-69.9255,17.0007,2573
"2026-09-09 18:00:00","2026-09-10 09:00:00","CAPE","surface",-69.9015,17.0007,2580
"2026-09-09 18:00:00","2026-09-10 09:00:00","CAPE","surface",-69.8776,17.0007,2549
"2026-09-09 18:00:00","2026-09-10 09:00:00","CAPE","surface",-69.8537,17.0007,2524
"2026-09-09 18:00:00","2026-09-10 09:00:00","CAPE","surface",-69.8298,17.0007,2527
"2026-09-09 18:00:00","2026-09-10 09:00:00","CAPE","surface",-69.8058,17.0007,2506
"2026-09-09 18:00:00","2026-09-10 09:00:00","CAPE","surface",-69.7819,17.0007,2455
"2026-09-09 18:00:00","2026-09-10 09:00:00","CAPE","surface",-69.758,17.0007,2450
"2026-09-09 18:00:00","2026-09-10 09:00:00","CAPE","surface",-69.7341,17.0007,2515
"2026-09-09 18:00:00","2026-09-10 09:00:00","CAPE","surface",-69.7101,17.0007,2604
"2026-09-09 18:00:00","2026-09-10 09:00:00","CAPE","surface",-69.6862,17.0007,2663
"2026-09-09 18:00:00","2026-09-10 09:00:00","CAPE","surface",-69.6623,17.0007,2696
"2026-09-09 18:00:00","2026-09-10 09:00:00","CAPE","surface",-69.6384,17.0007,2696
"2026-09-09 18:00:00","2026-09-10 09:00:00","CAPE","surface",-69.6144,17.0007,2762
"2026-09-09 18:00:00","2026-09-10 09:00:00","CAPE","surface",-69.5905,17.0007,2796
"2026-09-09 18:00:00","2026-09-10 09:00:00","CAPE","surface",-69.5666,17.0007,2884
"2026-09-09 18:00:00","2026-09-10 09:00:00","CAPE","surface",-69.5427,17.0007,2961
"2026-09-09 18:00:00","2026-09-10 09:00:00","CAPE","surface",-69.5187,17.0007,2961
"2026-09-09 18:00:00","2026-09-10 09:00:00","CAPE","surface",-69.4948,17.0007,3106
"2026-09-09 18:00:00","2026-09-10 09:00:00","CAPE","surface",-69.4709,17.0007,3130
"2026-09-09 18:00:00","2026-09-10 09:00:00","CAPE","surface",-69.447,17.0007,3272
"2026-09-09 18:00:00","2026-09-10 09:00:00","CAPE","surface",-69.423,17.0007,3272
"2026-09-09 18:00:00","2026-09-10 09:00:00","CAPE","surface",-69.3991,17.0007,3402
"2026-09-09 18:00:00","2026-09-10 09:00:00","CAPE","surface",-69.3752,17.0007,3544
"2026-09-09 18:00:00","2026-09-10 09:00:00","CAPE","surface",-69.3513,17.0007,3551
"2026-09-09 18:00:00","2026-09-10 09:00:00","CAPE","surface",-69.3273,17.0007,3697
"2026-09-09 18:00:00","2026-09-10 09:00:00","CAPE","surface",-69.3034,17.0007,3697
"2026-09-09 18:00:00","2026-09-10 09:00:00","CAPE","surface",-69.2795,17.0007,3732
"2026-09-09 18:00:00","2026-09-10 09:00:00","CAPE","surface",-69.2556,17.0007,3661
"2026-09-09 18:00:00","2026-09-10 09:00:00","CAPE","surface",-69.2316,17.0007,3595
"2026-09-09 18:00:00","2026-09-10 09:00:00","CAPE","surface",-69.2077,17.0007,3610
"2026-09-09 18:00:00","2026-09-10 09:00:00","CAPE","surface",-69.1838,17.0007,3283
"2026-09-09 18:00:00","2026-09-10 09:00:00","CAPE","surface",-69.1599,17.0007,3014
"2026-09-09 18:00:00","2026-09-10 09:00:00","CAPE","surface",-69.1359,17.0007,3233
"2026-09-09 18:00:00","2026-09-10 09:00:00","CAPE","surface",-69.112,17.0007,3091
"2026-09-09 18:00:00","2026-09-10 09:00:00","CAPE","surface",-69.0881,17.0007,3091
"2026-09-09 18:00:00","2026-09-10 09:00:00","CAPE","surface",-69.0642,17.0007,2837
"2026-09-09 18:00:00","2026-09-10 09:00:00","CAPE","surface",-69.0402,17.0007,2795
"2026-09-09 18:00:00","2026-09-10 09:00:00","CAPE","surface",-69.0163,17.0007,2621
"2026-09-09 18:00:00","2026-09-10 09:00:00","CAPE","surface",-68.9924,17.0007,2527
"2026-09-09 18:00:00","2026-09-10 09:00:00","CAPE","surface",-68.9685,17.0007,2527
"2026-09-09 18:00:00","2026-09-10 09:00:00","CAPE","surface",-68.9445,17.0007,2555
"2026-09-09 18:00:00","2026-09-10 09:00:00","CAPE","surface",-68.9206,17.0007,2658
"2026-09-09 18:00:00","2026-09-10 09:00:00","CAPE","surface",-68.8967,17.0007,2752
"2026-09-09 18:00:00","2026-09-10 09:00:00","CAPE","surface",-68.8728,17.0007,2810
"2026-09-09 18:00:00","2026-09-10 09:00:00","CAPE","surface",-68.8488,17.0007,2781
"2026-09-09 18:00:00","2026-09-10 09:00:00","CAPE","surface",-68.8249,17.0007,2799
"2026-09-09 18:00:00","2026-09-10 09:00:00","CAPE","surface",-68.801,17.0007,2802
"2026-09-09 18:00:00","2026-09-10 09:00:00","CAPE","surface",-68.7771,17.0007,2785
"2026-09-09 18:00:00","2026-09-10 09:00:00","CAPE","surface",-68.7531,17.0007,2785
"2026-09-09 18:00:00","2026-09-10 09:00:00","CAPE","surface",-68.7292,17.0007,2732
"2026-09-09 18:00:00","2026-09-10 09:00:00","CAPE","surface",-68.7053,17.0007,2666
"2026-09-09 18:00:00","2026-09-10 09:00:00","CAPE","surface",-68.6813,17.0007,2751
"2026-09-09 18:00:00","2026-09-10 09:00:00","CAPE","surface",-68.6574,17.0007,2831
"2026-09-09 18:00:00","2026-09-10 09:00:00","CAPE","surface",-68.6335,17.0007,2831
"2026-09-09 18:00:00","2026-09-10 09:00:00","CAPE","surface",-68.6096,17.0007,2831
"2026-09-09 18:00:00","2026-09-10 09:00:00","CAPE","surface",-68.5856,17.0007,2842
"2026-09-09 18:00:00","2026-09-10 09:00:00","CAPE","surface",-68.5617,17.0007,2855
"2026-09-09 18:00:00","2026-09-10 09:00:00","CAPE","surface",-68.5378,17.0007,2855
"2026-09-09 18:00:00","2026-09-10 09:00:00","CAPE","surface",-68.5139,17.0007,2835
"2026-09-09 18:00:00","2026-09-10 09:00:00","CAPE","surface",-68.4899,17.0007,2838
"2026-09-09 18:00:00","2026-09-10 09:00:00","CAPE","surface",-68.466,17.0007,2853
"2026-09-09 18:00:00","2026-09-10 09:00:00","CAPE","surface",-68.4421,17.0007,2925
"2026-09-09 18:00:00","2026-09-10 09:00:00","CAPE","surface",-68.4182,17.0007,2925
"2026-09-09 18:00:00","2026-09-10 09:00:00","CAPE","surface",-68.3942,17.0007,3110
"2026-09-09 18:00:00","2026-09-10 09:00:00","CAPE","surface",-68.3703,17.0007,3189
"2026-09-09 18:00:00","2026-09-10 09:00:00","CAPE","surface",-68.3464,17.0007,3223
"2026-09-09 18:00:00","2026-09-10 09:00:00","CAPE","surface",-68.3225,17.0007,3185
"2026-09-09 18:00:00","2026-09-10 09:00:00","CAPE","surface",-68.2985,17.0007,3134
"2026-09-09 18:00:00","2026-09-10 09:00:00","CAPE","surface",-68.2746,17.0007,3155
"2026-09-09 18:00:00","2026-09-10 09:00:00","CAPE","surface",-68.2507,17.0007,3180
"2026-09-09 18:00:00","2026-09-10 09:00:00","CAPE","surface",-68.2268,17.0007,3331
"2026-09-09 18:00:00","2026-09-10 09:00:00","CAPE","surface",-68.2028,17.0007,3309
"2026-09-09 18:00:00","2026-09-10 09:00:00","CAPE","surface",-68.1789,17.0007,3102
"2026-09-09 18:00:00","2026-09-10 09:00:00","CAPE","surface",-68.155,17.0007,2776
"2026-09-09 18:00:00","2026-09-10 09:00:00","CAPE","surface",-68.1311,17.0007,2768
"2026-09-09 18:00:00","2026-09-10 09:00:00","CAPE","surface",-68.1071,17.0007,2639
"2026-09-09 18:00:00","2026-09-10 09:00:00","CAPE","surface",-68.0832,17.0007,2655
"2026-09-09 18:00:00","2026-09-10 09:00:00","CAPE","surface",-68.0593,17.0007,2673
"2026-09-09 18:00:00","2026-09-10 09:00:00","CAPE","surface",-68.0354,17.0007,2693
"2026-09-09 18:00:00","2026-09-10 09:00:00","CAPE","surface",-68.0114,17.0007,2661
"2026-09-09 18:00:00","2026-09-10 09:00:00","CAPE","surface",-67.9875,17.0007,2516
"2026-09-09 18:00:00","2026-09-10 09:00:00","CAPE","surface",-67.9636,17.0007,2575
"2026-09-09 18:00:00","2026-09-10 09:00:00","CAPE","surface",-67.9397,17.0007,2502
"2026-09-09 18:00:00","2026-09-10 09:00:00","CAPE","surface",-67.9157,17.0007,2603
"2026-09-09 18:00:00","2026-09-10 09:00:00","CAPE","surface",-67.8918,17.0007,2499
"2026-09-09 18:00:00","2026-09-10 09:00:00","CAPE","surface",-67.8679,17.0007,2602
"2026-09-09 18:00:00","2026-09-10 09:00:00","CAPE","surface",-67.844,17.0007,2594
"2026-09-09 18:00:00","2026-09-10 09:00:00","CAPE","surface",-67.82,17.0007,2604
"2026-09-09 18:00:00","2026-09-10 09:00:00","CAPE","surface",-67.7961,17.0007,2604
"2026-09-09 18:00:00","2026-09-10 09:00:00","CAPE","surface",-67.7722,17.0007,2653
"2026-09-09 18:00:00","2026-09-10 09:00:00","CAPE","surface",-67.7483,17.0007,2683
"2026-09-09 18:00:00","2026-09-10 09:00:00","CAPE","surface",-67.7243,17.0007,2852
"2026-09-09 18:00:00","2026-09-10 09:00:00","CAPE","surface",-67.7004,17.0007,2852
"2026-09-09 18:00:00","2026-09-10 09:00:00","CAPE","surface",-67.6765,17.0007,3091
"2026-09-09 18:00:00","2026-09-10 09:00:00","CAPE","surface",-67.6526,17.0007,3350
"2026-09-09 18:00:00","2026-09-10 09:00:00","CAPE","surface",-67.6286,17.0007,3443
"2026-09-09 18:00:00","2026-09-10 09:00:00","CAPE","surface",-67.6047,17.0007,3591
"2026-09-09 18:00:00","2026-09-10 09:00:00","CAPE","surface",-67.5808,17.0007,3591
"2026-09-09 18:00:00","2026-09-10 09:00:00","CAPE","surface",-67.5569,17.0007,3248
"2026-09-09 18:00:00","2026-09-10 09:00:00","CAPE","surface",-67.5329,17.0007,3056
"2026-09-09 18:00:00","2026-09-10 09:00:00","CAPE","surface",-67.509,17.0007,2839
"2026-09-09 18:00:00","2026-09-10 09:00:00","CAPE","surface",-67.4851,17.0007,2756
"2026-09-09 18:00:00","2026-09-10 09:00:00","CAPE","surface",-67.4612,17.0007,2824
"2026-09-09 18:00:00","2026-09-10 09:00:00","CAPE","surface",-67.4372,17.0007,2947
"2026-09-09 18:00:00","2026-09-10 09:00:00","CAPE","surface",-67.4133,17.0007,3039
"2026-09-09 18:00:00","2026-09-10 09:00:00","CAPE","surface",-67.3894,17.0007,3056
"2026-09-09 18:00:00","2026-09-10 09:00:00","CAPE","surface",-67.3655,17.0007,3137
"2026-09-09 18:00:00","2026-09-10 09:00:00","CAPE","surface",-67.3415,17.0007,3131
"2026-09-09 18:00:00","2026-09-10 09:00:00","CAPE","surface",-67.3176,17.0007,3188
"2026-09-09 18:00:00","2026-09-10 09:00:00","CAPE","surface",-67.2937,17.0007,3157
"2026-09-09 18:00:00","2026-09-10 09:00:00","CAPE","surface",-67.2698,17.0007,3266
"2026-09-09 18:00:00","2026-09-10 09:00:00","CAPE","surface",-67.2458,17.0007,3255
"2026-09-09 18:00:00","2026-09-10 09:00:00","CAPE","surface",-67.2219,17.0007,3446
"2026-09-09 18:00:00","2026-09-10 09:00:00","CAPE","surface",-67.198,17.0007,3491
"2026-09-09 18:00:00","2026-09-10 09:00:00","CAPE","surface",-67.1741,17.0007,3491
"2026-09-09 18:00:00","2026-09-10 09:00:00","CAPE","surface",-67.1501,17.0007,3231
"2026-09-09 18:00:00","2026-09-10 09:00:00","CAPE","surface",-67.1262,17.0007,3140
"2026-09-09 18:00:00","2026-09-10 09:00:00","CAPE","surface",-67.1023,17.0007,3092
"2026-09-09 18:00:00","2026-09-10 09:00:00","CAPE","surface",-67.0784,17.0007,3098
"2026-09-09 18:00:00","2026-09-10 09:00:00","CAPE","surface",-67.0544,17.0007,3100
"2026-09-09 18:00:00","2026-09-10 09:00:00","CAPE","surface",-67.0305,17.0007,3124
"2026-09-09 18:00:00","2026-09-10 09:00:00","CAPE","surface",-67.0066,17.0007,3145
"2026-09-09 18:00:00","2026-09-10 09:00:00","CAPE","surface",-74.7822,17.0236,2513
"2026-09-09 18:00:00","2026-09-10 09:00:00","CAPE","surface",-74.7583,17.0236,2509
"2026-09-09 18:00:00","2026-09-10 09:00:00","CAPE","surface",-74.7344,17.0236,2444
"2026-09-09 18:00:00","2026-09-10 09:00:00","CAPE","surface",-74.7105,17.0236,2395
"2026-09-09 18:00:00","2026-09-10 09:00:00","CAPE","surface",-74.6865,17.0236,2425
"2026-09-09 18:00:00","2026-09-10 09:00:00","CAPE","surface",-74.6626,17.0236,2448
"2026-09-09 18:00:00","2026-09-10 09:00:00","CAPE","surface",-74.6387,17.0236,2691
"2026-09-09 18:00:00","2026-09-10 09:00:00","CAPE","surface",-74.6148,17.0236,2722
"2026-09-09 18:00:00","2026-09-10 09:00:00","CAPE","surface",-74.5908,17.0236,2894
"2026-09-09 18:00:00","2026-09-10 09:00:00","CAPE","surface",-74.5669,17.0236,2808
"2026-09-09 18:00:00","2026-09-10 09:00:00","CAPE","surface",-74.543,17.0236,2513
"2026-09-09 18:00:00","2026-09-10 09:00:00","CAPE","surface",-74.5191,17.0236,2350
"2026-09-09 18:00:00","2026-09-10 09:00:00","CAPE","surface",-74.4951,17.0236,2280
"2026-09-09 18:00:00","2026-09-10 09:00:00","CAPE","surface",-74.4712,17.0236,2295
"2026-09-09 18:00:00","2026-09-10 09:00:00","CAPE","surface",-74.4473,17.0236,2385
"2026-09-09 18:00:00","2026-09-10 09:00:00","CAPE","surface",-74.4234,17.0236,2526
"2026-09-09 18:00:00","2026-09-10 09:00:00","CAPE","surface",-74.3994,17.0236,2607
"2026-09-09 18:00:00","2026-09-10 09:00:00","CAPE","surface",-74.3755,17.0236,2482
"2026-09-09 18:00:00","2026-09-10 09:00:00","CAPE","surface",-74.3516,17.0236,2584
"2026-09-09 18:00:00","2026-09-10 09:00:00","CAPE","surface",-74.3277,17.0236,2415
"2026-09-09 18:00:00","2026-09-10 09:00:00","CAPE","surface",-74.3037,17.0236,2490
"2026-09-09 18:00:00","2026-09-10 09:00:00","CAPE","surface",-74.2798,17.0236,2397
"2026-09-09 18:00:00","2026-09-10 09:00:00","CAPE","surface",-74.2559,17.0236,2538
"2026-09-09 18:00:00","2026-09-10 09:00:00","CAPE","surface",-74.232,17.0236,2472
"2026-09-09 18:00:00","2026-09-10 09:00:00","CAPE","surface",-74.208,17.0236,2382
"2026-09-09 18:00:00","2026-09-10 09:00:00","CAPE","surface",-74.1841,17.0236,2340
"2026-09-09 18:00:00","2026-09-10 09:00:00","CAPE","surface",-74.1602,17.0236,2192
"2026-09-09 18:00:00","2026-09-10 09:00:00","CAPE","surface",-74.1363,17.0236,2055
"2026-09-09 18:00:00","2026-09-10 09:00:00","CAPE","surface",-74.1123,17.0236,2040
"2026-09-09 18:00:00","2026-09-10 09:00:00","CAPE","surface",-74.0884,17.0236,2084
"2026-09-09 18:00:00","2026-09-10 09:00:00","CAPE","surface",-74.0645,17.0236,2223
"2026-09-09 18:00:00","2026-09-10 09:00:00","CAPE","surface",-74.0406,17.0236,2256
"2026-09-09 18:00:00","2026-09-10 09:00:00","CAPE","surface",-74.0166,17.0236,2371
"2026-09-09 18:00:00","2026-09-10 09:00:00","CAPE","surface",-73.9927,17.0236,2380
"2026-09-09 18:00:00","2026-09-10 09:00:00","CAPE","surface",-73.9688,17.0236,2352
"2026-09-09 18:00:00","2026-09-10 09:00:00","CAPE","surface",-73.9449,17.0236,2342
"2026-09-09 18:00:00","2026-09-10 09:00:00","CAPE","surface",-73.9209,17.0236,2260
"2026-09-09 18:00:00","2026-09-10 09:00:00","CAPE","surface",-73.897,17.0236,2260
"2026-09-09 18:00:00","2026-09-10 09:00:00","CAPE","surface",-73.8731,17.0236,2225
"2026-09-09 18:00:00","2026-09-10 09:00:00","CAPE","surface",-73.8492,17.0236,2176
"2026-09-09 18:00:00","2026-09-10 09:00:00","CAPE","surface",-73.8252,17.0236,2262
"2026-09-09 18:00:00","2026-09-10 09:00:00","CAPE","surface",-73.8013,17.0236,2254
"2026-09-09 18:00:00","2026-09-10 09:00:00","CAPE","surface",-73.7774,17.0236,2512
"2026-09-09 18:00:00","2026-09-10 09:00:00","CAPE","surface",-73.7535,17.0236,2512
"2026-09-09 18:00:00","2026-09-10 09:00:00","CAPE","surface",-73.7295,17.0236,2680
"2026-09-09 18:00:00","2026-09-10 09:00:00","CAPE","surface",-73.7056,17.0236,2547
"2026-09-09 18:00:00","2026-09-10 09:00:00","CAPE","surface",-73.6817,17.0236,2479
"2026-09-09 18:00:00","2026-09-10 09:00:00","CAPE","surface",-73.6578,17.0236,2304
"2026-09-09 18:00:00","2026-09-10 09:00:00","CAPE","surface",-73.6338,17.0236,2297
"2026-09-09 18:00:00","2026-09-10 09:00:00","CAPE","surface",-73.6099,17.0236,2297
"2026-09-09 18:00:00","2026-09-10 09:00:00","CAPE","surface",-73.586,17.0236,2437
"2026-09-09 18:00:00","2026-09-10 09:00:00","CAPE","surface",-73.5621,17.0236,2423
"2026-09-09 18:00:00","2026-09-10 09:00:00","CAPE","surface",-73.5381,17.0236,2586
"2026-09-09 18:00:00","2026-09-10 09:00:00","CAPE","surface",-73.5142,17.0236,2730
"2026-09-09 18:00:00","2026-09-10 09:00:00","CAPE","surface",-73.4903,17.0236,2616
"2026-09-09 18:00:00","2026-09-10 09:00:00","CAPE","surface",-73.4664,17.0236,2786
"2026-09-09 18:00:00","2026-09-10 09:00:00","CAPE","surface",-73.4424,17.0236,2639
"2026-09-09 18:00:00","2026-09-10 09:00:00","CAPE","surface",-73.4185,17.0236,2793
"2026-09-09 18:00:00","2026-09-10 09:00:00","CAPE","surface",-73.3946,17.0236,2670
"2026-09-09 18:00:00","2026-09-10 09:00:00","CAPE","surface",-73.3707,17.0236,2743
"2026-09-09 18:00:00","2026-09-10 09:00:00","CAPE","surface",-73.3467,17.0236,2513
"2026-09-09 18:00:00","2026-09-10 09:00:00","CAPE","surface",-73.3228,17.0236,2738
"2026-09-09 18:00:00","2026-09-10 09:00:00","CAPE","surface",-73.2989,17.0236,2555
"2026-09-09 18:00:00","2026-09-10 09:00:00","CAPE","surface",-73.275,17.0236,2697
"2026-09-09 18:00:00","2026-09-10 09:00:00","CAPE","surface",-73.251,17.0236,2631
"2026-09-09 18:00:00","2026-09-10 09:00:00","CAPE","surface",-73.2271,17.0236,2922
"2026-09-09 18:00:00","2026-09-10 09:00:00","CAPE","surface",-73.2032,17.0236,2870
"2026-09-09 18:00:00","2026-09-10 09:00:00","CAPE","surface",-73.1793,17.0236,3005
"2026-09-09 18:00:00","2026-09-10 09:00:00","CAPE","surface",-73.1553,17.0236,2965
"2026-09-09 18:00:00","2026-09-10 09:00:00","CAPE","surface",-73.1314,17.0236,2910
"2026-09-09 18:00:00","2026-09-10 09:00:00","CAPE","surface",-73.1075,17.0236,2875
"2026-09-09 18:00:00","2026-09-10 09:00:00","CAPE","surface",-73.0836,17.0236,2752
"2026-09-09 18:00:00","2026-09-10 09:00:00","CAPE","surface",-73.0596,17.0236,2753
"2026-09-09 18:00:00","2026-09-10 09:00:00","CAPE","surface",-73.0357,17.0236,2701
"2026-09-09 18:00:00","2026-09-10 09:00:00","CAPE","surface",-73.0118,17.0236,2626
"2026-09-09 18:00:00","2026-09-10 09:00:00","CAPE","surface",-72.9879,17.0236,2530
"2026-09-09 18:00:00","2026-09-10 09:00:00","CAPE","surface",-72.9639,17.0236,2492
"2026-09-09 18:00:00","2026-09-10 09:00:00","CAPE","surface",-72.94,17.0236,2469
"2026-09-09 18:00:00","2026-09-10 09:00:00","CAPE","surface",-72.9161,17.0236,2520
"2026-09-09 18:00:00","2026-09-10 09:00:00","CAPE","surface",-72.8922,17.0236,2524
"2026-09-09 18:00:00","2026-09-10 09:00:00","CAPE","surface",-72.8682,17.0236,2609
"2026-09-09 18:00:00","2026-09-10 09:00:00","CAPE","surface",-72.8443,17.0236,2613
"2026-09-09 18:00:00","2026-09-10 09:00:00","CAPE","surface",-72.8204,17.0236,2686
"2026-09-09 18:00:00","2026-09-10 09:00:00","CAPE","surface",-72.7965,17.0236,2743
"2026-09-09 18:00:00","2026-09-10 09:00:00","CAPE","surface",-72.7725,17.0236,2743
"2026-09-09 18:00:00","2026-09-10 09:00:00","CAPE","surface",-72.7486,17.0236,2743
"2026-09-09 18:00:00","2026-09-10 09:00:00","CAPE","surface",-72.7247,17.0236,2750
"2026-09-09 18:00:00","2026-09-10 09:00:00","CAPE","surface",-72.7008,17.0236,2527
"2026-09-09 18:00:00","2026-09-10 09:00:00","CAPE","surface",-72.6768,17.0236,2545
"2026-09-09 18:00:00","2026-09-10 09:00:00","CAPE","surface",-72.6529,17.0236,2444
"2026-09-09 18:00:00","2026-09-10 09:00:00","CAPE","surface",-72.629,17.0236,2499
"2026-09-09 18:00:00","2026-09-10 09:00:00","CAPE","surface",-72.6051,17.0236,2548
"2026-09-09 18:00:00","2026-09-10 09:00:00","CAPE","surface",-72.5811,17.0236,2596
"2026-09-09 18:00:00","2026-09-10 09:00:00","CAPE","surface",-72.5572,17.0236,2698
"2026-09-09 18:00:00","2026-09-10 09:00:00","CAPE","surface",-72.5333,17.0236,2700
"2026-09-09 18:00:00","2026-09-10 09:00:00","CAPE","surface",-72.5094,17.0236,2824
"2026-09-09 18:00:00","2026-09-10 09:00:00","CAPE","surface",-72.4854,17.0236,2766
"2026-09-09 18:00:00","2026-09-10 09:00:00","CAPE","surface",-72.4615,17.0236,2665
"2026-09-09 18:00:00","2026-09-10 09:00:00","CAPE","surface",-72.4376,17.0236,2592
"2026-09-09 18:00:00","2026-09-10 09:00:00","CAPE","surface",-72.4137,17.0236,2607
"2026-09-09 18:00:00","2026-09-10 09:00:00","CAPE","surface",-72.3897,17.0236,2572
"2026-09-09 18:00:00","2026-09-10 09:00:00","CAPE","surface",-72.3658,17.0236,2582
"2026-09-09 18:00:00","2026-09-10 09:00:00","CAPE","surface",-72.3419,17.0236,2583
"2026-09-09 18:00:00","2026-09-10 09:00:00","CAPE","surface",-72.318,17.0236,2573
"2026-09-09 18:00:00","2026-09-10 09:00:00","CAPE","surface",-72.294,17.0236,2567
"2026-09-09 18:00:00","2026-09-10 09:00:00","CAPE","surface",-72.2701,17.0236,2545
"2026-09-09 18:00:00","2026-09-10 09:00:00","CAPE","surface",-72.2462,17.0236,2637
"2026-09-09 18:00:00","2026-09-10 09:00:00","CAPE","surface",-72.2223,17.0236,2604
"2026-09-09 18:00:00","2026-09-10 09:00:00","CAPE","surface",-72.1983,17.0236,2634
"2026-09-09 18:00:00","2026-09-10 09:00:00","CAPE","surface",-72.1744,17.0236,2682
"2026-09-09 18:00:00","2026-09-10 09:00:00","CAPE","surface",-72.1505,17.0236,2637
"2026-09-09 18:00:00","2026-09-10 09:00:00","CAPE","surface",-72.1266,17.0236,2740
"2026-09-09 18:00:00","2026-09-10 09:00:00","CAPE","surface",-72.1026,17.0236,2701
"2026-09-09 18:00:00","2026-09-10 09:00:00","CAPE","surface",-72.0787,17.0236,2793
"2026-09-09 18:00:00","2026-09-10 09:00:00","CAPE","surface",-72.0548,17.0236,2746
"2026-09-09 18:00:00","2026-09-10 09:00:00","CAPE","surface",-72.0309,17.0236,2811
"2026-09-09 18:00:00","2026-09-10 09:00:00","CAPE","surface",-72.0069,17.0236,2811
"2026-09-09 18:00:00","2026-09-10 09:00:00","CAPE","surface",-71.983,17.0236,2861
"2026-09-09 18:00:00","2026-09-10 09:00:00","CAPE","surface",-71.9591,17.0236,2825
"2026-09-09 18:00:00","2026-09-10 09:00:00","CAPE","surface",-71.9352,17.0236,2803
"2026-09-09 18:00:00","2026-09-10 09:00:00","CAPE","surface",-71.9112,17.0236,2794
"2026-09-09 18:00:00","2026-09-10 09:00:00","CAPE","surface",-71.8873,17.0236,2739
"2026-09-09 18:00:00","2026-09-10 09:00:00","CAPE","surface",-71.8634,17.0236,2836
"2026-09-09 18:00:00","2026-09-10 09:00:00","CAPE","surface",-71.8395,17.0236,2783
"2026-09-09 18:00:00","2026-09-10 09:00:00","CAPE","surface",-71.8155,17.0236,2833
"2026-09-09 18:00:00","2026-09-10 09:00:00","CAPE","surface",-71.7916,17.0236,2752
"2026-09-09 18:00:00","2026-09-10 09:00:00","CAPE","surface",-71.7677,17.0236,2721
"2026-09-09 18:00:00","2026-09-10 09:00:00","CAPE","surface",-71.7438,17.0236,2721
"2026-09-09 18:00:00","2026-09-10 09:00:00","CAPE","surface",-71.7198,17.0236,2676
"2026-09-09 18:00:00","2026-09-10 09:00:00","CAPE","surface",-71.6959,17.0236,2650
"2026-09-09 18:00:00","2026-09-10 09:00:00","CAPE","surface",-71.672,17.0236,2641
"2026-09-09 18:00:00","2026-09-10 09:00:00","CAPE","surface",-71.6481,17.0236,2618
"2026-09-09 18:00:00","2026-09-10 09:00:00","CAPE","surface",-71.6241,17.0236,2618
"2026-09-09 18:00:00","2026-09-10 09:00:00","CAPE","surface",-71.6002,17.0236,2565
"2026-09-09 18:00:00","2026-09-10 09:00:00","CAPE","surface",-71.5763,17.0236,2510
"2026-09-09 18:00:00","2026-09-10 09:00:00","CAPE","surface",-71.5524,17.0236,2439
"2026-09-09 18:00:00","2026-09-10 09:00:00","CAPE","surface",-71.5284,17.0236,2385
"2026-09-09 18:00:00","2026-09-10 09:00:00","CAPE","surface",-71.5045,17.0236,2341
"2026-09-09 18:00:00","2026-09-10 09:00:00","CAPE","surface",-71.4806,17.0236,2341
"2026-09-09 18:00:00","2026-09-10 09:00:00","CAPE","surface",-71.4567,17.0236,2328
"2026-09-09 18:00:00","2026-09-10 09:00:00","CAPE","surface",-71.4327,17.0236,2329
"2026-09-09 18:00:00","2026-09-10 09:00:00","CAPE","surface",-71.4088,17.0236,2295
"2026-09-09 18:00:00","2026-09-10 09:00:00","CAPE","surface",-71.3849,17.0236,2294
"2026-09-09 18:00:00","2026-09-10 09:00:00","CAPE","surface",-71.361,17.0236,2294
"2026-09-09 18:00:00","2026-09-10 09:00:00","CAPE","surface",-71.337,17.0236,2297
"2026-09-09 18:00:00","2026-09-10 09:00:00","CAPE","surface",-71.3131,17.0236,2324
"2026-09-09 18:00:00","2026-09-10 09:00:00","CAPE","surface",-71.2892,17.0236,2308
"2026-09-09 18:00:00","2026-09-10 09:00:00","CAPE","surface",-71.2653,17.0236,2292
"2026-09-09 18:00:00","2026-09-10 09:00:00","CAPE","surface",-71.2413,17.0236,2239
"2026-09-09 18:00:00","2026-09-10 09:00:00","CAPE","surface",-71.2174,17.0236,2231
"2026-09-09 18:00:00","2026-09-10 09:00:00","CAPE","surface",-71.1935,17.0236,2180
"2026-09-09 18:00:00","2026-09-10 09:00:00","CAPE","surface",-71.1696,17.0236,2204
"2026-09-09 18:00:00","2026-09-10 09:00:00","CAPE","surface",-71.1456,17.0236,2238
"2026-09-09 18:00:00","2026-09-10 09:00:00","CAPE","surface",-71.1217,17.0236,2234
"2026-09-09 18:00:00","2026-09-10 09:00:00","CAPE","surface",-71.0978,17.0236,2257
"2026-09-09 18:00:00","2026-09-10 09:00:00","CAPE","surface",-71.0739,17.0236,2256
"2026-09-09 18:00:00","2026-09-10 09:00:00","CAPE","surface",-71.0499,17.0236,2256
"2026-09-09 18:00:00","2026-09-10 09:00:00","CAPE","surface",-71.026,17.0236,2230
"2026-09-09 18:00:00","2026-09-10 09:00:00","CAPE","surface",-71.0021,17.0236,2230
"2026-09-09 18:00:00","2026-09-10 09:00:00","CAPE","surface",-70.9782,17.0236,2227
"2026-09-09 18:00:00","2026-09-10 09:00:00","CAPE","surface",-70.9542,17.0236,2243
"2026-09-09 18:00:00","2026-09-10 09:00:00","CAPE","surface",-70.9303,17.0236,2289
"2026-09-09 18:00:00","2026-09-10 09:00:00","CAPE","surface",-70.9064,17.0236,2360
"2026-09-09 18:00:00","2026-09-10 09:00:00","CAPE","surface",-70.8825,17.0236,2360
"2026-09-09 18:00:00","2026-09-10 09:00:00","CAPE","surface",-70.8585,17.0236,2398
"2026-09-09 18:00:00","2026-09-10 09:00:00","CAPE","surface",-70.8346,17.0236,2409
"2026-09-09 18:00:00","2026-09-10 09:00:00","CAPE","surface",-70.8107,17.0236,2443
"2026-09-09 18:00:00","2026-09-10 09:00:00","CAPE","surface",-70.7868,17.0236,2485
"2026-09-09 18:00:00","2026-09-10 09:00:00","CAPE","surface",-70.7628,17.0236,2490
"2026-09-09 18:00:00","2026-09-10 09:00:00","CAPE","surface",-70.7389,17.0236,2651
"2026-09-09 18:00:00","2026-09-10 09:00:00","CAPE","surface",-70.715,17.0236,2850
"2026-09-09 18:00:00","2026-09-10 09:00:00","CAPE","surface",-70.6911,17.0236,2914
"2026-09-09 18:00:00","2026-09-10 09:00:00","CAPE","surface",-70.6671,17.0236,2530
"2026-09-09 18:00:00","2026-09-10 09:00:00","CAPE","surface",-70.6432,17.0236,2150
"2026-09-09 18:00:00","2026-09-10 09:00:00","CAPE","surface",-70.6193,17.0236,1426
"2026-09-09 18:00:00","2026-09-10 09:00:00","CAPE","surface",-70.5954,17.0236,949
"2026-09-09 18:00:00","2026-09-10 09:00:00","CAPE","surface",-70.5714,17.0236,1086
"2026-09-09 18:00:00","2026-09-10 09:00:00","CAPE","surface",-70.5475,17.0236,1529
"2026-09-09 18:00:00","2026-09-10 09:00:00","CAPE","surface",-70.5236,17.0236,1529
"2026-09-09 18:00:00","2026-09-10 09:00:00","CAPE","surface",-70.4997,17.0236,1466
"2026-09-09 18:00:00","2026-09-10 09:00:00","CAPE","surface",-70.4757,17.0236,1345
"2026-09-09 18:00:00","2026-09-10 09:00:00","CAPE","surface",-70.4518,17.0236,1095
"2026-09-09 18:00:00","2026-09-10 09:00:00","CAPE","surface",-70.4279,17.0236,1119
"2026-09-09 18:00:00","2026-09-10 09:00:00","CAPE","surface",-70.404,17.0236,1119
"2026-09-09 18:00:00","2026-09-10 09:00:00","CAPE","surface",-70.38,17.0236,1267
"2026-09-09 18:00:00","2026-09-10 09:00:00","CAPE","surface",-70.3561,17.0236,1345
"2026-09-09 18:00:00","2026-09-10 09:00:00","CAPE","surface",-70.3322,17.0236,1582
"2026-09-09 18:00:00","2026-09-10 09:00:00","CAPE","surface",-70.3083,17.0236,1606
"2026-09-09 18:00:00","2026-09-10 09:00:00","CAPE","surface",-70.2843,17.0236,1864
"2026-09-09 18:00:00","2026-09-10 09:00:00","CAPE","surface",-70.2604,17.0236,1887
"2026-09-09 18:00:00","2026-09-10 09:00:00","CAPE","surface",-70.2365,17.0236,2172
"2026-09-09 18:00:00","2026-09-10 09:00:00","CAPE","surface",-70.2126,17.0236,2351
"2026-09-09 18:00:00","2026-09-10 09:00:00","CAPE","surface",-70.1886,17.0236,2279
"2026-09-09 18:00:00","2026-09-10 09:00:00","CAPE","surface",-70.1647,17.0236,2407
"2026-09-09 18:00:00","2026-09-10 09:00:00","CAPE","surface",-70.1408,17.0236,2317
"2026-09-09 18:00:00","2026-09-10 09:00:00","CAPE","surface",-70.1169,17.0236,2436
"2026-09-09 18:00:00","2026-09-10 09:00:00","CAPE","surface",-70.0929,17.0236,2366
"2026-09-09 18:00:00","2026-09-10 09:00:00","CAPE","surface",-70.069,17.0236,2415
"2026-09-09 18:00:00","2026-09-10 09:00:00","CAPE","surface",-70.0451,17.0236,2505
"2026-09-09 18:00:00","2026-09-10 09:00:00","CAPE","surface",-70.0212,17.0236,2409
"2026-09-09 18:00:00","2026-09-10 09:00:00","CAPE","surface",-69.9972,17.0236,2392
"2026-09-09 18:00:00","2026-09-10 09:00:00","CAPE","surface",-69.9733,17.0236,2422
"2026-09-09 18:00:00","2026-09-10 09:00:00","CAPE","surface",-69.9494,17.0236,2538
"2026-09-09 18:00:00","2026-09-10 09:00:00","CAPE","surface",-69.9255,17.0236,2538
"2026-09-09 18:00:00","2026-09-10 09:00:00","CAPE","surface",-69.9015,17.0236,2571
"2026-09-09 18:00:00","2026-09-10 09:00:00","CAPE","surface",-69.8776,17.0236,2549
"2026-09-09 18:00:00","2026-09-10 09:00:00","CAPE","surface",-69.8537,17.0236,2527
"2026-09-09 18:00:00","2026-09-10 09:00:00","CAPE","surface",-69.8298,17.0236,2467
"2026-09-09 18:00:00","2026-09-10 09:00:00","CAPE","surface",-69.8058,17.0236,2482
"2026-09-09 18:00:00","2026-09-10 09:00:00","CAPE","surface",-69.7819,17.0236,2441
"2026-09-09 18:00:00","2026-09-10 09:00:00","CAPE","surface",-69.758,17.0236,2450
"2026-09-09 18:00:00","2026-09-10 09:00:00","CAPE","surface",-69.7341,17.0236,2551
"2026-09-09 18:00:00","2026-09-10 09:00:00","CAPE","surface",-69.7101,17.0236,2551
"2026-09-09 18:00:00","2026-09-10 09:00:00","CAPE","surface",-69.6862,17.0236,2652
"2026-09-09 18:00:00","2026-09-10 09:00:00","CAPE","surface",-69.6623,17.0236,2695
"2026-09-09 18:00:00","2026-09-10 09:00:00","CAPE","surface",-69.6384,17.0236,2754
"2026-09-09 18:00:00","2026-09-10 09:00:00","CAPE","surface",-69.6144,17.0236,2837
"2026-09-09 18:00:00","2026-09-10 09:00:00","CAPE","surface",-69.5905,17.0236,2837
"2026-09-09 18:00:00","2026-09-10 09:00:00","CAPE","surface",-69.5666,17.0236,2882
"2026-09-09 18:00:00","2026-09-10 09:00:00","CAPE","surface",-69.5427,17.0236,2909
"2026-09-09 18:00:00","2026-09-10 09:00:00","CAPE","surface",-69.5187,17.0236,3055
"2026-09-09 18:00:00","2026-09-10 09:00:00","CAPE","surface",-69.4948,17.0236,3106
"2026-09-09 18:00:00","2026-09-10 09:00:00","CAPE","surface",-69.4709,17.0236,3242
"2026-09-09 18:00:00","2026-09-10 09:00:00","CAPE","surface",-69.447,17.0236,3353
"2026-09-09 18:00:00","2026-09-10 09:00:00","CAPE","surface",-69.423,17.0236,3375
"2026-09-09 18:00:00","2026-09-10 09:00:00","CAPE","surface",-69.3991,17.0236,3496
"2026-09-09 18:00:00","2026-09-10 09:00:00","CAPE","surface",-69.3752,17.0236,3496
"2026-09-09 18:00:00","2026-09-10 09:00:00","CAPE","surface",-69.3513,17.0236,3660
"2026-09-09 18:00:00","2026-09-10 09:00:00","CAPE","surface",-69.3273,17.0236,3716
"2026-09-09 18:00:00","2026-09-10 09:00:00","CAPE","surface",-69.3034,17.0236,3765
"2026-09-09 18:00:00","2026-09-10 09:00:00","CAPE","surface",-69.2795,17.0236,3732
"2026-09-09 18:00:00","2026-09-10 09:00:00","CAPE","surface",-69.2556,17.0236,3556
"2026-09-09 18:00:00","2026-09-10 09:00:00","CAPE","surface",-69.2316,17.0236,3137
"2026-09-09 18:00:00","2026-09-10 09:00:00","CAPE","surface",-69.2077,17.0236,3204
"2026-09-09 18:00:00","2026-09-10 09:00:00","CAPE","surface",-69.1838,17.0236,2893
"2026-09-09 18:00:00","2026-09-10 09:00:00","CAPE","surface",-69.1599,17.0236,2893
"2026-09-09 18:00:00","2026-09-10 09:00:00","CAPE","surface",-69.1359,17.0236,2924
"2026-09-09 18:00:00","2026-09-10 09:00:00","CAPE","surface",-69.112,17.0236,3004
"2026-09-09 18:00:00","2026-09-10 09:00:00","CAPE","surface",-69.0881,17.0236,2897
"2026-09-09 18:00:00","2026-09-10 09:00:00","CAPE","surface",-69.0642,17.0236,2695
"2026-09-09 18:00:00","2026-09-10 09:00:00","CAPE","surface",-69.0402,17.0236,2695
"2026-09-09 18:00:00","2026-09-10 09:00:00","CAPE","surface",-69.0163,17.0236,2513
"2026-09-09 18:00:00","2026-09-10 09:00:00","CAPE","surface",-68.9924,17.0236,2501
"2026-09-09 18:00:00","2026-09-10 09:00:00","CAPE","surface",-68.9685,17.0236,2498
"2026-09-09 18:00:00","2026-09-10 09:00:00","CAPE","surface",-68.9445,17.0236,2555
"2026-09-09 18:00:00","2026-09-10 09:00:00","CAPE","surface",-68.9206,17.0236,2583
"2026-09-09 18:00:00","2026-09-10 09:00:00","CAPE","surface",-68.8967,17.0236,2677
"2026-09-09 18:00:00","2026-09-10 09:00:00","CAPE","surface",-68.8728,17.0236,2733
"2026-09-09 18:00:00","2026-09-10 09:00:00","CAPE","surface",-68.8488,17.0236,2795
"2026-09-09 18:00:00","2026-09-10 09:00:00","CAPE","surface",-68.8249,17.0236,2795
"2026-09-09 18:00:00","2026-09-10 09:00:00","CAPE","surface",-68.801,17.0236,2835
"2026-09-09 18:00:00","2026-09-10 09:00:00","CAPE","surface",-68.7771,17.0236,2821
"2026-09-09 18:00:00","2026-09-10 09:00:00","CAPE","surface",-68.7531,17.0236,2805
"2026-09-09 18:00:00","2026-09-10 09:00:00","CAPE","surface",-68.7292,17.0236,2817
"2026-09-09 18:00:00","2026-09-10 09:00:00","CAPE","surface",-68.7053,17.0236,2817
"2026-09-09 18:00:00","2026-09-10 09:00:00","CAPE","surface",-68.6813,17.0236,2881
"2026-09-09 18:00:00","2026-09-10 09:00:00","CAPE","surface",-68.6574,17.0236,2858
"2026-09-09 18:00:00","2026-09-10 09:00:00","CAPE","surface",-68.6335,17.0236,2868
"2026-09-09 18:00:00","2026-09-10 09:00:00","CAPE","surface",-68.6096,17.0236,2868
"2026-09-09 18:00:00","2026-09-10 09:00:00","CAPE","surface",-68.5856,17.0236,2824
"2026-09-09 18:00:00","2026-09-10 09:00:00","CAPE","surface",-68.5617,17.0236,2848
"2026-09-09 18:00:00","2026-09-10 09:00:00","CAPE","surface",-68.5378,17.0236,2830
"2026-09-09 18:00:00","2026-09-10 09:00:00","CAPE","surface",-68.5139,17.0236,2848
"2026-09-09 18:00:00","2026-09-10 09:00:00","CAPE","surface",-68.4899,17.0236,2848
"2026-09-09 18:00:00","2026-09-10 09:00:00","CAPE","surface",-68.466,17.0236,2818
"2026-09-09 18:00:00","2026-09-10 09:00:00","CAPE","surface",-68.4421,17.0236,2825
"2026-09-09 18:00:00","2026-09-10 09:00:00","CAPE","surface",-68.4182,17.0236,2965
"2026-09-09 18:00:00","2026-09-10 09:00:00","CAPE","surface",-68.3942,17.0236,3063
"2026-09-09 18:00:00","2026-09-10 09:00:00","CAPE","surface",-68.3703,17.0236,3168
"2026-09-09 18:00:00","2026-09-10 09:00:00","CAPE","surface",-68.3464,17.0236,3204
"2026-09-09 18:00:00","2026-09-10 09:00:00","CAPE","surface",-68.3225,17.0236,3185
"2026-09-09 18:00:00","2026-09-10 09:00:00","CAPE","surface",-68.2985,17.0236,3161
"2026-09-09 18:00:00","2026-09-10 09:00:00","CAPE","surface",-68.2746,17.0236,3161
"2026-09-09 18:00:00","2026-09-10 09:00:00","CAPE","surface",-68.2507,17.0236,3315
"2026-09-09 18:00:00","2026-09-10 09:00:00","CAPE","surface",-68.2268,17.0236,3214
"2026-09-09 18:00:00","2026-09-10 09:00:00","CAPE","surface",-68.2028,17.0236,3145
"2026-09-09 18:00:00","2026-09-10 09:00:00","CAPE","surface",-68.1789,17.0236,2773
"2026-09-09 18:00:00","2026-09-10 09:00:00","CAPE","surface",-68.155,17.0236,2755
"2026-09-09 18:00:00","2026-09-10 09:00:00","CAPE","surface",-68.1311,17.0236,2656
"2026-09-09 18:00:00","2026-09-10 09:00:00","CAPE","surface",-68.1071,17.0236,2639
"2026-09-09 18:00:00","2026-09-10 09:00:00","CAPE","surface",-68.0832,17.0236,2633
"2026-09-09 18:00:00","2026-09-10 09:00:00","CAPE","surface",-68.0593,17.0236,2528
"2026-09-09 18:00:00","2026-09-10 09:00:00","CAPE","surface",-68.0354,17.0236,2597
"2026-09-09 18:00:00","2026-09-10 09:00:00","CAPE","surface",-68.0114,17.0236,2460
"2026-09-09 18:00:00","2026-09-10 09:00:00","CAPE","surface",-67.9875,17.0236,2516
"2026-09-09 18:00:00","2026-09-10 09:00:00","CAPE","surface",-67.9636,17.0236,2287
"2026-09-09 18:00:00","2026-09-10 09:00:00","CAPE","surface",-67.9397,17.0236,2400
"2026-09-09 18:00:00","2026-09-10 09:00:00","CAPE","surface",-67.9157,17.0236,2438
"2026-09-09 18:00:00","2026-09-10 09:00:00","CAPE","surface",-67.8918,17.0236,2478
"2026-09-09 18:00:00","2026-09-10 09:00:00","CAPE","surface",-67.8679,17.0236,2478
"2026-09-09 18:00:00","2026-09-10 09:00:00","CAPE","surface",-67.844,17.0236,2522
"2026-09-09 18:00:00","2026-09-10 09:00:00","CAPE","surface",-67.82,17.0236,2564
"2026-09-09 18:00:00","2026-09-10 09:00:00","CAPE","surface",-67.7961,17.0236,2602
"2026-09-09 18:00:00","2026-09-10 09:00:00","CAPE","surface",-67.7722,17.0236,2653
"2026-09-09 18:00:00","2026-09-10 09:00:00","CAPE","surface",-67.7483,17.0236,2712
"2026-09-09 18:00:00","2026-09-10 09:00:00","CAPE","surface",-67.7243,17.0236,2892
"2026-09-09 18:00:00","2026-09-10 09:00:00","CAPE","surface",-67.7004,17.0236,2991
"2026-09-09 18:00:00","2026-09-10 09:00:00","CAPE","surface",-67.6765,17.0236,3221
"2026-09-09 18:00:00","2026-09-10 09:00:00","CAPE","surface",-67.6526,17.0236,3221
"2026-09-09 18:00:00","2026-09-10 09:00:00","CAPE","surface",-67.6286,17.0236,3471
"2026-09-09 18:00:00","2026-09-10 09:00:00","CAPE","surface",-67.6047,17.0236,3566
"2026-09-09 18:00:00","2026-09-10 09:00:00","CAPE","surface",-67.5808,17.0236,3453
"2026-09-09 18:00:00","2026-09-10 09:00:00","CAPE","surface",-67.5569,17.0236,3141
"2026-09-09 18:00:00","2026-09-10 09:00:00","CAPE","surface",-67.5329,17.0236,2953
"2026-09-09 18:00:00","2026-09-10 09:00:00","CAPE","surface",-67.509,17.0236,2752
"2026-09-09 18:00:00","2026-09-10 09:00:00","CAPE","surface",-67.4851,17.0236,2756
"2026-09-09 18:00:00","2026-09-10 09:00:00","CAPE","surface",-67.4612,17.0236,2841
"2026-09-09 18:00:00","2026-09-10 09:00:00","CAPE","surface",-67.4372,17.0236,2890
"2026-09-09 18:00:00","2026-09-10 09:00:00","CAPE","surface",-67.4133,17.0236,2989
"2026-09-09 18:00:00","2026-09-10 09:00:00","CAPE","surface",-67.3894,17.0236,3123
"2026-09-09 18:00:00","2026-09-10 09:00:00","CAPE","surface",-67.3655,17.0236,3137
"2026-09-09 18:00:00","2026-09-10 09:00:00","CAPE","surface",-67.3415,17.0236,3242
"2026-09-09 18:00:00","2026-09-10 09:00:00","CAPE","surface",-67.3176,17.0236,3220
"2026-09-09 18:00:00","2026-09-10 09:00:00","CAPE","surface",-67.2937,17.0236,3291
"2026-09-09 18:00:00","2026-09-10 09:00:00","CAPE","surface",-67.2698,17.0236,3393
"2026-09-09 18:00:00","2026-09-10 09:00:00","CAPE","surface",-67.2458,17.0236,3393
"2026-09-09 18:00:00","2026-09-10 09:00:00","CAPE","surface",-67.2219,17.0236,3462
"2026-09-09 18:00:00","2026-09-10 09:00:00","CAPE","surface",-67.198,17.0236,3482
"2026-09-09 18:00:00","2026-09-10 09:00:00","CAPE","surface",-67.1741,17.0236,3334
"2026-09-09 18:00:00","2026-09-10 09:00:00","CAPE","surface",-67.1501,17.0236,3334
"2026-09-09 18:00:00","2026-09-10 09:00:00","CAPE","surface",-67.1262,17.0236,3124
"2026-09-09 18:00:00","2026-09-10 09:00:00","CAPE","surface",-67.1023,17.0236,3107
"2026-09-09 18:00:00","2026-09-10 09:00:00","CAPE","surface",-67.0784,17.0236,3098
"2026-09-09 18:00:00","2026-09-10 09:00:00","CAPE","surface",-67.0544,17.0236,3112
"2026-09-09 18:00:00","2026-09-10 09:00:00","CAPE","surface",-67.0305,17.0236,3112
"2026-09-09 18:00:00","2026-09-10 09:00:00","CAPE","surface",-67.0066,17.0236,3122
"2026-09-09 18:00:00","2026-09-10 09:00:00","CAPE","surface",-74.7822,17.0465,2520
"2026-09-09 18:00:00","2026-09-10 09:00:00","CAPE","surface",-74.7583,17.0465,2506
"2026-09-09 18:00:00","2026-09-10 09:00:00","CAPE","surface",-74.7344,17.0465,2470
"2026-09-09 18:00:00","2026-09-10 09:00:00","CAPE","surface",-74.7105,17.0465,2470
"2026-09-09 18:00:00","2026-09-10 09:00:00","CAPE","surface",-74.6865,17.0465,2634
"2026-09-09 18:00:00","2026-09-10 09:00:00","CAPE","surface",-74.6626,17.0465,2658
"2026-09-09 18:00:00","2026-09-10 09:00:00","CAPE","surface",-74.6387,17.0465,2918
"2026-09-09 18:00:00","2026-09-10 09:00:00","CAPE","surface",-74.6148,17.0465,2923
"2026-09-09 18:00:00","2026-09-10 09:00:00","CAPE","surface",-74.5908,17.0465,2991
"2026-09-09 18:00:00","2026-09-10 09:00:00","CAPE","surface",-74.5669,17.0465,2991
"2026-09-09 18:00:00","2026-09-10 09:00:00","CAPE","surface",-74.543,17.0465,2712
"2026-09-09 18:00:00","2026-09-10 09:00:00","CAPE","surface",-74.5191,17.0465,2447
"2026-09-09 18:00:00","2026-09-10 09:00:00","CAPE","surface",-74.4951,17.0465,2298
"2026-09-09 18:00:00","2026-09-10 09:00:00","CAPE","surface",-74.4712,17.0465,2295
"2026-09-09 18:00:00","2026-09-10 09:00:00","CAPE","surface",-74.4473,17.0465,2415
"2026-09-09 18:00:00","2026-09-10 09:00:00","CAPE","surface",-74.4234,17.0465,2415
"2026-09-09 18:00:00","2026-09-10 09:00:00","CAPE","surface",-74.3994,17.0465,2473
"2026-09-09 18:00:00","2026-09-10 09:00:00","CAPE","surface",-74.3755,17.0465,2489
"2026-09-09 18:00:00","2026-09-10 09:00:00","CAPE","surface",-74.3516,17.0465,2419
"2026-09-09 18:00:00","2026-09-10 09:00:00","CAPE","surface",-74.3277,17.0465,2415
"2026-09-09 18:00:00","2026-09-10 09:00:00","CAPE","surface",-74.3037,17.0465,2354
"2026-09-09 18:00:00","2026-09-10 09:00:00","CAPE","surface",-74.2798,17.0465,2397
"2026-09-09 18:00:00","2026-09-10 09:00:00","CAPE","surface",-74.2559,17.0465,2359
"2026-09-09 18:00:00","2026-09-10 09:00:00","CAPE","surface",-74.232,17.0465,2407
"2026-09-09 18:00:00","2026-09-10 09:00:00","CAPE","surface",-74.208,17.0465,2414
"2026-09-09 18:00:00","2026-09-10 09:00:00","CAPE","surface",-74.1841,17.0465,2319
"2026-09-09 18:00:00","2026-09-10 09:00:00","CAPE","surface",-74.1602,17.0465,2134
"2026-09-09 18:00:00","2026-09-10 09:00:00","CAPE","surface",-74.1363,17.0465,2006
"2026-09-09 18:00:00","2026-09-10 09:00:00","CAPE","surface",-74.1123,17.0465,2006
"2026-09-09 18:00:00","2026-09-10 09:00:00","CAPE","surface",-74.0884,17.0465,2018
"2026-09-09 18:00:00","2026-09-10 09:00:00","CAPE","surface",-74.0645,17.0465,2136
"2026-09-09 18:00:00","2026-09-10 09:00:00","CAPE","surface",-74.0406,17.0465,2292
"2026-09-09 18:00:00","2026-09-10 09:00:00","CAPE","surface",-74.0166,17.0465,2332
"2026-09-09 18:00:00","2026-09-10 09:00:00","CAPE","surface",-73.9927,17.0465,2347
"2026-09-09 18:00:00","2026-09-10 09:00:00","CAPE","surface",-73.9688,17.0465,2347
"2026-09-09 18:00:00","2026-09-10 09:00:00","CAPE","surface",-73.9449,17.0465,2361
"2026-09-09 18:00:00","2026-09-10 09:00:00","CAPE","surface",-73.9209,17.0465,2301
"2026-09-09 18:00:00","2026-09-10 09:00:00","CAPE","surface",-73.897,17.0465,2283
"2026-09-09 18:00:00","2026-09-10 09:00:00","CAPE","surface",-73.8731,17.0465,2225
"2026-09-09 18:00:00","2026-09-10 09:00:00","CAPE","surface",-73.8492,17.0465,2297
"2026-09-09 18:00:00","2026-09-10 09:00:00","CAPE","surface",-73.8252,17.0465,2297
"2026-09-09 18:00:00","2026-09-10 09:00:00","CAPE","surface",-73.8013,17.0465,2565
"2026-09-09 18:00:00","2026-09-10 09:00:00","CAPE","surface",-73.7774,17.0465,2535
"2026-09-09 18:00:00","2026-09-10 09:00:00","CAPE","surface",-73.7535,17.0465,2749
"2026-09-09 18:00:00","2026-09-10 09:00:00","CAPE","surface",-73.7295,17.0465,2833
"2026-09-09 18:00:00","2026-09-10 09:00:00","CAPE","surface",-73.7056,17.0465,2690
"2026-09-09 18:00:00","2026-09-10 09:00:00","CAPE","surface",-73.6817,17.0465,2867
"2026-09-09 18:00:00","2026-09-10 09:00:00","CAPE","surface",-73.6578,17.0465,2671
"2026-09-09 18:00:00","2026-09-10 09:00:00","CAPE","surface",-73.6338,17.0465,2699
"2026-09-09 18:00:00","2026-09-10 09:00:00","CAPE","surface",-73.6099,17.0465,2529
"2026-09-09 18:00:00","2026-09-10 09:00:00","CAPE","surface",-73.586,17.0465,2688
"2026-09-09 18:00:00","2026-09-10 09:00:00","CAPE","surface",-73.5621,17.0465,2628
"2026-09-09 18:00:00","2026-09-10 09:00:00","CAPE","surface",-73.5381,17.0465,2828
"2026-09-09 18:00:00","2026-09-10 09:00:00","CAPE","surface",-73.5142,17.0465,2795
"2026-09-09 18:00:00","2026-09-10 09:00:00","CAPE","surface",-73.4903,17.0465,2885
"2026-09-09 18:00:00","2026-09-10 09:00:00","CAPE","surface",-73.4664,17.0465,2786
"2026-09-09 18:00:00","2026-09-10 09:00:00","CAPE","surface",-73.4424,17.0465,2906
"2026-09-09 18:00:00","2026-09-10 09:00:00","CAPE","surface",-73.4185,17.0465,2906
"2026-09-09 18:00:00","2026-09-10 09:00:00","CAPE","surface",-73.3946,17.0465,2986
"2026-09-09 18:00:00","2026-09-10 09:00:00","CAPE","surface",-73.3707,17.0465,2932
"2026-09-09 18:00:00","2026-09-10 09:00:00","CAPE","surface",-73.3467,17.0465,2909
"2026-09-09 18:00:00","2026-09-10 09:00:00","CAPE","surface",-73.3228,17.0465,2855
"2026-09-09 18:00:00","2026-09-10 09:00:00","CAPE","surface",-73.2989,17.0465,2811
"2026-09-09 18:00:00","2026-09-10 09:00:00","CAPE","surface",-73.275,17.0465,2778
"2026-09-09 18:00:00","2026-09-10 09:00:00","CAPE","surface",-73.251,17.0465,2869
"2026-09-09 18:00:00","2026-09-10 09:00:00","CAPE","surface",-73.2271,17.0465,2832
"2026-09-09 18:00:00","2026-09-10 09:00:00","CAPE","surface",-73.2032,17.0465,2947
"2026-09-09 18:00:00","2026-09-10 09:00:00","CAPE","surface",-73.1793,17.0465,2906
"2026-09-09 18:00:00","2026-09-10 09:00:00","CAPE","surface",-73.1553,17.0465,2965
"2026-09-09 18:00:00","2026-09-10 09:00:00","CAPE","surface",-73.1314,17.0465,2701
"2026-09-09 18:00:00","2026-09-10 09:00:00","CAPE","surface",-73.1075,17.0465,2865
"2026-09-09 18:00:00","2026-09-10 09:00:00","CAPE","surface",-73.0836,17.0465,2682
"2026-09-09 18:00:00","2026-09-10 09:00:00","CAPE","surface",-73.0596,17.0465,2753
"2026-09-09 18:00:00","2026-09-10 09:00:00","CAPE","surface",-73.0357,17.0465,2669
"2026-09-09 18:00:00","2026-09-10 09:00:00","CAPE","surface",-73.0118,17.0465,2626
"2026-09-09 18:00:00","2026-09-10 09:00:00","CAPE","surface",-72.9879,17.0465,2571
"2026-09-09 18:00:00","2026-09-10 09:00:00","CAPE","surface",-72.9639,17.0465,2522
"2026-09-09 18:00:00","2026-09-10 09:00:00","CAPE","surface",-72.94,17.0465,2515
"2026-09-09 18:00:00","2026-09-10 09:00:00","CAPE","surface",-72.9161,17.0465,2585
"2026-09-09 18:00:00","2026-09-10 09:00:00","CAPE","surface",-72.8922,17.0465,2595
"2026-09-09 18:00:00","2026-09-10 09:00:00","CAPE","surface",-72.8682,17.0465,2711
"2026-09-09 18:00:00","2026-09-10 09:00:00","CAPE","surface",-72.8443,17.0465,2701
"2026-09-09 18:00:00","2026-09-10 09:00:00","CAPE","surface",-72.8204,17.0465,2756
"2026-09-09 18:00:00","2026-09-10 09:00:00","CAPE","surface",-72.7965,17.0465,2742
"2026-09-09 18:00:00","2026-09-10 09:00:00","CAPE","surface",-72.7725,17.0465,2737
"2026-09-09 18:00:00","2026-09-10 09:00:00","CAPE","surface",-72.7486,17.0465,2743
"2026-09-09 18:00:00","2026-09-10 09:00:00","CAPE","surface",-72.7247,17.0465,2562
"2026-09-09 18:00:00","2026-09-10 09:00:00","CAPE","surface",-72.7008,17.0465,2529
"2026-09-09 18:00:00","2026-09-10 09:00:00","CAPE","surface",-72.6768,17.0465,2405
"2026-09-09 18:00:00","2026-09-10 09:00:00","CAPE","surface",-72.6529,17.0465,2423
"2026-09-09 18:00:00","2026-09-10 09:00:00","CAPE","surface",-72.629,17.0465,2487
"2026-09-09 18:00:00","2026-09-10 09:00:00","CAPE","surface",-72.6051,17.0465,2608
"2026-09-09 18:00:00","2026-09-10 09:00:00","CAPE","surface",-72.5811,17.0465,2665
"2026-09-09 18:00:00","2026-09-10 09:00:00","CAPE","surface",-72.5572,17.0465,2892
"2026-09-09 18:00:00","2026-09-10 09:00:00","CAPE","surface",-72.5333,17.0465,2866
"2026-09-09 18:00:00","2026-09-10 09:00:00","CAPE","surface",-72.5094,17.0465,2915
"2026-09-09 18:00:00","2026-09-10 09:00:00","CAPE","surface",-72.4854,17.0465,2766
"2026-09-09 18:00:00","2026-09-10 09:00:00","CAPE","surface",-72.4615,17.0465,2753
"2026-09-09 18:00:00","2026-09-10 09:00:00","CAPE","surface",-72.4376,17.0465,2622
"2026-09-09 18:00:00","2026-09-10 09:00:00","CAPE","surface",-72.4137,17.0465,2572
"2026-09-09 18:00:00","2026-09-10 09:00:00","CAPE","surface",-72.3897,17.0465,2572
"2026-09-09 18:00:00","2026-09-10 09:00:00","CAPE","surface",-72.3658,17.0465,2583
"2026-09-09 18:00:00","2026-09-10 09:00:00","CAPE","surface",-72.3419,17.0465,2654
"2026-09-09 18:00:00","2026-09-10 09:00:00","CAPE","surface",-72.318,17.0465,2628
"2026-09-09 18:00:00","2026-09-10 09:00:00","CAPE","surface",-72.294,17.0465,2695
"2026-09-09 18:00:00","2026-09-10 09:00:00","CAPE","surface",-72.2701,17.0465,2660
"2026-09-09 18:00:00","2026-09-10 09:00:00","CAPE","surface",-72.2462,17.0465,2698
"2026-09-09 18:00:00","2026-09-10 09:00:00","CAPE","surface",-72.2223,17.0465,2668
"2026-09-09 18:00:00","2026-09-10 09:00:00","CAPE","surface",-72.1983,17.0465,2743
"2026-09-09 18:00:00","2026-09-10 09:00:00","CAPE","surface",-72.1744,17.0465,2710
"2026-09-09 18:00:00","2026-09-10 09:00:00","CAPE","surface",-72.1505,17.0465,2769
"2026-09-09 18:00:00","2026-09-10 09:00:00","CAPE","surface",-72.1266,17.0465,2740
"2026-09-09 18:00:00","2026-09-10 09:00:00","CAPE","surface",-72.1026,17.0465,2837
"2026-09-09 18:00:00","2026-09-10 09:00:00","CAPE","surface",-72.0787,17.0465,2837
"2026-09-09 18:00:00","2026-09-10 09:00:00","CAPE","surface",-72.0548,17.0465,2900
"2026-09-09 18:00:00","2026-09-10 09:00:00","CAPE","surface",-72.0309,17.0465,2911
"2026-09-09 18:00:00","2026-09-10 09:00:00","CAPE","surface",-72.0069,17.0465,2893
"2026-09-09 18:00:00","2026-09-10 09:00:00","CAPE","surface",-71.983,17.0465,2927
"2026-09-09 18:00:00","2026-09-10 09:00:00","CAPE","surface",-71.9591,17.0465,2885
"2026-09-09 18:00:00","2026-09-10 09:00:00","CAPE","surface",-71.9352,17.0465,2938
"2026-09-09 18:00:00","2026-09-10 09:00:00","CAPE","surface",-71.9112,17.0465,2871
"2026-09-09 18:00:00","2026-09-10 09:00:00","CAPE","surface",-71.8873,17.0465,2905
"2026-09-09 18:00:00","2026-09-10 09:00:00","CAPE","surface",-71.8634,17.0465,2836
"2026-09-09 18:00:00","2026-09-10 09:00:00","CAPE","surface",-71.8395,17.0465,2910
"2026-09-09 18:00:00","2026-09-10 09:00:00","CAPE","surface",-71.8155,17.0465,2910
"2026-09-09 18:00:00","2026-09-10 09:00:00","CAPE","surface",-71.7916,17.0465,2964
"2026-09-09 18:00:00","2026-09-10 09:00:00","CAPE","surface",-71.7677,17.0465,2922
"2026-09-09 18:00:00","2026-09-10 09:00:00","CAPE","surface",-71.7438,17.0465,2763
"2026-09-09 18:00:00","2026-09-10 09:00:00","CAPE","surface",-71.7198,17.0465,2669
"2026-09-09 18:00:00","2026-09-10 09:00:00","CAPE","surface",-71.6959,17.0465,2669
"2026-09-09 18:00:00","2026-09-10 09:00:00","CAPE","surface",-71.672,17.0465,2634
"2026-09-09 18:00:00","2026-09-10 09:00:00","CAPE","surface",-71.6481,17.0465,2630
"2026-09-09 18:00:00","2026-09-10 09:00:00","CAPE","surface",-71.6241,17.0465,2603
"2026-09-09 18:00:00","2026-09-10 09:00:00","CAPE","surface",-71.6002,17.0465,2565
"2026-09-09 18:00:00","2026-09-10 09:00:00","CAPE","surface",-71.5763,17.0465,2576
"2026-09-09 18:00:00","2026-09-10 09:00:00","CAPE","surface",-71.5524,17.0465,2512
"2026-09-09 18:00:00","2026-09-10 09:00:00","CAPE","surface",-71.5284,17.0465,2428
"2026-09-09 18:00:00","2026-09-10 09:00:00","CAPE","surface",-71.5045,17.0465,2364
"2026-09-09 18:00:00","2026-09-10 09:00:00","CAPE","surface",-71.4806,17.0465,2336
"2026-09-09 18:00:00","2026-09-10 09:00:00","CAPE","surface",-71.4567,17.0465,2311
"2026-09-09 18:00:00","2026-09-10 09:00:00","CAPE","surface",-71.4327,17.0465,2311
"2026-09-09 18:00:00","2026-09-10 09:00:00","CAPE","surface",-71.4088,17.0465,2280
"2026-09-09 18:00:00","2026-09-10 09:00:00","CAPE","surface",-71.3849,17.0465,2276
"2026-09-09 18:00:00","2026-09-10 09:00:00","CAPE","surface",-71.361,17.0465,2274
"2026-09-09 18:00:00","2026-09-10 09:00:00","CAPE","surface",-71.337,17.0465,2297
"2026-09-09 18:00:00","2026-09-10 09:00:00","CAPE","surface",-71.3131,17.0465,2298
"2026-09-09 18:00:00","2026-09-10 09:00:00","CAPE","surface",-71.2892,17.0465,2315
"2026-09-09 18:00:00","2026-09-10 09:00:00","CAPE","surface",-71.2653,17.0465,2253
"2026-09-09 18:00:00","2026-09-10 09:00:00","CAPE","surface",-71.2413,17.0465,2204
"2026-09-09 18:00:00","2026-09-10 09:00:00","CAPE","surface",-71.2174,17.0465,2194
"2026-09-09 18:00:00","2026-09-10 09:00:00","CAPE","surface",-71.1935,17.0465,2183
"2026-09-09 18:00:00","2026-09-10 09:00:00","CAPE","surface",-71.1696,17.0465,2178
"2026-09-09 18:00:00","2026-09-10 09:00:00","CAPE","surface",-71.1456,17.0465,2201
"2026-09-09 18:00:00","2026-09-10 09:00:00","CAPE","surface",-71.1217,17.0465,2234
"2026-09-09 18:00:00","2026-09-10 09:00:00","CAPE","surface",-71.0978,17.0465,2263
"2026-09-09 18:00:00","2026-09-10 09:00:00","CAPE","surface",-71.0739,17.0465,2263
"2026-09-09 18:00:00","2026-09-10 09:00:00","CAPE","surface",-71.0499,17.0465,2257
"2026-09-09 18:00:00","2026-09-10 09:00:00","CAPE","surface",-71.026,17.0465,2244
"2026-09-09 18:00:00","2026-09-10 09:00:00","CAPE","surface",-71.0021,17.0465,2224
"2026-09-09 18:00:00","2026-09-10 09:00:00","CAPE","surface",-70.9782,17.0465,2240
"2026-09-09 18:00:00","2026-09-10 09:00:00","CAPE","surface",-70.9542,17.0465,2240
"2026-09-09 18:00:00","2026-09-10 09:00:00","CAPE","surface",-70.9303,17.0465,2302
"2026-09-09 18:00:00","2026-09-10 09:00:00","CAPE","surface",-70.9064,17.0465,2341
"2026-09-09 18:00:00","2026-09-10 09:00:00","CAPE","surface",-70.8825,17.0465,2390
"2026-09-09 18:00:00","2026-09-10 09:00:00","CAPE","surface",-70.8585,17.0465,2398
"2026-09-09 18:00:00","2026-09-10 09:00:00","CAPE","surface",-70.8346,17.0465,2417
"2026-09-09 18:00:00","2026-09-10 09:00:00","CAPE","surface",-70.8107,17.0465,2422
"2026-09-09 18:00:00","2026-09-10 09:00:00","CAPE","surface",-70.7868,17.0465,2427
"2026-09-09 18:00:00","2026-09-10 09:00:00","CAPE","surface",-70.7628,17.0465,2487
"2026-09-09 18:00:00","2026-09-10 09:00:00","CAPE","surface",-70.7389,17.0465,2691
"2026-09-09 18:00:00","2026-09-10 09:00:00","CAPE","surface",-70.715,17.0465,2720
"2026-09-09 18:00:00","2026-09-10 09:00:00","CAPE","surface",-70.6911,17.0465,2836
"2026-09-09 18:00:00","2026-09-10 09:00:00","CAPE","surface",-70.6671,17.0465,2734
"2026-09-09 18:00:00","2026-09-10 09:00:00","CAPE","surface",-70.6432,17.0465,2150
"2026-09-09 18:00:00","2026-09-10 09:00:00","CAPE","surface",-70.6193,17.0465,1198
"2026-09-09 18:00:00","2026-09-10 09:00:00","CAPE","surface",-70.5954,17.0465,1198
"2026-09-09 18:00:00","2026-09-10 09:00:00","CAPE","surface",-70.5714,17.0465,1029
"2026-09-09 18:00:00","2026-09-10 09:00:00","CAPE","surface",-70.5475,17.0465,1372
"2026-09-09 18:00:00","2026-09-10 09:00:00","CAPE","surface",-70.5236,17.0465,1492
"2026-09-09 18:00:00","2026-09-10 09:00:00","CAPE","surface",-70.4997,17.0465,1295
"2026-09-09 18:00:00","2026-09-10 09:00:00","CAPE","surface",-70.4757,17.0465,1295
"2026-09-09 18:00:00","2026-09-10 09:00:00","CAPE","surface",-70.4518,17.0465,1064
"2026-09-09 18:00:00","2026-09-10 09:00:00","CAPE","surface",-70.4279,17.0465,1065
"2026-09-09 18:00:00","2026-09-10 09:00:00","CAPE","surface",-70.404,17.0465,1161
"2026-09-09 18:00:00","2026-09-10 09:00:00","CAPE","surface",-70.38,17.0465,1267
"2026-09-09 18:00:00","2026-09-10 09:00:00","CAPE","surface",-70.3561,17.0465,1477
"2026-09-09 18:00:00","2026-09-10 09:00:00","CAPE","surface",-70.3322,17.0465,1795
"2026-09-09 18:00:00","2026-09-10 09:00:00","CAPE","surface",-70.3083,17.0465,1845
"2026-09-09 18:00:00","2026-09-10 09:00:00","CAPE","surface",-70.2843,17.0465,2031
"2026-09-09 18:00:00","2026-09-10 09:00:00","CAPE","surface",-70.2604,17.0465,2094
"2026-09-09 18:00:00","2026-09-10 09:00:00","CAPE","surface",-70.2365,17.0465,2150
"2026-09-09 18:00:00","2026-09-10 09:00:00","CAPE","surface",-70.2126,17.0465,2296
"2026-09-09 18:00:00","2026-09-10 09:00:00","CAPE","surface",-70.1886,17.0465,2434
"2026-09-09 18:00:00","2026-09-10 09:00:00","CAPE","surface",-70.1647,17.0465,2407
"2026-09-09 18:00:00","2026-09-10 09:00:00","CAPE","surface",-70.1408,17.0465,2507
"2026-09-09 18:00:00","2026-09-10 09:00:00","CAPE","surface",-70.1169,17.0465,2634
"2026-09-09 18:00:00","2026-09-10 09:00:00","CAPE","surface",-70.0929,17.0465,2611
"2026-09-09 18:00:00","2026-09-10 09:00:00","CAPE","surface",-70.069,17.0465,2637
"2026-09-09 18:00:00","2026-09-10 09:00:00","CAPE","surface",-70.0451,17.0465,2505
"2026-09-09 18:00:00","2026-09-10 09:00:00","CAPE","surface",-70.0212,17.0465,2463
"2026-09-09 18:00:00","2026-09-10 09:00:00","CAPE","surface",-69.9972,17.0465,2463
"2026-09-09 18:00:00","2026-09-10 09:00:00","CAPE","surface",-69.9733,17.0465,2501
"2026-09-09 18:00:00","2026-09-10 09:00:00","CAPE","surface",-69.9494,17.0465,2493
"2026-09-09 18:00:00","2026-09-10 09:00:00","CAPE","surface",-69.9255,17.0465,2582
"2026-09-09 18:00:00","2026-09-10 09:00:00","CAPE","surface",-69.9015,17.0465,2574
"2026-09-09 18:00:00","2026-09-10 09:00:00","CAPE","surface",-69.8776,17.0465,2542
"2026-09-09 18:00:00","2026-09-10 09:00:00","CAPE","surface",-69.8537,17.0465,2454
"2026-09-09 18:00:00","2026-09-10 09:00:00","CAPE","surface",-69.8298,17.0465,2467
"2026-09-09 18:00:00","2026-09-10 09:00:00","CAPE","surface",-69.8058,17.0465,2449
"2026-09-09 18:00:00","2026-09-10 09:00:00","CAPE","surface",-69.7819,17.0465,2449
"2026-09-09 18:00:00","2026-09-10 09:00:00","CAPE","surface",-69.758,17.0465,2459
"2026-09-09 18:00:00","2026-09-10 09:00:00","CAPE","surface",-69.7341,17.0465,2565
"2026-09-09 18:00:00","2026-09-10 09:00:00","CAPE","surface",-69.7101,17.0465,2615
"2026-09-09 18:00:00","2026-09-10 09:00:00","CAPE","surface",-69.6862,17.0465,2737
"2026-09-09 18:00:00","2026-09-10 09:00:00","CAPE","surface",-69.6623,17.0465,2737
"2026-09-09 18:00:00","2026-09-10 09:00:00","CAPE","surface",-69.6384,17.0465,2839
"2026-09-09 18:00:00","2026-09-10 09:00:00","CAPE","surface",-69.6144,17.0465,2845
"2026-09-09 18:00:00","2026-09-10 09:00:00","CAPE","surface",-69.5905,17.0465,2903
"2026-09-09 18:00:00","2026-09-10 09:00:00","CAPE","surface",-69.5666,17.0465,2882
"2026-09-09 18:00:00","2026-09-10 09:00:00","CAPE","surface",-69.5427,17.0465,3000
"2026-09-09 18:00:00","2026-09-10 09:00:00","CAPE","surface",-69.5187,17.0465,3183
"2026-09-09 18:00:00","2026-09-10 09:00:00","CAPE","surface",-69.4948,17.0465,3208
"2026-09-09 18:00:00","2026-09-10 09:00:00","CAPE","surface",-69.4709,17.0465,3328
"2026-09-09 18:00:00","2026-09-10 09:00:00","CAPE","surface",-69.447,17.0465,3328
"2026-09-09 18:00:00","2026-09-10 09:00:00","CAPE","surface",-69.423,17.0465,3391
"2026-09-09 18:00:00","2026-09-10 09:00:00","CAPE","surface",-69.3991,17.0465,3437
"2026-09-09 18:00:00","2026-09-10 09:00:00","CAPE","surface",-69.3752,17.0465,3575
"2026-09-09 18:00:00","2026-09-10 09:00:00","CAPE","surface",-69.3513,17.0465,3681
"2026-09-09 18:00:00","2026-09-10 09:00:00","CAPE","surface",-69.3273,17.0465,3681
"2026-09-09 18:00:00","2026-09-10 09:00:00","CAPE","surface",-69.3034,17.0465,3545
"2026-09-09 18:00:00","2026-09-10 09:00:00","CAPE","surface",-69.2795,17.0465,3535
"2026-09-09 18:00:00","2026-09-10 09:00:00","CAPE","surface",-69.2556,17.0465,3049
"2026-09-09 18:00:00","2026-09-10 09:00:00","CAPE","surface",-69.2316,17.0465,3137
"2026-09-09 18:00:00","2026-09-10 09:00:00","CAPE","surface",-69.2077,17.0465,2877
"2026-09-09 18:00:00","2026-09-10 09:00:00","CAPE","surface",-69.1838,17.0465,2863
"2026-09-09 18:00:00","2026-09-10 09:00:00","CAPE","surface",-69.1599,17.0465,2867
"2026-09-09 18:00:00","2026-09-10 09:00:00","CAPE","surface",-69.1359,17.0465,2941
"2026-09-09 18:00:00","2026-09-10 09:00:00","CAPE","surface",-69.112,17.0465,2941
"2026-09-09 18:00:00","2026-09-10 09:00:00","CAPE","surface",-69.0881,17.0465,2896
"2026-09-09 18:00:00","2026-09-10 09:00:00","CAPE","surface",-69.0642,17.0465,2822
"2026-09-09 18:00:00","2026-09-10 09:00:00","CAPE","surface",-69.0402,17.0465,2582
"2026-09-09 18:00:00","2026-09-10 09:00:00","CAPE","surface",-69.0163,17.0465,2513
"2026-09-09 18:00:00","2026-09-10 09:00:00","CAPE","surface",-68.9924,17.0465,2496
"2026-09-09 18:00:00","2026-09-10 09:00:00","CAPE","surface",-68.9685,17.0465,2505
"2026-09-09 18:00:00","2026-09-10 09:00:00","CAPE","surface",-68.9445,17.0465,2523
"2026-09-09 18:00:00","2026-09-10 09:00:00","CAPE","surface",-68.9206,17.0465,2619
"2026-09-09 18:00:00","2026-09-10 09:00:00","CAPE","surface",-68.8967,17.0465,2619
"2026-09-09 18:00:00","2026-09-10 09:00:00","CAPE","surface",-68.8728,17.0465,2714
"2026-09-09 18:00:00","2026-09-10 09:00:00","CAPE","surface",-68.8488,17.0465,2767
"2026-09-09 18:00:00","2026-09-10 09:00:00","CAPE","surface",-68.8249,17.0465,2842
"2026-09-09 18:00:00","2026-09-10 09:00:00","CAPE","surface",-68.801,17.0465,2920
"2026-09-09 18:00:00","2026-09-10 09:00:00","CAPE","surface",-68.7771,17.0465,2920
"2026-09-09 18:00:00","2026-09-10 09:00:00","CAPE","surface",-68.7531,17.0465,2894
"2026-09-09 18:00:00","2026-09-10 09:00:00","CAPE","surface",-68.7292,17.0465,2858
"2026-09-09 18:00:00","2026-09-10 09:00:00","CAPE","surface",-68.7053,17.0465,2893
"2026-09-09 18:00:00","2026-09-10 09:00:00","CAPE","surface",-68.6813,17.0465,2881
"2026-09-09 18:00:00","2026-09-10 09:00:00","CAPE","surface",-68.6574,17.0465,2938
"2026-09-09 18:00:00","2026-09-10 09:00:00","CAPE","surface",-68.6335,17.0465,2936
"2026-09-09 18:00:00","2026-09-10 09:00:00","CAPE","surface",-68.6096,17.0465,2874
"2026-09-09 18:00:00","2026-09-10 09:00:00","CAPE","surface",-68.5856,17.0465,2885
"2026-09-09 18:00:00","2026-09-10 09:00:00","CAPE","surface",-68.5617,17.0465,2885
"2026-09-09 18:00:00","2026-09-10 09:00:00","CAPE","surface",-68.5378,17.0465,2932
"2026-09-09 18:00:00","2026-09-10 09:00:00","CAPE","surface",-68.5139,17.0465,2875
"2026-09-09 18:00:00","2026-09-10 09:00:00","CAPE","surface",-68.4899,17.0465,2855
"2026-09-09 18:00:00","2026-09-10 09:00:00","CAPE","surface",-68.466,17.0465,2805
"2026-09-09 18:00:00","2026-09-10 09:00:00","CAPE","surface",-68.4421,17.0465,2805
"2026-09-09 18:00:00","2026-09-10 09:00:00","CAPE","surface",-68.4182,17.0465,2931
"2026-09-09 18:00:00","2026-09-10 09:00:00","CAPE","surface",-68.3942,17.0465,3063
"2026-09-09 18:00:00","2026-09-10 09:00:00","CAPE","surface",-68.3703,17.0465,3198
"2026-09-09 18:00:00","2026-09-10 09:00:00","CAPE","surface",-68.3464,17.0465,3198
"2026-09-09 18:00:00","2026-09-10 09:00:00","CAPE","surface",-68.3225,17.0465,3198
"2026-09-09 18:00:00","2026-09-10 09:00:00","CAPE","surface",-68.2985,17.0465,3239
"2026-09-09 18:00:00","2026-09-10 09:00:00","CAPE","surface",-68.2746,17.0465,3271
"2026-09-09 18:00:00","2026-09-10 09:00:00","CAPE","surface",-68.2507,17.0465,3339
"2026-09-09 18:00:00","2026-09-10 09:00:00","CAPE","surface",-68.2268,17.0465,3303
"2026-09-09 18:00:00","2026-09-10 09:00:00","CAPE","surface",-68.2028,17.0465,2854
"2026-09-09 18:00:00","2026-09-10 09:00:00","CAPE","surface",-68.1789,17.0465,2773
"2026-09-09 18:00:00","2026-09-10 09:00:00","CAPE","surface",-68.155,17.0465,2640
"2026-09-09 18:00:00","2026-09-10 09:00:00","CAPE","surface",-68.1311,17.0465,2625
"2026-09-09 18:00:00","2026-09-10 09:00:00","CAPE","surface",-68.1071,17.0465,2620
"2026-09-09 18:00:00","2026-09-10 09:00:00","CAPE","surface",-68.0832,17.0465,2477
"2026-09-09 18:00:00","2026-09-10 09:00:00","CAPE","surface",-68.0593,17.0465,2528
"2026-09-09 18:00:00","2026-09-10 09:00:00","CAPE","surface",-68.0354,17.0465,2271
"2026-09-09 18:00:00","2026-09-10 09:00:00","CAPE","surface",-68.0114,17.0465,2375
"2026-09-09 18:00:00","2026-09-10 09:00:00","CAPE","surface",-67.9875,17.0465,2174
"2026-09-09 18:00:00","2026-09-10 09:00:00","CAPE","surface",-67.9636,17.0465,2171
"2026-09-09 18:00:00","2026-09-10 09:00:00","CAPE","surface",-67.9397,17.0465,2321
"2026-09-09 18:00:00","2026-09-10 09:00:00","CAPE","surface",-67.9157,17.0465,2319
"2026-09-09 18:00:00","2026-09-10 09:00:00","CAPE","surface",-67.8918,17.0465,2427
"2026-09-09 18:00:00","2026-09-10 09:00:00","CAPE","surface",-67.8679,17.0465,2477
"2026-09-09 18:00:00","2026-09-10 09:00:00","CAPE","surface",-67.844,17.0465,2522
"2026-09-09 18:00:00","2026-09-10 09:00:00","CAPE","surface",-67.82,17.0465,2530
"2026-09-09 18:00:00","2026-09-10 09:00:00","CAPE","surface",-67.7961,17.0465,2607
"2026-09-09 18:00:00","2026-09-10 09:00:00","CAPE","surface",-67.7722,17.0465,2649
"2026-09-09 18:00:00","2026-09-10 09:00:00","CAPE","surface",-67.7483,17.0465,2793
"2026-09-09 18:00:00","2026-09-10 09:00:00","CAPE","surface",-67.7243,17.0465,2793
"2026-09-09 18:00:00","2026-09-10 09:00:00","CAPE","surface",-67.7004,17.0465,2965
"2026-09-09 18:00:00","2026-09-10 09:00:00","CAPE","surface",-67.6765,17.0465,3080
"2026-09-09 18:00:00","2026-09-10 09:00:00","CAPE","surface",-67.6526,17.0465,3300
"2026-09-09 18:00:00","2026-09-10 09:00:00","CAPE","surface",-67.6286,17.0465,3471
"2026-09-09 18:00:00","2026-09-10 09:00:00","CAPE","surface",-67.6047,17.0465,3471
"2026-09-09 18:00:00","2026-09-10 09:00:00","CAPE","surface",-67.5808,17.0465,3289
"2026-09-09 18:00:00","2026-09-10 09:00:00","CAPE","surface",-67.5569,17.0465,3141
"2026-09-09 18:00:00","2026-09-10 09:00:00","CAPE","surface",-67.5329,17.0465,2811
"2026-09-09 18:00:00","2026-09-10 09:00:00","CAPE","surface",-67.509,17.0465,2811
"2026-09-09 18:00:00","2026-09-10 09:00:00","CAPE","surface",-67.4851,17.0465,2718
"2026-09-09 18:00:00","2026-09-10 09:00:00","CAPE","surface",-67.4612,17.0465,2780
"2026-09-09 18:00:00","2026-09-10 09:00:00","CAPE","surface",-67.4372,17.0465,2890
"2026-09-09 18:00:00","2026-09-10 09:00:00","CAPE","surface",-67.4133,17.0465,2946
"2026-09-09 18:00:00","2026-09-10 09:00:00","CAPE","surface",-67.3894,17.0465,3072
"2026-09-09 18:00:00","2026-09-10 09:00:00","CAPE","surface",-67.3655,17.0465,3239
"2026-09-09 18:00:00","2026-09-10 09:00:00","CAPE","surface",-67.3415,17.0465,3336
"2026-09-09 18:00:00","2026-09-10 09:00:00","CAPE","surface",-67.3176,17.0465,3319
"2026-09-09 18:00:00","2026-09-10 09:00:00","CAPE","surface",-67.2937,17.0465,3390
"2026-09-09 18:00:00","2026-09-10 09:00:00","CAPE","surface",-67.2698,17.0465,3382
"2026-09-09 18:00:00","2026-09-10 09:00:00","CAPE","surface",-67.2458,17.0465,3423
"2026-09-09 18:00:00","2026-09-10 09:00:00","CAPE","surface",-67.2219,17.0465,3462
"2026-09-09 18:00:00","2026-09-10 09:00:00","CAPE","surface",-67.198,17.0465,3375
"2026-09-09 18:00:00","2026-09-10 09:00:00","CAPE","surface",-67.1741,17.0465,3187
"2026-09-09 18:00:00","2026-09-10 09:00:00","CAPE","surface",-67.1501,17.0465,3155
"2026-09-09 18:00:00","2026-09-10 09:00:00","CAPE","surface",-67.1262,17.0465,3122
"2026-09-09 18:00:00","2026-09-10 09:00:00","CAPE","surface",-67.1023,17.0465,3122
"2026-09-09 18:00:00","2026-09-10 09:00:00","CAPE","surface",-67.0784,17.0465,3126
"2026-09-09 18:00:00","2026-09-10 09:00:00","CAPE","surface",-67.0544,17.0465,3113
"2026-09-09 18:00:00","2026-09-10 09:00:00","CAPE","surface",-67.0305,17.0465,3107
"2026-09-09 18:00:00","2026-09-10 09:00:00","CAPE","surface",-67.0066,17.0465,3059
"2026-09-09 18:00:00","2026-09-10 09:00:00","CAPE","surface",-74.7822,17.0694,2500
"2026-09-09 18:00:00","2026-09-10 09:00:00","CAPE","surface",-74.7583,17.0694,2552
"2026-09-09 18:00:00","2026-09-10 09:00:00","CAPE","surface",-74.7344,17.0694,2537
"2026-09-09 18:00:00","2026-09-10 09:00:00","CAPE","surface",-74.7105,17.0694,2656
"2026-09-09 18:00:00","2026-09-10 09:00:00","CAPE","surface",-74.6865,17.0694,2634
"2026-09-09 18:00:00","2026-09-10 09:00:00","CAPE","surface",-74.6626,17.0694,2897
"2026-09-09 18:00:00","2026-09-10 09:00:00","CAPE","surface",-74.6387,17.0694,2895
"2026-09-09 18:00:00","2026-09-10 09:00:00","CAPE","surface",-74.6148,17.0694,3062
"2026-09-09 18:00:00","2026-09-10 09:00:00","CAPE","surface",-74.5908,17.0694,3059
"2026-09-09 18:00:00","2026-09-10 09:00:00","CAPE","surface",-74.5669,17.0694,3020
"2026-09-09 18:00:00","2026-09-10 09:00:00","CAPE","surface",-74.543,17.0694,2712
"2026-09-09 18:00:00","2026-09-10 09:00:00","CAPE","surface",-74.5191,17.0694,2385
"2026-09-09 18:00:00","2026-09-10 09:00:00","CAPE","surface",-74.4951,17.0694,2273
"2026-09-09 18:00:00","2026-09-10 09:00:00","CAPE","surface",-74.4712,17.0694,2245
"2026-09-09 18:00:00","2026-09-10 09:00:00","CAPE","surface",-74.4473,17.0694,2292
"2026-09-09 18:00:00","2026-09-10 09:00:00","CAPE","surface",-74.4234,17.0694,2404
"2026-09-09 18:00:00","2026-09-10 09:00:00","CAPE","surface",-74.3994,17.0694,2447
"2026-09-09 18:00:00","2026-09-10 09:00:00","CAPE","surface",-74.3755,17.0694,2446
"2026-09-09 18:00:00","2026-09-10 09:00:00","CAPE","surface",-74.3516,17.0694,2398
"2026-09-09 18:00:00","2026-09-10 09:00:00","CAPE","surface",-74.3277,17.0694,2361
"2026-09-09 18:00:00","2026-09-10 09:00:00","CAPE","surface",-74.3037,17.0694,2268
"2026-09-09 18:00:00","2026-09-10 09:00:00","CAPE","surface",-74.2798,17.0694,2295
"2026-09-09 18:00:00","2026-09-10 09:00:00","CAPE","surface",-74.2559,17.0694,2349
"2026-09-09 18:00:00","2026-09-10 09:00:00","CAPE","surface",-74.232,17.0694,2407
"2026-09-09 18:00:00","2026-09-10 09:00:00","CAPE","surface",-74.208,17.0694,2452
"2026-09-09 18:00:00","2026-09-10 09:00:00","CAPE","surface",-74.1841,17.0694,2428
"2026-09-09 18:00:00","2026-09-10 09:00:00","CAPE","surface",-74.1602,17.0694,2274
"2026-09-09 18:00:00","2026-09-10 09:00:00","CAPE","surface",-74.1363,17.0694,2090
"2026-09-09 18:00:00","2026-09-10 09:00:00","CAPE","surface",-74.1123,17.0694,1996
"2026-09-09 18:00:00","2026-09-10 09:00:00","CAPE","surface",-74.0884,17.0694,2018
"2026-09-09 18:00:00","2026-09-10 09:00:00","CAPE","surface",-74.0645,17.0694,2090
"2026-09-09 18:00:00","2026-09-10 09:00:00","CAPE","surface",-74.0406,17.0694,2200
"2026-09-09 18:00:00","2026-09-10 09:00:00","CAPE","surface",-74.0166,17.0694,2311
"2026-09-09 18:00:00","2026-09-10 09:00:00","CAPE","surface",-73.9927,17.0694,2430
"2026-09-09 18:00:00","2026-09-10 09:00:00","CAPE","surface",-73.9688,17.0694,2408
"2026-09-09 18:00:00","2026-09-10 09:00:00","CAPE","surface",-73.9449,17.0694,2479
"2026-09-09 18:00:00","2026-09-10 09:00:00","CAPE","surface",-73.9209,17.0694,2479
"2026-09-09 18:00:00","2026-09-10 09:00:00","CAPE","surface",-73.897,17.0694,2529
"2026-09-09 18:00:00","2026-09-10 09:00:00","CAPE","surface",-73.8731,17.0694,2441
"2026-09-09 18:00:00","2026-09-10 09:00:00","CAPE","surface",-73.8492,17.0694,2602
"2026-09-09 18:00:00","2026-09-10 09:00:00","CAPE","surface",-73.8252,17.0694,2588
"2026-09-09 18:00:00","2026-09-10 09:00:00","CAPE","surface",-73.8013,17.0694,2764
"2026-09-09 18:00:00","2026-09-10 09:00:00","CAPE","surface",-73.7774,17.0694,2764
"2026-09-09 18:00:00","2026-09-10 09:00:00","CAPE","surface",-73.7535,17.0694,2875
"2026-09-09 18:00:00","2026-09-10 09:00:00","CAPE","surface",-73.7295,17.0694,2883
"2026-09-09 18:00:00","2026-09-10 09:00:00","CAPE","surface",-73.7056,17.0694,2940
"2026-09-09 18:00:00","2026-09-10 09:00:00","CAPE","surface",-73.6817,17.0694,2867
"2026-09-09 18:00:00","2026-09-10 09:00:00","CAPE","surface",-73.6578,17.0694,2866
"2026-09-09 18:00:00","2026-09-10 09:00:00","CAPE","surface",-73.6338,17.0694,2866
"2026-09-09 18:00:00","2026-09-10 09:00:00","CAPE","surface",-73.6099,17.0694,2821
"2026-09-09 18:00:00","2026-09-10 09:00:00","CAPE","surface",-73.586,17.0694,2765
"2026-09-09 18:00:00","2026-09-10 09:00:00","CAPE","surface",-73.5621,17.0694,2846
"2026-09-09 18:00:00","2026-09-10 09:00:00","CAPE","surface",-73.5381,17.0694,2908
"2026-09-09 18:00:00","2026-09-10 09:00:00","CAPE","surface",-73.5142,17.0694,2917
"2026-09-09 18:00:00","2026-09-10 09:00:00","CAPE","surface",-73.4903,17.0694,2873
"2026-09-09 18:00:00","2026-09-10 09:00:00","CAPE","surface",-73.4664,17.0694,2930
"2026-09-09 18:00:00","2026-09-10 09:00:00","CAPE","surface",-73.4424,17.0694,2917
"2026-09-09 18:00:00","2026-09-10 09:00:00","CAPE","surface",-73.4185,17.0694,2971
"2026-09-09 18:00:00","2026-09-10 09:00:00","CAPE","surface",-73.3946,17.0694,2951
"2026-09-09 18:00:00","2026-09-10 09:00:00","CAPE","surface",-73.3707,17.0694,2977
"2026-09-09 18:00:00","2026-09-10 09:00:00","CAPE","surface",-73.3467,17.0694,2740
"2026-09-09 18:00:00","2026-09-10 09:00:00","CAPE","surface",-73.3228,17.0694,2823
"2026-09-09 18:00:00","2026-09-10 09:00:00","CAPE","surface",-73.2989,17.0694,2629
"2026-09-09 18:00:00","2026-09-10 09:00:00","CAPE","surface",-73.275,17.0694,2778
"2026-09-09 18:00:00","2026-09-10 09:00:00","CAPE","surface",-73.251,17.0694,2659
"2026-09-09 18:00:00","2026-09-10 09:00:00","CAPE","surface",-73.2271,17.0694,2832
"2026-09-09 18:00:00","2026-09-10 09:00:00","CAPE","surface",-73.2032,17.0694,2497
"2026-09-09 18:00:00","2026-09-10 09:00:00","CAPE","surface",-73.1793,17.0694,2685
"2026-09-09 18:00:00","2026-09-10 09:00:00","CAPE","surface",-73.1553,17.0694,2448
"2026-09-09 18:00:00","2026-09-10 09:00:00","CAPE","surface",-73.1314,17.0694,2278
"2026-09-09 18:00:00","2026-09-10 09:00:00","CAPE","surface",-73.1075,17.0694,2494
"2026-09-09 18:00:00","2026-09-10 09:00:00","CAPE","surface",-73.0836,17.0694,2250
"2026-09-09 18:00:00","2026-09-10 09:00:00","CAPE","surface",-73.0596,17.0694,2413
"2026-09-09 18:00:00","2026-09-10 09:00:00","CAPE","surface",-73.0357,17.0694,2469
"2026-09-09 18:00:00","2026-09-10 09:00:00","CAPE","surface",-73.0118,17.0694,2544
"2026-09-09 18:00:00","2026-09-10 09:00:00","CAPE","surface",-72.9879,17.0694,2536
"2026-09-09 18:00:00","2026-09-10 09:00:00","CAPE","surface",-72.9639,17.0694,2522
"2026-09-09 18:00:00","2026-09-10 09:00:00","CAPE","surface",-72.94,17.0694,2600
"2026-09-09 18:00:00","2026-09-10 09:00:00","CAPE","surface",-72.9161,17.0694,2595
"2026-09-09 18:00:00","2026-09-10 09:00:00","CAPE","surface",-72.8922,17.0694,2724
"2026-09-09 18:00:00","2026-09-10 09:00:00","CAPE","surface",-72.8682,17.0694,2711
"2026-09-09 18:00:00","2026-09-10 09:00:00","CAPE","surface",-72.8443,17.0694,2770
"2026-09-09 18:00:00","2026-09-10 09:00:00","CAPE","surface",-72.8204,17.0694,2756
"2026-09-09 18:00:00","2026-09-10 09:00:00","CAPE","surface",-72.7965,17.0694,2755
"2026-09-09 18:00:00","2026-09-10 09:00:00","CAPE","surface",-72.7725,17.0694,2614
"2026-09-09 18:00:00","2026-09-10 09:00:00","CAPE","surface",-72.7486,17.0694,2598
"2026-09-09 18:00:00","2026-09-10 09:00:00","CAPE","surface",-72.7247,17.0694,2407
"2026-09-09 18:00:00","2026-09-10 09:00:00","CAPE","surface",-72.7008,17.0694,2391
"2026-09-09 18:00:00","2026-09-10 09:00:00","CAPE","surface",-72.6768,17.0694,2348
"2026-09-09 18:00:00","2026-09-10 09:00:00","CAPE","surface",-72.6529,17.0694,2372
"2026-09-09 18:00:00","2026-09-10 09:00:00","CAPE","surface",-72.629,17.0694,2527
"2026-09-09 18:00:00","2026-09-10 09:00:00","CAPE","surface",-72.6051,17.0694,2608
"2026-09-09 18:00:00","2026-09-10 09:00:00","CAPE","surface",-72.5811,17.0694,2889
"2026-09-09 18:00:00","2026-09-10 09:00:00","CAPE","surface",-72.5572,17.0694,2892
"2026-09-09 18:00:00","2026-09-10 09:00:00","CAPE","surface",-72.5333,17.0694,3044
"2026-09-09 18:00:00","2026-09-10 09:00:00","CAPE","surface",-72.5094,17.0694,3014
"2026-09-09 18:00:00","2026-09-10 09:00:00","CAPE","surface",-72.4854,17.0694,2919
"2026-09-09 18:00:00","2026-09-10 09:00:00","CAPE","surface",-72.4615,17.0694,2762
"2026-09-09 18:00:00","2026-09-10 09:00:00","CAPE","surface",-72.4376,17.0694,2631
"2026-09-09 18:00:00","2026-09-10 09:00:00","CAPE","surface",-72.4137,17.0694,2705
"2026-09-09 18:00:00","2026-09-10 09:00:00","CAPE","surface",-72.3897,17.0694,2622
"2026-09-09 18:00:00","2026-09-10 09:00:00","CAPE","surface",-72.3658,17.0694,2684
"2026-09-09 18:00:00","2026-09-10 09:00:00","CAPE","surface",-72.3419,17.0694,2654
"2026-09-09 18:00:00","2026-09-10 09:00:00","CAPE","surface",-72.318,17.0694,2736
"2026-09-09 18:00:00","2026-09-10 09:00:00","CAPE","surface",-72.294,17.0694,2695
"2026-09-09 18:00:00","2026-09-10 09:00:00","CAPE","surface",-72.2701,17.0694,2784
"2026-09-09 18:00:00","2026-09-10 09:00:00","CAPE","surface",-72.2462,17.0694,2742
"2026-09-09 18:00:00","2026-09-10 09:00:00","CAPE","surface",-72.2223,17.0694,2775
"2026-09-09 18:00:00","2026-09-10 09:00:00","CAPE","surface",-72.1983,17.0694,2743
"2026-09-09 18:00:00","2026-09-10 09:00:00","CAPE","surface",-72.1744,17.0694,2780
"2026-09-09 18:00:00","2026-09-10 09:00:00","CAPE","surface",-72.1505,17.0694,2847
"2026-09-09 18:00:00","2026-09-10 09:00:00","CAPE","surface",-72.1266,17.0694,2849
"2026-09-09 18:00:00","2026-09-10 09:00:00","CAPE","surface",-72.1026,17.0694,2913
"2026-09-09 18:00:00","2026-09-10 09:00:00","CAPE","surface",-72.0787,17.0694,2921
"2026-09-09 18:00:00","2026-09-10 09:00:00","CAPE","surface",-72.0548,17.0694,2950
"2026-09-09 18:00:00","2026-09-10 09:00:00","CAPE","surface",-72.0309,17.0694,2950
"2026-09-09 18:00:00","2026-09-10 09:00:00","CAPE","surface",-72.0069,17.0694,2949
"2026-09-09 18:00:00","2026-09-10 09:00:00","CAPE","surface",-71.983,17.0694,2937
"2026-09-09 18:00:00","2026-09-10 09:00:00","CAPE","surface",-71.9591,17.0694,2946
"2026-09-09 18:00:00","2026-09-10 09:00:00","CAPE","surface",-71.9352,17.0694,2938
"2026-09-09 18:00:00","2026-09-10 09:00:00","CAPE","surface",-71.9112,17.0694,2948
"2026-09-09 18:00:00","2026-09-10 09:00:00","CAPE","surface",-71.8873,17.0694,3014
"2026-09-09 18:00:00","2026-09-10 09:00:00","CAPE","surface",-71.8634,17.0694,3032
"2026-09-09 18:00:00","2026-09-10 09:00:00","CAPE","surface",-71.8395,17.0694,3114
"2026-09-09 18:00:00","2026-09-10 09:00:00","CAPE","surface",-71.8155,17.0694,3075
"2026-09-09 18:00:00","2026-09-10 09:00:00","CAPE","surface",-71.7916,17.0694,3084
"2026-09-09 18:00:00","2026-09-10 09:00:00","CAPE","surface",-71.7677,17.0694,3084
"2026-09-09 18:00:00","2026-09-10 09:00:00","CAPE","surface",-71.7438,17.0694,2974
"2026-09-09 18:00:00","2026-09-10 09:00:00","CAPE","surface",-71.7198,17.0694,2760
"2026-09-09 18:00:00","2026-09-10 09:00:00","CAPE","surface",-71.6959,17.0694,2656
"2026-09-09 18:00:00","2026-09-10 09:00:00","CAPE","surface",-71.672,17.0694,2634
"2026-09-09 18:00:00","2026-09-10 09:00:00","CAPE","surface",-71.6481,17.0694,2627
"2026-09-09 18:00:00","2026-09-10 09:00:00","CAPE","surface",-71.6241,17.0694,2610
"2026-09-09 18:00:00","2026-09-10 09:00:00","CAPE","surface",-71.6002,17.0694,2607
"2026-09-09 18:00:00","2026-09-10 09:00:00","CAPE","surface",-71.5763,17.0694,2581
"2026-09-09 18:00:00","2026-09-10 09:00:00","CAPE","surface",-71.5524,17.0694,2519
"2026-09-09 18:00:00","2026-09-10 09:00:00","CAPE","surface",-71.5284,17.0694,2423
"2026-09-09 18:00:00","2026-09-10 09:00:00","CAPE","surface",-71.5045,17.0694,2423
"2026-09-09 18:00:00","2026-09-10 09:00:00","CAPE","surface",-71.4806,17.0694,2372
"2026-09-09 18:00:00","2026-09-10 09:00:00","CAPE","surface",-71.4567,17.0694,2334
"2026-09-09 18:00:00","2026-09-10 09:00:00","CAPE","surface",-71.4327,17.0694,2310
"2026-09-09 18:00:00","2026-09-10 09:00:00","CAPE","surface",-71.4088,17.0694,2280
"2026-09-09 18:00:00","2026-09-10 09:00:00","CAPE","surface",-71.3849,17.0694,2280
"2026-09-09 18:00:00","2026-09-10 09:00:00","CAPE","surface",-71.361,17.0694,2269
"2026-09-09 18:00:00","2026-09-10 09:00:00","CAPE","surface",-71.337,17.0694,2274
"2026-09-09 18:00:00","2026-09-10 09:00:00","CAPE","surface",-71.3131,17.0694,2286
"2026-09-09 18:00:00","2026-09-10 09:00:00","CAPE","surface",-71.2892,17.0694,2272
"2026-09-09 18:00:00","2026-09-10 09:00:00","CAPE","surface",-71.2653,17.0694,2242
"2026-09-09 18:00:00","2026-09-10 09:00:00","CAPE","surface",-71.2413,17.0694,2220
"2026-09-09 18:00:00","2026-09-10 09:00:00","CAPE","surface",-71.2174,17.0694,2198
"2026-09-09 18:00:00","2026-09-10 09:00:00","CAPE","surface",-71.1935,17.0694,2183
"2026-09-09 18:00:00","2026-09-10 09:00:00","CAPE","surface",-71.1696,17.0694,2194
"2026-09-09 18:00:00","2026-09-10 09:00:00","CAPE","surface",-71.1456,17.0694,2194
"2026-09-09 18:00:00","2026-09-10 09:00:00","CAPE","surface",-71.1217,17.0694,2243
"2026-09-09 18:00:00","2026-09-10 09:00:00","CAPE","surface",-71.0978,17.0694,2278
"2026-09-09 18:00:00","2026-09-10 09:00:00","CAPE","surface",-71.0739,17.0694,2263
"2026-09-09 18:00:00","2026-09-10 09:00:00","CAPE","surface",-71.0499,17.0694,2277
"2026-09-09 18:00:00","2026-09-10 09:00:00","CAPE","surface",-71.026,17.0694,2277
"2026-09-09 18:00:00","2026-09-10 09:00:00","CAPE","surface",-71.0021,17.0694,2281
"2026-09-09 18:00:00","2026-09-10 09:00:00","CAPE","surface",-70.9782,17.0694,2247
"2026-09-09 18:00:00","2026-09-10 09:00:00","CAPE","surface",-70.9542,17.0694,2298
"2026-09-09 18:00:00","2026-09-10 09:00:00","CAPE","surface",-70.9303,17.0694,2302
"2026-09-09 18:00:00","2026-09-10 09:00:00","CAPE","surface",-70.9064,17.0694,2382
"2026-09-09 18:00:00","2026-09-10 09:00:00","CAPE","surface",-70.8825,17.0694,2467
"2026-09-09 18:00:00","2026-09-10 09:00:00","CAPE","surface",-70.8585,17.0694,2434
"2026-09-09 18:00:00","2026-09-10 09:00:00","CAPE","surface",-70.8346,17.0694,2435
"2026-09-09 18:00:00","2026-09-10 09:00:00","CAPE","surface",-70.8107,17.0694,2414
"2026-09-09 18:00:00","2026-09-10 09:00:00","CAPE","surface",-70.7868,17.0694,2421
"2026-09-09 18:00:00","2026-09-10 09:00:00","CAPE","surface",-70.7628,17.0694,2433
"2026-09-09 18:00:00","2026-09-10 09:00:00","CAPE","surface",-70.7389,17.0694,2555
"2026-09-09 18:00:00","2026-09-10 09:00:00","CAPE","surface",-70.715,17.0694,2720
"2026-09-09 18:00:00","2026-09-10 09:00:00","CAPE","surface",-70.6911,17.0694,2771
"2026-09-09 18:00:00","2026-09-10 09:00:00","CAPE","surface",-70.6671,17.0694,2694
"2026-09-09 18:00:00","2026-09-10 09:00:00","CAPE","surface",-70.6432,17.0694,2541
"2026-09-09 18:00:00","2026-09-10 09:00:00","CAPE","surface",-70.6193,17.0694,1709
"2026-09-09 18:00:00","2026-09-10 09:00:00","CAPE","surface",-70.5954,17.0694,1104
"2026-09-09 18:00:00","2026-09-10 09:00:00","CAPE","surface",-70.5714,17.0694,1104
"2026-09-09 18:00:00","2026-09-10 09:00:00","CAPE","surface",-70.5475,17.0694,1104
"2026-09-09 18:00:00","2026-09-10 09:00:00","CAPE","surface",-70.5236,17.0694,1425
"2026-09-09 18:00:00","2026-09-10 09:00:00","CAPE","surface",-70.4997,17.0694,1434
"2026-09-09 18:00:00","2026-09-10 09:00:00","CAPE","surface",-70.4757,17.0694,1155
"2026-09-09 18:00:00","2026-09-10 09:00:00","CAPE","surface",-70.4518,17.0694,1064
"2026-09-09 18:00:00","2026-09-10 09:00:00","CAPE","surface",-70.4279,17.0694,1024
"2026-09-09 18:00:00","2026-09-10 09:00:00","CAPE","surface",-70.404,17.0694,1141
"2026-09-09 18:00:00","2026-09-10 09:00:00","CAPE","surface",-70.38,17.0694,1306
"2026-09-09 18:00:00","2026-09-10 09:00:00","CAPE","surface",-70.3561,17.0694,1680
"2026-09-09 18:00:00","2026-09-10 09:00:00","CAPE","surface",-70.3322,17.0694,1795
"2026-09-09 18:00:00","2026-09-10 09:00:00","CAPE","surface",-70.3083,17.0694,1911
"2026-09-09 18:00:00","2026-09-10 09:00:00","CAPE","surface",-70.2843,17.0694,1994
"2026-09-09 18:00:00","2026-09-10 09:00:00","CAPE","surface",-70.2604,17.0694,2009
"2026-09-09 18:00:00","2026-09-10 09:00:00","CAPE","surface",-70.2365,17.0694,2150
"2026-09-09 18:00:00","2026-09-10 09:00:00","CAPE","surface",-70.2126,17.0694,2364
"2026-09-09 18:00:00","2026-09-10 09:00:00","CAPE","surface",-70.1886,17.0694,2408
"2026-09-09 18:00:00","2026-09-10 09:00:00","CAPE","surface",-70.1647,17.0694,2493
"2026-09-09 18:00:00","2026-09-10 09:00:00","CAPE","surface",-70.1408,17.0694,2600
"2026-09-09 18:00:00","2026-09-10 09:00:00","CAPE","surface",-70.1169,17.0694,2634
"2026-09-09 18:00:00","2026-09-10 09:00:00","CAPE","surface",-70.0929,17.0694,2708
"2026-09-09 18:00:00","2026-09-10 09:00:00","CAPE","surface",-70.069,17.0694,2708
"2026-09-09 18:00:00","2026-09-10 09:00:00","CAPE","surface",-70.0451,17.0694,2716
"2026-09-09 18:00:00","2026-09-10 09:00:00","CAPE","surface",-70.0212,17.0694,2773
"2026-09-09 18:00:00","2026-09-10 09:00:00","CAPE","surface",-69.9972,17.0694,2620
"2026-09-09 18:00:00","2026-09-10 09:00:00","CAPE","surface",-69.9733,17.0694,2819
"2026-09-09 18:00:00","2026-09-10 09:00:00","CAPE","surface",-69.9494,17.0694,2654
"2026-09-09 18:00:00","2026-09-10 09:00:00","CAPE","surface",-69.9255,17.0694,2656
"2026-09-09 18:00:00","2026-09-10 09:00:00","CAPE","surface",-69.9015,17.0694,2574
"2026-09-09 18:00:00","2026-09-10 09:00:00","CAPE","surface",-69.8776,17.0694,2467
"2026-09-09 18:00:00","2026-09-10 09:00:00","CAPE","surface",-69.8537,17.0694,2467
"2026-09-09 18:00:00","2026-09-10 09:00:00","CAPE","surface",-69.8298,17.0694,2379
"2026-09-09 18:00:00","2026-09-10 09:00:00","CAPE","surface",-69.8058,17.0694,2438
"2026-09-09 18:00:00","2026-09-10 09:00:00","CAPE","surface",-69.7819,17.0694,2444
"2026-09-09 18:00:00","2026-09-10 09:00:00","CAPE","surface",-69.758,17.0694,2509
"2026-09-09 18:00:00","2026-09-10 09:00:00","CAPE","surface",-69.7341,17.0694,2509
"2026-09-09 18:00:00","2026-09-10 09:00:00","CAPE","surface",-69.7101,17.0694,2629
"2026-09-09 18:00:00","2026-09-10 09:00:00","CAPE","surface",-69.6862,17.0694,2694
"2026-09-09 18:00:00","2026-09-10 09:00:00","CAPE","surface",-69.6623,17.0694,2828
"2026-09-09 18:00:00","2026-09-10 09:00:00","CAPE","surface",-69.6384,17.0694,2839
"2026-09-09 18:00:00","2026-09-10 09:00:00","CAPE","surface",-69.6144,17.0694,2940
"2026-09-09 18:00:00","2026-09-10 09:00:00","CAPE","surface",-69.5905,17.0694,3047
"2026-09-09 18:00:00","2026-09-10 09:00:00","CAPE","surface",-69.5666,17.0694,3035
"2026-09-09 18:00:00","2026-09-10 09:00:00","CAPE","surface",-69.5427,17.0694,3170
"2026-09-09 18:00:00","2026-09-10 09:00:00","CAPE","surface",-69.5187,17.0694,3170
"2026-09-09 18:00:00","2026-09-10 09:00:00","CAPE","surface",-69.4948,17.0694,3289
"2026-09-09 18:00:00","2026-09-10 09:00:00","CAPE","surface",-69.4709,17.0694,3312
"2026-09-09 18:00:00","2026-09-10 09:00:00","CAPE","surface",-69.447,17.0694,3372
"2026-09-09 18:00:00","2026-09-10 09:00:00","CAPE","surface",-69.423,17.0694,3463
"2026-09-09 18:00:00","2026-09-10 09:00:00","CAPE","surface",-69.3991,17.0694,3463
"2026-09-09 18:00:00","2026-09-10 09:00:00","CAPE","surface",-69.3752,17.0694,3574
"2026-09-09 18:00:00","2026-09-10 09:00:00","CAPE","surface",-69.3513,17.0694,3629
"2026-09-09 18:00:00","2026-09-10 09:00:00","CAPE","surface",-69.3273,17.0694,3558
"2026-09-09 18:00:00","2026-09-10 09:00:00","CAPE","surface",-69.3034,17.0694,3545
"2026-09-09 18:00:00","2026-09-10 09:00:00","CAPE","surface",-69.2795,17.0694,3022
"2026-09-09 18:00:00","2026-09-10 09:00:00","CAPE","surface",-69.2556,17.0694,2991
"2026-09-09 18:00:00","2026-09-10 09:00:00","CAPE","surface",-69.2316,17.0694,2858
"2026-09-09 18:00:00","2026-09-10 09:00:00","CAPE","surface",-69.2077,17.0694,2852
"2026-09-09 18:00:00","2026-09-10 09:00:00","CAPE","surface",-69.1838,17.0694,2852
"2026-09-09 18:00:00","2026-09-10 09:00:00","CAPE","surface",-69.1599,17.0694,2823
"2026-09-09 18:00:00","2026-09-10 09:00:00","CAPE","surface",-69.1359,17.0694,2888
"2026-09-09 18:00:00","2026-09-10 09:00:00","CAPE","surface",-69.112,17.0694,2884
"2026-09-09 18:00:00","2026-09-10 09:00:00","CAPE","surface",-69.0881,17.0694,2896
"2026-09-09 18:00:00","2026-09-10 09:00:00","CAPE","surface",-69.0642,17.0694,2791
"2026-09-09 18:00:00","2026-09-10 09:00:00","CAPE","surface",-69.0402,17.0694,2667
"2026-09-09 18:00:00","2026-09-10 09:00:00","CAPE","surface",-69.0163,17.0694,2551
"2026-09-09 18:00:00","2026-09-10 09:00:00","CAPE","surface",-68.9924,17.0694,2514
"2026-09-09 18:00:00","2026-09-10 09:00:00","CAPE","surface",-68.9685,17.0694,2505
"2026-09-09 18:00:00","2026-09-10 09:00:00","CAPE","surface",-68.9445,17.0694,2561
"2026-09-09 18:00:00","2026-09-10 09:00:00","CAPE","surface",-68.9206,17.0694,2565
"2026-09-09 18:00:00","2026-09-10 09:00:00","CAPE","surface",-68.8967,17.0694,2664
"2026-09-09 18:00:00","2026-09-10 09:00:00","CAPE","surface",-68.8728,17.0694,2795
"2026-09-09 18:00:00","2026-09-10 09:00:00","CAPE","surface",-68.8488,17.0694,2795
"2026-09-09 18:00:00","2026-09-10 09:00:00","CAPE","surface",-68.8249,17.0694,2936
"2026-09-09 18:00:00","2026-09-10 09:00:00","CAPE","surface",-68.801,17.0694,2937
"2026-09-09 18:00:00","2026-09-10 09:00:00","CAPE","surface",-68.7771,17.0694,2944
"2026-09-09 18:00:00","2026-09-10 09:00:00","CAPE","surface",-68.7531,17.0694,2894
"2026-09-09 18:00:00","2026-09-10 09:00:00","CAPE","surface",-68.7292,17.0694,2909
"2026-09-09 18:00:00","2026-09-10 09:00:00","CAPE","surface",-68.7053,17.0694,2928
"2026-09-09 18:00:00","2026-09-10 09:00:00","CAPE","surface",-68.6813,17.0694,2933
"2026-09-09 18:00:00","2026-09-10 09:00:00","CAPE","surface",-68.6574,17.0694,2962
"2026-09-09 18:00:00","2026-09-10 09:00:00","CAPE","surface",-68.6335,17.0694,2962
"2026-09-09 18:00:00","2026-09-10 09:00:00","CAPE","surface",-68.6096,17.0694,2992
"2026-09-09 18:00:00","2026-09-10 09:00:00","CAPE","surface",-68.5856,17.0694,2938
"2026-09-09 18:00:00","2026-09-10 09:00:00","CAPE","surface",-68.5617,17.0694,2999
"2026-09-09 18:00:00","2026-09-10 09:00:00","CAPE","surface",-68.5378,17.0694,3084
"2026-09-09 18:00:00","2026-09-10 09:00:00","CAPE","surface",-68.5139,17.0694,3084
"2026-09-09 18:00:00","2026-09-10 09:00:00","CAPE","surface",-68.4899,17.0694,2939
"2026-09-09 18:00:00","2026-09-10 09:00:00","CAPE","surface",-68.466,17.0694,2822
"2026-09-09 18:00:00","2026-09-10 09:00:00","CAPE","surface",-68.4421,17.0694,2819
"2026-09-09 18:00:00","2026-09-10 09:00:00","CAPE","surface",-68.4182,17.0694,2819
"2026-09-09 18:00:00","2026-09-10 09:00:00","CAPE","surface",-68.3942,17.0694,3066
"2026-09-09 18:00:00","2026-09-10 09:00:00","CAPE","surface",-68.3703,17.0694,3210
"2026-09-09 18:00:00","2026-09-10 09:00:00","CAPE","surface",-68.3464,17.0694,3214
"2026-09-09 18:00:00","2026-09-10 09:00:00","CAPE","surface",-68.3225,17.0694,3232
"2026-09-09 18:00:00","2026-09-10 09:00:00","CAPE","surface",-68.2985,17.0694,3232
"2026-09-09 18:00:00","2026-09-10 09:00:00","CAPE","surface",-68.2746,17.0694,3333
"2026-09-09 18:00:00","2026-09-10 09:00:00","CAPE","surface",-68.2507,17.0694,3339
"2026-09-09 18:00:00","2026-09-10 09:00:00","CAPE","surface",-68.2268,17.0694,2998
"2026-09-09 18:00:00","2026-09-10 09:00:00","CAPE","surface",-68.2028,17.0694,2705
"2026-09-09 18:00:00","2026-09-10 09:00:00","CAPE","surface",-68.1789,17.0694,2667
"2026-09-09 18:00:00","2026-09-10 09:00:00","CAPE","surface",-68.155,17.0694,2634
"2026-09-09 18:00:00","2026-09-10 09:00:00","CAPE","surface",-68.1311,17.0694,2625
"2026-09-09 18:00:00","2026-09-10 09:00:00","CAPE","surface",-68.1071,17.0694,2441
"2026-09-09 18:00:00","2026-09-10 09:00:00","CAPE","surface",-68.0832,17.0694,2441
"2026-09-09 18:00:00","2026-09-10 09:00:00","CAPE","surface",-68.0593,17.0694,2170
"2026-09-09 18:00:00","2026-09-10 09:00:00","CAPE","surface",-68.0354,17.0694,1880
"2026-09-09 18:00:00","2026-09-10 09:00:00","CAPE","surface",-68.0114,17.0694,2035
"2026-09-09 18:00:00","2026-09-10 09:00:00","CAPE","surface",-67.9875,17.0694,1754
"2026-09-09 18:00:00","2026-09-10 09:00:00","CAPE","surface",-67.9636,17.0694,1974
"2026-09-09 18:00:00","2026-09-10 09:00:00","CAPE","surface",-67.9397,17.0694,2169
"2026-09-09 18:00:00","2026-09-10 09:00:00","CAPE","surface",-67.9157,17.0694,2319
"2026-09-09 18:00:00","2026-09-10 09:00:00","CAPE","surface",-67.8918,17.0694,2363
"2026-09-09 18:00:00","2026-09-10 09:00:00","CAPE","surface",-67.8679,17.0694,2450
"2026-09-09 18:00:00","2026-09-10 09:00:00","CAPE","surface",-67.844,17.0694,2487
"2026-09-09 18:00:00","2026-09-10 09:00:00","CAPE","surface",-67.82,17.0694,2567
"2026-09-09 18:00:00","2026-09-10 09:00:00","CAPE","surface",-67.7961,17.0694,2607
"2026-09-09 18:00:00","2026-09-10 09:00:00","CAPE","surface",-67.7722,17.0694,2668
"2026-09-09 18:00:00","2026-09-10 09:00:00","CAPE","surface",-67.7483,17.0694,2722
"2026-09-09 18:00:00","2026-09-10 09:00:00","CAPE","surface",-67.7243,17.0694,2872
"2026-09-09 18:00:00","2026-09-10 09:00:00","CAPE","surface",-67.7004,17.0694,3009
"2026-09-09 18:00:00","2026-09-10 09:00:00","CAPE","surface",-67.6765,17.0694,3009
"2026-09-09 18:00:00","2026-09-10 09:00:00","CAPE","surface",-67.6526,17.0694,3158
"2026-09-09 18:00:00","2026-09-10 09:00:00","CAPE","surface",-67.6286,17.0694,3328
"2026-09-09 18:00:00","2026-09-10 09:00:00","CAPE","surface",-67.6047,17.0694,3340
"2026-09-09 18:00:00","2026-09-10 09:00:00","CAPE","surface",-67.5808,17.0694,3340
"2026-09-09 18:00:00","2026-09-10 09:00:00","CAPE","surface",-67.5569,17.0694,3041
"2026-09-09 18:00:00","2026-09-10 09:00:00","CAPE","surface",-67.5329,17.0694,2749
"2026-09-09 18:00:00","2026-09-10 09:00:00","CAPE","surface",-67.509,17.0694,2725
"2026-09-09 18:00:00","2026-09-10 09:00:00","CAPE","surface",-67.4851,17.0694,2715
"2026-09-09 18:00:00","2026-09-10 09:00:00","CAPE","surface",-67.4612,17.0694,2715
"2026-09-09 18:00:00","2026-09-10 09:00:00","CAPE","surface",-67.4372,17.0694,2821
"2026-09-09 18:00:00","2026-09-10 09:00:00","CAPE","surface",-67.4133,17.0694,3036
"2026-09-09 18:00:00","2026-09-10 09:00:00","CAPE","surface",-67.3894,17.0694,3156
"2026-09-09 18:00:00","2026-09-10 09:00:00","CAPE","surface",-67.3655,17.0694,3287
"2026-09-09 18:00:00","2026-09-10 09:00:00","CAPE","surface",-67.3415,17.0694,3346
"2026-09-09 18:00:00","2026-09-10 09:00:00","CAPE","surface",-67.3176,17.0694,3398
"2026-09-09 18:00:00","2026-09-10 09:00:00","CAPE","surface",-67.2937,17.0694,3390
"2026-09-09 18:00:00","2026-09-10 09:00:00","CAPE","surface",-67.2698,17.0694,3380
"2026-09-09 18:00:00","2026-09-10 09:00:00","CAPE","surface",-67.2458,17.0694,3328
"2026-09-09 18:00:00","2026-09-10 09:00:00","CAPE","surface",-67.2219,17.0694,3345
"2026-09-09 18:00:00","2026-09-10 09:00:00","CAPE","surface",-67.198,17.0694,3196
"2026-09-09 18:00:00","2026-09-10 09:00:00","CAPE","surface",-67.1741,17.0694,3196
"2026-09-09 18:00:00","2026-09-10 09:00:00","CAPE","surface",-67.1501,17.0694,3113
"2026-09-09 18:00:00","2026-09-10 09:00:00","CAPE","surface",-67.1262,17.0694,3109
"2026-09-09 18:00:00","2026-09-10 09:00:00","CAPE","surface",-67.1023,17.0694,3123
"2026-09-09 18:00:00","2026-09-10 09:00:00","CAPE","surface",-67.0784,17.0694,3055
"2026-09-09 18:00:00","2026-09-10 09:00:00","CAPE","surface",-67.0544,17.0694,3055
"2026-09-09 18:00:00","2026-09-10 09:00:00","CAPE","surface",-67.0305,17.0694,3019
"2026-09-09 18:00:00","2026-09-10 09:00:00","CAPE","surface",-67.0066,17.0694,3059
"2026-09-09 18:00:00","2026-09-10 09:00:00","CAPE","surface",-74.7822,17.0922,2538
"2026-09-09 18:00:00","2026-09-10 09:00:00","CAPE","surface",-74.7583,17.0922,2657
"2026-09-09 18:00:00","2026-09-10 09:00:00","CAPE","surface",-74.7344,17.0922,2657
"2026-09-09 18:00:00","2026-09-10 09:00:00","CAPE","surface",-74.7105,17.0922,2823
"2026-09-09 18:00:00","2026-09-10 09:00:00","CAPE","surface",-74.6865,17.0922,2882
"2026-09-09 18:00:00","2026-09-10 09:00:00","CAPE","surface",-74.6626,17.0922,2996
"2026-09-09 18:00:00","2026-09-10 09:00:00","CAPE","surface",-74.6387,17.0922,3037
"2026-09-09 18:00:00","2026-09-10 09:00:00","CAPE","surface",-74.6148,17.0922,3122
"2026-09-09 18:00:00","2026-09-10 09:00:00","CAPE","surface",-74.5908,17.0922,3122
"2026-09-09 18:00:00","2026-09-10 09:00:00","CAPE","surface",-74.5669,17.0922,3046
"2026-09-09 18:00:00","2026-09-10 09:00:00","CAPE","surface",-74.543,17.0922,2933
"2026-09-09 18:00:00","2026-09-10 09:00:00","CAPE","surface",-74.5191,17.0922,2404
"2026-09-09 18:00:00","2026-09-10 09:00:00","CAPE","surface",-74.4951,17.0922,2273
"2026-09-09 18:00:00","2026-09-10 09:00:00","CAPE","surface",-74.4712,17.0922,2156
"2026-09-09 18:00:00","2026-09-10 09:00:00","CAPE","surface",-74.4473,17.0922,2156
"2026-09-09 18:00:00","2026-09-10 09:00:00","CAPE","surface",-74.4234,17.0922,2240
"2026-09-09 18:00:00","2026-09-10 09:00:00","CAPE","surface",-74.3994,17.0922,2387
"2026-09-09 18:00:00","2026-09-10 09:00:00","CAPE","surface",-74.3755,17.0922,2417
"2026-09-09 18:00:00","2026-09-10 09:00:00","CAPE","surface",-74.3516,17.0922,2398
"2026-09-09 18:00:00","2026-09-10 09:00:00","CAPE","surface",-74.3277,17.0922,2288
"2026-09-09 18:00:00","2026-09-10 09:00:00","CAPE","surface",-74.3037,17.0922,2268
"2026-09-09 18:00:00","2026-09-10 09:00:00","CAPE","surface",-74.2798,17.0922,2255
"2026-09-09 18:00:00","2026-09-10 09:00:00","CAPE","surface",-74.2559,17.0922,2288
"2026-09-09 18:00:00","2026-09-10 09:00:00","CAPE","surface",-74.232,17.0922,2409
"2026-09-09 18:00:00","2026-09-10 09:00:00","CAPE","surface",-74.208,17.0922,2484
"2026-09-09 18:00:00","2026-09-10 09:00:00","CAPE","surface",-74.1841,17.0922,2432
"2026-09-09 18:00:00","2026-09-10 09:00:00","CAPE","surface",-74.1602,17.0922,2184
"2026-09-09 18:00:00","2026-09-10 09:00:00","CAPE","surface",-74.1363,17.0922,2184
"2026-09-09 18:00:00","2026-09-10 09:00:00","CAPE","surface",-74.1123,17.0922,2032
"2026-09-09 18:00:00","2026-09-10 09:00:00","CAPE","surface",-74.0884,17.0922,2030
"2026-09-09 18:00:00","2026-09-10 09:00:00","CAPE","surface",-74.0645,17.0922,2202
"2026-09-09 18:00:00","2026-09-10 09:00:00","CAPE","surface",-74.0406,17.0922,2275
"2026-09-09 18:00:00","2026-09-10 09:00:00","CAPE","surface",-74.0166,17.0922,2432
"2026-09-09 18:00:00","2026-09-10 09:00:00","CAPE","surface",-73.9927,17.0922,2432
"2026-09-09 18:00:00","2026-09-10 09:00:00","CAPE","surface",-73.9688,17.0922,2585
"2026-09-09 18:00:00","2026-09-10 09:00:00","CAPE","surface",-73.9449,17.0922,2555
"2026-09-09 18:00:00","2026-09-10 09:00:00","CAPE","surface",-73.9209,17.0922,2617
"2026-09-09 18:00:00","2026-09-10 09:00:00","CAPE","surface",-73.897,17.0922,2529
"2026-09-09 18:00:00","2026-09-10 09:00:00","CAPE","surface",-73.8731,17.0922,2625
"2026-09-09 18:00:00","2026-09-10 09:00:00","CAPE","surface",-73.8492,17.0922,2625
"2026-09-09 18:00:00","2026-09-10 09:00:00","CAPE","surface",-73.8252,17.0922,2673
"2026-09-09 18:00:00","2026-09-10 09:00:00","CAPE","surface",-73.8013,17.0922,2725
"2026-09-09 18:00:00","2026-09-10 09:00:00","CAPE","surface",-73.7774,17.0922,2816
"2026-09-09 18:00:00","2026-09-10 09:00:00","CAPE","surface",-73.7535,17.0922,2886
"2026-09-09 18:00:00","2026-09-10 09:00:00","CAPE","surface",-73.7295,17.0922,2942
"2026-09-09 18:00:00","2026-09-10 09:00:00","CAPE","surface",-73.7056,17.0922,2876
"2026-09-09 18:00:00","2026-09-10 09:00:00","CAPE","surface",-73.6817,17.0922,2932
"2026-09-09 18:00:00","2026-09-10 09:00:00","CAPE","surface",-73.6578,17.0922,2811
"2026-09-09 18:00:00","2026-09-10 09:00:00","CAPE","surface",-73.6338,17.0922,2863
"2026-09-09 18:00:00","2026-09-10 09:00:00","CAPE","surface",-73.6099,17.0922,2774
"2026-09-09 18:00:00","2026-09-10 09:00:00","CAPE","surface",-73.586,17.0922,2835
"2026-09-09 18:00:00","2026-09-10 09:00:00","CAPE","surface",-73.5621,17.0922,2729
"2026-09-09 18:00:00","2026-09-10 09:00:00","CAPE","surface",-73.5381,17.0922,2866
"2026-09-09 18:00:00","2026-09-10 09:00:00","CAPE","surface",-73.5142,17.0922,2775
"2026-09-09 18:00:00","2026-09-10 09:00:00","CAPE","surface",-73.4903,17.0922,2873
"2026-09-09 18:00:00","2026-09-10 09:00:00","CAPE","surface",-73.4664,17.0922,2835
"2026-09-09 18:00:00","2026-09-10 09:00:00","CAPE","surface",-73.4424,17.0922,2835
"2026-09-09 18:00:00","2026-09-10 09:00:00","CAPE","surface",-73.4185,17.0922,2750
"2026-09-09 18:00:00","2026-09-10 09:00:00","CAPE","surface",-73.3946,17.0922,2863
"2026-09-09 18:00:00","2026-09-10 09:00:00","CAPE","surface",-73.3707,17.0922,2663
"2026-09-09 18:00:00","2026-09-10 09:00:00","CAPE","surface",-73.3467,17.0922,2491
"2026-09-09 18:00:00","2026-09-10 09:00:00","CAPE","surface",-73.3228,17.0922,2507
"2026-09-09 18:00:00","2026-09-10 09:00:00","CAPE","surface",-73.2989,17.0922,2354
"2026-09-09 18:00:00","2026-09-10 09:00:00","CAPE","surface",-73.275,17.0922,2378
"2026-09-09 18:00:00","2026-09-10 09:00:00","CAPE","surface",-73.251,17.0922,2292
"2026-09-09 18:00:00","2026-09-10 09:00:00","CAPE","surface",-73.2271,17.0922,2362
"2026-09-09 18:00:00","2026-09-10 09:00:00","CAPE","surface",-73.2032,17.0922,2276
"2026-09-09 18:00:00","2026-09-10 09:00:00","CAPE","surface",-73.1793,17.0922,2315
"2026-09-09 18:00:00","2026-09-10 09:00:00","CAPE","surface",-73.1553,17.0922,2220
"2026-09-09 18:00:00","2026-09-10 09:00:00","CAPE","surface",-73.1314,17.0922,2190
"2026-09-09 18:00:00","2026-09-10 09:00:00","CAPE","surface",-73.1075,17.0922,2174
"2026-09-09 18:00:00","2026-09-10 09:00:00","CAPE","surface",-73.0836,17.0922,2250
"2026-09-09 18:00:00","2026-09-10 09:00:00","CAPE","surface",-73.0596,17.0922,2329
"2026-09-09 18:00:00","2026-09-10 09:00:00","CAPE","surface",-73.0357,17.0922,2469
"2026-09-09 18:00:00","2026-09-10 09:00:00","CAPE","surface",-73.0118,17.0922,2458
"2026-09-09 18:00:00","2026-09-10 09:00:00","CAPE","surface",-72.9879,17.0922,2511
"2026-09-09 18:00:00","2026-09-10 09:00:00","CAPE","surface",-72.9639,17.0922,2591
"2026-09-09 18:00:00","2026-09-10 09:00:00","CAPE","surface",-72.94,17.0922,2705
"2026-09-09 18:00:00","2026-09-10 09:00:00","CAPE","surface",-72.9161,17.0922,2729
"2026-09-09 18:00:00","2026-09-10 09:00:00","CAPE","surface",-72.8922,17.0922,2740
"2026-09-09 18:00:00","2026-09-10 09:00:00","CAPE","surface",-72.8682,17.0922,2760
"2026-09-09 18:00:00","2026-09-10 09:00:00","CAPE","surface",-72.8443,17.0922,2717
"2026-09-09 18:00:00","2026-09-10 09:00:00","CAPE","surface",-72.8204,17.0922,2751
"2026-09-09 18:00:00","2026-09-10 09:00:00","CAPE","surface",-72.7965,17.0922,2601
"2026-09-09 18:00:00","2026-09-10 09:00:00","CAPE","surface",-72.7725,17.0922,2614
"2026-09-09 18:00:00","2026-09-10 09:00:00","CAPE","surface",-72.7486,17.0922,2433
"2026-09-09 18:00:00","2026-09-10 09:00:00","CAPE","surface",-72.7247,17.0922,2420
"2026-09-09 18:00:00","2026-09-10 09:00:00","CAPE","surface",-72.7008,17.0922,2365
"2026-09-09 18:00:00","2026-09-10 09:00:00","CAPE","surface",-72.6768,17.0922,2348
"2026-09-09 18:00:00","2026-09-10 09:00:00","CAPE","surface",-72.6529,17.0922,2444
"2026-09-09 18:00:00","2026-09-10 09:00:00","CAPE","surface",-72.629,17.0922,2679
"2026-09-09 18:00:00","2026-09-10 09:00:00","CAPE","surface",-72.6051,17.0922,2757
"2026-09-09 18:00:00","2026-09-10 09:00:00","CAPE","surface",-72.5811,17.0922,2990
"2026-09-09 18:00:00","2026-09-10 09:00:00","CAPE","surface",-72.5572,17.0922,3033
"2026-09-09 18:00:00","2026-09-10 09:00:00","CAPE","surface",-72.5333,17.0922,3057
"2026-09-09 18:00:00","2026-09-10 09:00:00","CAPE","surface",-72.5094,17.0922,3031
"2026-09-09 18:00:00","2026-09-10 09:00:00","CAPE","surface",-72.4854,17.0922,2988
"2026-09-09 18:00:00","2026-09-10 09:00:00","CAPE","surface",-72.4615,17.0922,2911
"2026-09-09 18:00:00","2026-09-10 09:00:00","CAPE","surface",-72.4376,17.0922,2807
"2026-09-09 18:00:00","2026-09-10 09:00:00","CAPE","surface",-72.4137,17.0922,2705
"2026-09-09 18:00:00","2026-09-10 09:00:00","CAPE","surface",-72.3897,17.0922,2727
"2026-09-09 18:00:00","2026-09-10 09:00:00","CAPE","surface",-72.3658,17.0922,2727
"2026-09-09 18:00:00","2026-09-10 09:00:00","CAPE","surface",-72.3419,17.0922,2786
"2026-09-09 18:00:00","2026-09-10 09:00:00","CAPE","surface",-72.318,17.0922,2827
"2026-09-09 18:00:00","2026-09-10 09:00:00","CAPE","surface",-72.294,17.0922,2814
"2026-09-09 18:00:00","2026-09-10 09:00:00","CAPE","surface",-72.2701,17.0922,2825
"2026-09-09 18:00:00","2026-09-10 09:00:00","CAPE","surface",-72.2462,17.0922,2802
"2026-09-09 18:00:00","2026-09-10 09:00:00","CAPE","surface",-72.2223,17.0922,2838
"2026-09-09 18:00:00","2026-09-10 09:00:00","CAPE","surface",-72.1983,17.0922,2820
"2026-09-09 18:00:00","2026-09-10 09:00:00","CAPE","surface",-72.1744,17.0922,2849
"2026-09-09 18:00:00","2026-09-10 09:00:00","CAPE","surface",-72.1505,17.0922,2847
"2026-09-09 18:00:00","2026-09-10 09:00:00","CAPE","surface",-72.1266,17.0922,2896
"2026-09-09 18:00:00","2026-09-10 09:00:00","CAPE","surface",-72.1026,17.0922,2896
"2026-09-09 18:00:00","2026-09-10 09:00:00","CAPE","surface",-72.0787,17.0922,2928
"2026-09-09 18:00:00","2026-09-10 09:00:00","CAPE","surface",-72.0548,17.0922,2945
"2026-09-09 18:00:00","2026-09-10 09:00:00","CAPE","surface",-72.0309,17.0922,2955
"2026-09-09 18:00:00","2026-09-10 09:00:00","CAPE","surface",-72.0069,17.0922,2945
"2026-09-09 18:00:00","2026-09-10 09:00:00","CAPE","surface",-71.983,17.0922,2947
"2026-09-09 18:00:00","2026-09-10 09:00:00","CAPE","surface",-71.9591,17.0922,2935
"2026-09-09 18:00:00","2026-09-10 09:00:00","CAPE","surface",-71.9352,17.0922,2955
"2026-09-09 18:00:00","2026-09-10 09:00:00","CAPE","surface",-71.9112,17.0922,2986
"2026-09-09 18:00:00","2026-09-10 09:00:00","CAPE","surface",-71.8873,17.0922,3014
"2026-09-09 18:00:00","2026-09-10 09:00:00","CAPE","surface",-71.8634,17.0922,3113
"2026-09-09 18:00:00","2026-09-10 09:00:00","CAPE","surface",-71.8395,17.0922,3113
"2026-09-09 18:00:00","2026-09-10 09:00:00","CAPE","surface",-71.8155,17.0922,3216
"2026-09-09 18:00:00","2026-09-10 09:00:00","CAPE","surface",-71.7916,17.0922,3207
"2026-09-09 18:00:00","2026-09-10 09:00:00","CAPE","surface",-71.7677,17.0922,3197
"2026-09-09 18:00:00","2026-09-10 09:00:00","CAPE","surface",-71.7438,17.0922,2990
"2026-09-09 18:00:00","2026-09-10 09:00:00","CAPE","surface",-71.7198,17.0922,2990
"2026-09-09 18:00:00","2026-09-10 09:00:00","CAPE","surface",-71.6959,17.0922,2809
"2026-09-09 18:00:00","2026-09-10 09:00:00","CAPE","surface",-71.672,17.0922,2653
"2026-09-09 18:00:00","2026-09-10 09:00:00","CAPE","surface",-71.6481,17.0922,2618
"2026-09-09 18:00:00","2026-09-10 09:00:00","CAPE","surface",-71.6241,17.0922,2610
"2026-09-09 18:00:00","2026-09-10 09:00:00","CAPE","surface",-71.6002,17.0922,2606
"2026-09-09 18:00:00","2026-09-10 09:00:00","CAPE","surface",-71.5763,17.0922,2604
"2026-09-09 18:00:00","2026-09-10 09:00:00","CAPE","surface",-71.5524,17.0922,2580
"2026-09-09 18:00:00","2026-09-10 09:00:00","CAPE","surface",-71.5284,17.0922,2507
"2026-09-09 18:00:00","2026-09-10 09:00:00","CAPE","surface",-71.5045,17.0922,2428
"2026-09-09 18:00:00","2026-09-10 09:00:00","CAPE","surface",-71.4806,17.0922,2398
"2026-09-09 18:00:00","2026-09-10 09:00:00","CAPE","surface",-71.4567,17.0922,2398
"2026-09-09 18:00:00","2026-09-10 09:00:00","CAPE","surface",-71.4327,17.0922,2400
"2026-09-09 18:00:00","2026-09-10 09:00:00","CAPE","surface",-71.4088,17.0922,2334
"2026-09-09 18:00:00","2026-09-10 09:00:00","CAPE","surface",-71.3849,17.0922,2298
"2026-09-09 18:00:00","2026-09-10 09:00:00","CAPE","surface",-71.361,17.0922,2269
"2026-09-09 18:00:00","2026-09-10 09:00:00","CAPE","surface",-71.337,17.0922,2301
"2026-09-09 18:00:00","2026-09-10 09:00:00","CAPE","surface",-71.3131,17.0922,2292
"2026-09-09 18:00:00","2026-09-10 09:00:00","CAPE","surface",-71.2892,17.0922,2272
"2026-09-09 18:00:00","2026-09-10 09:00:00","CAPE","surface",-71.2653,17.0922,2242
"2026-09-09 18:00:00","2026-09-10 09:00:00","CAPE","surface",-71.2413,17.0922,2221
"2026-09-09 18:00:00","2026-09-10 09:00:00","CAPE","surface",-71.2174,17.0922,2281
"2026-09-09 18:00:00","2026-09-10 09:00:00","CAPE","surface",-71.1935,17.0922,2241
"2026-09-09 18:00:00","2026-09-10 09:00:00","CAPE","surface",-71.1696,17.0922,2277
"2026-09-09 18:00:00","2026-09-10 09:00:00","CAPE","surface",-71.1456,17.0922,2247
"2026-09-09 18:00:00","2026-09-10 09:00:00","CAPE","surface",-71.1217,17.0922,2299
"2026-09-09 18:00:00","2026-09-10 09:00:00","CAPE","surface",-71.0978,17.0922,2299
"2026-09-09 18:00:00","2026-09-10 09:00:00","CAPE","surface",-71.0739,17.0922,2333
"2026-09-09 18:00:00","2026-09-10 09:00:00","CAPE","surface",-71.0499,17.0922,2304
"2026-09-09 18:00:00","2026-09-10 09:00:00","CAPE","surface",-71.026,17.0922,2327
"2026-09-09 18:00:00","2026-09-10 09:00:00","CAPE","surface",-71.0021,17.0922,2362
"2026-09-09 18:00:00","2026-09-10 09:00:00","CAPE","surface",-70.9782,17.0922,2362
"2026-09-09 18:00:00","2026-09-10 09:00:00","CAPE","surface",-70.9542,17.0922,2384
"2026-09-09 18:00:00","2026-09-10 09:00:00","CAPE","surface",-70.9303,17.0922,2375
"2026-09-09 18:00:00","2026-09-10 09:00:00","CAPE","surface",-70.9064,17.0922,2482
"2026-09-09 18:00:00","2026-09-10 09:00:00","CAPE","surface",-70.8825,17.0922,2467
"2026-09-09 18:00:00","2026-09-10 09:00:00","CAPE","surface",-70.8585,17.0922,2522
"2026-09-09 18:00:00","2026-09-10 09:00:00","CAPE","surface",-70.8346,17.0922,2480
"2026-09-09 18:00:00","2026-09-10 09:00:00","CAPE","surface",-70.8107,17.0922,2461
"2026-09-09 18:00:00","2026-09-10 09:00:00","CAPE","surface",-70.7868,17.0922,2421
"2026-09-09 18:00:00","2026-09-10 09:00:00","CAPE","surface",-70.7628,17.0922,2497
"2026-09-09 18:00:00","2026-09-10 09:00:00","CAPE","surface",-70.7389,17.0922,2555
"2026-09-09 18:00:00","2026-09-10 09:00:00","CAPE","surface",-70.715,17.0922,2619
"2026-09-09 18:00:00","2026-09-10 09:00:00","CAPE","surface",-70.6911,17.0922,2693
"2026-09-09 18:00:00","2026-09-10 09:00:00","CAPE","surface",-70.6671,17.0922,2694
"2026-09-09 18:00:00","2026-09-10 09:00:00","CAPE","surface",-70.6432,17.0922,2340
"2026-09-09 18:00:00","2026-09-10 09:00:00","CAPE","surface",-70.6193,17.0922,2340
"2026-09-09 18:00:00","2026-09-10 09:00:00","CAPE","surface",-70.5954,17.0922,1605
"2026-09-09 18:00:00","2026-09-10 09:00:00","CAPE","surface",-70.5714,17.0922,1157
"2026-09-09 18:00:00","2026-09-10 09:00:00","CAPE","surface",-70.5475,17.0922,1256
"2026-09-09 18:00:00","2026-09-10 09:00:00","CAPE","surface",-70.5236,17.0922,1433
"2026-09-09 18:00:00","2026-09-10 09:00:00","CAPE","surface",-70.4997,17.0922,1433
"2026-09-09 18:00:00","2026-09-10 09:00:00","CAPE","surface",-70.4757,17.0922,1292
"2026-09-09 18:00:00","2026-09-10 09:00:00","CAPE","surface",-70.4518,17.0922,1096
"2026-09-09 18:00:00","2026-09-10 09:00:00","CAPE","surface",-70.4279,17.0922,1093
"2026-09-09 18:00:00","2026-09-10 09:00:00","CAPE","surface",-70.404,17.0922,1141
"2026-09-09 18:00:00","2026-09-10 09:00:00","CAPE","surface",-70.38,17.0922,1341
"2026-09-09 18:00:00","2026-09-10 09:00:00","CAPE","surface",-70.3561,17.0922,1489
"2026-09-09 18:00:00","2026-09-10 09:00:00","CAPE","surface",-70.3322,17.0922,1771
"2026-09-09 18:00:00","2026-09-10 09:00:00","CAPE","surface",-70.3083,17.0922,1956
"2026-09-09 18:00:00","2026-09-10 09:00:00","CAPE","surface",-70.2843,17.0922,1987
"2026-09-09 18:00:00","2026-09-10 09:00:00","CAPE","surface",-70.2604,17.0922,2105
"2026-09-09 18:00:00","2026-09-10 09:00:00","CAPE","surface",-70.2365,17.0922,2091
"2026-09-09 18:00:00","2026-09-10 09:00:00","CAPE","surface",-70.2126,17.0922,2287
"2026-09-09 18:00:00","2026-09-10 09:00:00","CAPE","surface",-70.1886,17.0922,2408
"2026-09-09 18:00:00","2026-09-10 09:00:00","CAPE","surface",-70.1647,17.0922,2541
"2026-09-09 18:00:00","2026-09-10 09:00:00","CAPE","surface",-70.1408,17.0922,2541
"2026-09-09 18:00:00","2026-09-10 09:00:00","CAPE","surface",-70.1169,17.0922,2656
"2026-09-09 18:00:00","2026-09-10 09:00:00","CAPE","surface",-70.0929,17.0922,2625
"2026-09-09 18:00:00","2026-09-10 09:00:00","CAPE","surface",-70.069,17.0922,2702
"2026-09-09 18:00:00","2026-09-10 09:00:00","CAPE","surface",-70.0451,17.0922,2797
"2026-09-09 18:00:00","2026-09-10 09:00:00","CAPE","surface",-70.0212,17.0922,2797
"2026-09-09 18:00:00","2026-09-10 09:00:00","CAPE","surface",-69.9972,17.0922,2894
"2026-09-09 18:00:00","2026-09-10 09:00:00","CAPE","surface",-69.9733,17.0922,2819
"2026-09-09 18:00:00","2026-09-10 09:00:00","CAPE","surface",-69.9494,17.0922,2808
"2026-09-09 18:00:00","2026-09-10 09:00:00","CAPE","surface",-69.9255,17.0922,2808
"2026-09-09 18:00:00","2026-09-10 09:00:00","CAPE","surface",-69.9015,17.0922,2655
"2026-09-09 18:00:00","2026-09-10 09:00:00","CAPE","surface",-69.8776,17.0922,2448
"2026-09-09 18:00:00","2026-09-10 09:00:00","CAPE","surface",-69.8537,17.0922,2394
"2026-09-09 18:00:00","2026-09-10 09:00:00","CAPE","surface",-69.8298,17.0922,2422
"2026-09-09 18:00:00","2026-09-10 09:00:00","CAPE","surface",-69.8058,17.0922,2422
"2026-09-09 18:00:00","2026-09-10 09:00:00","CAPE","surface",-69.7819,17.0922,2456
"2026-09-09 18:00:00","2026-09-10 09:00:00","CAPE","surface",-69.758,17.0922,2469
"2026-09-09 18:00:00","2026-09-10 09:00:00","CAPE","surface",-69.7341,17.0922,2548
"2026-09-09 18:00:00","2026-09-10 09:00:00","CAPE","surface",-69.7101,17.0922,2662
"2026-09-09 18:00:00","2026-09-10 09:00:00","CAPE","surface",-69.6862,17.0922,2662
"2026-09-09 18:00:00","2026-09-10 09:00:00","CAPE","surface",-69.6623,17.0922,2826
"2026-09-09 18:00:00","2026-09-10 09:00:00","CAPE","surface",-69.6384,17.0922,2907
"2026-09-09 18:00:00","2026-09-10 09:00:00","CAPE","surface",-69.6144,17.0922,3018
"2026-09-09 18:00:00","2026-09-10 09:00:00","CAPE","surface",-69.5905,17.0922,3047
"2026-09-09 18:00:00","2026-09-10 09:00:00","CAPE","surface",-69.5666,17.0922,3141
"2026-09-09 18:00:00","2026-09-10 09:00:00","CAPE","surface",-69.5427,17.0922,3168
"2026-09-09 18:00:00","2026-09-10 09:00:00","CAPE","surface",-69.5187,17.0922,3258
"2026-09-09 18:00:00","2026-09-10 09:00:00","CAPE","surface",-69.4948,17.0922,3337
"2026-09-09 18:00:00","2026-09-10 09:00:00","CAPE","surface",-69.4709,17.0922,3337
"2026-09-09 18:00:00","2026-09-10 09:00:00","CAPE","surface",-69.447,17.0922,3416
"2026-09-09 18:00:00","2026-09-10 09:00:00","CAPE","surface",-69.423,17.0922,3444
"2026-09-09 18:00:00","2026-09-10 09:00:00","CAPE","surface",-69.3991,17.0922,3540
"2026-09-09 18:00:00","2026-09-10 09:00:00","CAPE","surface",-69.3752,17.0922,3574
"2026-09-09 18:00:00","2026-09-10 09:00:00","CAPE","surface",-69.3513,17.0922,3548
"2026-09-09 18:00:00","2026-09-10 09:00:00","CAPE","surface",-69.3273,17.0922,3277
"2026-09-09 18:00:00","2026-09-10 09:00:00","CAPE","surface",-69.3034,17.0922,3176
"2026-09-09 18:00:00","2026-09-10 09:00:00","CAPE","surface",-69.2795,17.0922,2849
"2026-09-09 18:00:00","2026-09-10 09:00:00","CAPE","surface",-69.2556,17.0922,2843
"2026-09-09 18:00:00","2026-09-10 09:00:00","CAPE","surface",-69.2316,17.0922,2846
"2026-09-09 18:00:00","2026-09-10 09:00:00","CAPE","surface",-69.2077,17.0922,2851
"2026-09-09 18:00:00","2026-09-10 09:00:00","CAPE","surface",-69.1838,17.0922,2787
"2026-09-09 18:00:00","2026-09-10 09:00:00","CAPE","surface",-69.1599,17.0922,2823
"2026-09-09 18:00:00","2026-09-10 09:00:00","CAPE","surface",-69.1359,17.0922,2682
"2026-09-09 18:00:00","2026-09-10 09:00:00","CAPE","surface",-69.112,17.0922,2641
"2026-09-09 18:00:00","2026-09-10 09:00:00","CAPE","surface",-69.0881,17.0922,2768
"2026-09-09 18:00:00","2026-09-10 09:00:00","CAPE","surface",-69.0642,17.0922,2710
"2026-09-09 18:00:00","2026-09-10 09:00:00","CAPE","surface",-69.0402,17.0922,2667
"2026-09-09 18:00:00","2026-09-10 09:00:00","CAPE","surface",-69.0163,17.0922,2673
"2026-09-09 18:00:00","2026-09-10 09:00:00","CAPE","surface",-68.9924,17.0922,2574
"2026-09-09 18:00:00","2026-09-10 09:00:00","CAPE","surface",-68.9685,17.0922,2601
"2026-09-09 18:00:00","2026-09-10 09:00:00","CAPE","surface",-68.9445,17.0922,2670
"2026-09-09 18:00:00","2026-09-10 09:00:00","CAPE","surface",-68.9206,17.0922,2670
"2026-09-09 18:00:00","2026-09-10 09:00:00","CAPE","surface",-68.8967,17.0922,2740
"2026-09-09 18:00:00","2026-09-10 09:00:00","CAPE","surface",-68.8728,17.0922,2746
"2026-09-09 18:00:00","2026-09-10 09:00:00","CAPE","surface",-68.8488,17.0922,2897
"2026-09-09 18:00:00","2026-09-10 09:00:00","CAPE","surface",-68.8249,17.0922,2936
"2026-09-09 18:00:00","2026-09-10 09:00:00","CAPE","surface",-68.801,17.0922,2995
"2026-09-09 18:00:00","2026-09-10 09:00:00","CAPE","surface",-68.7771,17.0922,3007
"2026-09-09 18:00:00","2026-09-10 09:00:00","CAPE","surface",-68.7531,17.0922,2960
"2026-09-09 18:00:00","2026-09-10 09:00:00","CAPE","surface",-68.7292,17.0922,2968
"2026-09-09 18:00:00","2026-09-10 09:00:00","CAPE","surface",-68.7053,17.0922,2968
"2026-09-09 18:00:00","2026-09-10 09:00:00","CAPE","surface",-68.6813,17.0922,3007
"2026-09-09 18:00:00","2026-09-10 09:00:00","CAPE","surface",-68.6574,17.0922,2970
"2026-09-09 18:00:00","2026-09-10 09:00:00","CAPE","surface",-68.6335,17.0922,3020
"2026-09-09 18:00:00","2026-09-10 09:00:00","CAPE","surface",-68.6096,17.0922,3106
"2026-09-09 18:00:00","2026-09-10 09:00:00","CAPE","surface",-68.5856,17.0922,3106
"2026-09-09 18:00:00","2026-09-10 09:00:00","CAPE","surface",-68.5617,17.0922,3225
"2026-09-09 18:00:00","2026-09-10 09:00:00","CAPE","surface",-68.5378,17.0922,3158
"2026-09-09 18:00:00","2026-09-10 09:00:00","CAPE","surface",-68.5139,17.0922,3204
"2026-09-09 18:00:00","2026-09-10 09:00:00","CAPE","surface",-68.4899,17.0922,3204
"2026-09-09 18:00:00","2026-09-10 09:00:00","CAPE","surface",-68.466,17.0922,2919
"2026-09-09 18:00:00","2026-09-10 09:00:00","CAPE","surface",-68.4421,17.0922,2920
"2026-09-09 18:00:00","2026-09-10 09:00:00","CAPE","surface",-68.4182,17.0922,2926
"2026-09-09 18:00:00","2026-09-10 09:00:00","CAPE","surface",-68.3942,17.0922,3203
"2026-09-09 18:00:00","2026-09-10 09:00:00","CAPE","surface",-68.3703,17.0922,3203
"2026-09-09 18:00:00","2026-09-10 09:00:00","CAPE","surface",-68.3464,17.0922,3267
"2026-09-09 18:00:00","2026-09-10 09:00:00","CAPE","surface",-68.3225,17.0922,3251
"2026-09-09 18:00:00","2026-09-10 09:00:00","CAPE","surface",-68.2985,17.0922,3314
"2026-09-09 18:00:00","2026-09-10 09:00:00","CAPE","surface",-68.2746,17.0922,3375
"2026-09-09 18:00:00","2026-09-10 09:00:00","CAPE","surface",-68.2507,17.0922,3306
"2026-09-09 18:00:00","2026-09-10 09:00:00","CAPE","surface",-68.2268,17.0922,2856
"2026-09-09 18:00:00","2026-09-10 09:00:00","CAPE","surface",-68.2028,17.0922,2705
"2026-09-09 18:00:00","2026-09-10 09:00:00","CAPE","surface",-68.1789,17.0922,2651
"2026-09-09 18:00:00","2026-09-10 09:00:00","CAPE","surface",-68.155,17.0922,2651
"2026-09-09 18:00:00","2026-09-10 09:00:00","CAPE","surface",-68.1311,17.0922,2460
"2026-09-09 18:00:00","2026-09-10 09:00:00","CAPE","surface",-68.1071,17.0922,2060
"2026-09-09 18:00:00","2026-09-10 09:00:00","CAPE","surface",-68.0832,17.0922,2096
"2026-09-09 18:00:00","2026-09-10 09:00:00","CAPE","surface",-68.0593,17.0922,1645
"2026-09-09 18:00:00","2026-09-10 09:00:00","CAPE","surface",-68.0354,17.0922,1737
"2026-09-09 18:00:00","2026-09-10 09:00:00","CAPE","surface",-68.0114,17.0922,1535
"2026-09-09 18:00:00","2026-09-10 09:00:00","CAPE","surface",-67.9875,17.0922,1754
"2026-09-09 18:00:00","2026-09-10 09:00:00","CAPE","surface",-67.9636,17.0922,1980
"2026-09-09 18:00:00","2026-09-10 09:00:00","CAPE","surface",-67.9397,17.0922,2069
"2026-09-09 18:00:00","2026-09-10 09:00:00","CAPE","surface",-67.9157,17.0922,2241
"2026-09-09 18:00:00","2026-09-10 09:00:00","CAPE","surface",-67.8918,17.0922,2407
"2026-09-09 18:00:00","2026-09-10 09:00:00","CAPE","surface",-67.8679,17.0922,2450
"2026-09-09 18:00:00","2026-09-10 09:00:00","CAPE","surface",-67.844,17.0922,2490
"2026-09-09 18:00:00","2026-09-10 09:00:00","CAPE","surface",-67.82,17.0922,2525
"2026-09-09 18:00:00","2026-09-10 09:00:00","CAPE","surface",-67.7961,17.0922,2624
"2026-09-09 18:00:00","2026-09-10 09:00:00","CAPE","surface",-67.7722,17.0922,2721
"2026-09-09 18:00:00","2026-09-10 09:00:00","CAPE","surface",-67.7483,17.0922,2721
"2026-09-09 18:00:00","2026-09-10 09:00:00","CAPE","surface",-67.7243,17.0922,2832
"2026-09-09 18:00:00","2026-09-10 09:00:00","CAPE","surface",-67.7004,17.0922,2911
"2026-09-09 18:00:00","2026-09-10 09:00:00","CAPE","surface",-67.6765,17.0922,3020
"2026-09-09 18:00:00","2026-09-10 09:00:00","CAPE","surface",-67.6526,17.0922,3158
"2026-09-09 18:00:00","2026-09-10 09:00:00","CAPE","surface",-67.6286,17.0922,3186
"2026-09-09 18:00:00","2026-09-10 09:00:00","CAPE","surface",-67.6047,17.0922,3284
"2026-09-09 18:00:00","2026-09-10 09:00:00","CAPE","surface",-67.5808,17.0922,3201
"2026-09-09 18:00:00","2026-09-10 09:00:00","CAPE","surface",-67.5569,17.0922,2858
"2026-09-09 18:00:00","2026-09-10 09:00:00","CAPE","surface",-67.5329,17.0922,2858
"2026-09-09 18:00:00","2026-09-10 09:00:00","CAPE","surface",-67.509,17.0922,2697
"2026-09-09 18:00:00","2026-09-10 09:00:00","CAPE","surface",-67.4851,17.0922,2687
"2026-09-09 18:00:00","2026-09-10 09:00:00","CAPE","surface",-67.4612,17.0922,2722
"2026-09-09 18:00:00","2026-09-10 09:00:00","CAPE","surface",-67.4372,17.0922,2745
"2026-09-09 18:00:00","2026-09-10 09:00:00","CAPE","surface",-67.4133,17.0922,2883
"2026-09-09 18:00:00","2026-09-10 09:00:00","CAPE","surface",-67.3894,17.0922,3155
"2026-09-09 18:00:00","2026-09-10 09:00:00","CAPE","surface",-67.3655,17.0922,3287
"2026-09-09 18:00:00","2026-09-10 09:00:00","CAPE","surface",-67.3415,17.0922,3349
"2026-09-09 18:00:00","2026-09-10 09:00:00","CAPE","surface",-67.3176,17.0922,3358
"2026-09-09 18:00:00","2026-09-10 09:00:00","CAPE","surface",-67.2937,17.0922,3362
"2026-09-09 18:00:00","2026-09-10 09:00:00","CAPE","surface",-67.2698,17.0922,3314
"2026-09-09 18:00:00","2026-09-10 09:00:00","CAPE","surface",-67.2458,17.0922,3328
"2026-09-09 18:00:00","2026-09-10 09:00:00","CAPE","surface",-67.2219,17.0922,3192
"2026-09-09 18:00:00","2026-09-10 09:00:00","CAPE","surface",-67.198,17.0922,3197
"2026-09-09 18:00:00","2026-09-10 09:00:00","CAPE","surface",-67.1741,17.0922,3116
"2026-09-09 18:00:00","2026-09-10 09:00:00","CAPE","surface",-67.1501,17.0922,3109
"2026-09-09 18:00:00","2026-09-10 09:00:00","CAPE","surface",-67.1262,17.0922,3109
"2026-09-09 18:00:00","2026-09-10 09:00:00","CAPE","surface",-67.1023,17.0922,3030
"2026-09-09 18:00:00","2026-09-10 09:00:00","CAPE","surface",-67.0784,17.0922,3033
"2026-09-09 18:00:00","2026-09-10 09:00:00","CAPE","surface",-67.0544,17.0922,2969
"2026-09-09 18:00:00","2026-09-10 09:00:00","CAPE","surface",-67.0305,17.0922,2969
"2026-09-09 18:00:00","2026-09-10 09:00:00","CAPE","surface",-67.0066,17.0922,2935
"2026-09-09 18:00:00","2026-09-10 09:00:00","CAPE","surface",-74.7822,17.1151,2546
"2026-09-09 18:00:00","2026-09-10 09:00:00","CAPE","surface",-74.7583,17.1151,2617
"2026-09-09 18:00:00","2026-09-10 09:00:00","CAPE","surface",-74.7344,17.1151,2757
"2026-09-09 18:00:00","2026-09-10 09:00:00","CAPE","surface",-74.7105,17.1151,2823
"2026-09-09 18:00:00","2026-09-10 09:00:00","CAPE","surface",-74.6865,17.1151,2866
"2026-09-09 18:00:00","2026-09-10 09:00:00","CAPE","surface",-74.6626,17.1151,2944
"2026-09-09 18:00:00","2026-09-10 09:00:00","CAPE","surface",-74.6387,17.1151,3029
"2026-09-09 18:00:00","2026-09-10 09:00:00","CAPE","surface",-74.6148,17.1151,3090
"2026-09-09 18:00:00","2026-09-10 09:00:00","CAPE","surface",-74.5908,17.1151,3062
"2026-09-09 18:00:00","2026-09-10 09:00:00","CAPE","surface",-74.5669,17.1151,3046
"2026-09-09 18:00:00","2026-09-10 09:00:00","CAPE","surface",-74.543,17.1151,2679
"2026-09-09 18:00:00","2026-09-10 09:00:00","CAPE","surface",-74.5191,17.1151,2442
"2026-09-09 18:00:00","2026-09-10 09:00:00","CAPE","surface",-74.4951,17.1151,2257
"2026-09-09 18:00:00","2026-09-10 09:00:00","CAPE","surface",-74.4712,17.1151,2099
"2026-09-09 18:00:00","2026-09-10 09:00:00","CAPE","surface",-74.4473,17.1151,2107
"2026-09-09 18:00:00","2026-09-10 09:00:00","CAPE","surface",-74.4234,17.1151,2227
"2026-09-09 18:00:00","2026-09-10 09:00:00","CAPE","surface",-74.3994,17.1151,2377
"2026-09-09 18:00:00","2026-09-10 09:00:00","CAPE","surface",-74.3755,17.1151,2362
"2026-09-09 18:00:00","2026-09-10 09:00:00","CAPE","surface",-74.3516,17.1151,2392
"2026-09-09 18:00:00","2026-09-10 09:00:00","CAPE","surface",-74.3277,17.1151,2358
"2026-09-09 18:00:00","2026-09-10 09:00:00","CAPE","surface",-74.3037,17.1151,2275
"2026-09-09 18:00:00","2026-09-10 09:00:00","CAPE","surface",-74.2798,17.1151,2318
"2026-09-09 18:00:00","2026-09-10 09:00:00","CAPE","surface",-74.2559,17.1151,2336
"2026-09-09 18:00:00","2026-09-10 09:00:00","CAPE","surface",-74.232,17.1151,2382
"2026-09-09 18:00:00","2026-09-10 09:00:00","CAPE","surface",-74.208,17.1151,2448
"2026-09-09 18:00:00","2026-09-10 09:00:00","CAPE","surface",-74.1841,17.1151,2418
"2026-09-09 18:00:00","2026-09-10 09:00:00","CAPE","surface",-74.1602,17.1151,2351
"2026-09-09 18:00:00","2026-09-10 09:00:00","CAPE","surface",-74.1363,17.1151,2091
"2026-09-09 18:00:00","2026-09-10 09:00:00","CAPE","surface",-74.1123,17.1151,2032
"2026-09-09 18:00:00","2026-09-10 09:00:00","CAPE","surface",-74.0884,17.1151,2072
"2026-09-09 18:00:00","2026-09-10 09:00:00","CAPE","surface",-74.0645,17.1151,2118
"2026-09-09 18:00:00","2026-09-10 09:00:00","CAPE","surface",-74.0406,17.1151,2346
"2026-09-09 18:00:00","2026-09-10 09:00:00","CAPE","surface",-74.0166,17.1151,2404
"2026-09-09 18:00:00","2026-09-10 09:00:00","CAPE","surface",-73.9927,17.1151,2570
"2026-09-09 18:00:00","2026-09-10 09:00:00","CAPE","surface",-73.9688,17.1151,2640
"2026-09-09 18:00:00","2026-09-10 09:00:00","CAPE","surface",-73.9449,17.1151,2640
"2026-09-09 18:00:00","2026-09-10 09:00:00","CAPE","surface",-73.9209,17.1151,2648
"2026-09-09 18:00:00","2026-09-10 09:00:00","CAPE","surface",-73.897,17.1151,2672
"2026-09-09 18:00:00","2026-09-10 09:00:00","CAPE","surface",-73.8731,17.1151,2601
"2026-09-09 18:00:00","2026-09-10 09:00:00","CAPE","surface",-73.8492,17.1151,2633
"2026-09-09 18:00:00","2026-09-10 09:00:00","CAPE","surface",-73.8252,17.1151,2613
"2026-09-09 18:00:00","2026-09-10 09:00:00","CAPE","surface",-73.8013,17.1151,2613
"2026-09-09 18:00:00","2026-09-10 09:00:00","CAPE","surface",-73.7774,17.1151,2572
"2026-09-09 18:00:00","2026-09-10 09:00:00","CAPE","surface",-73.7535,17.1151,2757
"2026-09-09 18:00:00","2026-09-10 09:00:00","CAPE","surface",-73.7295,17.1151,2717
"2026-09-09 18:00:00","2026-09-10 09:00:00","CAPE","surface",-73.7056,17.1151,2876
"2026-09-09 18:00:00","2026-09-10 09:00:00","CAPE","surface",-73.6817,17.1151,2729
"2026-09-09 18:00:00","2026-09-10 09:00:00","CAPE","surface",-73.6578,17.1151,2729
"2026-09-09 18:00:00","2026-09-10 09:00:00","CAPE","surface",-73.6338,17.1151,2534
"2026-09-09 18:00:00","2026-09-10 09:00:00","CAPE","surface",-73.6099,17.1151,2648
"2026-09-09 18:00:00","2026-09-10 09:00:00","CAPE","surface",-73.586,17.1151,2551
"2026-09-09 18:00:00","2026-09-10 09:00:00","CAPE","surface",-73.5621,17.1151,2729
"2026-09-09 18:00:00","2026-09-10 09:00:00","CAPE","surface",-73.5381,17.1151,2668
"2026-09-09 18:00:00","2026-09-10 09:00:00","CAPE","surface",-73.5142,17.1151,2576
"2026-09-09 18:00:00","2026-09-10 09:00:00","CAPE","surface",-73.4903,17.1151,2632
"2026-09-09 18:00:00","2026-09-10 09:00:00","CAPE","surface",-73.4664,17.1151,2627
"2026-09-09 18:00:00","2026-09-10 09:00:00","CAPE","surface",-73.4424,17.1151,2673
"2026-09-09 18:00:00","2026-09-10 09:00:00","CAPE","surface",-73.4185,17.1151,2598
"2026-09-09 18:00:00","2026-09-10 09:00:00","CAPE","surface",-73.3946,17.1151,2627
"2026-09-09 18:00:00","2026-09-10 09:00:00","CAPE","surface",-73.3707,17.1151,2573
"2026-09-09 18:00:00","2026-09-10 09:00:00","CAPE","surface",-73.3467,17.1151,2534
"2026-09-09 18:00:00","2026-09-10 09:00:00","CAPE","surface",-73.3228,17.1151,2462
"2026-09-09 18:00:00","2026-09-10 09:00:00","CAPE","surface",-73.2989,17.1151,2354
"2026-09-09 18:00:00","2026-09-10 09:00:00","CAPE","surface",-73.275,17.1151,2282
"2026-09-09 18:00:00","2026-09-10 09:00:00","CAPE","surface",-73.251,17.1151,2292
"2026-09-09 18:00:00","2026-09-10 09:00:00","CAPE","surface",-73.2271,17.1151,2272
"2026-09-09 18:00:00","2026-09-10 09:00:00","CAPE","surface",-73.2032,17.1151,2272
"2026-09-09 18:00:00","2026-09-10 09:00:00","CAPE","surface",-73.1793,17.1151,2263
"2026-09-09 18:00:00","2026-09-10 09:00:00","CAPE","surface",-73.1553,17.1151,2221
"2026-09-09 18:00:00","2026-09-10 09:00:00","CAPE","surface",-73.1314,17.1151,2180
"2026-09-09 18:00:00","2026-09-10 09:00:00","CAPE","surface",-73.1075,17.1151,2179
"2026-09-09 18:00:00","2026-09-10 09:00:00","CAPE","surface",-73.0836,17.1151,2173
"2026-09-09 18:00:00","2026-09-10 09:00:00","CAPE","surface",-73.0596,17.1151,2277
"2026-09-09 18:00:00","2026-09-10 09:00:00","CAPE","surface",-73.0357,17.1151,2370
"2026-09-09 18:00:00","2026-09-10 09:00:00","CAPE","surface",-73.0118,17.1151,2512
"2026-09-09 18:00:00","2026-09-10 09:00:00","CAPE","surface",-72.9879,17.1151,2564
"2026-09-09 18:00:00","2026-09-10 09:00:00","CAPE","surface",-72.9639,17.1151,2602
"2026-09-09 18:00:00","2026-09-10 09:00:00","CAPE","surface",-72.94,17.1151,2663
"2026-09-09 18:00:00","2026-09-10 09:00:00","CAPE","surface",-72.9161,17.1151,2688
"2026-09-09 18:00:00","2026-09-10 09:00:00","CAPE","surface",-72.8922,17.1151,2740
"2026-09-09 18:00:00","2026-09-10 09:00:00","CAPE","surface",-72.8682,17.1151,2656
"2026-09-09 18:00:00","2026-09-10 09:00:00","CAPE","surface",-72.8443,17.1151,2717
"2026-09-09 18:00:00","2026-09-10 09:00:00","CAPE","surface",-72.8204,17.1151,2505
"2026-09-09 18:00:00","2026-09-10 09:00:00","CAPE","surface",-72.7965,17.1151,2409
"2026-09-09 18:00:00","2026-09-10 09:00:00","CAPE","surface",-72.7725,17.1151,2426
"2026-09-09 18:00:00","2026-09-10 09:00:00","CAPE","surface",-72.7486,17.1151,2371
"2026-09-09 18:00:00","2026-09-10 09:00:00","CAPE","surface",-72.7247,17.1151,2366
"2026-09-09 18:00:00","2026-09-10 09:00:00","CAPE","surface",-72.7008,17.1151,2405
"2026-09-09 18:00:00","2026-09-10 09:00:00","CAPE","surface",-72.6768,17.1151,2386
"2026-09-09 18:00:00","2026-09-10 09:00:00","CAPE","surface",-72.6529,17.1151,2637
"2026-09-09 18:00:00","2026-09-10 09:00:00","CAPE","surface",-72.629,17.1151,2679
"2026-09-09 18:00:00","2026-09-10 09:00:00","CAPE","surface",-72.6051,17.1151,2896
"2026-09-09 18:00:00","2026-09-10 09:00:00","CAPE","surface",-72.5811,17.1151,2990
"2026-09-09 18:00:00","2026-09-10 09:00:00","CAPE","surface",-72.5572,17.1151,2986
"2026-09-09 18:00:00","2026-09-10 09:00:00","CAPE","surface",-72.5333,17.1151,3042
"2026-09-09 18:00:00","2026-09-10 09:00:00","CAPE","surface",-72.5094,17.1151,2983
"2026-09-09 18:00:00","2026-09-10 09:00:00","CAPE","surface",-72.4854,17.1151,2988
"2026-09-09 18:00:00","2026-09-10 09:00:00","CAPE","surface",-72.4615,17.1151,2885
"2026-09-09 18:00:00","2026-09-10 09:00:00","CAPE","surface",-72.4376,17.1151,2812
"2026-09-09 18:00:00","2026-09-10 09:00:00","CAPE","surface",-72.4137,17.1151,2813
"2026-09-09 18:00:00","2026-09-10 09:00:00","CAPE","surface",-72.3897,17.1151,2785
"2026-09-09 18:00:00","2026-09-10 09:00:00","CAPE","surface",-72.3658,17.1151,2794
"2026-09-09 18:00:00","2026-09-10 09:00:00","CAPE","surface",-72.3419,17.1151,2825
"2026-09-09 18:00:00","2026-09-10 09:00:00","CAPE","surface",-72.318,17.1151,2827
"2026-09-09 18:00:00","2026-09-10 09:00:00","CAPE","surface",-72.294,17.1151,2842
"2026-09-09 18:00:00","2026-09-10 09:00:00","CAPE","surface",-72.2701,17.1151,2841
"2026-09-09 18:00:00","2026-09-10 09:00:00","CAPE","surface",-72.2462,17.1151,2859
"2026-09-09 18:00:00","2026-09-10 09:00:00","CAPE","surface",-72.2223,17.1151,2838
"2026-09-09 18:00:00","2026-09-10 09:00:00","CAPE","surface",-72.1983,17.1151,2857
"2026-09-09 18:00:00","2026-09-10 09:00:00","CAPE","surface",-72.1744,17.1151,2857
"2026-09-09 18:00:00","2026-09-10 09:00:00","CAPE","surface",-72.1505,17.1151,2876
"2026-09-09 18:00:00","2026-09-10 09:00:00","CAPE","surface",-72.1266,17.1151,2899
"2026-09-09 18:00:00","2026-09-10 09:00:00","CAPE","surface",-72.1026,17.1151,2911
"2026-09-09 18:00:00","2026-09-10 09:00:00","CAPE","surface",-72.0787,17.1151,2932
"2026-09-09 18:00:00","2026-09-10 09:00:00","CAPE","surface",-72.0548,17.1151,2932
"2026-09-09 18:00:00","2026-09-10 09:00:00","CAPE","surface",-72.0309,17.1151,2945
"2026-09-09 18:00:00","2026-09-10 09:00:00","CAPE","surface",-72.0069,17.1151,2944
"2026-09-09 18:00:00","2026-09-10 09:00:00","CAPE","surface",-71.983,17.1151,2924
"2026-09-09 18:00:00","2026-09-10 09:00:00","CAPE","surface",-71.9591,17.1151,2935
"2026-09-09 18:00:00","2026-09-10 09:00:00","CAPE","surface",-71.9352,17.1151,2955
"2026-09-09 18:00:00","2026-09-10 09:00:00","CAPE","surface",-71.9112,17.1151,2955
"2026-09-09 18:00:00","2026-09-10 09:00:00","CAPE","surface",-71.8873,17.1151,3007
"2026-09-09 18:00:00","2026-09-10 09:00:00","CAPE","surface",-71.8634,17.1151,3094
"2026-09-09 18:00:00","2026-09-10 09:00:00","CAPE","surface",-71.8395,17.1151,3172
"2026-09-09 18:00:00","2026-09-10 09:00:00","CAPE","surface",-71.8155,17.1151,3233
"2026-09-09 18:00:00","2026-09-10 09:00:00","CAPE","surface",-71.7916,17.1151,3233
"2026-09-09 18:00:00","2026-09-10 09:00:00","CAPE","surface",-71.7677,17.1151,3248
"2026-09-09 18:00:00","2026-09-10 09:00:00","CAPE","surface",-71.7438,17.1151,3180
"2026-09-09 18:00:00","2026-09-10 09:00:00","CAPE","surface",-71.7198,17.1151,3024
"2026-09-09 18:00:00","2026-09-10 09:00:00","CAPE","surface",-71.6959,17.1151,2809
"2026-09-09 18:00:00","2026-09-10 09:00:00","CAPE","surface",-71.672,17.1151,2840
"2026-09-09 18:00:00","2026-09-10 09:00:00","CAPE","surface",-71.6481,17.1151,2663
"2026-09-09 18:00:00","2026-09-10 09:00:00","CAPE","surface",-71.6241,17.1151,2600
"2026-09-09 18:00:00","2026-09-10 09:00:00","CAPE","surface",-71.6002,17.1151,2584
"2026-09-09 18:00:00","2026-09-10 09:00:00","CAPE","surface",-71.5763,17.1151,2592
"2026-09-09 18:00:00","2026-09-10 09:00:00","CAPE","surface",-71.5524,17.1151,2599
"2026-09-09 18:00:00","2026-09-10 09:00:00","CAPE","surface",-71.5284,17.1151,2578
"2026-09-09 18:00:00","2026-09-10 09:00:00","CAPE","surface",-71.5045,17.1151,2523
"2026-09-09 18:00:00","2026-09-10 09:00:00","CAPE","surface",-71.4806,17.1151,2443
"2026-09-09 18:00:00","2026-09-10 09:00:00","CAPE","surface",-71.4567,17.1151,2444
"2026-09-09 18:00:00","2026-09-10 09:00:00","CAPE","surface",-71.4327,17.1151,2400
"2026-09-09 18:00:00","2026-09-10 09:00:00","CAPE","surface",-71.4088,17.1151,2444
"2026-09-09 18:00:00","2026-09-10 09:00:00","CAPE","surface",-71.3849,17.1151,2370
"2026-09-09 18:00:00","2026-09-10 09:00:00","CAPE","surface",-71.361,17.1151,2342
"2026-09-09 18:00:00","2026-09-10 09:00:00","CAPE","surface",-71.337,17.1151,2328
"2026-09-09 18:00:00","2026-09-10 09:00:00","CAPE","surface",-71.3131,17.1151,2300
"2026-09-09 18:00:00","2026-09-10 09:00:00","CAPE","surface",-71.2892,17.1151,2320
"2026-09-09 18:00:00","2026-09-10 09:00:00","CAPE","surface",-71.2653,17.1151,2276
"2026-09-09 18:00:00","2026-09-10 09:00:00","CAPE","surface",-71.2413,17.1151,2297
"2026-09-09 18:00:00","2026-09-10 09:00:00","CAPE","surface",-71.2174,17.1151,2281
"2026-09-09 18:00:00","2026-09-10 09:00:00","CAPE","surface",-71.1935,17.1151,2336
"2026-09-09 18:00:00","2026-09-10 09:00:00","CAPE","surface",-71.1696,17.1151,2336
"2026-09-09 18:00:00","2026-09-10 09:00:00","CAPE","surface",-71.1456,17.1151,2373
"2026-09-09 18:00:00","2026-09-10 09:00:00","CAPE","surface",-71.1217,17.1151,2327
"2026-09-09 18:00:00","2026-09-10 09:00:00","CAPE","surface",-71.0978,17.1151,2367
"2026-09-09 18:00:00","2026-09-10 09:00:00","CAPE","surface",-71.0739,17.1151,2399
"2026-09-09 18:00:00","2026-09-10 09:00:00","CAPE","surface",-71.0499,17.1151,2399
"2026-09-09 18:00:00","2026-09-10 09:00:00","CAPE","surface",-71.026,17.1151,2388
"2026-09-09 18:00:00","2026-09-10 09:00:00","CAPE","surface",-71.0021,17.1151,2384
"2026-09-09 18:00:00","2026-09-10 09:00:00","CAPE","surface",-70.9782,17.1151,2406
"2026-09-09 18:00:00","2026-09-10 09:00:00","CAPE","surface",-70.9542,17.1151,2384
"2026-09-09 18:00:00","2026-09-10 09:00:00","CAPE","surface",-70.9303,17.1151,2482
"2026-09-09 18:00:00","2026-09-10 09:00:00","CAPE","surface",-70.9064,17.1151,2481
"2026-09-09 18:00:00","2026-09-10 09:00:00","CAPE","surface",-70.8825,17.1151,2547
"2026-09-09 18:00:00","2026-09-10 09:00:00","CAPE","surface",-70.8585,17.1151,2533
"2026-09-09 18:00:00","2026-09-10 09:00:00","CAPE","surface",-70.8346,17.1151,2509
"2026-09-09 18:00:00","2026-09-10 09:00:00","CAPE","surface",-70.8107,17.1151,2552
"2026-09-09 18:00:00","2026-09-10 09:00:00","CAPE","surface",-70.7868,17.1151,2511
"2026-09-09 18:00:00","2026-09-10 09:00:00","CAPE","surface",-70.7628,17.1151,2533
"2026-09-09 18:00:00","2026-09-10 09:00:00","CAPE","surface",-70.7389,17.1151,2555
"2026-09-09 18:00:00","2026-09-10 09:00:00","CAPE","surface",-70.715,17.1151,2644
"2026-09-09 18:00:00","2026-09-10 09:00:00","CAPE","surface",-70.6911,17.1151,2644
"2026-09-09 18:00:00","2026-09-10 09:00:00","CAPE","surface",-70.6671,17.1151,2672
"2026-09-09 18:00:00","2026-09-10 09:00:00","CAPE","surface",-70.6432,17.1151,2616
"2026-09-09 18:00:00","2026-09-10 09:00:00","CAPE","surface",-70.6193,17.1151,2191
"2026-09-09 18:00:00","2026-09-10 09:00:00","CAPE","surface",-70.5954,17.1151,1557
"2026-09-09 18:00:00","2026-09-10 09:00:00","CAPE","surface",-70.5714,17.1151,1557
"2026-09-09 18:00:00","2026-09-10 09:00:00","CAPE","surface",-70.5475,17.1151,1406
"2026-09-09 18:00:00","2026-09-10 09:00:00","CAPE","surface",-70.5236,17.1151,1401
"2026-09-09 18:00:00","2026-09-10 09:00:00","CAPE","surface",-70.4997,17.1151,1478
"2026-09-09 18:00:00","2026-09-10 09:00:00","CAPE","surface",-70.4757,17.1151,1292
"2026-09-09 18:00:00","2026-09-10 09:00:00","CAPE","surface",-70.4518,17.1151,1322
"2026-09-09 18:00:00","2026-09-10 09:00:00","CAPE","surface",-70.4279,17.1151,1151
"2026-09-09 18:00:00","2026-09-10 09:00:00","CAPE","surface",-70.404,17.1151,1293
"2026-09-09 18:00:00","2026-09-10 09:00:00","CAPE","surface",-70.38,17.1151,1510
"2026-09-09 18:00:00","2026-09-10 09:00:00","CAPE","surface",-70.3561,17.1151,1611
"2026-09-09 18:00:00","2026-09-10 09:00:00","CAPE","surface",-70.3322,17.1151,1693
"2026-09-09 18:00:00","2026-09-10 09:00:00","CAPE","surface",-70.3083,17.1151,1829
"2026-09-09 18:00:00","2026-09-10 09:00:00","CAPE","surface",-70.2843,17.1151,2021
"2026-09-09 18:00:00","2026-09-10 09:00:00","CAPE","surface",-70.2604,17.1151,2105
"2026-09-09 18:00:00","2026-09-10 09:00:00","CAPE","surface",-70.2365,17.1151,2213
"2026-09-09 18:00:00","2026-09-10 09:00:00","CAPE","surface",-70.2126,17.1151,2331
"2026-09-09 18:00:00","2026-09-10 09:00:00","CAPE","surface",-70.1886,17.1151,2365
"2026-09-09 18:00:00","2026-09-10 09:00:00","CAPE","surface",-70.1647,17.1151,2488
"2026-09-09 18:00:00","2026-09-10 09:00:00","CAPE","surface",-70.1408,17.1151,2559
"2026-09-09 18:00:00","2026-09-10 09:00:00","CAPE","surface",-70.1169,17.1151,2588
"2026-09-09 18:00:00","2026-09-10 09:00:00","CAPE","surface",-70.0929,17.1151,2588
"2026-09-09 18:00:00","2026-09-10 09:00:00","CAPE","surface",-70.069,17.1151,2563
"2026-09-09 18:00:00","2026-09-10 09:00:00","CAPE","surface",-70.0451,17.1151,2676
"2026-09-09 18:00:00","2026-09-10 09:00:00","CAPE","surface",-70.0212,17.1151,2810
"2026-09-09 18:00:00","2026-09-10 09:00:00","CAPE","surface",-69.9972,17.1151,2773
"2026-09-09 18:00:00","2026-09-10 09:00:00","CAPE","surface",-69.9733,17.1151,2904
"2026-09-09 18:00:00","2026-09-10 09:00:00","CAPE","surface",-69.9494,17.1151,2961
"2026-09-09 18:00:00","2026-09-10 09:00:00","CAPE","surface",-69.9255,17.1151,2923
"2026-09-09 18:00:00","2026-09-10 09:00:00","CAPE","surface",-69.9015,17.1151,2605
"2026-09-09 18:00:00","2026-09-10 09:00:00","CAPE","surface",-69.8776,17.1151,2605
"2026-09-09 18:00:00","2026-09-10 09:00:00","CAPE","surface",-69.8537,17.1151,2410
"2026-09-09 18:00:00","2026-09-10 09:00:00","CAPE","surface",-69.8298,17.1151,2382
"2026-09-09 18:00:00","2026-09-10 09:00:00","CAPE","surface",-69.8058,17.1151,2442
"2026-09-09 18:00:00","2026-09-10 09:00:00","CAPE","surface",-69.7819,17.1151,2462
"2026-09-09 18:00:00","2026-09-10 09:00:00","CAPE","surface",-69.758,17.1151,2462
"2026-09-09 18:00:00","2026-09-10 09:00:00","CAPE","surface",-69.7341,17.1151,2514
"2026-09-09 18:00:00","2026-09-10 09:00:00","CAPE","surface",-69.7101,17.1151,2594
"2026-09-09 18:00:00","2026-09-10 09:00:00","CAPE","surface",-69.6862,17.1151,2682
"2026-09-09 18:00:00","2026-09-10 09:00:00","CAPE","surface",-69.6623,17.1151,2826
"2026-09-09 18:00:00","2026-09-10 09:00:00","CAPE","surface",-69.6384,17.1151,2880
"2026-09-09 18:00:00","2026-09-10 09:00:00","CAPE","surface",-69.6144,17.1151,2960
"2026-09-09 18:00:00","2026-09-10 09:00:00","CAPE","surface",-69.5905,17.1151,3062
"2026-09-09 18:00:00","2026-09-10 09:00:00","CAPE","surface",-69.5666,17.1151,3178
"2026-09-09 18:00:00","2026-09-10 09:00:00","CAPE","surface",-69.5427,17.1151,3178
"2026-09-09 18:00:00","2026-09-10 09:00:00","CAPE","surface",-69.5187,17.1151,3231
"2026-09-09 18:00:00","2026-09-10 09:00:00","CAPE","surface",-69.4948,17.1151,3283
"2026-09-09 18:00:00","2026-09-10 09:00:00","CAPE","surface",-69.4709,17.1151,3365
"2026-09-09 18:00:00","2026-09-10 09:00:00","CAPE","surface",-69.447,17.1151,3416
"2026-09-09 18:00:00","2026-09-10 09:00:00","CAPE","surface",-69.423,17.1151,3456
"2026-09-09 18:00:00","2026-09-10 09:00:00","CAPE","surface",-69.3991,17.1151,3513
"2026-09-09 18:00:00","2026-09-10 09:00:00","CAPE","surface",-69.3752,17.1151,3531
"2026-09-09 18:00:00","2026-09-10 09:00:00","CAPE","surface",-69.3513,17.1151,3281
"2026-09-09 18:00:00","2026-09-10 09:00:00","CAPE","surface",-69.3273,17.1151,3277
"2026-09-09 18:00:00","2026-09-10 09:00:00","CAPE","surface",-69.3034,17.1151,2888
"2026-09-09 18:00:00","2026-09-10 09:00:00","CAPE","surface",-69.2795,17.1151,2887
"2026-09-09 18:00:00","2026-09-10 09:00:00","CAPE","surface",-69.2556,17.1151,2837
"2026-09-09 18:00:00","2026-09-10 09:00:00","CAPE","surface",-69.2316,17.1151,2846
"2026-09-09 18:00:00","2026-09-10 09:00:00","CAPE","surface",-69.2077,17.1151,2758
"2026-09-09 18:00:00","2026-09-10 09:00:00","CAPE","surface",-69.1838,17.1151,2534
"2026-09-09 18:00:00","2026-09-10 09:00:00","CAPE","surface",-69.1599,17.1151,2587
"2026-09-09 18:00:00","2026-09-10 09:00:00","CAPE","surface",-69.1359,17.1151,2466
"2026-09-09 18:00:00","2026-09-10 09:00:00","CAPE","surface",-69.112,17.1151,2641
"2026-09-09 18:00:00","2026-09-10 09:00:00","CAPE","surface",-69.0881,17.1151,2529
"2026-09-09 18:00:00","2026-09-10 09:00:00","CAPE","surface",-69.0642,17.1151,2668
"2026-09-09 18:00:00","2026-09-10 09:00:00","CAPE","surface",-69.0402,17.1151,2707
"2026-09-09 18:00:00","2026-09-10 09:00:00","CAPE","surface",-69.0163,17.1151,2769
"2026-09-09 18:00:00","2026-09-10 09:00:00","CAPE","surface",-68.9924,17.1151,2703
"2026-09-09 18:00:00","2026-09-10 09:00:00","CAPE","surface",-68.9685,17.1151,2816
"2026-09-09 18:00:00","2026-09-10 09:00:00","CAPE","surface",-68.9445,17.1151,2738
"2026-09-09 18:00:00","2026-09-10 09:00:00","CAPE","surface",-68.9206,17.1151,2771
"2026-09-09 18:00:00","2026-09-10 09:00:00","CAPE","surface",-68.8967,17.1151,2740
"2026-09-09 18:00:00","2026-09-10 09:00:00","CAPE","surface",-68.8728,17.1151,2816
"2026-09-09 18:00:00","2026-09-10 09:00:00","CAPE","surface",-68.8488,17.1151,2941
"2026-09-09 18:00:00","2026-09-10 09:00:00","CAPE","surface",-68.8249,17.1151,2978
"2026-09-09 18:00:00","2026-09-10 09:00:00","CAPE","surface",-68.801,17.1151,3013
"2026-09-09 18:00:00","2026-09-10 09:00:00","CAPE","surface",-68.7771,17.1151,3007
"2026-09-09 18:00:00","2026-09-10 09:00:00","CAPE","surface",-68.7531,17.1151,3034
"2026-09-09 18:00:00","2026-09-10 09:00:00","CAPE","surface",-68.7292,17.1151,3008
"2026-09-09 18:00:00","2026-09-10 09:00:00","CAPE","surface",-68.7053,17.1151,3051
"2026-09-09 18:00:00","2026-09-10 09:00:00","CAPE","surface",-68.6813,17.1151,3112
"2026-09-09 18:00:00","2026-09-10 09:00:00","CAPE","surface",-68.6574,17.1151,3112
"2026-09-09 18:00:00","2026-09-10 09:00:00","CAPE","surface",-68.6335,17.1151,3167
"2026-09-09 18:00:00","2026-09-10 09:00:00","CAPE","surface",-68.6096,17.1151,3137
"2026-09-09 18:00:00","2026-09-10 09:00:00","CAPE","surface",-68.5856,17.1151,3247
"2026-09-09 18:00:00","2026-09-10 09:00:00","CAPE","surface",-68.5617,17.1151,3225
"2026-09-09 18:00:00","2026-09-10 09:00:00","CAPE","surface",-68.5378,17.1151,3396
"2026-09-09 18:00:00","2026-09-10 09:00:00","CAPE","surface",-68.5139,17.1151,3395
"2026-09-09 18:00:00","2026-09-10 09:00:00","CAPE","surface",-68.4899,17.1151,3220
"2026-09-09 18:00:00","2026-09-10 09:00:00","CAPE","surface",-68.466,17.1151,3003
"2026-09-09 18:00:00","2026-09-10 09:00:00","CAPE","surface",-68.4421,17.1151,3003
"2026-09-09 18:00:00","2026-09-10 09:00:00","CAPE","surface",-68.4182,17.1151,3099
"2026-09-09 18:00:00","2026-09-10 09:00:00","CAPE","surface",-68.3942,17.1151,3132
"2026-09-09 18:00:00","2026-09-10 09:00:00","CAPE","surface",-68.3703,17.1151,3270
"2026-09-09 18:00:00","2026-09-10 09:00:00","CAPE","surface",-68.3464,17.1151,3327
"2026-09-09 18:00:00","2026-09-10 09:00:00","CAPE","surface",-68.3225,17.1151,3327
"2026-09-09 18:00:00","2026-09-10 09:00:00","CAPE","surface",-68.2985,17.1151,3399
"2026-09-09 18:00:00","2026-09-10 09:00:00","CAPE","surface",-68.2746,17.1151,3375
"2026-09-09 18:00:00","2026-09-10 09:00:00","CAPE","surface",-68.2507,17.1151,3062
"2026-09-09 18:00:00","2026-09-10 09:00:00","CAPE","surface",-68.2268,17.1151,3062
"2026-09-09 18:00:00","2026-09-10 09:00:00","CAPE","surface",-68.2028,17.1151,2673
"2026-09-09 18:00:00","2026-09-10 09:00:00","CAPE","surface",-68.1789,17.1151,2585
"2026-09-09 18:00:00","2026-09-10 09:00:00","CAPE","surface",-68.155,17.1151,2519
"2026-09-09 18:00:00","2026-09-10 09:00:00","CAPE","surface",-68.1311,17.1151,2284
"2026-09-09 18:00:00","2026-09-10 09:00:00","CAPE","surface",-68.1071,17.1151,2089
"2026-09-09 18:00:00","2026-09-10 09:00:00","CAPE","surface",-68.0832,17.1151,1612
"2026-09-09 18:00:00","2026-09-10 09:00:00","CAPE","surface",-68.0593,17.1151,1645
"2026-09-09 18:00:00","2026-09-10 09:00:00","CAPE","surface",-68.0354,17.1151,1371
"2026-09-09 18:00:00","2026-09-10 09:00:00","CAPE","surface",-68.0114,17.1151,1199
"2026-09-09 18:00:00","2026-09-10 09:00:00","CAPE","surface",-67.9875,17.1151,1410
"2026-09-09 18:00:00","2026-09-10 09:00:00","CAPE","surface",-67.9636,17.1151,1808
"2026-09-09 18:00:00","2026-09-10 09:00:00","CAPE","surface",-67.9397,17.1151,2069
"2026-09-09 18:00:00","2026-09-10 09:00:00","CAPE","surface",-67.9157,17.1151,2162
"2026-09-09 18:00:00","2026-09-10 09:00:00","CAPE","surface",-67.8918,17.1151,2316
"2026-09-09 18:00:00","2026-09-10 09:00:00","CAPE","surface",-67.8679,17.1151,2446
"2026-09-09 18:00:00","2026-09-10 09:00:00","CAPE","surface",-67.844,17.1151,2551
"2026-09-09 18:00:00","2026-09-10 09:00:00","CAPE","surface",-67.82,17.1151,2589
"2026-09-09 18:00:00","2026-09-10 09:00:00","CAPE","surface",-67.7961,17.1151,2640
"2026-09-09 18:00:00","2026-09-10 09:00:00","CAPE","surface",-67.7722,17.1151,2667
"2026-09-09 18:00:00","2026-09-10 09:00:00","CAPE","surface",-67.7483,17.1151,2760
"2026-09-09 18:00:00","2026-09-10 09:00:00","CAPE","surface",-67.7243,17.1151,2832
"2026-09-09 18:00:00","2026-09-10 09:00:00","CAPE","surface",-67.7004,17.1151,2823
"2026-09-09 18:00:00","2026-09-10 09:00:00","CAPE","surface",-67.6765,17.1151,2883
"2026-09-09 18:00:00","2026-09-10 09:00:00","CAPE","surface",-67.6526,17.1151,3058
"2026-09-09 18:00:00","2026-09-10 09:00:00","CAPE","surface",-67.6286,17.1151,3227
"2026-09-09 18:00:00","2026-09-10 09:00:00","CAPE","surface",-67.6047,17.1151,3227
"2026-09-09 18:00:00","2026-09-10 09:00:00","CAPE","surface",-67.5808,17.1151,3280
"2026-09-09 18:00:00","2026-09-10 09:00:00","CAPE","surface",-67.5569,17.1151,3063
"2026-09-09 18:00:00","2026-09-10 09:00:00","CAPE","surface",-67.5329,17.1151,2772
"2026-09-09 18:00:00","2026-09-10 09:00:00","CAPE","surface",-67.509,17.1151,2795
"2026-09-09 18:00:00","2026-09-10 09:00:00","CAPE","surface",-67.4851,17.1151,2692
"2026-09-09 18:00:00","2026-09-10 09:00:00","CAPE","surface",-67.4612,17.1151,2691
"2026-09-09 18:00:00","2026-09-10 09:00:00","CAPE","surface",-67.4372,17.1151,2745
"2026-09-09 18:00:00","2026-09-10 09:00:00","CAPE","surface",-67.4133,17.1151,2971
"2026-09-09 18:00:00","2026-09-10 09:00:00","CAPE","surface",-67.3894,17.1151,3048
"2026-09-09 18:00:00","2026-09-10 09:00:00","CAPE","surface",-67.3655,17.1151,3250
"2026-09-09 18:00:00","2026-09-10 09:00:00","CAPE","surface",-67.3415,17.1151,3351
"2026-09-09 18:00:00","2026-09-10 09:00:00","CAPE","surface",-67.3176,17.1151,3358
"2026-09-09 18:00:00","2026-09-10 09:00:00","CAPE","surface",-67.2937,17.1151,3277
"2026-09-09 18:00:00","2026-09-10 09:00:00","CAPE","surface",-67.2698,17.1151,3301
"2026-09-09 18:00:00","2026-09-10 09:00:00","CAPE","surface",-67.2458,17.1151,3193
"2026-09-09 18:00:00","2026-09-10 09:00:00","CAPE","surface",-67.2219,17.1151,3121
"2026-09-09 18:00:00","2026-09-10 09:00:00","CAPE","surface",-67.198,17.1151,3121
"2026-09-09 18:00:00","2026-09-10 09:00:00","CAPE","surface",-67.1741,17.1151,3126
"2026-09-09 18:00:00","2026-09-10 09:00:00","CAPE","surface",-67.1501,17.1151,3114
"2026-09-09 18:00:00","2026-09-10 09:00:00","CAPE","surface",-67.1262,17.1151,3034
"2026-09-09 18:00:00","2026-09-10 09:00:00","CAPE","surface",-67.1023,17.1151,3034
"2026-09-09 18:00:00","2026-09-10 09:00:00","CAPE","surface",-67.0784,17.1151,2937
"2026-09-09 18:00:00","2026-09-10 09:00:00","CAPE","surface",-67.0544,17.1151,2894
"2026-09-09 18:00:00","2026-09-10 09:00:00","CAPE","surface",-67.0305,17.1151,2911
"2026-09-09 18:00:00","2026-09-10 09:00:00","CAPE","surface",-67.0066,17.1151,2836
"2026-09-09 18:00:00","2026-09-10 09:00:00","CAPE","surface",-74.7822,17.138,2571
"2026-09-09 18:00:00","2026-09-10 09:00:00","CAPE","surface",-74.7583,17.138,2571
"2026-09-09 18:00:00","2026-09-10 09:00:00","CAPE","surface",-74.7344,17.138,2691
"2026-09-09 18:00:00","2026-09-10 09:00:00","CAPE","surface",-74.7105,17.138,2768
"2026-09-09 18:00:00","2026-09-10 09:00:00","CAPE","surface",-74.6865,17.138,2833
"2026-09-09 18:00:00","2026-09-10 09:00:00","CAPE","surface",-74.6626,17.138,2946
"2026-09-09 18:00:00","2026-09-10 09:00:00","CAPE","surface",-74.6387,17.138,2940
"2026-09-09 18:00:00","2026-09-10 09:00:00","CAPE","surface",-74.6148,17.138,2940
"2026-09-09 18:00:00","2026-09-10 09:00:00","CAPE","surface",-74.5908,17.138,2757
"2026-09-09 18:00:00","2026-09-10 09:00:00","CAPE","surface",-74.5669,17.138,2821
"2026-09-09 18:00:00","2026-09-10 09:00:00","CAPE","surface",-74.543,17.138,2603
"2026-09-09 18:00:00","2026-09-10 09:00:00","CAPE","surface",-74.5191,17.138,2442
"2026-09-09 18:00:00","2026-09-10 09:00:00","CAPE","surface",-74.4951,17.138,2188
"2026-09-09 18:00:00","2026-09-10 09:00:00","CAPE","surface",-74.4712,17.138,2188
"2026-09-09 18:00:00","2026-09-10 09:00:00","CAPE","surface",-74.4473,17.138,2082
"2026-09-09 18:00:00","2026-09-10 09:00:00","CAPE","surface",-74.4234,17.138,2109
"2026-09-09 18:00:00","2026-09-10 09:00:00","CAPE","surface",-74.3994,17.138,2239
"2026-09-09 18:00:00","2026-09-10 09:00:00","CAPE","surface",-74.3755,17.138,2362
"2026-09-09 18:00:00","2026-09-10 09:00:00","CAPE","surface",-74.3516,17.138,2415
"2026-09-09 18:00:00","2026-09-10 09:00:00","CAPE","surface",-74.3277,17.138,2358
"2026-09-09 18:00:00","2026-09-10 09:00:00","CAPE","surface",-74.3037,17.138,2477
"2026-09-09 18:00:00","2026-09-10 09:00:00","CAPE","surface",-74.2798,17.138,2371
"2026-09-09 18:00:00","2026-09-10 09:00:00","CAPE","surface",-74.2559,17.138,2382
"2026-09-09 18:00:00","2026-09-10 09:00:00","CAPE","surface",-74.232,17.138,2326
"2026-09-09 18:00:00","2026-09-10 09:00:00","CAPE","surface",-74.208,17.138,2370
"2026-09-09 18:00:00","2026-09-10 09:00:00","CAPE","surface",-74.1841,17.138,2192
"2026-09-09 18:00:00","2026-09-10 09:00:00","CAPE","surface",-74.1602,17.138,2192
"2026-09-09 18:00:00","2026-09-10 09:00:00","CAPE","surface",-74.1363,17.138,2109
"2026-09-09 18:00:00","2026-09-10 09:00:00","CAPE","surface",-74.1123,17.138,2082
"2026-09-09 18:00:00","2026-09-10 09:00:00","CAPE","surface",-74.0884,17.138,2192
"2026-09-09 18:00:00","2026-09-10 09:00:00","CAPE","surface",-74.0645,17.138,2266
"2026-09-09 18:00:00","2026-09-10 09:00:00","CAPE","surface",-74.0406,17.138,2471
"2026-09-09 18:00:00","2026-09-10 09:00:00","CAPE","surface",-74.0166,17.138,2471
"2026-09-09 18:00:00","2026-09-10 09:00:00","CAPE","surface",-73.9927,17.138,2511
"2026-09-09 18:00:00","2026-09-10 09:00:00","CAPE","surface",-73.9688,17.138,2577
"2026-09-09 18:00:00","2026-09-10 09:00:00","CAPE","surface",-73.9449,17.138,2559
"2026-09-09 18:00:00","2026-09-10 09:00:00","CAPE","surface",-73.9209,17.138,2648
"2026-09-09 18:00:00","2026-09-10 09:00:00","CAPE","surface",-73.897,17.138,2564
"2026-09-09 18:00:00","2026-09-10 09:00:00","CAPE","surface",-73.8731,17.138,2564
"2026-09-09 18:00:00","2026-09-10 09:00:00","CAPE","surface",-73.8492,17.138,2412
"2026-09-09 18:00:00","2026-09-10 09:00:00","CAPE","surface",-73.8252,17.138,2495
"2026-09-09 18:00:00","2026-09-10 09:00:00","CAPE","surface",-73.8013,17.138,2382
"2026-09-09 18:00:00","2026-09-10 09:00:00","CAPE","surface",-73.7774,17.138,2572
"2026-09-09 18:00:00","2026-09-10 09:00:00","CAPE","surface",-73.7535,17.138,2497
"2026-09-09 18:00:00","2026-09-10 09:00:00","CAPE","surface",-73.7295,17.138,2270
"2026-09-09 18:00:00","2026-09-10 09:00:00","CAPE","surface",-73.7056,17.138,2435
"2026-09-09 18:00:00","2026-09-10 09:00:00","CAPE","surface",-73.6817,17.138,2343
"2026-09-09 18:00:00","2026-09-10 09:00:00","CAPE","surface",-73.6578,17.138,2428
"2026-09-09 18:00:00","2026-09-10 09:00:00","CAPE","surface",-73.6338,17.138,2339
"2026-09-09 18:00:00","2026-09-10 09:00:00","CAPE","surface",-73.6099,17.138,2421
"2026-09-09 18:00:00","2026-09-10 09:00:00","CAPE","surface",-73.586,17.138,2378
"2026-09-09 18:00:00","2026-09-10 09:00:00","CAPE","surface",-73.5621,17.138,2470
"2026-09-09 18:00:00","2026-09-10 09:00:00","CAPE","surface",-73.5381,17.138,2537
"2026-09-09 18:00:00","2026-09-10 09:00:00","CAPE","surface",-73.5142,17.138,2576
"2026-09-09 18:00:00","2026-09-10 09:00:00","CAPE","surface",-73.4903,17.138,2597
"2026-09-09 18:00:00","2026-09-10 09:00:00","CAPE","surface",-73.4664,17.138,2597
"2026-09-09 18:00:00","2026-09-10 09:00:00","CAPE","surface",-73.4424,17.138,2619
"2026-09-09 18:00:00","2026-09-10 09:00:00","CAPE","surface",-73.4185,17.138,2598
"2026-09-09 18:00:00","2026-09-10 09:00:00","CAPE","surface",-73.3946,17.138,2621
"2026-09-09 18:00:00","2026-09-10 09:00:00","CAPE","surface",-73.3707,17.138,2573
"2026-09-09 18:00:00","2026-09-10 09:00:00","CAPE","surface",-73.3467,17.138,2565
"2026-09-09 18:00:00","2026-09-10 09:00:00","CAPE","surface",-73.3228,17.138,2793
"2026-09-09 18:00:00","2026-09-10 09:00:00","CAPE","surface",-73.2989,17.138,2537
"2026-09-09 18:00:00","2026-09-10 09:00:00","CAPE","surface",-73.275,17.138,2320
"2026-09-09 18:00:00","2026-09-10 09:00:00","CAPE","surface",-73.251,17.138,2261
"2026-09-09 18:00:00","2026-09-10 09:00:00","CAPE","surface",-73.2271,17.138,2269
"2026-09-09 18:00:00","2026-09-10 09:00:00","CAPE","surface",-73.2032,17.138,2275
"2026-09-09 18:00:00","2026-09-10 09:00:00","CAPE","surface",-73.1793,17.138,2277
"2026-09-09 18:00:00","2026-09-10 09:00:00","CAPE","surface",-73.1553,17.138,2272
"2026-09-09 18:00:00","2026-09-10 09:00:00","CAPE","surface",-73.1314,17.138,2228
"2026-09-09 18:00:00","2026-09-10 09:00:00","CAPE","surface",-73.1075,17.138,2179
"2026-09-09 18:00:00","2026-09-10 09:00:00","CAPE","surface",-73.0836,17.138,2211
"2026-09-09 18:00:00","2026-09-10 09:00:00","CAPE","surface",-73.0596,17.138,2277
"2026-09-09 18:00:00","2026-09-10 09:00:00","CAPE","surface",-73.0357,17.138,2375
"2026-09-09 18:00:00","2026-09-10 09:00:00","CAPE","surface",-73.0118,17.138,2441
"2026-09-09 18:00:00","2026-09-10 09:00:00","CAPE","surface",-72.9879,17.138,2529
"2026-09-09 18:00:00","2026-09-10 09:00:00","CAPE","surface",-72.9639,17.138,2510
"2026-09-09 18:00:00","2026-09-10 09:00:00","CAPE","surface",-72.94,17.138,2609
"2026-09-09 18:00:00","2026-09-10 09:00:00","CAPE","surface",-72.9161,17.138,2401
"2026-09-09 18:00:00","2026-09-10 09:00:00","CAPE","surface",-72.8922,17.138,2482
"2026-09-09 18:00:00","2026-09-10 09:00:00","CAPE","surface",-72.8682,17.138,2379
"2026-09-09 18:00:00","2026-09-10 09:00:00","CAPE","surface",-72.8443,17.138,2441
"2026-09-09 18:00:00","2026-09-10 09:00:00","CAPE","surface",-72.8204,17.138,2387
"2026-09-09 18:00:00","2026-09-10 09:00:00","CAPE","surface",-72.7965,17.138,2409
"2026-09-09 18:00:00","2026-09-10 09:00:00","CAPE","surface",-72.7725,17.138,2368
"2026-09-09 18:00:00","2026-09-10 09:00:00","CAPE","surface",-72.7486,17.138,2372
"2026-09-09 18:00:00","2026-09-10 09:00:00","CAPE","surface",-72.7247,17.138,2426
"2026-09-09 18:00:00","2026-09-10 09:00:00","CAPE","surface",-72.7008,17.138,2405
"2026-09-09 18:00:00","2026-09-10 09:00:00","CAPE","surface",-72.6768,17.138,2627
"2026-09-09 18:00:00","2026-09-10 09:00:00","CAPE","surface",-72.6529,17.138,2627
"2026-09-09 18:00:00","2026-09-10 09:00:00","CAPE","surface",-72.629,17.138,2805
"2026-09-09 18:00:00","2026-09-10 09:00:00","CAPE","surface",-72.6051,17.138,2836
"2026-09-09 18:00:00","2026-09-10 09:00:00","CAPE","surface",-72.5811,17.138,2901
"2026-09-09 18:00:00","2026-09-10 09:00:00","CAPE","surface",-72.5572,17.138,2899
"2026-09-09 18:00:00","2026-09-10 09:00:00","CAPE","surface",-72.5333,17.138,2955
"2026-09-09 18:00:00","2026-09-10 09:00:00","CAPE","surface",-72.5094,17.138,2832
"2026-09-09 18:00:00","2026-09-10 09:00:00","CAPE","surface",-72.4854,17.138,2860
"2026-09-09 18:00:00","2026-09-10 09:00:00","CAPE","surface",-72.4615,17.138,2801
"2026-09-09 18:00:00","2026-09-10 09:00:00","CAPE","surface",-72.4376,17.138,2812
"2026-09-09 18:00:00","2026-09-10 09:00:00","CAPE","surface",-72.4137,17.138,2783
"2026-09-09 18:00:00","2026-09-10 09:00:00","CAPE","surface",-72.3897,17.138,2783
"2026-09-09 18:00:00","2026-09-10 09:00:00","CAPE","surface",-72.3658,17.138,2793
"2026-09-09 18:00:00","2026-09-10 09:00:00","CAPE","surface",-72.3419,17.138,2815
"2026-09-09 18:00:00","2026-09-10 09:00:00","CAPE","surface",-72.318,17.138,2828
"2026-09-09 18:00:00","2026-09-10 09:00:00","CAPE","surface",-72.294,17.138,2854
"2026-09-09 18:00:00","2026-09-10 09:00:00","CAPE","surface",-72.2701,17.138,2867
"2026-09-09 18:00:00","2026-09-10 09:00:00","CAPE","surface",-72.2462,17.138,2866
"2026-09-09 18:00:00","2026-09-10 09:00:00","CAPE","surface",-72.2223,17.138,2875
"2026-09-09 18:00:00","2026-09-10 09:00:00","CAPE","surface",-72.1983,17.138,2869
"2026-09-09 18:00:00","2026-09-10 09:00:00","CAPE","surface",-72.1744,17.138,2878
"2026-09-09 18:00:00","2026-09-10 09:00:00","CAPE","surface",-72.1505,17.138,2894
"2026-09-09 18:00:00","2026-09-10 09:00:00","CAPE","surface",-72.1266,17.138,2894
"2026-09-09 18:00:00","2026-09-10 09:00:00","CAPE","surface",-72.1026,17.138,2908
"2026-09-09 18:00:00","2026-09-10 09:00:00","CAPE","surface",-72.0787,17.138,2912
"2026-09-09 18:00:00","2026-09-10 09:00:00","CAPE","surface",-72.0548,17.138,2935
"2026-09-09 18:00:00","2026-09-10 09:00:00","CAPE","surface",-72.0309,17.138,2945
"2026-09-09 18:00:00","2026-09-10 09:00:00","CAPE","surface",-72.0069,17.138,2929
"2026-09-09 18:00:00","2026-09-10 09:00:00","CAPE","surface",-71.983,17.138,2902
"2026-09-09 18:00:00","2026-09-10 09:00:00","CAPE","surface",-71.9591,17.138,2903
"2026-09-09 18:00:00","2026-09-10 09:00:00","CAPE","surface",-71.9352,17.138,2918
"2026-09-09 18:00:00","2026-09-10 09:00:00","CAPE","surface",-71.9112,17.138,2958
"2026-09-09 18:00:00","2026-09-10 09:00:00","CAPE","surface",-71.8873,17.138,2998
"2026-09-09 18:00:00","2026-09-10 09:00:00","CAPE","surface",-71.8634,17.138,2998
"2026-09-09 18:00:00","2026-09-10 09:00:00","CAPE","surface",-71.8395,17.138,3020
"2026-09-09 18:00:00","2026-09-10 09:00:00","CAPE","surface",-71.8155,17.138,3159
"2026-09-09 18:00:00","2026-09-10 09:00:00","CAPE","surface",-71.7916,17.138,3200
"2026-09-09 18:00:00","2026-09-10 09:00:00","CAPE","surface",-71.7677,17.138,3248
"2026-09-09 18:00:00","2026-09-10 09:00:00","CAPE","surface",-71.7438,17.138,3200
"2026-09-09 18:00:00","2026-09-10 09:00:00","CAPE","surface",-71.7198,17.138,3217
"2026-09-09 18:00:00","2026-09-10 09:00:00","CAPE","surface",-71.6959,17.138,3074
"2026-09-09 18:00:00","2026-09-10 09:00:00","CAPE","surface",-71.672,17.138,2911
"2026-09-09 18:00:00","2026-09-10 09:00:00","CAPE","surface",-71.6481,17.138,2691
"2026-09-09 18:00:00","2026-09-10 09:00:00","CAPE","surface",-71.6241,17.138,2645
"2026-09-09 18:00:00","2026-09-10 09:00:00","CAPE","surface",-71.6002,17.138,2571
"2026-09-09 18:00:00","2026-09-10 09:00:00","CAPE","surface",-71.5763,17.138,2589
"2026-09-09 18:00:00","2026-09-10 09:00:00","CAPE","surface",-71.5524,17.138,2599
"2026-09-09 18:00:00","2026-09-10 09:00:00","CAPE","surface",-71.5284,17.138,2592
"2026-09-09 18:00:00","2026-09-10 09:00:00","CAPE","surface",-71.5045,17.138,2523
"2026-09-09 18:00:00","2026-09-10 09:00:00","CAPE","surface",-71.4806,17.138,2528
"2026-09-09 18:00:00","2026-09-10 09:00:00","CAPE","surface",-71.4567,17.138,2528
"2026-09-09 18:00:00","2026-09-10 09:00:00","CAPE","surface",-71.4327,17.138,2496
"2026-09-09 18:00:00","2026-09-10 09:00:00","CAPE","surface",-71.4088,17.138,2476
"2026-09-09 18:00:00","2026-09-10 09:00:00","CAPE","surface",-71.3849,17.138,2409
"2026-09-09 18:00:00","2026-09-10 09:00:00","CAPE","surface",-71.361,17.138,2438
"2026-09-09 18:00:00","2026-09-10 09:00:00","CAPE","surface",-71.337,17.138,2380
"2026-09-09 18:00:00","2026-09-10 09:00:00","CAPE","surface",-71.3131,17.138,2354
"2026-09-09 18:00:00","2026-09-10 09:00:00","CAPE","surface",-71.2892,17.138,2320
"2026-09-09 18:00:00","2026-09-10 09:00:00","CAPE","surface",-71.2653,17.138,2321
"2026-09-09 18:00:00","2026-09-10 09:00:00","CAPE","surface",-71.2413,17.138,2321
"2026-09-09 18:00:00","2026-09-10 09:00:00","CAPE","surface",-71.2174,17.138,2384
"2026-09-09 18:00:00","2026-09-10 09:00:00","CAPE","surface",-71.1935,17.138,2437
"2026-09-09 18:00:00","2026-09-10 09:00:00","CAPE","surface",-71.1696,17.138,2418
"2026-09-09 18:00:00","2026-09-10 09:00:00","CAPE","surface",-71.1456,17.138,2442
"2026-09-09 18:00:00","2026-09-10 09:00:00","CAPE","surface",-71.1217,17.138,2442
"2026-09-09 18:00:00","2026-09-10 09:00:00","CAPE","surface",-71.0978,17.138,2444
"2026-09-09 18:00:00","2026-09-10 09:00:00","CAPE","surface",-71.0739,17.138,2414
"2026-09-09 18:00:00","2026-09-10 09:00:00","CAPE","surface",-71.0499,17.138,2426
"2026-09-09 18:00:00","2026-09-10 09:00:00","CAPE","surface",-71.026,17.138,2388
"2026-09-09 18:00:00","2026-09-10 09:00:00","CAPE","surface",-71.0021,17.138,2461
"2026-09-09 18:00:00","2026-09-10 09:00:00","CAPE","surface",-70.9782,17.138,2464
"2026-09-09 18:00:00","2026-09-10 09:00:00","CAPE","surface",-70.9542,17.138,2473
"2026-09-09 18:00:00","2026-09-10 09:00:00","CAPE","surface",-70.9303,17.138,2535
"2026-09-09 18:00:00","2026-09-10 09:00:00","CAPE","surface",-70.9064,17.138,2537
"2026-09-09 18:00:00","2026-09-10 09:00:00","CAPE","surface",-70.8825,17.138,2537
"2026-09-09 18:00:00","2026-09-10 09:00:00","CAPE","surface",-70.8585,17.138,2560
"2026-09-09 18:00:00","2026-09-10 09:00:00","CAPE","surface",-70.8346,17.138,2555
"2026-09-09 18:00:00","2026-09-10 09:00:00","CAPE","surface",-70.8107,17.138,2552
"2026-09-09 18:00:00","2026-09-10 09:00:00","CAPE","surface",-70.7868,17.138,2535
"2026-09-09 18:00:00","2026-09-10 09:00:00","CAPE","surface",-70.7628,17.138,2535
"2026-09-09 18:00:00","2026-09-10 09:00:00","CAPE","surface",-70.7389,17.138,2516
"2026-09-09 18:00:00","2026-09-10 09:00:00","CAPE","surface",-70.715,17.138,2609
"2026-09-09 18:00:00","2026-09-10 09:00:00","CAPE","surface",-70.6911,17.138,2648
"2026-09-09 18:00:00","2026-09-10 09:00:00","CAPE","surface",-70.6671,17.138,2661
"2026-09-09 18:00:00","2026-09-10 09:00:00","CAPE","surface",-70.6432,17.138,2661
"2026-09-09 18:00:00","2026-09-10 09:00:00","CAPE","surface",-70.6193,17.138,2613
"2026-09-09 18:00:00","2026-09-10 09:00:00","CAPE","surface",-70.5954,17.138,2103
"2026-09-09 18:00:00","2026-09-10 09:00:00","CAPE","surface",-70.5714,17.138,1603
"2026-09-09 18:00:00","2026-09-10 09:00:00","CAPE","surface",-70.5475,17.138,1406
"2026-09-09 18:00:00","2026-09-10 09:00:00","CAPE","surface",-70.5236,17.138,1578
"2026-09-09 18:00:00","2026-09-10 09:00:00","CAPE","surface",-70.4997,17.138,1664
"2026-09-09 18:00:00","2026-09-10 09:00:00","CAPE","surface",-70.4757,17.138,1533
"2026-09-09 18:00:00","2026-09-10 09:00:00","CAPE","surface",-70.4518,17.138,1423
"2026-09-09 18:00:00","2026-09-10 09:00:00","CAPE","surface",-70.4279,17.138,1333
"2026-09-09 18:00:00","2026-09-10 09:00:00","CAPE","surface",-70.404,17.138,1490
"2026-09-09 18:00:00","2026-09-10 09:00:00","CAPE","surface",-70.38,17.138,1478
"2026-09-09 18:00:00","2026-09-10 09:00:00","CAPE","surface",-70.3561,17.138,1597
"2026-09-09 18:00:00","2026-09-10 09:00:00","CAPE","surface",-70.3322,17.138,1693
"2026-09-09 18:00:00","2026-09-10 09:00:00","CAPE","surface",-70.3083,17.138,1849
"2026-09-09 18:00:00","2026-09-10 09:00:00","CAPE","surface",-70.2843,17.138,1816
"2026-09-09 18:00:00","2026-09-10 09:00:00","CAPE","surface",-70.2604,17.138,2007
"2026-09-09 18:00:00","2026-09-10 09:00:00","CAPE","surface",-70.2365,17.138,2238
"2026-09-09 18:00:00","2026-09-10 09:00:00","CAPE","surface",-70.2126,17.138,2331
"2026-09-09 18:00:00","2026-09-10 09:00:00","CAPE","surface",-70.1886,17.138,2428
"2026-09-09 18:00:00","2026-09-10 09:00:00","CAPE","surface",-70.1647,17.138,2428
"2026-09-09 18:00:00","2026-09-10 09:00:00","CAPE","surface",-70.1408,17.138,2473
"2026-09-09 18:00:00","2026-09-10 09:00:00","CAPE","surface",-70.1169,17.138,2513
"2026-09-09 18:00:00","2026-09-10 09:00:00","CAPE","surface",-70.0929,17.138,2494
"2026-09-09 18:00:00","2026-09-10 09:00:00","CAPE","surface",-70.069,17.138,2442
"2026-09-09 18:00:00","2026-09-10 09:00:00","CAPE","surface",-70.0451,17.138,2528
"2026-09-09 18:00:00","2026-09-10 09:00:00","CAPE","surface",-70.0212,17.138,2594
"2026-09-09 18:00:00","2026-09-10 09:00:00","CAPE","surface",-69.9972,17.138,2773
"2026-09-09 18:00:00","2026-09-10 09:00:00","CAPE","surface",-69.9733,17.138,2849
"2026-09-09 18:00:00","2026-09-10 09:00:00","CAPE","surface",-69.9494,17.138,2849
"2026-09-09 18:00:00","2026-09-10 09:00:00","CAPE","surface",-69.9255,17.138,2903
"2026-09-09 18:00:00","2026-09-10 09:00:00","CAPE","surface",-69.9015,17.138,2870
"2026-09-09 18:00:00","2026-09-10 09:00:00","CAPE","surface",-69.8776,17.138,2574
"2026-09-09 18:00:00","2026-09-10 09:00:00","CAPE","surface",-69.8537,17.138,2408
"2026-09-09 18:00:00","2026-09-10 09:00:00","CAPE","surface",-69.8298,17.138,2408
"2026-09-09 18:00:00","2026-09-10 09:00:00","CAPE","surface",-69.8058,17.138,2436
"2026-09-09 18:00:00","2026-09-10 09:00:00","CAPE","surface",-69.7819,17.138,2465
"2026-09-09 18:00:00","2026-09-10 09:00:00","CAPE","surface",-69.758,17.138,2486
"2026-09-09 18:00:00","2026-09-10 09:00:00","CAPE","surface",-69.7341,17.138,2514
"2026-09-09 18:00:00","2026-09-10 09:00:00","CAPE","surface",-69.7101,17.138,2605
"2026-09-09 18:00:00","2026-09-10 09:00:00","CAPE","surface",-69.6862,17.138,2724
"2026-09-09 18:00:00","2026-09-10 09:00:00","CAPE","surface",-69.6623,17.138,2765
"2026-09-09 18:00:00","2026-09-10 09:00:00","CAPE","surface",-69.6384,17.138,2931
"2026-09-09 18:00:00","2026-09-10 09:00:00","CAPE","surface",-69.6144,17.138,2931
"2026-09-09 18:00:00","2026-09-10 09:00:00","CAPE","surface",-69.5905,17.138,3031
"2026-09-09 18:00:00","2026-09-10 09:00:00","CAPE","surface",-69.5666,17.138,3086
"2026-09-09 18:00:00","2026-09-10 09:00:00","CAPE","surface",-69.5427,17.138,3167
"2026-09-09 18:00:00","2026-09-10 09:00:00","CAPE","surface",-69.5187,17.138,3231
"2026-09-09 18:00:00","2026-09-10 09:00:00","CAPE","surface",-69.4948,17.138,3227
"2026-09-09 18:00:00","2026-09-10 09:00:00","CAPE","surface",-69.4709,17.138,3274
"2026-09-09 18:00:00","2026-09-10 09:00:00","CAPE","surface",-69.447,17.138,3359
"2026-09-09 18:00:00","2026-09-10 09:00:00","CAPE","surface",-69.423,17.138,3428
"2026-09-09 18:00:00","2026-09-10 09:00:00","CAPE","surface",-69.3991,17.138,3513
"2026-09-09 18:00:00","2026-09-10 09:00:00","CAPE","surface",-69.3752,17.138,3236
"2026-09-09 18:00:00","2026-09-10 09:00:00","CAPE","surface",-69.3513,17.138,3255
"2026-09-09 18:00:00","2026-09-10 09:00:00","CAPE","surface",-69.3273,17.138,2780
"2026-09-09 18:00:00","2026-09-10 09:00:00","CAPE","surface",-69.3034,17.138,2652
"2026-09-09 18:00:00","2026-09-10 09:00:00","CAPE","surface",-69.2795,17.138,2652
"2026-09-09 18:00:00","2026-09-10 09:00:00","CAPE","surface",-69.2556,17.138,2721
"2026-09-09 18:00:00","2026-09-10 09:00:00","CAPE","surface",-69.2316,17.138,2743
"2026-09-09 18:00:00","2026-09-10 09:00:00","CAPE","surface",-69.2077,17.138,2518
"2026-09-09 18:00:00","2026-09-10 09:00:00","CAPE","surface",-69.1838,17.138,2534
"2026-09-09 18:00:00","2026-09-10 09:00:00","CAPE","surface",-69.1599,17.138,2279
"2026-09-09 18:00:00","2026-09-10 09:00:00","CAPE","surface",-69.1359,17.138,2327
"2026-09-09 18:00:00","2026-09-10 09:00:00","CAPE","surface",-69.112,17.138,2331
"2026-09-09 18:00:00","2026-09-10 09:00:00","CAPE","surface",-69.0881,17.138,2493
"2026-09-09 18:00:00","2026-09-10 09:00:00","CAPE","surface",-69.0642,17.138,2641
"2026-09-09 18:00:00","2026-09-10 09:00:00","CAPE","surface",-69.0402,17.138,2645
"2026-09-09 18:00:00","2026-09-10 09:00:00","CAPE","surface",-69.0163,17.138,2736
"2026-09-09 18:00:00","2026-09-10 09:00:00","CAPE","surface",-68.9924,17.138,2829
"2026-09-09 18:00:00","2026-09-10 09:00:00","CAPE","surface",-68.9685,17.138,2816
"2026-09-09 18:00:00","2026-09-10 09:00:00","CAPE","surface",-68.9445,17.138,2920
"2026-09-09 18:00:00","2026-09-10 09:00:00","CAPE","surface",-68.9206,17.138,2899
"2026-09-09 18:00:00","2026-09-10 09:00:00","CAPE","surface",-68.8967,17.138,2836
"2026-09-09 18:00:00","2026-09-10 09:00:00","CAPE","surface",-68.8728,17.138,2900
"2026-09-09 18:00:00","2026-09-10 09:00:00","CAPE","surface",-68.8488,17.138,2941
"2026-09-09 18:00:00","2026-09-10 09:00:00","CAPE","surface",-68.8249,17.138,3014
"2026-09-09 18:00:00","2026-09-10 09:00:00","CAPE","surface",-68.801,17.138,3012
"2026-09-09 18:00:00","2026-09-10 09:00:00","CAPE","surface",-68.7771,17.138,3049
"2026-09-09 18:00:00","2026-09-10 09:00:00","CAPE","surface",-68.7531,17.138,3084
"2026-09-09 18:00:00","2026-09-10 09:00:00","CAPE","surface",-68.7292,17.138,3084
"2026-09-09 18:00:00","2026-09-10 09:00:00","CAPE","surface",-68.7053,17.138,3131
"2026-09-09 18:00:00","2026-09-10 09:00:00","CAPE","surface",-68.6813,17.138,3137
"2026-09-09 18:00:00","2026-09-10 09:00:00","CAPE","surface",-68.6574,17.138,3191
"2026-09-09 18:00:00","2026-09-10 09:00:00","CAPE","surface",-68.6335,17.138,3167
"2026-09-09 18:00:00","2026-09-10 09:00:00","CAPE","surface",-68.6096,17.138,3200
"2026-09-09 18:00:00","2026-09-10 09:00:00","CAPE","surface",-68.5856,17.138,3255
"2026-09-09 18:00:00","2026-09-10 09:00:00","CAPE","surface",-68.5617,17.138,3352
"2026-09-09 18:00:00","2026-09-10 09:00:00","CAPE","surface",-68.5378,17.138,3429
"2026-09-09 18:00:00","2026-09-10 09:00:00","CAPE","surface",-68.5139,17.138,3429
"2026-09-09 18:00:00","2026-09-10 09:00:00","CAPE","surface",-68.4899,17.138,3331
"2026-09-09 18:00:00","2026-09-10 09:00:00","CAPE","surface",-68.466,17.138,3184
"2026-09-09 18:00:00","2026-09-10 09:00:00","CAPE","surface",-68.4421,17.138,3118
"2026-09-09 18:00:00","2026-09-10 09:00:00","CAPE","surface",-68.4182,17.138,3319
"2026-09-09 18:00:00","2026-09-10 09:00:00","CAPE","surface",-68.3942,17.138,3319
"2026-09-09 18:00:00","2026-09-10 09:00:00","CAPE","surface",-68.3703,17.138,3370
"2026-09-09 18:00:00","2026-09-10 09:00:00","CAPE","surface",-68.3464,17.138,3337
"2026-09-09 18:00:00","2026-09-10 09:00:00","CAPE","surface",-68.3225,17.138,3394
"2026-09-09 18:00:00","2026-09-10 09:00:00","CAPE","surface",-68.2985,17.138,3394
"2026-09-09 18:00:00","2026-09-10 09:00:00","CAPE","surface",-68.2746,17.138,3361
"2026-09-09 18:00:00","2026-09-10 09:00:00","CAPE","surface",-68.2507,17.138,2939
"2026-09-09 18:00:00","2026-09-10 09:00:00","CAPE","surface",-68.2268,17.138,2781
"2026-09-09 18:00:00","2026-09-10 09:00:00","CAPE","surface",-68.2028,17.138,2632
"2026-09-09 18:00:00","2026-09-10 09:00:00","CAPE","surface",-68.1789,17.138,2632
"2026-09-09 18:00:00","2026-09-10 09:00:00","CAPE","surface",-68.155,17.138,2496
"2026-09-09 18:00:00","2026-09-10 09:00:00","CAPE","surface",-68.1311,17.138,2284
"2026-09-09 18:00:00","2026-09-10 09:00:00","CAPE","surface",-68.1071,17.138,1677
"2026-09-09 18:00:00","2026-09-10 09:00:00","CAPE","surface",-68.0832,17.138,1328
"2026-09-09 18:00:00","2026-09-10 09:00:00","CAPE","surface",-68.0593,17.138,1271
"2026-09-09 18:00:00","2026-09-10 09:00:00","CAPE","surface",-68.0354,17.138,1083
"2026-09-09 18:00:00","2026-09-10 09:00:00","CAPE","surface",-68.0114,17.138,1199
"2026-09-09 18:00:00","2026-09-10 09:00:00","CAPE","surface",-67.9875,17.138,1161
"2026-09-09 18:00:00","2026-09-10 09:00:00","CAPE","surface",-67.9636,17.138,1476
"2026-09-09 18:00:00","2026-09-10 09:00:00","CAPE","surface",-67.9397,17.138,1889
"2026-09-09 18:00:00","2026-09-10 09:00:00","CAPE","surface",-67.9157,17.138,2219
"2026-09-09 18:00:00","2026-09-10 09:00:00","CAPE","surface",-67.8918,17.138,2370
"2026-09-09 18:00:00","2026-09-10 09:00:00","CAPE","surface",-67.8679,17.138,2413
"2026-09-09 18:00:00","2026-09-10 09:00:00","CAPE","surface",-67.844,17.138,2489
"2026-09-09 18:00:00","2026-09-10 09:00:00","CAPE","surface",-67.82,17.138,2578
"2026-09-09 18:00:00","2026-09-10 09:00:00","CAPE","surface",-67.7961,17.138,2640
"2026-09-09 18:00:00","2026-09-10 09:00:00","CAPE","surface",-67.7722,17.138,2623
"2026-09-09 18:00:00","2026-09-10 09:00:00","CAPE","surface",-67.7483,17.138,2672
"2026-09-09 18:00:00","2026-09-10 09:00:00","CAPE","surface",-67.7243,17.138,2744
"2026-09-09 18:00:00","2026-09-10 09:00:00","CAPE","surface",-67.7004,17.138,2753
"2026-09-09 18:00:00","2026-09-10 09:00:00","CAPE","surface",-67.6765,17.138,2883
"2026-09-09 18:00:00","2026-09-10 09:00:00","CAPE","surface",-67.6526,17.138,2947
"2026-09-09 18:00:00","2026-09-10 09:00:00","CAPE","surface",-67.6286,17.138,3135
"2026-09-09 18:00:00","2026-09-10 09:00:00","CAPE","surface",-67.6047,17.138,3293
"2026-09-09 18:00:00","2026-09-10 09:00:00","CAPE","surface",-67.5808,17.138,3235
"2026-09-09 18:00:00","2026-09-10 09:00:00","CAPE","surface",-67.5569,17.138,3235
"2026-09-09 18:00:00","2026-09-10 09:00:00","CAPE","surface",-67.5329,17.138,2990
"2026-09-09 18:00:00","2026-09-10 09:00:00","CAPE","surface",-67.509,17.138,2795
"2026-09-09 18:00:00","2026-09-10 09:00:00","CAPE","surface",-67.4851,17.138,2720
"2026-09-09 18:00:00","2026-09-10 09:00:00","CAPE","surface",-67.4612,17.138,2720
"2026-09-09 18:00:00","2026-09-10 09:00:00","CAPE","surface",-67.4372,17.138,2757
"2026-09-09 18:00:00","2026-09-10 09:00:00","CAPE","surface",-67.4133,17.138,2909
"2026-09-09 18:00:00","2026-09-10 09:00:00","CAPE","surface",-67.3894,17.138,3048
"2026-09-09 18:00:00","2026-09-10 09:00:00","CAPE","surface",-67.3655,17.138,3156
"2026-09-09 18:00:00","2026-09-10 09:00:00","CAPE","surface",-67.3415,17.138,3305
"2026-09-09 18:00:00","2026-09-10 09:00:00","CAPE","surface",-67.3176,17.138,3268
"2026-09-09 18:00:00","2026-09-10 09:00:00","CAPE","surface",-67.2937,17.138,3226
"2026-09-09 18:00:00","2026-09-10 09:00:00","CAPE","surface",-67.2698,17.138,3212
"2026-09-09 18:00:00","2026-09-10 09:00:00","CAPE","surface",-67.2458,17.138,3143
"2026-09-09 18:00:00","2026-09-10 09:00:00","CAPE","surface",-67.2219,17.138,3129
"2026-09-09 18:00:00","2026-09-10 09:00:00","CAPE","surface",-67.198,17.138,3142
"2026-09-09 18:00:00","2026-09-10 09:00:00","CAPE","surface",-67.1741,17.138,3126
"2026-09-09 18:00:00","2026-09-10 09:00:00","CAPE","surface",-67.1501,17.138,3099
"2026-09-09 18:00:00","2026-09-10 09:00:00","CAPE","surface",-67.1262,17.138,2944
"2026-09-09 18:00:00","2026-09-10 09:00:00","CAPE","surface",-67.1023,17.138,2937
"2026-09-09 18:00:00","2026-09-10 09:00:00","CAPE","surface",-67.0784,17.138,2875
"2026-09-09 18:00:00","2026-09-10 09:00:00","CAPE","surface",-67.0544,17.138,2875
"2026-09-09 18:00:00","2026-09-10 09:00:00","CAPE","surface",-67.0305,17.138,2833
"2026-09-09 18:00:00","2026-09-10 09:00:00","CAPE","surface",-67.0066,17.138,2831
"2026-09-09 18:00:00","2026-09-10 09:00:00","CAPE","surface",-74.7822,17.1608,2495
"2026-09-09 18:00:00","2026-09-10 09:00:00","CAPE","surface",-74.7583,17.1608,2560
"2026-09-09 18:00:00","2026-09-10 09:00:00","CAPE","surface",-74.7344,17.1608,2691
"2026-09-09 18:00:00","2026-09-10 09:00:00","CAPE","surface",-74.7105,17.1608,2621
"2026-09-09 18:00:00","2026-09-10 09:00:00","CAPE","surface",-74.6865,17.1608,2700
"2026-09-09 18:00:00","2026-09-10 09:00:00","CAPE","surface",-74.6626,17.1608,2663
"2026-09-09 18:00:00","2026-09-10 09:00:00","CAPE","surface",-74.6387,17.1608,2807
"2026-09-09 18:00:00","2026-09-10 09:00:00","CAPE","surface",-74.6148,17.1608,2657
"2026-09-09 18:00:00","2026-09-10 09:00:00","CAPE","surface",-74.5908,17.1608,2757
"2026-09-09 18:00:00","2026-09-10 09:00:00","CAPE","surface",-74.5669,17.1608,2641
"2026-09-09 18:00:00","2026-09-10 09:00:00","CAPE","surface",-74.543,17.1608,2641
"2026-09-09 18:00:00","2026-09-10 09:00:00","CAPE","surface",-74.5191,17.1608,2559
"2026-09-09 18:00:00","2026-09-10 09:00:00","CAPE","surface",-74.4951,17.1608,2356
"2026-09-09 18:00:00","2026-09-10 09:00:00","CAPE","surface",-74.4712,17.1608,2166
"2026-09-09 18:00:00","2026-09-10 09:00:00","CAPE","surface",-74.4473,17.1608,2074
"2026-09-09 18:00:00","2026-09-10 09:00:00","CAPE","surface",-74.4234,17.1608,2112
"2026-09-09 18:00:00","2026-09-10 09:00:00","CAPE","surface",-74.3994,17.1608,2117
"2026-09-09 18:00:00","2026-09-10 09:00:00","CAPE","surface",-74.3755,17.1608,2287
"2026-09-09 18:00:00","2026-09-10 09:00:00","CAPE","surface",-74.3516,17.1608,2505
"2026-09-09 18:00:00","2026-09-10 09:00:00","CAPE","surface",-74.3277,17.1608,2540
"2026-09-09 18:00:00","2026-09-10 09:00:00","CAPE","surface",-74.3037,17.1608,2599
"2026-09-09 18:00:00","2026-09-10 09:00:00","CAPE","surface",-74.2798,17.1608,2481
"2026-09-09 18:00:00","2026-09-10 09:00:00","CAPE","surface",-74.2559,17.1608,2405
"2026-09-09 18:00:00","2026-09-10 09:00:00","CAPE","surface",-74.232,17.1608,2321
"2026-09-09 18:00:00","2026-09-10 09:00:00","CAPE","surface",-74.208,17.1608,2085
"2026-09-09 18:00:00","2026-09-10 09:00:00","CAPE","surface",-74.1841,17.1608,2133
"2026-09-09 18:00:00","2026-09-10 09:00:00","CAPE","surface",-74.1602,17.1608,2103
"2026-09-09 18:00:00","2026-09-10 09:00:00","CAPE","surface",-74.1363,17.1608,2109
"2026-09-09 18:00:00","2026-09-10 09:00:00","CAPE","surface",-74.1123,17.1608,2146
"2026-09-09 18:00:00","2026-09-10 09:00:00","CAPE","surface",-74.0884,17.1608,2161
"2026-09-09 18:00:00","2026-09-10 09:00:00","CAPE","surface",-74.0645,17.1608,2345
"2026-09-09 18:00:00","2026-09-10 09:00:00","CAPE","surface",-74.0406,17.1608,2405
"2026-09-09 18:00:00","2026-09-10 09:00:00","CAPE","surface",-74.0166,17.1608,2464
"2026-09-09 18:00:00","2026-09-10 09:00:00","CAPE","surface",-73.9927,17.1608,2511
"2026-09-09 18:00:00","2026-09-10 09:00:00","CAPE","surface",-73.9688,17.1608,2358
"2026-09-09 18:00:00","2026-09-10 09:00:00","CAPE","surface",-73.9449,17.1608,2318
"2026-09-09 18:00:00","2026-09-10 09:00:00","CAPE","surface",-73.9209,17.1608,2389
"2026-09-09 18:00:00","2026-09-10 09:00:00","CAPE","surface",-73.897,17.1608,2338
"2026-09-09 18:00:00","2026-09-10 09:00:00","CAPE","surface",-73.8731,17.1608,2373
"2026-09-09 18:00:00","2026-09-10 09:00:00","CAPE","surface",-73.8492,17.1608,2256
"2026-09-09 18:00:00","2026-09-10 09:00:00","CAPE","surface",-73.8252,17.1608,2256
"2026-09-09 18:00:00","2026-09-10 09:00:00","CAPE","surface",-73.8013,17.1608,2190
"2026-09-09 18:00:00","2026-09-10 09:00:00","CAPE","surface",-73.7774,17.1608,2191
"2026-09-09 18:00:00","2026-09-10 09:00:00","CAPE","surface",-73.7535,17.1608,2160
"2026-09-09 18:00:00","2026-09-10 09:00:00","CAPE","surface",-73.7295,17.1608,2270
"2026-09-09 18:00:00","2026-09-10 09:00:00","CAPE","surface",-73.7056,17.1608,2275
"2026-09-09 18:00:00","2026-09-10 09:00:00","CAPE","surface",-73.6817,17.1608,2275
"2026-09-09 18:00:00","2026-09-10 09:00:00","CAPE","surface",-73.6578,17.1608,2259
"2026-09-09 18:00:00","2026-09-10 09:00:00","CAPE","surface",-73.6338,17.1608,2285
"2026-09-09 18:00:00","2026-09-10 09:00:00","CAPE","surface",-73.6099,17.1608,2313
"2026-09-09 18:00:00","2026-09-10 09:00:00","CAPE","surface",-73.586,17.1608,2378
"2026-09-09 18:00:00","2026-09-10 09:00:00","CAPE","surface",-73.5621,17.1608,2486
"2026-09-09 18:00:00","2026-09-10 09:00:00","CAPE","surface",-73.5381,17.1608,2577
"2026-09-09 18:00:00","2026-09-10 09:00:00","CAPE","surface",-73.5142,17.1608,2566
"2026-09-09 18:00:00","2026-09-10 09:00:00","CAPE","surface",-73.4903,17.1608,2714
"2026-09-09 18:00:00","2026-09-10 09:00:00","CAPE","surface",-73.4664,17.1608,2656
"2026-09-09 18:00:00","2026-09-10 09:00:00","CAPE","surface",-73.4424,17.1608,2744
"2026-09-09 18:00:00","2026-09-10 09:00:00","CAPE","surface",-73.4185,17.1608,2681
"2026-09-09 18:00:00","2026-09-10 09:00:00","CAPE","surface",-73.3946,17.1608,2862
"2026-09-09 18:00:00","2026-09-10 09:00:00","CAPE","surface",-73.3707,17.1608,2794
"2026-09-09 18:00:00","2026-09-10 09:00:00","CAPE","surface",-73.3467,17.1608,2943
"2026-09-09 18:00:00","2026-09-10 09:00:00","CAPE","surface",-73.3228,17.1608,2793
"2026-09-09 18:00:00","2026-09-10 09:00:00","CAPE","surface",-73.2989,17.1608,2521
"2026-09-09 18:00:00","2026-09-10 09:00:00","CAPE","surface",-73.275,17.1608,2320
"2026-09-09 18:00:00","2026-09-10 09:00:00","CAPE","surface",-73.251,17.1608,2292
"2026-09-09 18:00:00","2026-09-10 09:00:00","CAPE","surface",-73.2271,17.1608,2255
"2026-09-09 18:00:00","2026-09-10 09:00:00","CAPE","surface",-73.2032,17.1608,2265
"2026-09-09 18:00:00","2026-09-10 09:00:00","CAPE","surface",-73.1793,17.1608,2277
"2026-09-09 18:00:00","2026-09-10 09:00:00","CAPE","surface",-73.1553,17.1608,2281
"2026-09-09 18:00:00","2026-09-10 09:00:00","CAPE","surface",-73.1314,17.1608,2277
"2026-09-09 18:00:00","2026-09-10 09:00:00","CAPE","surface",-73.1075,17.1608,2243
"2026-09-09 18:00:00","2026-09-10 09:00:00","CAPE","surface",-73.0836,17.1608,2257
"2026-09-09 18:00:00","2026-09-10 09:00:00","CAPE","surface",-73.0596,17.1608,2289
"2026-09-09 18:00:00","2026-09-10 09:00:00","CAPE","surface",-73.0357,17.1608,2386
"2026-09-09 18:00:00","2026-09-10 09:00:00","CAPE","surface",-73.0118,17.1608,2457
"2026-09-09 18:00:00","2026-09-10 09:00:00","CAPE","surface",-72.9879,17.1608,2307
"2026-09-09 18:00:00","2026-09-10 09:00:00","CAPE","surface",-72.9639,17.1608,2402
"2026-09-09 18:00:00","2026-09-10 09:00:00","CAPE","surface",-72.94,17.1608,2332
"2026-09-09 18:00:00","2026-09-10 09:00:00","CAPE","surface",-72.9161,17.1608,2401
"2026-09-09 18:00:00","2026-09-10 09:00:00","CAPE","surface",-72.8922,17.1608,2335
"2026-09-09 18:00:00","2026-09-10 09:00:00","CAPE","surface",-72.8682,17.1608,2379
"2026-09-09 18:00:00","2026-09-10 09:00:00","CAPE","surface",-72.8443,17.1608,2344
"2026-09-09 18:00:00","2026-09-10 09:00:00","CAPE","surface",-72.8204,17.1608,2364
"2026-09-09 18:00:00","2026-09-10 09:00:00","CAPE","surface",-72.7965,17.1608,2363
"2026-09-09 18:00:00","2026-09-10 09:00:00","CAPE","surface",-72.7725,17.1608,2440
"2026-09-09 18:00:00","2026-09-10 09:00:00","CAPE","surface",-72.7486,17.1608,2435
"2026-09-09 18:00:00","2026-09-10 09:00:00","CAPE","surface",-72.7247,17.1608,2670
"2026-09-09 18:00:00","2026-09-10 09:00:00","CAPE","surface",-72.7008,17.1608,2660
"2026-09-09 18:00:00","2026-09-10 09:00:00","CAPE","surface",-72.6768,17.1608,2842
"2026-09-09 18:00:00","2026-09-10 09:00:00","CAPE","surface",-72.6529,17.1608,2824
"2026-09-09 18:00:00","2026-09-10 09:00:00","CAPE","surface",-72.629,17.1608,2822
"2026-09-09 18:00:00","2026-09-10 09:00:00","CAPE","surface",-72.6051,17.1608,2836
"2026-09-09 18:00:00","2026-09-10 09:00:00","CAPE","surface",-72.5811,17.1608,2787
"2026-09-09 18:00:00","2026-09-10 09:00:00","CAPE","surface",-72.5572,17.1608,2833
"2026-09-09 18:00:00","2026-09-10 09:00:00","CAPE","surface",-72.5333,17.1608,2796
"2026-09-09 18:00:00","2026-09-10 09:00:00","CAPE","surface",-72.5094,17.1608,2832
"2026-09-09 18:00:00","2026-09-10 09:00:00","CAPE","surface",-72.4854,17.1608,2786
"2026-09-09 18:00:00","2026-09-10 09:00:00","CAPE","surface",-72.4615,17.1608,2761
"2026-09-09 18:00:00","2026-09-10 09:00:00","CAPE","surface",-72.4376,17.1608,2775
"2026-09-09 18:00:00","2026-09-10 09:00:00","CAPE","surface",-72.4137,17.1608,2754
"2026-09-09 18:00:00","2026-09-10 09:00:00","CAPE","surface",-72.3897,17.1608,2773
"2026-09-09 18:00:00","2026-09-10 09:00:00","CAPE","surface",-72.3658,17.1608,2761
"2026-09-09 18:00:00","2026-09-10 09:00:00","CAPE","surface",-72.3419,17.1608,2805
"2026-09-09 18:00:00","2026-09-10 09:00:00","CAPE","surface",-72.318,17.1608,2762
"2026-09-09 18:00:00","2026-09-10 09:00:00","CAPE","surface",-72.294,17.1608,2818
"2026-09-09 18:00:00","2026-09-10 09:00:00","CAPE","surface",-72.2701,17.1608,2847
"2026-09-09 18:00:00","2026-09-10 09:00:00","CAPE","surface",-72.2462,17.1608,2866
"2026-09-09 18:00:00","2026-09-10 09:00:00","CAPE","surface",-72.2223,17.1608,2866
"2026-09-09 18:00:00","2026-09-10 09:00:00","CAPE","surface",-72.1983,17.1608,2866
"2026-09-09 18:00:00","2026-09-10 09:00:00","CAPE","surface",-72.1744,17.1608,2880
"2026-09-09 18:00:00","2026-09-10 09:00:00","CAPE","surface",-72.1505,17.1608,2902
"2026-09-09 18:00:00","2026-09-10 09:00:00","CAPE","surface",-72.1266,17.1608,2909
"2026-09-09 18:00:00","2026-09-10 09:00:00","CAPE","surface",-72.1026,17.1608,2910
"2026-09-09 18:00:00","2026-09-10 09:00:00","CAPE","surface",-72.0787,17.1608,2910
"2026-09-09 18:00:00","2026-09-10 09:00:00","CAPE","surface",-72.0548,17.1608,2918
"2026-09-09 18:00:00","2026-09-10 09:00:00","CAPE","surface",-72.0309,17.1608,2934
"2026-09-09 18:00:00","2026-09-10 09:00:00","CAPE","surface",-72.0069,17.1608,2912
"2026-09-09 18:00:00","2026-09-10 09:00:00","CAPE","surface",-71.983,17.1608,2902
"2026-09-09 18:00:00","2026-09-10 09:00:00","CAPE","surface",-71.9591,17.1608,2905
"2026-09-09 18:00:00","2026-09-10 09:00:00","CAPE","surface",-71.9352,17.1608,2905
"2026-09-09 18:00:00","2026-09-10 09:00:00","CAPE","surface",-71.9112,17.1608,2912
"2026-09-09 18:00:00","2026-09-10 09:00:00","CAPE","surface",-71.8873,17.1608,2934
"2026-09-09 18:00:00","2026-09-10 09:00:00","CAPE","surface",-71.8634,17.1608,2895
"2026-09-09 18:00:00","2026-09-10 09:00:00","CAPE","surface",-71.8395,17.1608,2917
"2026-09-09 18:00:00","2026-09-10 09:00:00","CAPE","surface",-71.8155,17.1608,2917
"2026-09-09 18:00:00","2026-09-10 09:00:00","CAPE","surface",-71.7916,17.1608,2981
"2026-09-09 18:00:00","2026-09-10 09:00:00","CAPE","surface",-71.7677,17.1608,3150
"2026-09-09 18:00:00","2026-09-10 09:00:00","CAPE","surface",-71.7438,17.1608,3215
"2026-09-09 18:00:00","2026-09-10 09:00:00","CAPE","surface",-71.7198,17.1608,3217
"2026-09-09 18:00:00","2026-09-10 09:00:00","CAPE","surface",-71.6959,17.1608,3240
"2026-09-09 18:00:00","2026-09-10 09:00:00","CAPE","surface",-71.672,17.1608,3138
"2026-09-09 18:00:00","2026-09-10 09:00:00","CAPE","surface",-71.6481,17.1608,2923
"2026-09-09 18:00:00","2026-09-10 09:00:00","CAPE","surface",-71.6241,17.1608,2645
"2026-09-09 18:00:00","2026-09-10 09:00:00","CAPE","surface",-71.6002,17.1608,2579
"2026-09-09 18:00:00","2026-09-10 09:00:00","CAPE","surface",-71.5763,17.1608,2627
"2026-09-09 18:00:00","2026-09-10 09:00:00","CAPE","surface",-71.5524,17.1608,2633
"2026-09-09 18:00:00","2026-09-10 09:00:00","CAPE","surface",-71.5284,17.1608,2669
"2026-09-09 18:00:00","2026-09-10 09:00:00","CAPE","surface",-71.5045,17.1608,2601
"2026-09-09 18:00:00","2026-09-10 09:00:00","CAPE","surface",-71.4806,17.1608,2560
"2026-09-09 18:00:00","2026-09-10 09:00:00","CAPE","surface",-71.4567,17.1608,2528
"2026-09-09 18:00:00","2026-09-10 09:00:00","CAPE","surface",-71.4327,17.1608,2556
"2026-09-09 18:00:00","2026-09-10 09:00:00","CAPE","surface",-71.4088,17.1608,2527
"2026-09-09 18:00:00","2026-09-10 09:00:00","CAPE","surface",-71.3849,17.1608,2487
"2026-09-09 18:00:00","2026-09-10 09:00:00","CAPE","surface",-71.361,17.1608,2438
"2026-09-09 18:00:00","2026-09-10 09:00:00","CAPE","surface",-71.337,17.1608,2399
"2026-09-09 18:00:00","2026-09-10 09:00:00","CAPE","surface",-71.3131,17.1608,2417
"2026-09-09 18:00:00","2026-09-10 09:00:00","CAPE","surface",-71.2892,17.1608,2374
"2026-09-09 18:00:00","2026-09-10 09:00:00","CAPE","surface",-71.2653,17.1608,2381
"2026-09-09 18:00:00","2026-09-10 09:00:00","CAPE","surface",-71.2413,17.1608,2383
"2026-09-09 18:00:00","2026-09-10 09:00:00","CAPE","surface",-71.2174,17.1608,2443
"2026-09-09 18:00:00","2026-09-10 09:00:00","CAPE","surface",-71.1935,17.1608,2443
"2026-09-09 18:00:00","2026-09-10 09:00:00","CAPE","surface",-71.1696,17.1608,2456
"2026-09-09 18:00:00","2026-09-10 09:00:00","CAPE","surface",-71.1456,17.1608,2461
"2026-09-09 18:00:00","2026-09-10 09:00:00","CAPE","surface",-71.1217,17.1608,2468
"2026-09-09 18:00:00","2026-09-10 09:00:00","CAPE","surface",-71.0978,17.1608,2444
"2026-09-09 18:00:00","2026-09-10 09:00:00","CAPE","surface",-71.0739,17.1608,2461
"2026-09-09 18:00:00","2026-09-10 09:00:00","CAPE","surface",-71.0499,17.1608,2464
"2026-09-09 18:00:00","2026-09-10 09:00:00","CAPE","surface",-71.026,17.1608,2457
"2026-09-09 18:00:00","2026-09-10 09:00:00","CAPE","surface",-71.0021,17.1608,2463
"2026-09-09 18:00:00","2026-09-10 09:00:00","CAPE","surface",-70.9782,17.1608,2464
"2026-09-09 18:00:00","2026-09-10 09:00:00","CAPE","surface",-70.9542,17.1608,2464
"2026-09-09 18:00:00","2026-09-10 09:00:00","CAPE","surface",-70.9303,17.1608,2498
"2026-09-09 18:00:00","2026-09-10 09:00:00","CAPE","surface",-70.9064,17.1608,2525
"2026-09-09 18:00:00","2026-09-10 09:00:00","CAPE","surface",-70.8825,17.1608,2537
"2026-09-09 18:00:00","2026-09-10 09:00:00","CAPE","surface",-70.8585,17.1608,2551
"2026-09-09 18:00:00","2026-09-10 09:00:00","CAPE","surface",-70.8346,17.1608,2541
"2026-09-09 18:00:00","2026-09-10 09:00:00","CAPE","surface",-70.8107,17.1608,2552
"2026-09-09 18:00:00","2026-09-10 09:00:00","CAPE","surface",-70.7868,17.1608,2517
"2026-09-09 18:00:00","2026-09-10 09:00:00","CAPE","surface",-70.7628,17.1608,2512
"2026-09-09 18:00:00","2026-09-10 09:00:00","CAPE","surface",-70.7389,17.1608,2523
"2026-09-09 18:00:00","2026-09-10 09:00:00","CAPE","surface",-70.715,17.1608,2523
"2026-09-09 18:00:00","2026-09-10 09:00:00","CAPE","surface",-70.6911,17.1608,2598
"2026-09-09 18:00:00","2026-09-10 09:00:00","CAPE","surface",-70.6671,17.1608,2636
"2026-09-09 18:00:00","2026-09-10 09:00:00","CAPE","surface",-70.6432,17.1608,2657
"2026-09-09 18:00:00","2026-09-10 09:00:00","CAPE","surface",-70.6193,17.1608,2558
"2026-09-09 18:00:00","2026-09-10 09:00:00","CAPE","surface",-70.5954,17.1608,2558
"2026-09-09 18:00:00","2026-09-10 09:00:00","CAPE","surface",-70.5714,17.1608,2215
"2026-09-09 18:00:00","2026-09-10 09:00:00","CAPE","surface",-70.5475,17.1608,1727
"2026-09-09 18:00:00","2026-09-10 09:00:00","CAPE","surface",-70.5236,17.1608,1711
"2026-09-09 18:00:00","2026-09-10 09:00:00","CAPE","surface",-70.4997,17.1608,1664
"2026-09-09 18:00:00","2026-09-10 09:00:00","CAPE","surface",-70.4757,17.1608,1579
"2026-09-09 18:00:00","2026-09-10 09:00:00","CAPE","surface",-70.4518,17.1608,1505
"2026-09-09 18:00:00","2026-09-10 09:00:00","CAPE","surface",-70.4279,17.1608,1456
"2026-09-09 18:00:00","2026-09-10 09:00:00","CAPE","surface",-70.404,17.1608,1548
"2026-09-09 18:00:00","2026-09-10 09:00:00","CAPE","surface",-70.38,17.1608,1536
"2026-09-09 18:00:00","2026-09-10 09:00:00","CAPE","surface",-70.3561,17.1608,1412
"2026-09-09 18:00:00","2026-09-10 09:00:00","CAPE","surface",-70.3322,17.1608,1577
"2026-09-09 18:00:00","2026-09-10 09:00:00","CAPE","surface",-70.3083,17.1608,1711
"2026-09-09 18:00:00","2026-09-10 09:00:00","CAPE","surface",-70.2843,17.1608,1816
"2026-09-09 18:00:00","2026-09-10 09:00:00","CAPE","surface",-70.2604,17.1608,2044
"2026-09-09 18:00:00","2026-09-10 09:00:00","CAPE","surface",-70.2365,17.1608,2044
"2026-09-09 18:00:00","2026-09-10 09:00:00","CAPE","surface",-70.2126,17.1608,2260
"2026-09-09 18:00:00","2026-09-10 09:00:00","CAPE","surface",-70.1886,17.1608,2364
"2026-09-09 18:00:00","2026-09-10 09:00:00","CAPE","surface",-70.1647,17.1608,2442
"2026-09-09 18:00:00","2026-09-10 09:00:00","CAPE","surface",-70.1408,17.1608,2411
"2026-09-09 18:00:00","2026-09-10 09:00:00","CAPE","surface",-70.1169,17.1608,2411
"2026-09-09 18:00:00","2026-09-10 09:00:00","CAPE","surface",-70.0929,17.1608,2390
"2026-09-09 18:00:00","2026-09-10 09:00:00","CAPE","surface",-70.069,17.1608,2442
"2026-09-09 18:00:00","2026-09-10 09:00:00","CAPE","surface",-70.0451,17.1608,2451
"2026-09-09 18:00:00","2026-09-10 09:00:00","CAPE","surface",-70.0212,17.1608,2451
"2026-09-09 18:00:00","2026-09-10 09:00:00","CAPE","surface",-69.9972,17.1608,2443
"2026-09-09 18:00:00","2026-09-10 09:00:00","CAPE","surface",-69.9733,17.1608,2492
"2026-09-09 18:00:00","2026-09-10 09:00:00","CAPE","surface",-69.9494,17.1608,2727
"2026-09-09 18:00:00","2026-09-10 09:00:00","CAPE","surface",-69.9255,17.1608,2872
"2026-09-09 18:00:00","2026-09-10 09:00:00","CAPE","surface",-69.9015,17.1608,2872
"2026-09-09 18:00:00","2026-09-10 09:00:00","CAPE","surface",-69.8776,17.1608,2771
"2026-09-09 18:00:00","2026-09-10 09:00:00","CAPE","surface",-69.8537,17.1608,2555
"2026-09-09 18:00:00","2026-09-10 09:00:00","CAPE","surface",-69.8298,17.1608,2457
"2026-09-09 18:00:00","2026-09-10 09:00:00","CAPE","surface",-69.8058,17.1608,2436
"2026-09-09 18:00:00","2026-09-10 09:00:00","CAPE","surface",-69.7819,17.1608,2503
"2026-09-09 18:00:00","2026-09-10 09:00:00","CAPE","surface",-69.758,17.1608,2580
"2026-09-09 18:00:00","2026-09-10 09:00:00","CAPE","surface",-69.7341,17.1608,2584
"2026-09-09 18:00:00","2026-09-10 09:00:00","CAPE","surface",-69.7101,17.1608,2720
"2026-09-09 18:00:00","2026-09-10 09:00:00","CAPE","surface",-69.6862,17.1608,2724
"2026-09-09 18:00:00","2026-09-10 09:00:00","CAPE","surface",-69.6623,17.1608,2859
"2026-09-09 18:00:00","2026-09-10 09:00:00","CAPE","surface",-69.6384,17.1608,2881
"2026-09-09 18:00:00","2026-09-10 09:00:00","CAPE","surface",-69.6144,17.1608,2991
"2026-09-09 18:00:00","2026-09-10 09:00:00","CAPE","surface",-69.5905,17.1608,3031
"2026-09-09 18:00:00","2026-09-10 09:00:00","CAPE","surface",-69.5666,17.1608,3071
"2026-09-09 18:00:00","2026-09-10 09:00:00","CAPE","surface",-69.5427,17.1608,3126
"2026-09-09 18:00:00","2026-09-10 09:00:00","CAPE","surface",-69.5187,17.1608,3159
"2026-09-09 18:00:00","2026-09-10 09:00:00","CAPE","surface",-69.4948,17.1608,3203
"2026-09-09 18:00:00","2026-09-10 09:00:00","CAPE","surface",-69.4709,17.1608,3274
"2026-09-09 18:00:00","2026-09-10 09:00:00","CAPE","surface",-69.447,17.1608,3257
"2026-09-09 18:00:00","2026-09-10 09:00:00","CAPE","surface",-69.423,17.1608,3325
"2026-09-09 18:00:00","2026-09-10 09:00:00","CAPE","surface",-69.3991,17.1608,3220
"2026-09-09 18:00:00","2026-09-10 09:00:00","CAPE","surface",-69.3752,17.1608,2745
"2026-09-09 18:00:00","2026-09-10 09:00:00","CAPE","surface",-69.3513,17.1608,2716
"2026-09-09 18:00:00","2026-09-10 09:00:00","CAPE","surface",-69.3273,17.1608,2373
"2026-09-09 18:00:00","2026-09-10 09:00:00","CAPE","surface",-69.3034,17.1608,2455
"2026-09-09 18:00:00","2026-09-10 09:00:00","CAPE","surface",-69.2795,17.1608,2617
"2026-09-09 18:00:00","2026-09-10 09:00:00","CAPE","surface",-69.2556,17.1608,2721
"2026-09-09 18:00:00","2026-09-10 09:00:00","CAPE","surface",-69.2316,17.1608,2572
"2026-09-09 18:00:00","2026-09-10 09:00:00","CAPE","surface",-69.2077,17.1608,2548
"2026-09-09 18:00:00","2026-09-10 09:00:00","CAPE","surface",-69.1838,17.1608,2267
"2026-09-09 18:00:00","2026-09-10 09:00:00","CAPE","surface",-69.1599,17.1608,2130
"2026-09-09 18:00:00","2026-09-10 09:00:00","CAPE","surface",-69.1359,17.1608,2190
"2026-09-09 18:00:00","2026-09-10 09:00:00","CAPE","surface",-69.112,17.1608,2171
"2026-09-09 18:00:00","2026-09-10 09:00:00","CAPE","surface",-69.0881,17.1608,2314
"2026-09-09 18:00:00","2026-09-10 09:00:00","CAPE","surface",-69.0642,17.1608,2485
"2026-09-09 18:00:00","2026-09-10 09:00:00","CAPE","surface",-69.0402,17.1608,2645
"2026-09-09 18:00:00","2026-09-10 09:00:00","CAPE","surface",-69.0163,17.1608,2624
"2026-09-09 18:00:00","2026-09-10 09:00:00","CAPE","surface",-68.9924,17.1608,2797
"2026-09-09 18:00:00","2026-09-10 09:00:00","CAPE","surface",-68.9685,17.1608,2883
"2026-09-09 18:00:00","2026-09-10 09:00:00","CAPE","surface",-68.9445,17.1608,2971
"2026-09-09 18:00:00","2026-09-10 09:00:00","CAPE","surface",-68.9206,17.1608,2899
"2026-09-09 18:00:00","2026-09-10 09:00:00","CAPE","surface",-68.8967,17.1608,3006
"2026-09-09 18:00:00","2026-09-10 09:00:00","CAPE","surface",-68.8728,17.1608,2921
"2026-09-09 18:00:00","2026-09-10 09:00:00","CAPE","surface",-68.8488,17.1608,2995
"2026-09-09 18:00:00","2026-09-10 09:00:00","CAPE","surface",-68.8249,17.1608,3095
"2026-09-09 18:00:00","2026-09-10 09:00:00","CAPE","surface",-68.801,17.1608,3069
"2026-09-09 18:00:00","2026-09-10 09:00:00","CAPE","surface",-68.7771,17.1608,3116
"2026-09-09 18:00:00","2026-09-10 09:00:00","CAPE","surface",-68.7531,17.1608,3083
"2026-09-09 18:00:00","2026-09-10 09:00:00","CAPE","surface",-68.7292,17.1608,3125
"2026-09-09 18:00:00","2026-09-10 09:00:00","CAPE","surface",-68.7053,17.1608,3131
"2026-09-09 18:00:00","2026-09-10 09:00:00","CAPE","surface",-68.6813,17.1608,3179
"2026-09-09 18:00:00","2026-09-10 09:00:00","CAPE","surface",-68.6574,17.1608,3138
"2026-09-09 18:00:00","2026-09-10 09:00:00","CAPE","surface",-68.6335,17.1608,3186
"2026-09-09 18:00:00","2026-09-10 09:00:00","CAPE","surface",-68.6096,17.1608,3140
"2026-09-09 18:00:00","2026-09-10 09:00:00","CAPE","surface",-68.5856,17.1608,3255
"2026-09-09 18:00:00","2026-09-10 09:00:00","CAPE","surface",-68.5617,17.1608,3162
"2026-09-09 18:00:00","2026-09-10 09:00:00","CAPE","surface",-68.5378,17.1608,3341
"2026-09-09 18:00:00","2026-09-10 09:00:00","CAPE","surface",-68.5139,17.1608,3345
"2026-09-09 18:00:00","2026-09-10 09:00:00","CAPE","surface",-68.4899,17.1608,3243
"2026-09-09 18:00:00","2026-09-10 09:00:00","CAPE","surface",-68.466,17.1608,3243
"2026-09-09 18:00:00","2026-09-10 09:00:00","CAPE","surface",-68.4421,17.1608,3268
"2026-09-09 18:00:00","2026-09-10 09:00:00","CAPE","surface",-68.4182,17.1608,3295
"2026-09-09 18:00:00","2026-09-10 09:00:00","CAPE","surface",-68.3942,17.1608,3410
"2026-09-09 18:00:00","2026-09-10 09:00:00","CAPE","surface",-68.3703,17.1608,3370
"2026-09-09 18:00:00","2026-09-10 09:00:00","CAPE","surface",-68.3464,17.1608,3383
"2026-09-09 18:00:00","2026-09-10 09:00:00","CAPE","surface",-68.3225,17.1608,3400
"2026-09-09 18:00:00","2026-09-10 09:00:00","CAPE","surface",-68.2985,17.1608,3413
"2026-09-09 18:00:00","2026-09-10 09:00:00","CAPE","surface",-68.2746,17.1608,3114
"2026-09-09 18:00:00","2026-09-10 09:00:00","CAPE","surface",-68.2507,17.1608,3114
"2026-09-09 18:00:00","2026-09-10 09:00:00","CAPE","surface",-68.2268,17.1608,2691
"2026-09-09 18:00:00","2026-09-10 09:00:00","CAPE","surface",-68.2028,17.1608,2656
"2026-09-09 18:00:00","2026-09-10 09:00:00","CAPE","surface",-68.1789,17.1608,2611
"2026-09-09 18:00:00","2026-09-10 09:00:00","CAPE","surface",-68.155,17.1608,2461
"2026-09-09 18:00:00","2026-09-10 09:00:00","CAPE","surface",-68.1311,17.1608,2258
"2026-09-09 18:00:00","2026-09-10 09:00:00","CAPE","surface",-68.1071,17.1608,1520
"2026-09-09 18:00:00","2026-09-10 09:00:00","CAPE","surface",-68.0832,17.1608,1328
"2026-09-09 18:00:00","2026-09-10 09:00:00","CAPE","surface",-68.0593,17.1608,1040
"2026-09-09 18:00:00","2026-09-10 09:00:00","CAPE","surface",-68.0354,17.1608,1040
"2026-09-09 18:00:00","2026-09-10 09:00:00","CAPE","surface",-68.0114,17.1608,943
"2026-09-09 18:00:00","2026-09-10 09:00:00","CAPE","surface",-67.9875,17.1608,1196
"2026-09-09 18:00:00","2026-09-10 09:00:00","CAPE","surface",-67.9636,17.1608,1543
"2026-09-09 18:00:00","2026-09-10 09:00:00","CAPE","surface",-67.9397,17.1608,1628
"2026-09-09 18:00:00","2026-09-10 09:00:00","CAPE","surface",-67.9157,17.1608,1959
"2026-09-09 18:00:00","2026-09-10 09:00:00","CAPE","surface",-67.8918,17.1608,2244
"2026-09-09 18:00:00","2026-09-10 09:00:00","CAPE","surface",-67.8679,17.1608,2413
"2026-09-09 18:00:00","2026-09-10 09:00:00","CAPE","surface",-67.844,17.1608,2399
"2026-09-09 18:00:00","2026-09-10 09:00:00","CAPE","surface",-67.82,17.1608,2448
"2026-09-09 18:00:00","2026-09-10 09:00:00","CAPE","surface",-67.7961,17.1608,2544
"2026-09-09 18:00:00","2026-09-10 09:00:00","CAPE","surface",-67.7722,17.1608,2568
"2026-09-09 18:00:00","2026-09-10 09:00:00","CAPE","surface",-67.7483,17.1608,2672
"2026-09-09 18:00:00","2026-09-10 09:00:00","CAPE","surface",-67.7243,17.1608,2542
"2026-09-09 18:00:00","2026-09-10 09:00:00","CAPE","surface",-67.7004,17.1608,2657
"2026-09-09 18:00:00","2026-09-10 09:00:00","CAPE","surface",-67.6765,17.1608,2772
"2026-09-09 18:00:00","2026-09-10 09:00:00","CAPE","surface",-67.6526,17.1608,3093
"2026-09-09 18:00:00","2026-09-10 09:00:00","CAPE","surface",-67.6286,17.1608,3093
"2026-09-09 18:00:00","2026-09-10 09:00:00","CAPE","surface",-67.6047,17.1608,3361
"2026-09-09 18:00:00","2026-09-10 09:00:00","CAPE","surface",-67.5808,17.1608,3349
"2026-09-09 18:00:00","2026-09-10 09:00:00","CAPE","surface",-67.5569,17.1608,3218
"2026-09-09 18:00:00","2026-09-10 09:00:00","CAPE","surface",-67.5329,17.1608,3218
"2026-09-09 18:00:00","2026-09-10 09:00:00","CAPE","surface",-67.509,17.1608,3226
"2026-09-09 18:00:00","2026-09-10 09:00:00","CAPE","surface",-67.4851,17.1608,3118
"2026-09-09 18:00:00","2026-09-10 09:00:00","CAPE","surface",-67.4612,17.1608,2853
"2026-09-09 18:00:00","2026-09-10 09:00:00","CAPE","surface",-67.4372,17.1608,2899
"2026-09-09 18:00:00","2026-09-10 09:00:00","CAPE","surface",-67.4133,17.1608,2899
"2026-09-09 18:00:00","2026-09-10 09:00:00","CAPE","surface",-67.3894,17.1608,3077
"2026-09-09 18:00:00","2026-09-10 09:00:00","CAPE","surface",-67.3655,17.1608,3156
"2026-09-09 18:00:00","2026-09-10 09:00:00","CAPE","surface",-67.3415,17.1608,3257
"2026-09-09 18:00:00","2026-09-10 09:00:00","CAPE","surface",-67.3176,17.1608,3218
"2026-09-09 18:00:00","2026-09-10 09:00:00","CAPE","surface",-67.2937,17.1608,3239
"2026-09-09 18:00:00","2026-09-10 09:00:00","CAPE","surface",-67.2698,17.1608,3191
"2026-09-09 18:00:00","2026-09-10 09:00:00","CAPE","surface",-67.2458,17.1608,3143
"2026-09-09 18:00:00","2026-09-10 09:00:00","CAPE","surface",-67.2219,17.1608,3211
"2026-09-09 18:00:00","2026-09-10 09:00:00","CAPE","surface",-67.198,17.1608,3205
"2026-09-09 18:00:00","2026-09-10 09:00:00","CAPE","surface",-67.1741,17.1608,3151
"2026-09-09 18:00:00","2026-09-10 09:00:00","CAPE","surface",-67.1501,17.1608,3019
"2026-09-09 18:00:00","2026-09-10 09:00:00","CAPE","surface",-67.1262,17.1608,3019
"2026-09-09 18:00:00","2026-09-10 09:00:00","CAPE","surface",-67.1023,17.1608,2896
"2026-09-09 18:00:00","2026-09-10 09:00:00","CAPE","surface",-67.0784,17.1608,2872
"2026-09-09 18:00:00","2026-09-10 09:00:00","CAPE","surface",-67.0544,17.1608,2836
"2026-09-09 18:00:00","2026-09-10 09:00:00","CAPE","surface",-67.0305,17.1608,2776
"2026-09-09 18:00:00","2026-09-10 09:00:00","CAPE","surface",-67.0066,17.1608,2776
"2026-09-09 18:00:00","2026-09-10 09:00:00","CAPE","surface",-74.7822,17.1837,2460
"2026-09-09 18:00:00","2026-09-10 09:00:00","CAPE","surface",-74.7583,17.1837,2505
"2026-09-09 18:00:00","2026-09-10 09:00:00","CAPE","surface",-74.7344,17.1837,2546
"2026-09-09 18:00:00","2026-09-10 09:00:00","CAPE","surface",-74.7105,17.1837,2522
"2026-09-09 18:00:00","2026-09-10 09:00:00","CAPE","surface",-74.6865,17.1837,2571
"2026-09-09 18:00:00","2026-09-10 09:00:00","CAPE","surface",-74.6626,17.1837,2452
"2026-09-09 18:00:00","2026-09-10 09:00:00","CAPE","surface",-74.6387,17.1837,2452
"2026-09-09 18:00:00","2026-09-10 09:00:00","CAPE","surface",-74.6148,17.1837,2436
"2026-09-09 18:00:00","2026-09-10 09:00:00","CAPE","surface",-74.5908,17.1837,2528
"2026-09-09 18:00:00","2026-09-10 09:00:00","CAPE","surface",-74.5669,17.1837,2576
"2026-09-09 18:00:00","2026-09-10 09:00:00","CAPE","surface",-74.543,17.1837,2597
"2026-09-09 18:00:00","2026-09-10 09:00:00","CAPE","surface",-74.5191,17.1837,2604
"2026-09-09 18:00:00","2026-09-10 09:00:00","CAPE","surface",-74.4951,17.1837,2604
"2026-09-09 18:00:00","2026-09-10 09:00:00","CAPE","surface",-74.4712,17.1837,2390
"2026-09-09 18:00:00","2026-09-10 09:00:00","CAPE","surface",-74.4473,17.1837,2149
"2026-09-09 18:00:00","2026-09-10 09:00:00","CAPE","surface",-74.4234,17.1837,2073
"2026-09-09 18:00:00","2026-09-10 09:00:00","CAPE","surface",-74.3994,17.1837,2117
"2026-09-09 18:00:00","2026-09-10 09:00:00","CAPE","surface",-74.3755,17.1837,2369
"2026-09-09 18:00:00","2026-09-10 09:00:00","CAPE","surface",-74.3516,17.1837,2505
"2026-09-09 18:00:00","2026-09-10 09:00:00","CAPE","surface",-74.3277,17.1837,2600
"2026-09-09 18:00:00","2026-09-10 09:00:00","CAPE","surface",-74.3037,17.1837,2649
"2026-09-09 18:00:00","2026-09-10 09:00:00","CAPE","surface",-74.2798,17.1837,2557
"2026-09-09 18:00:00","2026-09-10 09:00:00","CAPE","surface",-74.2559,17.1837,2405
"2026-09-09 18:00:00","2026-09-10 09:00:00","CAPE","surface",-74.232,17.1837,2099
"2026-09-09 18:00:00","2026-09-10 09:00:00","CAPE","surface",-74.208,17.1837,2011
"2026-09-09 18:00:00","2026-09-10 09:00:00","CAPE","surface",-74.1841,17.1837,2011
"2026-09-09 18:00:00","2026-09-10 09:00:00","CAPE","surface",-74.1602,17.1837,2068
"2026-09-09 18:00:00","2026-09-10 09:00:00","CAPE","surface",-74.1363,17.1837,2121
"2026-09-09 18:00:00","2026-09-10 09:00:00","CAPE","surface",-74.1123,17.1837,2289
"2026-09-09 18:00:00","2026-09-10 09:00:00","CAPE","surface",-74.0884,17.1837,2308
"2026-09-09 18:00:00","2026-09-10 09:00:00","CAPE","surface",-74.0645,17.1837,2495
"2026-09-09 18:00:00","2026-09-10 09:00:00","CAPE","surface",-74.0406,17.1837,2495
"2026-09-09 18:00:00","2026-09-10 09:00:00","CAPE","surface",-74.0166,17.1837,2493
"2026-09-09 18:00:00","2026-09-10 09:00:00","CAPE","surface",-73.9927,17.1837,2382
"2026-09-09 18:00:00","2026-09-10 09:00:00","CAPE","surface",-73.9688,17.1837,2307
"2026-09-09 18:00:00","2026-09-10 09:00:00","CAPE","surface",-73.9449,17.1837,2318
"2026-09-09 18:00:00","2026-09-10 09:00:00","CAPE","surface",-73.9209,17.1837,2302
"2026-09-09 18:00:00","2026-09-10 09:00:00","CAPE","surface",-73.897,17.1837,2302
"2026-09-09 18:00:00","2026-09-10 09:00:00","CAPE","surface",-73.8731,17.1837,2282
"2026-09-09 18:00:00","2026-09-10 09:00:00","CAPE","surface",-73.8492,17.1837,2271
"2026-09-09 18:00:00","2026-09-10 09:00:00","CAPE","surface",-73.8252,17.1837,2212
"2026-09-09 18:00:00","2026-09-10 09:00:00","CAPE","surface",-73.8013,17.1837,2190
"2026-09-09 18:00:00","2026-09-10 09:00:00","CAPE","surface",-73.7774,17.1837,2144
"2026-09-09 18:00:00","2026-09-10 09:00:00","CAPE","surface",-73.7535,17.1837,2135
"2026-09-09 18:00:00","2026-09-10 09:00:00","CAPE","surface",-73.7295,17.1837,2153
"2026-09-09 18:00:00","2026-09-10 09:00:00","CAPE","surface",-73.7056,17.1837,2229
"2026-09-09 18:00:00","2026-09-10 09:00:00","CAPE","surface",-73.6817,17.1837,2251
"2026-09-09 18:00:00","2026-09-10 09:00:00","CAPE","surface",-73.6578,17.1837,2313
"2026-09-09 18:00:00","2026-09-10 09:00:00","CAPE","surface",-73.6338,17.1837,2300
"2026-09-09 18:00:00","2026-09-10 09:00:00","CAPE","surface",-73.6099,17.1837,2444
"2026-09-09 18:00:00","2026-09-10 09:00:00","CAPE","surface",-73.586,17.1837,2410
"2026-09-09 18:00:00","2026-09-10 09:00:00","CAPE","surface",-73.5621,17.1837,2646
"2026-09-09 18:00:00","2026-09-10 09:00:00","CAPE","surface",-73.5381,17.1837,2577
"2026-09-09 18:00:00","2026-09-10 09:00:00","CAPE","surface",-73.5142,17.1837,2798
"2026-09-09 18:00:00","2026-09-10 09:00:00","CAPE","surface",-73.4903,17.1837,2798
"2026-09-09 18:00:00","2026-09-10 09:00:00","CAPE","surface",-73.4664,17.1837,2850
"2026-09-09 18:00:00","2026-09-10 09:00:00","CAPE","surface",-73.4424,17.1837,2795
"2026-09-09 18:00:00","2026-09-10 09:00:00","CAPE","surface",-73.4185,17.1837,2898
"2026-09-09 18:00:00","2026-09-10 09:00:00","CAPE","surface",-73.3946,17.1837,2862
"2026-09-09 18:00:00","2026-09-10 09:00:00","CAPE","surface",-73.3707,17.1837,2972
"2026-09-09 18:00:00","2026-09-10 09:00:00","CAPE","surface",-73.3467,17.1837,2972
"2026-09-09 18:00:00","2026-09-10 09:00:00","CAPE","surface",-73.3228,17.1837,2940
"2026-09-09 18:00:00","2026-09-10 09:00:00","CAPE","surface",-73.2989,17.1837,2639
"2026-09-09 18:00:00","2026-09-10 09:00:00","CAPE","surface",-73.275,17.1837,2432
"2026-09-09 18:00:00","2026-09-10 09:00:00","CAPE","surface",-73.251,17.1837,2265
"2026-09-09 18:00:00","2026-09-10 09:00:00","CAPE","surface",-73.2271,17.1837,2253
"2026-09-09 18:00:00","2026-09-10 09:00:00","CAPE","surface",-73.2032,17.1837,2259
"2026-09-09 18:00:00","2026-09-10 09:00:00","CAPE","surface",-73.1793,17.1837,2279
"2026-09-09 18:00:00","2026-09-10 09:00:00","CAPE","surface",-73.1553,17.1837,2301
"2026-09-09 18:00:00","2026-09-10 09:00:00","CAPE","surface",-73.1314,17.1837,2277
"2026-09-09 18:00:00","2026-09-10 09:00:00","CAPE","surface",-73.1075,17.1837,2246
"2026-09-09 18:00:00","2026-09-10 09:00:00","CAPE","surface",-73.0836,17.1837,2257
"2026-09-09 18:00:00","2026-09-10 09:00:00","CAPE","surface",-73.0596,17.1837,2257
"2026-09-09 18:00:00","2026-09-10 09:00:00","CAPE","surface",-73.0357,17.1837,2311
"2026-09-09 18:00:00","2026-09-10 09:00:00","CAPE","surface",-73.0118,17.1837,2234
"2026-09-09 18:00:00","2026-09-10 09:00:00","CAPE","surface",-72.9879,17.1837,2307
"2026-09-09 18:00:00","2026-09-10 09:00:00","CAPE","surface",-72.9639,17.1837,2242
"2026-09-09 18:00:00","2026-09-10 09:00:00","CAPE","surface",-72.94,17.1837,2211
"2026-09-09 18:00:00","2026-09-10 09:00:00","CAPE","surface",-72.9161,17.1837,2262
"2026-09-09 18:00:00","2026-09-10 09:00:00","CAPE","surface",-72.8922,17.1837,2310
"2026-09-09 18:00:00","2026-09-10 09:00:00","CAPE","surface",-72.8682,17.1837,2320
"2026-09-09 18:00:00","2026-09-10 09:00:00","CAPE","surface",-72.8443,17.1837,2352
"2026-09-09 18:00:00","2026-09-10 09:00:00","CAPE","surface",-72.8204,17.1837,2353
"2026-09-09 18:00:00","2026-09-10 09:00:00","CAPE","surface",-72.7965,17.1837,2463
"2026-09-09 18:00:00","2026-09-10 09:00:00","CAPE","surface",-72.7725,17.1837,2446
"2026-09-09 18:00:00","2026-09-10 09:00:00","CAPE","surface",-72.7486,17.1837,2687
"2026-09-09 18:00:00","2026-09-10 09:00:00","CAPE","surface",-72.7247,17.1837,2670
"2026-09-09 18:00:00","2026-09-10 09:00:00","CAPE","surface",-72.7008,17.1837,2865
"2026-09-09 18:00:00","2026-09-10 09:00:00","CAPE","surface",-72.6768,17.1837,2865
"2026-09-09 18:00:00","2026-09-10 09:00:00","CAPE","surface",-72.6529,17.1837,2847
"2026-09-09 18:00:00","2026-09-10 09:00:00","CAPE","surface",-72.629,17.1837,2835
"2026-09-09 18:00:00","2026-09-10 09:00:00","CAPE","surface",-72.6051,17.1837,2779
"2026-09-09 18:00:00","2026-09-10 09:00:00","CAPE","surface",-72.5811,17.1837,2743
"2026-09-09 18:00:00","2026-09-10 09:00:00","CAPE","surface",-72.5572,17.1837,2761
"2026-09-09 18:00:00","2026-09-10 09:00:00","CAPE","surface",-72.5333,17.1837,2703
"2026-09-09 18:00:00","2026-09-10 09:00:00","CAPE","surface",-72.5094,17.1837,2723
"2026-09-09 18:00:00","2026-09-10 09:00:00","CAPE","surface",-72.4854,17.1837,2735
"2026-09-09 18:00:00","2026-09-10 09:00:00","CAPE","surface",-72.4615,17.1837,2761
"2026-09-09 18:00:00","2026-09-10 09:00:00","CAPE","surface",-72.4376,17.1837,2732
"2026-09-09 18:00:00","2026-09-10 09:00:00","CAPE","surface",-72.4137,17.1837,2732
"2026-09-09 18:00:00","2026-09-10 09:00:00","CAPE","surface",-72.3897,17.1837,2655
"2026-09-09 18:00:00","2026-09-10 09:00:00","CAPE","surface",-72.3658,17.1837,2704
"2026-09-09 18:00:00","2026-09-10 09:00:00","CAPE","surface",-72.3419,17.1837,2697
"2026-09-09 18:00:00","2026-09-10 09:00:00","CAPE","surface",-72.318,17.1837,2762
"2026-09-09 18:00:00","2026-09-10 09:00:00","CAPE","surface",-72.294,17.1837,2802
"2026-09-09 18:00:00","2026-09-10 09:00:00","CAPE","surface",-72.2701,17.1837,2794
"2026-09-09 18:00:00","2026-09-10 09:00:00","CAPE","surface",-72.2462,17.1837,2835
"2026-09-09 18:00:00","2026-09-10 09:00:00","CAPE","surface",-72.2223,17.1837,2847
"2026-09-09 18:00:00","2026-09-10 09:00:00","CAPE","surface",-72.1983,17.1837,2862
"2026-09-09 18:00:00","2026-09-10 09:00:00","CAPE","surface",-72.1744,17.1837,2882
"2026-09-09 18:00:00","2026-09-10 09:00:00","CAPE","surface",-72.1505,17.1837,2882
"2026-09-09 18:00:00","2026-09-10 09:00:00","CAPE","surface",-72.1266,17.1837,2891
"2026-09-09 18:00:00","2026-09-10 09:00:00","CAPE","surface",-72.1026,17.1837,2903
"2026-09-09 18:00:00","2026-09-10 09:00:00","CAPE","surface",-72.0787,17.1837,2908
"2026-09-09 18:00:00","2026-09-10 09:00:00","CAPE","surface",-72.0548,17.1837,2918
"2026-09-09 18:00:00","2026-09-10 09:00:00","CAPE","surface",-72.0309,17.1837,2918
"2026-09-09 18:00:00","2026-09-10 09:00:00","CAPE","surface",-72.0069,17.1837,2920
"2026-09-09 18:00:00","2026-09-10 09:00:00","CAPE","surface",-71.983,17.1837,2904
"2026-09-09 18:00:00","2026-09-10 09:00:00","CAPE","surface",-71.9591,17.1837,2907
"2026-09-09 18:00:00","2026-09-10 09:00:00","CAPE","surface",-71.9352,17.1837,2907
"2026-09-09 18:00:00","2026-09-10 09:00:00","CAPE","surface",-71.9112,17.1837,2899
"2026-09-09 18:00:00","2026-09-10 09:00:00","CAPE","surface",-71.8873,17.1837,2899
"2026-09-09 18:00:00","2026-09-10 09:00:00","CAPE","surface",-71.8634,17.1837,2860
"2026-09-09 18:00:00","2026-09-10 09:00:00","CAPE","surface",-71.8395,17.1837,2859
"2026-09-09 18:00:00","2026-09-10 09:00:00","CAPE","surface",-71.8155,17.1837,2880
"2026-09-09 18:00:00","2026-09-10 09:00:00","CAPE","surface",-71.7916,17.1837,2981
"2026-09-09 18:00:00","2026-09-10 09:00:00","CAPE","surface",-71.7677,17.1837,2995
"2026-09-09 18:00:00","2026-09-10 09:00:00","CAPE","surface",-71.7438,17.1837,3128
"2026-09-09 18:00:00","2026-09-10 09:00:00","CAPE","surface",-71.7198,17.1837,3232
"2026-09-09 18:00:00","2026-09-10 09:00:00","CAPE","surface",-71.6959,17.1837,3305
"2026-09-09 18:00:00","2026-09-10 09:00:00","CAPE","surface",-71.672,17.1837,3222
"2026-09-09 18:00:00","2026-09-10 09:00:00","CAPE","surface",-71.6481,17.1837,3232
"2026-09-09 18:00:00","2026-09-10 09:00:00","CAPE","surface",-71.6241,17.1837,2866
"2026-09-09 18:00:00","2026-09-10 09:00:00","CAPE","surface",-71.6002,17.1837,2622
"2026-09-09 18:00:00","2026-09-10 09:00:00","CAPE","surface",-71.5763,17.1837,2627
"2026-09-09 18:00:00","2026-09-10 09:00:00","CAPE","surface",-71.5524,17.1837,2691
"2026-09-09 18:00:00","2026-09-10 09:00:00","CAPE","surface",-71.5284,17.1837,2669
"2026-09-09 18:00:00","2026-09-10 09:00:00","CAPE","surface",-71.5045,17.1837,2689
"2026-09-09 18:00:00","2026-09-10 09:00:00","CAPE","surface",-71.4806,17.1837,2617
"2026-09-09 18:00:00","2026-09-10 09:00:00","CAPE","surface",-71.4567,17.1837,2585
"2026-09-09 18:00:00","2026-09-10 09:00:00","CAPE","surface",-71.4327,17.1837,2578
"2026-09-09 18:00:00","2026-09-10 09:00:00","CAPE","surface",-71.4088,17.1837,2535
"2026-09-09 18:00:00","2026-09-10 09:00:00","CAPE","surface",-71.3849,17.1837,2518
"2026-09-09 18:00:00","2026-09-10 09:00:00","CAPE","surface",-71.361,17.1837,2486
"2026-09-09 18:00:00","2026-09-10 09:00:00","CAPE","surface",-71.337,17.1837,2455
"2026-09-09 18:00:00","2026-09-10 09:00:00","CAPE","surface",-71.3131,17.1837,2417
"2026-09-09 18:00:00","2026-09-10 09:00:00","CAPE","surface",-71.2892,17.1837,2397
"2026-09-09 18:00:00","2026-09-10 09:00:00","CAPE","surface",-71.2653,17.1837,2397
"2026-09-09 18:00:00","2026-09-10 09:00:00","CAPE","surface",-71.2413,17.1837,2441
"2026-09-09 18:00:00","2026-09-10 09:00:00","CAPE","surface",-71.2174,17.1837,2440
"2026-09-09 18:00:00","2026-09-10 09:00:00","CAPE","surface",-71.1935,17.1837,2440
"2026-09-09 18:00:00","2026-09-10 09:00:00","CAPE","surface",-71.1696,17.1837,2459
"2026-09-09 18:00:00","2026-09-10 09:00:00","CAPE","surface",-71.1456,17.1837,2459
"2026-09-09 18:00:00","2026-09-10 09:00:00","CAPE","surface",-71.1217,17.1837,2489
"2026-09-09 18:00:00","2026-09-10 09:00:00","CAPE","surface",-71.0978,17.1837,2477
"2026-09-09 18:00:00","2026-09-10 09:00:00","CAPE","surface",-71.0739,17.1837,2477
"2026-09-09 18:00:00","2026-09-10 09:00:00","CAPE","surface",-71.0499,17.1837,2464
"2026-09-09 18:00:00","2026-09-10 09:00:00","CAPE","surface",-71.026,17.1837,2475
"2026-09-09 18:00:00","2026-09-10 09:00:00","CAPE","surface",-71.0021,17.1837,2468
"2026-09-09 18:00:00","2026-09-10 09:00:00","CAPE","surface",-70.9782,17.1837,2447
"2026-09-09 18:00:00","2026-09-10 09:00:00","CAPE","surface",-70.9542,17.1837,2462
"2026-09-09 18:00:00","2026-09-10 09:00:00","CAPE","surface",-70.9303,17.1837,2501
"2026-09-09 18:00:00","2026-09-10 09:00:00","CAPE","surface",-70.9064,17.1837,2469
"2026-09-09 18:00:00","2026-09-10 09:00:00","CAPE","surface",-70.8825,17.1837,2501
"2026-09-09 18:00:00","2026-09-10 09:00:00","CAPE","surface",-70.8585,17.1837,2520
"2026-09-09 18:00:00","2026-09-10 09:00:00","CAPE","surface",-70.8346,17.1837,2541
"2026-09-09 18:00:00","2026-09-10 09:00:00","CAPE","surface",-70.8107,17.1837,2512
"2026-09-09 18:00:00","2026-09-10 09:00:00","CAPE","surface",-70.7868,17.1837,2512
"2026-09-09 18:00:00","2026-09-10 09:00:00","CAPE","surface",-70.7628,17.1837,2459
"2026-09-09 18:00:00","2026-09-10 09:00:00","CAPE","surface",-70.7389,17.1837,2487
"2026-09-09 18:00:00","2026-09-10 09:00:00","CAPE","surface",-70.715,17.1837,2545
"2026-09-09 18:00:00","2026-09-10 09:00:00","CAPE","surface",-70.6911,17.1837,2582
"2026-09-09 18:00:00","2026-09-10 09:00:00","CAPE","surface",-70.6671,17.1837,2582
"2026-09-09 18:00:00","2026-09-10 09:00:00","CAPE","surface",-70.6432,17.1837,2630
"2026-09-09 18:00:00","2026-09-10 09:00:00","CAPE","surface",-70.6193,17.1837,2646
"2026-09-09 18:00:00","2026-09-10 09:00:00","CAPE","surface",-70.5954,17.1837,2546
"2026-09-09 18:00:00","2026-09-10 09:00:00","CAPE","surface",-70.5714,17.1837,2215
"2026-09-09 18:00:00","2026-09-10 09:00:00","CAPE","surface",-70.5475,17.1837,2229
"2026-09-09 18:00:00","2026-09-10 09:00:00","CAPE","surface",-70.5236,17.1837,1929
"2026-09-09 18:00:00","2026-09-10 09:00:00","CAPE","surface",-70.4997,17.1837,1707
"2026-09-09 18:00:00","2026-09-10 09:00:00","CAPE","surface",-70.4757,17.1837,1314
"2026-09-09 18:00:00","2026-09-10 09:00:00","CAPE","surface",-70.4518,17.1837,1345
"2026-09-09 18:00:00","2026-09-10 09:00:00","CAPE","surface",-70.4279,17.1837,1346
"2026-09-09 18:00:00","2026-09-10 09:00:00","CAPE","surface",-70.404,17.1837,1450
"2026-09-09 18:00:00","2026-09-10 09:00:00","CAPE","surface",-70.38,17.1837,1347
"2026-09-09 18:00:00","2026-09-10 09:00:00","CAPE","surface",-70.3561,17.1837,1412
"2026-09-09 18:00:00","2026-09-10 09:00:00","CAPE","surface",-70.3322,17.1837,1439
"2026-09-09 18:00:00","2026-09-10 09:00:00","CAPE","surface",-70.3083,17.1837,1439
"2026-09-09 18:00:00","2026-09-10 09:00:00","CAPE","surface",-70.2843,17.1837,1641
"2026-09-09 18:00:00","2026-09-10 09:00:00","CAPE","surface",-70.2604,17.1837,1972
"2026-09-09 18:00:00","2026-09-10 09:00:00","CAPE","surface",-70.2365,17.1837,2104
"2026-09-09 18:00:00","2026-09-10 09:00:00","CAPE","surface",-70.2126,17.1837,2284
"2026-09-09 18:00:00","2026-09-10 09:00:00","CAPE","surface",-70.1886,17.1837,2284
"2026-09-09 18:00:00","2026-09-10 09:00:00","CAPE","surface",-70.1647,17.1837,2339
"2026-09-09 18:00:00","2026-09-10 09:00:00","CAPE","surface",-70.1408,17.1837,2390
"2026-09-09 18:00:00","2026-09-10 09:00:00","CAPE","surface",-70.1169,17.1837,2367
"2026-09-09 18:00:00","2026-09-10 09:00:00","CAPE","surface",-70.0929,17.1837,2367
"2026-09-09 18:00:00","2026-09-10 09:00:00","CAPE","surface",-70.069,17.1837,2320
"2026-09-09 18:00:00","2026-09-10 09:00:00","CAPE","surface",-70.0451,17.1837,2232
"2026-09-09 18:00:00","2026-09-10 09:00:00","CAPE","surface",-70.0212,17.1837,2326
"2026-09-09 18:00:00","2026-09-10 09:00:00","CAPE","surface",-69.9972,17.1837,2309
"2026-09-09 18:00:00","2026-09-10 09:00:00","CAPE","surface",-69.9733,17.1837,2309
"2026-09-09 18:00:00","2026-09-10 09:00:00","CAPE","surface",-69.9494,17.1837,2471
"2026-09-09 18:00:00","2026-09-10 09:00:00","CAPE","surface",-69.9255,17.1837,2717
"2026-09-09 18:00:00","2026-09-10 09:00:00","CAPE","surface",-69.9015,17.1837,2926
"2026-09-09 18:00:00","2026-09-10 09:00:00","CAPE","surface",-69.8776,17.1837,2771
"2026-09-09 18:00:00","2026-09-10 09:00:00","CAPE","surface",-69.8537,17.1837,2767
"2026-09-09 18:00:00","2026-09-10 09:00:00","CAPE","surface",-69.8298,17.1837,2621
"2026-09-09 18:00:00","2026-09-10 09:00:00","CAPE","surface",-69.8058,17.1837,2532
"2026-09-09 18:00:00","2026-09-10 09:00:00","CAPE","surface",-69.7819,17.1837,2592
"2026-09-09 18:00:00","2026-09-10 09:00:00","CAPE","surface",-69.758,17.1837,2580
"2026-09-09 18:00:00","2026-09-10 09:00:00","CAPE","surface",-69.7341,17.1837,2711
"2026-09-09 18:00:00","2026-09-10 09:00:00","CAPE","surface",-69.7101,17.1837,2723
"2026-09-09 18:00:00","2026-09-10 09:00:00","CAPE","surface",-69.6862,17.1837,2846
"2026-09-09 18:00:00","2026-09-10 09:00:00","CAPE","surface",-69.6623,17.1837,2921
"2026-09-09 18:00:00","2026-09-10 09:00:00","CAPE","surface",-69.6384,17.1837,2921
"2026-09-09 18:00:00","2026-09-10 09:00:00","CAPE","surface",-69.6144,17.1837,2986
"2026-09-09 18:00:00","2026-09-10 09:00:00","CAPE","surface",-69.5905,17.1837,3032
"2026-09-09 18:00:00","2026-09-10 09:00:00","CAPE","surface",-69.5666,17.1837,3101
"2026-09-09 18:00:00","2026-09-10 09:00:00","CAPE","surface",-69.5427,17.1837,3126
"2026-09-09 18:00:00","2026-09-10 09:00:00","CAPE","surface",-69.5187,17.1837,3135
"2026-09-09 18:00:00","2026-09-10 09:00:00","CAPE","surface",-69.4948,17.1837,3160
"2026-09-09 18:00:00","2026-09-10 09:00:00","CAPE","surface",-69.4709,17.1837,3216
"2026-09-09 18:00:00","2026-09-10 09:00:00","CAPE","surface",-69.447,17.1837,3225
"2026-09-09 18:00:00","2026-09-10 09:00:00","CAPE","surface",-69.423,17.1837,3217
"2026-09-09 18:00:00","2026-09-10 09:00:00","CAPE","surface",-69.3991,17.1837,3070
"2026-09-09 18:00:00","2026-09-10 09:00:00","CAPE","surface",-69.3752,17.1837,2883
"2026-09-09 18:00:00","2026-09-10 09:00:00","CAPE","surface",-69.3513,17.1837,2446
"2026-09-09 18:00:00","2026-09-10 09:00:00","CAPE","surface",-69.3273,17.1837,2373
"2026-09-09 18:00:00","2026-09-10 09:00:00","CAPE","surface",-69.3034,17.1837,2342
"2026-09-09 18:00:00","2026-09-10 09:00:00","CAPE","surface",-69.2795,17.1837,2465
"2026-09-09 18:00:00","2026-09-10 09:00:00","CAPE","surface",-69.2556,17.1837,2549
"2026-09-09 18:00:00","2026-09-10 09:00:00","CAPE","surface",-69.2316,17.1837,2370
"2026-09-09 18:00:00","2026-09-10 09:00:00","CAPE","surface",-69.2077,17.1837,2312
"2026-09-09 18:00:00","2026-09-10 09:00:00","CAPE","surface",-69.1838,17.1837,2131
"2026-09-09 18:00:00","2026-09-10 09:00:00","CAPE","surface",-69.1599,17.1837,2109
"2026-09-09 18:00:00","2026-09-10 09:00:00","CAPE","surface",-69.1359,17.1837,2071
"2026-09-09 18:00:00","2026-09-10 09:00:00","CAPE","surface",-69.112,17.1837,2171
"2026-09-09 18:00:00","2026-09-10 09:00:00","CAPE","surface",-69.0881,17.1837,2323
"2026-09-09 18:00:00","2026-09-10 09:00:00","CAPE","surface",-69.0642,17.1837,2319
"2026-09-09 18:00:00","2026-09-10 09:00:00","CAPE","surface",-69.0402,17.1837,2464
"2026-09-09 18:00:00","2026-09-10 09:00:00","CAPE","surface",-69.0163,17.1837,2643
"2026-09-09 18:00:00","2026-09-10 09:00:00","CAPE","surface",-68.9924,17.1837,2797
"2026-09-09 18:00:00","2026-09-10 09:00:00","CAPE","surface",-68.9685,17.1837,2882
"2026-09-09 18:00:00","2026-09-10 09:00:00","CAPE","surface",-68.9445,17.1837,2960
"2026-09-09 18:00:00","2026-09-10 09:00:00","CAPE","surface",-68.9206,17.1837,3094
"2026-09-09 18:00:00","2026-09-10 09:00:00","CAPE","surface",-68.8967,17.1837,3132
"2026-09-09 18:00:00","2026-09-10 09:00:00","CAPE","surface",-68.8728,17.1837,3026
"2026-09-09 18:00:00","2026-09-10 09:00:00","CAPE","surface",-68.8488,17.1837,3150
"2026-09-09 18:00:00","2026-09-10 09:00:00","CAPE","surface",-68.8249,17.1837,3122
"2026-09-09 18:00:00","2026-09-10 09:00:00","CAPE","surface",-68.801,17.1837,3149
"2026-09-09 18:00:00","2026-09-10 09:00:00","CAPE","surface",-68.7771,17.1837,3116
"2026-09-09 18:00:00","2026-09-10 09:00:00","CAPE","surface",-68.7531,17.1837,3127
"2026-09-09 18:00:00","2026-09-10 09:00:00","CAPE","surface",-68.7292,17.1837,3120
"2026-09-09 18:00:00","2026-09-10 09:00:00","CAPE","surface",-68.7053,17.1837,3120
"2026-09-09 18:00:00","2026-09-10 09:00:00","CAPE","surface",-68.6813,17.1837,3149
"2026-09-09 18:00:00","2026-09-10 09:00:00","CAPE","surface",-68.6574,17.1837,3138
"2026-09-09 18:00:00","2026-09-10 09:00:00","CAPE","surface",-68.6335,17.1837,3067
"2026-09-09 18:00:00","2026-09-10 09:00:00","CAPE","surface",-68.6096,17.1837,3088
"2026-09-09 18:00:00","2026-09-10 09:00:00","CAPE","surface",-68.5856,17.1837,3021
"2026-09-09 18:00:00","2026-09-10 09:00:00","CAPE","surface",-68.5617,17.1837,3045
"2026-09-09 18:00:00","2026-09-10 09:00:00","CAPE","surface",-68.5378,17.1837,3045
"2026-09-09 18:00:00","2026-09-10 09:00:00","CAPE","surface",-68.5139,17.1837,3135
"2026-09-09 18:00:00","2026-09-10 09:00:00","CAPE","surface",-68.4899,17.1837,3221
"2026-09-09 18:00:00","2026-09-10 09:00:00","CAPE","surface",-68.466,17.1837,3243
"2026-09-09 18:00:00","2026-09-10 09:00:00","CAPE","surface",-68.4421,17.1837,3268
"2026-09-09 18:00:00","2026-09-10 09:00:00","CAPE","surface",-68.4182,17.1837,3387
"2026-09-09 18:00:00","2026-09-10 09:00:00","CAPE","surface",-68.3942,17.1837,3452
"2026-09-09 18:00:00","2026-09-10 09:00:00","CAPE","surface",-68.3703,17.1837,3413
"2026-09-09 18:00:00","2026-09-10 09:00:00","CAPE","surface",-68.3464,17.1837,3366
"2026-09-09 18:00:00","2026-09-10 09:00:00","CAPE","surface",-68.3225,17.1837,3366
"2026-09-09 18:00:00","2026-09-10 09:00:00","CAPE","surface",-68.2985,17.1837,3364
"2026-09-09 18:00:00","2026-09-10 09:00:00","CAPE","surface",-68.2746,17.1837,3273
"2026-09-09 18:00:00","2026-09-10 09:00:00","CAPE","surface",-68.2507,17.1837,2783
"2026-09-09 18:00:00","2026-09-10 09:00:00","CAPE","surface",-68.2268,17.1837,2584
"2026-09-09 18:00:00","2026-09-10 09:00:00","CAPE","surface",-68.2028,17.1837,2584
"2026-09-09 18:00:00","2026-09-10 09:00:00","CAPE","surface",-68.1789,17.1837,2474
"2026-09-09 18:00:00","2026-09-10 09:00:00","CAPE","surface",-68.155,17.1837,2461
"2026-09-09 18:00:00","2026-09-10 09:00:00","CAPE","surface",-68.1311,17.1837,1863
"2026-09-09 18:00:00","2026-09-10 09:00:00","CAPE","surface",-68.1071,17.1837,1863
"2026-09-09 18:00:00","2026-09-10 09:00:00","CAPE","surface",-68.0832,17.1837,1205
"2026-09-09 18:00:00","2026-09-10 09:00:00","CAPE","surface",-68.0593,17.1837,835
"2026-09-09 18:00:00","2026-09-10 09:00:00","CAPE","surface",-68.0354,17.1837,840
"2026-09-09 18:00:00","2026-09-10 09:00:00","CAPE","surface",-68.0114,17.1837,777
"2026-09-09 18:00:00","2026-09-10 09:00:00","CAPE","surface",-67.9875,17.1837,912
"2026-09-09 18:00:00","2026-09-10 09:00:00","CAPE","surface",-67.9636,17.1837,1286
"2026-09-09 18:00:00","2026-09-10 09:00:00","CAPE","surface",-67.9397,17.1837,1628
"2026-09-09 18:00:00","2026-09-10 09:00:00","CAPE","surface",-67.9157,17.1837,1996
"2026-09-09 18:00:00","2026-09-10 09:00:00","CAPE","surface",-67.8918,17.1837,2039
"2026-09-09 18:00:00","2026-09-10 09:00:00","CAPE","surface",-67.8679,17.1837,2245
"2026-09-09 18:00:00","2026-09-10 09:00:00","CAPE","surface",-67.844,17.1837,2316
"2026-09-09 18:00:00","2026-09-10 09:00:00","CAPE","surface",-67.82,17.1837,2448
"2026-09-09 18:00:00","2026-09-10 09:00:00","CAPE","surface",-67.7961,17.1837,2268
"2026-09-09 18:00:00","2026-09-10 09:00:00","CAPE","surface",-67.7722,17.1837,2430
"2026-09-09 18:00:00","2026-09-10 09:00:00","CAPE","surface",-67.7483,17.1837,2396
"2026-09-09 18:00:00","2026-09-10 09:00:00","CAPE","surface",-67.7243,17.1837,2486
"2026-09-09 18:00:00","2026-09-10 09:00:00","CAPE","surface",-67.7004,17.1837,2486
"2026-09-09 18:00:00","2026-09-10 09:00:00","CAPE","surface",-67.6765,17.1837,2691
"2026-09-09 18:00:00","2026-09-10 09:00:00","CAPE","surface",-67.6526,17.1837,2886
"2026-09-09 18:00:00","2026-09-10 09:00:00","CAPE","surface",-67.6286,17.1837,3271
"2026-09-09 18:00:00","2026-09-10 09:00:00","CAPE","surface",-67.6047,17.1837,3361
"2026-09-09 18:00:00","2026-09-10 09:00:00","CAPE","surface",-67.5808,17.1837,3464
"2026-09-09 18:00:00","2026-09-10 09:00:00","CAPE","surface",-67.5569,17.1837,3493
"2026-09-09 18:00:00","2026-09-10 09:00:00","CAPE","surface",-67.5329,17.1837,3408
"2026-09-09 18:00:00","2026-09-10 09:00:00","CAPE","surface",-67.509,17.1837,3379
"2026-09-09 18:00:00","2026-09-10 09:00:00","CAPE","surface",-67.4851,17.1837,3379
"2026-09-09 18:00:00","2026-09-10 09:00:00","CAPE","surface",-67.4612,17.1837,3214
"2026-09-09 18:00:00","2026-09-10 09:00:00","CAPE","surface",-67.4372,17.1837,3019
"2026-09-09 18:00:00","2026-09-10 09:00:00","CAPE","surface",-67.4133,17.1837,3074
"2026-09-09 18:00:00","2026-09-10 09:00:00","CAPE","surface",-67.3894,17.1837,3152
"2026-09-09 18:00:00","2026-09-10 09:00:00","CAPE","surface",-67.3655,17.1837,3165
"2026-09-09 18:00:00","2026-09-10 09:00:00","CAPE","surface",-67.3415,17.1837,3181
"2026-09-09 18:00:00","2026-09-10 09:00:00","CAPE","surface",-67.3176,17.1837,3218
"2026-09-09 18:00:00","2026-09-10 09:00:00","CAPE","surface",-67.2937,17.1837,3220
"2026-09-09 18:00:00","2026-09-10 09:00:00","CAPE","surface",-67.2698,17.1837,3249
"2026-09-09 18:00:00","2026-09-10 09:00:00","CAPE","surface",-67.2458,17.1837,3235
"2026-09-09 18:00:00","2026-09-10 09:00:00","CAPE","surface",-67.2219,17.1837,3250
"2026-09-09 18:00:00","2026-09-10 09:00:00","CAPE","surface",-67.198,17.1837,3205
"2026-09-09 18:00:00","2026-09-10 09:00:00","CAPE","surface",-67.1741,17.1837,3190
"2026-09-09 18:00:00","2026-09-10 09:00:00","CAPE","surface",-67.1501,17.1837,3101
"2026-09-09 18:00:00","2026-09-10 09:00:00","CAPE","surface",-67.1262,17.1837,2964
"2026-09-09 18:00:00","2026-09-10 09:00:00","CAPE","surface",-67.1023,17.1837,2876
"2026-09-09 18:00:00","2026-09-10 09:00:00","CAPE","surface",-67.0784,17.1837,2876
"2026-09-09 18:00:00","2026-09-10 09:00:00","CAPE","surface",-67.0544,17.1837,2848
"2026-09-09 18:00:00","2026-09-10 09:00:00","CAPE","surface",-67.0305,17.1837,2811
"2026-09-09 18:00:00","2026-09-10 09:00:00","CAPE","surface",-67.0066,17.1837,2763
"2026-09-09 18:00:00","2026-09-10 09:00:00","CAPE","surface",-74.7822,17.2065,2491
"2026-09-09 18:00:00","2026-09-10 09:00:00","CAPE","surface",-74.7583,17.2065,2505
"2026-09-09 18:00:00","2026-09-10 09:00:00","CAPE","surface",-74.7344,17.2065,2551
"2026-09-09 18:00:00","2026-09-10 09:00:00","CAPE","surface",-74.7105,17.2065,2520
"2026-09-09 18:00:00","2026-09-10 09:00:00","CAPE","surface",-74.6865,17.2065,2404
"2026-09-09 18:00:00","2026-09-10 09:00:00","CAPE","surface",-74.6626,17.2065,2408
"2026-09-09 18:00:00","2026-09-10 09:00:00","CAPE","surface",-74.6387,17.2065,2368
"2026-09-09 18:00:00","2026-09-10 09:00:00","CAPE","surface",-74.6148,17.2065,2436
"2026-09-09 18:00:00","2026-09-10 09:00:00","CAPE","surface",-74.5908,17.2065,2500
"2026-09-09 18:00:00","2026-09-10 09:00:00","CAPE","surface",-74.5669,17.2065,2500
"2026-09-09 18:00:00","2026-09-10 09:00:00","CAPE","surface",-74.543,17.2065,2631
"2026-09-09 18:00:00","2026-09-10 09:00:00","CAPE","surface",-74.5191,17.2065,2780
"2026-09-09 18:00:00","2026-09-10 09:00:00","CAPE","surface",-74.4951,17.2065,2655
"2026-09-09 18:00:00","2026-09-10 09:00:00","CAPE","surface",-74.4712,17.2065,2348
"2026-09-09 18:00:00","2026-09-10 09:00:00","CAPE","surface",-74.4473,17.2065,2146
"2026-09-09 18:00:00","2026-09-10 09:00:00","CAPE","surface",-74.4234,17.2065,2174
"2026-09-09 18:00:00","2026-09-10 09:00:00","CAPE","surface",-74.3994,17.2065,2137
"2026-09-09 18:00:00","2026-09-10 09:00:00","CAPE","surface",-74.3755,17.2065,2254
"2026-09-09 18:00:00","2026-09-10 09:00:00","CAPE","surface",-74.3516,17.2065,2435
"2026-09-09 18:00:00","2026-09-10 09:00:00","CAPE","surface",-74.3277,17.2065,2565
"2026-09-09 18:00:00","2026-09-10 09:00:00","CAPE","surface",-74.3037,17.2065,2617
"2026-09-09 18:00:00","2026-09-10 09:00:00","CAPE","surface",-74.2798,17.2065,2419
"2026-09-09 18:00:00","2026-09-10 09:00:00","CAPE","surface",-74.2559,17.2065,2336
"2026-09-09 18:00:00","2026-09-10 09:00:00","CAPE","surface",-74.232,17.2065,2038
"2026-09-09 18:00:00","2026-09-10 09:00:00","CAPE","surface",-74.208,17.2065,2005
"2026-09-09 18:00:00","2026-09-10 09:00:00","CAPE","surface",-74.1841,17.2065,2016
"2026-09-09 18:00:00","2026-09-10 09:00:00","CAPE","surface",-74.1602,17.2065,2068
"2026-09-09 18:00:00","2026-09-10 09:00:00","CAPE","surface",-74.1363,17.2065,2232
"2026-09-09 18:00:00","2026-09-10 09:00:00","CAPE","surface",-74.1123,17.2065,2276
"2026-09-09 18:00:00","2026-09-10 09:00:00","CAPE","surface",-74.0884,17.2065,2578
"2026-09-09 18:00:00","2026-09-10 09:00:00","CAPE","surface",-74.0645,17.2065,2532
"2026-09-09 18:00:00","2026-09-10 09:00:00","CAPE","surface",-74.0406,17.2065,2666
"2026-09-09 18:00:00","2026-09-10 09:00:00","CAPE","surface",-74.0166,17.2065,2493
"2026-09-09 18:00:00","2026-09-10 09:00:00","CAPE","surface",-73.9927,17.2065,2587
"2026-09-09 18:00:00","2026-09-10 09:00:00","CAPE","surface",-73.9688,17.2065,2458
"2026-09-09 18:00:00","2026-09-10 09:00:00","CAPE","surface",-73.9449,17.2065,2316
"2026-09-09 18:00:00","2026-09-10 09:00:00","CAPE","surface",-73.9209,17.2065,2321
"2026-09-09 18:00:00","2026-09-10 09:00:00","CAPE","surface",-73.897,17.2065,2288
"2026-09-09 18:00:00","2026-09-10 09:00:00","CAPE","surface",-73.8731,17.2065,2342
"2026-09-09 18:00:00","2026-09-10 09:00:00","CAPE","surface",-73.8492,17.2065,2342
"2026-09-09 18:00:00","2026-09-10 09:00:00","CAPE","surface",-73.8252,17.2065,2301
"2026-09-09 18:00:00","2026-09-10 09:00:00","CAPE","surface",-73.8013,17.2065,2204
"2026-09-09 18:00:00","2026-09-10 09:00:00","CAPE","surface",-73.7774,17.2065,2153
"2026-09-09 18:00:00","2026-09-10 09:00:00","CAPE","surface",-73.7535,17.2065,2135
"2026-09-09 18:00:00","2026-09-10 09:00:00","CAPE","surface",-73.7295,17.2065,2204
"2026-09-09 18:00:00","2026-09-10 09:00:00","CAPE","surface",-73.7056,17.2065,2204
"2026-09-09 18:00:00","2026-09-10 09:00:00","CAPE","surface",-73.6817,17.2065,2313
"2026-09-09 18:00:00","2026-09-10 09:00:00","CAPE","surface",-73.6578,17.2065,2315
"2026-09-09 18:00:00","2026-09-10 09:00:00","CAPE","surface",-73.6338,17.2065,2436
"2026-09-09 18:00:00","2026-09-10 09:00:00","CAPE","surface",-73.6099,17.2065,2444
"2026-09-09 18:00:00","2026-09-10 09:00:00","CAPE","surface",-73.586,17.2065,2670
"2026-09-09 18:00:00","2026-09-10 09:00:00","CAPE","surface",-73.5621,17.2065,2670
"2026-09-09 18:00:00","2026-09-10 09:00:00","CAPE","surface",-73.5381,17.2065,2871
"2026-09-09 18:00:00","2026-09-10 09:00:00","CAPE","surface",-73.5142,17.2065,2892
"2026-09-09 18:00:00","2026-09-10 09:00:00","CAPE","surface",-73.4903,17.2065,2890
"2026-09-09 18:00:00","2026-09-10 09:00:00","CAPE","surface",-73.4664,17.2065,2823
"2026-09-09 18:00:00","2026-09-10 09:00:00","CAPE","surface",-73.4424,17.2065,2877
"2026-09-09 18:00:00","2026-09-10 09:00:00","CAPE","surface",-73.4185,17.2065,2675
"2026-09-09 18:00:00","2026-09-10 09:00:00","CAPE","surface",-73.3946,17.2065,2836
"2026-09-09 18:00:00","2026-09-10 09:00:00","CAPE","surface",-73.3707,17.2065,2759
"2026-09-09 18:00:00","2026-09-10 09:00:00","CAPE","surface",-73.3467,17.2065,2885
"2026-09-09 18:00:00","2026-09-10 09:00:00","CAPE","surface",-73.3228,17.2065,2672
"2026-09-09 18:00:00","2026-09-10 09:00:00","CAPE","surface",-73.2989,17.2065,2672
"2026-09-09 18:00:00","2026-09-10 09:00:00","CAPE","surface",-73.275,17.2065,2362
"2026-09-09 18:00:00","2026-09-10 09:00:00","CAPE","surface",-73.251,17.2065,2318
"2026-09-09 18:00:00","2026-09-10 09:00:00","CAPE","surface",-73.2271,17.2065,2252
"2026-09-09 18:00:00","2026-09-10 09:00:00","CAPE","surface",-73.2032,17.2065,2259
"2026-09-09 18:00:00","2026-09-10 09:00:00","CAPE","surface",-73.1793,17.2065,2306
"2026-09-09 18:00:00","2026-09-10 09:00:00","CAPE","surface",-73.1553,17.2065,2306
"2026-09-09 18:00:00","2026-09-10 09:00:00","CAPE","surface",-73.1314,17.2065,2279
"2026-09-09 18:00:00","2026-09-10 09:00:00","CAPE","surface",-73.1075,17.2065,2236
"2026-09-09 18:00:00","2026-09-10 09:00:00","CAPE","surface",-73.0836,17.2065,2227
"2026-09-09 18:00:00","2026-09-10 09:00:00","CAPE","surface",-73.0596,17.2065,2181
"2026-09-09 18:00:00","2026-09-10 09:00:00","CAPE","surface",-73.0357,17.2065,2193
"2026-09-09 18:00:00","2026-09-10 09:00:00","CAPE","surface",-73.0118,17.2065,2127
"2026-09-09 18:00:00","2026-09-10 09:00:00","CAPE","surface",-72.9879,17.2065,2126
"2026-09-09 18:00:00","2026-09-10 09:00:00","CAPE","surface",-72.9639,17.2065,2163
"2026-09-09 18:00:00","2026-09-10 09:00:00","CAPE","surface",-72.94,17.2065,2211
"2026-09-09 18:00:00","2026-09-10 09:00:00","CAPE","surface",-72.9161,17.2065,2297
"2026-09-09 18:00:00","2026-09-10 09:00:00","CAPE","surface",-72.8922,17.2065,2297
"2026-09-09 18:00:00","2026-09-10 09:00:00","CAPE","surface",-72.8682,17.2065,2392
"2026-09-09 18:00:00","2026-09-10 09:00:00","CAPE","surface",-72.8443,17.2065,2359
"2026-09-09 18:00:00","2026-09-10 09:00:00","CAPE","surface",-72.8204,17.2065,2499
"2026-09-09 18:00:00","2026-09-10 09:00:00","CAPE","surface",-72.7965,17.2065,2463
"2026-09-09 18:00:00","2026-09-10 09:00:00","CAPE","surface",-72.7725,17.2065,2701
"2026-09-09 18:00:00","2026-09-10 09:00:00","CAPE","surface",-72.7486,17.2065,2845
"2026-09-09 18:00:00","2026-09-10 09:00:00","CAPE","surface",-72.7247,17.2065,2864
"2026-09-09 18:00:00","2026-09-10 09:00:00","CAPE","surface",-72.7008,17.2065,2868
"2026-09-09 18:00:00","2026-09-10 09:00:00","CAPE","surface",-72.6768,17.2065,2864
"2026-09-09 18:00:00","2026-09-10 09:00:00","CAPE","surface",-72.6529,17.2065,2779
"2026-09-09 18:00:00","2026-09-10 09:00:00","CAPE","surface",-72.629,17.2065,2778
"2026-09-09 18:00:00","2026-09-10 09:00:00","CAPE","surface",-72.6051,17.2065,2718
"2026-09-09 18:00:00","2026-09-10 09:00:00","CAPE","surface",-72.5811,17.2065,2731
"2026-09-09 18:00:00","2026-09-10 09:00:00","CAPE","surface",-72.5572,17.2065,2676
"2026-09-09 18:00:00","2026-09-10 09:00:00","CAPE","surface",-72.5333,17.2065,2703
"2026-09-09 18:00:00","2026-09-10 09:00:00","CAPE","surface",-72.5094,17.2065,2689
"2026-09-09 18:00:00","2026-09-10 09:00:00","CAPE","surface",-72.4854,17.2065,2689
"2026-09-09 18:00:00","2026-09-10 09:00:00","CAPE","surface",-72.4615,17.2065,2690
"2026-09-09 18:00:00","2026-09-10 09:00:00","CAPE","surface",-72.4376,17.2065,2637
"2026-09-09 18:00:00","2026-09-10 09:00:00","CAPE","surface",-72.4137,17.2065,2642
"2026-09-09 18:00:00","2026-09-10 09:00:00","CAPE","surface",-72.3897,17.2065,2613
"2026-09-09 18:00:00","2026-09-10 09:00:00","CAPE","surface",-72.3658,17.2065,2641
"2026-09-09 18:00:00","2026-09-10 09:00:00","CAPE","surface",-72.3419,17.2065,2640
"2026-09-09 18:00:00","2026-09-10 09:00:00","CAPE","surface",-72.318,17.2065,2676
"2026-09-09 18:00:00","2026-09-10 09:00:00","CAPE","surface",-72.294,17.2065,2744
"2026-09-09 18:00:00","2026-09-10 09:00:00","CAPE","surface",-72.2701,17.2065,2794
"2026-09-09 18:00:00","2026-09-10 09:00:00","CAPE","surface",-72.2462,17.2065,2825
"2026-09-09 18:00:00","2026-09-10 09:00:00","CAPE","surface",-72.2223,17.2065,2825
"2026-09-09 18:00:00","2026-09-10 09:00:00","CAPE","surface",-72.1983,17.2065,2851
"2026-09-09 18:00:00","2026-09-10 09:00:00","CAPE","surface",-72.1744,17.2065,2862
"2026-09-09 18:00:00","2026-09-10 09:00:00","CAPE","surface",-72.1505,17.2065,2882
"2026-09-09 18:00:00","2026-09-10 09:00:00","CAPE","surface",-72.1266,17.2065,2884
"2026-09-09 18:00:00","2026-09-10 09:00:00","CAPE","surface",-72.1026,17.2065,2884
"2026-09-09 18:00:00","2026-09-10 09:00:00","CAPE","surface",-72.0787,17.2065,2893
"2026-09-09 18:00:00","2026-09-10 09:00:00","CAPE","surface",-72.0548,17.2065,2905
"2026-09-09 18:00:00","2026-09-10 09:00:00","CAPE","surface",-72.0309,17.2065,2919
"2026-09-09 18:00:00","2026-09-10 09:00:00","CAPE","surface",-72.0069,17.2065,2912
"2026-09-09 18:00:00","2026-09-10 09:00:00","CAPE","surface",-71.983,17.2065,2909
"2026-09-09 18:00:00","2026-09-10 09:00:00","CAPE","surface",-71.9591,17.2065,2909
"2026-09-09 18:00:00","2026-09-10 09:00:00","CAPE","surface",-71.9352,17.2065,2915
"2026-09-09 18:00:00","2026-09-10 09:00:00","CAPE","surface",-71.9112,17.2065,2913
"2026-09-09 18:00:00","2026-09-10 09:00:00","CAPE","surface",-71.8873,17.2065,2884
"2026-09-09 18:00:00","2026-09-10 09:00:00","CAPE","surface",-71.8634,17.2065,2860
"2026-09-09 18:00:00","2026-09-10 09:00:00","CAPE","surface",-71.8395,17.2065,2852
"2026-09-09 18:00:00","2026-09-10 09:00:00","CAPE","surface",-71.8155,17.2065,2837
"2026-09-09 18:00:00","2026-09-10 09:00:00","CAPE","surface",-71.7916,17.2065,2886
"2026-09-09 18:00:00","2026-09-10 09:00:00","CAPE","surface",-71.7677,17.2065,3039
"2026-09-09 18:00:00","2026-09-10 09:00:00","CAPE","surface",-71.7438,17.2065,3154
"2026-09-09 18:00:00","2026-09-10 09:00:00","CAPE","surface",-71.7198,17.2065,3242
"2026-09-09 18:00:00","2026-09-10 09:00:00","CAPE","surface",-71.6959,17.2065,3307
"2026-09-09 18:00:00","2026-09-10 09:00:00","CAPE","surface",-71.672,17.2065,3434
"2026-09-09 18:00:00","2026-09-10 09:00:00","CAPE","surface",-71.6481,17.2065,3232
"2026-09-09 18:00:00","2026-09-10 09:00:00","CAPE","surface",-71.6241,17.2065,2830
"2026-09-09 18:00:00","2026-09-10 09:00:00","CAPE","surface",-71.6002,17.2065,2830
"2026-09-09 18:00:00","2026-09-10 09:00:00","CAPE","surface",-71.5763,17.2065,2693
"2026-09-09 18:00:00","2026-09-10 09:00:00","CAPE","surface",-71.5524,17.2065,2726
"2026-09-09 18:00:00","2026-09-10 09:00:00","CAPE","surface",-71.5284,17.2065,2717
"2026-09-09 18:00:00","2026-09-10 09:00:00","CAPE","surface",-71.5045,17.2065,2697
"2026-09-09 18:00:00","2026-09-10 09:00:00","CAPE","surface",-71.4806,17.2065,2639
"2026-09-09 18:00:00","2026-09-10 09:00:00","CAPE","surface",-71.4567,17.2065,2657
"2026-09-09 18:00:00","2026-09-10 09:00:00","CAPE","surface",-71.4327,17.2065,2618
"2026-09-09 18:00:00","2026-09-10 09:00:00","CAPE","surface",-71.4088,17.2065,2582
"2026-09-09 18:00:00","2026-09-10 09:00:00","CAPE","surface",-71.3849,17.2065,2518
"2026-09-09 18:00:00","2026-09-10 09:00:00","CAPE","surface",-71.361,17.2065,2507
"2026-09-09 18:00:00","2026-09-10 09:00:00","CAPE","surface",-71.337,17.2065,2507
"2026-09-09 18:00:00","2026-09-10 09:00:00","CAPE","surface",-71.3131,17.2065,2515
"2026-09-09 18:00:00","2026-09-10 09:00:00","CAPE","surface",-71.2892,17.2065,2541
"2026-09-09 18:00:00","2026-09-10 09:00:00","CAPE","surface",-71.2653,17.2065,2475
"2026-09-09 18:00:00","2026-09-10 09:00:00","CAPE","surface",-71.2413,17.2065,2486
"2026-09-09 18:00:00","2026-09-10 09:00:00","CAPE","surface",-71.2174,17.2065,2486
"2026-09-09 18:00:00","2026-09-10 09:00:00","CAPE","surface",-71.1935,17.2065,2432
"2026-09-09 18:00:00","2026-09-10 09:00:00","CAPE","surface",-71.1696,17.2065,2429
"2026-09-09 18:00:00","2026-09-10 09:00:00","CAPE","surface",-71.1456,17.2065,2469
"2026-09-09 18:00:00","2026-09-10 09:00:00","CAPE","surface",-71.1217,17.2065,2489
"2026-09-09 18:00:00","2026-09-10 09:00:00","CAPE","surface",-71.0978,17.2065,2504
"2026-09-09 18:00:00","2026-09-10 09:00:00","CAPE","surface",-71.0739,17.2065,2478
"2026-09-09 18:00:00","2026-09-10 09:00:00","CAPE","surface",-71.0499,17.2065,2472
"2026-09-09 18:00:00","2026-09-10 09:00:00","CAPE","surface",-71.026,17.2065,2443
"2026-09-09 18:00:00","2026-09-10 09:00:00","CAPE","surface",-71.0021,17.2065,2439
"2026-09-09 18:00:00","2026-09-10 09:00:00","CAPE","surface",-70.9782,17.2065,2401
"2026-09-09 18:00:00","2026-09-10 09:00:00","CAPE","surface",-70.9542,17.2065,2416
"2026-09-09 18:00:00","2026-09-10 09:00:00","CAPE","surface",-70.9303,17.2065,2443
"2026-09-09 18:00:00","2026-09-10 09:00:00","CAPE","surface",-70.9064,17.2065,2469
"2026-09-09 18:00:00","2026-09-10 09:00:00","CAPE","surface",-70.8825,17.2065,2487
"2026-09-09 18:00:00","2026-09-10 09:00:00","CAPE","surface",-70.8585,17.2065,2487
"2026-09-09 18:00:00","2026-09-10 09:00:00","CAPE","surface",-70.8346,17.2065,2480
"2026-09-09 18:00:00","2026-09-10 09:00:00","CAPE","surface",-70.8107,17.2065,2421
"2026-09-09 18:00:00","2026-09-10 09:00:00","CAPE","surface",-70.7868,17.2065,2435
"2026-09-09 18:00:00","2026-09-10 09:00:00","CAPE","surface",-70.7628,17.2065,2392
"2026-09-09 18:00:00","2026-09-10 09:00:00","CAPE","surface",-70.7389,17.2065,2392
"2026-09-09 18:00:00","2026-09-10 09:00:00","CAPE","surface",-70.715,17.2065,2458
"2026-09-09 18:00:00","2026-09-10 09:00:00","CAPE","surface",-70.6911,17.2065,2530
"2026-09-09 18:00:00","2026-09-10 09:00:00","CAPE","surface",-70.6671,17.2065,2578
"2026-09-09 18:00:00","2026-09-10 09:00:00","CAPE","surface",-70.6432,17.2065,2630
"2026-09-09 18:00:00","2026-09-10 09:00:00","CAPE","surface",-70.6193,17.2065,2633
"2026-09-09 18:00:00","2026-09-10 09:00:00","CAPE","surface",-70.5954,17.2065,2654
"2026-09-09 18:00:00","2026-09-10 09:00:00","CAPE","surface",-70.5714,17.2065,2494
"2026-09-09 18:00:00","2026-09-10 09:00:00","CAPE","surface",-70.5475,17.2065,2288
"2026-09-09 18:00:00","2026-09-10 09:00:00","CAPE","surface",-70.5236,17.2065,2014
"2026-09-09 18:00:00","2026-09-10 09:00:00","CAPE","surface",-70.4997,17.2065,2244
"2026-09-09 18:00:00","2026-09-10 09:00:00","CAPE","surface",-70.4757,17.2065,1665
"2026-09-09 18:00:00","2026-09-10 09:00:00","CAPE","surface",-70.4518,17.2065,1347
"2026-09-09 18:00:00","2026-09-10 09:00:00","CAPE","surface",-70.4279,17.2065,1346
"2026-09-09 18:00:00","2026-09-10 09:00:00","CAPE","surface",-70.404,17.2065,1308
"2026-09-09 18:00:00","2026-09-10 09:00:00","CAPE","surface",-70.38,17.2065,1023
"2026-09-09 18:00:00","2026-09-10 09:00:00","CAPE","surface",-70.3561,17.2065,1008
"2026-09-09 18:00:00","2026-09-10 09:00:00","CAPE","surface",-70.3322,17.2065,984
"2026-09-09 18:00:00","2026-09-10 09:00:00","CAPE","surface",-70.3083,17.2065,1281
"2026-09-09 18:00:00","2026-09-10 09:00:00","CAPE","surface",-70.2843,17.2065,1593
"2026-09-09 18:00:00","2026-09-10 09:00:00","CAPE","surface",-70.2604,17.2065,1593
"2026-09-09 18:00:00","2026-09-10 09:00:00","CAPE","surface",-70.2365,17.2065,1912
"2026-09-09 18:00:00","2026-09-10 09:00:00","CAPE","surface",-70.2126,17.2065,2192
"2026-09-09 18:00:00","2026-09-10 09:00:00","CAPE","surface",-70.1886,17.2065,2278
"2026-09-09 18:00:00","2026-09-10 09:00:00","CAPE","surface",-70.1647,17.2065,2127
"2026-09-09 18:00:00","2026-09-10 09:00:00","CAPE","surface",-70.1408,17.2065,2265
"2026-09-09 18:00:00","2026-09-10 09:00:00","CAPE","surface",-70.1169,17.2065,2145
"2026-09-09 18:00:00","2026-09-10 09:00:00","CAPE","surface",-70.0929,17.2065,2258
"2026-09-09 18:00:00","2026-09-10 09:00:00","CAPE","surface",-70.069,17.2065,2123
"2026-09-09 18:00:00","2026-09-10 09:00:00","CAPE","surface",-70.0451,17.2065,2123
"2026-09-09 18:00:00","2026-09-10 09:00:00","CAPE","surface",-70.0212,17.2065,2000
"2026-09-09 18:00:00","2026-09-10 09:00:00","CAPE","surface",-69.9972,17.2065,2156
"2026-09-09 18:00:00","2026-09-10 09:00:00","CAPE","surface",-69.9733,17.2065,2242
"2026-09-09 18:00:00","2026-09-10 09:00:00","CAPE","surface",-69.9494,17.2065,2568
"2026-09-09 18:00:00","2026-09-10 09:00:00","CAPE","surface",-69.9255,17.2065,2568
"2026-09-09 18:00:00","2026-09-10 09:00:00","CAPE","surface",-69.9015,17.2065,2910
"2026-09-09 18:00:00","2026-09-10 09:00:00","CAPE","surface",-69.8776,17.2065,2967
"2026-09-09 18:00:00","2026-09-10 09:00:00","CAPE","surface",-69.8537,17.2065,2748
"2026-09-09 18:00:00","2026-09-10 09:00:00","CAPE","surface",-69.8298,17.2065,2621
"2026-09-09 18:00:00","2026-09-10 09:00:00","CAPE","surface",-69.8058,17.2065,2705
"2026-09-09 18:00:00","2026-09-10 09:00:00","CAPE","surface",-69.7819,17.2065,2642
"2026-09-09 18:00:00","2026-09-10 09:00:00","CAPE","surface",-69.758,17.2065,2687
"2026-09-09 18:00:00","2026-09-10 09:00:00","CAPE","surface",-69.7341,17.2065,2813
"2026-09-09 18:00:00","2026-09-10 09:00:00","CAPE","surface",-69.7101,17.2065,2816
"2026-09-09 18:00:00","2026-09-10 09:00:00","CAPE","surface",-69.6862,17.2065,2882
"2026-09-09 18:00:00","2026-09-10 09:00:00","CAPE","surface",-69.6623,17.2065,2902
"2026-09-09 18:00:00","2026-09-10 09:00:00","CAPE","surface",-69.6384,17.2065,2943
"2026-09-09 18:00:00","2026-09-10 09:00:00","CAPE","surface",-69.6144,17.2065,2986
"2026-09-09 18:00:00","2026-09-10 09:00:00","CAPE","surface",-69.5905,17.2065,3008
"2026-09-09 18:00:00","2026-09-10 09:00:00","CAPE","surface",-69.5666,17.2065,3058
"2026-09-09 18:00:00","2026-09-10 09:00:00","CAPE","surface",-69.5427,17.2065,3113
"2026-09-09 18:00:00","2026-09-10 09:00:00","CAPE","surface",-69.5187,17.2065,3163
"2026-09-09 18:00:00","2026-09-10 09:00:00","CAPE","surface",-69.4948,17.2065,3186
"2026-09-09 18:00:00","2026-09-10 09:00:00","CAPE","surface",-69.4709,17.2065,3230
"2026-09-09 18:00:00","2026-09-10 09:00:00","CAPE","surface",-69.447,17.2065,3236
"2026-09-09 18:00:00","2026-09-10 09:00:00","CAPE","surface",-69.423,17.2065,3202
"2026-09-09 18:00:00","2026-09-10 09:00:00","CAPE","surface",-69.3991,17.2065,3070
"2026-09-09 18:00:00","2026-09-10 09:00:00","CAPE","surface",-69.3752,17.2065,2666
"2026-09-09 18:00:00","2026-09-10 09:00:00","CAPE","surface",-69.3513,17.2065,2544
"2026-09-09 18:00:00","2026-09-10 09:00:00","CAPE","surface",-69.3273,17.2065,2379
"2026-09-09 18:00:00","2026-09-10 09:00:00","CAPE","surface",-69.3034,17.2065,2359
"2026-09-09 18:00:00","2026-09-10 09:00:00","CAPE","surface",-69.2795,17.2065,2465
"2026-09-09 18:00:00","2026-09-10 09:00:00","CAPE","surface",-69.2556,17.2065,2385
"2026-09-09 18:00:00","2026-09-10 09:00:00","CAPE","surface",-69.2316,17.2065,2403
"2026-09-09 18:00:00","2026-09-10 09:00:00","CAPE","surface",-69.2077,17.2065,2180
"2026-09-09 18:00:00","2026-09-10 09:00:00","CAPE","surface",-69.1838,17.2065,2131
"2026-09-09 18:00:00","2026-09-10 09:00:00","CAPE","surface",-69.1599,17.2065,2014
"2026-09-09 18:00:00","2026-09-10 09:00:00","CAPE","surface",-69.1359,17.2065,1987
"2026-09-09 18:00:00","2026-09-10 09:00:00","CAPE","surface",-69.112,17.2065,2069
"2026-09-09 18:00:00","2026-09-10 09:00:00","CAPE","surface",-69.0881,17.2065,2192
"2026-09-09 18:00:00","2026-09-10 09:00:00","CAPE","surface",-69.0642,17.2065,2319
"2026-09-09 18:00:00","2026-09-10 09:00:00","CAPE","surface",-69.0402,17.2065,2326
"2026-09-09 18:00:00","2026-09-10 09:00:00","CAPE","surface",-69.0163,17.2065,2471
"2026-09-09 18:00:00","2026-09-10 09:00:00","CAPE","surface",-68.9924,17.2065,2733
"2026-09-09 18:00:00","2026-09-10 09:00:00","CAPE","surface",-68.9685,17.2065,3048
"2026-09-09 18:00:00","2026-09-10 09:00:00","CAPE","surface",-68.9445,17.2065,3111
"2026-09-09 18:00:00","2026-09-10 09:00:00","CAPE","surface",-68.9206,17.2065,3259
"2026-09-09 18:00:00","2026-09-10 09:00:00","CAPE","surface",-68.8967,17.2065,3235
"2026-09-09 18:00:00","2026-09-10 09:00:00","CAPE","surface",-68.8728,17.2065,3198
"2026-09-09 18:00:00","2026-09-10 09:00:00","CAPE","surface",-68.8488,17.2065,3150
"2026-09-09 18:00:00","2026-09-10 09:00:00","CAPE","surface",-68.8249,17.2065,3185
"2026-09-09 18:00:00","2026-09-10 09:00:00","CAPE","surface",-68.801,17.2065,3173
"2026-09-09 18:00:00","2026-09-10 09:00:00","CAPE","surface",-68.7771,17.2065,3145
"2026-09-09 18:00:00","2026-09-10 09:00:00","CAPE","surface",-68.7531,17.2065,3115
"2026-09-09 18:00:00","2026-09-10 09:00:00","CAPE","surface",-68.7292,17.2065,3120
"2026-09-09 18:00:00","2026-09-10 09:00:00","CAPE","surface",-68.7053,17.2065,3080
"2026-09-09 18:00:00","2026-09-10 09:00:00","CAPE","surface",-68.6813,17.2065,3128
"2026-09-09 18:00:00","2026-09-10 09:00:00","CAPE","surface",-68.6574,17.2065,3034
"2026-09-09 18:00:00","2026-09-10 09:00:00","CAPE","surface",-68.6335,17.2065,2859
"2026-09-09 18:00:00","2026-09-10 09:00:00","CAPE","surface",-68.6096,17.2065,2924
"2026-09-09 18:00:00","2026-09-10 09:00:00","CAPE","surface",-68.5856,17.2065,2728
"2026-09-09 18:00:00","2026-09-10 09:00:00","CAPE","surface",-68.5617,17.2065,2866
"2026-09-09 18:00:00","2026-09-10 09:00:00","CAPE","surface",-68.5378,17.2065,3004
"2026-09-09 18:00:00","2026-09-10 09:00:00","CAPE","surface",-68.5139,17.2065,3135
"2026-09-09 18:00:00","2026-09-10 09:00:00","CAPE","surface",-68.4899,17.2065,3160
"2026-09-09 18:00:00","2026-09-10 09:00:00","CAPE","surface",-68.466,17.2065,3315
"2026-09-09 18:00:00","2026-09-10 09:00:00","CAPE","surface",-68.4421,17.2065,3343
"2026-09-09 18:00:00","2026-09-10 09:00:00","CAPE","surface",-68.4182,17.2065,3465
"2026-09-09 18:00:00","2026-09-10 09:00:00","CAPE","surface",-68.3942,17.2065,3465
"2026-09-09 18:00:00","2026-09-10 09:00:00","CAPE","surface",-68.3703,17.2065,3412
"2026-09-09 18:00:00","2026-09-10 09:00:00","CAPE","surface",-68.3464,17.2065,3356
"2026-09-09 18:00:00","2026-09-10 09:00:00","CAPE","surface",-68.3225,17.2065,3353
"2026-09-09 18:00:00","2026-09-10 09:00:00","CAPE","surface",-68.2985,17.2065,3095
"2026-09-09 18:00:00","2026-09-10 09:00:00","CAPE","surface",-68.2746,17.2065,3095
"2026-09-09 18:00:00","2026-09-10 09:00:00","CAPE","surface",-68.2507,17.2065,2606
"2026-09-09 18:00:00","2026-09-10 09:00:00","CAPE","surface",-68.2268,17.2065,2566
"2026-09-09 18:00:00","2026-09-10 09:00:00","CAPE","surface",-68.2028,17.2065,2456
"2026-09-09 18:00:00","2026-09-10 09:00:00","CAPE","surface",-68.1789,17.2065,2456
"2026-09-09 18:00:00","2026-09-10 09:00:00","CAPE","surface",-68.155,17.2065,2205
"2026-09-09 18:00:00","2026-09-10 09:00:00","CAPE","surface",-68.1311,17.2065,1838
"2026-09-09 18:00:00","2026-09-10 09:00:00","CAPE","surface",-68.1071,17.2065,1543
"2026-09-09 18:00:00","2026-09-10 09:00:00","CAPE","surface",-68.0832,17.2065,926
"2026-09-09 18:00:00","2026-09-10 09:00:00","CAPE","surface",-68.0593,17.2065,926
"2026-09-09 18:00:00","2026-09-10 09:00:00","CAPE","surface",-68.0354,17.2065,764
"2026-09-09 18:00:00","2026-09-10 09:00:00","CAPE","surface",-68.0114,17.2065,777
"2026-09-09 18:00:00","2026-09-10 09:00:00","CAPE","surface",-67.9875,17.2065,973
"2026-09-09 18:00:00","2026-09-10 09:00:00","CAPE","surface",-67.9636,17.2065,1089
"2026-09-09 18:00:00","2026-09-10 09:00:00","CAPE","surface",-67.9397,17.2065,1389
"2026-09-09 18:00:00","2026-09-10 09:00:00","CAPE","surface",-67.9157,17.2065,1790
"2026-09-09 18:00:00","2026-09-10 09:00:00","CAPE","surface",-67.8918,17.2065,2039
"2026-09-09 18:00:00","2026-09-10 09:00:00","CAPE","surface",-67.8679,17.2065,2059
"2026-09-09 18:00:00","2026-09-10 09:00:00","CAPE","surface",-67.844,17.2065,2202
"2026-09-09 18:00:00","2026-09-10 09:00:00","CAPE","surface",-67.82,17.2065,2145
"2026-09-09 18:00:00","2026-09-10 09:00:00","CAPE","surface",-67.7961,17.2065,2057
"2026-09-09 18:00:00","2026-09-10 09:00:00","CAPE","surface",-67.7722,17.2065,2235
"2026-09-09 18:00:00","2026-09-10 09:00:00","CAPE","surface",-67.7483,17.2065,2089
"2026-09-09 18:00:00","2026-09-10 09:00:00","CAPE","surface",-67.7243,17.2065,2305
"2026-09-09 18:00:00","2026-09-10 09:00:00","CAPE","surface",-67.7004,17.2065,2540
"2026-09-09 18:00:00","2026-09-10 09:00:00","CAPE","surface",-67.6765,17.2065,2691
"2026-09-09 18:00:00","2026-09-10 09:00:00","CAPE","surface",-67.6526,17.2065,2858
"2026-09-09 18:00:00","2026-09-10 09:00:00","CAPE","surface",-67.6286,17.2065,3316
"2026-09-09 18:00:00","2026-09-10 09:00:00","CAPE","surface",-67.6047,17.2065,3410
"2026-09-09 18:00:00","2026-09-10 09:00:00","CAPE","surface",-67.5808,17.2065,3530
"2026-09-09 18:00:00","2026-09-10 09:00:00","CAPE","surface",-67.5569,17.2065,3530
"2026-09-09 18:00:00","2026-09-10 09:00:00","CAPE","surface",-67.5329,17.2065,3529
"2026-09-09 18:00:00","2026-09-10 09:00:00","CAPE","surface",-67.509,17.2065,3520
"2026-09-09 18:00:00","2026-09-10 09:00:00","CAPE","surface",-67.4851,17.2065,3377
"2026-09-09 18:00:00","2026-09-10 09:00:00","CAPE","surface",-67.4612,17.2065,3248
"2026-09-09 18:00:00","2026-09-10 09:00:00","CAPE","surface",-67.4372,17.2065,3248
"2026-09-09 18:00:00","2026-09-10 09:00:00","CAPE","surface",-67.4133,17.2065,3154
"2026-09-09 18:00:00","2026-09-10 09:00:00","CAPE","surface",-67.3894,17.2065,3152
"2026-09-09 18:00:00","2026-09-10 09:00:00","CAPE","surface",-67.3655,17.2065,3134
"2026-09-09 18:00:00","2026-09-10 09:00:00","CAPE","surface",-67.3415,17.2065,3134
"2026-09-09 18:00:00","2026-09-10 09:00:00","CAPE","surface",-67.3176,17.2065,3177
"2026-09-09 18:00:00","2026-09-10 09:00:00","CAPE","surface",-67.2937,17.2065,3246
"2026-09-09 18:00:00","2026-09-10 09:00:00","CAPE","surface",-67.2698,17.2065,3249
"2026-09-09 18:00:00","2026-09-10 09:00:00","CAPE","surface",-67.2458,17.2065,3297
"2026-09-09 18:00:00","2026-09-10 09:00:00","CAPE","surface",-67.2219,17.2065,3285
"2026-09-09 18:00:00","2026-09-10 09:00:00","CAPE","surface",-67.198,17.2065,3269
"2026-09-09 18:00:00","2026-09-10 09:00:00","CAPE","surface",-67.1741,17.2065,3165
"2026-09-09 18:00:00","2026-09-10 09:00:00","CAPE","surface",-67.1501,17.2065,3165
"2026-09-09 18:00:00","2026-09-10 09:00:00","CAPE","surface",-67.1262,17.2065,3042
"2026-09-09 18:00:00","2026-09-10 09:00:00","CAPE","surface",-67.1023,17.2065,2939
"2026-09-09 18:00:00","2026-09-10 09:00:00","CAPE","surface",-67.0784,17.2065,2890
"2026-09-09 18:00:00","2026-09-10 09:00:00","CAPE","surface",-67.0544,17.2065,2848
"2026-09-09 18:00:00","2026-09-10 09:00:00","CAPE","surface",-67.0305,17.2065,2866
"2026-09-09 18:00:00","2026-09-10 09:00:00","CAPE","surface",-67.0066,17.2065,2833
"2026-09-09 18:00:00","2026-09-10 09:00:00","CAPE","surface",-74.7822,17.2294,2585
"2026-09-09 18:00:00","2026-09-10 09:00:00","CAPE","surface",-74.7583,17.2294,2577
"2026-09-09 18:00:00","2026-09-10 09:00:00","CAPE","surface",-74.7344,17.2294,2549
"2026-09-09 18:00:00","2026-09-10 09:00:00","CAPE","surface",-74.7105,17.2294,2442
"2026-09-09 18:00:00","2026-09-10 09:00:00","CAPE","surface",-74.6865,17.2294,2320
"2026-09-09 18:00:00","2026-09-10 09:00:00","CAPE","surface",-74.6626,17.2294,2320
"2026-09-09 18:00:00","2026-09-10 09:00:00","CAPE","surface",-74.6387,17.2294,2324
"2026-09-09 18:00:00","2026-09-10 09:00:00","CAPE","surface",-74.6148,17.2294,2356
"2026-09-09 18:00:00","2026-09-10 09:00:00","CAPE","surface",-74.5908,17.2294,2438
"2026-09-09 18:00:00","2026-09-10 09:00:00","CAPE","surface",-74.5669,17.2294,2547
"2026-09-09 18:00:00","2026-09-10 09:00:00","CAPE","surface",-74.543,17.2294,2784
"2026-09-09 18:00:00","2026-09-10 09:00:00","CAPE","surface",-74.5191,17.2294,2784
"2026-09-09 18:00:00","2026-09-10 09:00:00","CAPE","surface",-74.4951,17.2294,2813
"2026-09-09 18:00:00","2026-09-10 09:00:00","CAPE","surface",-74.4712,17.2294,2608
"2026-09-09 18:00:00","2026-09-10 09:00:00","CAPE","surface",-74.4473,17.2294,2268
"2026-09-09 18:00:00","2026-09-10 09:00:00","CAPE","surface",-74.4234,17.2294,2174
"2026-09-09 18:00:00","2026-09-10 09:00:00","CAPE","surface",-74.3994,17.2294,2182
"2026-09-09 18:00:00","2026-09-10 09:00:00","CAPE","surface",-74.3755,17.2294,2254
"2026-09-09 18:00:00","2026-09-10 09:00:00","CAPE","surface",-74.3516,17.2294,2339
"2026-09-09 18:00:00","2026-09-10 09:00:00","CAPE","surface",-74.3277,17.2294,2453
"2026-09-09 18:00:00","2026-09-10 09:00:00","CAPE","surface",-74.3037,17.2294,2435
"2026-09-09 18:00:00","2026-09-10 09:00:00","CAPE","surface",-74.2798,17.2294,2419
"2026-09-09 18:00:00","2026-09-10 09:00:00","CAPE","surface",-74.2559,17.2294,2144
"2026-09-09 18:00:00","2026-09-10 09:00:00","CAPE","surface",-74.232,17.2294,2071
"2026-09-09 18:00:00","2026-09-10 09:00:00","CAPE","surface",-74.208,17.2294,2071
"2026-09-09 18:00:00","2026-09-10 09:00:00","CAPE","surface",-74.1841,17.2294,2218
"2026-09-09 18:00:00","2026-09-10 09:00:00","CAPE","surface",-74.1602,17.2294,2205
"2026-09-09 18:00:00","2026-09-10 09:00:00","CAPE","surface",-74.1363,17.2294,2603
"2026-09-09 18:00:00","2026-09-10 09:00:00","CAPE","surface",-74.1123,17.2294,2596
"2026-09-09 18:00:00","2026-09-10 09:00:00","CAPE","surface",-74.0884,17.2294,2840
"2026-09-09 18:00:00","2026-09-10 09:00:00","CAPE","surface",-74.0645,17.2294,2840
"2026-09-09 18:00:00","2026-09-10 09:00:00","CAPE","surface",-74.0406,17.2294,2973
"2026-09-09 18:00:00","2026-09-10 09:00:00","CAPE","surface",-74.0166,17.2294,2877
"2026-09-09 18:00:00","2026-09-10 09:00:00","CAPE","surface",-73.9927,17.2294,2834
"2026-09-09 18:00:00","2026-09-10 09:00:00","CAPE","surface",-73.9688,17.2294,2458
"2026-09-09 18:00:00","2026-09-10 09:00:00","CAPE","surface",-73.9449,17.2294,2454
"2026-09-09 18:00:00","2026-09-10 09:00:00","CAPE","surface",-73.9209,17.2294,2454
"2026-09-09 18:00:00","2026-09-10 09:00:00","CAPE","surface",-73.897,17.2294,2604
"2026-09-09 18:00:00","2026-09-10 09:00:00","CAPE","surface",-73.8731,17.2294,2430
"2026-09-09 18:00:00","2026-09-10 09:00:00","CAPE","surface",-73.8492,17.2294,2492
"2026-09-09 18:00:00","2026-09-10 09:00:00","CAPE","surface",-73.8252,17.2294,2301
"2026-09-09 18:00:00","2026-09-10 09:00:00","CAPE","surface",-73.8013,17.2294,2198
"2026-09-09 18:00:00","2026-09-10 09:00:00","CAPE","surface",-73.7774,17.2294,2198
"2026-09-09 18:00:00","2026-09-10 09:00:00","CAPE","surface",-73.7535,17.2294,2185
"2026-09-09 18:00:00","2026-09-10 09:00:00","CAPE","surface",-73.7295,17.2294,2294
"2026-09-09 18:00:00","2026-09-10 09:00:00","CAPE","surface",-73.7056,17.2294,2306
"2026-09-09 18:00:00","2026-09-10 09:00:00","CAPE","surface",-73.6817,17.2294,2363
"2026-09-09 18:00:00","2026-09-10 09:00:00","CAPE","surface",-73.6578,17.2294,2363
"2026-09-09 18:00:00","2026-09-10 09:00:00","CAPE","surface",-73.6338,17.2294,2427
"2026-09-09 18:00:00","2026-09-10 09:00:00","CAPE","surface",-73.6099,17.2294,2539
"2026-09-09 18:00:00","2026-09-10 09:00:00","CAPE","surface",-73.586,17.2294,2651
"2026-09-09 18:00:00","2026-09-10 09:00:00","CAPE","surface",-73.5621,17.2294,2798
"2026-09-09 18:00:00","2026-09-10 09:00:00","CAPE","surface",-73.5381,17.2294,2811
"2026-09-09 18:00:00","2026-09-10 09:00:00","CAPE","surface",-73.5142,17.2294,2811
"2026-09-09 18:00:00","2026-09-10 09:00:00","CAPE","surface",-73.4903,17.2294,2611
"2026-09-09 18:00:00","2026-09-10 09:00:00","CAPE","surface",-73.4664,17.2294,2732
"2026-09-09 18:00:00","2026-09-10 09:00:00","CAPE","surface",-73.4424,17.2294,2510
"2026-09-09 18:00:00","2026-09-10 09:00:00","CAPE","surface",-73.4185,17.2294,2675
"2026-09-09 18:00:00","2026-09-10 09:00:00","CAPE","surface",-73.3946,17.2294,2542
"2026-09-09 18:00:00","2026-09-10 09:00:00","CAPE","surface",-73.3707,17.2294,2542
"2026-09-09 18:00:00","2026-09-10 09:00:00","CAPE","surface",-73.3467,17.2294,2376
"2026-09-09 18:00:00","2026-09-10 09:00:00","CAPE","surface",-73.3228,17.2294,2224
"2026-09-09 18:00:00","2026-09-10 09:00:00","CAPE","surface",-73.2989,17.2294,2333
"2026-09-09 18:00:00","2026-09-10 09:00:00","CAPE","surface",-73.275,17.2294,2263
"2026-09-09 18:00:00","2026-09-10 09:00:00","CAPE","surface",-73.251,17.2294,2271
"2026-09-09 18:00:00","2026-09-10 09:00:00","CAPE","surface",-73.2271,17.2294,2296
"2026-09-09 18:00:00","2026-09-10 09:00:00","CAPE","surface",-73.2032,17.2294,2298
"2026-09-09 18:00:00","2026-09-10 09:00:00","CAPE","surface",-73.1793,17.2294,2348
"2026-09-09 18:00:00","2026-09-10 09:00:00","CAPE","surface",-73.1553,17.2294,2322
"2026-09-09 18:00:00","2026-09-10 09:00:00","CAPE","surface",-73.1314,17.2294,2252
"2026-09-09 18:00:00","2026-09-10 09:00:00","CAPE","surface",-73.1075,17.2294,2236
"2026-09-09 18:00:00","2026-09-10 09:00:00","CAPE","surface",-73.0836,17.2294,2206
"2026-09-09 18:00:00","2026-09-10 09:00:00","CAPE","surface",-73.0596,17.2294,2188
"2026-09-09 18:00:00","2026-09-10 09:00:00","CAPE","surface",-73.0357,17.2294,2153
"2026-09-09 18:00:00","2026-09-10 09:00:00","CAPE","surface",-73.0118,17.2294,2127
"2026-09-09 18:00:00","2026-09-10 09:00:00","CAPE","surface",-72.9879,17.2294,2130
"2026-09-09 18:00:00","2026-09-10 09:00:00","CAPE","surface",-72.9639,17.2294,2130
"2026-09-09 18:00:00","2026-09-10 09:00:00","CAPE","surface",-72.94,17.2294,2285
"2026-09-09 18:00:00","2026-09-10 09:00:00","CAPE","surface",-72.9161,17.2294,2470
"2026-09-09 18:00:00","2026-09-10 09:00:00","CAPE","surface",-72.8922,17.2294,2437
"2026-09-09 18:00:00","2026-09-10 09:00:00","CAPE","surface",-72.8682,17.2294,2599
"2026-09-09 18:00:00","2026-09-10 09:00:00","CAPE","surface",-72.8443,17.2294,2551
"2026-09-09 18:00:00","2026-09-10 09:00:00","CAPE","surface",-72.8204,17.2294,2757
"2026-09-09 18:00:00","2026-09-10 09:00:00","CAPE","surface",-72.7965,17.2294,2741
"2026-09-09 18:00:00","2026-09-10 09:00:00","CAPE","surface",-72.7725,17.2294,2813
"2026-09-09 18:00:00","2026-09-10 09:00:00","CAPE","surface",-72.7486,17.2294,2845
"2026-09-09 18:00:00","2026-09-10 09:00:00","CAPE","surface",-72.7247,17.2294,2858
"2026-09-09 18:00:00","2026-09-10 09:00:00","CAPE","surface",-72.7008,17.2294,2858
"2026-09-09 18:00:00","2026-09-10 09:00:00","CAPE","surface",-72.6768,17.2294,2790
"2026-09-09 18:00:00","2026-09-10 09:00:00","CAPE","surface",-72.6529,17.2294,2788
"2026-09-09 18:00:00","2026-09-10 09:00:00","CAPE","surface",-72.629,17.2294,2708
"2026-09-09 18:00:00","2026-09-10 09:00:00","CAPE","surface",-72.6051,17.2294,2653
"2026-09-09 18:00:00","2026-09-10 09:00:00","CAPE","surface",-72.5811,17.2294,2661
"2026-09-09 18:00:00","2026-09-10 09:00:00","CAPE","surface",-72.5572,17.2294,2602
"2026-09-09 18:00:00","2026-09-10 09:00:00","CAPE","surface",-72.5333,17.2294,2625
"2026-09-09 18:00:00","2026-09-10 09:00:00","CAPE","surface",-72.5094,17.2294,2600
"2026-09-09 18:00:00","2026-09-10 09:00:00","CAPE","surface",-72.4854,17.2294,2646
"2026-09-09 18:00:00","2026-09-10 09:00:00","CAPE","surface",-72.4615,17.2294,2614
"2026-09-09 18:00:00","2026-09-10 09:00:00","CAPE","surface",-72.4376,17.2294,2614
"2026-09-09 18:00:00","2026-09-10 09:00:00","CAPE","surface",-72.4137,17.2294,2589
"2026-09-09 18:00:00","2026-09-10 09:00:00","CAPE","surface",-72.3897,17.2294,2598
"2026-09-09 18:00:00","2026-09-10 09:00:00","CAPE","surface",-72.3658,17.2294,2612
"2026-09-09 18:00:00","2026-09-10 09:00:00","CAPE","surface",-72.3419,17.2294,2640
"2026-09-09 18:00:00","2026-09-10 09:00:00","CAPE","surface",-72.318,17.2294,2719
"2026-09-09 18:00:00","2026-09-10 09:00:00","CAPE","surface",-72.294,17.2294,2719
"2026-09-09 18:00:00","2026-09-10 09:00:00","CAPE","surface",-72.2701,17.2294,2788
"2026-09-09 18:00:00","2026-09-10 09:00:00","CAPE","surface",-72.2462,17.2294,2835
"2026-09-09 18:00:00","2026-09-10 09:00:00","CAPE","surface",-72.2223,17.2294,2839
"2026-09-09 18:00:00","2026-09-10 09:00:00","CAPE","surface",-72.1983,17.2294,2866
"2026-09-09 18:00:00","2026-09-10 09:00:00","CAPE","surface",-72.1744,17.2294,2866
"2026-09-09 18:00:00","2026-09-10 09:00:00","CAPE","surface",-72.1505,17.2294,2871
"2026-09-09 18:00:00","2026-09-10 09:00:00","CAPE","surface",-72.1266,17.2294,2879
"2026-09-09 18:00:00","2026-09-10 09:00:00","CAPE","surface",-72.1026,17.2294,2880
"2026-09-09 18:00:00","2026-09-10 09:00:00","CAPE","surface",-72.0787,17.2294,2893
"2026-09-09 18:00:00","2026-09-10 09:00:00","CAPE","surface",-72.0548,17.2294,2904
"2026-09-09 18:00:00","2026-09-10 09:00:00","CAPE","surface",-72.0309,17.2294,2913
"2026-09-09 18:00:00","2026-09-10 09:00:00","CAPE","surface",-72.0069,17.2294,2926
"2026-09-09 18:00:00","2026-09-10 09:00:00","CAPE","surface",-71.983,17.2294,2931
"2026-09-09 18:00:00","2026-09-10 09:00:00","CAPE","surface",-71.9591,17.2294,2918
"2026-09-09 18:00:00","2026-09-10 09:00:00","CAPE","surface",-71.9352,17.2294,2929
"2026-09-09 18:00:00","2026-09-10 09:00:00","CAPE","surface",-71.9112,17.2294,2929
"2026-09-09 18:00:00","2026-09-10 09:00:00","CAPE","surface",-71.8873,17.2294,2916
"2026-09-09 18:00:00","2026-09-10 09:00:00","CAPE","surface",-71.8634,17.2294,2874
"2026-09-09 18:00:00","2026-09-10 09:00:00","CAPE","surface",-71.8395,17.2294,2856
"2026-09-09 18:00:00","2026-09-10 09:00:00","CAPE","surface",-71.8155,17.2294,2837
"2026-09-09 18:00:00","2026-09-10 09:00:00","CAPE","surface",-71.7916,17.2294,2922
"2026-09-09 18:00:00","2026-09-10 09:00:00","CAPE","surface",-71.7677,17.2294,2944
"2026-09-09 18:00:00","2026-09-10 09:00:00","CAPE","surface",-71.7438,17.2294,3141
"2026-09-09 18:00:00","2026-09-10 09:00:00","CAPE","surface",-71.7198,17.2294,3242
"2026-09-09 18:00:00","2026-09-10 09:00:00","CAPE","surface",-71.6959,17.2294,3456
"2026-09-09 18:00:00","2026-09-10 09:00:00","CAPE","surface",-71.672,17.2294,3535
"2026-09-09 18:00:00","2026-09-10 09:00:00","CAPE","surface",-71.6481,17.2294,3418
"2026-09-09 18:00:00","2026-09-10 09:00:00","CAPE","surface",-71.6241,17.2294,3051
"2026-09-09 18:00:00","2026-09-10 09:00:00","CAPE","surface",-71.6002,17.2294,2820
"2026-09-09 18:00:00","2026-09-10 09:00:00","CAPE","surface",-71.5763,17.2294,2754
"2026-09-09 18:00:00","2026-09-10 09:00:00","CAPE","surface",-71.5524,17.2294,2754
"2026-09-09 18:00:00","2026-09-10 09:00:00","CAPE","surface",-71.5284,17.2294,2773
"2026-09-09 18:00:00","2026-09-10 09:00:00","CAPE","surface",-71.5045,17.2294,2739
"2026-09-09 18:00:00","2026-09-10 09:00:00","CAPE","surface",-71.4806,17.2294,2716
"2026-09-09 18:00:00","2026-09-10 09:00:00","CAPE","surface",-71.4567,17.2294,2657
"2026-09-09 18:00:00","2026-09-10 09:00:00","CAPE","surface",-71.4327,17.2294,2662
"2026-09-09 18:00:00","2026-09-10 09:00:00","CAPE","surface",-71.4088,17.2294,2741
"2026-09-09 18:00:00","2026-09-10 09:00:00","CAPE","surface",-71.3849,17.2294,2630
"2026-09-09 18:00:00","2026-09-10 09:00:00","CAPE","surface",-71.361,17.2294,2645
"2026-09-09 18:00:00","2026-09-10 09:00:00","CAPE","surface",-71.337,17.2294,2578
"2026-09-09 18:00:00","2026-09-10 09:00:00","CAPE","surface",-71.3131,17.2294,2605
"2026-09-09 18:00:00","2026-09-10 09:00:00","CAPE","surface",-71.2892,17.2294,2605
"2026-09-09 18:00:00","2026-09-10 09:00:00","CAPE","surface",-71.2653,17.2294,2637
"2026-09-09 18:00:00","2026-09-10 09:00:00","CAPE","surface",-71.2413,17.2294,2571
"2026-09-09 18:00:00","2026-09-10 09:00:00","CAPE","surface",-71.2174,17.2294,2512
"2026-09-09 18:00:00","2026-09-10 09:00:00","CAPE","surface",-71.1935,17.2294,2432
"2026-09-09 18:00:00","2026-09-10 09:00:00","CAPE","surface",-71.1696,17.2294,2427
"2026-09-09 18:00:00","2026-09-10 09:00:00","CAPE","surface",-71.1456,17.2294,2453
"2026-09-09 18:00:00","2026-09-10 09:00:00","CAPE","surface",-71.1217,17.2294,2480
"2026-09-09 18:00:00","2026-09-10 09:00:00","CAPE","surface",-71.0978,17.2294,2498
"2026-09-09 18:00:00","2026-09-10 09:00:00","CAPE","surface",-71.0739,17.2294,2478
"2026-09-09 18:00:00","2026-09-10 09:00:00","CAPE","surface",-71.0499,17.2294,2460
"2026-09-09 18:00:00","2026-09-10 09:00:00","CAPE","surface",-71.026,17.2294,2446
"2026-09-09 18:00:00","2026-09-10 09:00:00","CAPE","surface",-71.0021,17.2294,2393
"2026-09-09 18:00:00","2026-09-10 09:00:00","CAPE","surface",-70.9782,17.2294,2401
"2026-09-09 18:00:00","2026-09-10 09:00:00","CAPE","surface",-70.9542,17.2294,2409
"2026-09-09 18:00:00","2026-09-10 09:00:00","CAPE","surface",-70.9303,17.2294,2407
"2026-09-09 18:00:00","2026-09-10 09:00:00","CAPE","surface",-70.9064,17.2294,2417
"2026-09-09 18:00:00","2026-09-10 09:00:00","CAPE","surface",-70.8825,17.2294,2417
"2026-09-09 18:00:00","2026-09-10 09:00:00","CAPE","surface",-70.8585,17.2294,2445
"2026-09-09 18:00:00","2026-09-10 09:00:00","CAPE","surface",-70.8346,17.2294,2392
"2026-09-09 18:00:00","2026-09-10 09:00:00","CAPE","surface",-70.8107,17.2294,2392
"2026-09-09 18:00:00","2026-09-10 09:00:00","CAPE","surface",-70.7868,17.2294,2332
"2026-09-09 18:00:00","2026-09-10 09:00:00","CAPE","surface",-70.7628,17.2294,2352
"2026-09-09 18:00:00","2026-09-10 09:00:00","CAPE","surface",-70.7389,17.2294,2351
"2026-09-09 18:00:00","2026-09-10 09:00:00","CAPE","surface",-70.715,17.2294,2458
"2026-09-09 18:00:00","2026-09-10 09:00:00","CAPE","surface",-70.6911,17.2294,2438
"2026-09-09 18:00:00","2026-09-10 09:00:00","CAPE","surface",-70.6671,17.2294,2479
"2026-09-09 18:00:00","2026-09-10 09:00:00","CAPE","surface",-70.6432,17.2294,2567
"2026-09-09 18:00:00","2026-09-10 09:00:00","CAPE","surface",-70.6193,17.2294,2618
"2026-09-09 18:00:00","2026-09-10 09:00:00","CAPE","surface",-70.5954,17.2294,2654
"2026-09-09 18:00:00","2026-09-10 09:00:00","CAPE","surface",-70.5714,17.2294,2622
"2026-09-09 18:00:00","2026-09-10 09:00:00","CAPE","surface",-70.5475,17.2294,2428
"2026-09-09 18:00:00","2026-09-10 09:00:00","CAPE","surface",-70.5236,17.2294,2588
"2026-09-09 18:00:00","2026-09-10 09:00:00","CAPE","surface",-70.4997,17.2294,2244
"2026-09-09 18:00:00","2026-09-10 09:00:00","CAPE","surface",-70.4757,17.2294,1775
"2026-09-09 18:00:00","2026-09-10 09:00:00","CAPE","surface",-70.4518,17.2294,2308
"2026-09-09 18:00:00","2026-09-10 09:00:00","CAPE","surface",-70.4279,17.2294,1707
"2026-09-09 18:00:00","2026-09-10 09:00:00","CAPE","surface",-70.404,17.2294,1349
"2026-09-09 18:00:00","2026-09-10 09:00:00","CAPE","surface",-70.38,17.2294,1023
"2026-09-09 18:00:00","2026-09-10 09:00:00","CAPE","surface",-70.3561,17.2294,867
"2026-09-09 18:00:00","2026-09-10 09:00:00","CAPE","surface",-70.3322,17.2294,867
"2026-09-09 18:00:00","2026-09-10 09:00:00","CAPE","surface",-70.3083,17.2294,910
"2026-09-09 18:00:00","2026-09-10 09:00:00","CAPE","surface",-70.2843,17.2294,1173
"2026-09-09 18:00:00","2026-09-10 09:00:00","CAPE","surface",-70.2604,17.2294,1444
"2026-09-09 18:00:00","2026-09-10 09:00:00","CAPE","surface",-70.2365,17.2294,1623
"2026-09-09 18:00:00","2026-09-10 09:00:00","CAPE","surface",-70.2126,17.2294,1623
"2026-09-09 18:00:00","2026-09-10 09:00:00","CAPE","surface",-70.1886,17.2294,1789
"2026-09-09 18:00:00","2026-09-10 09:00:00","CAPE","surface",-70.1647,17.2294,2127
"2026-09-09 18:00:00","2026-09-10 09:00:00","CAPE","surface",-70.1408,17.2294,1981
"2026-09-09 18:00:00","2026-09-10 09:00:00","CAPE","surface",-70.1169,17.2294,1981
"2026-09-09 18:00:00","2026-09-10 09:00:00","CAPE","surface",-70.0929,17.2294,1795
"2026-09-09 18:00:00","2026-09-10 09:00:00","CAPE","surface",-70.069,17.2294,1975
"2026-09-09 18:00:00","2026-09-10 09:00:00","CAPE","surface",-70.0451,17.2294,1870
"2026-09-09 18:00:00","2026-09-10 09:00:00","CAPE","surface",-70.0212,17.2294,1904
"2026-09-09 18:00:00","2026-09-10 09:00:00","CAPE","surface",-69.9972,17.2294,1904
"2026-09-09 18:00:00","2026-09-10 09:00:00","CAPE","surface",-69.9733,17.2294,2157
"2026-09-09 18:00:00","2026-09-10 09:00:00","CAPE","surface",-69.9494,17.2294,2345
"2026-09-09 18:00:00","2026-09-10 09:00:00","CAPE","surface",-69.9255,17.2294,2749
"2026-09-09 18:00:00","2026-09-10 09:00:00","CAPE","surface",-69.9015,17.2294,2910
"2026-09-09 18:00:00","2026-09-10 09:00:00","CAPE","surface",-69.8776,17.2294,2793
"2026-09-09 18:00:00","2026-09-10 09:00:00","CAPE","surface",-69.8537,17.2294,2812
"2026-09-09 18:00:00","2026-09-10 09:00:00","CAPE","surface",-69.8298,17.2294,2744
"2026-09-09 18:00:00","2026-09-10 09:00:00","CAPE","surface",-69.8058,17.2294,2741
"2026-09-09 18:00:00","2026-09-10 09:00:00","CAPE","surface",-69.7819,17.2294,2719
"2026-09-09 18:00:00","2026-09-10 09:00:00","CAPE","surface",-69.758,17.2294,2785
"2026-09-09 18:00:00","2026-09-10 09:00:00","CAPE","surface",-69.7341,17.2294,2799
"2026-09-09 18:00:00","2026-09-10 09:00:00","CAPE","surface",-69.7101,17.2294,2875
"2026-09-09 18:00:00","2026-09-10 09:00:00","CAPE","surface",-69.6862,17.2294,2882
"2026-09-09 18:00:00","2026-09-10 09:00:00","CAPE","surface",-69.6623,17.2294,2907
"2026-09-09 18:00:00","2026-09-10 09:00:00","CAPE","surface",-69.6384,17.2294,2933
"2026-09-09 18:00:00","2026-09-10 09:00:00","CAPE","surface",-69.6144,17.2294,2967
"2026-09-09 18:00:00","2026-09-10 09:00:00","CAPE","surface",-69.5905,17.2294,3032
"2026-09-09 18:00:00","2026-09-10 09:00:00","CAPE","surface",-69.5666,17.2294,3087
"2026-09-09 18:00:00","2026-09-10 09:00:00","CAPE","surface",-69.5427,17.2294,3108
"2026-09-09 18:00:00","2026-09-10 09:00:00","CAPE","surface",-69.5187,17.2294,3137
"2026-09-09 18:00:00","2026-09-10 09:00:00","CAPE","surface",-69.4948,17.2294,3196
"2026-09-09 18:00:00","2026-09-10 09:00:00","CAPE","surface",-69.4709,17.2294,3230
"2026-09-09 18:00:00","2026-09-10 09:00:00","CAPE","surface",-69.447,17.2294,3234
"2026-09-09 18:00:00","2026-09-10 09:00:00","CAPE","surface",-69.423,17.2294,3189
"2026-09-09 18:00:00","2026-09-10 09:00:00","CAPE","surface",-69.3991,17.2294,3170
"2026-09-09 18:00:00","2026-09-10 09:00:00","CAPE","surface",-69.3752,17.2294,2863
"2026-09-09 18:00:00","2026-09-10 09:00:00","CAPE","surface",-69.3513,17.2294,2544
"2026-09-09 18:00:00","2026-09-10 09:00:00","CAPE","surface",-69.3273,17.2294,2421
"2026-09-09 18:00:00","2026-09-10 09:00:00","CAPE","surface",-69.3034,17.2294,2316
"2026-09-09 18:00:00","2026-09-10 09:00:00","CAPE","surface",-69.2795,17.2294,2332
"2026-09-09 18:00:00","2026-09-10 09:00:00","CAPE","surface",-69.2556,17.2294,2233
"2026-09-09 18:00:00","2026-09-10 09:00:00","CAPE","surface",-69.2316,17.2294,2238
"2026-09-09 18:00:00","2026-09-10 09:00:00","CAPE","surface",-69.2077,17.2294,2076
"2026-09-09 18:00:00","2026-09-10 09:00:00","CAPE","surface",-69.1838,17.2294,2005
"2026-09-09 18:00:00","2026-09-10 09:00:00","CAPE","surface",-69.1599,17.2294,1954
"2026-09-09 18:00:00","2026-09-10 09:00:00","CAPE","surface",-69.1359,17.2294,1987
"2026-09-09 18:00:00","2026-09-10 09:00:00","CAPE","surface",-69.112,17.2294,2073
"2026-09-09 18:00:00","2026-09-10 09:00:00","CAPE","surface",-69.0881,17.2294,2073
"2026-09-09 18:00:00","2026-09-10 09:00:00","CAPE","surface",-69.0642,17.2294,2213
"2026-09-09 18:00:00","2026-09-10 09:00:00","CAPE","surface",-69.0402,17.2294,2377
"2026-09-09 18:00:00","2026-09-10 09:00:00","CAPE","surface",-69.0163,17.2294,2540
"2026-09-09 18:00:00","2026-09-10 09:00:00","CAPE","surface",-68.9924,17.2294,2704
"2026-09-09 18:00:00","2026-09-10 09:00:00","CAPE","surface",-68.9685,17.2294,2920
"2026-09-09 18:00:00","2026-09-10 09:00:00","CAPE","surface",-68.9445,17.2294,3204
"2026-09-09 18:00:00","2026-09-10 09:00:00","CAPE","surface",-68.9206,17.2294,3259
"2026-09-09 18:00:00","2026-09-10 09:00:00","CAPE","surface",-68.8967,17.2294,3249
"2026-09-09 18:00:00","2026-09-10 09:00:00","CAPE","surface",-68.8728,17.2294,3211
"2026-09-09 18:00:00","2026-09-10 09:00:00","CAPE","surface",-68.8488,17.2294,3208
"2026-09-09 18:00:00","2026-09-10 09:00:00","CAPE","surface",-68.8249,17.2294,3198
"2026-09-09 18:00:00","2026-09-10 09:00:00","CAPE","surface",-68.801,17.2294,3173
"2026-09-09 18:00:00","2026-09-10 09:00:00","CAPE","surface",-68.7771,17.2294,3064
"2026-09-09 18:00:00","2026-09-10 09:00:00","CAPE","surface",-68.7531,17.2294,3098
"2026-09-09 18:00:00","2026-09-10 09:00:00","CAPE","surface",-68.7292,17.2294,3001
"2026-09-09 18:00:00","2026-09-10 09:00:00","CAPE","surface",-68.7053,17.2294,2885
"2026-09-09 18:00:00","2026-09-10 09:00:00","CAPE","surface",-68.6813,17.2294,2981
"2026-09-09 18:00:00","2026-09-10 09:00:00","CAPE","surface",-68.6574,17.2294,2751
"2026-09-09 18:00:00","2026-09-10 09:00:00","CAPE","surface",-68.6335,17.2294,2809
"2026-09-09 18:00:00","2026-09-10 09:00:00","CAPE","surface",-68.6096,17.2294,2643
"2026-09-09 18:00:00","2026-09-10 09:00:00","CAPE","surface",-68.5856,17.2294,2728
"2026-09-09 18:00:00","2026-09-10 09:00:00","CAPE","surface",-68.5617,17.2294,2671
"2026-09-09 18:00:00","2026-09-10 09:00:00","CAPE","surface",-68.5378,17.2294,2919
"2026-09-09 18:00:00","2026-09-10 09:00:00","CAPE","surface",-68.5139,17.2294,3067
"2026-09-09 18:00:00","2026-09-10 09:00:00","CAPE","surface",-68.4899,17.2294,3266
"2026-09-09 18:00:00","2026-09-10 09:00:00","CAPE","surface",-68.466,17.2294,3315
"2026-09-09 18:00:00","2026-09-10 09:00:00","CAPE","surface",-68.4421,17.2294,3433
"2026-09-09 18:00:00","2026-09-10 09:00:00","CAPE","surface",-68.4182,17.2294,3461
"2026-09-09 18:00:00","2026-09-10 09:00:00","CAPE","surface",-68.3942,17.2294,3460
"2026-09-09 18:00:00","2026-09-10 09:00:00","CAPE","surface",-68.3703,17.2294,3339
"2026-09-09 18:00:00","2026-09-10 09:00:00","CAPE","surface",-68.3464,17.2294,3339
"2026-09-09 18:00:00","2026-09-10 09:00:00","CAPE","surface",-68.3225,17.2294,3327
"2026-09-09 18:00:00","2026-09-10 09:00:00","CAPE","surface",-68.2985,17.2294,3240
"2026-09-09 18:00:00","2026-09-10 09:00:00","CAPE","surface",-68.2746,17.2294,2779
"2026-09-09 18:00:00","2026-09-10 09:00:00","CAPE","surface",-68.2507,17.2294,2606
"2026-09-09 18:00:00","2026-09-10 09:00:00","CAPE","surface",-68.2268,17.2294,2467
"2026-09-09 18:00:00","2026-09-10 09:00:00","CAPE","surface",-68.2028,17.2294,2255
"2026-09-09 18:00:00","2026-09-10 09:00:00","CAPE","surface",-68.1789,17.2294,2212
"2026-09-09 18:00:00","2026-09-10 09:00:00","CAPE","surface",-68.155,17.2294,1970
"2026-09-09 18:00:00","2026-09-10 09:00:00","CAPE","surface",-68.1311,17.2294,1970
"2026-09-09 18:00:00","2026-09-10 09:00:00","CAPE","surface",-68.1071,17.2294,1591
"2026-09-09 18:00:00","2026-09-10 09:00:00","CAPE","surface",-68.0832,17.2294,1270
"2026-09-09 18:00:00","2026-09-10 09:00:00","CAPE","surface",-68.0593,17.2294,843
"2026-09-09 18:00:00","2026-09-10 09:00:00","CAPE","surface",-68.0354,17.2294,932
"2026-09-09 18:00:00","2026-09-10 09:00:00","CAPE","surface",-68.0114,17.2294,823
"2026-09-09 18:00:00","2026-09-10 09:00:00","CAPE","surface",-67.9875,17.2294,951
"2026-09-09 18:00:00","2026-09-10 09:00:00","CAPE","surface",-67.9636,17.2294,1089
"2026-09-09 18:00:00","2026-09-10 09:00:00","CAPE","surface",-67.9397,17.2294,1457
"2026-09-09 18:00:00","2026-09-10 09:00:00","CAPE","surface",-67.9157,17.2294,1457
"2026-09-09 18:00:00","2026-09-10 09:00:00","CAPE","surface",-67.8918,17.2294,1807
"2026-09-09 18:00:00","2026-09-10 09:00:00","CAPE","surface",-67.8679,17.2294,1934
"2026-09-09 18:00:00","2026-09-10 09:00:00","CAPE","surface",-67.844,17.2294,2063
"2026-09-09 18:00:00","2026-09-10 09:00:00","CAPE","surface",-67.82,17.2294,1828
"2026-09-09 18:00:00","2026-09-10 09:00:00","CAPE","surface",-67.7961,17.2294,1915
"2026-09-09 18:00:00","2026-09-10 09:00:00","CAPE","surface",-67.7722,17.2294,1855
"2026-09-09 18:00:00","2026-09-10 09:00:00","CAPE","surface",-67.7483,17.2294,2089
"2026-09-09 18:00:00","2026-09-10 09:00:00","CAPE","surface",-67.7243,17.2294,2122
"2026-09-09 18:00:00","2026-09-10 09:00:00","CAPE","surface",-67.7004,17.2294,2453
"2026-09-09 18:00:00","2026-09-10 09:00:00","CAPE","surface",-67.6765,17.2294,2664
"2026-09-09 18:00:00","2026-09-10 09:00:00","CAPE","surface",-67.6526,17.2294,3137
"2026-09-09 18:00:00","2026-09-10 09:00:00","CAPE","surface",-67.6286,17.2294,3316
"2026-09-09 18:00:00","2026-09-10 09:00:00","CAPE","surface",-67.6047,17.2294,3420
"2026-09-09 18:00:00","2026-09-10 09:00:00","CAPE","surface",-67.5808,17.2294,3468
"2026-09-09 18:00:00","2026-09-10 09:00:00","CAPE","surface",-67.5569,17.2294,3488
"2026-09-09 18:00:00","2026-09-10 09:00:00","CAPE","surface",-67.5329,17.2294,3371
"2026-09-09 18:00:00","2026-09-10 09:00:00","CAPE","surface",-67.509,17.2294,3371
"2026-09-09 18:00:00","2026-09-10 09:00:00","CAPE","surface",-67.4851,17.2294,3115
"2026-09-09 18:00:00","2026-09-10 09:00:00","CAPE","surface",-67.4612,17.2294,3251
"2026-09-09 18:00:00","2026-09-10 09:00:00","CAPE","surface",-67.4372,17.2294,3135
"2026-09-09 18:00:00","2026-09-10 09:00:00","CAPE","surface",-67.4133,17.2294,3135
"2026-09-09 18:00:00","2026-09-10 09:00:00","CAPE","surface",-67.3894,17.2294,3083
"2026-09-09 18:00:00","2026-09-10 09:00:00","CAPE","surface",-67.3655,17.2294,2979
"2026-09-09 18:00:00","2026-09-10 09:00:00","CAPE","surface",-67.3415,17.2294,3100
"2026-09-09 18:00:00","2026-09-10 09:00:00","CAPE","surface",-67.3176,17.2294,3111
"2026-09-09 18:00:00","2026-09-10 09:00:00","CAPE","surface",-67.2937,17.2294,3220
"2026-09-09 18:00:00","2026-09-10 09:00:00","CAPE","surface",-67.2698,17.2294,3290
"2026-09-09 18:00:00","2026-09-10 09:00:00","CAPE","surface",-67.2458,17.2294,3311
"2026-09-09 18:00:00","2026-09-10 09:00:00","CAPE","surface",-67.2219,17.2294,3301
"2026-09-09 18:00:00","2026-09-10 09:00:00","CAPE","surface",-67.198,17.2294,3266
"2026-09-09 18:00:00","2026-09-10 09:00:00","CAPE","surface",-67.1741,17.2294,3227
"2026-09-09 18:00:00","2026-09-10 09:00:00","CAPE","surface",-67.1501,17.2294,3144
"2026-09-09 18:00:00","2026-09-10 09:00:00","CAPE","surface",-67.1262,17.2294,3042
"2026-09-09 18:00:00","2026-09-10 09:00:00","CAPE","surface",-67.1023,17.2294,3032
"2026-09-09 18:00:00","2026-09-10 09:00:00","CAPE","surface",-67.0784,17.2294,2982
"2026-09-09 18:00:00","2026-09-10 09:00:00","CAPE","surface",-67.0544,17.2294,2922
"2026-09-09 18:00:00","2026-09-10 09:00:00","CAPE","surface",-67.0305,17.2294,2896
"2026-09-09 18:00:00","2026-09-10 09:00:00","CAPE","surface",-67.0066,17.2294,2896
"2026-09-09 18:00:00","2026-09-10 09:00:00","CAPE","surface",-74.7822,17.2522,2585
"2026-09-09 18:00:00","2026-09-10 09:00:00","CAPE","surface",-74.7583,17.2522,2670
"2026-09-09 18:00:00","2026-09-10 09:00:00","CAPE","surface",-74.7344,17.2522,2670
"2026-09-09 18:00:00","2026-09-10 09:00:00","CAPE","surface",-74.7105,17.2522,2502
"2026-09-09 18:00:00","2026-09-10 09:00:00","CAPE","surface",-74.6865,17.2522,2348
"2026-09-09 18:00:00","2026-09-10 09:00:00","CAPE","surface",-74.6626,17.2522,2307
"2026-09-09 18:00:00","2026-09-10 09:00:00","CAPE","surface",-74.6387,17.2522,2324
"2026-09-09 18:00:00","2026-09-10 09:00:00","CAPE","surface",-74.6148,17.2522,2374
"2026-09-09 18:00:00","2026-09-10 09:00:00","CAPE","surface",-74.5908,17.2522,2374
"2026-09-09 18:00:00","2026-09-10 09:00:00","CAPE","surface",-74.5669,17.2522,2629
"2026-09-09 18:00:00","2026-09-10 09:00:00","CAPE","surface",-74.543,17.2522,2728
"2026-09-09 18:00:00","2026-09-10 09:00:00","CAPE","surface",-74.5191,17.2522,2867
"2026-09-09 18:00:00","2026-09-10 09:00:00","CAPE","surface",-74.4951,17.2522,2548
"2026-09-09 18:00:00","2026-09-10 09:00:00","CAPE","surface",-74.4712,17.2522,2401
"2026-09-09 18:00:00","2026-09-10 09:00:00","CAPE","surface",-74.4473,17.2522,2148
"2026-09-09 18:00:00","2026-09-10 09:00:00","CAPE","surface",-74.4234,17.2522,2174
"2026-09-09 18:00:00","2026-09-10 09:00:00","CAPE","surface",-74.3994,17.2522,2222
"2026-09-09 18:00:00","2026-09-10 09:00:00","CAPE","surface",-74.3755,17.2522,2262
"2026-09-09 18:00:00","2026-09-10 09:00:00","CAPE","surface",-74.3516,17.2522,2383
"2026-09-09 18:00:00","2026-09-10 09:00:00","CAPE","surface",-74.3277,17.2522,2413
"2026-09-09 18:00:00","2026-09-10 09:00:00","CAPE","surface",-74.3037,17.2522,2380
"2026-09-09 18:00:00","2026-09-10 09:00:00","CAPE","surface",-74.2798,17.2522,2334
"2026-09-09 18:00:00","2026-09-10 09:00:00","CAPE","surface",-74.2559,17.2522,2290
"2026-09-09 18:00:00","2026-09-10 09:00:00","CAPE","surface",-74.232,17.2522,2168
"2026-09-09 18:00:00","2026-09-10 09:00:00","CAPE","surface",-74.208,17.2522,2284
"2026-09-09 18:00:00","2026-09-10 09:00:00","CAPE","surface",-74.1841,17.2522,2218
"2026-09-09 18:00:00","2026-09-10 09:00:00","CAPE","surface",-74.1602,17.2522,2604
"2026-09-09 18:00:00","2026-09-10 09:00:00","CAPE","surface",-74.1363,17.2522,2594
"2026-09-09 18:00:00","2026-09-10 09:00:00","CAPE","surface",-74.1123,17.2522,2814
"2026-09-09 18:00:00","2026-09-10 09:00:00","CAPE","surface",-74.0884,17.2522,2824
"2026-09-09 18:00:00","2026-09-10 09:00:00","CAPE","surface",-74.0645,17.2522,2938
"2026-09-09 18:00:00","2026-09-10 09:00:00","CAPE","surface",-74.0406,17.2522,2973
"2026-09-09 18:00:00","2026-09-10 09:00:00","CAPE","surface",-74.0166,17.2522,2996
"2026-09-09 18:00:00","2026-09-10 09:00:00","CAPE","surface",-73.9927,17.2522,3006
"2026-09-09 18:00:00","2026-09-10 09:00:00","CAPE","surface",-73.9688,17.2522,2984
"2026-09-09 18:00:00","2026-09-10 09:00:00","CAPE","surface",-73.9449,17.2522,2942
"2026-09-09 18:00:00","2026-09-10 09:00:00","CAPE","surface",-73.9209,17.2522,2775
"2026-09-09 18:00:00","2026-09-10 09:00:00","CAPE","surface",-73.897,17.2522,2816
"2026-09-09 18:00:00","2026-09-10 09:00:00","CAPE","surface",-73.8731,17.2522,2816
"2026-09-09 18:00:00","2026-09-10 09:00:00","CAPE","surface",-73.8492,17.2522,2734
"2026-09-09 18:00:00","2026-09-10 09:00:00","CAPE","surface",-73.8252,17.2522,2563
"2026-09-09 18:00:00","2026-09-10 09:00:00","CAPE","surface",-73.8013,17.2522,2328
"2026-09-09 18:00:00","2026-09-10 09:00:00","CAPE","surface",-73.7774,17.2522,2215
"2026-09-09 18:00:00","2026-09-10 09:00:00","CAPE","surface",-73.7535,17.2522,2276
"2026-09-09 18:00:00","2026-09-10 09:00:00","CAPE","surface",-73.7295,17.2522,2276
"2026-09-09 18:00:00","2026-09-10 09:00:00","CAPE","surface",-73.7056,17.2522,2312
"2026-09-09 18:00:00","2026-09-10 09:00:00","CAPE","surface",-73.6817,17.2522,2335
"2026-09-09 18:00:00","2026-09-10 09:00:00","CAPE","surface",-73.6578,17.2522,2348
"2026-09-09 18:00:00","2026-09-10 09:00:00","CAPE","surface",-73.6338,17.2522,2427
"2026-09-09 18:00:00","2026-09-10 09:00:00","CAPE","surface",-73.6099,17.2522,2464
"2026-09-09 18:00:00","2026-09-10 09:00:00","CAPE","surface",-73.586,17.2522,2464
"2026-09-09 18:00:00","2026-09-10 09:00:00","CAPE","surface",-73.5621,17.2522,2486
"2026-09-09 18:00:00","2026-09-10 09:00:00","CAPE","surface",-73.5381,17.2522,2667
"2026-09-09 18:00:00","2026-09-10 09:00:00","CAPE","surface",-73.5142,17.2522,2483
"2026-09-09 18:00:00","2026-09-10 09:00:00","CAPE","surface",-73.4903,17.2522,2306
"2026-09-09 18:00:00","2026-09-10 09:00:00","CAPE","surface",-73.4664,17.2522,2377
"2026-09-09 18:00:00","2026-09-10 09:00:00","CAPE","surface",-73.4424,17.2522,2255
"2026-09-09 18:00:00","2026-09-10 09:00:00","CAPE","surface",-73.4185,17.2522,2285
"2026-09-09 18:00:00","2026-09-10 09:00:00","CAPE","surface",-73.3946,17.2522,2210
"2026-09-09 18:00:00","2026-09-10 09:00:00","CAPE","surface",-73.3707,17.2522,2250
"2026-09-09 18:00:00","2026-09-10 09:00:00","CAPE","surface",-73.3467,17.2522,2155
"2026-09-09 18:00:00","2026-09-10 09:00:00","CAPE","surface",-73.3228,17.2522,2155
"2026-09-09 18:00:00","2026-09-10 09:00:00","CAPE","surface",-73.2989,17.2522,2168
"2026-09-09 18:00:00","2026-09-10 09:00:00","CAPE","surface",-73.275,17.2522,2222
"2026-09-09 18:00:00","2026-09-10 09:00:00","CAPE","surface",-73.251,17.2522,2278
"2026-09-09 18:00:00","2026-09-10 09:00:00","CAPE","surface",-73.2271,17.2522,2296
"2026-09-09 18:00:00","2026-09-10 09:00:00","CAPE","surface",-73.2032,17.2522,2352
"2026-09-09 18:00:00","2026-09-10 09:00:00","CAPE","surface",-73.1793,17.2522,2352
"2026-09-09 18:00:00","2026-09-10 09:00:00","CAPE","surface",-73.1553,17.2522,2353
"2026-09-09 18:00:00","2026-09-10 09:00:00","CAPE","surface",-73.1314,17.2522,2304
"2026-09-09 18:00:00","2026-09-10 09:00:00","CAPE","surface",-73.1075,17.2522,2236
"2026-09-09 18:00:00","2026-09-10 09:00:00","CAPE","surface",-73.0836,17.2522,2210
"2026-09-09 18:00:00","2026-09-10 09:00:00","CAPE","surface",-73.0596,17.2522,2173
"2026-09-09 18:00:00","2026-09-10 09:00:00","CAPE","surface",-73.0357,17.2522,2222
"2026-09-09 18:00:00","2026-09-10 09:00:00","CAPE","surface",-73.0118,17.2522,2176
"2026-09-09 18:00:00","2026-09-10 09:00:00","CAPE","surface",-72.9879,17.2522,2373
"2026-09-09 18:00:00","2026-09-10 09:00:00","CAPE","surface",-72.9639,17.2522,2300
"2026-09-09 18:00:00","2026-09-10 09:00:00","CAPE","surface",-72.94,17.2522,2499
"2026-09-09 18:00:00","2026-09-10 09:00:00","CAPE","surface",-72.9161,17.2522,2499
"2026-09-09 18:00:00","2026-09-10 09:00:00","CAPE","surface",-72.8922,17.2522,2656
"2026-09-09 18:00:00","2026-09-10 09:00:00","CAPE","surface",-72.8682,17.2522,2636
"2026-09-09 18:00:00","2026-09-10 09:00:00","CAPE","surface",-72.8443,17.2522,2751
"2026-09-09 18:00:00","2026-09-10 09:00:00","CAPE","surface",-72.8204,17.2522,2757
"2026-09-09 18:00:00","2026-09-10 09:00:00","CAPE","surface",-72.7965,17.2522,2778
"2026-09-09 18:00:00","2026-09-10 09:00:00","CAPE","surface",-72.7725,17.2522,2778
"2026-09-09 18:00:00","2026-09-10 09:00:00","CAPE","surface",-72.7486,17.2522,2795
"2026-09-09 18:00:00","2026-09-10 09:00:00","CAPE","surface",-72.7247,17.2522,2758
"2026-09-09 18:00:00","2026-09-10 09:00:00","CAPE","surface",-72.7008,17.2522,2775
"2026-09-09 18:00:00","2026-09-10 09:00:00","CAPE","surface",-72.6768,17.2522,2683
"2026-09-09 18:00:00","2026-09-10 09:00:00","CAPE","surface",-72.6529,17.2522,2698
"2026-09-09 18:00:00","2026-09-10 09:00:00","CAPE","surface",-72.629,17.2522,2622
"2026-09-09 18:00:00","2026-09-10 09:00:00","CAPE","surface",-72.6051,17.2522,2642
"2026-09-09 18:00:00","2026-09-10 09:00:00","CAPE","surface",-72.5811,17.2522,2588
"2026-09-09 18:00:00","2026-09-10 09:00:00","CAPE","surface",-72.5572,17.2522,2602
"2026-09-09 18:00:00","2026-09-10 09:00:00","CAPE","surface",-72.5333,17.2522,2559
"2026-09-09 18:00:00","2026-09-10 09:00:00","CAPE","surface",-72.5094,17.2522,2559
"2026-09-09 18:00:00","2026-09-10 09:00:00","CAPE","surface",-72.4854,17.2522,2546
"2026-09-09 18:00:00","2026-09-10 09:00:00","CAPE","surface",-72.4615,17.2522,2583
"2026-09-09 18:00:00","2026-09-10 09:00:00","CAPE","surface",-72.4376,17.2522,2576
"2026-09-09 18:00:00","2026-09-10 09:00:00","CAPE","surface",-72.4137,17.2522,2600
"2026-09-09 18:00:00","2026-09-10 09:00:00","CAPE","surface",-72.3897,17.2522,2604
"2026-09-09 18:00:00","2026-09-10 09:00:00","CAPE","surface",-72.3658,17.2522,2681
"2026-09-09 18:00:00","2026-09-10 09:00:00","CAPE","surface",-72.3419,17.2522,2698
"2026-09-09 18:00:00","2026-09-10 09:00:00","CAPE","surface",-72.318,17.2522,2769
"2026-09-09 18:00:00","2026-09-10 09:00:00","CAPE","surface",-72.294,17.2522,2776
"2026-09-09 18:00:00","2026-09-10 09:00:00","CAPE","surface",-72.2701,17.2522,2824
"2026-09-09 18:00:00","2026-09-10 09:00:00","CAPE","surface",-72.2462,17.2522,2824
"2026-09-09 18:00:00","2026-09-10 09:00:00","CAPE","surface",-72.2223,17.2522,2861
"2026-09-09 18:00:00","2026-09-10 09:00:00","CAPE","surface",-72.1983,17.2522,2862
"2026-09-09 18:00:00","2026-09-10 09:00:00","CAPE","surface",-72.1744,17.2522,2872
"2026-09-09 18:00:00","2026-09-10 09:00:00","CAPE","surface",-72.1505,17.2522,2871
"2026-09-09 18:00:00","2026-09-10 09:00:00","CAPE","surface",-72.1266,17.2522,2871
"2026-09-09 18:00:00","2026-09-10 09:00:00","CAPE","surface",-72.1026,17.2522,2883
"2026-09-09 18:00:00","2026-09-10 09:00:00","CAPE","surface",-72.0787,17.2522,2891
"2026-09-09 18:00:00","2026-09-10 09:00:00","CAPE","surface",-72.0548,17.2522,2918
"2026-09-09 18:00:00","2026-09-10 09:00:00","CAPE","surface",-72.0309,17.2522,2921
"2026-09-09 18:00:00","2026-09-10 09:00:00","CAPE","surface",-72.0069,17.2522,2934
"2026-09-09 18:00:00","2026-09-10 09:00:00","CAPE","surface",-71.983,17.2522,2934
"2026-09-09 18:00:00","2026-09-10 09:00:00","CAPE","surface",-71.9591,17.2522,2951
"2026-09-09 18:00:00","2026-09-10 09:00:00","CAPE","surface",-71.9352,17.2522,2947
"2026-09-09 18:00:00","2026-09-10 09:00:00","CAPE","surface",-71.9112,17.2522,2965
"2026-09-09 18:00:00","2026-09-10 09:00:00","CAPE","surface",-71.8873,17.2522,2916
"2026-09-09 18:00:00","2026-09-10 09:00:00","CAPE","surface",-71.8634,17.2522,2941
"2026-09-09 18:00:00","2026-09-10 09:00:00","CAPE","surface",-71.8395,17.2522,2999
"2026-09-09 18:00:00","2026-09-10 09:00:00","CAPE","surface",-71.8155,17.2522,2953
"2026-09-09 18:00:00","2026-09-10 09:00:00","CAPE","surface",-71.7916,17.2522,3101
"2026-09-09 18:00:00","2026-09-10 09:00:00","CAPE","surface",-71.7677,17.2522,3086
"2026-09-09 18:00:00","2026-09-10 09:00:00","CAPE","surface",-71.7438,17.2522,3279
"2026-09-09 18:00:00","2026-09-10 09:00:00","CAPE","surface",-71.7198,17.2522,3323
"2026-09-09 18:00:00","2026-09-10 09:00:00","CAPE","surface",-71.6959,17.2522,3512
"2026-09-09 18:00:00","2026-09-10 09:00:00","CAPE","surface",-71.672,17.2522,3535
"2026-09-09 18:00:00","2026-09-10 09:00:00","CAPE","surface",-71.6481,17.2522,3319
"2026-09-09 18:00:00","2026-09-10 09:00:00","CAPE","surface",-71.6241,17.2522,3319
"2026-09-09 18:00:00","2026-09-10 09:00:00","CAPE","surface",-71.6002,17.2522,2886
"2026-09-09 18:00:00","2026-09-10 09:00:00","CAPE","surface",-71.5763,17.2522,2816
"2026-09-09 18:00:00","2026-09-10 09:00:00","CAPE","surface",-71.5524,17.2522,2801
"2026-09-09 18:00:00","2026-09-10 09:00:00","CAPE","surface",-71.5284,17.2522,2825
"2026-09-09 18:00:00","2026-09-10 09:00:00","CAPE","surface",-71.5045,17.2522,2779
"2026-09-09 18:00:00","2026-09-10 09:00:00","CAPE","surface",-71.4806,17.2522,2828
"2026-09-09 18:00:00","2026-09-10 09:00:00","CAPE","surface",-71.4567,17.2522,2801
"2026-09-09 18:00:00","2026-09-10 09:00:00","CAPE","surface",-71.4327,17.2522,2831
"2026-09-09 18:00:00","2026-09-10 09:00:00","CAPE","surface",-71.4088,17.2522,2741
"2026-09-09 18:00:00","2026-09-10 09:00:00","CAPE","surface",-71.3849,17.2522,2720
"2026-09-09 18:00:00","2026-09-10 09:00:00","CAPE","surface",-71.361,17.2522,2720
"2026-09-09 18:00:00","2026-09-10 09:00:00","CAPE","surface",-71.337,17.2522,2725
"2026-09-09 18:00:00","2026-09-10 09:00:00","CAPE","surface",-71.3131,17.2522,2666
"2026-09-09 18:00:00","2026-09-10 09:00:00","CAPE","surface",-71.2892,17.2522,2681
"2026-09-09 18:00:00","2026-09-10 09:00:00","CAPE","surface",-71.2653,17.2522,2710
"2026-09-09 18:00:00","2026-09-10 09:00:00","CAPE","surface",-71.2413,17.2522,2710
"2026-09-09 18:00:00","2026-09-10 09:00:00","CAPE","surface",-71.2174,17.2522,2624
"2026-09-09 18:00:00","2026-09-10 09:00:00","CAPE","surface",-71.1935,17.2522,2506
"2026-09-09 18:00:00","2026-09-10 09:00:00","CAPE","surface",-71.1696,17.2522,2454
"2026-09-09 18:00:00","2026-09-10 09:00:00","CAPE","surface",-71.1456,17.2522,2453
"2026-09-09 18:00:00","2026-09-10 09:00:00","CAPE","surface",-71.1217,17.2522,2492
"2026-09-09 18:00:00","2026-09-10 09:00:00","CAPE","surface",-71.0978,17.2522,2497
"2026-09-09 18:00:00","2026-09-10 09:00:00","CAPE","surface",-71.0739,17.2522,2477
"2026-09-09 18:00:00","2026-09-10 09:00:00","CAPE","surface",-71.0499,17.2522,2423
"2026-09-09 18:00:00","2026-09-10 09:00:00","CAPE","surface",-71.026,17.2522,2406
"2026-09-09 18:00:00","2026-09-10 09:00:00","CAPE","surface",-71.0021,17.2522,2359
"2026-09-09 18:00:00","2026-09-10 09:00:00","CAPE","surface",-70.9782,17.2522,2375
"2026-09-09 18:00:00","2026-09-10 09:00:00","CAPE","surface",-70.9542,17.2522,2381
"2026-09-09 18:00:00","2026-09-10 09:00:00","CAPE","surface",-70.9303,17.2522,2407
"2026-09-09 18:00:00","2026-09-10 09:00:00","CAPE","surface",-70.9064,17.2522,2392
"2026-09-09 18:00:00","2026-09-10 09:00:00","CAPE","surface",-70.8825,17.2522,2392
"2026-09-09 18:00:00","2026-09-10 09:00:00","CAPE","surface",-70.8585,17.2522,2341
"2026-09-09 18:00:00","2026-09-10 09:00:00","CAPE","surface",-70.8346,17.2522,2359
"2026-09-09 18:00:00","2026-09-10 09:00:00","CAPE","surface",-70.8107,17.2522,2296
"2026-09-09 18:00:00","2026-09-10 09:00:00","CAPE","surface",-70.7868,17.2522,2271
"2026-09-09 18:00:00","2026-09-10 09:00:00","CAPE","surface",-70.7628,17.2522,2271
"2026-09-09 18:00:00","2026-09-10 09:00:00","CAPE","surface",-70.7389,17.2522,2277
"2026-09-09 18:00:00","2026-09-10 09:00:00","CAPE","surface",-70.715,17.2522,2335
"2026-09-09 18:00:00","2026-09-10 09:00:00","CAPE","surface",-70.6911,17.2522,2407
"2026-09-09 18:00:00","2026-09-10 09:00:00","CAPE","surface",-70.6671,17.2522,2479
"2026-09-09 18:00:00","2026-09-10 09:00:00","CAPE","surface",-70.6432,17.2522,2486
"2026-09-09 18:00:00","2026-09-10 09:00:00","CAPE","surface",-70.6193,17.2522,2546
"2026-09-09 18:00:00","2026-09-10 09:00:00","CAPE","surface",-70.5954,17.2522,2555
"2026-09-09 18:00:00","2026-09-10 09:00:00","CAPE","surface",-70.5714,17.2522,2550
"2026-09-09 18:00:00","2026-09-10 09:00:00","CAPE","surface",-70.5475,17.2522,2555
"2026-09-09 18:00:00","2026-09-10 09:00:00","CAPE","surface",-70.5236,17.2522,2571
"2026-09-09 18:00:00","2026-09-10 09:00:00","CAPE","surface",-70.4997,17.2522,2686
"2026-09-09 18:00:00","2026-09-10 09:00:00","CAPE","surface",-70.4757,17.2522,2629
"2026-09-09 18:00:00","2026-09-10 09:00:00","CAPE","surface",-70.4518,17.2522,2308
"2026-09-09 18:00:00","2026-09-10 09:00:00","CAPE","surface",-70.4279,17.2522,2282
"2026-09-09 18:00:00","2026-09-10 09:00:00","CAPE","surface",-70.404,17.2522,2282
"2026-09-09 18:00:00","2026-09-10 09:00:00","CAPE","surface",-70.38,17.2522,1428
"2026-09-09 18:00:00","2026-09-10 09:00:00","CAPE","surface",-70.3561,17.2522,1059
"2026-09-09 18:00:00","2026-09-10 09:00:00","CAPE","surface",-70.3322,17.2522,884
"2026-09-09 18:00:00","2026-09-10 09:00:00","CAPE","surface",-70.3083,17.2522,907
"2026-09-09 18:00:00","2026-09-10 09:00:00","CAPE","surface",-70.2843,17.2522,907
"2026-09-09 18:00:00","2026-09-10 09:00:00","CAPE","surface",-70.2604,17.2522,954
"2026-09-09 18:00:00","2026-09-10 09:00:00","CAPE","surface",-70.2365,17.2522,1173
"2026-09-09 18:00:00","2026-09-10 09:00:00","CAPE","surface",-70.2126,17.2522,1333
"2026-09-09 18:00:00","2026-09-10 09:00:00","CAPE","surface",-70.1886,17.2522,1333
"2026-09-09 18:00:00","2026-09-10 09:00:00","CAPE","surface",-70.1647,17.2522,1387
"2026-09-09 18:00:00","2026-09-10 09:00:00","CAPE","surface",-70.1408,17.2522,1364
"2026-09-09 18:00:00","2026-09-10 09:00:00","CAPE","surface",-70.1169,17.2522,1595
"2026-09-09 18:00:00","2026-09-10 09:00:00","CAPE","surface",-70.0929,17.2522,1578
"2026-09-09 18:00:00","2026-09-10 09:00:00","CAPE","surface",-70.069,17.2522,1578
"2026-09-09 18:00:00","2026-09-10 09:00:00","CAPE","surface",-70.0451,17.2522,1688
"2026-09-09 18:00:00","2026-09-10 09:00:00","CAPE","surface",-70.0212,17.2522,1791
"2026-09-09 18:00:00","2026-09-10 09:00:00","CAPE","surface",-69.9972,17.2522,2025
"2026-09-09 18:00:00","2026-09-10 09:00:00","CAPE","surface",-69.9733,17.2522,2157
"2026-09-09 18:00:00","2026-09-10 09:00:00","CAPE","surface",-69.9494,17.2522,2370
"2026-09-09 18:00:00","2026-09-10 09:00:00","CAPE","surface",-69.9255,17.2522,2631
"2026-09-09 18:00:00","2026-09-10 09:00:00","CAPE","surface",-69.9015,17.2522,2733
"2026-09-09 18:00:00","2026-09-10 09:00:00","CAPE","surface",-69.8776,17.2522,2683
"2026-09-09 18:00:00","2026-09-10 09:00:00","CAPE","surface",-69.8537,17.2522,2739
"2026-09-09 18:00:00","2026-09-10 09:00:00","CAPE","surface",-69.8298,17.2522,2737
"2026-09-09 18:00:00","2026-09-10 09:00:00","CAPE","surface",-69.8058,17.2522,2749
"2026-09-09 18:00:00","2026-09-10 09:00:00","CAPE","surface",-69.7819,17.2522,2771
"2026-09-09 18:00:00","2026-09-10 09:00:00","CAPE","surface",-69.758,17.2522,2785
"2026-09-09 18:00:00","2026-09-10 09:00:00","CAPE","surface",-69.7341,17.2522,2853
"2026-09-09 18:00:00","2026-09-10 09:00:00","CAPE","surface",-69.7101,17.2522,2861
"2026-09-09 18:00:00","2026-09-10 09:00:00","CAPE","surface",-69.6862,17.2522,2879
"2026-09-09 18:00:00","2026-09-10 09:00:00","CAPE","surface",-69.6623,17.2522,2894
"2026-09-09 18:00:00","2026-09-10 09:00:00","CAPE","surface",-69.6384,17.2522,2933
"2026-09-09 18:00:00","2026-09-10 09:00:00","CAPE","surface",-69.6144,17.2522,2952
"2026-09-09 18:00:00","2026-09-10 09:00:00","CAPE","surface",-69.5905,17.2522,2988
"2026-09-09 18:00:00","2026-09-10 09:00:00","CAPE","surface",-69.5666,17.2522,3056
"2026-09-09 18:00:00","2026-09-10 09:00:00","CAPE","surface",-69.5427,17.2522,3108
"2026-09-09 18:00:00","2026-09-10 09:00:00","CAPE","surface",-69.5187,17.2522,3160
"2026-09-09 18:00:00","2026-09-10 09:00:00","CAPE","surface",-69.4948,17.2522,3141
"2026-09-09 18:00:00","2026-09-10 09:00:00","CAPE","surface",-69.4709,17.2522,3190
"2026-09-09 18:00:00","2026-09-10 09:00:00","CAPE","surface",-69.447,17.2522,3157
"2026-09-09 18:00:00","2026-09-10 09:00:00","CAPE","surface",-69.423,17.2522,3189
"2026-09-09 18:00:00","2026-09-10 09:00:00","CAPE","surface",-69.3991,17.2522,3034
"2026-09-09 18:00:00","2026-09-10 09:00:00","CAPE","surface",-69.3752,17.2522,3034
"2026-09-09 18:00:00","2026-09-10 09:00:00","CAPE","surface",-69.3513,17.2522,2579
"2026-09-09 18:00:00","2026-09-10 09:00:00","CAPE","surface",-69.3273,17.2522,2332
"2026-09-09 18:00:00","2026-09-10 09:00:00","CAPE","surface",-69.3034,17.2522,2283
"2026-09-09 18:00:00","2026-09-10 09:00:00","CAPE","surface",-69.2795,17.2522,2236
"2026-09-09 18:00:00","2026-09-10 09:00:00","CAPE","surface",-69.2556,17.2522,2221
"2026-09-09 18:00:00","2026-09-10 09:00:00","CAPE","surface",-69.2316,17.2522,2102
"2026-09-09 18:00:00","2026-09-10 09:00:00","CAPE","surface",-69.2077,17.2522,2076
"2026-09-09 18:00:00","2026-09-10 09:00:00","CAPE","surface",-69.1838,17.2522,1956
"2026-09-09 18:00:00","2026-09-10 09:00:00","CAPE","surface",-69.1599,17.2522,1941
"2026-09-09 18:00:00","2026-09-10 09:00:00","CAPE","surface",-69.1359,17.2522,1952
"2026-09-09 18:00:00","2026-09-10 09:00:00","CAPE","surface",-69.112,17.2522,2014
"2026-09-09 18:00:00","2026-09-10 09:00:00","CAPE","surface",-69.0881,17.2522,2099
"2026-09-09 18:00:00","2026-09-10 09:00:00","CAPE","surface",-69.0642,17.2522,2151
"2026-09-09 18:00:00","2026-09-10 09:00:00","CAPE","surface",-69.0402,17.2522,2266
"2026-09-09 18:00:00","2026-09-10 09:00:00","CAPE","surface",-69.0163,17.2522,2535
"2026-09-09 18:00:00","2026-09-10 09:00:00","CAPE","surface",-68.9924,17.2522,2704
"2026-09-09 18:00:00","2026-09-10 09:00:00","CAPE","surface",-68.9685,17.2522,3124
"2026-09-09 18:00:00","2026-09-10 09:00:00","CAPE","surface",-68.9445,17.2522,3156
"2026-09-09 18:00:00","2026-09-10 09:00:00","CAPE","surface",-68.9206,17.2522,3234
"2026-09-09 18:00:00","2026-09-10 09:00:00","CAPE","surface",-68.8967,17.2522,3128
"2026-09-09 18:00:00","2026-09-10 09:00:00","CAPE","surface",-68.8728,17.2522,3211
"2026-09-09 18:00:00","2026-09-10 09:00:00","CAPE","surface",-68.8488,17.2522,2993
"2026-09-09 18:00:00","2026-09-10 09:00:00","CAPE","surface",-68.8249,17.2522,3154
"2026-09-09 18:00:00","2026-09-10 09:00:00","CAPE","surface",-68.801,17.2522,2983
"2026-09-09 18:00:00","2026-09-10 09:00:00","CAPE","surface",-68.7771,17.2522,2711
"2026-09-09 18:00:00","2026-09-10 09:00:00","CAPE","surface",-68.7531,17.2522,2879
"2026-09-09 18:00:00","2026-09-10 09:00:00","CAPE","surface",-68.7292,17.2522,2542
"2026-09-09 18:00:00","2026-09-10 09:00:00","CAPE","surface",-68.7053,17.2522,2725
"2026-09-09 18:00:00","2026-09-10 09:00:00","CAPE","surface",-68.6813,17.2522,2649
"2026-09-09 18:00:00","2026-09-10 09:00:00","CAPE","surface",-68.6574,17.2522,2751
"2026-09-09 18:00:00","2026-09-10 09:00:00","CAPE","surface",-68.6335,17.2522,2595
"2026-09-09 18:00:00","2026-09-10 09:00:00","CAPE","surface",-68.6096,17.2522,2587
"2026-09-09 18:00:00","2026-09-10 09:00:00","CAPE","surface",-68.5856,17.2522,2603
"2026-09-09 18:00:00","2026-09-10 09:00:00","CAPE","surface",-68.5617,17.2522,2739
"2026-09-09 18:00:00","2026-09-10 09:00:00","CAPE","surface",-68.5378,17.2522,2919
"2026-09-09 18:00:00","2026-09-10 09:00:00","CAPE","surface",-68.5139,17.2522,3035
"2026-09-09 18:00:00","2026-09-10 09:00:00","CAPE","surface",-68.4899,17.2522,3168
"2026-09-09 18:00:00","2026-09-10 09:00:00","CAPE","surface",-68.466,17.2522,3362
"2026-09-09 18:00:00","2026-09-10 09:00:00","CAPE","surface",-68.4421,17.2522,3450
"2026-09-09 18:00:00","2026-09-10 09:00:00","CAPE","surface",-68.4182,17.2522,3450
"2026-09-09 18:00:00","2026-09-10 09:00:00","CAPE","surface",-68.3942,17.2522,3436
"2026-09-09 18:00:00","2026-09-10 09:00:00","CAPE","surface",-68.3703,17.2522,3387
"2026-09-09 18:00:00","2026-09-10 09:00:00","CAPE","surface",-68.3464,17.2522,3361
"2026-09-09 18:00:00","2026-09-10 09:00:00","CAPE","surface",-68.3225,17.2522,3327
"2026-09-09 18:00:00","2026-09-10 09:00:00","CAPE","surface",-68.2985,17.2522,3329
"2026-09-09 18:00:00","2026-09-10 09:00:00","CAPE","surface",-68.2746,17.2522,2977
"2026-09-09 18:00:00","2026-09-10 09:00:00","CAPE","surface",-68.2507,17.2522,2643
"2026-09-09 18:00:00","2026-09-10 09:00:00","CAPE","surface",-68.2268,17.2522,2390
"2026-09-09 18:00:00","2026-09-10 09:00:00","CAPE","surface",-68.2028,17.2522,2390
"2026-09-09 18:00:00","2026-09-10 09:00:00","CAPE","surface",-68.1789,17.2522,2113
"2026-09-09 18:00:00","2026-09-10 09:00:00","CAPE","surface",-68.155,17.2522,2022
"2026-09-09 18:00:00","2026-09-10 09:00:00","CAPE","surface",-68.1311,17.2522,1798
"2026-09-09 18:00:00","2026-09-10 09:00:00","CAPE","surface",-68.1071,17.2522,1461
"2026-09-09 18:00:00","2026-09-10 09:00:00","CAPE","surface",-68.0832,17.2522,1461
"2026-09-09 18:00:00","2026-09-10 09:00:00","CAPE","surface",-68.0593,17.2522,1196
"2026-09-09 18:00:00","2026-09-10 09:00:00","CAPE","surface",-68.0354,17.2522,932
"2026-09-09 18:00:00","2026-09-10 09:00:00","CAPE","surface",-68.0114,17.2522,937
"2026-09-09 18:00:00","2026-09-10 09:00:00","CAPE","surface",-67.9875,17.2522,937
"2026-09-09 18:00:00","2026-09-10 09:00:00","CAPE","surface",-67.9636,17.2522,1021
"2026-09-09 18:00:00","2026-09-10 09:00:00","CAPE","surface",-67.9397,17.2522,1178
"2026-09-09 18:00:00","2026-09-10 09:00:00","CAPE","surface",-67.9157,17.2522,1472
"2026-09-09 18:00:00","2026-09-10 09:00:00","CAPE","surface",-67.8918,17.2522,1393
"2026-09-09 18:00:00","2026-09-10 09:00:00","CAPE","surface",-67.8679,17.2522,1696
"2026-09-09 18:00:00","2026-09-10 09:00:00","CAPE","surface",-67.844,17.2522,1697
"2026-09-09 18:00:00","2026-09-10 09:00:00","CAPE","surface",-67.82,17.2522,1828
"2026-09-09 18:00:00","2026-09-10 09:00:00","CAPE","surface",-67.7961,17.2522,1716
"2026-09-09 18:00:00","2026-09-10 09:00:00","CAPE","surface",-67.7722,17.2522,1680
"2026-09-09 18:00:00","2026-09-10 09:00:00","CAPE","surface",-67.7483,17.2522,1884
"2026-09-09 18:00:00","2026-09-10 09:00:00","CAPE","surface",-67.7243,17.2522,2224
"2026-09-09 18:00:00","2026-09-10 09:00:00","CAPE","surface",-67.7004,17.2522,2453
"2026-09-09 18:00:00","2026-09-10 09:00:00","CAPE","surface",-67.6765,17.2522,2685
"2026-09-09 18:00:00","2026-09-10 09:00:00","CAPE","surface",-67.6526,17.2522,2912
"2026-09-09 18:00:00","2026-09-10 09:00:00","CAPE","surface",-67.6286,17.2522,3321
"2026-09-09 18:00:00","2026-09-10 09:00:00","CAPE","surface",-67.6047,17.2522,3319
"2026-09-09 18:00:00","2026-09-10 09:00:00","CAPE","surface",-67.5808,17.2522,3319
"2026-09-09 18:00:00","2026-09-10 09:00:00","CAPE","surface",-67.5569,17.2522,3104
"2026-09-09 18:00:00","2026-09-10 09:00:00","CAPE","surface",-67.5329,17.2522,3230
"2026-09-09 18:00:00","2026-09-10 09:00:00","CAPE","surface",-67.509,17.2522,2978
"2026-09-09 18:00:00","2026-09-10 09:00:00","CAPE","surface",-67.4851,17.2522,3115
"2026-09-09 18:00:00","2026-09-10 09:00:00","CAPE","surface",-67.4612,17.2522,2875
"2026-09-09 18:00:00","2026-09-10 09:00:00","CAPE","surface",-67.4372,17.2522,2976
"2026-09-09 18:00:00","2026-09-10 09:00:00","CAPE","surface",-67.4133,17.2522,3057
"2026-09-09 18:00:00","2026-09-10 09:00:00","CAPE","surface",-67.3894,17.2522,2955
"2026-09-09 18:00:00","2026-09-10 09:00:00","CAPE","surface",-67.3655,17.2522,2955
"2026-09-09 18:00:00","2026-09-10 09:00:00","CAPE","surface",-67.3415,17.2522,2983
"2026-09-09 18:00:00","2026-09-10 09:00:00","CAPE","surface",-67.3176,17.2522,3111
"2026-09-09 18:00:00","2026-09-10 09:00:00","CAPE","surface",-67.2937,17.2522,3243
"2026-09-09 18:00:00","2026-09-10 09:00:00","CAPE","surface",-67.2698,17.2522,3247
"2026-09-09 18:00:00","2026-09-10 09:00:00","CAPE","surface",-67.2458,17.2522,3301
"2026-09-09 18:00:00","2026-09-10 09:00:00","CAPE","surface",-67.2219,17.2522,3289
"2026-09-09 18:00:00","2026-09-10 09:00:00","CAPE","surface",-67.198,17.2522,3266
"2026-09-09 18:00:00","2026-09-10 09:00:00","CAPE","surface",-67.1741,17.2522,3204
"2026-09-09 18:00:00","2026-09-10 09:00:00","CAPE","surface",-67.1501,17.2522,3094
"2026-09-09 18:00:00","2026-09-10 09:00:00","CAPE","surface",-67.1262,17.2522,3106
"2026-09-09 18:00:00","2026-09-10 09:00:00","CAPE","surface",-67.1023,17.2522,3022
"2026-09-09 18:00:00","2026-09-10 09:00:00","CAPE","surface",-67.0784,17.2522,2982
"2026-09-09 18:00:00","2026-09-10 09:00:00","CAPE","surface",-67.0544,17.2522,3006
"2026-09-09 18:00:00","2026-09-10 09:00:00","CAPE","surface",-67.0305,17.2522,2958
"2026-09-09 18:00:00","2026-09-10 09:00:00","CAPE","surface",-67.0066,17.2522,2948
"2026-09-09 18:00:00","2026-09-10 09:00:00","CAPE","surface",-74.7822,17.2751,2675
"2026-09-09 18:00:00","2026-09-10 09:00:00","CAPE","surface",-74.7583,17.2751,2707
"2026-09-09 18:00:00","2026-09-10 09:00:00","CAPE","surface",-74.7344,17.2751,2659
"2026-09-09 18:00:00","2026-09-10 09:00:00","CAPE","surface",-74.7105,17.2751,2462
"2026-09-09 18:00:00","2026-09-10 09:00:00","CAPE","surface",-74.6865,17.2751,2462
"2026-09-09 18:00:00","2026-09-10 09:00:00","CAPE","surface",-74.6626,17.2751,2408
"2026-09-09 18:00:00","2026-09-10 09:00:00","CAPE","surface",-74.6387,17.2751,2364
"2026-09-09 18:00:00","2026-09-10 09:00:00","CAPE","surface",-74.6148,17.2751,2526
"2026-09-09 18:00:00","2026-09-10 09:00:00","CAPE","surface",-74.5908,17.2751,2552
"2026-09-09 18:00:00","2026-09-10 09:00:00","CAPE","surface",-74.5669,17.2751,2811
"2026-09-09 18:00:00","2026-09-10 09:00:00","CAPE","surface",-74.543,17.2751,2811
"2026-09-09 18:00:00","2026-09-10 09:00:00","CAPE","surface",-74.5191,17.2751,2810
"2026-09-09 18:00:00","2026-09-10 09:00:00","CAPE","surface",-74.4951,17.2751,2712
"2026-09-09 18:00:00","2026-09-10 09:00:00","CAPE","surface",-74.4712,17.2751,2169
"2026-09-09 18:00:00","2026-09-10 09:00:00","CAPE","surface",-74.4473,17.2751,2148
"2026-09-09 18:00:00","2026-09-10 09:00:00","CAPE","surface",-74.4234,17.2751,2150
"2026-09-09 18:00:00","2026-09-10 09:00:00","CAPE","surface",-74.3994,17.2751,2222
"2026-09-09 18:00:00","2026-09-10 09:00:00","CAPE","surface",-74.3755,17.2751,2311
"2026-09-09 18:00:00","2026-09-10 09:00:00","CAPE","surface",-74.3516,17.2751,2368
"2026-09-09 18:00:00","2026-09-10 09:00:00","CAPE","surface",-74.3277,17.2751,2401
"2026-09-09 18:00:00","2026-09-10 09:00:00","CAPE","surface",-74.3037,17.2751,2380
"2026-09-09 18:00:00","2026-09-10 09:00:00","CAPE","surface",-74.2798,17.2751,2405
"2026-09-09 18:00:00","2026-09-10 09:00:00","CAPE","surface",-74.2559,17.2751,2290
"2026-09-09 18:00:00","2026-09-10 09:00:00","CAPE","surface",-74.232,17.2751,2591
"2026-09-09 18:00:00","2026-09-10 09:00:00","CAPE","surface",-74.208,17.2751,2835
"2026-09-09 18:00:00","2026-09-10 09:00:00","CAPE","surface",-74.1841,17.2751,2683
"2026-09-09 18:00:00","2026-09-10 09:00:00","CAPE","surface",-74.1602,17.2751,2884
"2026-09-09 18:00:00","2026-09-10 09:00:00","CAPE","surface",-74.1363,17.2751,2831
"2026-09-09 18:00:00","2026-09-10 09:00:00","CAPE","surface",-74.1123,17.2751,2809
"2026-09-09 18:00:00","2026-09-10 09:00:00","CAPE","surface",-74.0884,17.2751,2809
"2026-09-09 18:00:00","2026-09-10 09:00:00","CAPE","surface",-74.0645,17.2751,2648
"2026-09-09 18:00:00","2026-09-10 09:00:00","CAPE","surface",-74.0406,17.2751,2853
"2026-09-09 18:00:00","2026-09-10 09:00:00","CAPE","surface",-74.0166,17.2751,2862
"2026-09-09 18:00:00","2026-09-10 09:00:00","CAPE","surface",-73.9927,17.2751,2989
"2026-09-09 18:00:00","2026-09-10 09:00:00","CAPE","surface",-73.9688,17.2751,2930
"2026-09-09 18:00:00","2026-09-10 09:00:00","CAPE","surface",-73.9449,17.2751,2930
"2026-09-09 18:00:00","2026-09-10 09:00:00","CAPE","surface",-73.9209,17.2751,2822
"2026-09-09 18:00:00","2026-09-10 09:00:00","CAPE","surface",-73.897,17.2751,2872
"2026-09-09 18:00:00","2026-09-10 09:00:00","CAPE","surface",-73.8731,17.2751,2747
"2026-09-09 18:00:00","2026-09-10 09:00:00","CAPE","surface",-73.8492,17.2751,2734
"2026-09-09 18:00:00","2026-09-10 09:00:00","CAPE","surface",-73.8252,17.2751,2472
"2026-09-09 18:00:00","2026-09-10 09:00:00","CAPE","surface",-73.8013,17.2751,2472
"2026-09-09 18:00:00","2026-09-10 09:00:00","CAPE","surface",-73.7774,17.2751,2359
"2026-09-09 18:00:00","2026-09-10 09:00:00","CAPE","surface",-73.7535,17.2751,2310
"2026-09-09 18:00:00","2026-09-10 09:00:00","CAPE","surface",-73.7295,17.2751,2332
"2026-09-09 18:00:00","2026-09-10 09:00:00","CAPE","surface",-73.7056,17.2751,2312
"2026-09-09 18:00:00","2026-09-10 09:00:00","CAPE","surface",-73.6817,17.2751,2300
"2026-09-09 18:00:00","2026-09-10 09:00:00","CAPE","surface",-73.6578,17.2751,2201
"2026-09-09 18:00:00","2026-09-10 09:00:00","CAPE","surface",-73.6338,17.2751,2220
"2026-09-09 18:00:00","2026-09-10 09:00:00","CAPE","surface",-73.6099,17.2751,2161
"2026-09-09 18:00:00","2026-09-10 09:00:00","CAPE","surface",-73.586,17.2751,2298
"2026-09-09 18:00:00","2026-09-10 09:00:00","CAPE","surface",-73.5621,17.2751,2329
"2026-09-09 18:00:00","2026-09-10 09:00:00","CAPE","surface",-73.5381,17.2751,2329
"2026-09-09 18:00:00","2026-09-10 09:00:00","CAPE","surface",-73.5142,17.2751,2323
"2026-09-09 18:00:00","2026-09-10 09:00:00","CAPE","surface",-73.4903,17.2751,2299
"2026-09-09 18:00:00","2026-09-10 09:00:00","CAPE","surface",-73.4664,17.2751,2263
"2026-09-09 18:00:00","2026-09-10 09:00:00","CAPE","surface",-73.4424,17.2751,2255
"2026-09-09 18:00:00","2026-09-10 09:00:00","CAPE","surface",-73.4185,17.2751,2231
"2026-09-09 18:00:00","2026-09-10 09:00:00","CAPE","surface",-73.3946,17.2751,2231
"2026-09-09 18:00:00","2026-09-10 09:00:00","CAPE","surface",-73.3707,17.2751,2187
"2026-09-09 18:00:00","2026-09-10 09:00:00","CAPE","surface",-73.3467,17.2751,2155
"2026-09-09 18:00:00","2026-09-10 09:00:00","CAPE","surface",-73.3228,17.2751,2129
"2026-09-09 18:00:00","2026-09-10 09:00:00","CAPE","surface",-73.2989,17.2751,2173
"2026-09-09 18:00:00","2026-09-10 09:00:00","CAPE","surface",-73.275,17.2751,2233
"2026-09-09 18:00:00","2026-09-10 09:00:00","CAPE","surface",-73.251,17.2751,2290
"2026-09-09 18:00:00","2026-09-10 09:00:00","CAPE","surface",-73.2271,17.2751,2335
"2026-09-09 18:00:00","2026-09-10 09:00:00","CAPE","surface",-73.2032,17.2751,2393
"2026-09-09 18:00:00","2026-09-10 09:00:00","CAPE","surface",-73.1793,17.2751,2386
"2026-09-09 18:00:00","2026-09-10 09:00:00","CAPE","surface",-73.1553,17.2751,2321
"2026-09-09 18:00:00","2026-09-10 09:00:00","CAPE","surface",-73.1314,17.2751,2274
"2026-09-09 18:00:00","2026-09-10 09:00:00","CAPE","surface",-73.1075,17.2751,2282
"2026-09-09 18:00:00","2026-09-10 09:00:00","CAPE","surface",-73.0836,17.2751,2245
"2026-09-09 18:00:00","2026-09-10 09:00:00","CAPE","surface",-73.0596,17.2751,2301
"2026-09-09 18:00:00","2026-09-10 09:00:00","CAPE","surface",-73.0357,17.2751,2222
"2026-09-09 18:00:00","2026-09-10 09:00:00","CAPE","surface",-73.0118,17.2751,2493
"2026-09-09 18:00:00","2026-09-10 09:00:00","CAPE","surface",-72.9879,17.2751,2493
"2026-09-09 18:00:00","2026-09-10 09:00:00","CAPE","surface",-72.9639,17.2751,2663
"2026-09-09 18:00:00","2026-09-10 09:00:00","CAPE","surface",-72.94,17.2751,2539
"2026-09-09 18:00:00","2026-09-10 09:00:00","CAPE","surface",-72.9161,17.2751,2670
"2026-09-09 18:00:00","2026-09-10 09:00:00","CAPE","surface",-72.8922,17.2751,2728
"2026-09-09 18:00:00","2026-09-10 09:00:00","CAPE","surface",-72.8682,17.2751,2742
"2026-09-09 18:00:00","2026-09-10 09:00:00","CAPE","surface",-72.8443,17.2751,2722
"2026-09-09 18:00:00","2026-09-10 09:00:00","CAPE","surface",-72.8204,17.2751,2748
"2026-09-09 18:00:00","2026-09-10 09:00:00","CAPE","surface",-72.7965,17.2751,2697
"2026-09-09 18:00:00","2026-09-10 09:00:00","CAPE","surface",-72.7725,17.2751,2738
"2026-09-09 18:00:00","2026-09-10 09:00:00","CAPE","surface",-72.7486,17.2751,2719
"2026-09-09 18:00:00","2026-09-10 09:00:00","CAPE","surface",-72.7247,17.2751,2719
"2026-09-09 18:00:00","2026-09-10 09:00:00","CAPE","surface",-72.7008,17.2751,2640
"2026-09-09 18:00:00","2026-09-10 09:00:00","CAPE","surface",-72.6768,17.2751,2664
"2026-09-09 18:00:00","2026-09-10 09:00:00","CAPE","surface",-72.6529,17.2751,2595
"2026-09-09 18:00:00","2026-09-10 09:00:00","CAPE","surface",-72.629,17.2751,2622
"2026-09-09 18:00:00","2026-09-10 09:00:00","CAPE","surface",-72.6051,17.2751,2567
"2026-09-09 18:00:00","2026-09-10 09:00:00","CAPE","surface",-72.5811,17.2751,2494
"2026-09-09 18:00:00","2026-09-10 09:00:00","CAPE","surface",-72.5572,17.2751,2504
"2026-09-09 18:00:00","2026-09-10 09:00:00","CAPE","surface",-72.5333,17.2751,2483
"2026-09-09 18:00:00","2026-09-10 09:00:00","CAPE","surface",-72.5094,17.2751,2506
"2026-09-09 18:00:00","2026-09-10 09:00:00","CAPE","surface",-72.4854,17.2751,2518
"2026-09-09 18:00:00","2026-09-10 09:00:00","CAPE","surface",-72.4615,17.2751,2518
"2026-09-09 18:00:00","2026-09-10 09:00:00","CAPE","surface",-72.4376,17.2751,2572
"2026-09-09 18:00:00","2026-09-10 09:00:00","CAPE","surface",-72.4137,17.2751,2592
"2026-09-09 18:00:00","2026-09-10 09:00:00","CAPE","surface",-72.3897,17.2751,2660
"2026-09-09 18:00:00","2026-09-10 09:00:00","CAPE","surface",-72.3658,17.2751,2681
"2026-09-09 18:00:00","2026-09-10 09:00:00","CAPE","surface",-72.3419,17.2751,2759
"2026-09-09 18:00:00","2026-09-10 09:00:00","CAPE","surface",-72.318,17.2751,2759
"2026-09-09 18:00:00","2026-09-10 09:00:00","CAPE","surface",-72.294,17.2751,2788
"2026-09-09 18:00:00","2026-09-10 09:00:00","CAPE","surface",-72.2701,17.2751,2828
"2026-09-09 18:00:00","2026-09-10 09:00:00","CAPE","surface",-72.2462,17.2751,2852
"2026-09-09 18:00:00","2026-09-10 09:00:00","CAPE","surface",-72.2223,17.2751,2880
"2026-09-09 18:00:00","2026-09-10 09:00:00","CAPE","surface",-72.1983,17.2751,2880
"2026-09-09 18:00:00","2026-09-10 09:00:00","CAPE","surface",-72.1744,17.2751,2885
"2026-09-09 18:00:00","2026-09-10 09:00:00","CAPE","surface",-72.1505,17.2751,2877
"2026-09-09 18:00:00","2026-09-10 09:00:00","CAPE","surface",-72.1266,17.2751,2881
"2026-09-09 18:00:00","2026-09-10 09:00:00","CAPE","surface",-72.1026,17.2751,2883
"2026-09-09 18:00:00","2026-09-10 09:00:00","CAPE","surface",-72.0787,17.2751,2896
"2026-09-09 18:00:00","2026-09-10 09:00:00","CAPE","surface",-72.0548,17.2751,2907
"2026-09-09 18:00:00","2026-09-10 09:00:00","CAPE","surface",-72.0309,17.2751,2930
"2026-09-09 18:00:00","2026-09-10 09:00:00","CAPE","surface",-72.0069,17.2751,2932
"2026-09-09 18:00:00","2026-09-10 09:00:00","CAPE","surface",-71.983,17.2751,2953
"2026-09-09 18:00:00","2026-09-10 09:00:00","CAPE","surface",-71.9591,17.2751,2988
"2026-09-09 18:00:00","2026-09-10 09:00:00","CAPE","surface",-71.9352,17.2751,2988
"2026-09-09 18:00:00","2026-09-10 09:00:00","CAPE","surface",-71.9112,17.2751,3031
"2026-09-09 18:00:00","2026-09-10 09:00:00","CAPE","surface",-71.8873,17.2751,3005
"2026-09-09 18:00:00","2026-09-10 09:00:00","CAPE","surface",-71.8634,17.2751,3057
"2026-09-09 18:00:00","2026-09-10 09:00:00","CAPE","surface",-71.8395,17.2751,2999
"2026-09-09 18:00:00","2026-09-10 09:00:00","CAPE","surface",-71.8155,17.2751,3149
"2026-09-09 18:00:00","2026-09-10 09:00:00","CAPE","surface",-71.7916,17.2751,3126
"2026-09-09 18:00:00","2026-09-10 09:00:00","CAPE","surface",-71.7677,17.2751,3248
"2026-09-09 18:00:00","2026-09-10 09:00:00","CAPE","surface",-71.7438,17.2751,3279
"2026-09-09 18:00:00","2026-09-10 09:00:00","CAPE","surface",-71.7198,17.2751,3467
"2026-09-09 18:00:00","2026-09-10 09:00:00","CAPE","surface",-71.6959,17.2751,3467
"2026-09-09 18:00:00","2026-09-10 09:00:00","CAPE","surface",-71.672,17.2751,3507
"2026-09-09 18:00:00","2026-09-10 09:00:00","CAPE","surface",-71.6481,17.2751,3281
"2026-09-09 18:00:00","2026-09-10 09:00:00","CAPE","surface",-71.6241,17.2751,3075
"2026-09-09 18:00:00","2026-09-10 09:00:00","CAPE","surface",-71.6002,17.2751,2828
"2026-09-09 18:00:00","2026-09-10 09:00:00","CAPE","surface",-71.5763,17.2751,2828
"2026-09-09 18:00:00","2026-09-10 09:00:00","CAPE","surface",-71.5524,17.2751,2829
"2026-09-09 18:00:00","2026-09-10 09:00:00","CAPE","surface",-71.5284,17.2751,2841
"2026-09-09 18:00:00","2026-09-10 09:00:00","CAPE","surface",-71.5045,17.2751,2847
"2026-09-09 18:00:00","2026-09-10 09:00:00","CAPE","surface",-71.4806,17.2751,2828
"2026-09-09 18:00:00","2026-09-10 09:00:00","CAPE","surface",-71.4567,17.2751,2868
"2026-09-09 18:00:00","2026-09-10 09:00:00","CAPE","surface",-71.4327,17.2751,2868
"2026-09-09 18:00:00","2026-09-10 09:00:00","CAPE","surface",-71.4088,17.2751,2863
"2026-09-09 18:00:00","2026-09-10 09:00:00","CAPE","surface",-71.3849,17.2751,2822
"2026-09-09 18:00:00","2026-09-10 09:00:00","CAPE","surface",-71.361,17.2751,2790
"2026-09-09 18:00:00","2026-09-10 09:00:00","CAPE","surface",-71.337,17.2751,2755
"2026-09-09 18:00:00","2026-09-10 09:00:00","CAPE","surface",-71.3131,17.2751,2755
"2026-09-09 18:00:00","2026-09-10 09:00:00","CAPE","surface",-71.2892,17.2751,2720
"2026-09-09 18:00:00","2026-09-10 09:00:00","CAPE","surface",-71.2653,17.2751,2719
"2026-09-09 18:00:00","2026-09-10 09:00:00","CAPE","surface",-71.2413,17.2751,2716
"2026-09-09 18:00:00","2026-09-10 09:00:00","CAPE","surface",-71.2174,17.2751,2624
"2026-09-09 18:00:00","2026-09-10 09:00:00","CAPE","surface",-71.1935,17.2751,2588
"2026-09-09 18:00:00","2026-09-10 09:00:00","CAPE","surface",-71.1696,17.2751,2534
"2026-09-09 18:00:00","2026-09-10 09:00:00","CAPE","surface",-71.1456,17.2751,2504
"2026-09-09 18:00:00","2026-09-10 09:00:00","CAPE","surface",-71.1217,17.2751,2529
"2026-09-09 18:00:00","2026-09-10 09:00:00","CAPE","surface",-71.0978,17.2751,2498
"2026-09-09 18:00:00","2026-09-10 09:00:00","CAPE","surface",-71.0739,17.2751,2522
"2026-09-09 18:00:00","2026-09-10 09:00:00","CAPE","surface",-71.0499,17.2751,2455
"2026-09-09 18:00:00","2026-09-10 09:00:00","CAPE","surface",-71.026,17.2751,2373
"2026-09-09 18:00:00","2026-09-10 09:00:00","CAPE","surface",-71.0021,17.2751,2359
"2026-09-09 18:00:00","2026-09-10 09:00:00","CAPE","surface",-70.9782,17.2751,2340
"2026-09-09 18:00:00","2026-09-10 09:00:00","CAPE","surface",-70.9542,17.2751,2340
"2026-09-09 18:00:00","2026-09-10 09:00:00","CAPE","surface",-70.9303,17.2751,2335
"2026-09-09 18:00:00","2026-09-10 09:00:00","CAPE","surface",-70.9064,17.2751,2309
"2026-09-09 18:00:00","2026-09-10 09:00:00","CAPE","surface",-70.8825,17.2751,2327
"2026-09-09 18:00:00","2026-09-10 09:00:00","CAPE","surface",-70.8585,17.2751,2241
"2026-09-09 18:00:00","2026-09-10 09:00:00","CAPE","surface",-70.8346,17.2751,2241
"2026-09-09 18:00:00","2026-09-10 09:00:00","CAPE","surface",-70.8107,17.2751,2228
"2026-09-09 18:00:00","2026-09-10 09:00:00","CAPE","surface",-70.7868,17.2751,2249
"2026-09-09 18:00:00","2026-09-10 09:00:00","CAPE","surface",-70.7628,17.2751,2252
"2026-09-09 18:00:00","2026-09-10 09:00:00","CAPE","surface",-70.7389,17.2751,2277
"2026-09-09 18:00:00","2026-09-10 09:00:00","CAPE","surface",-70.715,17.2751,2279
"2026-09-09 18:00:00","2026-09-10 09:00:00","CAPE","surface",-70.6911,17.2751,2355
"2026-09-09 18:00:00","2026-09-10 09:00:00","CAPE","surface",-70.6671,17.2751,2418
"2026-09-09 18:00:00","2026-09-10 09:00:00","CAPE","surface",-70.6432,17.2751,2432
"2026-09-09 18:00:00","2026-09-10 09:00:00","CAPE","surface",-70.6193,17.2751,2481
"2026-09-09 18:00:00","2026-09-10 09:00:00","CAPE","surface",-70.5954,17.2751,2424
"2026-09-09 18:00:00","2026-09-10 09:00:00","CAPE","surface",-70.5714,17.2751,2480
"2026-09-09 18:00:00","2026-09-10 09:00:00","CAPE","surface",-70.5475,17.2751,2441
"2026-09-09 18:00:00","2026-09-10 09:00:00","CAPE","surface",-70.5236,17.2751,2571
"2026-09-09 18:00:00","2026-09-10 09:00:00","CAPE","surface",-70.4997,17.2751,2483
"2026-09-09 18:00:00","2026-09-10 09:00:00","CAPE","surface",-70.4757,17.2751,2483
"2026-09-09 18:00:00","2026-09-10 09:00:00","CAPE","surface",-70.4518,17.2751,2486
"2026-09-09 18:00:00","2026-09-10 09:00:00","CAPE","surface",-70.4279,17.2751,2495
"2026-09-09 18:00:00","2026-09-10 09:00:00","CAPE","surface",-70.404,17.2751,2268
"2026-09-09 18:00:00","2026-09-10 09:00:00","CAPE","surface",-70.38,17.2751,1850
"2026-09-09 18:00:00","2026-09-10 09:00:00","CAPE","surface",-70.3561,17.2751,1850
"2026-09-09 18:00:00","2026-09-10 09:00:00","CAPE","surface",-70.3322,17.2751,1585
"2026-09-09 18:00:00","2026-09-10 09:00:00","CAPE","surface",-70.3083,17.2751,999
"2026-09-09 18:00:00","2026-09-10 09:00:00","CAPE","surface",-70.2843,17.2751,974
"2026-09-09 18:00:00","2026-09-10 09:00:00","CAPE","surface",-70.2604,17.2751,974
"2026-09-09 18:00:00","2026-09-10 09:00:00","CAPE","surface",-70.2365,17.2751,1008
"2026-09-09 18:00:00","2026-09-10 09:00:00","CAPE","surface",-70.2126,17.2751,1088
"2026-09-09 18:00:00","2026-09-10 09:00:00","CAPE","surface",-70.1886,17.2751,1151
"2026-09-09 18:00:00","2026-09-10 09:00:00","CAPE","surface",-70.1647,17.2751,1178
"2026-09-09 18:00:00","2026-09-10 09:00:00","CAPE","surface",-70.1408,17.2751,1178
"2026-09-09 18:00:00","2026-09-10 09:00:00","CAPE","surface",-70.1169,17.2751,1320
"2026-09-09 18:00:00","2026-09-10 09:00:00","CAPE","surface",-70.0929,17.2751,1488
"2026-09-09 18:00:00","2026-09-10 09:00:00","CAPE","surface",-70.069,17.2751,1614
"2026-09-09 18:00:00","2026-09-10 09:00:00","CAPE","surface",-70.0451,17.2751,1688
"2026-09-09 18:00:00","2026-09-10 09:00:00","CAPE","surface",-70.0212,17.2751,1914
"2026-09-09 18:00:00","2026-09-10 09:00:00","CAPE","surface",-69.9972,17.2751,2221
"2026-09-09 18:00:00","2026-09-10 09:00:00","CAPE","surface",-69.9733,17.2751,2254
"2026-09-09 18:00:00","2026-09-10 09:00:00","CAPE","surface",-69.9494,17.2751,2522
"2026-09-09 18:00:00","2026-09-10 09:00:00","CAPE","surface",-69.9255,17.2751,2631
"2026-09-09 18:00:00","2026-09-10 09:00:00","CAPE","surface",-69.9015,17.2751,2512
"2026-09-09 18:00:00","2026-09-10 09:00:00","CAPE","surface",-69.8776,17.2751,2583
"2026-09-09 18:00:00","2026-09-10 09:00:00","CAPE","surface",-69.8537,17.2751,2690
"2026-09-09 18:00:00","2026-09-10 09:00:00","CAPE","surface",-69.8298,17.2751,2737
"2026-09-09 18:00:00","2026-09-10 09:00:00","CAPE","surface",-69.8058,17.2751,2758
"2026-09-09 18:00:00","2026-09-10 09:00:00","CAPE","surface",-69.7819,17.2751,2772
"2026-09-09 18:00:00","2026-09-10 09:00:00","CAPE","surface",-69.758,17.2751,2803
"2026-09-09 18:00:00","2026-09-10 09:00:00","CAPE","surface",-69.7341,17.2751,2842
"2026-09-09 18:00:00","2026-09-10 09:00:00","CAPE","surface",-69.7101,17.2751,2861
"2026-09-09 18:00:00","2026-09-10 09:00:00","CAPE","surface",-69.6862,17.2751,2861
"2026-09-09 18:00:00","2026-09-10 09:00:00","CAPE","surface",-69.6623,17.2751,2867
"2026-09-09 18:00:00","2026-09-10 09:00:00","CAPE","surface",-69.6384,17.2751,2919
"2026-09-09 18:00:00","2026-09-10 09:00:00","CAPE","surface",-69.6144,17.2751,2975
"2026-09-09 18:00:00","2026-09-10 09:00:00","CAPE","surface",-69.5905,17.2751,3006
"2026-09-09 18:00:00","2026-09-10 09:00:00","CAPE","surface",-69.5666,17.2751,3004
"2026-09-09 18:00:00","2026-09-10 09:00:00","CAPE","surface",-69.5427,17.2751,3068
"2026-09-09 18:00:00","2026-09-10 09:00:00","CAPE","surface",-69.5187,17.2751,3094
"2026-09-09 18:00:00","2026-09-10 09:00:00","CAPE","surface",-69.4948,17.2751,3141
"2026-09-09 18:00:00","2026-09-10 09:00:00","CAPE","surface",-69.4709,17.2751,3103
"2026-09-09 18:00:00","2026-09-10 09:00:00","CAPE","surface",-69.447,17.2751,3103
"2026-09-09 18:00:00","2026-09-10 09:00:00","CAPE","surface",-69.423,17.2751,2954
"2026-09-09 18:00:00","2026-09-10 09:00:00","CAPE","surface",-69.3991,17.2751,2642
"2026-09-09 18:00:00","2026-09-10 09:00:00","CAPE","surface",-69.3752,17.2751,2652
"2026-09-09 18:00:00","2026-09-10 09:00:00","CAPE","surface",-69.3513,17.2751,2368
"2026-09-09 18:00:00","2026-09-10 09:00:00","CAPE","surface",-69.3273,17.2751,2382
"2026-09-09 18:00:00","2026-09-10 09:00:00","CAPE","surface",-69.3034,17.2751,2276
"2026-09-09 18:00:00","2026-09-10 09:00:00","CAPE","surface",-69.2795,17.2751,2236
"2026-09-09 18:00:00","2026-09-10 09:00:00","CAPE","surface",-69.2556,17.2751,2128
"2026-09-09 18:00:00","2026-09-10 09:00:00","CAPE","surface",-69.2316,17.2751,2058
"2026-09-09 18:00:00","2026-09-10 09:00:00","CAPE","surface",-69.2077,17.2751,2013
"2026-09-09 18:00:00","2026-09-10 09:00:00","CAPE","surface",-69.1838,17.2751,1935
"2026-09-09 18:00:00","2026-09-10 09:00:00","CAPE","surface",-69.1599,17.2751,1941
"2026-09-09 18:00:00","2026-09-10 09:00:00","CAPE","surface",-69.1359,17.2751,1968
"2026-09-09 18:00:00","2026-09-10 09:00:00","CAPE","surface",-69.112,17.2751,1968
"2026-09-09 18:00:00","2026-09-10 09:00:00","CAPE","surface",-69.0881,17.2751,2059
"2026-09-09 18:00:00","2026-09-10 09:00:00","CAPE","surface",-69.0642,17.2751,2151
"2026-09-09 18:00:00","2026-09-10 09:00:00","CAPE","surface",-69.0402,17.2751,2394
"2026-09-09 18:00:00","2026-09-10 09:00:00","CAPE","surface",-69.0163,17.2751,2626
"2026-09-09 18:00:00","2026-09-10 09:00:00","CAPE","surface",-68.9924,17.2751,2772
"2026-09-09 18:00:00","2026-09-10 09:00:00","CAPE","surface",-68.9685,17.2751,3037
"2026-09-09 18:00:00","2026-09-10 09:00:00","CAPE","surface",-68.9445,17.2751,3156
"2026-09-09 18:00:00","2026-09-10 09:00:00","CAPE","surface",-68.9206,17.2751,3034
"2026-09-09 18:00:00","2026-09-10 09:00:00","CAPE","surface",-68.8967,17.2751,3034
"2026-09-09 18:00:00","2026-09-10 09:00:00","CAPE","surface",-68.8728,17.2751,2773
"2026-09-09 18:00:00","2026-09-10 09:00:00","CAPE","surface",-68.8488,17.2751,2591
"2026-09-09 18:00:00","2026-09-10 09:00:00","CAPE","surface",-68.8249,17.2751,2813
"2026-09-09 18:00:00","2026-09-10 09:00:00","CAPE","surface",-68.801,17.2751,2430
"2026-09-09 18:00:00","2026-09-10 09:00:00","CAPE","surface",-68.7771,17.2751,2548
"2026-09-09 18:00:00","2026-09-10 09:00:00","CAPE","surface",-68.7531,17.2751,2398
"2026-09-09 18:00:00","2026-09-10 09:00:00","CAPE","surface",-68.7292,17.2751,2542
"2026-09-09 18:00:00","2026-09-10 09:00:00","CAPE","surface",-68.7053,17.2751,2504
"2026-09-09 18:00:00","2026-09-10 09:00:00","CAPE","surface",-68.6813,17.2751,2490
"2026-09-09 18:00:00","2026-09-10 09:00:00","CAPE","surface",-68.6574,17.2751,2552
"2026-09-09 18:00:00","2026-09-10 09:00:00","CAPE","surface",-68.6335,17.2751,2589
"2026-09-09 18:00:00","2026-09-10 09:00:00","CAPE","surface",-68.6096,17.2751,2587
"2026-09-09 18:00:00","2026-09-10 09:00:00","CAPE","surface",-68.5856,17.2751,2645
"2026-09-09 18:00:00","2026-09-10 09:00:00","CAPE","surface",-68.5617,17.2751,2659
"2026-09-09 18:00:00","2026-09-10 09:00:00","CAPE","surface",-68.5378,17.2751,2906
"2026-09-09 18:00:00","2026-09-10 09:00:00","CAPE","surface",-68.5139,17.2751,3088
"2026-09-09 18:00:00","2026-09-10 09:00:00","CAPE","surface",-68.4899,17.2751,3227
"2026-09-09 18:00:00","2026-09-10 09:00:00","CAPE","surface",-68.466,17.2751,3235
"2026-09-09 18:00:00","2026-09-10 09:00:00","CAPE","surface",-68.4421,17.2751,3380
"2026-09-09 18:00:00","2026-09-10 09:00:00","CAPE","surface",-68.4182,17.2751,3383
"2026-09-09 18:00:00","2026-09-10 09:00:00","CAPE","surface",-68.3942,17.2751,3436
"2026-09-09 18:00:00","2026-09-10 09:00:00","CAPE","surface",-68.3703,17.2751,3384
"2026-09-09 18:00:00","2026-09-10 09:00:00","CAPE","surface",-68.3464,17.2751,3445
"2026-09-09 18:00:00","2026-09-10 09:00:00","CAPE","surface",-68.3225,17.2751,3455
"2026-09-09 18:00:00","2026-09-10 09:00:00","CAPE","surface",-68.2985,17.2751,3387
"2026-09-09 18:00:00","2026-09-10 09:00:00","CAPE","surface",-68.2746,17.2751,2977
"2026-09-09 18:00:00","2026-09-10 09:00:00","CAPE","surface",-68.2507,17.2751,3059
"2026-09-09 18:00:00","2026-09-10 09:00:00","CAPE","surface",-68.2268,17.2751,2642
"2026-09-09 18:00:00","2026-09-10 09:00:00","CAPE","surface",-68.2028,17.2751,2336
"2026-09-09 18:00:00","2026-09-10 09:00:00","CAPE","surface",-68.1789,17.2751,2082
"2026-09-09 18:00:00","2026-09-10 09:00:00","CAPE","surface",-68.155,17.2751,2082
"2026-09-09 18:00:00","2026-09-10 09:00:00","CAPE","surface",-68.1311,17.2751,1876
"2026-09-09 18:00:00","2026-09-10 09:00:00","CAPE","surface",-68.1071,17.2751,1695
"2026-09-09 18:00:00","2026-09-10 09:00:00","CAPE","surface",-68.0832,17.2751,1548
"2026-09-09 18:00:00","2026-09-10 09:00:00","CAPE","surface",-68.0593,17.2751,1548
"2026-09-09 18:00:00","2026-09-10 09:00:00","CAPE","surface",-68.0354,17.2751,1408
"2026-09-09 18:00:00","2026-09-10 09:00:00","CAPE","surface",-68.0114,17.2751,1089
"2026-09-09 18:00:00","2026-09-10 09:00:00","CAPE","surface",-67.9875,17.2751,1016
"2026-09-09 18:00:00","2026-09-10 09:00:00","CAPE","surface",-67.9636,17.2751,1027
"2026-09-09 18:00:00","2026-09-10 09:00:00","CAPE","surface",-67.9397,17.2751,1027
"2026-09-09 18:00:00","2026-09-10 09:00:00","CAPE","surface",-67.9157,17.2751,1140
"2026-09-09 18:00:00","2026-09-10 09:00:00","CAPE","surface",-67.8918,17.2751,1393
"2026-09-09 18:00:00","2026-09-10 09:00:00","CAPE","surface",-67.8679,17.2751,1484
"2026-09-09 18:00:00","2026-09-10 09:00:00","CAPE","surface",-67.844,17.2751,1319
"2026-09-09 18:00:00","2026-09-10 09:00:00","CAPE","surface",-67.82,17.2751,1498
"2026-09-09 18:00:00","2026-09-10 09:00:00","CAPE","surface",-67.7961,17.2751,1538
"2026-09-09 18:00:00","2026-09-10 09:00:00","CAPE","surface",-67.7722,17.2751,1680
"2026-09-09 18:00:00","2026-09-10 09:00:00","CAPE","surface",-67.7483,17.2751,1763
"2026-09-09 18:00:00","2026-09-10 09:00:00","CAPE","surface",-67.7243,17.2751,1985
"2026-09-09 18:00:00","2026-09-10 09:00:00","CAPE","surface",-67.7004,17.2751,2451
"2026-09-09 18:00:00","2026-09-10 09:00:00","CAPE","surface",-67.6765,17.2751,2974
"2026-09-09 18:00:00","2026-09-10 09:00:00","CAPE","surface",-67.6526,17.2751,3168
"2026-09-09 18:00:00","2026-09-10 09:00:00","CAPE","surface",-67.6286,17.2751,3202
"2026-09-09 18:00:00","2026-09-10 09:00:00","CAPE","surface",-67.6047,17.2751,3249
"2026-09-09 18:00:00","2026-09-10 09:00:00","CAPE","surface",-67.5808,17.2751,3027
"2026-09-09 18:00:00","2026-09-10 09:00:00","CAPE","surface",-67.5569,17.2751,3104
"2026-09-09 18:00:00","2026-09-10 09:00:00","CAPE","surface",-67.5329,17.2751,2805
"2026-09-09 18:00:00","2026-09-10 09:00:00","CAPE","surface",-67.509,17.2751,2701
"2026-09-09 18:00:00","2026-09-10 09:00:00","CAPE","surface",-67.4851,17.2751,2769
"2026-09-09 18:00:00","2026-09-10 09:00:00","CAPE","surface",-67.4612,17.2751,2864
"2026-09-09 18:00:00","2026-09-10 09:00:00","CAPE","surface",-67.4372,17.2751,2864
"2026-09-09 18:00:00","2026-09-10 09:00:00","CAPE","surface",-67.4133,17.2751,2906
"2026-09-09 18:00:00","2026-09-10 09:00:00","CAPE","surface",-67.3894,17.2751,2942
"2026-09-09 18:00:00","2026-09-10 09:00:00","CAPE","surface",-67.3655,17.2751,2903
"2026-09-09 18:00:00","2026-09-10 09:00:00","CAPE","surface",-67.3415,17.2751,2876
"2026-09-09 18:00:00","2026-09-10 09:00:00","CAPE","surface",-67.3176,17.2751,3001
"2026-09-09 18:00:00","2026-09-10 09:00:00","CAPE","surface",-67.2937,17.2751,3131
"2026-09-09 18:00:00","2026-09-10 09:00:00","CAPE","surface",-67.2698,17.2751,3247
"2026-09-09 18:00:00","2026-09-10 09:00:00","CAPE","surface",-67.2458,17.2751,3265
"2026-09-09 18:00:00","2026-09-10 09:00:00","CAPE","surface",-67.2219,17.2751,3093
"2026-09-09 18:00:00","2026-09-10 09:00:00","CAPE","surface",-67.198,17.2751,3167
"2026-09-09 18:00:00","2026-09-10 09:00:00","CAPE","surface",-67.1741,17.2751,3040
"2026-09-09 18:00:00","2026-09-10 09:00:00","CAPE","surface",-67.1501,17.2751,3094
"2026-09-09 18:00:00","2026-09-10 09:00:00","CAPE","surface",-67.1262,17.2751,3000
"2026-09-09 18:00:00","2026-09-10 09:00:00","CAPE","surface",-67.1023,17.2751,3035
"2026-09-09 18:00:00","2026-09-10 09:00:00","CAPE","surface",-67.0784,17.2751,3017
"2026-09-09 18:00:00","2026-09-10 09:00:00","CAPE","surface",-67.0544,17.2751,3025
"2026-09-09 18:00:00","2026-09-10 09:00:00","CAPE","surface",-67.0305,17.2751,3025
"2026-09-09 18:00:00","2026-09-10 09:00:00","CAPE","surface",-67.0066,17.2751,3024
"2026-09-09 18:00:00","2026-09-10 09:00:00","CAPE","surface",-74.7822,17.2979,2667
"2026-09-09 18:00:00","2026-09-10 09:00:00","CAPE","surface",-74.7583,17.2979,2667
"2026-09-09 18:00:00","2026-09-10 09:00:00","CAPE","surface",-74.7344,17.2979,2631
"2026-09-09 18:00:00","2026-09-10 09:00:00","CAPE","surface",-74.7105,17.2979,2589
"2026-09-09 18:00:00","2026-09-10 09:00:00","CAPE","surface",-74.6865,17.2979,2486
"2026-09-09 18:00:00","2026-09-10 09:00:00","CAPE","surface",-74.6626,17.2979,2408
"2026-09-09 18:00:00","2026-09-10 09:00:00","CAPE","surface",-74.6387,17.2979,2540
"2026-09-09 18:00:00","2026-09-10 09:00:00","CAPE","surface",-74.6148,17.2979,2540
"2026-09-09 18:00:00","2026-09-10 09:00:00","CAPE","surface",-74.5908,17.2979,2750
"2026-09-09 18:00:00","2026-09-10 09:00:00","CAPE","surface",-74.5669,17.2979,2785
"2026-09-09 18:00:00","2026-09-10 09:00:00","CAPE","surface",-74.543,17.2979,2844
"2026-09-09 18:00:00","2026-09-10 09:00:00","CAPE","surface",-74.5191,17.2979,2556
"2026-09-09 18:00:00","2026-09-10 09:00:00","CAPE","surface",-74.4951,17.2979,2326
"2026-09-09 18:00:00","2026-09-10 09:00:00","CAPE","surface",-74.4712,17.2979,2100
"2026-09-09 18:00:00","2026-09-10 09:00:00","CAPE","surface",-74.4473,17.2979,2015
"2026-09-09 18:00:00","2026-09-10 09:00:00","CAPE","surface",-74.4234,17.2979,2082
"2026-09-09 18:00:00","2026-09-10 09:00:00","CAPE","surface",-74.3994,17.2979,2189
"2026-09-09 18:00:00","2026-09-10 09:00:00","CAPE","surface",-74.3755,17.2979,2394
"2026-09-09 18:00:00","2026-09-10 09:00:00","CAPE","surface",-74.3516,17.2979,2418
"2026-09-09 18:00:00","2026-09-10 09:00:00","CAPE","surface",-74.3277,17.2979,2594
"2026-09-09 18:00:00","2026-09-10 09:00:00","CAPE","surface",-74.3037,17.2979,2551
"2026-09-09 18:00:00","2026-09-10 09:00:00","CAPE","surface",-74.2798,17.2979,2841
"2026-09-09 18:00:00","2026-09-10 09:00:00","CAPE","surface",-74.2559,17.2979,2745
"2026-09-09 18:00:00","2026-09-10 09:00:00","CAPE","surface",-74.232,17.2979,2994
"2026-09-09 18:00:00","2026-09-10 09:00:00","CAPE","surface",-74.208,17.2979,2835
"2026-09-09 18:00:00","2026-09-10 09:00:00","CAPE","surface",-74.1841,17.2979,3146
"2026-09-09 18:00:00","2026-09-10 09:00:00","CAPE","surface",-74.1602,17.2979,2984
"2026-09-09 18:00:00","2026-09-10 09:00:00","CAPE","surface",-74.1363,17.2979,2882
"2026-09-09 18:00:00","2026-09-10 09:00:00","CAPE","surface",-74.1123,17.2979,2820
"2026-09-09 18:00:00","2026-09-10 09:00:00","CAPE","surface",-74.0884,17.2979,2512
"2026-09-09 18:00:00","2026-09-10 09:00:00","CAPE","surface",-74.0645,17.2979,2648
"2026-09-09 18:00:00","2026-09-10 09:00:00","CAPE","surface",-74.0406,17.2979,2413
"2026-09-09 18:00:00","2026-09-10 09:00:00","CAPE","surface",-74.0166,17.2979,2648
"2026-09-09 18:00:00","2026-09-10 09:00:00","CAPE","surface",-73.9927,17.2979,2594
"2026-09-09 18:00:00","2026-09-10 09:00:00","CAPE","surface",-73.9688,17.2979,2434
"2026-09-09 18:00:00","2026-09-10 09:00:00","CAPE","surface",-73.9449,17.2979,2633
"2026-09-09 18:00:00","2026-09-10 09:00:00","CAPE","surface",-73.9209,17.2979,2384
"2026-09-09 18:00:00","2026-09-10 09:00:00","CAPE","surface",-73.897,17.2979,2384
"2026-09-09 18:00:00","2026-09-10 09:00:00","CAPE","surface",-73.8731,17.2979,2239
"2026-09-09 18:00:00","2026-09-10 09:00:00","CAPE","surface",-73.8492,17.2979,2408
"2026-09-09 18:00:00","2026-09-10 09:00:00","CAPE","surface",-73.8252,17.2979,2304
"2026-09-09 18:00:00","2026-09-10 09:00:00","CAPE","surface",-73.8013,17.2979,2361
"2026-09-09 18:00:00","2026-09-10 09:00:00","CAPE","surface",-73.7774,17.2979,2356
"2026-09-09 18:00:00","2026-09-10 09:00:00","CAPE","surface",-73.7535,17.2979,2356
"2026-09-09 18:00:00","2026-09-10 09:00:00","CAPE","surface",-73.7295,17.2979,2380
"2026-09-09 18:00:00","2026-09-10 09:00:00","CAPE","surface",-73.7056,17.2979,2354
"2026-09-09 18:00:00","2026-09-10 09:00:00","CAPE","surface",-73.6817,17.2979,2252
"2026-09-09 18:00:00","2026-09-10 09:00:00","CAPE","surface",-73.6578,17.2979,2201
"2026-09-09 18:00:00","2026-09-10 09:00:00","CAPE","surface",-73.6338,17.2979,2111
"2026-09-09 18:00:00","2026-09-10 09:00:00","CAPE","surface",-73.6099,17.2979,2111
"2026-09-09 18:00:00","2026-09-10 09:00:00","CAPE","surface",-73.586,17.2979,2110
"2026-09-09 18:00:00","2026-09-10 09:00:00","CAPE","surface",-73.5621,17.2979,2221
"2026-09-09 18:00:00","2026-09-10 09:00:00","CAPE","surface",-73.5381,17.2979,2311
"2026-09-09 18:00:00","2026-09-10 09:00:00","CAPE","surface",-73.5142,17.2979,2330
"2026-09-09 18:00:00","2026-09-10 09:00:00","CAPE","surface",-73.4903,17.2979,2300
"2026-09-09 18:00:00","2026-09-10 09:00:00","CAPE","surface",-73.4664,17.2979,2297
"2026-09-09 18:00:00","2026-09-10 09:00:00","CAPE","surface",-73.4424,17.2979,2271
"2026-09-09 18:00:00","2026-09-10 09:00:00","CAPE","surface",-73.4185,17.2979,2252
"2026-09-09 18:00:00","2026-09-10 09:00:00","CAPE","surface",-73.3946,17.2979,2226
"2026-09-09 18:00:00","2026-09-10 09:00:00","CAPE","surface",-73.3707,17.2979,2170
"2026-09-09 18:00:00","2026-09-10 09:00:00","CAPE","surface",-73.3467,17.2979,2170
"2026-09-09 18:00:00","2026-09-10 09:00:00","CAPE","surface",-73.3228,17.2979,2149
"2026-09-09 18:00:00","2026-09-10 09:00:00","CAPE","surface",-73.2989,17.2979,2131
"2026-09-09 18:00:00","2026-09-10 09:00:00","CAPE","surface",-73.275,17.2979,2228
"2026-09-09 18:00:00","2026-09-10 09:00:00","CAPE","surface",-73.251,17.2979,2290
"2026-09-09 18:00:00","2026-09-10 09:00:00","CAPE","surface",-73.2271,17.2979,2383
"2026-09-09 18:00:00","2026-09-10 09:00:00","CAPE","surface",-73.2032,17.2979,2383
"2026-09-09 18:00:00","2026-09-10 09:00:00","CAPE","surface",-73.1793,17.2979,2381
"2026-09-09 18:00:00","2026-09-10 09:00:00","CAPE","surface",-73.1553,17.2979,2368
"2026-09-09 18:00:00","2026-09-10 09:00:00","CAPE","surface",-73.1314,17.2979,2326
"2026-09-09 18:00:00","2026-09-10 09:00:00","CAPE","surface",-73.1075,17.2979,2422
"2026-09-09 18:00:00","2026-09-10 09:00:00","CAPE","surface",-73.0836,17.2979,2371
"2026-09-09 18:00:00","2026-09-10 09:00:00","CAPE","surface",-73.0596,17.2979,2752
"2026-09-09 18:00:00","2026-09-10 09:00:00","CAPE","surface",-73.0357,17.2979,2708
"2026-09-09 18:00:00","2026-09-10 09:00:00","CAPE","surface",-73.0118,17.2979,3090
"2026-09-09 18:00:00","2026-09-10 09:00:00","CAPE","surface",-72.9879,17.2979,2871
"2026-09-09 18:00:00","2026-09-10 09:00:00","CAPE","surface",-72.9639,17.2979,2824
"2026-09-09 18:00:00","2026-09-10 09:00:00","CAPE","surface",-72.94,17.2979,2824
"2026-09-09 18:00:00","2026-09-10 09:00:00","CAPE","surface",-72.9161,17.2979,2768
"2026-09-09 18:00:00","2026-09-10 09:00:00","CAPE","surface",-72.8922,17.2979,2730
"2026-09-09 18:00:00","2026-09-10 09:00:00","CAPE","surface",-72.8682,17.2979,2704
"2026-09-09 18:00:00","2026-09-10 09:00:00","CAPE","surface",-72.8443,17.2979,2722
"2026-09-09 18:00:00","2026-09-10 09:00:00","CAPE","surface",-72.8204,17.2979,2655
"2026-09-09 18:00:00","2026-09-10 09:00:00","CAPE","surface",-72.7965,17.2979,2655
"2026-09-09 18:00:00","2026-09-10 09:00:00","CAPE","surface",-72.7725,17.2979,2584
"2026-09-09 18:00:00","2026-09-10 09:00:00","CAPE","surface",-72.7486,17.2979,2554
"2026-09-09 18:00:00","2026-09-10 09:00:00","CAPE","surface",-72.7247,17.2979,2606
"2026-09-09 18:00:00","2026-09-10 09:00:00","CAPE","surface",-72.7008,17.2979,2535
"2026-09-09 18:00:00","2026-09-10 09:00:00","CAPE","surface",-72.6768,17.2979,2564
"2026-09-09 18:00:00","2026-09-10 09:00:00","CAPE","surface",-72.6529,17.2979,2493
"2026-09-09 18:00:00","2026-09-10 09:00:00","CAPE","surface",-72.629,17.2979,2513
"2026-09-09 18:00:00","2026-09-10 09:00:00","CAPE","surface",-72.6051,17.2979,2480
"2026-09-09 18:00:00","2026-09-10 09:00:00","CAPE","surface",-72.5811,17.2979,2494
"2026-09-09 18:00:00","2026-09-10 09:00:00","CAPE","surface",-72.5572,17.2979,2467
"2026-09-09 18:00:00","2026-09-10 09:00:00","CAPE","surface",-72.5333,17.2979,2467
"2026-09-09 18:00:00","2026-09-10 09:00:00","CAPE","surface",-72.5094,17.2979,2473
"2026-09-09 18:00:00","2026-09-10 09:00:00","CAPE","surface",-72.4854,17.2979,2495
"2026-09-09 18:00:00","2026-09-10 09:00:00","CAPE","surface",-72.4615,17.2979,2552
"2026-09-09 18:00:00","2026-09-10 09:00:00","CAPE","surface",-72.4376,17.2979,2572
"2026-09-09 18:00:00","2026-09-10 09:00:00","CAPE","surface",-72.4137,17.2979,2621
"2026-09-09 18:00:00","2026-09-10 09:00:00","CAPE","surface",-72.3897,17.2979,2684
"2026-09-09 18:00:00","2026-09-10 09:00:00","CAPE","surface",-72.3658,17.2979,2709
"2026-09-09 18:00:00","2026-09-10 09:00:00","CAPE","surface",-72.3419,17.2979,2760
"2026-09-09 18:00:00","2026-09-10 09:00:00","CAPE","surface",-72.318,17.2979,2786
"2026-09-09 18:00:00","2026-09-10 09:00:00","CAPE","surface",-72.294,17.2979,2804
"2026-09-09 18:00:00","2026-09-10 09:00:00","CAPE","surface",-72.2701,17.2979,2804
"2026-09-09 18:00:00","2026-09-10 09:00:00","CAPE","surface",-72.2462,17.2979,2858
"2026-09-09 18:00:00","2026-09-10 09:00:00","CAPE","surface",-72.2223,17.2979,2880
"2026-09-09 18:00:00","2026-09-10 09:00:00","CAPE","surface",-72.1983,17.2979,2889
"2026-09-09 18:00:00","2026-09-10 09:00:00","CAPE","surface",-72.1744,17.2979,2885
"2026-09-09 18:00:00","2026-09-10 09:00:00","CAPE","surface",-72.1505,17.2979,2888
"2026-09-09 18:00:00","2026-09-10 09:00:00","CAPE","surface",-72.1266,17.2979,2880
"2026-09-09 18:00:00","2026-09-10 09:00:00","CAPE","surface",-72.1026,17.2979,2899
"2026-09-09 18:00:00","2026-09-10 09:00:00","CAPE","surface",-72.0787,17.2979,2913
"2026-09-09 18:00:00","2026-09-10 09:00:00","CAPE","surface",-72.0548,17.2979,2922
"2026-09-09 18:00:00","2026-09-10 09:00:00","CAPE","surface",-72.0309,17.2979,2941
"2026-09-09 18:00:00","2026-09-10 09:00:00","CAPE","surface",-72.0069,17.2979,2941
"2026-09-09 18:00:00","2026-09-10 09:00:00","CAPE","surface",-71.983,17.2979,2969
"2026-09-09 18:00:00","2026-09-10 09:00:00","CAPE","surface",-71.9591,17.2979,2987
"2026-09-09 18:00:00","2026-09-10 09:00:00","CAPE","surface",-71.9352,17.2979,3028
"2026-09-09 18:00:00","2026-09-10 09:00:00","CAPE","surface",-71.9112,17.2979,3031
"2026-09-09 18:00:00","2026-09-10 09:00:00","CAPE","surface",-71.8873,17.2979,3076
"2026-09-09 18:00:00","2026-09-10 09:00:00","CAPE","surface",-71.8634,17.2979,3085
"2026-09-09 18:00:00","2026-09-10 09:00:00","CAPE","surface",-71.8395,17.2979,3160
"2026-09-09 18:00:00","2026-09-10 09:00:00","CAPE","surface",-71.8155,17.2979,3207
"2026-09-09 18:00:00","2026-09-10 09:00:00","CAPE","surface",-71.7916,17.2979,3225
"2026-09-09 18:00:00","2026-09-10 09:00:00","CAPE","surface",-71.7677,17.2979,3229
"2026-09-09 18:00:00","2026-09-10 09:00:00","CAPE","surface",-71.7438,17.2979,3309
"2026-09-09 18:00:00","2026-09-10 09:00:00","CAPE","surface",-71.7198,17.2979,3398
"2026-09-09 18:00:00","2026-09-10 09:00:00","CAPE","surface",-71.6959,17.2979,3480
"2026-09-09 18:00:00","2026-09-10 09:00:00","CAPE","surface",-71.672,17.2979,3382
"2026-09-09 18:00:00","2026-09-10 09:00:00","CAPE","surface",-71.6481,17.2979,3382
"2026-09-09 18:00:00","2026-09-10 09:00:00","CAPE","surface",-71.6241,17.2979,3072
"2026-09-09 18:00:00","2026-09-10 09:00:00","CAPE","surface",-71.6002,17.2979,2903
"2026-09-09 18:00:00","2026-09-10 09:00:00","CAPE","surface",-71.5763,17.2979,2833
"2026-09-09 18:00:00","2026-09-10 09:00:00","CAPE","surface",-71.5524,17.2979,2829
"2026-09-09 18:00:00","2026-09-10 09:00:00","CAPE","surface",-71.5284,17.2979,2860
"2026-09-09 18:00:00","2026-09-10 09:00:00","CAPE","surface",-71.5045,17.2979,2918
"2026-09-09 18:00:00","2026-09-10 09:00:00","CAPE","surface",-71.4806,17.2979,2901
"2026-09-09 18:00:00","2026-09-10 09:00:00","CAPE","surface",-71.4567,17.2979,2940
"2026-09-09 18:00:00","2026-09-10 09:00:00","CAPE","surface",-71.4327,17.2979,2906
"2026-09-09 18:00:00","2026-09-10 09:00:00","CAPE","surface",-71.4088,17.2979,2863
"2026-09-09 18:00:00","2026-09-10 09:00:00","CAPE","surface",-71.3849,17.2979,2863
"2026-09-09 18:00:00","2026-09-10 09:00:00","CAPE","surface",-71.361,17.2979,2843
"2026-09-09 18:00:00","2026-09-10 09:00:00","CAPE","surface",-71.337,17.2979,2813
"2026-09-09 18:00:00","2026-09-10 09:00:00","CAPE","surface",-71.3131,17.2979,2751
"2026-09-09 18:00:00","2026-09-10 09:00:00","CAPE","surface",-71.2892,17.2979,2720
"2026-09-09 18:00:00","2026-09-10 09:00:00","CAPE","surface",-71.2653,17.2979,2738
"2026-09-09 18:00:00","2026-09-10 09:00:00","CAPE","surface",-71.2413,17.2979,2704
"2026-09-09 18:00:00","2026-09-10 09:00:00","CAPE","surface",-71.2174,17.2979,2658
"2026-09-09 18:00:00","2026-09-10 09:00:00","CAPE","surface",-71.1935,17.2979,2599
"2026-09-09 18:00:00","2026-09-10 09:00:00","CAPE","surface",-71.1696,17.2979,2534
"2026-09-09 18:00:00","2026-09-10 09:00:00","CAPE","surface",-71.1456,17.2979,2585
"2026-09-09 18:00:00","2026-09-10 09:00:00","CAPE","surface",-71.1217,17.2979,2547
"2026-09-09 18:00:00","2026-09-10 09:00:00","CAPE","surface",-71.0978,17.2979,2580
"2026-09-09 18:00:00","2026-09-10 09:00:00","CAPE","surface",-71.0739,17.2979,2522
"2026-09-09 18:00:00","2026-09-10 09:00:00","CAPE","surface",-71.0499,17.2979,2436
"2026-09-09 18:00:00","2026-09-10 09:00:00","CAPE","surface",-71.026,17.2979,2435
"2026-09-09 18:00:00","2026-09-10 09:00:00","CAPE","surface",-71.0021,17.2979,2318
"2026-09-09 18:00:00","2026-09-10 09:00:00","CAPE","surface",-70.9782,17.2979,2271
"2026-09-09 18:00:00","2026-09-10 09:00:00","CAPE","surface",-70.9542,17.2979,2294
"2026-09-09 18:00:00","2026-09-10 09:00:00","CAPE","surface",-70.9303,17.2979,2287
"2026-09-09 18:00:00","2026-09-10 09:00:00","CAPE","surface",-70.9064,17.2979,2287
"2026-09-09 18:00:00","2026-09-10 09:00:00","CAPE","surface",-70.8825,17.2979,2245
"2026-09-09 18:00:00","2026-09-10 09:00:00","CAPE","surface",-70.8585,17.2979,2249
"2026-09-09 18:00:00","2026-09-10 09:00:00","CAPE","surface",-70.8346,17.2979,2219
"2026-09-09 18:00:00","2026-09-10 09:00:00","CAPE","surface",-70.8107,17.2979,2228
"2026-09-09 18:00:00","2026-09-10 09:00:00","CAPE","surface",-70.7868,17.2979,2229
"2026-09-09 18:00:00","2026-09-10 09:00:00","CAPE","surface",-70.7628,17.2979,2255
"2026-09-09 18:00:00","2026-09-10 09:00:00","CAPE","surface",-70.7389,17.2979,2252
"2026-09-09 18:00:00","2026-09-10 09:00:00","CAPE","surface",-70.715,17.2979,2305
"2026-09-09 18:00:00","2026-09-10 09:00:00","CAPE","surface",-70.6911,17.2979,2355
"2026-09-09 18:00:00","2026-09-10 09:00:00","CAPE","surface",-70.6671,17.2979,2399
"2026-09-09 18:00:00","2026-09-10 09:00:00","CAPE","surface",-70.6432,17.2979,2414
"2026-09-09 18:00:00","2026-09-10 09:00:00","CAPE","surface",-70.6193,17.2979,2401
"2026-09-09 18:00:00","2026-09-10 09:00:00","CAPE","surface",-70.5954,17.2979,2424
"2026-09-09 18:00:00","2026-09-10 09:00:00","CAPE","surface",-70.5714,17.2979,2366
"2026-09-09 18:00:00","2026-09-10 09:00:00","CAPE","surface",-70.5475,17.2979,2291
"2026-09-09 18:00:00","2026-09-10 09:00:00","CAPE","surface",-70.5236,17.2979,2285
"2026-09-09 18:00:00","2026-09-10 09:00:00","CAPE","surface",-70.4997,17.2979,2197
"2026-09-09 18:00:00","2026-09-10 09:00:00","CAPE","surface",-70.4757,17.2979,2291
"2026-09-09 18:00:00","2026-09-10 09:00:00","CAPE","surface",-70.4518,17.2979,2427
"2026-09-09 18:00:00","2026-09-10 09:00:00","CAPE","surface",-70.4279,17.2979,2427
"2026-09-09 18:00:00","2026-09-10 09:00:00","CAPE","surface",-70.404,17.2979,2499
"2026-09-09 18:00:00","2026-09-10 09:00:00","CAPE","surface",-70.38,17.2979,2385
"2026-09-09 18:00:00","2026-09-10 09:00:00","CAPE","surface",-70.3561,17.2979,2258
"2026-09-09 18:00:00","2026-09-10 09:00:00","CAPE","surface",-70.3322,17.2979,2054
"2026-09-09 18:00:00","2026-09-10 09:00:00","CAPE","surface",-70.3083,17.2979,2054
"2026-09-09 18:00:00","2026-09-10 09:00:00","CAPE","surface",-70.2843,17.2979,1860
"2026-09-09 18:00:00","2026-09-10 09:00:00","CAPE","surface",-70.2604,17.2979,1286
"2026-09-09 18:00:00","2026-09-10 09:00:00","CAPE","surface",-70.2365,17.2979,1247
"2026-09-09 18:00:00","2026-09-10 09:00:00","CAPE","surface",-70.2126,17.2979,1247
"2026-09-09 18:00:00","2026-09-10 09:00:00","CAPE","surface",-70.1886,17.2979,1275
"2026-09-09 18:00:00","2026-09-10 09:00:00","CAPE","surface",-70.1647,17.2979,1170
"2026-09-09 18:00:00","2026-09-10 09:00:00","CAPE","surface",-70.1408,17.2979,1314
"2026-09-09 18:00:00","2026-09-10 09:00:00","CAPE","surface",-70.1169,17.2979,1586
"2026-09-09 18:00:00","2026-09-10 09:00:00","CAPE","surface",-70.0929,17.2979,1586
"2026-09-09 18:00:00","2026-09-10 09:00:00","CAPE","surface",-70.069,17.2979,1974
"2026-09-09 18:00:00","2026-09-10 09:00:00","CAPE","surface",-70.0451,17.2979,1931
"2026-09-09 18:00:00","2026-09-10 09:00:00","CAPE","surface",-70.0212,17.2979,2210
"2026-09-09 18:00:00","2026-09-10 09:00:00","CAPE","surface",-69.9972,17.2979,2221
"2026-09-09 18:00:00","2026-09-10 09:00:00","CAPE","surface",-69.9733,17.2979,2370
"2026-09-09 18:00:00","2026-09-10 09:00:00","CAPE","surface",-69.9494,17.2979,2443
"2026-09-09 18:00:00","2026-09-10 09:00:00","CAPE","surface",-69.9255,17.2979,2488
"2026-09-09 18:00:00","2026-09-10 09:00:00","CAPE","surface",-69.9015,17.2979,2475
"2026-09-09 18:00:00","2026-09-10 09:00:00","CAPE","surface",-69.8776,17.2979,2555
"2026-09-09 18:00:00","2026-09-10 09:00:00","CAPE","surface",-69.8537,17.2979,2575
"2026-09-09 18:00:00","2026-09-10 09:00:00","CAPE","surface",-69.8298,17.2979,2687
"2026-09-09 18:00:00","2026-09-10 09:00:00","CAPE","surface",-69.8058,17.2979,2729
"2026-09-09 18:00:00","2026-09-10 09:00:00","CAPE","surface",-69.7819,17.2979,2772
"2026-09-09 18:00:00","2026-09-10 09:00:00","CAPE","surface",-69.758,17.2979,2766
"2026-09-09 18:00:00","2026-09-10 09:00:00","CAPE","surface",-69.7341,17.2979,2828
"2026-09-09 18:00:00","2026-09-10 09:00:00","CAPE","surface",-69.7101,17.2979,2855
"2026-09-09 18:00:00","2026-09-10 09:00:00","CAPE","surface",-69.6862,17.2979,2876
"2026-09-09 18:00:00","2026-09-10 09:00:00","CAPE","surface",-69.6623,17.2979,2896
"2026-09-09 18:00:00","2026-09-10 09:00:00","CAPE","surface",-69.6384,17.2979,2904
"2026-09-09 18:00:00","2026-09-10 09:00:00","CAPE","surface",-69.6144,17.2979,2942
"2026-09-09 18:00:00","2026-09-10 09:00:00","CAPE","surface",-69.5905,17.2979,2982
"2026-09-09 18:00:00","2026-09-10 09:00:00","CAPE","surface",-69.5666,17.2979,3004
"2026-09-09 18:00:00","2026-09-10 09:00:00","CAPE","surface",-69.5427,17.2979,3053
"2026-09-09 18:00:00","2026-09-10 09:00:00","CAPE","surface",-69.5187,17.2979,3007
"2026-09-09 18:00:00","2026-09-10 09:00:00","CAPE","surface",-69.4948,17.2979,3000
"2026-09-09 18:00:00","2026-09-10 09:00:00","CAPE","surface",-69.4709,17.2979,2832
"2026-09-09 18:00:00","2026-09-10 09:00:00","CAPE","surface",-69.447,17.2979,2879
"2026-09-09 18:00:00","2026-09-10 09:00:00","CAPE","surface",-69.423,17.2979,2595
"2026-09-09 18:00:00","2026-09-10 09:00:00","CAPE","surface",-69.3991,17.2979,2595
"2026-09-09 18:00:00","2026-09-10 09:00:00","CAPE","surface",-69.3752,17.2979,2332
"2026-09-09 18:00:00","2026-09-10 09:00:00","CAPE","surface",-69.3513,17.2979,2368
"2026-09-09 18:00:00","2026-09-10 09:00:00","CAPE","surface",-69.3273,17.2979,2296
"2026-09-09 18:00:00","2026-09-10 09:00:00","CAPE","surface",-69.3034,17.2979,2254
"2026-09-09 18:00:00","2026-09-10 09:00:00","CAPE","surface",-69.2795,17.2979,2231
"2026-09-09 18:00:00","2026-09-10 09:00:00","CAPE","surface",-69.2556,17.2979,2138
"2026-09-09 18:00:00","2026-09-10 09:00:00","CAPE","surface",-69.2316,17.2979,2058
"2026-09-09 18:00:00","2026-09-10 09:00:00","CAPE","surface",-69.2077,17.2979,1941
"2026-09-09 18:00:00","2026-09-10 09:00:00","CAPE","surface",-69.1838,17.2979,1941
"2026-09-09 18:00:00","2026-09-10 09:00:00","CAPE","surface",-69.1599,17.2979,1936
"2026-09-09 18:00:00","2026-09-10 09:00:00","CAPE","surface",-69.1359,17.2979,1991
"2026-09-09 18:00:00","2026-09-10 09:00:00","CAPE","surface",-69.112,17.2979,2008
"2026-09-09 18:00:00","2026-09-10 09:00:00","CAPE","surface",-69.0881,17.2979,2108
"2026-09-09 18:00:00","2026-09-10 09:00:00","CAPE","surface",-69.0642,17.2979,2162
"2026-09-09 18:00:00","2026-09-10 09:00:00","CAPE","surface",-69.0402,17.2979,2466
"2026-09-09 18:00:00","2026-09-10 09:00:00","CAPE","surface",-69.0163,17.2979,2626
"2026-09-09 18:00:00","2026-09-10 09:00:00","CAPE","surface",-68.9924,17.2979,2913
"2026-09-09 18:00:00","2026-09-10 09:00:00","CAPE","surface",-68.9685,17.2979,2913
"2026-09-09 18:00:00","2026-09-10 09:00:00","CAPE","surface",-68.9445,17.2979,2882
"2026-09-09 18:00:00","2026-09-10 09:00:00","CAPE","surface",-68.9206,17.2979,2599
"2026-09-09 18:00:00","2026-09-10 09:00:00","CAPE","surface",-68.8967,17.2979,2646
"2026-09-09 18:00:00","2026-09-10 09:00:00","CAPE","surface",-68.8728,17.2979,2481
"2026-09-09 18:00:00","2026-09-10 09:00:00","CAPE","surface",-68.8488,17.2979,2492
"2026-09-09 18:00:00","2026-09-10 09:00:00","CAPE","surface",-68.8249,17.2979,2399
"2026-09-09 18:00:00","2026-09-10 09:00:00","CAPE","surface",-68.801,17.2979,2430
"2026-09-09 18:00:00","2026-09-10 09:00:00","CAPE","surface",-68.7771,17.2979,2322
"2026-09-09 18:00:00","2026-09-10 09:00:00","CAPE","surface",-68.7531,17.2979,2286
"2026-09-09 18:00:00","2026-09-10 09:00:00","CAPE","surface",-68.7292,17.2979,2317
"2026-09-09 18:00:00","2026-09-10 09:00:00","CAPE","surface",-68.7053,17.2979,2427
"2026-09-09 18:00:00","2026-09-10 09:00:00","CAPE","surface",-68.6813,17.2979,2490
"2026-09-09 18:00:00","2026-09-10 09:00:00","CAPE","surface",-68.6574,17.2979,2584
"2026-09-09 18:00:00","2026-09-10 09:00:00","CAPE","surface",-68.6335,17.2979,2597
"2026-09-09 18:00:00","2026-09-10 09:00:00","CAPE","surface",-68.6096,17.2979,2653
"2026-09-09 18:00:00","2026-09-10 09:00:00","CAPE","surface",-68.5856,17.2979,2688
"2026-09-09 18:00:00","2026-09-10 09:00:00","CAPE","surface",-68.5617,17.2979,2759
"2026-09-09 18:00:00","2026-09-10 09:00:00","CAPE","surface",-68.5378,17.2979,2846
"2026-09-09 18:00:00","2026-09-10 09:00:00","CAPE","surface",-68.5139,17.2979,2967
"2026-09-09 18:00:00","2026-09-10 09:00:00","CAPE","surface",-68.4899,17.2979,3095
"2026-09-09 18:00:00","2026-09-10 09:00:00","CAPE","surface",-68.466,17.2979,3235
"2026-09-09 18:00:00","2026-09-10 09:00:00","CAPE","surface",-68.4421,17.2979,3200
"2026-09-09 18:00:00","2026-09-10 09:00:00","CAPE","surface",-68.4182,17.2979,3260
"2026-09-09 18:00:00","2026-09-10 09:00:00","CAPE","surface",-68.3942,17.2979,3325
"2026-09-09 18:00:00","2026-09-10 09:00:00","CAPE","surface",-68.3703,17.2979,3393
"2026-09-09 18:00:00","2026-09-10 09:00:00","CAPE","surface",-68.3464,17.2979,3445
"2026-09-09 18:00:00","2026-09-10 09:00:00","CAPE","surface",-68.3225,17.2979,3504
"2026-09-09 18:00:00","2026-09-10 09:00:00","CAPE","surface",-68.2985,17.2979,3509
"2026-09-09 18:00:00","2026-09-10 09:00:00","CAPE","surface",-68.2746,17.2979,3408
"2026-09-09 18:00:00","2026-09-10 09:00:00","CAPE","surface",-68.2507,17.2979,3205
"2026-09-09 18:00:00","2026-09-10 09:00:00","CAPE","surface",-68.2268,17.2979,3205
"2026-09-09 18:00:00","2026-09-10 09:00:00","CAPE","surface",-68.2028,17.2979,2829
"2026-09-09 18:00:00","2026-09-10 09:00:00","CAPE","surface",-68.1789,17.2979,2431
"2026-09-09 18:00:00","2026-09-10 09:00:00","CAPE","surface",-68.155,17.2979,2168
"2026-09-09 18:00:00","2026-09-10 09:00:00","CAPE","surface",-68.1311,17.2979,1876
"2026-09-09 18:00:00","2026-09-10 09:00:00","CAPE","surface",-68.1071,17.2979,2007
"2026-09-09 18:00:00","2026-09-10 09:00:00","CAPE","surface",-68.0832,17.2979,2041
"2026-09-09 18:00:00","2026-09-10 09:00:00","CAPE","surface",-68.0593,17.2979,1782
"2026-09-09 18:00:00","2026-09-10 09:00:00","CAPE","surface",-68.0354,17.2979,1458
"2026-09-09 18:00:00","2026-09-10 09:00:00","CAPE","surface",-68.0114,17.2979,1458
"2026-09-09 18:00:00","2026-09-10 09:00:00","CAPE","surface",-67.9875,17.2979,1114
"2026-09-09 18:00:00","2026-09-10 09:00:00","CAPE","surface",-67.9636,17.2979,1024
"2026-09-09 18:00:00","2026-09-10 09:00:00","CAPE","surface",-67.9397,17.2979,1049
"2026-09-09 18:00:00","2026-09-10 09:00:00","CAPE","surface",-67.9157,17.2979,1103
"2026-09-09 18:00:00","2026-09-10 09:00:00","CAPE","surface",-67.8918,17.2979,1116
"2026-09-09 18:00:00","2026-09-10 09:00:00","CAPE","surface",-67.8679,17.2979,1194
"2026-09-09 18:00:00","2026-09-10 09:00:00","CAPE","surface",-67.844,17.2979,1319
"2026-09-09 18:00:00","2026-09-10 09:00:00","CAPE","surface",-67.82,17.2979,1426
"2026-09-09 18:00:00","2026-09-10 09:00:00","CAPE","surface",-67.7961,17.2979,1426
"2026-09-09 18:00:00","2026-09-10 09:00:00","CAPE","surface",-67.7722,17.2979,1594
"2026-09-09 18:00:00","2026-09-10 09:00:00","CAPE","surface",-67.7483,17.2979,1975
"2026-09-09 18:00:00","2026-09-10 09:00:00","CAPE","surface",-67.7243,17.2979,2208
"2026-09-09 18:00:00","2026-09-10 09:00:00","CAPE","surface",-67.7004,17.2979,2458
"2026-09-09 18:00:00","2026-09-10 09:00:00","CAPE","surface",-67.6765,17.2979,2742
"2026-09-09 18:00:00","2026-09-10 09:00:00","CAPE","surface",-67.6526,17.2979,3125
"2026-09-09 18:00:00","2026-09-10 09:00:00","CAPE","surface",-67.6286,17.2979,3202
"2026-09-09 18:00:00","2026-09-10 09:00:00","CAPE","surface",-67.6047,17.2979,2953
"2026-09-09 18:00:00","2026-09-10 09:00:00","CAPE","surface",-67.5808,17.2979,2849
"2026-09-09 18:00:00","2026-09-10 09:00:00","CAPE","surface",-67.5569,17.2979,2814
"2026-09-09 18:00:00","2026-09-10 09:00:00","CAPE","surface",-67.5329,17.2979,2686
"2026-09-09 18:00:00","2026-09-10 09:00:00","CAPE","surface",-67.509,17.2979,2701
"2026-09-09 18:00:00","2026-09-10 09:00:00","CAPE","surface",-67.4851,17.2979,2637
"2026-09-09 18:00:00","2026-09-10 09:00:00","CAPE","surface",-67.4612,17.2979,2747
"2026-09-09 18:00:00","2026-09-10 09:00:00","CAPE","surface",-67.4372,17.2979,2830
"2026-09-09 18:00:00","2026-09-10 09:00:00","CAPE","surface",-67.4133,17.2979,2814
"2026-09-09 18:00:00","2026-09-10 09:00:00","CAPE","surface",-67.3894,17.2979,2814
"2026-09-09 18:00:00","2026-09-10 09:00:00","CAPE","surface",-67.3655,17.2979,2797
"2026-09-09 18:00:00","2026-09-10 09:00:00","CAPE","surface",-67.3415,17.2979,2876
"2026-09-09 18:00:00","2026-09-10 09:00:00","CAPE","surface",-67.3176,17.2979,2968
"2026-09-09 18:00:00","2026-09-10 09:00:00","CAPE","surface",-67.2937,17.2979,2968
"2026-09-09 18:00:00","2026-09-10 09:00:00","CAPE","surface",-67.2698,17.2979,3025
"2026-09-09 18:00:00","2026-09-10 09:00:00","CAPE","surface",-67.2458,17.2979,2972
"2026-09-09 18:00:00","2026-09-10 09:00:00","CAPE","surface",-67.2219,17.2979,3093
"2026-09-09 18:00:00","2026-09-10 09:00:00","CAPE","surface",-67.198,17.2979,2846
"2026-09-09 18:00:00","2026-09-10 09:00:00","CAPE","surface",-67.1741,17.2979,2952
"2026-09-09 18:00:00","2026-09-10 09:00:00","CAPE","surface",-67.1501,17.2979,2921
"2026-09-09 18:00:00","2026-09-10 09:00:00","CAPE","surface",-67.1262,17.2979,2987
"2026-09-09 18:00:00","2026-09-10 09:00:00","CAPE","surface",-67.1023,17.2979,2987
"2026-09-09 18:00:00","2026-09-10 09:00:00","CAPE","surface",-67.0784,17.2979,3051
"2026-09-09 18:00:00","2026-09-10 09:00:00","CAPE","surface",-67.0544,17.2979,3043
"2026-09-09 18:00:00","2026-09-10 09:00:00","CAPE","surface",-67.0305,17.2979,3049
"2026-09-09 18:00:00","2026-09-10 09:00:00","CAPE","surface",-67.0066,17.2979,3024
"2026-09-09 18:00:00","2026-09-10 09:00:00","CAPE","surface",-74.7822,17.3208,2465
"2026-09-09 18:00:00","2026-09-10 09:00:00","CAPE","surface",-74.7583,17.3208,2574
"2026-09-09 18:00:00","2026-09-10 09:00:00","CAPE","surface",-74.7344,17.3208,2561
"2026-09-09 18:00:00","2026-09-10 09:00:00","CAPE","surface",-74.7105,17.3208,2561
"2026-09-09 18:00:00","2026-09-10 09:00:00","CAPE","surface",-74.6865,17.3208,2588
"2026-09-09 18:00:00","2026-09-10 09:00:00","CAPE","surface",-74.6626,17.3208,2594
"2026-09-09 18:00:00","2026-09-10 09:00:00","CAPE","surface",-74.6387,17.3208,2701
"2026-09-09 18:00:00","2026-09-10 09:00:00","CAPE","surface",-74.6148,17.3208,2720
"2026-09-09 18:00:00","2026-09-10 09:00:00","CAPE","surface",-74.5908,17.3208,2788
"2026-09-09 18:00:00","2026-09-10 09:00:00","CAPE","surface",-74.5669,17.3208,2788
"2026-09-09 18:00:00","2026-09-10 09:00:00","CAPE","surface",-74.543,17.3208,2787
"2026-09-09 18:00:00","2026-09-10 09:00:00","CAPE","surface",-74.5191,17.3208,2754
"2026-09-09 18:00:00","2026-09-10 09:00:00","CAPE","surface",-74.4951,17.3208,2325
"2026-09-09 18:00:00","2026-09-10 09:00:00","CAPE","surface",-74.4712,17.3208,2100
"2026-09-09 18:00:00","2026-09-10 09:00:00","CAPE","surface",-74.4473,17.3208,2059
"2026-09-09 18:00:00","2026-09-10 09:00:00","CAPE","surface",-74.4234,17.3208,2082
"2026-09-09 18:00:00","2026-09-10 09:00:00","CAPE","surface",-74.3994,17.3208,2263
"2026-09-09 18:00:00","2026-09-10 09:00:00","CAPE","surface",-74.3755,17.3208,2307
"2026-09-09 18:00:00","2026-09-10 09:00:00","CAPE","surface",-74.3516,17.3208,2609
"2026-09-09 18:00:00","2026-09-10 09:00:00","CAPE","surface",-74.3277,17.3208,2594
"2026-09-09 18:00:00","2026-09-10 09:00:00","CAPE","surface",-74.3037,17.3208,2898
"2026-09-09 18:00:00","2026-09-10 09:00:00","CAPE","surface",-74.2798,17.3208,2841
"2026-09-09 18:00:00","2026-09-10 09:00:00","CAPE","surface",-74.2559,17.3208,3101
"2026-09-09 18:00:00","2026-09-10 09:00:00","CAPE","surface",-74.232,17.3208,3222
"2026-09-09 18:00:00","2026-09-10 09:00:00","CAPE","surface",-74.208,17.3208,3217
"2026-09-09 18:00:00","2026-09-10 09:00:00","CAPE","surface",-74.1841,17.3208,3203
"2026-09-09 18:00:00","2026-09-10 09:00:00","CAPE","surface",-74.1602,17.3208,3044
"2026-09-09 18:00:00","2026-09-10 09:00:00","CAPE","surface",-74.1363,17.3208,2575
"2026-09-09 18:00:00","2026-09-10 09:00:00","CAPE","surface",-74.1123,17.3208,2575
"2026-09-09 18:00:00","2026-09-10 09:00:00","CAPE","surface",-74.0884,17.3208,2343
"2026-09-09 18:00:00","2026-09-10 09:00:00","CAPE","surface",-74.0645,17.3208,2327
"2026-09-09 18:00:00","2026-09-10 09:00:00","CAPE","surface",-74.0406,17.3208,2329
"2026-09-09 18:00:00","2026-09-10 09:00:00","CAPE","surface",-74.0166,17.3208,2427
"2026-09-09 18:00:00","2026-09-10 09:00:00","CAPE","surface",-73.9927,17.3208,2310
"2026-09-09 18:00:00","2026-09-10 09:00:00","CAPE","surface",-73.9688,17.3208,2310
"2026-09-09 18:00:00","2026-09-10 09:00:00","CAPE","surface",-73.9449,17.3208,2182
"2026-09-09 18:00:00","2026-09-10 09:00:00","CAPE","surface",-73.9209,17.3208,2208
"2026-09-09 18:00:00","2026-09-10 09:00:00","CAPE","surface",-73.897,17.3208,2132
"2026-09-09 18:00:00","2026-09-10 09:00:00","CAPE","surface",-73.8731,17.3208,2239
"2026-09-09 18:00:00","2026-09-10 09:00:00","CAPE","surface",-73.8492,17.3208,2218
"2026-09-09 18:00:00","2026-09-10 09:00:00","CAPE","surface",-73.8252,17.3208,2218
"2026-09-09 18:00:00","2026-09-10 09:00:00","CAPE","surface",-73.8013,17.3208,2245
"2026-09-09 18:00:00","2026-09-10 09:00:00","CAPE","surface",-73.7774,17.3208,2315
"2026-09-09 18:00:00","2026-09-10 09:00:00","CAPE","surface",-73.7535,17.3208,2363
"2026-09-09 18:00:00","2026-09-10 09:00:00","CAPE","surface",-73.7295,17.3208,2381
"2026-09-09 18:00:00","2026-09-10 09:00:00","CAPE","surface",-73.7056,17.3208,2330
"2026-09-09 18:00:00","2026-09-10 09:00:00","CAPE","surface",-73.6817,17.3208,2259
"2026-09-09 18:00:00","2026-09-10 09:00:00","CAPE","surface",-73.6578,17.3208,2173
"2026-09-09 18:00:00","2026-09-10 09:00:00","CAPE","surface",-73.6338,17.3208,2077
"2026-09-09 18:00:00","2026-09-10 09:00:00","CAPE","surface",-73.6099,17.3208,2058
"2026-09-09 18:00:00","2026-09-10 09:00:00","CAPE","surface",-73.586,17.3208,2144
"2026-09-09 18:00:00","2026-09-10 09:00:00","CAPE","surface",-73.5621,17.3208,2144
"2026-09-09 18:00:00","2026-09-10 09:00:00","CAPE","surface",-73.5381,17.3208,2287
"2026-09-09 18:00:00","2026-09-10 09:00:00","CAPE","surface",-73.5142,17.3208,2327
"2026-09-09 18:00:00","2026-09-10 09:00:00","CAPE","surface",-73.4903,17.3208,2313
"2026-09-09 18:00:00","2026-09-10 09:00:00","CAPE","surface",-73.4664,17.3208,2297
"2026-09-09 18:00:00","2026-09-10 09:00:00","CAPE","surface",-73.4424,17.3208,2260
"2026-09-09 18:00:00","2026-09-10 09:00:00","CAPE","surface",-73.4185,17.3208,2260
"2026-09-09 18:00:00","2026-09-10 09:00:00","CAPE","surface",-73.3946,17.3208,2227
"2026-09-09 18:00:00","2026-09-10 09:00:00","CAPE","surface",-73.3707,17.3208,2208
"2026-09-09 18:00:00","2026-09-10 09:00:00","CAPE","surface",-73.3467,17.3208,2159
"2026-09-09 18:00:00","2026-09-10 09:00:00","CAPE","surface",-73.3228,17.3208,2149
"2026-09-09 18:00:00","2026-09-10 09:00:00","CAPE","surface",-73.2989,17.3208,2198
"2026-09-09 18:00:00","2026-09-10 09:00:00","CAPE","surface",-73.275,17.3208,2270
"2026-09-09 18:00:00","2026-09-10 09:00:00","CAPE","surface",-73.251,17.3208,2308
"2026-09-09 18:00:00","2026-09-10 09:00:00","CAPE","surface",-73.2271,17.3208,2342
"2026-09-09 18:00:00","2026-09-10 09:00:00","CAPE","surface",-73.2032,17.3208,2369
"2026-09-09 18:00:00","2026-09-10 09:00:00","CAPE","surface",-73.1793,17.3208,2380
"2026-09-09 18:00:00","2026-09-10 09:00:00","CAPE","surface",-73.1553,17.3208,2371
"2026-09-09 18:00:00","2026-09-10 09:00:00","CAPE","surface",-73.1314,17.3208,2488
"2026-09-09 18:00:00","2026-09-10 09:00:00","CAPE","surface",-73.1075,17.3208,2459
"2026-09-09 18:00:00","2026-09-10 09:00:00","CAPE","surface",-73.0836,17.3208,2771
"2026-09-09 18:00:00","2026-09-10 09:00:00","CAPE","surface",-73.0596,17.3208,2752
"2026-09-09 18:00:00","2026-09-10 09:00:00","CAPE","surface",-73.0357,17.3208,3141
"2026-09-09 18:00:00","2026-09-10 09:00:00","CAPE","surface",-73.0118,17.3208,3141
"2026-09-09 18:00:00","2026-09-10 09:00:00","CAPE","surface",-72.9879,17.3208,3163
"2026-09-09 18:00:00","2026-09-10 09:00:00","CAPE","surface",-72.9639,17.3208,3010
"2026-09-09 18:00:00","2026-09-10 09:00:00","CAPE","surface",-72.94,17.3208,2859
"2026-09-09 18:00:00","2026-09-10 09:00:00","CAPE","surface",-72.9161,17.3208,2720
"2026-09-09 18:00:00","2026-09-10 09:00:00","CAPE","surface",-72.8922,17.3208,2701
"2026-09-09 18:00:00","2026-09-10 09:00:00","CAPE","surface",-72.8682,17.3208,2577
"2026-09-09 18:00:00","2026-09-10 09:00:00","CAPE","surface",-72.8443,17.3208,2595
"2026-09-09 18:00:00","2026-09-10 09:00:00","CAPE","surface",-72.8204,17.3208,2494
"2026-09-09 18:00:00","2026-09-10 09:00:00","CAPE","surface",-72.7965,17.3208,2531
"2026-09-09 18:00:00","2026-09-10 09:00:00","CAPE","surface",-72.7725,17.3208,2494
"2026-09-09 18:00:00","2026-09-10 09:00:00","CAPE","surface",-72.7486,17.3208,2494
"2026-09-09 18:00:00","2026-09-10 09:00:00","CAPE","surface",-72.7247,17.3208,2479
"2026-09-09 18:00:00","2026-09-10 09:00:00","CAPE","surface",-72.7008,17.3208,2507
"2026-09-09 18:00:00","2026-09-10 09:00:00","CAPE","surface",-72.6768,17.3208,2478
"2026-09-09 18:00:00","2026-09-10 09:00:00","CAPE","surface",-72.6529,17.3208,2493
"2026-09-09 18:00:00","2026-09-10 09:00:00","CAPE","surface",-72.629,17.3208,2469
"2026-09-09 18:00:00","2026-09-10 09:00:00","CAPE","surface",-72.6051,17.3208,2469
"2026-09-09 18:00:00","2026-09-10 09:00:00","CAPE","surface",-72.5811,17.3208,2448
"2026-09-09 18:00:00","2026-09-10 09:00:00","CAPE","surface",-72.5572,17.3208,2451
"2026-09-09 18:00:00","2026-09-10 09:00:00","CAPE","surface",-72.5333,17.3208,2456
"2026-09-09 18:00:00","2026-09-10 09:00:00","CAPE","surface",-72.5094,17.3208,2503
"2026-09-09 18:00:00","2026-09-10 09:00:00","CAPE","surface",-72.4854,17.3208,2503
"2026-09-09 18:00:00","2026-09-10 09:00:00","CAPE","surface",-72.4615,17.3208,2591
"2026-09-09 18:00:00","2026-09-10 09:00:00","CAPE","surface",-72.4376,17.3208,2606
"2026-09-09 18:00:00","2026-09-10 09:00:00","CAPE","surface",-72.4137,17.3208,2659
"2026-09-09 18:00:00","2026-09-10 09:00:00","CAPE","surface",-72.3897,17.3208,2684
"2026-09-09 18:00:00","2026-09-10 09:00:00","CAPE","surface",-72.3658,17.3208,2738
"2026-09-09 18:00:00","2026-09-10 09:00:00","CAPE","surface",-72.3419,17.3208,2738
"2026-09-09 18:00:00","2026-09-10 09:00:00","CAPE","surface",-72.318,17.3208,2780
"2026-09-09 18:00:00","2026-09-10 09:00:00","CAPE","surface",-72.294,17.3208,2796
"2026-09-09 18:00:00","2026-09-10 09:00:00","CAPE","surface",-72.2701,17.3208,2836
"2026-09-09 18:00:00","2026-09-10 09:00:00","CAPE","surface",-72.2462,17.3208,2879
"2026-09-09 18:00:00","2026-09-10 09:00:00","CAPE","surface",-72.2223,17.3208,2879
"2026-09-09 18:00:00","2026-09-10 09:00:00","CAPE","surface",-72.1983,17.3208,2900
"2026-09-09 18:00:00","2026-09-10 09:00:00","CAPE","surface",-72.1744,17.3208,2895
"2026-09-09 18:00:00","2026-09-10 09:00:00","CAPE","surface",-72.1505,17.3208,2896
"2026-09-09 18:00:00","2026-09-10 09:00:00","CAPE","surface",-72.1266,17.3208,2893
"2026-09-09 18:00:00","2026-09-10 09:00:00","CAPE","surface",-72.1026,17.3208,2917
"2026-09-09 18:00:00","2026-09-10 09:00:00","CAPE","surface",-72.0787,17.3208,2921
"2026-09-09 18:00:00","2026-09-10 09:00:00","CAPE","surface",-72.0548,17.3208,2938
"2026-09-09 18:00:00","2026-09-10 09:00:00","CAPE","surface",-72.0309,17.3208,2931
"2026-09-09 18:00:00","2026-09-10 09:00:00","CAPE","surface",-72.0069,17.3208,2956
"2026-09-09 18:00:00","2026-09-10 09:00:00","CAPE","surface",-71.983,17.3208,2969
"2026-09-09 18:00:00","2026-09-10 09:00:00","CAPE","surface",-71.9591,17.3208,2980
"2026-09-09 18:00:00","2026-09-10 09:00:00","CAPE","surface",-71.9352,17.3208,3016
"2026-09-09 18:00:00","2026-09-10 09:00:00","CAPE","surface",-71.9112,17.3208,3051
"2026-09-09 18:00:00","2026-09-10 09:00:00","CAPE","surface",-71.8873,17.3208,3096
"2026-09-09 18:00:00","2026-09-10 09:00:00","CAPE","surface",-71.8634,17.3208,3144
"2026-09-09 18:00:00","2026-09-10 09:00:00","CAPE","surface",-71.8395,17.3208,3127
"2026-09-09 18:00:00","2026-09-10 09:00:00","CAPE","surface",-71.8155,17.3208,3184
"2026-09-09 18:00:00","2026-09-10 09:00:00","CAPE","surface",-71.7916,17.3208,3152
"2026-09-09 18:00:00","2026-09-10 09:00:00","CAPE","surface",-71.7677,17.3208,3229
"2026-09-09 18:00:00","2026-09-10 09:00:00","CAPE","surface",-71.7438,17.3208,3250
"2026-09-09 18:00:00","2026-09-10 09:00:00","CAPE","surface",-71.7198,17.3208,3250
"2026-09-09 18:00:00","2026-09-10 09:00:00","CAPE","surface",-71.6959,17.3208,3335
"2026-09-09 18:00:00","2026-09-10 09:00:00","CAPE","surface",-71.672,17.3208,3305
"2026-09-09 18:00:00","2026-09-10 09:00:00","CAPE","surface",-71.6481,17.3208,3244
"2026-09-09 18:00:00","2026-09-10 09:00:00","CAPE","surface",-71.6241,17.3208,3006
"2026-09-09 18:00:00","2026-09-10 09:00:00","CAPE","surface",-71.6002,17.3208,3006
"2026-09-09 18:00:00","2026-09-10 09:00:00","CAPE","surface",-71.5763,17.3208,2887
"2026-09-09 18:00:00","2026-09-10 09:00:00","CAPE","surface",-71.5524,17.3208,2855
"2026-09-09 18:00:00","2026-09-10 09:00:00","CAPE","surface",-71.5284,17.3208,2926
"2026-09-09 18:00:00","2026-09-10 09:00:00","CAPE","surface",-71.5045,17.3208,2918
"2026-09-09 18:00:00","2026-09-10 09:00:00","CAPE","surface",-71.4806,17.3208,2963
"2026-09-09 18:00:00","2026-09-10 09:00:00","CAPE","surface",-71.4567,17.3208,2963
"2026-09-09 18:00:00","2026-09-10 09:00:00","CAPE","surface",-71.4327,17.3208,2967
"2026-09-09 18:00:00","2026-09-10 09:00:00","CAPE","surface",-71.4088,17.3208,2914
"2026-09-09 18:00:00","2026-09-10 09:00:00","CAPE","surface",-71.3849,17.3208,2871
"2026-09-09 18:00:00","2026-09-10 09:00:00","CAPE","surface",-71.361,17.3208,2836
"2026-09-09 18:00:00","2026-09-10 09:00:00","CAPE","surface",-71.337,17.3208,2836
"2026-09-09 18:00:00","2026-09-10 09:00:00","CAPE","surface",-71.3131,17.3208,2813
"2026-09-09 18:00:00","2026-09-10 09:00:00","CAPE","surface",-71.2892,17.3208,2771
"2026-09-09 18:00:00","2026-09-10 09:00:00","CAPE","surface",-71.2653,17.3208,2752
"2026-09-09 18:00:00","2026-09-10 09:00:00","CAPE","surface",-71.2413,17.3208,2704
"2026-09-09 18:00:00","2026-09-10 09:00:00","CAPE","surface",-71.2174,17.3208,2705
"2026-09-09 18:00:00","2026-09-10 09:00:00","CAPE","surface",-71.1935,17.3208,2642
"2026-09-09 18:00:00","2026-09-10 09:00:00","CAPE","surface",-71.1696,17.3208,2650
"2026-09-09 18:00:00","2026-09-10 09:00:00","CAPE","surface",-71.1456,17.3208,2661
"2026-09-09 18:00:00","2026-09-10 09:00:00","CAPE","surface",-71.1217,17.3208,2609
"2026-09-09 18:00:00","2026-09-10 09:00:00","CAPE","surface",-71.0978,17.3208,2687
"2026-09-09 18:00:00","2026-09-10 09:00:00","CAPE","surface",-71.0739,17.3208,2640
"2026-09-09 18:00:00","2026-09-10 09:00:00","CAPE","surface",-71.0499,17.3208,2591
"2026-09-09 18:00:00","2026-09-10 09:00:00","CAPE","surface",-71.026,17.3208,2435
"2026-09-09 18:00:00","2026-09-10 09:00:00","CAPE","surface",-71.0021,17.3208,2298
"2026-09-09 18:00:00","2026-09-10 09:00:00","CAPE","surface",-70.9782,17.3208,2298
"2026-09-09 18:00:00","2026-09-10 09:00:00","CAPE","surface",-70.9542,17.3208,2245
"2026-09-09 18:00:00","2026-09-10 09:00:00","CAPE","surface",-70.9303,17.3208,2253
"2026-09-09 18:00:00","2026-09-10 09:00:00","CAPE","surface",-70.9064,17.3208,2244
"2026-09-09 18:00:00","2026-09-10 09:00:00","CAPE","surface",-70.8825,17.3208,2183
"2026-09-09 18:00:00","2026-09-10 09:00:00","CAPE","surface",-70.8585,17.3208,2183
"2026-09-09 18:00:00","2026-09-10 09:00:00","CAPE","surface",-70.8346,17.3208,2209
"2026-09-09 18:00:00","2026-09-10 09:00:00","CAPE","surface",-70.8107,17.3208,2220
"2026-09-09 18:00:00","2026-09-10 09:00:00","CAPE","surface",-70.7868,17.3208,2248
"2026-09-09 18:00:00","2026-09-10 09:00:00","CAPE","surface",-70.7628,17.3208,2255
"2026-09-09 18:00:00","2026-09-10 09:00:00","CAPE","surface",-70.7389,17.3208,2256
"2026-09-09 18:00:00","2026-09-10 09:00:00","CAPE","surface",-70.715,17.3208,2265
"2026-09-09 18:00:00","2026-09-10 09:00:00","CAPE","surface",-70.6911,17.3208,2360
"2026-09-09 18:00:00","2026-09-10 09:00:00","CAPE","surface",-70.6671,17.3208,2386
"2026-09-09 18:00:00","2026-09-10 09:00:00","CAPE","surface",-70.6432,17.3208,2399
"2026-09-09 18:00:00","2026-09-10 09:00:00","CAPE","surface",-70.6193,17.3208,2389
"2026-09-09 18:00:00","2026-09-10 09:00:00","CAPE","surface",-70.5954,17.3208,2358
"2026-09-09 18:00:00","2026-09-10 09:00:00","CAPE","surface",-70.5714,17.3208,2305
"2026-09-09 18:00:00","2026-09-10 09:00:00","CAPE","surface",-70.5475,17.3208,2291
"2026-09-09 18:00:00","2026-09-10 09:00:00","CAPE","surface",-70.5236,17.3208,2235
"2026-09-09 18:00:00","2026-09-10 09:00:00","CAPE","surface",-70.4997,17.3208,2235
"2026-09-09 18:00:00","2026-09-10 09:00:00","CAPE","surface",-70.4757,17.3208,2186
"2026-09-09 18:00:00","2026-09-10 09:00:00","CAPE","surface",-70.4518,17.3208,2287
"2026-09-09 18:00:00","2026-09-10 09:00:00","CAPE","surface",-70.4279,17.3208,2354
"2026-09-09 18:00:00","2026-09-10 09:00:00","CAPE","surface",-70.404,17.3208,2446
"2026-09-09 18:00:00","2026-09-10 09:00:00","CAPE","surface",-70.38,17.3208,2446
"2026-09-09 18:00:00","2026-09-10 09:00:00","CAPE","surface",-70.3561,17.3208,2493
"2026-09-09 18:00:00","2026-09-10 09:00:00","CAPE","surface",-70.3322,17.3208,2502
"2026-09-09 18:00:00","2026-09-10 09:00:00","CAPE","surface",-70.3083,17.3208,2360
"2026-09-09 18:00:00","2026-09-10 09:00:00","CAPE","surface",-70.2843,17.3208,2360
"2026-09-09 18:00:00","2026-09-10 09:00:00","CAPE","surface",-70.2604,17.3208,2219
"2026-09-09 18:00:00","2026-09-10 09:00:00","CAPE","surface",-70.2365,17.3208,1701
"2026-09-09 18:00:00","2026-09-10 09:00:00","CAPE","surface",-70.2126,17.3208,1610
"2026-09-09 18:00:00","2026-09-10 09:00:00","CAPE","surface",-70.1886,17.3208,1640
"2026-09-09 18:00:00","2026-09-10 09:00:00","CAPE","surface",-70.1647,17.3208,1640
"2026-09-09 18:00:00","2026-09-10 09:00:00","CAPE","surface",-70.1408,17.3208,1805
"2026-09-09 18:00:00","2026-09-10 09:00:00","CAPE","surface",-70.1169,17.3208,1656
"2026-09-09 18:00:00","2026-09-10 09:00:00","CAPE","surface",-70.0929,17.3208,2030
"2026-09-09 18:00:00","2026-09-10 09:00:00","CAPE","surface",-70.069,17.3208,1974
"2026-09-09 18:00:00","2026-09-10 09:00:00","CAPE","surface",-70.0451,17.3208,2218
"2026-09-09 18:00:00","2026-09-10 09:00:00","CAPE","surface",-70.0212,17.3208,2218
"2026-09-09 18:00:00","2026-09-10 09:00:00","CAPE","surface",-69.9972,17.3208,2303
"2026-09-09 18:00:00","2026-09-10 09:00:00","CAPE","surface",-69.9733,17.3208,2343
"2026-09-09 18:00:00","2026-09-10 09:00:00","CAPE","surface",-69.9494,17.3208,2432
"2026-09-09 18:00:00","2026-09-10 09:00:00","CAPE","surface",-69.9255,17.3208,2389
"2026-09-09 18:00:00","2026-09-10 09:00:00","CAPE","surface",-69.9015,17.3208,2438
"2026-09-09 18:00:00","2026-09-10 09:00:00","CAPE","surface",-69.8776,17.3208,2494
"2026-09-09 18:00:00","2026-09-10 09:00:00","CAPE","surface",-69.8537,17.3208,2575
"2026-09-09 18:00:00","2026-09-10 09:00:00","CAPE","surface",-69.8298,17.3208,2679
"2026-09-09 18:00:00","2026-09-10 09:00:00","CAPE","surface",-69.8058,17.3208,2623
"2026-09-09 18:00:00","2026-09-10 09:00:00","CAPE","surface",-69.7819,17.3208,2682
"2026-09-09 18:00:00","2026-09-10 09:00:00","CAPE","surface",-69.758,17.3208,2725
"2026-09-09 18:00:00","2026-09-10 09:00:00","CAPE","surface",-69.7341,17.3208,2810
"2026-09-09 18:00:00","2026-09-10 09:00:00","CAPE","surface",-69.7101,17.3208,2727
"2026-09-09 18:00:00","2026-09-10 09:00:00","CAPE","surface",-69.6862,17.3208,2825
"2026-09-09 18:00:00","2026-09-10 09:00:00","CAPE","surface",-69.6623,17.3208,2853
"2026-09-09 18:00:00","2026-09-10 09:00:00","CAPE","surface",-69.6384,17.3208,2904
"2026-09-09 18:00:00","2026-09-10 09:00:00","CAPE","surface",-69.6144,17.3208,2948
"2026-09-09 18:00:00","2026-09-10 09:00:00","CAPE","surface",-69.5905,17.3208,2959
"2026-09-09 18:00:00","2026-09-10 09:00:00","CAPE","surface",-69.5666,17.3208,2989
"2026-09-09 18:00:00","2026-09-10 09:00:00","CAPE","surface",-69.5427,17.3208,3005
"2026-09-09 18:00:00","2026-09-10 09:00:00","CAPE","surface",-69.5187,17.3208,3007
"2026-09-09 18:00:00","2026-09-10 09:00:00","CAPE","surface",-69.4948,17.3208,2865
"2026-09-09 18:00:00","2026-09-10 09:00:00","CAPE","surface",-69.4709,17.3208,2865
"2026-09-09 18:00:00","2026-09-10 09:00:00","CAPE","surface",-69.447,17.3208,2592
"2026-09-09 18:00:00","2026-09-10 09:00:00","CAPE","surface",-69.423,17.3208,2569
"2026-09-09 18:00:00","2026-09-10 09:00:00","CAPE","surface",-69.3991,17.3208,2308
"2026-09-09 18:00:00","2026-09-10 09:00:00","CAPE","surface",-69.3752,17.3208,2223
"2026-09-09 18:00:00","2026-09-10 09:00:00","CAPE","surface",-69.3513,17.3208,2221
"2026-09-09 18:00:00","2026-09-10 09:00:00","CAPE","surface",-69.3273,17.3208,2268
"2026-09-09 18:00:00","2026-09-10 09:00:00","CAPE","surface",-69.3034,17.3208,2254
"2026-09-09 18:00:00","2026-09-10 09:00:00","CAPE","surface",-69.2795,17.3208,2251
"2026-09-09 18:00:00","2026-09-10 09:00:00","CAPE","surface",-69.2556,17.3208,2251
"2026-09-09 18:00:00","2026-09-10 09:00:00","CAPE","surface",-69.2316,17.3208,2071
"2026-09-09 18:00:00","2026-09-10 09:00:00","CAPE","surface",-69.2077,17.3208,1943
"2026-09-09 18:00:00","2026-09-10 09:00:00","CAPE","surface",-69.1838,17.3208,1924
"2026-09-09 18:00:00","2026-09-10 09:00:00","CAPE","surface",-69.1599,17.3208,1978
"2026-09-09 18:00:00","2026-09-10 09:00:00","CAPE","surface",-69.1359,17.3208,1978
"2026-09-09 18:00:00","2026-09-10 09:00:00","CAPE","surface",-69.112,17.3208,2093
"2026-09-09 18:00:00","2026-09-10 09:00:00","CAPE","surface",-69.0881,17.3208,2108
"2026-09-09 18:00:00","2026-09-10 09:00:00","CAPE","surface",-69.0642,17.3208,2332
"2026-09-09 18:00:00","2026-09-10 09:00:00","CAPE","surface",-69.0402,17.3208,2332
"2026-09-09 18:00:00","2026-09-10 09:00:00","CAPE","surface",-69.0163,17.3208,2675
"2026-09-09 18:00:00","2026-09-10 09:00:00","CAPE","surface",-68.9924,17.3208,2795
"2026-09-09 18:00:00","2026-09-10 09:00:00","CAPE","surface",-68.9685,17.3208,2843
"2026-09-09 18:00:00","2026-09-10 09:00:00","CAPE","surface",-68.9445,17.3208,2594
"2026-09-09 18:00:00","2026-09-10 09:00:00","CAPE","surface",-68.9206,17.3208,2594
"2026-09-09 18:00:00","2026-09-10 09:00:00","CAPE","surface",-68.8967,17.3208,2481
"2026-09-09 18:00:00","2026-09-10 09:00:00","CAPE","surface",-68.8728,17.3208,2481
"2026-09-09 18:00:00","2026-09-10 09:00:00","CAPE","surface",-68.8488,17.3208,2432
"2026-09-09 18:00:00","2026-09-10 09:00:00","CAPE","surface",-68.8249,17.3208,2398
"2026-09-09 18:00:00","2026-09-10 09:00:00","CAPE","surface",-68.801,17.3208,2347
"2026-09-09 18:00:00","2026-09-10 09:00:00","CAPE","surface",-68.7771,17.3208,2285
"2026-09-09 18:00:00","2026-09-10 09:00:00","CAPE","surface",-68.7531,17.3208,2286
"2026-09-09 18:00:00","2026-09-10 09:00:00","CAPE","surface",-68.7292,17.3208,2371
"2026-09-09 18:00:00","2026-09-10 09:00:00","CAPE","surface",-68.7053,17.3208,2371
"2026-09-09 18:00:00","2026-09-10 09:00:00","CAPE","surface",-68.6813,17.3208,2542
"2026-09-09 18:00:00","2026-09-10 09:00:00","CAPE","surface",-68.6574,17.3208,2656
"2026-09-09 18:00:00","2026-09-10 09:00:00","CAPE","surface",-68.6335,17.3208,2661
"2026-09-09 18:00:00","2026-09-10 09:00:00","CAPE","surface",-68.6096,17.3208,2682
"2026-09-09 18:00:00","2026-09-10 09:00:00","CAPE","surface",-68.5856,17.3208,2676
"2026-09-09 18:00:00","2026-09-10 09:00:00","CAPE","surface",-68.5617,17.3208,2753
"2026-09-09 18:00:00","2026-09-10 09:00:00","CAPE","surface",-68.5378,17.3208,2846
"2026-09-09 18:00:00","2026-09-10 09:00:00","CAPE","surface",-68.5139,17.3208,2979
"2026-09-09 18:00:00","2026-09-10 09:00:00","CAPE","surface",-68.4899,17.3208,3012
"2026-09-09 18:00:00","2026-09-10 09:00:00","CAPE","surface",-68.466,17.3208,3092
"2026-09-09 18:00:00","2026-09-10 09:00:00","CAPE","surface",-68.4421,17.3208,3184
"2026-09-09 18:00:00","2026-09-10 09:00:00","CAPE","surface",-68.4182,17.3208,3260
"2026-09-09 18:00:00","2026-09-10 09:00:00","CAPE","surface",-68.3942,17.3208,3264
"2026-09-09 18:00:00","2026-09-10 09:00:00","CAPE","surface",-68.3703,17.3208,3324
"2026-09-09 18:00:00","2026-09-10 09:00:00","CAPE","surface",-68.3464,17.3208,3429
"2026-09-09 18:00:00","2026-09-10 09:00:00","CAPE","surface",-68.3225,17.3208,3519
"2026-09-09 18:00:00","2026-09-10 09:00:00","CAPE","surface",-68.2985,17.3208,3519
"2026-09-09 18:00:00","2026-09-10 09:00:00","CAPE","surface",-68.2746,17.3208,3536
"2026-09-09 18:00:00","2026-09-10 09:00:00","CAPE","surface",-68.2507,17.3208,3461
"2026-09-09 18:00:00","2026-09-10 09:00:00","CAPE","surface",-68.2268,17.3208,3198
"2026-09-09 18:00:00","2026-09-10 09:00:00","CAPE","surface",-68.2028,17.3208,2829
"2026-09-09 18:00:00","2026-09-10 09:00:00","CAPE","surface",-68.1789,17.3208,2866
"2026-09-09 18:00:00","2026-09-10 09:00:00","CAPE","surface",-68.155,17.3208,2524
"2026-09-09 18:00:00","2026-09-10 09:00:00","CAPE","surface",-68.1311,17.3208,2305
"2026-09-09 18:00:00","2026-09-10 09:00:00","CAPE","surface",-68.1071,17.3208,2260
"2026-09-09 18:00:00","2026-09-10 09:00:00","CAPE","surface",-68.0832,17.3208,2260
"2026-09-09 18:00:00","2026-09-10 09:00:00","CAPE","surface",-68.0593,17.3208,2218
"2026-09-09 18:00:00","2026-09-10 09:00:00","CAPE","surface",-68.0354,17.3208,1902
"2026-09-09 18:00:00","2026-09-10 09:00:00","CAPE","surface",-68.0114,17.3208,1508
"2026-09-09 18:00:00","2026-09-10 09:00:00","CAPE","surface",-67.9875,17.3208,1287
"2026-09-09 18:00:00","2026-09-10 09:00:00","CAPE","surface",-67.9636,17.3208,1287
"2026-09-09 18:00:00","2026-09-10 09:00:00","CAPE","surface",-67.9397,17.3208,1220
"2026-09-09 18:00:00","2026-09-10 09:00:00","CAPE","surface",-67.9157,17.3208,1103
"2026-09-09 18:00:00","2026-09-10 09:00:00","CAPE","surface",-67.8918,17.3208,1156
"2026-09-09 18:00:00","2026-09-10 09:00:00","CAPE","surface",-67.8679,17.3208,1156
"2026-09-09 18:00:00","2026-09-10 09:00:00","CAPE","surface",-67.844,17.3208,1236
"2026-09-09 18:00:00","2026-09-10 09:00:00","CAPE","surface",-67.82,17.3208,1348
"2026-09-09 18:00:00","2026-09-10 09:00:00","CAPE","surface",-67.7961,17.3208,1463
"2026-09-09 18:00:00","2026-09-10 09:00:00","CAPE","surface",-67.7722,17.3208,1567
"2026-09-09 18:00:00","2026-09-10 09:00:00","CAPE","surface",-67.7483,17.3208,1756
"2026-09-09 18:00:00","2026-09-10 09:00:00","CAPE","surface",-67.7243,17.3208,2197
"2026-09-09 18:00:00","2026-09-10 09:00:00","CAPE","surface",-67.7004,17.3208,2458
"2026-09-09 18:00:00","2026-09-10 09:00:00","CAPE","surface",-67.6765,17.3208,2944
"2026-09-09 18:00:00","2026-09-10 09:00:00","CAPE","surface",-67.6526,17.3208,2830
"2026-09-09 18:00:00","2026-09-10 09:00:00","CAPE","surface",-67.6286,17.3208,2923
"2026-09-09 18:00:00","2026-09-10 09:00:00","CAPE","surface",-67.6047,17.3208,2846
"2026-09-09 18:00:00","2026-09-10 09:00:00","CAPE","surface",-67.5808,17.3208,2849
"2026-09-09 18:00:00","2026-09-10 09:00:00","CAPE","surface",-67.5569,17.3208,2767
"2026-09-09 18:00:00","2026-09-10 09:00:00","CAPE","surface",-67.5329,17.3208,2702
"2026-09-09 18:00:00","2026-09-10 09:00:00","CAPE","surface",-67.509,17.3208,2604
"2026-09-09 18:00:00","2026-09-10 09:00:00","CAPE","surface",-67.4851,17.3208,2599
"2026-09-09 18:00:00","2026-09-10 09:00:00","CAPE","surface",-67.4612,17.3208,2599
"2026-09-09 18:00:00","2026-09-10 09:00:00","CAPE","surface",-67.4372,17.3208,2680
"2026-09-09 18:00:00","2026-09-10 09:00:00","CAPE","surface",-67.4133,17.3208,2743
"2026-09-09 18:00:00","2026-09-10 09:00:00","CAPE","surface",-67.3894,17.3208,2765
"2026-09-09 18:00:00","2026-09-10 09:00:00","CAPE","surface",-67.3655,17.3208,2765
"2026-09-09 18:00:00","2026-09-10 09:00:00","CAPE","surface",-67.3415,17.3208,2763
"2026-09-09 18:00:00","2026-09-10 09:00:00","CAPE","surface",-67.3176,17.3208,2753
"2026-09-09 18:00:00","2026-09-10 09:00:00","CAPE","surface",-67.2937,17.3208,2857
"2026-09-09 18:00:00","2026-09-10 09:00:00","CAPE","surface",-67.2698,17.3208,2834
"2026-09-09 18:00:00","2026-09-10 09:00:00","CAPE","surface",-67.2458,17.3208,2834
"2026-09-09 18:00:00","2026-09-10 09:00:00","CAPE","surface",-67.2219,17.3208,2763
"2026-09-09 18:00:00","2026-09-10 09:00:00","CAPE","surface",-67.198,17.3208,2714
"2026-09-09 18:00:00","2026-09-10 09:00:00","CAPE","surface",-67.1741,17.3208,2808
"2026-09-09 18:00:00","2026-09-10 09:00:00","CAPE","surface",-67.1501,17.3208,2799
"2026-09-09 18:00:00","2026-09-10 09:00:00","CAPE","surface",-67.1262,17.3208,2904
"2026-09-09 18:00:00","2026-09-10 09:00:00","CAPE","surface",-67.1023,17.3208,3029
"2026-09-09 18:00:00","2026-09-10 09:00:00","CAPE","surface",-67.0784,17.3208,3051
"2026-09-09 18:00:00","2026-09-10 09:00:00","CAPE","surface",-67.0544,17.3208,3048
"2026-09-09 18:00:00","2026-09-10 09:00:00","CAPE","surface",-67.0305,17.3208,3033
"2026-09-09 18:00:00","2026-09-10 09:00:00","CAPE","surface",-67.0066,17.3208,3041
"2026-09-09 18:00:00","2026-09-10 09:00:00","CAPE","surface",-74.7822,17.3436,2334
"2026-09-09 18:00:00","2026-09-10 09:00:00","CAPE","surface",-74.7583,17.3436,2452
"2026-09-09 18:00:00","2026-09-10 09:00:00","CAPE","surface",-74.7344,17.3436,2533
"2026-09-09 18:00:00","2026-09-10 09:00:00","CAPE","surface",-74.7105,17.3436,2561
"2026-09-09 18:00:00","2026-09-10 09:00:00","CAPE","surface",-74.6865,17.3436,2588
"2026-09-09 18:00:00","2026-09-10 09:00:00","CAPE","surface",-74.6626,17.3436,2673
"2026-09-09 18:00:00","2026-09-10 09:00:00","CAPE","surface",-74.6387,17.3436,2673
"2026-09-09 18:00:00","2026-09-10 09:00:00","CAPE","surface",-74.6148,17.3436,2680
"2026-09-09 18:00:00","2026-09-10 09:00:00","CAPE","surface",-74.5908,17.3436,2727
"2026-09-09 18:00:00","2026-09-10 09:00:00","CAPE","surface",-74.5669,17.3436,2748
"2026-09-09 18:00:00","2026-09-10 09:00:00","CAPE","surface",-74.543,17.3436,2744
"2026-09-09 18:00:00","2026-09-10 09:00:00","CAPE","surface",-74.5191,17.3436,2662
"2026-09-09 18:00:00","2026-09-10 09:00:00","CAPE","surface",-74.4951,17.3436,2666
"2026-09-09 18:00:00","2026-09-10 09:00:00","CAPE","surface",-74.4712,17.3436,2349
"2026-09-09 18:00:00","2026-09-10 09:00:00","CAPE","surface",-74.4473,17.3436,2409
"2026-09-09 18:00:00","2026-09-10 09:00:00","CAPE","surface",-74.4234,17.3436,2310
"2026-09-09 18:00:00","2026-09-10 09:00:00","CAPE","surface",-74.3994,17.3436,2615
"2026-09-09 18:00:00","2026-09-10 09:00:00","CAPE","surface",-74.3755,17.3436,2614
"2026-09-09 18:00:00","2026-09-10 09:00:00","CAPE","surface",-74.3516,17.3436,2920
"2026-09-09 18:00:00","2026-09-10 09:00:00","CAPE","surface",-74.3277,17.3436,2950
"2026-09-09 18:00:00","2026-09-10 09:00:00","CAPE","surface",-74.3037,17.3436,3078
"2026-09-09 18:00:00","2026-09-10 09:00:00","CAPE","surface",-74.2798,17.3436,3091
"2026-09-09 18:00:00","2026-09-10 09:00:00","CAPE","surface",-74.2559,17.3436,3187
"2026-09-09 18:00:00","2026-09-10 09:00:00","CAPE","surface",-74.232,17.3436,3222
"2026-09-09 18:00:00","2026-09-10 09:00:00","CAPE","surface",-74.208,17.3436,3248
"2026-09-09 18:00:00","2026-09-10 09:00:00","CAPE","surface",-74.1841,17.3436,3267
"2026-09-09 18:00:00","2026-09-10 09:00:00","CAPE","surface",-74.1602,17.3436,3134
"2026-09-09 18:00:00","2026-09-10 09:00:00","CAPE","surface",-74.1363,17.3436,2867
"2026-09-09 18:00:00","2026-09-10 09:00:00","CAPE","surface",-74.1123,17.3436,2443
"2026-09-09 18:00:00","2026-09-10 09:00:00","CAPE","surface",-74.0884,17.3436,2343
"2026-09-09 18:00:00","2026-09-10 09:00:00","CAPE","surface",-74.0645,17.3436,2317
"2026-09-09 18:00:00","2026-09-10 09:00:00","CAPE","surface",-74.0406,17.3436,2298
"2026-09-09 18:00:00","2026-09-10 09:00:00","CAPE","surface",-74.0166,17.3436,2299
"2026-09-09 18:00:00","2026-09-10 09:00:00","CAPE","surface",-73.9927,17.3436,2312
"2026-09-09 18:00:00","2026-09-10 09:00:00","CAPE","surface",-73.9688,17.3436,2208
"2026-09-09 18:00:00","2026-09-10 09:00:00","CAPE","surface",-73.9449,17.3436,2135
"2026-09-09 18:00:00","2026-09-10 09:00:00","CAPE","surface",-73.9209,17.3436,2135
"2026-09-09 18:00:00","2026-09-10 09:00:00","CAPE","surface",-73.897,17.3436,2103
"2026-09-09 18:00:00","2026-09-10 09:00:00","CAPE","surface",-73.8731,17.3436,2115
"2026-09-09 18:00:00","2026-09-10 09:00:00","CAPE","surface",-73.8492,17.3436,2125
"2026-09-09 18:00:00","2026-09-10 09:00:00","CAPE","surface",-73.8252,17.3436,2164
"2026-09-09 18:00:00","2026-09-10 09:00:00","CAPE","surface",-73.8013,17.3436,2239
"2026-09-09 18:00:00","2026-09-10 09:00:00","CAPE","surface",-73.7774,17.3436,2239
"2026-09-09 18:00:00","2026-09-10 09:00:00","CAPE","surface",-73.7535,17.3436,2309
"2026-09-09 18:00:00","2026-09-10 09:00:00","CAPE","surface",-73.7295,17.3436,2357
"2026-09-09 18:00:00","2026-09-10 09:00:00","CAPE","surface",-73.7056,17.3436,2312
"2026-09-09 18:00:00","2026-09-10 09:00:00","CAPE","surface",-73.6817,17.3436,2259
"2026-09-09 18:00:00","2026-09-10 09:00:00","CAPE","surface",-73.6578,17.3436,2125
"2026-09-09 18:00:00","2026-09-10 09:00:00","CAPE","surface",-73.6338,17.3436,2125
"2026-09-09 18:00:00","2026-09-10 09:00:00","CAPE","surface",-73.6099,17.3436,2061
"2026-09-09 18:00:00","2026-09-10 09:00:00","CAPE","surface",-73.586,17.3436,2057
"2026-09-09 18:00:00","2026-09-10 09:00:00","CAPE","surface",-73.5621,17.3436,2219
"2026-09-09 18:00:00","2026-09-10 09:00:00","CAPE","surface",-73.5381,17.3436,2287
"2026-09-09 18:00:00","2026-09-10 09:00:00","CAPE","surface",-73.5142,17.3436,2312
"2026-09-09 18:00:00","2026-09-10 09:00:00","CAPE","surface",-73.4903,17.3436,2250
"2026-09-09 18:00:00","2026-09-10 09:00:00","CAPE","surface",-73.4664,17.3436,2249
"2026-09-09 18:00:00","2026-09-10 09:00:00","CAPE","surface",-73.4424,17.3436,2222
"2026-09-09 18:00:00","2026-09-10 09:00:00","CAPE","surface",-73.4185,17.3436,2226
"2026-09-09 18:00:00","2026-09-10 09:00:00","CAPE","surface",-73.3946,17.3436,2208
"2026-09-09 18:00:00","2026-09-10 09:00:00","CAPE","surface",-73.3707,17.3436,2208
"2026-09-09 18:00:00","2026-09-10 09:00:00","CAPE","surface",-73.3467,17.3436,2201
"2026-09-09 18:00:00","2026-09-10 09:00:00","CAPE","surface",-73.3228,17.3436,2186
"2026-09-09 18:00:00","2026-09-10 09:00:00","CAPE","surface",-73.2989,17.3436,2241
"2026-09-09 18:00:00","2026-09-10 09:00:00","CAPE","surface",-73.275,17.3436,2270
"2026-09-09 18:00:00","2026-09-10 09:00:00","CAPE","surface",-73.251,17.3436,2301
"2026-09-09 18:00:00","2026-09-10 09:00:00","CAPE","surface",-73.2271,17.3436,2301
"2026-09-09 18:00:00","2026-09-10 09:00:00","CAPE","surface",-73.2032,17.3436,2341
"2026-09-09 18:00:00","2026-09-10 09:00:00","CAPE","surface",-73.1793,17.3436,2368
"2026-09-09 18:00:00","2026-09-10 09:00:00","CAPE","surface",-73.1553,17.3436,2505
"2026-09-09 18:00:00","2026-09-10 09:00:00","CAPE","surface",-73.1314,17.3436,2488
"2026-09-09 18:00:00","2026-09-10 09:00:00","CAPE","surface",-73.1075,17.3436,2768
"2026-09-09 18:00:00","2026-09-10 09:00:00","CAPE","surface",-73.0836,17.3436,3066
"2026-09-09 18:00:00","2026-09-10 09:00:00","CAPE","surface",-73.0596,17.3436,3107
"2026-09-09 18:00:00","2026-09-10 09:00:00","CAPE","surface",-73.0357,17.3436,3170
"2026-09-09 18:00:00","2026-09-10 09:00:00","CAPE","surface",-73.0118,17.3436,3187
"2026-09-09 18:00:00","2026-09-10 09:00:00","CAPE","surface",-72.9879,17.3436,3082
"2026-09-09 18:00:00","2026-09-10 09:00:00","CAPE","surface",-72.9639,17.3436,3082
"2026-09-09 18:00:00","2026-09-10 09:00:00","CAPE","surface",-72.94,17.3436,2829
"2026-09-09 18:00:00","2026-09-10 09:00:00","CAPE","surface",-72.9161,17.3436,2808
"2026-09-09 18:00:00","2026-09-10 09:00:00","CAPE","surface",-72.8922,17.3436,2559
"2026-09-09 18:00:00","2026-09-10 09:00:00","CAPE","surface",-72.8682,17.3436,2577
"2026-09-09 18:00:00","2026-09-10 09:00:00","CAPE","surface",-72.8443,17.3436,2448
"2026-09-09 18:00:00","2026-09-10 09:00:00","CAPE","surface",-72.8204,17.3436,2448
"2026-09-09 18:00:00","2026-09-10 09:00:00","CAPE","surface",-72.7965,17.3436,2420
"2026-09-09 18:00:00","2026-09-10 09:00:00","CAPE","surface",-72.7725,17.3436,2452
"2026-09-09 18:00:00","2026-09-10 09:00:00","CAPE","surface",-72.7486,17.3436,2448
"2026-09-09 18:00:00","2026-09-10 09:00:00","CAPE","surface",-72.7247,17.3436,2445
"2026-09-09 18:00:00","2026-09-10 09:00:00","CAPE","surface",-72.7008,17.3436,2462
"2026-09-09 18:00:00","2026-09-10 09:00:00","CAPE","surface",-72.6768,17.3436,2459
"2026-09-09 18:00:00","2026-09-10 09:00:00","CAPE","surface",-72.6529,17.3436,2465
"2026-09-09 18:00:00","2026-09-10 09:00:00","CAPE","surface",-72.629,17.3436,2471
"2026-09-09 18:00:00","2026-09-10 09:00:00","CAPE","surface",-72.6051,17.3436,2453
"2026-09-09 18:00:00","2026-09-10 09:00:00","CAPE","surface",-72.5811,17.3436,2448
"2026-09-09 18:00:00","2026-09-10 09:00:00","CAPE","surface",-72.5572,17.3436,2448
"2026-09-09 18:00:00","2026-09-10 09:00:00","CAPE","surface",-72.5333,17.3436,2463
"2026-09-09 18:00:00","2026-09-10 09:00:00","CAPE","surface",-72.5094,17.3436,2472
"2026-09-09 18:00:00","2026-09-10 09:00:00","CAPE","surface",-72.4854,17.3436,2568
"2026-09-09 18:00:00","2026-09-10 09:00:00","CAPE","surface",-72.4615,17.3436,2591
"2026-09-09 18:00:00","2026-09-10 09:00:00","CAPE","surface",-72.4376,17.3436,2625
"2026-09-09 18:00:00","2026-09-10 09:00:00","CAPE","surface",-72.4137,17.3436,2639
"2026-09-09 18:00:00","2026-09-10 09:00:00","CAPE","surface",-72.3897,17.3436,2686
"2026-09-09 18:00:00","2026-09-10 09:00:00","CAPE","surface",-72.3658,17.3436,2730
"2026-09-09 18:00:00","2026-09-10 09:00:00","CAPE","surface",-72.3419,17.3436,2759
"2026-09-09 18:00:00","2026-09-10 09:00:00","CAPE","surface",-72.318,17.3436,2800
"2026-09-09 18:00:00","2026-09-10 09:00:00","CAPE","surface",-72.294,17.3436,2800
"2026-09-09 18:00:00","2026-09-10 09:00:00","CAPE","surface",-72.2701,17.3436,2850
"2026-09-09 18:00:00","2026-09-10 09:00:00","CAPE","surface",-72.2462,17.3436,2864
"2026-09-09 18:00:00","2026-09-10 09:00:00","CAPE","surface",-72.2223,17.3436,2895
"2026-09-09 18:00:00","2026-09-10 09:00:00","CAPE","surface",-72.1983,17.3436,2900
"2026-09-09 18:00:00","2026-09-10 09:00:00","CAPE","surface",-72.1744,17.3436,2915
"2026-09-09 18:00:00","2026-09-10 09:00:00","CAPE","surface",-72.1505,17.3436,2907
"2026-09-09 18:00:00","2026-09-10 09:00:00","CAPE","surface",-72.1266,17.3436,2915
"2026-09-09 18:00:00","2026-09-10 09:00:00","CAPE","surface",-72.1026,17.3436,2917
"2026-09-09 18:00:00","2026-09-10 09:00:00","CAPE","surface",-72.0787,17.3436,2944
"2026-09-09 18:00:00","2026-09-10 09:00:00","CAPE","surface",-72.0548,17.3436,2942
"2026-09-09 18:00:00","2026-09-10 09:00:00","CAPE","surface",-72.0309,17.3436,2942
"2026-09-09 18:00:00","2026-09-10 09:00:00","CAPE","surface",-72.0069,17.3436,2952
"2026-09-09 18:00:00","2026-09-10 09:00:00","CAPE","surface",-71.983,17.3436,2962
"2026-09-09 18:00:00","2026-09-10 09:00:00","CAPE","surface",-71.9591,17.3436,2989
"2026-09-09 18:00:00","2026-09-10 09:00:00","CAPE","surface",-71.9352,17.3436,3016
"2026-09-09 18:00:00","2026-09-10 09:00:00","CAPE","surface",-71.9112,17.3436,3010
"2026-09-09 18:00:00","2026-09-10 09:00:00","CAPE","surface",-71.8873,17.3436,3047
"2026-09-09 18:00:00","2026-09-10 09:00:00","CAPE","surface",-71.8634,17.3436,3033
"2026-09-09 18:00:00","2026-09-10 09:00:00","CAPE","surface",-71.8395,17.3436,3127
"2026-09-09 18:00:00","2026-09-10 09:00:00","CAPE","surface",-71.8155,17.3436,3049
"2026-09-09 18:00:00","2026-09-10 09:00:00","CAPE","surface",-71.7916,17.3436,2843
"2026-09-09 18:00:00","2026-09-10 09:00:00","CAPE","surface",-71.7677,17.3436,2929
"2026-09-09 18:00:00","2026-09-10 09:00:00","CAPE","surface",-71.7438,17.3436,2952
"2026-09-09 18:00:00","2026-09-10 09:00:00","CAPE","surface",-71.7198,17.3436,3140
"2026-09-09 18:00:00","2026-09-10 09:00:00","CAPE","surface",-71.6959,17.3436,3264
"2026-09-09 18:00:00","2026-09-10 09:00:00","CAPE","surface",-71.672,17.3436,3264
"2026-09-09 18:00:00","2026-09-10 09:00:00","CAPE","surface",-71.6481,17.3436,3255
"2026-09-09 18:00:00","2026-09-10 09:00:00","CAPE","surface",-71.6241,17.3436,3184
"2026-09-09 18:00:00","2026-09-10 09:00:00","CAPE","surface",-71.6002,17.3436,2981
"2026-09-09 18:00:00","2026-09-10 09:00:00","CAPE","surface",-71.5763,17.3436,2887
"2026-09-09 18:00:00","2026-09-10 09:00:00","CAPE","surface",-71.5524,17.3436,2933
"2026-09-09 18:00:00","2026-09-10 09:00:00","CAPE","surface",-71.5284,17.3436,2991
"2026-09-09 18:00:00","2026-09-10 09:00:00","CAPE","surface",-71.5045,17.3436,2991
"2026-09-09 18:00:00","2026-09-10 09:00:00","CAPE","surface",-71.4806,17.3436,2990
"2026-09-09 18:00:00","2026-09-10 09:00:00","CAPE","surface",-71.4567,17.3436,2989
"2026-09-09 18:00:00","2026-09-10 09:00:00","CAPE","surface",-71.4327,17.3436,2960
"2026-09-09 18:00:00","2026-09-10 09:00:00","CAPE","surface",-71.4088,17.3436,2960
"2026-09-09 18:00:00","2026-09-10 09:00:00","CAPE","surface",-71.3849,17.3436,2888
"2026-09-09 18:00:00","2026-09-10 09:00:00","CAPE","surface",-71.361,17.3436,2863
"2026-09-09 18:00:00","2026-09-10 09:00:00","CAPE","surface",-71.337,17.3436,2852
"2026-09-09 18:00:00","2026-09-10 09:00:00","CAPE","surface",-71.3131,17.3436,2813
"2026-09-09 18:00:00","2026-09-10 09:00:00","CAPE","surface",-71.2892,17.3436,2877
"2026-09-09 18:00:00","2026-09-10 09:00:00","CAPE","surface",-71.2653,17.3436,2904
"2026-09-09 18:00:00","2026-09-10 09:00:00","CAPE","surface",-71.2413,17.3436,2801
"2026-09-09 18:00:00","2026-09-10 09:00:00","CAPE","surface",-71.2174,17.3436,2866
"2026-09-09 18:00:00","2026-09-10 09:00:00","CAPE","surface",-71.1935,17.3436,2734
"2026-09-09 18:00:00","2026-09-10 09:00:00","CAPE","surface",-71.1696,17.3436,2953
"2026-09-09 18:00:00","2026-09-10 09:00:00","CAPE","surface",-71.1456,17.3436,2777
"2026-09-09 18:00:00","2026-09-10 09:00:00","CAPE","surface",-71.1217,17.3436,2779
"2026-09-09 18:00:00","2026-09-10 09:00:00","CAPE","surface",-71.0978,17.3436,2687
"2026-09-09 18:00:00","2026-09-10 09:00:00","CAPE","surface",-71.0739,17.3436,2695
"2026-09-09 18:00:00","2026-09-10 09:00:00","CAPE","surface",-71.0499,17.3436,2695
"2026-09-09 18:00:00","2026-09-10 09:00:00","CAPE","surface",-71.026,17.3436,2629
"2026-09-09 18:00:00","2026-09-10 09:00:00","CAPE","surface",-71.0021,17.3436,2453
"2026-09-09 18:00:00","2026-09-10 09:00:00","CAPE","surface",-70.9782,17.3436,2301
"2026-09-09 18:00:00","2026-09-10 09:00:00","CAPE","surface",-70.9542,17.3436,2247
"2026-09-09 18:00:00","2026-09-10 09:00:00","CAPE","surface",-70.9303,17.3436,2247
"2026-09-09 18:00:00","2026-09-10 09:00:00","CAPE","surface",-70.9064,17.3436,2215
"2026-09-09 18:00:00","2026-09-10 09:00:00","CAPE","surface",-70.8825,17.3436,2189
"2026-09-09 18:00:00","2026-09-10 09:00:00","CAPE","surface",-70.8585,17.3436,2183
"2026-09-09 18:00:00","2026-09-10 09:00:00","CAPE","surface",-70.8346,17.3436,2209
"2026-09-09 18:00:00","2026-09-10 09:00:00","CAPE","surface",-70.8107,17.3436,2203
"2026-09-09 18:00:00","2026-09-10 09:00:00","CAPE","surface",-70.7868,17.3436,2210
"2026-09-09 18:00:00","2026-09-10 09:00:00","CAPE","surface",-70.7628,17.3436,2269
"2026-09-09 18:00:00","2026-09-10 09:00:00","CAPE","surface",-70.7389,17.3436,2304
"2026-09-09 18:00:00","2026-09-10 09:00:00","CAPE","surface",-70.715,17.3436,2317
"2026-09-09 18:00:00","2026-09-10 09:00:00","CAPE","surface",-70.6911,17.3436,2375
"2026-09-09 18:00:00","2026-09-10 09:00:00","CAPE","surface",-70.6671,17.3436,2370
"2026-09-09 18:00:00","2026-09-10 09:00:00","CAPE","surface",-70.6432,17.3436,2393
"2026-09-09 18:00:00","2026-09-10 09:00:00","CAPE","surface",-70.6193,17.3436,2389
"2026-09-09 18:00:00","2026-09-10 09:00:00","CAPE","surface",-70.5954,17.3436,2320
"2026-09-09 18:00:00","2026-09-10 09:00:00","CAPE","surface",-70.5714,17.3436,2320
"2026-09-09 18:00:00","2026-09-10 09:00:00","CAPE","surface",-70.5475,17.3436,2248
"2026-09-09 18:00:00","2026-09-10 09:00:00","CAPE","surface",-70.5236,17.3436,2175
"2026-09-09 18:00:00","2026-09-10 09:00:00","CAPE","surface",-70.4997,17.3436,2185
"2026-09-09 18:00:00","2026-09-10 09:00:00","CAPE","surface",-70.4757,17.3436,2029
"2026-09-09 18:00:00","2026-09-10 09:00:00","CAPE","surface",-70.4518,17.3436,2029
"2026-09-09 18:00:00","2026-09-10 09:00:00","CAPE","surface",-70.4279,17.3436,1953
"2026-09-09 18:00:00","2026-09-10 09:00:00","CAPE","surface",-70.404,17.3436,2155
"2026-09-09 18:00:00","2026-09-10 09:00:00","CAPE","surface",-70.38,17.3436,2243
"2026-09-09 18:00:00","2026-09-10 09:00:00","CAPE","surface",-70.3561,17.3436,2493
"2026-09-09 18:00:00","2026-09-10 09:00:00","CAPE","surface",-70.3322,17.3436,2245
"2026-09-09 18:00:00","2026-09-10 09:00:00","CAPE","surface",-70.3083,17.3436,2193
"2026-09-09 18:00:00","2026-09-10 09:00:00","CAPE","surface",-70.2843,17.3436,2353
"2026-09-09 18:00:00","2026-09-10 09:00:00","CAPE","surface",-70.2604,17.3436,2265
"2026-09-09 18:00:00","2026-09-10 09:00:00","CAPE","surface",-70.2365,17.3436,2265
"2026-09-09 18:00:00","2026-09-10 09:00:00","CAPE","surface",-70.2126,17.3436,2215
"2026-09-09 18:00:00","2026-09-10 09:00:00","CAPE","surface",-70.1886,17.3436,2010
"2026-09-09 18:00:00","2026-09-10 09:00:00","CAPE","surface",-70.1647,17.3436,2043
"2026-09-09 18:00:00","2026-09-10 09:00:00","CAPE","surface",-70.1408,17.3436,1805
"2026-09-09 18:00:00","2026-09-10 09:00:00","CAPE","surface",-70.1169,17.3436,2147
"2026-09-09 18:00:00","2026-09-10 09:00:00","CAPE","surface",-70.0929,17.3436,2243
"2026-09-09 18:00:00","2026-09-10 09:00:00","CAPE","surface",-70.069,17.3436,2212
"2026-09-09 18:00:00","2026-09-10 09:00:00","CAPE","surface",-70.0451,17.3436,2214
"2026-09-09 18:00:00","2026-09-10 09:00:00","CAPE","surface",-70.0212,17.3436,2246
"2026-09-09 18:00:00","2026-09-10 09:00:00","CAPE","surface",-69.9972,17.3436,2160
"2026-09-09 18:00:00","2026-09-10 09:00:00","CAPE","surface",-69.9733,17.3436,2241
"2026-09-09 18:00:00","2026-09-10 09:00:00","CAPE","surface",-69.9494,17.3436,2304
"2026-09-09 18:00:00","2026-09-10 09:00:00","CAPE","surface",-69.9255,17.3436,2389
"2026-09-09 18:00:00","2026-09-10 09:00:00","CAPE","surface",-69.9015,17.3436,2451
"2026-09-09 18:00:00","2026-09-10 09:00:00","CAPE","surface",-69.8776,17.3436,2518
"2026-09-09 18:00:00","2026-09-10 09:00:00","CAPE","surface",-69.8537,17.3436,2558
"2026-09-09 18:00:00","2026-09-10 09:00:00","CAPE","surface",-69.8298,17.3436,2602
"2026-09-09 18:00:00","2026-09-10 09:00:00","CAPE","surface",-69.8058,17.3436,2623
"2026-09-09 18:00:00","2026-09-10 09:00:00","CAPE","surface",-69.7819,17.3436,2564
"2026-09-09 18:00:00","2026-09-10 09:00:00","CAPE","surface",-69.758,17.3436,2629
"2026-09-09 18:00:00","2026-09-10 09:00:00","CAPE","surface",-69.7341,17.3436,2619
"2026-09-09 18:00:00","2026-09-10 09:00:00","CAPE","surface",-69.7101,17.3436,2727
"2026-09-09 18:00:00","2026-09-10 09:00:00","CAPE","surface",-69.6862,17.3436,2747
"2026-09-09 18:00:00","2026-09-10 09:00:00","CAPE","surface",-69.6623,17.3436,2670
"2026-09-09 18:00:00","2026-09-10 09:00:00","CAPE","surface",-69.6384,17.3436,2809
"2026-09-09 18:00:00","2026-09-10 09:00:00","CAPE","surface",-69.6144,17.3436,2901
"2026-09-09 18:00:00","2026-09-10 09:00:00","CAPE","surface",-69.5905,17.3436,2959
"2026-09-09 18:00:00","2026-09-10 09:00:00","CAPE","surface",-69.5666,17.3436,2994
"2026-09-09 18:00:00","2026-09-10 09:00:00","CAPE","surface",-69.5427,17.3436,2994
"2026-09-09 18:00:00","2026-09-10 09:00:00","CAPE","surface",-69.5187,17.3436,2989
"2026-09-09 18:00:00","2026-09-10 09:00:00","CAPE","surface",-69.4948,17.3436,2879
"2026-09-09 18:00:00","2026-09-10 09:00:00","CAPE","surface",-69.4709,17.3436,2714
"2026-09-09 18:00:00","2026-09-10 09:00:00","CAPE","surface",-69.447,17.3436,2601
"2026-09-09 18:00:00","2026-09-10 09:00:00","CAPE","surface",-69.423,17.3436,2432
"2026-09-09 18:00:00","2026-09-10 09:00:00","CAPE","surface",-69.3991,17.3436,2267
"2026-09-09 18:00:00","2026-09-10 09:00:00","CAPE","surface",-69.3752,17.3436,2223
"2026-09-09 18:00:00","2026-09-10 09:00:00","CAPE","surface",-69.3513,17.3436,2233
"2026-09-09 18:00:00","2026-09-10 09:00:00","CAPE","surface",-69.3273,17.3436,2233
"2026-09-09 18:00:00","2026-09-10 09:00:00","CAPE","surface",-69.3034,17.3436,2282
"2026-09-09 18:00:00","2026-09-10 09:00:00","CAPE","surface",-69.2795,17.3436,2317
"2026-09-09 18:00:00","2026-09-10 09:00:00","CAPE","surface",-69.2556,17.3436,2235
"2026-09-09 18:00:00","2026-09-10 09:00:00","CAPE","surface",-69.2316,17.3436,2019
"2026-09-09 18:00:00","2026-09-10 09:00:00","CAPE","surface",-69.2077,17.3436,2019
"2026-09-09 18:00:00","2026-09-10 09:00:00","CAPE","surface",-69.1838,17.3436,1973
"2026-09-09 18:00:00","2026-09-10 09:00:00","CAPE","surface",-69.1599,17.3436,1963
"2026-09-09 18:00:00","2026-09-10 09:00:00","CAPE","surface",-69.1359,17.3436,2080
"2026-09-09 18:00:00","2026-09-10 09:00:00","CAPE","surface",-69.112,17.3436,2221
"2026-09-09 18:00:00","2026-09-10 09:00:00","CAPE","surface",-69.0881,17.3436,2242
"2026-09-09 18:00:00","2026-09-10 09:00:00","CAPE","surface",-69.0642,17.3436,2470
"2026-09-09 18:00:00","2026-09-10 09:00:00","CAPE","surface",-69.0402,17.3436,2569
"2026-09-09 18:00:00","2026-09-10 09:00:00","CAPE","surface",-69.0163,17.3436,2746
"2026-09-09 18:00:00","2026-09-10 09:00:00","CAPE","surface",-68.9924,17.3436,2746
"2026-09-09 18:00:00","2026-09-10 09:00:00","CAPE","surface",-68.9685,17.3436,2606
"2026-09-09 18:00:00","2026-09-10 09:00:00","CAPE","surface",-68.9445,17.3436,2605
"2026-09-09 18:00:00","2026-09-10 09:00:00","CAPE","surface",-68.9206,17.3436,2487
"2026-09-09 18:00:00","2026-09-10 09:00:00","CAPE","surface",-68.8967,17.3436,2492
"2026-09-09 18:00:00","2026-09-10 09:00:00","CAPE","surface",-68.8728,17.3436,2487
"2026-09-09 18:00:00","2026-09-10 09:00:00","CAPE","surface",-68.8488,17.3436,2438
"2026-09-09 18:00:00","2026-09-10 09:00:00","CAPE","surface",-68.8249,17.3436,2398
"2026-09-09 18:00:00","2026-09-10 09:00:00","CAPE","surface",-68.801,17.3436,2303
"2026-09-09 18:00:00","2026-09-10 09:00:00","CAPE","surface",-68.7771,17.3436,2303
"2026-09-09 18:00:00","2026-09-10 09:00:00","CAPE","surface",-68.7531,17.3436,2284
"2026-09-09 18:00:00","2026-09-10 09:00:00","CAPE","surface",-68.7292,17.3436,2408
"2026-09-09 18:00:00","2026-09-10 09:00:00","CAPE","surface",-68.7053,17.3436,2475
"2026-09-09 18:00:00","2026-09-10 09:00:00","CAPE","surface",-68.6813,17.3436,2601
"2026-09-09 18:00:00","2026-09-10 09:00:00","CAPE","surface",-68.6574,17.3436,2648
"2026-09-09 18:00:00","2026-09-10 09:00:00","CAPE","surface",-68.6335,17.3436,2699
"2026-09-09 18:00:00","2026-09-10 09:00:00","CAPE","surface",-68.6096,17.3436,2682
"2026-09-09 18:00:00","2026-09-10 09:00:00","CAPE","surface",-68.5856,17.3436,2713
"2026-09-09 18:00:00","2026-09-10 09:00:00","CAPE","surface",-68.5617,17.3436,2796
"2026-09-09 18:00:00","2026-09-10 09:00:00","CAPE","surface",-68.5378,17.3436,2844
"2026-09-09 18:00:00","2026-09-10 09:00:00","CAPE","surface",-68.5139,17.3436,2958
"2026-09-09 18:00:00","2026-09-10 09:00:00","CAPE","surface",-68.4899,17.3436,3012
"2026-09-09 18:00:00","2026-09-10 09:00:00","CAPE","surface",-68.466,17.3436,3044
"2026-09-09 18:00:00","2026-09-10 09:00:00","CAPE","surface",-68.4421,17.3436,3101
"2026-09-09 18:00:00","2026-09-10 09:00:00","CAPE","surface",-68.4182,17.3436,3214
"2026-09-09 18:00:00","2026-09-10 09:00:00","CAPE","surface",-68.3942,17.3436,3309
"2026-09-09 18:00:00","2026-09-10 09:00:00","CAPE","surface",-68.3703,17.3436,3345
"2026-09-09 18:00:00","2026-09-10 09:00:00","CAPE","surface",-68.3464,17.3436,3360
"2026-09-09 18:00:00","2026-09-10 09:00:00","CAPE","surface",-68.3225,17.3436,3451
"2026-09-09 18:00:00","2026-09-10 09:00:00","CAPE","surface",-68.2985,17.3436,3512
"2026-09-09 18:00:00","2026-09-10 09:00:00","CAPE","surface",-68.2746,17.3436,3536
"2026-09-09 18:00:00","2026-09-10 09:00:00","CAPE","surface",-68.2507,17.3436,3452
"2026-09-09 18:00:00","2026-09-10 09:00:00","CAPE","surface",-68.2268,17.3436,3417
"2026-09-09 18:00:00","2026-09-10 09:00:00","CAPE","surface",-68.2028,17.3436,3139
"2026-09-09 18:00:00","2026-09-10 09:00:00","CAPE","surface",-68.1789,17.3436,2881
"2026-09-09 18:00:00","2026-09-10 09:00:00","CAPE","surface",-68.155,17.3436,2609
"2026-09-09 18:00:00","2026-09-10 09:00:00","CAPE","surface",-68.1311,17.3436,2664
"2026-09-09 18:00:00","2026-09-10 09:00:00","CAPE","surface",-68.1071,17.3436,2465
"2026-09-09 18:00:00","2026-09-10 09:00:00","CAPE","surface",-68.0832,17.3436,2412
"2026-09-09 18:00:00","2026-09-10 09:00:00","CAPE","surface",-68.0593,17.3436,2218
"2026-09-09 18:00:00","2026-09-10 09:00:00","CAPE","surface",-68.0354,17.3436,2296
"2026-09-09 18:00:00","2026-09-10 09:00:00","CAPE","surface",-68.0114,17.3436,2110
"2026-09-09 18:00:00","2026-09-10 09:00:00","CAPE","surface",-67.9875,17.3436,1683
"2026-09-09 18:00:00","2026-09-10 09:00:00","CAPE","surface",-67.9636,17.3436,1529
"2026-09-09 18:00:00","2026-09-10 09:00:00","CAPE","surface",-67.9397,17.3436,1529
"2026-09-09 18:00:00","2026-09-10 09:00:00","CAPE","surface",-67.9157,17.3436,1381
"2026-09-09 18:00:00","2026-09-10 09:00:00","CAPE","surface",-67.8918,17.3436,1312
"2026-09-09 18:00:00","2026-09-10 09:00:00","CAPE","surface",-67.8679,17.3436,1233
"2026-09-09 18:00:00","2026-09-10 09:00:00","CAPE","surface",-67.844,17.3436,1286
"2026-09-09 18:00:00","2026-09-10 09:00:00","CAPE","surface",-67.82,17.3436,1286
"2026-09-09 18:00:00","2026-09-10 09:00:00","CAPE","surface",-67.7961,17.3436,1431
"2026-09-09 18:00:00","2026-09-10 09:00:00","CAPE","surface",-67.7722,17.3436,1567
"2026-09-09 18:00:00","2026-09-10 09:00:00","CAPE","surface",-67.7483,17.3436,1933
"2026-09-09 18:00:00","2026-09-10 09:00:00","CAPE","surface",-67.7243,17.3436,1995
"2026-09-09 18:00:00","2026-09-10 09:00:00","CAPE","surface",-67.7004,17.3436,2325
"2026-09-09 18:00:00","2026-09-10 09:00:00","CAPE","surface",-67.6765,17.3436,2591
"2026-09-09 18:00:00","2026-09-10 09:00:00","CAPE","surface",-67.6526,17.3436,2830
"2026-09-09 18:00:00","2026-09-10 09:00:00","CAPE","surface",-67.6286,17.3436,2642
"2026-09-09 18:00:00","2026-09-10 09:00:00","CAPE","surface",-67.6047,17.3436,2809
"2026-09-09 18:00:00","2026-09-10 09:00:00","CAPE","surface",-67.5808,17.3436,2796
"2026-09-09 18:00:00","2026-09-10 09:00:00","CAPE","surface",-67.5569,17.3436,2695
"2026-09-09 18:00:00","2026-09-10 09:00:00","CAPE","surface",-67.5329,17.3436,2695
"2026-09-09 18:00:00","2026-09-10 09:00:00","CAPE","surface",-67.509,17.3436,2566
"2026-09-09 18:00:00","2026-09-10 09:00:00","CAPE","surface",-67.4851,17.3436,2555
"2026-09-09 18:00:00","2026-09-10 09:00:00","CAPE","surface",-67.4612,17.3436,2619
"2026-09-09 18:00:00","2026-09-10 09:00:00","CAPE","surface",-67.4372,17.3436,2680
"2026-09-09 18:00:00","2026-09-10 09:00:00","CAPE","surface",-67.4133,17.3436,2700
"2026-09-09 18:00:00","2026-09-10 09:00:00","CAPE","surface",-67.3894,17.3436,2727
"2026-09-09 18:00:00","2026-09-10 09:00:00","CAPE","surface",-67.3655,17.3436,2734
"2026-09-09 18:00:00","2026-09-10 09:00:00","CAPE","surface",-67.3415,17.3436,2719
"2026-09-09 18:00:00","2026-09-10 09:00:00","CAPE","surface",-67.3176,17.3436,2719
"2026-09-09 18:00:00","2026-09-10 09:00:00","CAPE","surface",-67.2937,17.3436,2693
"2026-09-09 18:00:00","2026-09-10 09:00:00","CAPE","surface",-67.2698,17.3436,2739
"2026-09-09 18:00:00","2026-09-10 09:00:00","CAPE","surface",-67.2458,17.3436,2707
"2026-09-09 18:00:00","2026-09-10 09:00:00","CAPE","surface",-67.2219,17.3436,2658
"2026-09-09 18:00:00","2026-09-10 09:00:00","CAPE","surface",-67.198,17.3436,2673
"2026-09-09 18:00:00","2026-09-10 09:00:00","CAPE","surface",-67.1741,17.3436,2720
"2026-09-09 18:00:00","2026-09-10 09:00:00","CAPE","surface",-67.1501,17.3436,2799
"2026-09-09 18:00:00","2026-09-10 09:00:00","CAPE","surface",-67.1262,17.3436,2836
"2026-09-09 18:00:00","2026-09-10 09:00:00","CAPE","surface",-67.1023,17.3436,2963
"2026-09-09 18:00:00","2026-09-10 09:00:00","CAPE","surface",-67.0784,17.3436,3014
"2026-09-09 18:00:00","2026-09-10 09:00:00","CAPE","surface",-67.0544,17.3436,3004
"2026-09-09 18:00:00","2026-09-10 09:00:00","CAPE","surface",-67.0305,17.3436,3033
"2026-09-09 18:00:00","2026-09-10 09:00:00","CAPE","surface",-67.0066,17.3436,2957
"2026-09-09 18:00:00","2026-09-10 09:00:00","CAPE","surface",-74.7822,17.3664,2344
"2026-09-09 18:00:00","2026-09-10 09:00:00","CAPE","surface",-74.7583,17.3664,2476
"2026-09-09 18:00:00","2026-09-10 09:00:00","CAPE","surface",-74.7344,17.3664,2476
"2026-09-09 18:00:00","2026-09-10 09:00:00","CAPE","surface",-74.7105,17.3664,2561
"2026-09-09 18:00:00","2026-09-10 09:00:00","CAPE","surface",-74.6865,17.3664,2596
"2026-09-09 18:00:00","2026-09-10 09:00:00","CAPE","surface",-74.6626,17.3664,2608
"2026-09-09 18:00:00","2026-09-10 09:00:00","CAPE","surface",-74.6387,17.3664,2640
"2026-09-09 18:00:00","2026-09-10 09:00:00","CAPE","surface",-74.6148,17.3664,2599
"2026-09-09 18:00:00","2026-09-10 09:00:00","CAPE","surface",-74.5908,17.3664,2599
"2026-09-09 18:00:00","2026-09-10 09:00:00","CAPE","surface",-74.5669,17.3664,2635
"2026-09-09 18:00:00","2026-09-10 09:00:00","CAPE","surface",-74.543,17.3664,2720
"2026-09-09 18:00:00","2026-09-10 09:00:00","CAPE","surface",-74.5191,17.3664,2738
"2026-09-09 18:00:00","2026-09-10 09:00:00","CAPE","surface",-74.4951,17.3664,2666
"2026-09-09 18:00:00","2026-09-10 09:00:00","CAPE","surface",-74.4712,17.3664,2632
"2026-09-09 18:00:00","2026-09-10 09:00:00","CAPE","surface",-74.4473,17.3664,2409
"2026-09-09 18:00:00","2026-09-10 09:00:00","CAPE","surface",-74.4234,17.3664,2684
"2026-09-09 18:00:00","2026-09-10 09:00:00","CAPE","surface",-74.3994,17.3664,2628
"2026-09-09 18:00:00","2026-09-10 09:00:00","CAPE","surface",-74.3755,17.3664,2832
"2026-09-09 18:00:00","2026-09-10 09:00:00","CAPE","surface",-74.3516,17.3664,2920
"2026-09-09 18:00:00","2026-09-10 09:00:00","CAPE","surface",-74.3277,17.3664,3062
"2026-09-09 18:00:00","2026-09-10 09:00:00","CAPE","surface",-74.3037,17.3664,3078
"2026-09-09 18:00:00","2026-09-10 09:00:00","CAPE","surface",-74.2798,17.3664,3089
"2026-09-09 18:00:00","2026-09-10 09:00:00","CAPE","surface",-74.2559,17.3664,3135
"2026-09-09 18:00:00","2026-09-10 09:00:00","CAPE","surface",-74.232,17.3664,3190
"2026-09-09 18:00:00","2026-09-10 09:00:00","CAPE","surface",-74.208,17.3664,3242
"2026-09-09 18:00:00","2026-09-10 09:00:00","CAPE","surface",-74.1841,17.3664,3254
"2026-09-09 18:00:00","2026-09-10 09:00:00","CAPE","surface",-74.1602,17.3664,3057
"2026-09-09 18:00:00","2026-09-10 09:00:00","CAPE","surface",-74.1363,17.3664,3057
"2026-09-09 18:00:00","2026-09-10 09:00:00","CAPE","surface",-74.1123,17.3664,2565
"2026-09-09 18:00:00","2026-09-10 09:00:00","CAPE","surface",-74.0884,17.3664,2395
"2026-09-09 18:00:00","2026-09-10 09:00:00","CAPE","surface",-74.0645,17.3664,2276
"2026-09-09 18:00:00","2026-09-10 09:00:00","CAPE","surface",-74.0406,17.3664,2281
"2026-09-09 18:00:00","2026-09-10 09:00:00","CAPE","surface",-74.0166,17.3664,2253
"2026-09-09 18:00:00","2026-09-10 09:00:00","CAPE","surface",-73.9927,17.3664,2253
"2026-09-09 18:00:00","2026-09-10 09:00:00","CAPE","surface",-73.9688,17.3664,2175
"2026-09-09 18:00:00","2026-09-10 09:00:00","CAPE","surface",-73.9449,17.3664,2155
"2026-09-09 18:00:00","2026-09-10 09:00:00","CAPE","surface",-73.9209,17.3664,2093
"2026-09-09 18:00:00","2026-09-10 09:00:00","CAPE","surface",-73.897,17.3664,2103
"2026-09-09 18:00:00","2026-09-10 09:00:00","CAPE","surface",-73.8731,17.3664,2100
"2026-09-09 18:00:00","2026-09-10 09:00:00","CAPE","surface",-73.8492,17.3664,2100
"2026-09-09 18:00:00","2026-09-10 09:00:00","CAPE","surface",-73.8252,17.3664,2114
"2026-09-09 18:00:00","2026-09-10 09:00:00","CAPE","surface",-73.8013,17.3664,2163
"2026-09-09 18:00:00","2026-09-10 09:00:00","CAPE","surface",-73.7774,17.3664,2230
"2026-09-09 18:00:00","2026-09-10 09:00:00","CAPE","surface",-73.7535,17.3664,2309
"2026-09-09 18:00:00","2026-09-10 09:00:00","CAPE","surface",-73.7295,17.3664,2283
"2026-09-09 18:00:00","2026-09-10 09:00:00","CAPE","surface",-73.7056,17.3664,2155
"2026-09-09 18:00:00","2026-09-10 09:00:00","CAPE","surface",-73.6817,17.3664,2173
"2026-09-09 18:00:00","2026-09-10 09:00:00","CAPE","surface",-73.6578,17.3664,2116
"2026-09-09 18:00:00","2026-09-10 09:00:00","CAPE","surface",-73.6338,17.3664,2097
"2026-09-09 18:00:00","2026-09-10 09:00:00","CAPE","surface",-73.6099,17.3664,2069
"2026-09-09 18:00:00","2026-09-10 09:00:00","CAPE","surface",-73.586,17.3664,2069
"2026-09-09 18:00:00","2026-09-10 09:00:00","CAPE","surface",-73.5621,17.3664,2200
"2026-09-09 18:00:00","2026-09-10 09:00:00","CAPE","surface",-73.5381,17.3664,2274
"2026-09-09 18:00:00","2026-09-10 09:00:00","CAPE","surface",-73.5142,17.3664,2273
"2026-09-09 18:00:00","2026-09-10 09:00:00","CAPE","surface",-73.4903,17.3664,2250
"2026-09-09 18:00:00","2026-09-10 09:00:00","CAPE","surface",-73.4664,17.3664,2225
"2026-09-09 18:00:00","2026-09-10 09:00:00","CAPE","surface",-73.4424,17.3664,2225
"2026-09-09 18:00:00","2026-09-10 09:00:00","CAPE","surface",-73.4185,17.3664,2228
"2026-09-09 18:00:00","2026-09-10 09:00:00","CAPE","surface",-73.3946,17.3664,2216
"2026-09-09 18:00:00","2026-09-10 09:00:00","CAPE","surface",-73.3707,17.3664,2218
"2026-09-09 18:00:00","2026-09-10 09:00:00","CAPE","surface",-73.3467,17.3664,2201
"2026-09-09 18:00:00","2026-09-10 09:00:00","CAPE","surface",-73.3228,17.3664,2229
"2026-09-09 18:00:00","2026-09-10 09:00:00","CAPE","surface",-73.2989,17.3664,2247
"2026-09-09 18:00:00","2026-09-10 09:00:00","CAPE","surface",-73.275,17.3664,2247
"2026-09-09 18:00:00","2026-09-10 09:00:00","CAPE","surface",-73.251,17.3664,2283
"2026-09-09 18:00:00","2026-09-10 09:00:00","CAPE","surface",-73.2271,17.3664,2316
"2026-09-09 18:00:00","2026-09-10 09:00:00","CAPE","surface",-73.2032,17.3664,2481
"2026-09-09 18:00:00","2026-09-10 09:00:00","CAPE","surface",-73.1793,17.3664,2506
"2026-09-09 18:00:00","2026-09-10 09:00:00","CAPE","surface",-73.1553,17.3664,2705
"2026-09-09 18:00:00","2026-09-10 09:00:00","CAPE","surface",-73.1314,17.3664,2735
"2026-09-09 18:00:00","2026-09-10 09:00:00","CAPE","surface",-73.1075,17.3664,3032
"2026-09-09 18:00:00","2026-09-10 09:00:00","CAPE","surface",-73.0836,17.3664,3066
"2026-09-09 18:00:00","2026-09-10 09:00:00","CAPE","surface",-73.0596,17.3664,3140
"2026-09-09 18:00:00","2026-09-10 09:00:00","CAPE","surface",-73.0357,17.3664,3140
"2026-09-09 18:00:00","2026-09-10 09:00:00","CAPE","surface",-73.0118,17.3664,2942
"2026-09-09 18:00:00","2026-09-10 09:00:00","CAPE","surface",-72.9879,17.3664,3026
"2026-09-09 18:00:00","2026-09-10 09:00:00","CAPE","surface",-72.9639,17.3664,2763
"2026-09-09 18:00:00","2026-09-10 09:00:00","CAPE","surface",-72.94,17.3664,2829
"2026-09-09 18:00:00","2026-09-10 09:00:00","CAPE","surface",-72.9161,17.3664,2543
"2026-09-09 18:00:00","2026-09-10 09:00:00","CAPE","surface",-72.8922,17.3664,2356
"2026-09-09 18:00:00","2026-09-10 09:00:00","CAPE","surface",-72.8682,17.3664,2385
"2026-09-09 18:00:00","2026-09-10 09:00:00","CAPE","surface",-72.8443,17.3664,2337
"2026-09-09 18:00:00","2026-09-10 09:00:00","CAPE","surface",-72.8204,17.3664,2375
"2026-09-09 18:00:00","2026-09-10 09:00:00","CAPE","surface",-72.7965,17.3664,2390
"2026-09-09 18:00:00","2026-09-10 09:00:00","CAPE","surface",-72.7725,17.3664,2390
"2026-09-09 18:00:00","2026-09-10 09:00:00","CAPE","surface",-72.7486,17.3664,2403
"2026-09-09 18:00:00","2026-09-10 09:00:00","CAPE","surface",-72.7247,17.3664,2418
"2026-09-09 18:00:00","2026-09-10 09:00:00","CAPE","surface",-72.7008,17.3664,2442
"2026-09-09 18:00:00","2026-09-10 09:00:00","CAPE","surface",-72.6768,17.3664,2459
"2026-09-09 18:00:00","2026-09-10 09:00:00","CAPE","surface",-72.6529,17.3664,2469
"2026-09-09 18:00:00","2026-09-10 09:00:00","CAPE","surface",-72.629,17.3664,2469
"2026-09-09 18:00:00","2026-09-10 09:00:00","CAPE","surface",-72.6051,17.3664,2465
"2026-09-09 18:00:00","2026-09-10 09:00:00","CAPE","surface",-72.5811,17.3664,2451
"2026-09-09 18:00:00","2026-09-10 09:00:00","CAPE","surface",-72.5572,17.3664,2457
"2026-09-09 18:00:00","2026-09-10 09:00:00","CAPE","surface",-72.5333,17.3664,2493
"2026-09-09 18:00:00","2026-09-10 09:00:00","CAPE","surface",-72.5094,17.3664,2493
"2026-09-09 18:00:00","2026-09-10 09:00:00","CAPE","surface",-72.4854,17.3664,2573
"2026-09-09 18:00:00","2026-09-10 09:00:00","CAPE","surface",-72.4615,17.3664,2612
"2026-09-09 18:00:00","2026-09-10 09:00:00","CAPE","surface",-72.4376,17.3664,2655
"2026-09-09 18:00:00","2026-09-10 09:00:00","CAPE","surface",-72.4137,17.3664,2671
"2026-09-09 18:00:00","2026-09-10 09:00:00","CAPE","surface",-72.3897,17.3664,2704
"2026-09-09 18:00:00","2026-09-10 09:00:00","CAPE","surface",-72.3658,17.3664,2704
"2026-09-09 18:00:00","2026-09-10 09:00:00","CAPE","surface",-72.3419,17.3664,2733
"2026-09-09 18:00:00","2026-09-10 09:00:00","CAPE","surface",-72.318,17.3664,2773
"2026-09-09 18:00:00","2026-09-10 09:00:00","CAPE","surface",-72.294,17.3664,2828
"2026-09-09 18:00:00","2026-09-10 09:00:00","CAPE","surface",-72.2701,17.3664,2850
"2026-09-09 18:00:00","2026-09-10 09:00:00","CAPE","surface",-72.2462,17.3664,2867
"2026-09-09 18:00:00","2026-09-10 09:00:00","CAPE","surface",-72.2223,17.3664,2901
"2026-09-09 18:00:00","2026-09-10 09:00:00","CAPE","surface",-72.1983,17.3664,2913
"2026-09-09 18:00:00","2026-09-10 09:00:00","CAPE","surface",-72.1744,17.3664,2918
"2026-09-09 18:00:00","2026-09-10 09:00:00","CAPE","surface",-72.1505,17.3664,2917
"2026-09-09 18:00:00","2026-09-10 09:00:00","CAPE","surface",-72.1266,17.3664,2918
"2026-09-09 18:00:00","2026-09-10 09:00:00","CAPE","surface",-72.1026,17.3664,2924
"2026-09-09 18:00:00","2026-09-10 09:00:00","CAPE","surface",-72.0787,17.3664,2930
"2026-09-09 18:00:00","2026-09-10 09:00:00","CAPE","surface",-72.0548,17.3664,2939
"2026-09-09 18:00:00","2026-09-10 09:00:00","CAPE","surface",-72.0309,17.3664,2942
"2026-09-09 18:00:00","2026-09-10 09:00:00","CAPE","surface",-72.0069,17.3664,2952
"2026-09-09 18:00:00","2026-09-10 09:00:00","CAPE","surface",-71.983,17.3664,2948
"2026-09-09 18:00:00","2026-09-10 09:00:00","CAPE","surface",-71.9591,17.3664,2967
"2026-09-09 18:00:00","2026-09-10 09:00:00","CAPE","surface",-71.9352,17.3664,2986
"2026-09-09 18:00:00","2026-09-10 09:00:00","CAPE","surface",-71.9112,17.3664,2923
"2026-09-09 18:00:00","2026-09-10 09:00:00","CAPE","surface",-71.8873,17.3664,2966
"2026-09-09 18:00:00","2026-09-10 09:00:00","CAPE","surface",-71.8634,17.3664,2821
"2026-09-09 18:00:00","2026-09-10 09:00:00","CAPE","surface",-71.8395,17.3664,2868
"2026-09-09 18:00:00","2026-09-10 09:00:00","CAPE","surface",-71.8155,17.3664,2802
"2026-09-09 18:00:00","2026-09-10 09:00:00","CAPE","surface",-71.7916,17.3664,2843
"2026-09-09 18:00:00","2026-09-10 09:00:00","CAPE","surface",-71.7677,17.3664,2844
"2026-09-09 18:00:00","2026-09-10 09:00:00","CAPE","surface",-71.7438,17.3664,2844
"2026-09-09 18:00:00","2026-09-10 09:00:00","CAPE","surface",-71.7198,17.3664,2948
"2026-09-09 18:00:00","2026-09-10 09:00:00","CAPE","surface",-71.6959,17.3664,3107
"2026-09-09 18:00:00","2026-09-10 09:00:00","CAPE","surface",-71.672,17.3664,3224
"2026-09-09 18:00:00","2026-09-10 09:00:00","CAPE","surface",-71.6481,17.3664,3205
"2026-09-09 18:00:00","2026-09-10 09:00:00","CAPE","surface",-71.6241,17.3664,3205
"2026-09-09 18:00:00","2026-09-10 09:00:00","CAPE","surface",-71.6002,17.3664,3119
"2026-09-09 18:00:00","2026-09-10 09:00:00","CAPE","surface",-71.5763,17.3664,3001
"2026-09-09 18:00:00","2026-09-10 09:00:00","CAPE","surface",-71.5524,17.3664,3028
"2026-09-09 18:00:00","2026-09-10 09:00:00","CAPE","surface",-71.5284,17.3664,2991
"2026-09-09 18:00:00","2026-09-10 09:00:00","CAPE","surface",-71.5045,17.3664,3002
"2026-09-09 18:00:00","2026-09-10 09:00:00","CAPE","surface",-71.4806,17.3664,3002
"2026-09-09 18:00:00","2026-09-10 09:00:00","CAPE","surface",-71.4567,17.3664,2960
"2026-09-09 18:00:00","2026-09-10 09:00:00","CAPE","surface",-71.4327,17.3664,2977
"2026-09-09 18:00:00","2026-09-10 09:00:00","CAPE","surface",-71.4088,17.3664,2910
"2026-09-09 18:00:00","2026-09-10 09:00:00","CAPE","surface",-71.3849,17.3664,2861
"2026-09-09 18:00:00","2026-09-10 09:00:00","CAPE","surface",-71.361,17.3664,2861
"2026-09-09 18:00:00","2026-09-10 09:00:00","CAPE","surface",-71.337,17.3664,2883
"2026-09-09 18:00:00","2026-09-10 09:00:00","CAPE","surface",-71.3131,17.3664,2900
"2026-09-09 18:00:00","2026-09-10 09:00:00","CAPE","surface",-71.2892,17.3664,2988
"2026-09-09 18:00:00","2026-09-10 09:00:00","CAPE","surface",-71.2653,17.3664,2904
"2026-09-09 18:00:00","2026-09-10 09:00:00","CAPE","surface",-71.2413,17.3664,3088
"2026-09-09 18:00:00","2026-09-10 09:00:00","CAPE","surface",-71.2174,17.3664,3024
"2026-09-09 18:00:00","2026-09-10 09:00:00","CAPE","surface",-71.1935,17.3664,3110
"2026-09-09 18:00:00","2026-09-10 09:00:00","CAPE","surface",-71.1696,17.3664,2953
"2026-09-09 18:00:00","2026-09-10 09:00:00","CAPE","surface",-71.1456,17.3664,2954
"2026-09-09 18:00:00","2026-09-10 09:00:00","CAPE","surface",-71.1217,17.3664,3086
"2026-09-09 18:00:00","2026-09-10 09:00:00","CAPE","surface",-71.0978,17.3664,2886
"2026-09-09 18:00:00","2026-09-10 09:00:00","CAPE","surface",-71.0739,17.3664,2913
"2026-09-09 18:00:00","2026-09-10 09:00:00","CAPE","surface",-71.0499,17.3664,2783
"2026-09-09 18:00:00","2026-09-10 09:00:00","CAPE","surface",-71.026,17.3664,2656
"2026-09-09 18:00:00","2026-09-10 09:00:00","CAPE","surface",-71.0021,17.3664,2656
"2026-09-09 18:00:00","2026-09-10 09:00:00","CAPE","surface",-70.9782,17.3664,2458
"2026-09-09 18:00:00","2026-09-10 09:00:00","CAPE","surface",-70.9542,17.3664,2311
"2026-09-09 18:00:00","2026-09-10 09:00:00","CAPE","surface",-70.9303,17.3664,2253
"2026-09-09 18:00:00","2026-09-10 09:00:00","CAPE","surface",-70.9064,17.3664,2215
"2026-09-09 18:00:00","2026-09-10 09:00:00","CAPE","surface",-70.8825,17.3664,2180
"2026-09-09 18:00:00","2026-09-10 09:00:00","CAPE","surface",-70.8585,17.3664,2189
"2026-09-09 18:00:00","2026-09-10 09:00:00","CAPE","surface",-70.8346,17.3664,2201
"2026-09-09 18:00:00","2026-09-10 09:00:00","CAPE","surface",-70.8107,17.3664,2248
"2026-09-09 18:00:00","2026-09-10 09:00:00","CAPE","surface",-70.7868,17.3664,2259
"2026-09-09 18:00:00","2026-09-10 09:00:00","CAPE","surface",-70.7628,17.3664,2302
"2026-09-09 18:00:00","2026-09-10 09:00:00","CAPE","surface",-70.7389,17.3664,2305
"2026-09-09 18:00:00","2026-09-10 09:00:00","CAPE","surface",-70.715,17.3664,2384
"2026-09-09 18:00:00","2026-09-10 09:00:00","CAPE","surface",-70.6911,17.3664,2375
"2026-09-09 18:00:00","2026-09-10 09:00:00","CAPE","surface",-70.6671,17.3664,2413
"2026-09-09 18:00:00","2026-09-10 09:00:00","CAPE","surface",-70.6432,17.3664,2455
"2026-09-09 18:00:00","2026-09-10 09:00:00","CAPE","surface",-70.6193,17.3664,2409
"2026-09-09 18:00:00","2026-09-10 09:00:00","CAPE","surface",-70.5954,17.3664,2331
"2026-09-09 18:00:00","2026-09-10 09:00:00","CAPE","surface",-70.5714,17.3664,2266
"2026-09-09 18:00:00","2026-09-10 09:00:00","CAPE","surface",-70.5475,17.3664,2178
"2026-09-09 18:00:00","2026-09-10 09:00:00","CAPE","surface",-70.5236,17.3664,2178
"2026-09-09 18:00:00","2026-09-10 09:00:00","CAPE","surface",-70.4997,17.3664,2043
"2026-09-09 18:00:00","2026-09-10 09:00:00","CAPE","surface",-70.4757,17.3664,2013
"2026-09-09 18:00:00","2026-09-10 09:00:00","CAPE","surface",-70.4518,17.3664,1898
"2026-09-09 18:00:00","2026-09-10 09:00:00","CAPE","surface",-70.4279,17.3664,1953
"2026-09-09 18:00:00","2026-09-10 09:00:00","CAPE","surface",-70.404,17.3664,1924
"2026-09-09 18:00:00","2026-09-10 09:00:00","CAPE","surface",-70.38,17.3664,1994
"2026-09-09 18:00:00","2026-09-10 09:00:00","CAPE","surface",-70.3561,17.3664,2098
"2026-09-09 18:00:00","2026-09-10 09:00:00","CAPE","surface",-70.3322,17.3664,2080
"2026-09-09 18:00:00","2026-09-10 09:00:00","CAPE","surface",-70.3083,17.3664,2080
"2026-09-09 18:00:00","2026-09-10 09:00:00","CAPE","surface",-70.2843,17.3664,2023
"2026-09-09 18:00:00","2026-09-10 09:00:00","CAPE","surface",-70.2604,17.3664,2128
"2026-09-09 18:00:00","2026-09-10 09:00:00","CAPE","surface",-70.2365,17.3664,2104
"2026-09-09 18:00:00","2026-09-10 09:00:00","CAPE","surface",-70.2126,17.3664,2215
"2026-09-09 18:00:00","2026-09-10 09:00:00","CAPE","surface",-70.1886,17.3664,2116
"2026-09-09 18:00:00","2026-09-10 09:00:00","CAPE","surface",-70.1647,17.3664,2120
"2026-09-09 18:00:00","2026-09-10 09:00:00","CAPE","surface",-70.1408,17.3664,2191
"2026-09-09 18:00:00","2026-09-10 09:00:00","CAPE","surface",-70.1169,17.3664,2188
"2026-09-09 18:00:00","2026-09-10 09:00:00","CAPE","surface",-70.0929,17.3664,2243
"2026-09-09 18:00:00","2026-09-10 09:00:00","CAPE","surface",-70.069,17.3664,2202
"2026-09-09 18:00:00","2026-09-10 09:00:00","CAPE","surface",-70.0451,17.3664,2212
"2026-09-09 18:00:00","2026-09-10 09:00:00","CAPE","surface",-70.0212,17.3664,2128
"2026-09-09 18:00:00","2026-09-10 09:00:00","CAPE","surface",-69.9972,17.3664,2160
"2026-09-09 18:00:00","2026-09-10 09:00:00","CAPE","surface",-69.9733,17.3664,2201
"2026-09-09 18:00:00","2026-09-10 09:00:00","CAPE","surface",-69.9494,17.3664,2205
"2026-09-09 18:00:00","2026-09-10 09:00:00","CAPE","surface",-69.9255,17.3664,2327
"2026-09-09 18:00:00","2026-09-10 09:00:00","CAPE","surface",-69.9015,17.3664,2482
"2026-09-09 18:00:00","2026-09-10 09:00:00","CAPE","surface",-69.8776,17.3664,2518
"2026-09-09 18:00:00","2026-09-10 09:00:00","CAPE","surface",-69.8537,17.3664,2590
"2026-09-09 18:00:00","2026-09-10 09:00:00","CAPE","surface",-69.8298,17.3664,2590
"2026-09-09 18:00:00","2026-09-10 09:00:00","CAPE","surface",-69.8058,17.3664,2563
"2026-09-09 18:00:00","2026-09-10 09:00:00","CAPE","surface",-69.7819,17.3664,2533
"2026-09-09 18:00:00","2026-09-10 09:00:00","CAPE","surface",-69.758,17.3664,2547
"2026-09-09 18:00:00","2026-09-10 09:00:00","CAPE","surface",-69.7341,17.3664,2525
"2026-09-09 18:00:00","2026-09-10 09:00:00","CAPE","surface",-69.7101,17.3664,2541
"2026-09-09 18:00:00","2026-09-10 09:00:00","CAPE","surface",-69.6862,17.3664,2566
"2026-09-09 18:00:00","2026-09-10 09:00:00","CAPE","surface",-69.6623,17.3664,2670
"2026-09-09 18:00:00","2026-09-10 09:00:00","CAPE","surface",-69.6384,17.3664,2793
"2026-09-09 18:00:00","2026-09-10 09:00:00","CAPE","surface",-69.6144,17.3664,2793
"2026-09-09 18:00:00","2026-09-10 09:00:00","CAPE","surface",-69.5905,17.3664,2890
"2026-09-09 18:00:00","2026-09-10 09:00:00","CAPE","surface",-69.5666,17.3664,2932
"2026-09-09 18:00:00","2026-09-10 09:00:00","CAPE","surface",-69.5427,17.3664,2993
"2026-09-09 18:00:00","2026-09-10 09:00:00","CAPE","surface",-69.5187,17.3664,3004
"2026-09-09 18:00:00","2026-09-10 09:00:00","CAPE","surface",-69.4948,17.3664,3004
"2026-09-09 18:00:00","2026-09-10 09:00:00","CAPE","surface",-69.4709,17.3664,2831
"2026-09-09 18:00:00","2026-09-10 09:00:00","CAPE","surface",-69.447,17.3664,2601
"2026-09-09 18:00:00","2026-09-10 09:00:00","CAPE","surface",-69.423,17.3664,2356
"2026-09-09 18:00:00","2026-09-10 09:00:00","CAPE","surface",-69.3991,17.3664,2356
"2026-09-09 18:00:00","2026-09-10 09:00:00","CAPE","surface",-69.3752,17.3664,2254
"2026-09-09 18:00:00","2026-09-10 09:00:00","CAPE","surface",-69.3513,17.3664,2249
"2026-09-09 18:00:00","2026-09-10 09:00:00","CAPE","surface",-69.3273,17.3664,2261
"2026-09-09 18:00:00","2026-09-10 09:00:00","CAPE","surface",-69.3034,17.3664,2329
"2026-09-09 18:00:00","2026-09-10 09:00:00","CAPE","surface",-69.2795,17.3664,2329
"2026-09-09 18:00:00","2026-09-10 09:00:00","CAPE","surface",-69.2556,17.3664,2296
"2026-09-09 18:00:00","2026-09-10 09:00:00","CAPE","surface",-69.2316,17.3664,2169
"2026-09-09 18:00:00","2026-09-10 09:00:00","CAPE","surface",-69.2077,17.3664,2011
"2026-09-09 18:00:00","2026-09-10 09:00:00","CAPE","surface",-69.1838,17.3664,2079
"2026-09-09 18:00:00","2026-09-10 09:00:00","CAPE","surface",-69.1599,17.3664,2070
"2026-09-09 18:00:00","2026-09-10 09:00:00","CAPE","surface",-69.1359,17.3664,2216
"2026-09-09 18:00:00","2026-09-10 09:00:00","CAPE","surface",-69.112,17.3664,2221
"2026-09-09 18:00:00","2026-09-10 09:00:00","CAPE","surface",-69.0881,17.3664,2396
"2026-09-09 18:00:00","2026-09-10 09:00:00","CAPE","surface",-69.0642,17.3664,2396
"2026-09-09 18:00:00","2026-09-10 09:00:00","CAPE","surface",-69.0402,17.3664,2559
"2026-09-09 18:00:00","2026-09-10 09:00:00","CAPE","surface",-69.0163,17.3664,2659
"2026-09-09 18:00:00","2026-09-10 09:00:00","CAPE","surface",-68.9924,17.3664,2603
"2026-09-09 18:00:00","2026-09-10 09:00:00","CAPE","surface",-68.9685,17.3664,2490
"2026-09-09 18:00:00","2026-09-10 09:00:00","CAPE","surface",-68.9445,17.3664,2490
"2026-09-09 18:00:00","2026-09-10 09:00:00","CAPE","surface",-68.9206,17.3664,2483
"2026-09-09 18:00:00","2026-09-10 09:00:00","CAPE","surface",-68.8967,17.3664,2492
"2026-09-09 18:00:00","2026-09-10 09:00:00","CAPE","surface",-68.8728,17.3664,2495
"2026-09-09 18:00:00","2026-09-10 09:00:00","CAPE","surface",-68.8488,17.3664,2495
"2026-09-09 18:00:00","2026-09-10 09:00:00","CAPE","surface",-68.8249,17.3664,2373
"2026-09-09 18:00:00","2026-09-10 09:00:00","CAPE","surface",-68.801,17.3664,2303
"2026-09-09 18:00:00","2026-09-10 09:00:00","CAPE","surface",-68.7771,17.3664,2286
"2026-09-09 18:00:00","2026-09-10 09:00:00","CAPE","surface",-68.7531,17.3664,2361
"2026-09-09 18:00:00","2026-09-10 09:00:00","CAPE","surface",-68.7292,17.3664,2361
"2026-09-09 18:00:00","2026-09-10 09:00:00","CAPE","surface",-68.7053,17.3664,2548
"2026-09-09 18:00:00","2026-09-10 09:00:00","CAPE","surface",-68.6813,17.3664,2601
"2026-09-09 18:00:00","2026-09-10 09:00:00","CAPE","surface",-68.6574,17.3664,2709
"2026-09-09 18:00:00","2026-09-10 09:00:00","CAPE","surface",-68.6335,17.3664,2744
"2026-09-09 18:00:00","2026-09-10 09:00:00","CAPE","surface",-68.6096,17.3664,2732
"2026-09-09 18:00:00","2026-09-10 09:00:00","CAPE","surface",-68.5856,17.3664,2766
"2026-09-09 18:00:00","2026-09-10 09:00:00","CAPE","surface",-68.5617,17.3664,2796
"2026-09-09 18:00:00","2026-09-10 09:00:00","CAPE","surface",-68.5378,17.3664,2903
"2026-09-09 18:00:00","2026-09-10 09:00:00","CAPE","surface",-68.5139,17.3664,2903
"2026-09-09 18:00:00","2026-09-10 09:00:00","CAPE","surface",-68.4899,17.3664,3036
"2026-09-09 18:00:00","2026-09-10 09:00:00","CAPE","surface",-68.466,17.3664,3206
"2026-09-09 18:00:00","2026-09-10 09:00:00","CAPE","surface",-68.4421,17.3664,3205
"2026-09-09 18:00:00","2026-09-10 09:00:00","CAPE","surface",-68.4182,17.3664,3379
"2026-09-09 18:00:00","2026-09-10 09:00:00","CAPE","surface",-68.3942,17.3664,3321
"2026-09-09 18:00:00","2026-09-10 09:00:00","CAPE","surface",-68.3703,17.3664,3335
"2026-09-09 18:00:00","2026-09-10 09:00:00","CAPE","surface",-68.3464,17.3664,3360
"2026-09-09 18:00:00","2026-09-10 09:00:00","CAPE","surface",-68.3225,17.3664,3325
"2026-09-09 18:00:00","2026-09-10 09:00:00","CAPE","surface",-68.2985,17.3664,3288
"2026-09-09 18:00:00","2026-09-10 09:00:00","CAPE","surface",-68.2746,17.3664,3416
"2026-09-09 18:00:00","2026-09-10 09:00:00","CAPE","surface",-68.2507,17.3664,3281
"2026-09-09 18:00:00","2026-09-10 09:00:00","CAPE","surface",-68.2268,17.3664,3285
"2026-09-09 18:00:00","2026-09-10 09:00:00","CAPE","surface",-68.2028,17.3664,3151
"2026-09-09 18:00:00","2026-09-10 09:00:00","CAPE","surface",-68.1789,17.3664,3040
"2026-09-09 18:00:00","2026-09-10 09:00:00","CAPE","surface",-68.155,17.3664,2879
"2026-09-09 18:00:00","2026-09-10 09:00:00","CAPE","surface",-68.1311,17.3664,2664
"2026-09-09 18:00:00","2026-09-10 09:00:00","CAPE","surface",-68.1071,17.3664,2641
"2026-09-09 18:00:00","2026-09-10 09:00:00","CAPE","surface",-68.0832,17.3664,2553
"2026-09-09 18:00:00","2026-09-10 09:00:00","CAPE","surface",-68.0593,17.3664,2460
"2026-09-09 18:00:00","2026-09-10 09:00:00","CAPE","surface",-68.0354,17.3664,2345
"2026-09-09 18:00:00","2026-09-10 09:00:00","CAPE","surface",-68.0114,17.3664,2110
"2026-09-09 18:00:00","2026-09-10 09:00:00","CAPE","surface",-67.9875,17.3664,2274
"2026-09-09 18:00:00","2026-09-10 09:00:00","CAPE","surface",-67.9636,17.3664,1961
"2026-09-09 18:00:00","2026-09-10 09:00:00","CAPE","surface",-67.9397,17.3664,1737
"2026-09-09 18:00:00","2026-09-10 09:00:00","CAPE","surface",-67.9157,17.3664,1514
"2026-09-09 18:00:00","2026-09-10 09:00:00","CAPE","surface",-67.8918,17.3664,1514
"2026-09-09 18:00:00","2026-09-10 09:00:00","CAPE","surface",-67.8679,17.3664,1351
"2026-09-09 18:00:00","2026-09-10 09:00:00","CAPE","surface",-67.844,17.3664,1286
"2026-09-09 18:00:00","2026-09-10 09:00:00","CAPE","surface",-67.82,17.3664,1355
"2026-09-09 18:00:00","2026-09-10 09:00:00","CAPE","surface",-67.7961,17.3664,1436
"2026-09-09 18:00:00","2026-09-10 09:00:00","CAPE","surface",-67.7722,17.3664,1510
"2026-09-09 18:00:00","2026-09-10 09:00:00","CAPE","surface",-67.7483,17.3664,1713
"2026-09-09 18:00:00","2026-09-10 09:00:00","CAPE","surface",-67.7243,17.3664,1995
"2026-09-09 18:00:00","2026-09-10 09:00:00","CAPE","surface",-67.7004,17.3664,2235
"2026-09-09 18:00:00","2026-09-10 09:00:00","CAPE","surface",-67.6765,17.3664,2235
"2026-09-09 18:00:00","2026-09-10 09:00:00","CAPE","surface",-67.6526,17.3664,2352
"2026-09-09 18:00:00","2026-09-10 09:00:00","CAPE","surface",-67.6286,17.3664,2640
"2026-09-09 18:00:00","2026-09-10 09:00:00","CAPE","surface",-67.6047,17.3664,2770
"2026-09-09 18:00:00","2026-09-10 09:00:00","CAPE","surface",-67.5808,17.3664,2780
"2026-09-09 18:00:00","2026-09-10 09:00:00","CAPE","surface",-67.5569,17.3664,2779
"2026-09-09 18:00:00","2026-09-10 09:00:00","CAPE","surface",-67.5329,17.3664,2650
"2026-09-09 18:00:00","2026-09-10 09:00:00","CAPE","surface",-67.509,17.3664,2566
"2026-09-09 18:00:00","2026-09-10 09:00:00","CAPE","surface",-67.4851,17.3664,2575
"2026-09-09 18:00:00","2026-09-10 09:00:00","CAPE","surface",-67.4612,17.3664,2641
"2026-09-09 18:00:00","2026-09-10 09:00:00","CAPE","surface",-67.4372,17.3664,2668
"2026-09-09 18:00:00","2026-09-10 09:00:00","CAPE","surface",-67.4133,17.3664,2743
"2026-09-09 18:00:00","2026-09-10 09:00:00","CAPE","surface",-67.3894,17.3664,2743
"2026-09-09 18:00:00","2026-09-10 09:00:00","CAPE","surface",-67.3655,17.3664,2744
"2026-09-09 18:00:00","2026-09-10 09:00:00","CAPE","surface",-67.3415,17.3664,2717
"2026-09-09 18:00:00","2026-09-10 09:00:00","CAPE","surface",-67.3176,17.3664,2694
"2026-09-09 18:00:00","2026-09-10 09:00:00","CAPE","surface",-67.2937,17.3664,2663
"2026-09-09 18:00:00","2026-09-10 09:00:00","CAPE","surface",-67.2698,17.3664,2663
"2026-09-09 18:00:00","2026-09-10 09:00:00","CAPE","surface",-67.2458,17.3664,2656
"2026-09-09 18:00:00","2026-09-10 09:00:00","CAPE","surface",-67.2219,17.3664,2658
"2026-09-09 18:00:00","2026-09-10 09:00:00","CAPE","surface",-67.198,17.3664,2672
"2026-09-09 18:00:00","2026-09-10 09:00:00","CAPE","surface",-67.1741,17.3664,2672
"2026-09-09 18:00:00","2026-09-10 09:00:00","CAPE","surface",-67.1501,17.3664,2759
"2026-09-09 18:00:00","2026-09-10 09:00:00","CAPE","surface",-67.1262,17.3664,2913
"2026-09-09 18:00:00","2026-09-10 09:00:00","CAPE","surface",-67.1023,17.3664,2963
"2026-09-09 18:00:00","2026-09-10 09:00:00","CAPE","surface",-67.0784,17.3664,2963
"2026-09-09 18:00:00","2026-09-10 09:00:00","CAPE","surface",-67.0544,17.3664,2975
"2026-09-09 18:00:00","2026-09-10 09:00:00","CAPE","surface",-67.0305,17.3664,2923
"2026-09-09 18:00:00","2026-09-10 09:00:00","CAPE","surface",-67.0066,17.3664,2885
"2026-09-09 18:00:00","2026-09-10 09:00:00","CAPE","surface",-74.7822,17.3893,2298
"2026-09-09 18:00:00","2026-09-10 09:00:00","CAPE","surface",-74.7583,17.3893,2389
"2026-09-09 18:00:00","2026-09-10 09:00:00","CAPE","surface",-74.7344,17.3893,2519
"2026-09-09 18:00:00","2026-09-10 09:00:00","CAPE","surface",-74.7105,17.3893,2561
"2026-09-09 18:00:00","2026-09-10 09:00:00","CAPE","surface",-74.6865,17.3893,2588
"2026-09-09 18:00:00","2026-09-10 09:00:00","CAPE","surface",-74.6626,17.3893,2588
"2026-09-09 18:00:00","2026-09-10 09:00:00","CAPE","surface",-74.6387,17.3893,2525
"2026-09-09 18:00:00","2026-09-10 09:00:00","CAPE","surface",-74.6148,17.3893,2548
"2026-09-09 18:00:00","2026-09-10 09:00:00","CAPE","surface",-74.5908,17.3893,2539
"2026-09-09 18:00:00","2026-09-10 09:00:00","CAPE","surface",-74.5669,17.3893,2635
"2026-09-09 18:00:00","2026-09-10 09:00:00","CAPE","surface",-74.543,17.3893,2726
"2026-09-09 18:00:00","2026-09-10 09:00:00","CAPE","surface",-74.5191,17.3893,2769
"2026-09-09 18:00:00","2026-09-10 09:00:00","CAPE","surface",-74.4951,17.3893,2826
"2026-09-09 18:00:00","2026-09-10 09:00:00","CAPE","surface",-74.4712,17.3893,2840
"2026-09-09 18:00:00","2026-09-10 09:00:00","CAPE","surface",-74.4473,17.3893,2777
"2026-09-09 18:00:00","2026-09-10 09:00:00","CAPE","surface",-74.4234,17.3893,2711
"2026-09-09 18:00:00","2026-09-10 09:00:00","CAPE","surface",-74.3994,17.3893,2751
"2026-09-09 18:00:00","2026-09-10 09:00:00","CAPE","surface",-74.3755,17.3893,2698
"2026-09-09 18:00:00","2026-09-10 09:00:00","CAPE","surface",-74.3516,17.3893,2846
"2026-09-09 18:00:00","2026-09-10 09:00:00","CAPE","surface",-74.3277,17.3893,2950
"2026-09-09 18:00:00","2026-09-10 09:00:00","CAPE","surface",-74.3037,17.3893,3068
"2026-09-09 18:00:00","2026-09-10 09:00:00","CAPE","surface",-74.2798,17.3893,2968
"2026-09-09 18:00:00","2026-09-10 09:00:00","CAPE","surface",-74.2559,17.3893,3076
"2026-09-09 18:00:00","2026-09-10 09:00:00","CAPE","surface",-74.232,17.3893,3003
"2026-09-09 18:00:00","2026-09-10 09:00:00","CAPE","surface",-74.208,17.3893,3164
"2026-09-09 18:00:00","2026-09-10 09:00:00","CAPE","surface",-74.1841,17.3893,3217
"2026-09-09 18:00:00","2026-09-10 09:00:00","CAPE","surface",-74.1602,17.3893,3234
"2026-09-09 18:00:00","2026-09-10 09:00:00","CAPE","surface",-74.1363,17.3893,2917
"2026-09-09 18:00:00","2026-09-10 09:00:00","CAPE","surface",-74.1123,17.3893,2565
"2026-09-09 18:00:00","2026-09-10 09:00:00","CAPE","surface",-74.0884,17.3893,2337
"2026-09-09 18:00:00","2026-09-10 09:00:00","CAPE","surface",-74.0645,17.3893,2294
"2026-09-09 18:00:00","2026-09-10 09:00:00","CAPE","surface",-74.0406,17.3893,2216
"2026-09-09 18:00:00","2026-09-10 09:00:00","CAPE","surface",-74.0166,17.3893,2237
"2026-09-09 18:00:00","2026-09-10 09:00:00","CAPE","surface",-73.9927,17.3893,2187
"2026-09-09 18:00:00","2026-09-10 09:00:00","CAPE","surface",-73.9688,17.3893,2102
"2026-09-09 18:00:00","2026-09-10 09:00:00","CAPE","surface",-73.9449,17.3893,2102
"2026-09-09 18:00:00","2026-09-10 09:00:00","CAPE","surface",-73.9209,17.3893,2057
"2026-09-09 18:00:00","2026-09-10 09:00:00","CAPE","surface",-73.897,17.3893,2064
"2026-09-09 18:00:00","2026-09-10 09:00:00","CAPE","surface",-73.8731,17.3893,2078
"2026-09-09 18:00:00","2026-09-10 09:00:00","CAPE","surface",-73.8492,17.3893,2088
"2026-09-09 18:00:00","2026-09-10 09:00:00","CAPE","surface",-73.8252,17.3893,2133
"2026-09-09 18:00:00","2026-09-10 09:00:00","CAPE","surface",-73.8013,17.3893,2133
"2026-09-09 18:00:00","2026-09-10 09:00:00","CAPE","surface",-73.7774,17.3893,2152
"2026-09-09 18:00:00","2026-09-10 09:00:00","CAPE","surface",-73.7535,17.3893,2188
"2026-09-09 18:00:00","2026-09-10 09:00:00","CAPE","surface",-73.7295,17.3893,2127
"2026-09-09 18:00:00","2026-09-10 09:00:00","CAPE","surface",-73.7056,17.3893,2155
"2026-09-09 18:00:00","2026-09-10 09:00:00","CAPE","surface",-73.6817,17.3893,2105
"2026-09-09 18:00:00","2026-09-10 09:00:00","CAPE","surface",-73.6578,17.3893,2105
"2026-09-09 18:00:00","2026-09-10 09:00:00","CAPE","surface",-73.6338,17.3893,2109
"2026-09-09 18:00:00","2026-09-10 09:00:00","CAPE","surface",-73.6099,17.3893,2093
"2026-09-09 18:00:00","2026-09-10 09:00:00","CAPE","surface",-73.586,17.3893,2159
"2026-09-09 18:00:00","2026-09-10 09:00:00","CAPE","surface",-73.5621,17.3893,2200
"2026-09-09 18:00:00","2026-09-10 09:00:00","CAPE","surface",-73.5381,17.3893,2279
"2026-09-09 18:00:00","2026-09-10 09:00:00","CAPE","surface",-73.5142,17.3893,2279
"2026-09-09 18:00:00","2026-09-10 09:00:00","CAPE","surface",-73.4903,17.3893,2252
"2026-09-09 18:00:00","2026-09-10 09:00:00","CAPE","surface",-73.4664,17.3893,2247
"2026-09-09 18:00:00","2026-09-10 09:00:00","CAPE","surface",-73.4424,17.3893,2234
"2026-09-09 18:00:00","2026-09-10 09:00:00","CAPE","surface",-73.4185,17.3893,2238
"2026-09-09 18:00:00","2026-09-10 09:00:00","CAPE","surface",-73.3946,17.3893,2231
"2026-09-09 18:00:00","2026-09-10 09:00:00","CAPE","surface",-73.3707,17.3893,2257
"2026-09-09 18:00:00","2026-09-10 09:00:00","CAPE","surface",-73.3467,17.3893,2256
"2026-09-09 18:00:00","2026-09-10 09:00:00","CAPE","surface",-73.3228,17.3893,2257
"2026-09-09 18:00:00","2026-09-10 09:00:00","CAPE","surface",-73.2989,17.3893,2247
"2026-09-09 18:00:00","2026-09-10 09:00:00","CAPE","surface",-73.275,17.3893,2275
"2026-09-09 18:00:00","2026-09-10 09:00:00","CAPE","surface",-73.251,17.3893,2275
"2026-09-09 18:00:00","2026-09-10 09:00:00","CAPE","surface",-73.2271,17.3893,2379
"2026-09-09 18:00:00","2026-09-10 09:00:00","CAPE","surface",-73.2032,17.3893,2427
"2026-09-09 18:00:00","2026-09-10 09:00:00","CAPE","surface",-73.1793,17.3893,2648
"2026-09-09 18:00:00","2026-09-10 09:00:00","CAPE","surface",-73.1553,17.3893,2705
"2026-09-09 18:00:00","2026-09-10 09:00:00","CAPE","surface",-73.1314,17.3893,3020
"2026-09-09 18:00:00","2026-09-10 09:00:00","CAPE","surface",-73.1075,17.3893,3020
"2026-09-09 18:00:00","2026-09-10 09:00:00","CAPE","surface",-73.0836,17.3893,3110
"2026-09-09 18:00:00","2026-09-10 09:00:00","CAPE","surface",-73.0596,17.3893,2845
"2026-09-09 18:00:00","2026-09-10 09:00:00","CAPE","surface",-73.0357,17.3893,2876
"2026-09-09 18:00:00","2026-09-10 09:00:00","CAPE","surface",-73.0118,17.3893,2551
"2026-09-09 18:00:00","2026-09-10 09:00:00","CAPE","surface",-72.9879,17.3893,2551
"2026-09-09 18:00:00","2026-09-10 09:00:00","CAPE","surface",-72.9639,17.3893,2416
"2026-09-09 18:00:00","2026-09-10 09:00:00","CAPE","surface",-72.94,17.3893,2445
"2026-09-09 18:00:00","2026-09-10 09:00:00","CAPE","surface",-72.9161,17.3893,2344
"2026-09-09 18:00:00","2026-09-10 09:00:00","CAPE","surface",-72.8922,17.3893,2356
"2026-09-09 18:00:00","2026-09-10 09:00:00","CAPE","surface",-72.8682,17.3893,2308
"2026-09-09 18:00:00","2026-09-10 09:00:00","CAPE","surface",-72.8443,17.3893,2308
"2026-09-09 18:00:00","2026-09-10 09:00:00","CAPE","surface",-72.8204,17.3893,2322
"2026-09-09 18:00:00","2026-09-10 09:00:00","CAPE","surface",-72.7965,17.3893,2354
"2026-09-09 18:00:00","2026-09-10 09:00:00","CAPE","surface",-72.7725,17.3893,2379
"2026-09-09 18:00:00","2026-09-10 09:00:00","CAPE","surface",-72.7486,17.3893,2403
"2026-09-09 18:00:00","2026-09-10 09:00:00","CAPE","surface",-72.7247,17.3893,2423
"2026-09-09 18:00:00","2026-09-10 09:00:00","CAPE","surface",-72.7008,17.3893,2426
"2026-09-09 18:00:00","2026-09-10 09:00:00","CAPE","surface",-72.6768,17.3893,2447
"2026-09-09 18:00:00","2026-09-10 09:00:00","CAPE","surface",-72.6529,17.3893,2454
"2026-09-09 18:00:00","2026-09-10 09:00:00","CAPE","surface",-72.629,17.3893,2463
"2026-09-09 18:00:00","2026-09-10 09:00:00","CAPE","surface",-72.6051,17.3893,2458
"2026-09-09 18:00:00","2026-09-10 09:00:00","CAPE","surface",-72.5811,17.3893,2458
"2026-09-09 18:00:00","2026-09-10 09:00:00","CAPE","surface",-72.5572,17.3893,2478
"2026-09-09 18:00:00","2026-09-10 09:00:00","CAPE","surface",-72.5333,17.3893,2488
"2026-09-09 18:00:00","2026-09-10 09:00:00","CAPE","surface",-72.5094,17.3893,2549
"2026-09-09 18:00:00","2026-09-10 09:00:00","CAPE","surface",-72.4854,17.3893,2573
"2026-09-09 18:00:00","2026-09-10 09:00:00","CAPE","surface",-72.4615,17.3893,2609
"2026-09-09 18:00:00","2026-09-10 09:00:00","CAPE","surface",-72.4376,17.3893,2634
"2026-09-09 18:00:00","2026-09-10 09:00:00","CAPE","surface",-72.4137,17.3893,2665
"2026-09-09 18:00:00","2026-09-10 09:00:00","CAPE","surface",-72.3897,17.3893,2686
"2026-09-09 18:00:00","2026-09-10 09:00:00","CAPE","surface",-72.3658,17.3893,2707
"2026-09-09 18:00:00","2026-09-10 09:00:00","CAPE","surface",-72.3419,17.3893,2750
"2026-09-09 18:00:00","2026-09-10 09:00:00","CAPE","surface",-72.318,17.3893,2750
"2026-09-09 18:00:00","2026-09-10 09:00:00","CAPE","surface",-72.294,17.3893,2805
"2026-09-09 18:00:00","2026-09-10 09:00:00","CAPE","surface",-72.2701,17.3893,2835
"2026-09-09 18:00:00","2026-09-10 09:00:00","CAPE","surface",-72.2462,17.3893,2874
"2026-09-09 18:00:00","2026-09-10 09:00:00","CAPE","surface",-72.2223,17.3893,2901
"2026-09-09 18:00:00","2026-09-10 09:00:00","CAPE","surface",-72.1983,17.3893,2907
"2026-09-09 18:00:00","2026-09-10 09:00:00","CAPE","surface",-72.1744,17.3893,2917
"2026-09-09 18:00:00","2026-09-10 09:00:00","CAPE","surface",-72.1505,17.3893,2909
"2026-09-09 18:00:00","2026-09-10 09:00:00","CAPE","surface",-72.1266,17.3893,2918
"2026-09-09 18:00:00","2026-09-10 09:00:00","CAPE","surface",-72.1026,17.3893,2913
"2026-09-09 18:00:00","2026-09-10 09:00:00","CAPE","surface",-72.0787,17.3893,2908
"2026-09-09 18:00:00","2026-09-10 09:00:00","CAPE","surface",-72.0548,17.3893,2908
"2026-09-09 18:00:00","2026-09-10 09:00:00","CAPE","surface",-72.0309,17.3893,2913
"2026-09-09 18:00:00","2026-09-10 09:00:00","CAPE","surface",-72.0069,17.3893,2930
"2026-09-09 18:00:00","2026-09-10 09:00:00","CAPE","surface",-71.983,17.3893,2941
"2026-09-09 18:00:00","2026-09-10 09:00:00","CAPE","surface",-71.9591,17.3893,2966
"2026-09-09 18:00:00","2026-09-10 09:00:00","CAPE","surface",-71.9352,17.3893,2904
"2026-09-09 18:00:00","2026-09-10 09:00:00","CAPE","surface",-71.9112,17.3893,2902
"2026-09-09 18:00:00","2026-09-10 09:00:00","CAPE","surface",-71.8873,17.3893,2801
"2026-09-09 18:00:00","2026-09-10 09:00:00","CAPE","surface",-71.8634,17.3893,2821
"2026-09-09 18:00:00","2026-09-10 09:00:00","CAPE","surface",-71.8395,17.3893,2787
"2026-09-09 18:00:00","2026-09-10 09:00:00","CAPE","surface",-71.8155,17.3893,2787
"2026-09-09 18:00:00","2026-09-10 09:00:00","CAPE","surface",-71.7916,17.3893,2791
"2026-09-09 18:00:00","2026-09-10 09:00:00","CAPE","surface",-71.7677,17.3893,2814
"2026-09-09 18:00:00","2026-09-10 09:00:00","CAPE","surface",-71.7438,17.3893,2851
"2026-09-09 18:00:00","2026-09-10 09:00:00","CAPE","surface",-71.7198,17.3893,2960
"2026-09-09 18:00:00","2026-09-10 09:00:00","CAPE","surface",-71.6959,17.3893,2960
"2026-09-09 18:00:00","2026-09-10 09:00:00","CAPE","surface",-71.672,17.3893,3078
"2026-09-09 18:00:00","2026-09-10 09:00:00","CAPE","surface",-71.6481,17.3893,3190
"2026-09-09 18:00:00","2026-09-10 09:00:00","CAPE","surface",-71.6241,17.3893,3177
"2026-09-09 18:00:00","2026-09-10 09:00:00","CAPE","surface",-71.6002,17.3893,3119
"2026-09-09 18:00:00","2026-09-10 09:00:00","CAPE","surface",-71.5763,17.3893,3128
"2026-09-09 18:00:00","2026-09-10 09:00:00","CAPE","surface",-71.5524,17.3893,3066
"2026-09-09 18:00:00","2026-09-10 09:00:00","CAPE","surface",-71.5284,17.3893,3028
"2026-09-09 18:00:00","2026-09-10 09:00:00","CAPE","surface",-71.5045,17.3893,2950
"2026-09-09 18:00:00","2026-09-10 09:00:00","CAPE","surface",-71.4806,17.3893,2951
"2026-09-09 18:00:00","2026-09-10 09:00:00","CAPE","surface",-71.4567,17.3893,2886
"2026-09-09 18:00:00","2026-09-10 09:00:00","CAPE","surface",-71.4327,17.3893,2886
"2026-09-09 18:00:00","2026-09-10 09:00:00","CAPE","surface",-71.4088,17.3893,2833
"2026-09-09 18:00:00","2026-09-10 09:00:00","CAPE","surface",-71.3849,17.3893,2857
"2026-09-09 18:00:00","2026-09-10 09:00:00","CAPE","surface",-71.361,17.3893,2837
"2026-09-09 18:00:00","2026-09-10 09:00:00","CAPE","surface",-71.337,17.3893,2883
"2026-09-09 18:00:00","2026-09-10 09:00:00","CAPE","surface",-71.3131,17.3893,2885
"2026-09-09 18:00:00","2026-09-10 09:00:00","CAPE","surface",-71.2892,17.3893,2951
"2026-09-09 18:00:00","2026-09-10 09:00:00","CAPE","surface",-71.2653,17.3893,3049
"2026-09-09 18:00:00","2026-09-10 09:00:00","CAPE","surface",-71.2413,17.3893,3162
"2026-09-09 18:00:00","2026-09-10 09:00:00","CAPE","surface",-71.2174,17.3893,3190
"2026-09-09 18:00:00","2026-09-10 09:00:00","CAPE","surface",-71.1935,17.3893,3233
"2026-09-09 18:00:00","2026-09-10 09:00:00","CAPE","surface",-71.1696,17.3893,3236
"2026-09-09 18:00:00","2026-09-10 09:00:00","CAPE","surface",-71.1456,17.3893,3201
"2026-09-09 18:00:00","2026-09-10 09:00:00","CAPE","surface",-71.1217,17.3893,3086
"2026-09-09 18:00:00","2026-09-10 09:00:00","CAPE","surface",-71.0978,17.3893,3037
"2026-09-09 18:00:00","2026-09-10 09:00:00","CAPE","surface",-71.0739,17.3893,3037
"2026-09-09 18:00:00","2026-09-10 09:00:00","CAPE","surface",-71.0499,17.3893,2970
"2026-09-09 18:00:00","2026-09-10 09:00:00","CAPE","surface",-71.026,17.3893,2834
"2026-09-09 18:00:00","2026-09-10 09:00:00","CAPE","surface",-71.0021,17.3893,2657
"2026-09-09 18:00:00","2026-09-10 09:00:00","CAPE","surface",-70.9782,17.3893,2458
"2026-09-09 18:00:00","2026-09-10 09:00:00","CAPE","surface",-70.9542,17.3893,2458
"2026-09-09 18:00:00","2026-09-10 09:00:00","CAPE","surface",-70.9303,17.3893,2291
"2026-09-09 18:00:00","2026-09-10 09:00:00","CAPE","surface",-70.9064,17.3893,2232
"2026-09-09 18:00:00","2026-09-10 09:00:00","CAPE","surface",-70.8825,17.3893,2188
"2026-09-09 18:00:00","2026-09-10 09:00:00","CAPE","surface",-70.8585,17.3893,2189
"2026-09-09 18:00:00","2026-09-10 09:00:00","CAPE","surface",-70.8346,17.3893,2252
"2026-09-09 18:00:00","2026-09-10 09:00:00","CAPE","surface",-70.8107,17.3893,2252
"2026-09-09 18:00:00","2026-09-10 09:00:00","CAPE","surface",-70.7868,17.3893,2304
"2026-09-09 18:00:00","2026-09-10 09:00:00","CAPE","surface",-70.7628,17.3893,2302
"2026-09-09 18:00:00","2026-09-10 09:00:00","CAPE","surface",-70.7389,17.3893,2389
"2026-09-09 18:00:00","2026-09-10 09:00:00","CAPE","surface",-70.715,17.3893,2448
"2026-09-09 18:00:00","2026-09-10 09:00:00","CAPE","surface",-70.6911,17.3893,2442
"2026-09-09 18:00:00","2026-09-10 09:00:00","CAPE","surface",-70.6671,17.3893,2476
"2026-09-09 18:00:00","2026-09-10 09:00:00","CAPE","surface",-70.6432,17.3893,2455
"2026-09-09 18:00:00","2026-09-10 09:00:00","CAPE","surface",-70.6193,17.3893,2418
"2026-09-09 18:00:00","2026-09-10 09:00:00","CAPE","surface",-70.5954,17.3893,2418
"2026-09-09 18:00:00","2026-09-10 09:00:00","CAPE","surface",-70.5714,17.3893,2318
"2026-09-09 18:00:00","2026-09-10 09:00:00","CAPE","surface",-70.5475,17.3893,2222
"2026-09-09 18:00:00","2026-09-10 09:00:00","CAPE","surface",-70.5236,17.3893,2105
"2026-09-09 18:00:00","2026-09-10 09:00:00","CAPE","surface",-70.4997,17.3893,1965
"2026-09-09 18:00:00","2026-09-10 09:00:00","CAPE","surface",-70.4757,17.3893,1965
"2026-09-09 18:00:00","2026-09-10 09:00:00","CAPE","surface",-70.4518,17.3893,1885
"2026-09-09 18:00:00","2026-09-10 09:00:00","CAPE","surface",-70.4279,17.3893,1883
"2026-09-09 18:00:00","2026-09-10 09:00:00","CAPE","surface",-70.404,17.3893,1927
"2026-09-09 18:00:00","2026-09-10 09:00:00","CAPE","surface",-70.38,17.3893,1927
"2026-09-09 18:00:00","2026-09-10 09:00:00","CAPE","surface",-70.3561,17.3893,1986
"2026-09-09 18:00:00","2026-09-10 09:00:00","CAPE","surface",-70.3322,17.3893,2025
"2026-09-09 18:00:00","2026-09-10 09:00:00","CAPE","surface",-70.3083,17.3893,1973
"2026-09-09 18:00:00","2026-09-10 09:00:00","CAPE","surface",-70.2843,17.3893,1936
"2026-09-09 18:00:00","2026-09-10 09:00:00","CAPE","surface",-70.2604,17.3893,1936
"2026-09-09 18:00:00","2026-09-10 09:00:00","CAPE","surface",-70.2365,17.3893,1933
"2026-09-09 18:00:00","2026-09-10 09:00:00","CAPE","surface",-70.2126,17.3893,1998
"2026-09-09 18:00:00","2026-09-10 09:00:00","CAPE","surface",-70.1886,17.3893,1998
"2026-09-09 18:00:00","2026-09-10 09:00:00","CAPE","surface",-70.1647,17.3893,2120
"2026-09-09 18:00:00","2026-09-10 09:00:00","CAPE","surface",-70.1408,17.3893,2036
"2026-09-09 18:00:00","2026-09-10 09:00:00","CAPE","surface",-70.1169,17.3893,2141
"2026-09-09 18:00:00","2026-09-10 09:00:00","CAPE","surface",-70.0929,17.3893,2173
"2026-09-09 18:00:00","2026-09-10 09:00:00","CAPE","surface",-70.069,17.3893,2125
"2026-09-09 18:00:00","2026-09-10 09:00:00","CAPE","surface",-70.0451,17.3893,2125
"2026-09-09 18:00:00","2026-09-10 09:00:00","CAPE","surface",-70.0212,17.3893,2135
"2026-09-09 18:00:00","2026-09-10 09:00:00","CAPE","surface",-69.9972,17.3893,2135
"2026-09-09 18:00:00","2026-09-10 09:00:00","CAPE","surface",-69.9733,17.3893,2150
"2026-09-09 18:00:00","2026-09-10 09:00:00","CAPE","surface",-69.9494,17.3893,2205
"2026-09-09 18:00:00","2026-09-10 09:00:00","CAPE","surface",-69.9255,17.3893,2365
"2026-09-09 18:00:00","2026-09-10 09:00:00","CAPE","surface",-69.9015,17.3893,2365
"2026-09-09 18:00:00","2026-09-10 09:00:00","CAPE","surface",-69.8776,17.3893,2541
"2026-09-09 18:00:00","2026-09-10 09:00:00","CAPE","surface",-69.8537,17.3893,2611
"2026-09-09 18:00:00","2026-09-10 09:00:00","CAPE","surface",-69.8298,17.3893,2582
"2026-09-09 18:00:00","2026-09-10 09:00:00","CAPE","surface",-69.8058,17.3893,2533
"2026-09-09 18:00:00","2026-09-10 09:00:00","CAPE","surface",-69.7819,17.3893,2525
"2026-09-09 18:00:00","2026-09-10 09:00:00","CAPE","surface",-69.758,17.3893,2531
"2026-09-09 18:00:00","2026-09-10 09:00:00","CAPE","surface",-69.7341,17.3893,2525
"2026-09-09 18:00:00","2026-09-10 09:00:00","CAPE","surface",-69.7101,17.3893,2510
"2026-09-09 18:00:00","2026-09-10 09:00:00","CAPE","surface",-69.6862,17.3893,2510
"2026-09-09 18:00:00","2026-09-10 09:00:00","CAPE","surface",-69.6623,17.3893,2559
"2026-09-09 18:00:00","2026-09-10 09:00:00","CAPE","surface",-69.6384,17.3893,2676
"2026-09-09 18:00:00","2026-09-10 09:00:00","CAPE","surface",-69.6144,17.3893,2795
"2026-09-09 18:00:00","2026-09-10 09:00:00","CAPE","surface",-69.5905,17.3893,2860
"2026-09-09 18:00:00","2026-09-10 09:00:00","CAPE","surface",-69.5666,17.3893,2860
"2026-09-09 18:00:00","2026-09-10 09:00:00","CAPE","surface",-69.5427,17.3893,2941
"2026-09-09 18:00:00","2026-09-10 09:00:00","CAPE","surface",-69.5187,17.3893,3005
"2026-09-09 18:00:00","2026-09-10 09:00:00","CAPE","surface",-69.4948,17.3893,2996
"2026-09-09 18:00:00","2026-09-10 09:00:00","CAPE","surface",-69.4709,17.3893,2941
"2026-09-09 18:00:00","2026-09-10 09:00:00","CAPE","surface",-69.447,17.3893,2784
"2026-09-09 18:00:00","2026-09-10 09:00:00","CAPE","surface",-69.423,17.3893,2463
"2026-09-09 18:00:00","2026-09-10 09:00:00","CAPE","surface",-69.3991,17.3893,2331
"2026-09-09 18:00:00","2026-09-10 09:00:00","CAPE","surface",-69.3752,17.3893,2277
"2026-09-09 18:00:00","2026-09-10 09:00:00","CAPE","surface",-69.3513,17.3893,2277
"2026-09-09 18:00:00","2026-09-10 09:00:00","CAPE","surface",-69.3273,17.3893,2296
"2026-09-09 18:00:00","2026-09-10 09:00:00","CAPE","surface",-69.3034,17.3893,2309
"2026-09-09 18:00:00","2026-09-10 09:00:00","CAPE","surface",-69.2795,17.3893,2340
"2026-09-09 18:00:00","2026-09-10 09:00:00","CAPE","surface",-69.2556,17.3893,2227
"2026-09-09 18:00:00","2026-09-10 09:00:00","CAPE","surface",-69.2316,17.3893,2227
"2026-09-09 18:00:00","2026-09-10 09:00:00","CAPE","surface",-69.2077,17.3893,2101
"2026-09-09 18:00:00","2026-09-10 09:00:00","CAPE","surface",-69.1838,17.3893,2079
"2026-09-09 18:00:00","2026-09-10 09:00:00","CAPE","surface",-69.1599,17.3893,2209
"2026-09-09 18:00:00","2026-09-10 09:00:00","CAPE","surface",-69.1359,17.3893,2209
"2026-09-09 18:00:00","2026-09-10 09:00:00","CAPE","surface",-69.112,17.3893,2333
"2026-09-09 18:00:00","2026-09-10 09:00:00","CAPE","surface",-69.0881,17.3893,2404
"2026-09-09 18:00:00","2026-09-10 09:00:00","CAPE","surface",-69.0642,17.3893,2472
"2026-09-09 18:00:00","2026-09-10 09:00:00","CAPE","surface",-69.0402,17.3893,2537
"2026-09-09 18:00:00","2026-09-10 09:00:00","CAPE","surface",-69.0163,17.3893,2537
"2026-09-09 18:00:00","2026-09-10 09:00:00","CAPE","surface",-68.9924,17.3893,2434
"2026-09-09 18:00:00","2026-09-10 09:00:00","CAPE","surface",-68.9685,17.3893,2473
"2026-09-09 18:00:00","2026-09-10 09:00:00","CAPE","surface",-68.9445,17.3893,2476
"2026-09-09 18:00:00","2026-09-10 09:00:00","CAPE","surface",-68.9206,17.3893,2476
"2026-09-09 18:00:00","2026-09-10 09:00:00","CAPE","surface",-68.8967,17.3893,2548
"2026-09-09 18:00:00","2026-09-10 09:00:00","CAPE","surface",-68.8728,17.3893,2589
"2026-09-09 18:00:00","2026-09-10 09:00:00","CAPE","surface",-68.8488,17.3893,2475
"2026-09-09 18:00:00","2026-09-10 09:00:00","CAPE","surface",-68.8249,17.3893,2357
"2026-09-09 18:00:00","2026-09-10 09:00:00","CAPE","surface",-68.801,17.3893,2357
"2026-09-09 18:00:00","2026-09-10 09:00:00","CAPE","surface",-68.7771,17.3893,2356
"2026-09-09 18:00:00","2026-09-10 09:00:00","CAPE","surface",-68.7531,17.3893,2347
"2026-09-09 18:00:00","2026-09-10 09:00:00","CAPE","surface",-68.7292,17.3893,2513
"2026-09-09 18:00:00","2026-09-10 09:00:00","CAPE","surface",-68.7053,17.3893,2658
"2026-09-09 18:00:00","2026-09-10 09:00:00","CAPE","surface",-68.6813,17.3893,2681
"2026-09-09 18:00:00","2026-09-10 09:00:00","CAPE","surface",-68.6574,17.3893,2752
"2026-09-09 18:00:00","2026-09-10 09:00:00","CAPE","surface",-68.6335,17.3893,2744
"2026-09-09 18:00:00","2026-09-10 09:00:00","CAPE","surface",-68.6096,17.3893,2762
"2026-09-09 18:00:00","2026-09-10 09:00:00","CAPE","surface",-68.5856,17.3893,2762
"2026-09-09 18:00:00","2026-09-10 09:00:00","CAPE","surface",-68.5617,17.3893,2817
"2026-09-09 18:00:00","2026-09-10 09:00:00","CAPE","surface",-68.5378,17.3893,2961
"2026-09-09 18:00:00","2026-09-10 09:00:00","CAPE","surface",-68.5139,17.3893,3000
"2026-09-09 18:00:00","2026-09-10 09:00:00","CAPE","surface",-68.4899,17.3893,3169
"2026-09-09 18:00:00","2026-09-10 09:00:00","CAPE","surface",-68.466,17.3893,3191
"2026-09-09 18:00:00","2026-09-10 09:00:00","CAPE","surface",-68.4421,17.3893,3409
"2026-09-09 18:00:00","2026-09-10 09:00:00","CAPE","surface",-68.4182,17.3893,3379
"2026-09-09 18:00:00","2026-09-10 09:00:00","CAPE","surface",-68.3942,17.3893,3352
"2026-09-09 18:00:00","2026-09-10 09:00:00","CAPE","surface",-68.3703,17.3893,3291
"2026-09-09 18:00:00","2026-09-10 09:00:00","CAPE","surface",-68.3464,17.3893,3288
"2026-09-09 18:00:00","2026-09-10 09:00:00","CAPE","surface",-68.3225,17.3893,3170
"2026-09-09 18:00:00","2026-09-10 09:00:00","CAPE","surface",-68.2985,17.3893,3288
"2026-09-09 18:00:00","2026-09-10 09:00:00","CAPE","surface",-68.2746,17.3893,3074
"2026-09-09 18:00:00","2026-09-10 09:00:00","CAPE","surface",-68.2507,17.3893,3219
"2026-09-09 18:00:00","2026-09-10 09:00:00","CAPE","surface",-68.2268,17.3893,3163
"2026-09-09 18:00:00","2026-09-10 09:00:00","CAPE","surface",-68.2028,17.3893,3151
"2026-09-09 18:00:00","2026-09-10 09:00:00","CAPE","surface",-68.1789,17.3893,3040
"2026-09-09 18:00:00","2026-09-10 09:00:00","CAPE","surface",-68.155,17.3893,2988
"2026-09-09 18:00:00","2026-09-10 09:00:00","CAPE","surface",-68.1311,17.3893,2818
"2026-09-09 18:00:00","2026-09-10 09:00:00","CAPE","surface",-68.1071,17.3893,2634
"2026-09-09 18:00:00","2026-09-10 09:00:00","CAPE","surface",-68.0832,17.3893,2553
"2026-09-09 18:00:00","2026-09-10 09:00:00","CAPE","surface",-68.0593,17.3893,2523
"2026-09-09 18:00:00","2026-09-10 09:00:00","CAPE","surface",-68.0354,17.3893,2450
"2026-09-09 18:00:00","2026-09-10 09:00:00","CAPE","surface",-68.0114,17.3893,2353
"2026-09-09 18:00:00","2026-09-10 09:00:00","CAPE","surface",-67.9875,17.3893,2245
"2026-09-09 18:00:00","2026-09-10 09:00:00","CAPE","surface",-67.9636,17.3893,2245
"2026-09-09 18:00:00","2026-09-10 09:00:00","CAPE","surface",-67.9397,17.3893,2085
"2026-09-09 18:00:00","2026-09-10 09:00:00","CAPE","surface",-67.9157,17.3893,1863
"2026-09-09 18:00:00","2026-09-10 09:00:00","CAPE","surface",-67.8918,17.3893,1587
"2026-09-09 18:00:00","2026-09-10 09:00:00","CAPE","surface",-67.8679,17.3893,1428
"2026-09-09 18:00:00","2026-09-10 09:00:00","CAPE","surface",-67.844,17.3893,1428
"2026-09-09 18:00:00","2026-09-10 09:00:00","CAPE","surface",-67.82,17.3893,1439
"2026-09-09 18:00:00","2026-09-10 09:00:00","CAPE","surface",-67.7961,17.3893,1436
"2026-09-09 18:00:00","2026-09-10 09:00:00","CAPE","surface",-67.7722,17.3893,1525
"2026-09-09 18:00:00","2026-09-10 09:00:00","CAPE","surface",-67.7483,17.3893,1525
"2026-09-09 18:00:00","2026-09-10 09:00:00","CAPE","surface",-67.7243,17.3893,1631
"2026-09-09 18:00:00","2026-09-10 09:00:00","CAPE","surface",-67.7004,17.3893,1768
"2026-09-09 18:00:00","2026-09-10 09:00:00","CAPE","surface",-67.6765,17.3893,1997
"2026-09-09 18:00:00","2026-09-10 09:00:00","CAPE","surface",-67.6526,17.3893,2006
"2026-09-09 18:00:00","2026-09-10 09:00:00","CAPE","surface",-67.6286,17.3893,2342
"2026-09-09 18:00:00","2026-09-10 09:00:00","CAPE","surface",-67.6047,17.3893,2696
"2026-09-09 18:00:00","2026-09-10 09:00:00","CAPE","surface",-67.5808,17.3893,2780
"2026-09-09 18:00:00","2026-09-10 09:00:00","CAPE","surface",-67.5569,17.3893,2854
"2026-09-09 18:00:00","2026-09-10 09:00:00","CAPE","surface",-67.5329,17.3893,2799
"2026-09-09 18:00:00","2026-09-10 09:00:00","CAPE","surface",-67.509,17.3893,2630
"2026-09-09 18:00:00","2026-09-10 09:00:00","CAPE","surface",-67.4851,17.3893,2636
"2026-09-09 18:00:00","2026-09-10 09:00:00","CAPE","surface",-67.4612,17.3893,2641
"2026-09-09 18:00:00","2026-09-10 09:00:00","CAPE","surface",-67.4372,17.3893,2757
"2026-09-09 18:00:00","2026-09-10 09:00:00","CAPE","surface",-67.4133,17.3893,2766
"2026-09-09 18:00:00","2026-09-10 09:00:00","CAPE","surface",-67.3894,17.3893,2800
"2026-09-09 18:00:00","2026-09-10 09:00:00","CAPE","surface",-67.3655,17.3893,2772
"2026-09-09 18:00:00","2026-09-10 09:00:00","CAPE","surface",-67.3415,17.3893,2772
"2026-09-09 18:00:00","2026-09-10 09:00:00","CAPE","surface",-67.3176,17.3893,2729
"2026-09-09 18:00:00","2026-09-10 09:00:00","CAPE","surface",-67.2937,17.3893,2680
"2026-09-09 18:00:00","2026-09-10 09:00:00","CAPE","surface",-67.2698,17.3893,2664
"2026-09-09 18:00:00","2026-09-10 09:00:00","CAPE","surface",-67.2458,17.3893,2664
"2026-09-09 18:00:00","2026-09-10 09:00:00","CAPE","surface",-67.2219,17.3893,2669
"2026-09-09 18:00:00","2026-09-10 09:00:00","CAPE","surface",-67.198,17.3893,2732
"2026-09-09 18:00:00","2026-09-10 09:00:00","CAPE","surface",-67.1741,17.3893,2717
"2026-09-09 18:00:00","2026-09-10 09:00:00","CAPE","surface",-67.1501,17.3893,2890
"2026-09-09 18:00:00","2026-09-10 09:00:00","CAPE","surface",-67.1262,17.3893,2881
"2026-09-09 18:00:00","2026-09-10 09:00:00","CAPE","surface",-67.1023,17.3893,2987
"2026-09-09 18:00:00","2026-09-10 09:00:00","CAPE","surface",-67.0784,17.3893,2915
"2026-09-09 18:00:00","2026-09-10 09:00:00","CAPE","surface",-67.0544,17.3893,2904
"2026-09-09 18:00:00","2026-09-10 09:00:00","CAPE","surface",-67.0305,17.3893,2814
"2026-09-09 18:00:00","2026-09-10 09:00:00","CAPE","surface",-67.0066,17.3893,2837
"2026-09-09 18:00:00","2026-09-10 09:00:00","CAPE","surface",-74.7822,17.4121,2448
"2026-09-09 18:00:00","2026-09-10 09:00:00","CAPE","surface",-74.7583,17.4121,2448
"2026-09-09 18:00:00","2026-09-10 09:00:00","CAPE","surface",-74.7344,17.4121,2536
"2026-09-09 18:00:00","2026-09-10 09:00:00","CAPE","surface",-74.7105,17.4121,2543
"2026-09-09 18:00:00","2026-09-10 09:00:00","CAPE","surface",-74.6865,17.4121,2509
"2026-09-09 18:00:00","2026-09-10 09:00:00","CAPE","surface",-74.6626,17.4121,2513
"2026-09-09 18:00:00","2026-09-10 09:00:00","CAPE","surface",-74.6387,17.4121,2472
"2026-09-09 18:00:00","2026-09-10 09:00:00","CAPE","surface",-74.6148,17.4121,2472
"2026-09-09 18:00:00","2026-09-10 09:00:00","CAPE","surface",-74.5908,17.4121,2451
"2026-09-09 18:00:00","2026-09-10 09:00:00","CAPE","surface",-74.5669,17.4121,2529
"2026-09-09 18:00:00","2026-09-10 09:00:00","CAPE","surface",-74.543,17.4121,2644
"2026-09-09 18:00:00","2026-09-10 09:00:00","CAPE","surface",-74.5191,17.4121,2769
"2026-09-09 18:00:00","2026-09-10 09:00:00","CAPE","surface",-74.4951,17.4121,2848
"2026-09-09 18:00:00","2026-09-10 09:00:00","CAPE","surface",-74.4712,17.4121,2840
"2026-09-09 18:00:00","2026-09-10 09:00:00","CAPE","surface",-74.4473,17.4121,2753
"2026-09-09 18:00:00","2026-09-10 09:00:00","CAPE","surface",-74.4234,17.4121,2714
"2026-09-09 18:00:00","2026-09-10 09:00:00","CAPE","surface",-74.3994,17.4121,2601
"2026-09-09 18:00:00","2026-09-10 09:00:00","CAPE","surface",-74.3755,17.4121,2698
"2026-09-09 18:00:00","2026-09-10 09:00:00","CAPE","surface",-74.3516,17.4121,2779
"2026-09-09 18:00:00","2026-09-10 09:00:00","CAPE","surface",-74.3277,17.4121,2950
"2026-09-09 18:00:00","2026-09-10 09:00:00","CAPE","surface",-74.3037,17.4121,2763
"2026-09-09 18:00:00","2026-09-10 09:00:00","CAPE","surface",-74.2798,17.4121,2872
"2026-09-09 18:00:00","2026-09-10 09:00:00","CAPE","surface",-74.2559,17.4121,2860
"2026-09-09 18:00:00","2026-09-10 09:00:00","CAPE","surface",-74.232,17.4121,2990
"2026-09-09 18:00:00","2026-09-10 09:00:00","CAPE","surface",-74.208,17.4121,3134
"2026-09-09 18:00:00","2026-09-10 09:00:00","CAPE","surface",-74.1841,17.4121,3127
"2026-09-09 18:00:00","2026-09-10 09:00:00","CAPE","surface",-74.1602,17.4121,3127
"2026-09-09 18:00:00","2026-09-10 09:00:00","CAPE","surface",-74.1363,17.4121,2719
"2026-09-09 18:00:00","2026-09-10 09:00:00","CAPE","surface",-74.1123,17.4121,2512
"2026-09-09 18:00:00","2026-09-10 09:00:00","CAPE","surface",-74.0884,17.4121,2136
"2026-09-09 18:00:00","2026-09-10 09:00:00","CAPE","surface",-74.0645,17.4121,2178
"2026-09-09 18:00:00","2026-09-10 09:00:00","CAPE","surface",-74.0406,17.4121,2170
"2026-09-09 18:00:00","2026-09-10 09:00:00","CAPE","surface",-74.0166,17.4121,2170
"2026-09-09 18:00:00","2026-09-10 09:00:00","CAPE","surface",-73.9927,17.4121,2157
"2026-09-09 18:00:00","2026-09-10 09:00:00","CAPE","surface",-73.9688,17.4121,2143
"2026-09-09 18:00:00","2026-09-10 09:00:00","CAPE","surface",-73.9449,17.4121,2070
"2026-09-09 18:00:00","2026-09-10 09:00:00","CAPE","surface",-73.9209,17.4121,2057
"2026-09-09 18:00:00","2026-09-10 09:00:00","CAPE","surface",-73.897,17.4121,2077
"2026-09-09 18:00:00","2026-09-10 09:00:00","CAPE","surface",-73.8731,17.4121,2077
"2026-09-09 18:00:00","2026-09-10 09:00:00","CAPE","surface",-73.8492,17.4121,2169
"2026-09-09 18:00:00","2026-09-10 09:00:00","CAPE","surface",-73.8252,17.4121,2137
"2026-09-09 18:00:00","2026-09-10 09:00:00","CAPE","surface",-73.8013,17.4121,2156
"2026-09-09 18:00:00","2026-09-10 09:00:00","CAPE","surface",-73.7774,17.4121,2152
"2026-09-09 18:00:00","2026-09-10 09:00:00","CAPE","surface",-73.7535,17.4121,2104
"2026-09-09 18:00:00","2026-09-10 09:00:00","CAPE","surface",-73.7295,17.4121,2104
"2026-09-09 18:00:00","2026-09-10 09:00:00","CAPE","surface",-73.7056,17.4121,2058
"2026-09-09 18:00:00","2026-09-10 09:00:00","CAPE","surface",-73.6817,17.4121,2059
"2026-09-09 18:00:00","2026-09-10 09:00:00","CAPE","surface",-73.6578,17.4121,2092
"2026-09-09 18:00:00","2026-09-10 09:00:00","CAPE","surface",-73.6338,17.4121,2124
"2026-09-09 18:00:00","2026-09-10 09:00:00","CAPE","surface",-73.6099,17.4121,2124
"2026-09-09 18:00:00","2026-09-10 09:00:00","CAPE","surface",-73.586,17.4121,2225
"2026-09-09 18:00:00","2026-09-10 09:00:00","CAPE","surface",-73.5621,17.4121,2253
"2026-09-09 18:00:00","2026-09-10 09:00:00","CAPE","surface",-73.5381,17.4121,2334
"2026-09-09 18:00:00","2026-09-10 09:00:00","CAPE","surface",-73.5142,17.4121,2295
"2026-09-09 18:00:00","2026-09-10 09:00:00","CAPE","surface",-73.4903,17.4121,2298
"2026-09-09 18:00:00","2026-09-10 09:00:00","CAPE","surface",-73.4664,17.4121,2298
"2026-09-09 18:00:00","2026-09-10 09:00:00","CAPE","surface",-73.4424,17.4121,2332
"2026-09-09 18:00:00","2026-09-10 09:00:00","CAPE","surface",-73.4185,17.4121,2265
"2026-09-09 18:00:00","2026-09-10 09:00:00","CAPE","surface",-73.3946,17.4121,2275
"2026-09-09 18:00:00","2026-09-10 09:00:00","CAPE","surface",-73.3707,17.4121,2257
"2026-09-09 18:00:00","2026-09-10 09:00:00","CAPE","surface",-73.3467,17.4121,2284
"2026-09-09 18:00:00","2026-09-10 09:00:00","CAPE","surface",-73.3228,17.4121,2284
"2026-09-09 18:00:00","2026-09-10 09:00:00","CAPE","surface",-73.2989,17.4121,2326
"2026-09-09 18:00:00","2026-09-10 09:00:00","CAPE","surface",-73.275,17.4121,2408
"2026-09-09 18:00:00","2026-09-10 09:00:00","CAPE","surface",-73.251,17.4121,2381
"2026-09-09 18:00:00","2026-09-10 09:00:00","CAPE","surface",-73.2271,17.4121,2594
"2026-09-09 18:00:00","2026-09-10 09:00:00","CAPE","surface",-73.2032,17.4121,2605
"2026-09-09 18:00:00","2026-09-10 09:00:00","CAPE","surface",-73.1793,17.4121,2933
"2026-09-09 18:00:00","2026-09-10 09:00:00","CAPE","surface",-73.1553,17.4121,2975
"2026-09-09 18:00:00","2026-09-10 09:00:00","CAPE","surface",-73.1314,17.4121,3108
"2026-09-09 18:00:00","2026-09-10 09:00:00","CAPE","surface",-73.1075,17.4121,3112
"2026-09-09 18:00:00","2026-09-10 09:00:00","CAPE","surface",-73.0836,17.4121,2849
"2026-09-09 18:00:00","2026-09-10 09:00:00","CAPE","surface",-73.0596,17.4121,2849
"2026-09-09 18:00:00","2026-09-10 09:00:00","CAPE","surface",-73.0357,17.4121,2511
"2026-09-09 18:00:00","2026-09-10 09:00:00","CAPE","surface",-73.0118,17.4121,2511
"2026-09-09 18:00:00","2026-09-10 09:00:00","CAPE","surface",-72.9879,17.4121,2418
"2026-09-09 18:00:00","2026-09-10 09:00:00","CAPE","surface",-72.9639,17.4121,2416
"2026-09-09 18:00:00","2026-09-10 09:00:00","CAPE","surface",-72.94,17.4121,2348
"2026-09-09 18:00:00","2026-09-10 09:00:00","CAPE","surface",-72.9161,17.4121,2348
"2026-09-09 18:00:00","2026-09-10 09:00:00","CAPE","surface",-72.8922,17.4121,2299
"2026-09-09 18:00:00","2026-09-10 09:00:00","CAPE","surface",-72.8682,17.4121,2282
"2026-09-09 18:00:00","2026-09-10 09:00:00","CAPE","surface",-72.8443,17.4121,2296
"2026-09-09 18:00:00","2026-09-10 09:00:00","CAPE","surface",-72.8204,17.4121,2330
"2026-09-09 18:00:00","2026-09-10 09:00:00","CAPE","surface",-72.7965,17.4121,2330
"2026-09-09 18:00:00","2026-09-10 09:00:00","CAPE","surface",-72.7725,17.4121,2370
"2026-09-09 18:00:00","2026-09-10 09:00:00","CAPE","surface",-72.7486,17.4121,2387
"2026-09-09 18:00:00","2026-09-10 09:00:00","CAPE","surface",-72.7247,17.4121,2408
"2026-09-09 18:00:00","2026-09-10 09:00:00","CAPE","surface",-72.7008,17.4121,2426
"2026-09-09 18:00:00","2026-09-10 09:00:00","CAPE","surface",-72.6768,17.4121,2445
"2026-09-09 18:00:00","2026-09-10 09:00:00","CAPE","surface",-72.6529,17.4121,2445
"2026-09-09 18:00:00","2026-09-10 09:00:00","CAPE","surface",-72.629,17.4121,2425
"2026-09-09 18:00:00","2026-09-10 09:00:00","CAPE","surface",-72.6051,17.4121,2443
"2026-09-09 18:00:00","2026-09-10 09:00:00","CAPE","surface",-72.5811,17.4121,2461
"2026-09-09 18:00:00","2026-09-10 09:00:00","CAPE","surface",-72.5572,17.4121,2478
"2026-09-09 18:00:00","2026-09-10 09:00:00","CAPE","surface",-72.5333,17.4121,2517
"2026-09-09 18:00:00","2026-09-10 09:00:00","CAPE","surface",-72.5094,17.4121,2570
"2026-09-09 18:00:00","2026-09-10 09:00:00","CAPE","surface",-72.4854,17.4121,2589
"2026-09-09 18:00:00","2026-09-10 09:00:00","CAPE","surface",-72.4615,17.4121,2625
"2026-09-09 18:00:00","2026-09-10 09:00:00","CAPE","surface",-72.4376,17.4121,2645
"2026-09-09 18:00:00","2026-09-10 09:00:00","CAPE","surface",-72.4137,17.4121,2671
"2026-09-09 18:00:00","2026-09-10 09:00:00","CAPE","surface",-72.3897,17.4121,2671
"2026-09-09 18:00:00","2026-09-10 09:00:00","CAPE","surface",-72.3658,17.4121,2693
"2026-09-09 18:00:00","2026-09-10 09:00:00","CAPE","surface",-72.3419,17.4121,2715
"2026-09-09 18:00:00","2026-09-10 09:00:00","CAPE","surface",-72.318,17.4121,2760
"2026-09-09 18:00:00","2026-09-10 09:00:00","CAPE","surface",-72.294,17.4121,2805
"2026-09-09 18:00:00","2026-09-10 09:00:00","CAPE","surface",-72.2701,17.4121,2806
"2026-09-09 18:00:00","2026-09-10 09:00:00","CAPE","surface",-72.2462,17.4121,2842
"2026-09-09 18:00:00","2026-09-10 09:00:00","CAPE","surface",-72.2223,17.4121,2882
"2026-09-09 18:00:00","2026-09-10 09:00:00","CAPE","surface",-72.1983,17.4121,2893
"2026-09-09 18:00:00","2026-09-10 09:00:00","CAPE","surface",-72.1744,17.4121,2903
"2026-09-09 18:00:00","2026-09-10 09:00:00","CAPE","surface",-72.1505,17.4121,2874
"2026-09-09 18:00:00","2026-09-10 09:00:00","CAPE","surface",-72.1266,17.4121,2881
"2026-09-09 18:00:00","2026-09-10 09:00:00","CAPE","surface",-72.1026,17.4121,2855
"2026-09-09 18:00:00","2026-09-10 09:00:00","CAPE","surface",-72.0787,17.4121,2876
"2026-09-09 18:00:00","2026-09-10 09:00:00","CAPE","surface",-72.0548,17.4121,2875
"2026-09-09 18:00:00","2026-09-10 09:00:00","CAPE","surface",-72.0309,17.4121,2913
"2026-09-09 18:00:00","2026-09-10 09:00:00","CAPE","surface",-72.0069,17.4121,2895
"2026-09-09 18:00:00","2026-09-10 09:00:00","CAPE","surface",-71.983,17.4121,2932
"2026-09-09 18:00:00","2026-09-10 09:00:00","CAPE","surface",-71.9591,17.4121,2898
"2026-09-09 18:00:00","2026-09-10 09:00:00","CAPE","surface",-71.9352,17.4121,2904
"2026-09-09 18:00:00","2026-09-10 09:00:00","CAPE","surface",-71.9112,17.4121,2778
"2026-09-09 18:00:00","2026-09-10 09:00:00","CAPE","surface",-71.8873,17.4121,2731
"2026-09-09 18:00:00","2026-09-10 09:00:00","CAPE","surface",-71.8634,17.4121,2769
"2026-09-09 18:00:00","2026-09-10 09:00:00","CAPE","surface",-71.8395,17.4121,2781
"2026-09-09 18:00:00","2026-09-10 09:00:00","CAPE","surface",-71.8155,17.4121,2785
"2026-09-09 18:00:00","2026-09-10 09:00:00","CAPE","surface",-71.7916,17.4121,2775
"2026-09-09 18:00:00","2026-09-10 09:00:00","CAPE","surface",-71.7677,17.4121,2775
"2026-09-09 18:00:00","2026-09-10 09:00:00","CAPE","surface",-71.7438,17.4121,2736
"2026-09-09 18:00:00","2026-09-10 09:00:00","CAPE","surface",-71.7198,17.4121,2821
"2026-09-09 18:00:00","2026-09-10 09:00:00","CAPE","surface",-71.6959,17.4121,2890
"2026-09-09 18:00:00","2026-09-10 09:00:00","CAPE","surface",-71.672,17.4121,3078
"2026-09-09 18:00:00","2026-09-10 09:00:00","CAPE","surface",-71.6481,17.4121,2993
"2026-09-09 18:00:00","2026-09-10 09:00:00","CAPE","surface",-71.6241,17.4121,3083
"2026-09-09 18:00:00","2026-09-10 09:00:00","CAPE","surface",-71.6002,17.4121,3155
"2026-09-09 18:00:00","2026-09-10 09:00:00","CAPE","surface",-71.5763,17.4121,3155
"2026-09-09 18:00:00","2026-09-10 09:00:00","CAPE","surface",-71.5524,17.4121,3097
"2026-09-09 18:00:00","2026-09-10 09:00:00","CAPE","surface",-71.5284,17.4121,2989
"2026-09-09 18:00:00","2026-09-10 09:00:00","CAPE","surface",-71.5045,17.4121,2989
"2026-09-09 18:00:00","2026-09-10 09:00:00","CAPE","surface",-71.4806,17.4121,2870
"2026-09-09 18:00:00","2026-09-10 09:00:00","CAPE","surface",-71.4567,17.4121,2869
"2026-09-09 18:00:00","2026-09-10 09:00:00","CAPE","surface",-71.4327,17.4121,2812
"2026-09-09 18:00:00","2026-09-10 09:00:00","CAPE","surface",-71.4088,17.4121,2833
"2026-09-09 18:00:00","2026-09-10 09:00:00","CAPE","surface",-71.3849,17.4121,2794
"2026-09-09 18:00:00","2026-09-10 09:00:00","CAPE","surface",-71.361,17.4121,2793
"2026-09-09 18:00:00","2026-09-10 09:00:00","CAPE","surface",-71.337,17.4121,2830
"2026-09-09 18:00:00","2026-09-10 09:00:00","CAPE","surface",-71.3131,17.4121,2873
"2026-09-09 18:00:00","2026-09-10 09:00:00","CAPE","surface",-71.2892,17.4121,2960
"2026-09-09 18:00:00","2026-09-10 09:00:00","CAPE","surface",-71.2653,17.4121,2924
"2026-09-09 18:00:00","2026-09-10 09:00:00","CAPE","surface",-71.2413,17.4121,3051
"2026-09-09 18:00:00","2026-09-10 09:00:00","CAPE","surface",-71.2174,17.4121,3151
"2026-09-09 18:00:00","2026-09-10 09:00:00","CAPE","surface",-71.1935,17.4121,3233
"2026-09-09 18:00:00","2026-09-10 09:00:00","CAPE","surface",-71.1696,17.4121,3220
"2026-09-09 18:00:00","2026-09-10 09:00:00","CAPE","surface",-71.1456,17.4121,3220
"2026-09-09 18:00:00","2026-09-10 09:00:00","CAPE","surface",-71.1217,17.4121,3147
"2026-09-09 18:00:00","2026-09-10 09:00:00","CAPE","surface",-71.0978,17.4121,3075
"2026-09-09 18:00:00","2026-09-10 09:00:00","CAPE","surface",-71.0739,17.4121,3063
"2026-09-09 18:00:00","2026-09-10 09:00:00","CAPE","surface",-71.0499,17.4121,2955
"2026-09-09 18:00:00","2026-09-10 09:00:00","CAPE","surface",-71.026,17.4121,2955
"2026-09-09 18:00:00","2026-09-10 09:00:00","CAPE","surface",-71.0021,17.4121,2711
"2026-09-09 18:00:00","2026-09-10 09:00:00","CAPE","surface",-70.9782,17.4121,2605
"2026-09-09 18:00:00","2026-09-10 09:00:00","CAPE","surface",-70.9542,17.4121,2415
"2026-09-09 18:00:00","2026-09-10 09:00:00","CAPE","surface",-70.9303,17.4121,2291
"2026-09-09 18:00:00","2026-09-10 09:00:00","CAPE","surface",-70.9064,17.4121,2278
"2026-09-09 18:00:00","2026-09-10 09:00:00","CAPE","surface",-70.8825,17.4121,2214
"2026-09-09 18:00:00","2026-09-10 09:00:00","CAPE","surface",-70.8585,17.4121,2251
"2026-09-09 18:00:00","2026-09-10 09:00:00","CAPE","surface",-70.8346,17.4121,2331
"2026-09-09 18:00:00","2026-09-10 09:00:00","CAPE","surface",-70.8107,17.4121,2307
"2026-09-09 18:00:00","2026-09-10 09:00:00","CAPE","surface",-70.7868,17.4121,2385
"2026-09-09 18:00:00","2026-09-10 09:00:00","CAPE","surface",-70.7628,17.4121,2374
"2026-09-09 18:00:00","2026-09-10 09:00:00","CAPE","surface",-70.7389,17.4121,2441
"2026-09-09 18:00:00","2026-09-10 09:00:00","CAPE","surface",-70.715,17.4121,2448
"2026-09-09 18:00:00","2026-09-10 09:00:00","CAPE","surface",-70.6911,17.4121,2479
"2026-09-09 18:00:00","2026-09-10 09:00:00","CAPE","surface",-70.6671,17.4121,2479
"2026-09-09 18:00:00","2026-09-10 09:00:00","CAPE","surface",-70.6432,17.4121,2509
"2026-09-09 18:00:00","2026-09-10 09:00:00","CAPE","surface",-70.6193,17.4121,2521
"2026-09-09 18:00:00","2026-09-10 09:00:00","CAPE","surface",-70.5954,17.4121,2440
"2026-09-09 18:00:00","2026-09-10 09:00:00","CAPE","surface",-70.5714,17.4121,2328
"2026-09-09 18:00:00","2026-09-10 09:00:00","CAPE","surface",-70.5475,17.4121,2328
"2026-09-09 18:00:00","2026-09-10 09:00:00","CAPE","surface",-70.5236,17.4121,2154
"2026-09-09 18:00:00","2026-09-10 09:00:00","CAPE","surface",-70.4997,17.4121,2058
"2026-09-09 18:00:00","2026-09-10 09:00:00","CAPE","surface",-70.4757,17.4121,1924
"2026-09-09 18:00:00","2026-09-10 09:00:00","CAPE","surface",-70.4518,17.4121,1885
"2026-09-09 18:00:00","2026-09-10 09:00:00","CAPE","surface",-70.4279,17.4121,1892
"2026-09-09 18:00:00","2026-09-10 09:00:00","CAPE","surface",-70.404,17.4121,1978
"2026-09-09 18:00:00","2026-09-10 09:00:00","CAPE","surface",-70.38,17.4121,1964
"2026-09-09 18:00:00","2026-09-10 09:00:00","CAPE","surface",-70.3561,17.4121,1974
"2026-09-09 18:00:00","2026-09-10 09:00:00","CAPE","surface",-70.3322,17.4121,1974
"2026-09-09 18:00:00","2026-09-10 09:00:00","CAPE","surface",-70.3083,17.4121,1927
"2026-09-09 18:00:00","2026-09-10 09:00:00","CAPE","surface",-70.2843,17.4121,1908
"2026-09-09 18:00:00","2026-09-10 09:00:00","CAPE","surface",-70.2604,17.4121,1913
"2026-09-09 18:00:00","2026-09-10 09:00:00","CAPE","surface",-70.2365,17.4121,1933
"2026-09-09 18:00:00","2026-09-10 09:00:00","CAPE","surface",-70.2126,17.4121,1886
"2026-09-09 18:00:00","2026-09-10 09:00:00","CAPE","surface",-70.1886,17.4121,1911
"2026-09-09 18:00:00","2026-09-10 09:00:00","CAPE","surface",-70.1647,17.4121,1924
"2026-09-09 18:00:00","2026-09-10 09:00:00","CAPE","surface",-70.1408,17.4121,2004
"2026-09-09 18:00:00","2026-09-10 09:00:00","CAPE","surface",-70.1169,17.4121,2105
"2026-09-09 18:00:00","2026-09-10 09:00:00","CAPE","surface",-70.0929,17.4121,2099
"2026-09-09 18:00:00","2026-09-10 09:00:00","CAPE","surface",-70.069,17.4121,2127
"2026-09-09 18:00:00","2026-09-10 09:00:00","CAPE","surface",-70.0451,17.4121,2140
"2026-09-09 18:00:00","2026-09-10 09:00:00","CAPE","surface",-70.0212,17.4121,2135
"2026-09-09 18:00:00","2026-09-10 09:00:00","CAPE","surface",-69.9972,17.4121,2132
"2026-09-09 18:00:00","2026-09-10 09:00:00","CAPE","surface",-69.9733,17.4121,2132
"2026-09-09 18:00:00","2026-09-10 09:00:00","CAPE","surface",-69.9494,17.4121,2140
"2026-09-09 18:00:00","2026-09-10 09:00:00","CAPE","surface",-69.9255,17.4121,2263
"2026-09-09 18:00:00","2026-09-10 09:00:00","CAPE","surface",-69.9015,17.4121,2423
"2026-09-09 18:00:00","2026-09-10 09:00:00","CAPE","surface",-69.8776,17.4121,2595
"2026-09-09 18:00:00","2026-09-10 09:00:00","CAPE","surface",-69.8537,17.4121,2595
"2026-09-09 18:00:00","2026-09-10 09:00:00","CAPE","surface",-69.8298,17.4121,2572
"2026-09-09 18:00:00","2026-09-10 09:00:00","CAPE","surface",-69.8058,17.4121,2533
"2026-09-09 18:00:00","2026-09-10 09:00:00","CAPE","surface",-69.7819,17.4121,2489
"2026-09-09 18:00:00","2026-09-10 09:00:00","CAPE","surface",-69.758,17.4121,2512
"2026-09-09 18:00:00","2026-09-10 09:00:00","CAPE","surface",-69.7341,17.4121,2508
"2026-09-09 18:00:00","2026-09-10 09:00:00","CAPE","surface",-69.7101,17.4121,2481
"2026-09-09 18:00:00","2026-09-10 09:00:00","CAPE","surface",-69.6862,17.4121,2500
"2026-09-09 18:00:00","2026-09-10 09:00:00","CAPE","surface",-69.6623,17.4121,2576
"2026-09-09 18:00:00","2026-09-10 09:00:00","CAPE","surface",-69.6384,17.4121,2576
"2026-09-09 18:00:00","2026-09-10 09:00:00","CAPE","surface",-69.6144,17.4121,2692
"2026-09-09 18:00:00","2026-09-10 09:00:00","CAPE","surface",-69.5905,17.4121,2788
"2026-09-09 18:00:00","2026-09-10 09:00:00","CAPE","surface",-69.5666,17.4121,2860
"2026-09-09 18:00:00","2026-09-10 09:00:00","CAPE","surface",-69.5427,17.4121,2946
"2026-09-09 18:00:00","2026-09-10 09:00:00","CAPE","surface",-69.5187,17.4121,2946
"2026-09-09 18:00:00","2026-09-10 09:00:00","CAPE","surface",-69.4948,17.4121,2956
"2026-09-09 18:00:00","2026-09-10 09:00:00","CAPE","surface",-69.4709,17.4121,2941
"2026-09-09 18:00:00","2026-09-10 09:00:00","CAPE","surface",-69.447,17.4121,2702
"2026-09-09 18:00:00","2026-09-10 09:00:00","CAPE","surface",-69.423,17.4121,2702
"2026-09-09 18:00:00","2026-09-10 09:00:00","CAPE","surface",-69.3991,17.4121,2489
"2026-09-09 18:00:00","2026-09-10 09:00:00","CAPE","surface",-69.3752,17.4121,2359
"2026-09-09 18:00:00","2026-09-10 09:00:00","CAPE","surface",-69.3513,17.4121,2325
"2026-09-09 18:00:00","2026-09-10 09:00:00","CAPE","surface",-69.3273,17.4121,2317
"2026-09-09 18:00:00","2026-09-10 09:00:00","CAPE","surface",-69.3034,17.4121,2317
"2026-09-09 18:00:00","2026-09-10 09:00:00","CAPE","surface",-69.2795,17.4121,2347
"2026-09-09 18:00:00","2026-09-10 09:00:00","CAPE","surface",-69.2556,17.4121,2310
"2026-09-09 18:00:00","2026-09-10 09:00:00","CAPE","surface",-69.2316,17.4121,2187
"2026-09-09 18:00:00","2026-09-10 09:00:00","CAPE","surface",-69.2077,17.4121,2187
"2026-09-09 18:00:00","2026-09-10 09:00:00","CAPE","surface",-69.1838,17.4121,2162
"2026-09-09 18:00:00","2026-09-10 09:00:00","CAPE","surface",-69.1599,17.4121,2260
"2026-09-09 18:00:00","2026-09-10 09:00:00","CAPE","surface",-69.1359,17.4121,2317
"2026-09-09 18:00:00","2026-09-10 09:00:00","CAPE","surface",-69.112,17.4121,2375
"2026-09-09 18:00:00","2026-09-10 09:00:00","CAPE","surface",-69.0881,17.4121,2375
"2026-09-09 18:00:00","2026-09-10 09:00:00","CAPE","surface",-69.0642,17.4121,2395
"2026-09-09 18:00:00","2026-09-10 09:00:00","CAPE","surface",-69.0402,17.4121,2466
"2026-09-09 18:00:00","2026-09-10 09:00:00","CAPE","surface",-69.0163,17.4121,2397
"2026-09-09 18:00:00","2026-09-10 09:00:00","CAPE","surface",-68.9924,17.4121,2434
"2026-09-09 18:00:00","2026-09-10 09:00:00","CAPE","surface",-68.9685,17.4121,2420
"2026-09-09 18:00:00","2026-09-10 09:00:00","CAPE","surface",-68.9445,17.4121,2527
"2026-09-09 18:00:00","2026-09-10 09:00:00","CAPE","surface",-68.9206,17.4121,2536
"2026-09-09 18:00:00","2026-09-10 09:00:00","CAPE","surface",-68.8967,17.4121,2649
"2026-09-09 18:00:00","2026-09-10 09:00:00","CAPE","surface",-68.8728,17.4121,2649
"2026-09-09 18:00:00","2026-09-10 09:00:00","CAPE","surface",-68.8488,17.4121,2666
"2026-09-09 18:00:00","2026-09-10 09:00:00","CAPE","surface",-68.8249,17.4121,2480
"2026-09-09 18:00:00","2026-09-10 09:00:00","CAPE","surface",-68.801,17.4121,2411
"2026-09-09 18:00:00","2026-09-10 09:00:00","CAPE","surface",-68.7771,17.4121,2489
"2026-09-09 18:00:00","2026-09-10 09:00:00","CAPE","surface",-68.7531,17.4121,2489
"2026-09-09 18:00:00","2026-09-10 09:00:00","CAPE","surface",-68.7292,17.4121,2631
"2026-09-09 18:00:00","2026-09-10 09:00:00","CAPE","surface",-68.7053,17.4121,2658
"2026-09-09 18:00:00","2026-09-10 09:00:00","CAPE","surface",-68.6813,17.4121,2758
"2026-09-09 18:00:00","2026-09-10 09:00:00","CAPE","surface",-68.6574,17.4121,2758
"2026-09-09 18:00:00","2026-09-10 09:00:00","CAPE","surface",-68.6335,17.4121,2819
"2026-09-09 18:00:00","2026-09-10 09:00:00","CAPE","surface",-68.6096,17.4121,2830
"2026-09-09 18:00:00","2026-09-10 09:00:00","CAPE","surface",-68.5856,17.4121,2810
"2026-09-09 18:00:00","2026-09-10 09:00:00","CAPE","surface",-68.5617,17.4121,2940
"2026-09-09 18:00:00","2026-09-10 09:00:00","CAPE","surface",-68.5378,17.4121,2940
"2026-09-09 18:00:00","2026-09-10 09:00:00","CAPE","surface",-68.5139,17.4121,3158
"2026-09-09 18:00:00","2026-09-10 09:00:00","CAPE","surface",-68.4899,17.4121,3169
"2026-09-09 18:00:00","2026-09-10 09:00:00","CAPE","surface",-68.466,17.4121,3406
"2026-09-09 18:00:00","2026-09-10 09:00:00","CAPE","surface",-68.4421,17.4121,3512
"2026-09-09 18:00:00","2026-09-10 09:00:00","CAPE","surface",-68.4182,17.4121,3478
"2026-09-09 18:00:00","2026-09-10 09:00:00","CAPE","surface",-68.3942,17.4121,3344
"2026-09-09 18:00:00","2026-09-10 09:00:00","CAPE","surface",-68.3703,17.4121,3291
"2026-09-09 18:00:00","2026-09-10 09:00:00","CAPE","surface",-68.3464,17.4121,3063
"2026-09-09 18:00:00","2026-09-10 09:00:00","CAPE","surface",-68.3225,17.4121,3092
"2026-09-09 18:00:00","2026-09-10 09:00:00","CAPE","surface",-68.2985,17.4121,2916
"2026-09-09 18:00:00","2026-09-10 09:00:00","CAPE","surface",-68.2746,17.4121,3074
"2026-09-09 18:00:00","2026-09-10 09:00:00","CAPE","surface",-68.2507,17.4121,3095
"2026-09-09 18:00:00","2026-09-10 09:00:00","CAPE","surface",-68.2268,17.4121,3112
"2026-09-09 18:00:00","2026-09-10 09:00:00","CAPE","surface",-68.2028,17.4121,3161
"2026-09-09 18:00:00","2026-09-10 09:00:00","CAPE","surface",-68.1789,17.4121,3103
"2026-09-09 18:00:00","2026-09-10 09:00:00","CAPE","surface",-68.155,17.4121,2988
"2026-09-09 18:00:00","2026-09-10 09:00:00","CAPE","surface",-68.1311,17.4121,2889
"2026-09-09 18:00:00","2026-09-10 09:00:00","CAPE","surface",-68.1071,17.4121,2735
"2026-09-09 18:00:00","2026-09-10 09:00:00","CAPE","surface",-68.0832,17.4121,2614
"2026-09-09 18:00:00","2026-09-10 09:00:00","CAPE","surface",-68.0593,17.4121,2477
"2026-09-09 18:00:00","2026-09-10 09:00:00","CAPE","surface",-68.0354,17.4121,2415
"2026-09-09 18:00:00","2026-09-10 09:00:00","CAPE","surface",-68.0114,17.4121,2338
"2026-09-09 18:00:00","2026-09-10 09:00:00","CAPE","surface",-67.9875,17.4121,2302
"2026-09-09 18:00:00","2026-09-10 09:00:00","CAPE","surface",-67.9636,17.4121,2169
"2026-09-09 18:00:00","2026-09-10 09:00:00","CAPE","surface",-67.9397,17.4121,2085
"2026-09-09 18:00:00","2026-09-10 09:00:00","CAPE","surface",-67.9157,17.4121,2043
"2026-09-09 18:00:00","2026-09-10 09:00:00","CAPE","surface",-67.8918,17.4121,1894
"2026-09-09 18:00:00","2026-09-10 09:00:00","CAPE","surface",-67.8679,17.4121,1651
"2026-09-09 18:00:00","2026-09-10 09:00:00","CAPE","surface",-67.844,17.4121,1560
"2026-09-09 18:00:00","2026-09-10 09:00:00","CAPE","surface",-67.82,17.4121,1560
"2026-09-09 18:00:00","2026-09-10 09:00:00","CAPE","surface",-67.7961,17.4121,1539
"2026-09-09 18:00:00","2026-09-10 09:00:00","CAPE","surface",-67.7722,17.4121,1528
"2026-09-09 18:00:00","2026-09-10 09:00:00","CAPE","surface",-67.7483,17.4121,1521
"2026-09-09 18:00:00","2026-09-10 09:00:00","CAPE","surface",-67.7243,17.4121,1622
"2026-09-09 18:00:00","2026-09-10 09:00:00","CAPE","surface",-67.7004,17.4121,1622
"2026-09-09 18:00:00","2026-09-10 09:00:00","CAPE","surface",-67.6765,17.4121,1828
"2026-09-09 18:00:00","2026-09-10 09:00:00","CAPE","surface",-67.6526,17.4121,2006
"2026-09-09 18:00:00","2026-09-10 09:00:00","CAPE","surface",-67.6286,17.4121,2386
"2026-09-09 18:00:00","2026-09-10 09:00:00","CAPE","surface",-67.6047,17.4121,2598
"2026-09-09 18:00:00","2026-09-10 09:00:00","CAPE","surface",-67.5808,17.4121,2758
"2026-09-09 18:00:00","2026-09-10 09:00:00","CAPE","surface",-67.5569,17.4121,2903
"2026-09-09 18:00:00","2026-09-10 09:00:00","CAPE","surface",-67.5329,17.4121,2799
"2026-09-09 18:00:00","2026-09-10 09:00:00","CAPE","surface",-67.509,17.4121,2882
"2026-09-09 18:00:00","2026-09-10 09:00:00","CAPE","surface",-67.4851,17.4121,2712
"2026-09-09 18:00:00","2026-09-10 09:00:00","CAPE","surface",-67.4612,17.4121,2786
"2026-09-09 18:00:00","2026-09-10 09:00:00","CAPE","surface",-67.4372,17.4121,2855
"2026-09-09 18:00:00","2026-09-10 09:00:00","CAPE","surface",-67.4133,17.4121,2855
"2026-09-09 18:00:00","2026-09-10 09:00:00","CAPE","surface",-67.3894,17.4121,2895
"2026-09-09 18:00:00","2026-09-10 09:00:00","CAPE","surface",-67.3655,17.4121,2850
"2026-09-09 18:00:00","2026-09-10 09:00:00","CAPE","surface",-67.3415,17.4121,2764
"2026-09-09 18:00:00","2026-09-10 09:00:00","CAPE","surface",-67.3176,17.4121,2729
"2026-09-09 18:00:00","2026-09-10 09:00:00","CAPE","surface",-67.2937,17.4121,2717
"2026-09-09 18:00:00","2026-09-10 09:00:00","CAPE","surface",-67.2698,17.4121,2712
"2026-09-09 18:00:00","2026-09-10 09:00:00","CAPE","surface",-67.2458,17.4121,2703
"2026-09-09 18:00:00","2026-09-10 09:00:00","CAPE","surface",-67.2219,17.4121,2790
"2026-09-09 18:00:00","2026-09-10 09:00:00","CAPE","surface",-67.198,17.4121,2790
"2026-09-09 18:00:00","2026-09-10 09:00:00","CAPE","surface",-67.1741,17.4121,2984
"2026-09-09 18:00:00","2026-09-10 09:00:00","CAPE","surface",-67.1501,17.4121,2890
"2026-09-09 18:00:00","2026-09-10 09:00:00","CAPE","surface",-67.1262,17.4121,3079
"2026-09-09 18:00:00","2026-09-10 09:00:00","CAPE","surface",-67.1023,17.4121,3223
"2026-09-09 18:00:00","2026-09-10 09:00:00","CAPE","surface",-67.0784,17.4121,2981
"2026-09-09 18:00:00","2026-09-10 09:00:00","CAPE","surface",-67.0544,17.4121,2818
"2026-09-09 18:00:00","2026-09-10 09:00:00","CAPE","surface",-67.0305,17.4121,2814
"2026-09-09 18:00:00","2026-09-10 09:00:00","CAPE","surface",-67.0066,17.4121,2726
"2026-09-09 18:00:00","2026-09-10 09:00:00","CAPE","surface",-74.7822,17.4349,2439
"2026-09-09 18:00:00","2026-09-10 09:00:00","CAPE","surface",-74.7583,17.4349,2543
"2026-09-09 18:00:00","2026-09-10 09:00:00","CAPE","surface",-74.7344,17.4349,2536
"2026-09-09 18:00:00","2026-09-10 09:00:00","CAPE","surface",-74.7105,17.4349,2500
"2026-09-09 18:00:00","2026-09-10 09:00:00","CAPE","surface",-74.6865,17.4349,2500
"2026-09-09 18:00:00","2026-09-10 09:00:00","CAPE","surface",-74.6626,17.4349,2465
"2026-09-09 18:00:00","2026-09-10 09:00:00","CAPE","surface",-74.6387,17.4349,2467
"2026-09-09 18:00:00","2026-09-10 09:00:00","CAPE","surface",-74.6148,17.4349,2449
"2026-09-09 18:00:00","2026-09-10 09:00:00","CAPE","surface",-74.5908,17.4349,2451
"2026-09-09 18:00:00","2026-09-10 09:00:00","CAPE","surface",-74.5669,17.4349,2520
"2026-09-09 18:00:00","2026-09-10 09:00:00","CAPE","surface",-74.543,17.4349,2576
"2026-09-09 18:00:00","2026-09-10 09:00:00","CAPE","surface",-74.5191,17.4349,2681
"2026-09-09 18:00:00","2026-09-10 09:00:00","CAPE","surface",-74.4951,17.4349,2802
"2026-09-09 18:00:00","2026-09-10 09:00:00","CAPE","surface",-74.4712,17.4349,2819
"2026-09-09 18:00:00","2026-09-10 09:00:00","CAPE","surface",-74.4473,17.4349,2574
"2026-09-09 18:00:00","2026-09-10 09:00:00","CAPE","surface",-74.4234,17.4349,2571
"2026-09-09 18:00:00","2026-09-10 09:00:00","CAPE","surface",-74.3994,17.4349,2512
"2026-09-09 18:00:00","2026-09-10 09:00:00","CAPE","surface",-74.3755,17.4349,2537
"2026-09-09 18:00:00","2026-09-10 09:00:00","CAPE","surface",-74.3516,17.4349,2602
"2026-09-09 18:00:00","2026-09-10 09:00:00","CAPE","surface",-74.3277,17.4349,2666
"2026-09-09 18:00:00","2026-09-10 09:00:00","CAPE","surface",-74.3037,17.4349,2667
"2026-09-09 18:00:00","2026-09-10 09:00:00","CAPE","surface",-74.2798,17.4349,2746
"2026-09-09 18:00:00","2026-09-10 09:00:00","CAPE","surface",-74.2559,17.4349,2726
"2026-09-09 18:00:00","2026-09-10 09:00:00","CAPE","surface",-74.232,17.4349,2839
"2026-09-09 18:00:00","2026-09-10 09:00:00","CAPE","surface",-74.208,17.4349,2979
"2026-09-09 18:00:00","2026-09-10 09:00:00","CAPE","surface",-74.1841,17.4349,3080
"2026-09-09 18:00:00","2026-09-10 09:00:00","CAPE","surface",-74.1602,17.4349,2871
"2026-09-09 18:00:00","2026-09-10 09:00:00","CAPE","surface",-74.1363,17.4349,2719
"2026-09-09 18:00:00","2026-09-10 09:00:00","CAPE","surface",-74.1123,17.4349,2257
"2026-09-09 18:00:00","2026-09-10 09:00:00","CAPE","surface",-74.0884,17.4349,2142
"2026-09-09 18:00:00","2026-09-10 09:00:00","CAPE","surface",-74.0645,17.4349,2113
"2026-09-09 18:00:00","2026-09-10 09:00:00","CAPE","surface",-74.0406,17.4349,2151
"2026-09-09 18:00:00","2026-09-10 09:00:00","CAPE","surface",-74.0166,17.4349,2158
"2026-09-09 18:00:00","2026-09-10 09:00:00","CAPE","surface",-73.9927,17.4349,2157
"2026-09-09 18:00:00","2026-09-10 09:00:00","CAPE","surface",-73.9688,17.4349,2143
"2026-09-09 18:00:00","2026-09-10 09:00:00","CAPE","surface",-73.9449,17.4349,2169
"2026-09-09 18:00:00","2026-09-10 09:00:00","CAPE","surface",-73.9209,17.4349,2128
"2026-09-09 18:00:00","2026-09-10 09:00:00","CAPE","surface",-73.897,17.4349,2245
"2026-09-09 18:00:00","2026-09-10 09:00:00","CAPE","surface",-73.8731,17.4349,2203
"2026-09-09 18:00:00","2026-09-10 09:00:00","CAPE","surface",-73.8492,17.4349,2299
"2026-09-09 18:00:00","2026-09-10 09:00:00","CAPE","surface",-73.8252,17.4349,2299
"2026-09-09 18:00:00","2026-09-10 09:00:00","CAPE","surface",-73.8013,17.4349,2272
"2026-09-09 18:00:00","2026-09-10 09:00:00","CAPE","surface",-73.7774,17.4349,2163
"2026-09-09 18:00:00","2026-09-10 09:00:00","CAPE","surface",-73.7535,17.4349,2073
"2026-09-09 18:00:00","2026-09-10 09:00:00","CAPE","surface",-73.7295,17.4349,2050
"2026-09-09 18:00:00","2026-09-10 09:00:00","CAPE","surface",-73.7056,17.4349,2046
"2026-09-09 18:00:00","2026-09-10 09:00:00","CAPE","surface",-73.6817,17.4349,2046
"2026-09-09 18:00:00","2026-09-10 09:00:00","CAPE","surface",-73.6578,17.4349,2053
"2026-09-09 18:00:00","2026-09-10 09:00:00","CAPE","surface",-73.6338,17.4349,2081
"2026-09-09 18:00:00","2026-09-10 09:00:00","CAPE","surface",-73.6099,17.4349,2191
"2026-09-09 18:00:00","2026-09-10 09:00:00","CAPE","surface",-73.586,17.4349,2225
"2026-09-09 18:00:00","2026-09-10 09:00:00","CAPE","surface",-73.5621,17.4349,2354
"2026-09-09 18:00:00","2026-09-10 09:00:00","CAPE","surface",-73.5381,17.4349,2354
"2026-09-09 18:00:00","2026-09-10 09:00:00","CAPE","surface",-73.5142,17.4349,2480
"2026-09-09 18:00:00","2026-09-10 09:00:00","CAPE","surface",-73.4903,17.4349,2637
"2026-09-09 18:00:00","2026-09-10 09:00:00","CAPE","surface",-73.4664,17.4349,2460
"2026-09-09 18:00:00","2026-09-10 09:00:00","CAPE","surface",-73.4424,17.4349,2507
"2026-09-09 18:00:00","2026-09-10 09:00:00","CAPE","surface",-73.4185,17.4349,2344
"2026-09-09 18:00:00","2026-09-10 09:00:00","CAPE","surface",-73.3946,17.4349,2513
"2026-09-09 18:00:00","2026-09-10 09:00:00","CAPE","surface",-73.3707,17.4349,2363
"2026-09-09 18:00:00","2026-09-10 09:00:00","CAPE","surface",-73.3467,17.4349,2479
"2026-09-09 18:00:00","2026-09-10 09:00:00","CAPE","surface",-73.3228,17.4349,2392
"2026-09-09 18:00:00","2026-09-10 09:00:00","CAPE","surface",-73.2989,17.4349,2476
"2026-09-09 18:00:00","2026-09-10 09:00:00","CAPE","surface",-73.275,17.4349,2476
"2026-09-09 18:00:00","2026-09-10 09:00:00","CAPE","surface",-73.251,17.4349,2660
"2026-09-09 18:00:00","2026-09-10 09:00:00","CAPE","surface",-73.2271,17.4349,2613
"2026-09-09 18:00:00","2026-09-10 09:00:00","CAPE","surface",-73.2032,17.4349,2917
"2026-09-09 18:00:00","2026-09-10 09:00:00","CAPE","surface",-73.1793,17.4349,2933
"2026-09-09 18:00:00","2026-09-10 09:00:00","CAPE","surface",-73.1553,17.4349,3102
"2026-09-09 18:00:00","2026-09-10 09:00:00","CAPE","surface",-73.1314,17.4349,3102
"2026-09-09 18:00:00","2026-09-10 09:00:00","CAPE","surface",-73.1075,17.4349,2889
"2026-09-09 18:00:00","2026-09-10 09:00:00","CAPE","surface",-73.0836,17.4349,2551
"2026-09-09 18:00:00","2026-09-10 09:00:00","CAPE","surface",-73.0596,17.4349,2535
"2026-09-09 18:00:00","2026-09-10 09:00:00","CAPE","surface",-73.0357,17.4349,2430
"2026-09-09 18:00:00","2026-09-10 09:00:00","CAPE","surface",-73.0118,17.4349,2430
"2026-09-09 18:00:00","2026-09-10 09:00:00","CAPE","surface",-72.9879,17.4349,2424
"2026-09-09 18:00:00","2026-09-10 09:00:00","CAPE","surface",-72.9639,17.4349,2398
"2026-09-09 18:00:00","2026-09-10 09:00:00","CAPE","surface",-72.94,17.4349,2320
"2026-09-09 18:00:00","2026-09-10 09:00:00","CAPE","surface",-72.9161,17.4349,2296
"2026-09-09 18:00:00","2026-09-10 09:00:00","CAPE","surface",-72.8922,17.4349,2271
"2026-09-09 18:00:00","2026-09-10 09:00:00","CAPE","surface",-72.8682,17.4349,2271
"2026-09-09 18:00:00","2026-09-10 09:00:00","CAPE","surface",-72.8443,17.4349,2296
"2026-09-09 18:00:00","2026-09-10 09:00:00","CAPE","surface",-72.8204,17.4349,2309
"2026-09-09 18:00:00","2026-09-10 09:00:00","CAPE","surface",-72.7965,17.4349,2357
"2026-09-09 18:00:00","2026-09-10 09:00:00","CAPE","surface",-72.7725,17.4349,2370
"2026-09-09 18:00:00","2026-09-10 09:00:00","CAPE","surface",-72.7486,17.4349,2408
"2026-09-09 18:00:00","2026-09-10 09:00:00","CAPE","surface",-72.7247,17.4349,2408
"2026-09-09 18:00:00","2026-09-10 09:00:00","CAPE","surface",-72.7008,17.4349,2435
"2026-09-09 18:00:00","2026-09-10 09:00:00","CAPE","surface",-72.6768,17.4349,2422
"2026-09-09 18:00:00","2026-09-10 09:00:00","CAPE","surface",-72.6529,17.4349,2415
"2026-09-09 18:00:00","2026-09-10 09:00:00","CAPE","surface",-72.629,17.4349,2409
"2026-09-09 18:00:00","2026-09-10 09:00:00","CAPE","surface",-72.6051,17.4349,2409
"2026-09-09 18:00:00","2026-09-10 09:00:00","CAPE","surface",-72.5811,17.4349,2461
"2026-09-09 18:00:00","2026-09-10 09:00:00","CAPE","surface",-72.5572,17.4349,2488
"2026-09-09 18:00:00","2026-09-10 09:00:00","CAPE","surface",-72.5333,17.4349,2549
"2026-09-09 18:00:00","2026-09-10 09:00:00","CAPE","surface",-72.5094,17.4349,2570
"2026-09-09 18:00:00","2026-09-10 09:00:00","CAPE","surface",-72.4854,17.4349,2577
"2026-09-09 18:00:00","2026-09-10 09:00:00","CAPE","surface",-72.4615,17.4349,2601
"2026-09-09 18:00:00","2026-09-10 09:00:00","CAPE","surface",-72.4376,17.4349,2628
"2026-09-09 18:00:00","2026-09-10 09:00:00","CAPE","surface",-72.4137,17.4349,2654
"2026-09-09 18:00:00","2026-09-10 09:00:00","CAPE","surface",-72.3897,17.4349,2681
"2026-09-09 18:00:00","2026-09-10 09:00:00","CAPE","surface",-72.3658,17.4349,2701
"2026-09-09 18:00:00","2026-09-10 09:00:00","CAPE","surface",-72.3419,17.4349,2701
"2026-09-09 18:00:00","2026-09-10 09:00:00","CAPE","surface",-72.318,17.4349,2726
"2026-09-09 18:00:00","2026-09-10 09:00:00","CAPE","surface",-72.294,17.4349,2764
"2026-09-09 18:00:00","2026-09-10 09:00:00","CAPE","surface",-72.2701,17.4349,2808
"2026-09-09 18:00:00","2026-09-10 09:00:00","CAPE","surface",-72.2462,17.4349,2847
"2026-09-09 18:00:00","2026-09-10 09:00:00","CAPE","surface",-72.2223,17.4349,2850
"2026-09-09 18:00:00","2026-09-10 09:00:00","CAPE","surface",-72.1983,17.4349,2879
"2026-09-09 18:00:00","2026-09-10 09:00:00","CAPE","surface",-72.1744,17.4349,2870
"2026-09-09 18:00:00","2026-09-10 09:00:00","CAPE","surface",-72.1505,17.4349,2874
"2026-09-09 18:00:00","2026-09-10 09:00:00","CAPE","surface",-72.1266,17.4349,2845
"2026-09-09 18:00:00","2026-09-10 09:00:00","CAPE","surface",-72.1026,17.4349,2855
"2026-09-09 18:00:00","2026-09-10 09:00:00","CAPE","surface",-72.0787,17.4349,2823
"2026-09-09 18:00:00","2026-09-10 09:00:00","CAPE","surface",-72.0548,17.4349,2821
"2026-09-09 18:00:00","2026-09-10 09:00:00","CAPE","surface",-72.0309,17.4349,2849
"2026-09-09 18:00:00","2026-09-10 09:00:00","CAPE","surface",-72.0069,17.4349,2857
"2026-09-09 18:00:00","2026-09-10 09:00:00","CAPE","surface",-71.983,17.4349,2885
"2026-09-09 18:00:00","2026-09-10 09:00:00","CAPE","surface",-71.9591,17.4349,2774
"2026-09-09 18:00:00","2026-09-10 09:00:00","CAPE","surface",-71.9352,17.4349,2775
"2026-09-09 18:00:00","2026-09-10 09:00:00","CAPE","surface",-71.9112,17.4349,2713
"2026-09-09 18:00:00","2026-09-10 09:00:00","CAPE","surface",-71.8873,17.4349,2731
"2026-09-09 18:00:00","2026-09-10 09:00:00","CAPE","surface",-71.8634,17.4349,2744
"2026-09-09 18:00:00","2026-09-10 09:00:00","CAPE","surface",-71.8395,17.4349,2744
"2026-09-09 18:00:00","2026-09-10 09:00:00","CAPE","surface",-71.8155,17.4349,2697
"2026-09-09 18:00:00","2026-09-10 09:00:00","CAPE","surface",-71.7916,17.4349,2740
"2026-09-09 18:00:00","2026-09-10 09:00:00","CAPE","surface",-71.7677,17.4349,2662
"2026-09-09 18:00:00","2026-09-10 09:00:00","CAPE","surface",-71.7438,17.4349,2611
"2026-09-09 18:00:00","2026-09-10 09:00:00","CAPE","surface",-71.7198,17.4349,2611
"2026-09-09 18:00:00","2026-09-10 09:00:00","CAPE","surface",-71.6959,17.4349,2659
"2026-09-09 18:00:00","2026-09-10 09:00:00","CAPE","surface",-71.672,17.4349,2793
"2026-09-09 18:00:00","2026-09-10 09:00:00","CAPE","surface",-71.6481,17.4349,2921
"2026-09-09 18:00:00","2026-09-10 09:00:00","CAPE","surface",-71.6241,17.4349,3083
"2026-09-09 18:00:00","2026-09-10 09:00:00","CAPE","surface",-71.6002,17.4349,3057
"2026-09-09 18:00:00","2026-09-10 09:00:00","CAPE","surface",-71.5763,17.4349,3145
"2026-09-09 18:00:00","2026-09-10 09:00:00","CAPE","surface",-71.5524,17.4349,3121
"2026-09-09 18:00:00","2026-09-10 09:00:00","CAPE","surface",-71.5284,17.4349,3074
"2026-09-09 18:00:00","2026-09-10 09:00:00","CAPE","surface",-71.5045,17.4349,2919
"2026-09-09 18:00:00","2026-09-10 09:00:00","CAPE","surface",-71.4806,17.4349,2823
"2026-09-09 18:00:00","2026-09-10 09:00:00","CAPE","surface",-71.4567,17.4349,2823
"2026-09-09 18:00:00","2026-09-10 09:00:00","CAPE","surface",-71.4327,17.4349,2780
"2026-09-09 18:00:00","2026-09-10 09:00:00","CAPE","surface",-71.4088,17.4349,2776
"2026-09-09 18:00:00","2026-09-10 09:00:00","CAPE","surface",-71.3849,17.4349,2768
"2026-09-09 18:00:00","2026-09-10 09:00:00","CAPE","surface",-71.361,17.4349,2793
"2026-09-09 18:00:00","2026-09-10 09:00:00","CAPE","surface",-71.337,17.4349,2786
"2026-09-09 18:00:00","2026-09-10 09:00:00","CAPE","surface",-71.3131,17.4349,2816
"2026-09-09 18:00:00","2026-09-10 09:00:00","CAPE","surface",-71.2892,17.4349,2836
"2026-09-09 18:00:00","2026-09-10 09:00:00","CAPE","surface",-71.2653,17.4349,2924
"2026-09-09 18:00:00","2026-09-10 09:00:00","CAPE","surface",-71.2413,17.4349,3018
"2026-09-09 18:00:00","2026-09-10 09:00:00","CAPE","surface",-71.2174,17.4349,2966
"2026-09-09 18:00:00","2026-09-10 09:00:00","CAPE","surface",-71.1935,17.4349,3066
"2026-09-09 18:00:00","2026-09-10 09:00:00","CAPE","surface",-71.1696,17.4349,3018
"2026-09-09 18:00:00","2026-09-10 09:00:00","CAPE","surface",-71.1456,17.4349,3103
"2026-09-09 18:00:00","2026-09-10 09:00:00","CAPE","surface",-71.1217,17.4349,3015
"2026-09-09 18:00:00","2026-09-10 09:00:00","CAPE","surface",-71.0978,17.4349,3015
"2026-09-09 18:00:00","2026-09-10 09:00:00","CAPE","surface",-71.0739,17.4349,2919
"2026-09-09 18:00:00","2026-09-10 09:00:00","CAPE","surface",-71.0499,17.4349,2978
"2026-09-09 18:00:00","2026-09-10 09:00:00","CAPE","surface",-71.026,17.4349,2746
"2026-09-09 18:00:00","2026-09-10 09:00:00","CAPE","surface",-71.0021,17.4349,2711
"2026-09-09 18:00:00","2026-09-10 09:00:00","CAPE","surface",-70.9782,17.4349,2460
"2026-09-09 18:00:00","2026-09-10 09:00:00","CAPE","surface",-70.9542,17.4349,2316
"2026-09-09 18:00:00","2026-09-10 09:00:00","CAPE","surface",-70.9303,17.4349,2324
"2026-09-09 18:00:00","2026-09-10 09:00:00","CAPE","surface",-70.9064,17.4349,2300
"2026-09-09 18:00:00","2026-09-10 09:00:00","CAPE","surface",-70.8825,17.4349,2267
"2026-09-09 18:00:00","2026-09-10 09:00:00","CAPE","surface",-70.8585,17.4349,2372
"2026-09-09 18:00:00","2026-09-10 09:00:00","CAPE","surface",-70.8346,17.4349,2350
"2026-09-09 18:00:00","2026-09-10 09:00:00","CAPE","surface",-70.8107,17.4349,2415
"2026-09-09 18:00:00","2026-09-10 09:00:00","CAPE","surface",-70.7868,17.4349,2385
"2026-09-09 18:00:00","2026-09-10 09:00:00","CAPE","surface",-70.7628,17.4349,2436
"2026-09-09 18:00:00","2026-09-10 09:00:00","CAPE","surface",-70.7389,17.4349,2448
"2026-09-09 18:00:00","2026-09-10 09:00:00","CAPE","surface",-70.715,17.4349,2469
"2026-09-09 18:00:00","2026-09-10 09:00:00","CAPE","surface",-70.6911,17.4349,2514
"2026-09-09 18:00:00","2026-09-10 09:00:00","CAPE","surface",-70.6671,17.4349,2512
"2026-09-09 18:00:00","2026-09-10 09:00:00","CAPE","surface",-70.6432,17.4349,2537
"2026-09-09 18:00:00","2026-09-10 09:00:00","CAPE","surface",-70.6193,17.4349,2537
"2026-09-09 18:00:00","2026-09-10 09:00:00","CAPE","surface",-70.5954,17.4349,2548
"2026-09-09 18:00:00","2026-09-10 09:00:00","CAPE","surface",-70.5714,17.4349,2482
"2026-09-09 18:00:00","2026-09-10 09:00:00","CAPE","surface",-70.5475,17.4349,2356
"2026-09-09 18:00:00","2026-09-10 09:00:00","CAPE","surface",-70.5236,17.4349,2154
"2026-09-09 18:00:00","2026-09-10 09:00:00","CAPE","surface",-70.4997,17.4349,2207
"2026-09-09 18:00:00","2026-09-10 09:00:00","CAPE","surface",-70.4757,17.4349,2099
"2026-09-09 18:00:00","2026-09-10 09:00:00","CAPE","surface",-70.4518,17.4349,1940
"2026-09-09 18:00:00","2026-09-10 09:00:00","CAPE","surface",-70.4279,17.4349,1982
"2026-09-09 18:00:00","2026-09-10 09:00:00","CAPE","surface",-70.404,17.4349,1982
"2026-09-09 18:00:00","2026-09-10 09:00:00","CAPE","surface",-70.38,17.4349,2087
"2026-09-09 18:00:00","2026-09-10 09:00:00","CAPE","surface",-70.3561,17.4349,2020
"2026-09-09 18:00:00","2026-09-10 09:00:00","CAPE","surface",-70.3322,17.4349,1957
"2026-09-09 18:00:00","2026-09-10 09:00:00","CAPE","surface",-70.3083,17.4349,1927
"2026-09-09 18:00:00","2026-09-10 09:00:00","CAPE","surface",-70.2843,17.4349,1883
"2026-09-09 18:00:00","2026-09-10 09:00:00","CAPE","surface",-70.2604,17.4349,1865
"2026-09-09 18:00:00","2026-09-10 09:00:00","CAPE","surface",-70.2365,17.4349,1878
"2026-09-09 18:00:00","2026-09-10 09:00:00","CAPE","surface",-70.2126,17.4349,1867
"2026-09-09 18:00:00","2026-09-10 09:00:00","CAPE","surface",-70.1886,17.4349,1864
"2026-09-09 18:00:00","2026-09-10 09:00:00","CAPE","surface",-70.1647,17.4349,1867
"2026-09-09 18:00:00","2026-09-10 09:00:00","CAPE","surface",-70.1408,17.4349,1915
"2026-09-09 18:00:00","2026-09-10 09:00:00","CAPE","surface",-70.1169,17.4349,2018
"2026-09-09 18:00:00","2026-09-10 09:00:00","CAPE","surface",-70.0929,17.4349,2099
"2026-09-09 18:00:00","2026-09-10 09:00:00","CAPE","surface",-70.069,17.4349,2150
"2026-09-09 18:00:00","2026-09-10 09:00:00","CAPE","surface",-70.0451,17.4349,2192
"2026-09-09 18:00:00","2026-09-10 09:00:00","CAPE","surface",-70.0212,17.4349,2142
"2026-09-09 18:00:00","2026-09-10 09:00:00","CAPE","surface",-69.9972,17.4349,2134
"2026-09-09 18:00:00","2026-09-10 09:00:00","CAPE","surface",-69.9733,17.4349,2118
"2026-09-09 18:00:00","2026-09-10 09:00:00","CAPE","surface",-69.9494,17.4349,2125
"2026-09-09 18:00:00","2026-09-10 09:00:00","CAPE","surface",-69.9255,17.4349,2125
"2026-09-09 18:00:00","2026-09-10 09:00:00","CAPE","surface",-69.9015,17.4349,2388
"2026-09-09 18:00:00","2026-09-10 09:00:00","CAPE","surface",-69.8776,17.4349,2512
"2026-09-09 18:00:00","2026-09-10 09:00:00","CAPE","surface",-69.8537,17.4349,2589
"2026-09-09 18:00:00","2026-09-10 09:00:00","CAPE","surface",-69.8298,17.4349,2522
"2026-09-09 18:00:00","2026-09-10 09:00:00","CAPE","surface",-69.8058,17.4349,2512
"2026-09-09 18:00:00","2026-09-10 09:00:00","CAPE","surface",-69.7819,17.4349,2512
"2026-09-09 18:00:00","2026-09-10 09:00:00","CAPE","surface",-69.758,17.4349,2512
"2026-09-09 18:00:00","2026-09-10 09:00:00","CAPE","surface",-69.7341,17.4349,2489
"2026-09-09 18:00:00","2026-09-10 09:00:00","CAPE","surface",-69.7101,17.4349,2489
"2026-09-09 18:00:00","2026-09-10 09:00:00","CAPE","surface",-69.6862,17.4349,2456
"2026-09-09 18:00:00","2026-09-10 09:00:00","CAPE","surface",-69.6623,17.4349,2497
"2026-09-09 18:00:00","2026-09-10 09:00:00","CAPE","surface",-69.6384,17.4349,2590
"2026-09-09 18:00:00","2026-09-10 09:00:00","CAPE","surface",-69.6144,17.4349,2692
"2026-09-09 18:00:00","2026-09-10 09:00:00","CAPE","surface",-69.5905,17.4349,2692
"2026-09-09 18:00:00","2026-09-10 09:00:00","CAPE","surface",-69.5666,17.4349,2787
"2026-09-09 18:00:00","2026-09-10 09:00:00","CAPE","surface",-69.5427,17.4349,2869
"2026-09-09 18:00:00","2026-09-10 09:00:00","CAPE","surface",-69.5187,17.4349,2914
"2026-09-09 18:00:00","2026-09-10 09:00:00","CAPE","surface",-69.4948,17.4349,2914
"2026-09-09 18:00:00","2026-09-10 09:00:00","CAPE","surface",-69.4709,17.4349,2808
"2026-09-09 18:00:00","2026-09-10 09:00:00","CAPE","surface",-69.447,17.4349,2671
"2026-09-09 18:00:00","2026-09-10 09:00:00","CAPE","surface",-69.423,17.4349,2618
"2026-09-09 18:00:00","2026-09-10 09:00:00","CAPE","surface",-69.3991,17.4349,2512
"2026-09-09 18:00:00","2026-09-10 09:00:00","CAPE","surface",-69.3752,17.4349,2512
"2026-09-09 18:00:00","2026-09-10 09:00:00","CAPE","surface",-69.3513,17.4349,2420
"2026-09-09 18:00:00","2026-09-10 09:00:00","CAPE","surface",-69.3273,17.4349,2356
"2026-09-09 18:00:00","2026-09-10 09:00:00","CAPE","surface",-69.3034,17.4349,2356
"2026-09-09 18:00:00","2026-09-10 09:00:00","CAPE","surface",-69.2795,17.4349,2347
"2026-09-09 18:00:00","2026-09-10 09:00:00","CAPE","surface",-69.2556,17.4349,2319
"2026-09-09 18:00:00","2026-09-10 09:00:00","CAPE","surface",-69.2316,17.4349,2227
"2026-09-09 18:00:00","2026-09-10 09:00:00","CAPE","surface",-69.2077,17.4349,2192
"2026-09-09 18:00:00","2026-09-10 09:00:00","CAPE","surface",-69.1838,17.4349,2214
"2026-09-09 18:00:00","2026-09-10 09:00:00","CAPE","surface",-69.1599,17.4349,2214
"2026-09-09 18:00:00","2026-09-10 09:00:00","CAPE","surface",-69.1359,17.4349,2294
"2026-09-09 18:00:00","2026-09-10 09:00:00","CAPE","surface",-69.112,17.4349,2335
"2026-09-09 18:00:00","2026-09-10 09:00:00","CAPE","surface",-69.0881,17.4349,2362
"2026-09-09 18:00:00","2026-09-10 09:00:00","CAPE","surface",-69.0642,17.4349,2327
"2026-09-09 18:00:00","2026-09-10 09:00:00","CAPE","surface",-69.0402,17.4349,2327
"2026-09-09 18:00:00","2026-09-10 09:00:00","CAPE","surface",-69.0163,17.4349,2286
"2026-09-09 18:00:00","2026-09-10 09:00:00","CAPE","surface",-68.9924,17.4349,2356
"2026-09-09 18:00:00","2026-09-10 09:00:00","CAPE","surface",-68.9685,17.4349,2465
"2026-09-09 18:00:00","2026-09-10 09:00:00","CAPE","surface",-68.9445,17.4349,2465
"2026-09-09 18:00:00","2026-09-10 09:00:00","CAPE","surface",-68.9206,17.4349,2605
"2026-09-09 18:00:00","2026-09-10 09:00:00","CAPE","surface",-68.8967,17.4349,2639
"2026-09-09 18:00:00","2026-09-10 09:00:00","CAPE","surface",-68.8728,17.4349,2716
"2026-09-09 18:00:00","2026-09-10 09:00:00","CAPE","surface",-68.8488,17.4349,2739
"2026-09-09 18:00:00","2026-09-10 09:00:00","CAPE","surface",-68.8249,17.4349,2739
"2026-09-09 18:00:00","2026-09-10 09:00:00","CAPE","surface",-68.801,17.4349,2656
"2026-09-09 18:00:00","2026-09-10 09:00:00","CAPE","surface",-68.7771,17.4349,2529
"2026-09-09 18:00:00","2026-09-10 09:00:00","CAPE","surface",-68.7531,17.4349,2625
"2026-09-09 18:00:00","2026-09-10 09:00:00","CAPE","surface",-68.7292,17.4349,2625
"2026-09-09 18:00:00","2026-09-10 09:00:00","CAPE","surface",-68.7053,17.4349,2747
"2026-09-09 18:00:00","2026-09-10 09:00:00","CAPE","surface",-68.6813,17.4349,2889
"2026-09-09 18:00:00","2026-09-10 09:00:00","CAPE","surface",-68.6574,17.4349,2863
"2026-09-09 18:00:00","2026-09-10 09:00:00","CAPE","surface",-68.6335,17.4349,2882
"2026-09-09 18:00:00","2026-09-10 09:00:00","CAPE","surface",-68.6096,17.4349,2882
"2026-09-09 18:00:00","2026-09-10 09:00:00","CAPE","surface",-68.5856,17.4349,2972
"2026-09-09 18:00:00","2026-09-10 09:00:00","CAPE","surface",-68.5617,17.4349,2945
"2026-09-09 18:00:00","2026-09-10 09:00:00","CAPE","surface",-68.5378,17.4349,3173
"2026-09-09 18:00:00","2026-09-10 09:00:00","CAPE","surface",-68.5139,17.4349,3441
"2026-09-09 18:00:00","2026-09-10 09:00:00","CAPE","surface",-68.4899,17.4349,3404
"2026-09-09 18:00:00","2026-09-10 09:00:00","CAPE","surface",-68.466,17.4349,3519
"2026-09-09 18:00:00","2026-09-10 09:00:00","CAPE","surface",-68.4421,17.4349,3512
"2026-09-09 18:00:00","2026-09-10 09:00:00","CAPE","surface",-68.4182,17.4349,3431
"2026-09-09 18:00:00","2026-09-10 09:00:00","CAPE","surface",-68.3942,17.4349,3431
"2026-09-09 18:00:00","2026-09-10 09:00:00","CAPE","surface",-68.3703,17.4349,3079
"2026-09-09 18:00:00","2026-09-10 09:00:00","CAPE","surface",-68.3464,17.4349,2763
"2026-09-09 18:00:00","2026-09-10 09:00:00","CAPE","surface",-68.3225,17.4349,2806
"2026-09-09 18:00:00","2026-09-10 09:00:00","CAPE","surface",-68.2985,17.4349,2628
"2026-09-09 18:00:00","2026-09-10 09:00:00","CAPE","surface",-68.2746,17.4349,2761
"2026-09-09 18:00:00","2026-09-10 09:00:00","CAPE","surface",-68.2507,17.4349,2974
"2026-09-09 18:00:00","2026-09-10 09:00:00","CAPE","surface",-68.2268,17.4349,3112
"2026-09-09 18:00:00","2026-09-10 09:00:00","CAPE","surface",-68.2028,17.4349,3152
"2026-09-09 18:00:00","2026-09-10 09:00:00","CAPE","surface",-68.1789,17.4349,3158
"2026-09-09 18:00:00","2026-09-10 09:00:00","CAPE","surface",-68.155,17.4349,3046
"2026-09-09 18:00:00","2026-09-10 09:00:00","CAPE","surface",-68.1311,17.4349,2778
"2026-09-09 18:00:00","2026-09-10 09:00:00","CAPE","surface",-68.1071,17.4349,2692
"2026-09-09 18:00:00","2026-09-10 09:00:00","CAPE","surface",-68.0832,17.4349,2649
"2026-09-09 18:00:00","2026-09-10 09:00:00","CAPE","surface",-68.0593,17.4349,2561
"2026-09-09 18:00:00","2026-09-10 09:00:00","CAPE","surface",-68.0354,17.4349,2391
"2026-09-09 18:00:00","2026-09-10 09:00:00","CAPE","surface",-68.0114,17.4349,2338
"2026-09-09 18:00:00","2026-09-10 09:00:00","CAPE","surface",-67.9875,17.4349,2141
"2026-09-09 18:00:00","2026-09-10 09:00:00","CAPE","surface",-67.9636,17.4349,1987
"2026-09-09 18:00:00","2026-09-10 09:00:00","CAPE","surface",-67.9397,17.4349,2068
"2026-09-09 18:00:00","2026-09-10 09:00:00","CAPE","surface",-67.9157,17.4349,2006
"2026-09-09 18:00:00","2026-09-10 09:00:00","CAPE","surface",-67.8918,17.4349,1894
"2026-09-09 18:00:00","2026-09-10 09:00:00","CAPE","surface",-67.8679,17.4349,1940
"2026-09-09 18:00:00","2026-09-10 09:00:00","CAPE","surface",-67.844,17.4349,1767
"2026-09-09 18:00:00","2026-09-10 09:00:00","CAPE","surface",-67.82,17.4349,1713
"2026-09-09 18:00:00","2026-09-10 09:00:00","CAPE","surface",-67.7961,17.4349,1682
"2026-09-09 18:00:00","2026-09-10 09:00:00","CAPE","surface",-67.7722,17.4349,1682
"2026-09-09 18:00:00","2026-09-10 09:00:00","CAPE","surface",-67.7483,17.4349,1693
"2026-09-09 18:00:00","2026-09-10 09:00:00","CAPE","surface",-67.7243,17.4349,1594
"2026-09-09 18:00:00","2026-09-10 09:00:00","CAPE","surface",-67.7004,17.4349,1758
"2026-09-09 18:00:00","2026-09-10 09:00:00","CAPE","surface",-67.6765,17.4349,1999
"2026-09-09 18:00:00","2026-09-10 09:00:00","CAPE","surface",-67.6526,17.4349,2044
"2026-09-09 18:00:00","2026-09-10 09:00:00","CAPE","surface",-67.6286,17.4349,2420
"2026-09-09 18:00:00","2026-09-10 09:00:00","CAPE","surface",-67.6047,17.4349,2598
"2026-09-09 18:00:00","2026-09-10 09:00:00","CAPE","surface",-67.5808,17.4349,2794
"2026-09-09 18:00:00","2026-09-10 09:00:00","CAPE","surface",-67.5569,17.4349,2907
"2026-09-09 18:00:00","2026-09-10 09:00:00","CAPE","surface",-67.5329,17.4349,2991
"2026-09-09 18:00:00","2026-09-10 09:00:00","CAPE","surface",-67.509,17.4349,2969
"2026-09-09 18:00:00","2026-09-10 09:00:00","CAPE","surface",-67.4851,17.4349,2870
"2026-09-09 18:00:00","2026-09-10 09:00:00","CAPE","surface",-67.4612,17.4349,2933
"2026-09-09 18:00:00","2026-09-10 09:00:00","CAPE","surface",-67.4372,17.4349,2902
"2026-09-09 18:00:00","2026-09-10 09:00:00","CAPE","surface",-67.4133,17.4349,2913
"2026-09-09 18:00:00","2026-09-10 09:00:00","CAPE","surface",-67.3894,17.4349,2895
"2026-09-09 18:00:00","2026-09-10 09:00:00","CAPE","surface",-67.3655,17.4349,2872
"2026-09-09 18:00:00","2026-09-10 09:00:00","CAPE","surface",-67.3415,17.4349,2758
"2026-09-09 18:00:00","2026-09-10 09:00:00","CAPE","surface",-67.3176,17.4349,2736
"2026-09-09 18:00:00","2026-09-10 09:00:00","CAPE","surface",-67.2937,17.4349,2715
"2026-09-09 18:00:00","2026-09-10 09:00:00","CAPE","surface",-67.2698,17.4349,2715
"2026-09-09 18:00:00","2026-09-10 09:00:00","CAPE","surface",-67.2458,17.4349,2834
"2026-09-09 18:00:00","2026-09-10 09:00:00","CAPE","surface",-67.2219,17.4349,2825
"2026-09-09 18:00:00","2026-09-10 09:00:00","CAPE","surface",-67.198,17.4349,3051
"2026-09-09 18:00:00","2026-09-10 09:00:00","CAPE","surface",-67.1741,17.4349,3296
"2026-09-09 18:00:00","2026-09-10 09:00:00","CAPE","surface",-67.1501,17.4349,3307
"2026-09-09 18:00:00","2026-09-10 09:00:00","CAPE","surface",-67.1262,17.4349,3416
"2026-09-09 18:00:00","2026-09-10 09:00:00","CAPE","surface",-67.1023,17.4349,3223
"2026-09-09 18:00:00","2026-09-10 09:00:00","CAPE","surface",-67.0784,17.4349,2922
"2026-09-09 18:00:00","2026-09-10 09:00:00","CAPE","surface",-67.0544,17.4349,2836
"2026-09-09 18:00:00","2026-09-10 09:00:00","CAPE","surface",-67.0305,17.4349,2734
"2026-09-09 18:00:00","2026-09-10 09:00:00","CAPE","surface",-67.0066,17.4349,2673
"2026-09-09 18:00:00","2026-09-10 09:00:00","CAPE","surface",-74.7822,17.4578,2647
"2026-09-09 18:00:00","2026-09-10 09:00:00","CAPE","surface",-74.7583,17.4578,2583
"2026-09-09 18:00:00","2026-09-10 09:00:00","CAPE","surface",-74.7344,17.4578,2516
"2026-09-09 18:00:00","2026-09-10 09:00:00","CAPE","surface",-74.7105,17.4578,2388
"2026-09-09 18:00:00","2026-09-10 09:00:00","CAPE","surface",-74.6865,17.4578,2432
"2026-09-09 18:00:00","2026-09-10 09:00:00","CAPE","surface",-74.6626,17.4578,2446
"2026-09-09 18:00:00","2026-09-10 09:00:00","CAPE","surface",-74.6387,17.4578,2449
"2026-09-09 18:00:00","2026-09-10 09:00:00","CAPE","surface",-74.6148,17.4578,2478
"2026-09-09 18:00:00","2026-09-10 09:00:00","CAPE","surface",-74.5908,17.4578,2465
"2026-09-09 18:00:00","2026-09-10 09:00:00","CAPE","surface",-74.5669,17.4578,2523
"2026-09-09 18:00:00","2026-09-10 09:00:00","CAPE","surface",-74.543,17.4578,2576
"2026-09-09 18:00:00","2026-09-10 09:00:00","CAPE","surface",-74.5191,17.4578,2763
"2026-09-09 18:00:00","2026-09-10 09:00:00","CAPE","surface",-74.4951,17.4578,2802
"2026-09-09 18:00:00","2026-09-10 09:00:00","CAPE","surface",-74.4712,17.4578,2741
"2026-09-09 18:00:00","2026-09-10 09:00:00","CAPE","surface",-74.4473,17.4578,2656
"2026-09-09 18:00:00","2026-09-10 09:00:00","CAPE","surface",-74.4234,17.4578,2478
"2026-09-09 18:00:00","2026-09-10 09:00:00","CAPE","surface",-74.3994,17.4578,2512
"2026-09-09 18:00:00","2026-09-10 09:00:00","CAPE","surface",-74.3755,17.4578,2565
"2026-09-09 18:00:00","2026-09-10 09:00:00","CAPE","surface",-74.3516,17.4578,2602
"2026-09-09 18:00:00","2026-09-10 09:00:00","CAPE","surface",-74.3277,17.4578,2587
"2026-09-09 18:00:00","2026-09-10 09:00:00","CAPE","surface",-74.3037,17.4578,2624
"2026-09-09 18:00:00","2026-09-10 09:00:00","CAPE","surface",-74.2798,17.4578,2672
"2026-09-09 18:00:00","2026-09-10 09:00:00","CAPE","surface",-74.2559,17.4578,2726
"2026-09-09 18:00:00","2026-09-10 09:00:00","CAPE","surface",-74.232,17.4578,2841
"2026-09-09 18:00:00","2026-09-10 09:00:00","CAPE","surface",-74.208,17.4578,2894
"2026-09-09 18:00:00","2026-09-10 09:00:00","CAPE","surface",-74.1841,17.4578,2894
"2026-09-09 18:00:00","2026-09-10 09:00:00","CAPE","surface",-74.1602,17.4578,2709
"2026-09-09 18:00:00","2026-09-10 09:00:00","CAPE","surface",-74.1363,17.4578,2470
"2026-09-09 18:00:00","2026-09-10 09:00:00","CAPE","surface",-74.1123,17.4578,2107
"2026-09-09 18:00:00","2026-09-10 09:00:00","CAPE","surface",-74.0884,17.4578,2086
"2026-09-09 18:00:00","2026-09-10 09:00:00","CAPE","surface",-74.0645,17.4578,2134
"2026-09-09 18:00:00","2026-09-10 09:00:00","CAPE","surface",-74.0406,17.4578,2134
"2026-09-09 18:00:00","2026-09-10 09:00:00","CAPE","surface",-74.0166,17.4578,2167
"2026-09-09 18:00:00","2026-09-10 09:00:00","CAPE","surface",-73.9927,17.4578,2159
"2026-09-09 18:00:00","2026-09-10 09:00:00","CAPE","surface",-73.9688,17.4578,2210
"2026-09-09 18:00:00","2026-09-10 09:00:00","CAPE","surface",-73.9449,17.4578,2169
"2026-09-09 18:00:00","2026-09-10 09:00:00","CAPE","surface",-73.9209,17.4578,2287
"2026-09-09 18:00:00","2026-09-10 09:00:00","CAPE","surface",-73.897,17.4578,2287
"2026-09-09 18:00:00","2026-09-10 09:00:00","CAPE","surface",-73.8731,17.4578,2430
"2026-09-09 18:00:00","2026-09-10 09:00:00","CAPE","surface",-73.8492,17.4578,2374
"2026-09-09 18:00:00","2026-09-10 09:00:00","CAPE","surface",-73.8252,17.4578,2403
"2026-09-09 18:00:00","2026-09-10 09:00:00","CAPE","surface",-73.8013,17.4578,2272
"2026-09-09 18:00:00","2026-09-10 09:00:00","CAPE","surface",-73.7774,17.4578,2184
"2026-09-09 18:00:00","2026-09-10 09:00:00","CAPE","surface",-73.7535,17.4578,2184
"2026-09-09 18:00:00","2026-09-10 09:00:00","CAPE","surface",-73.7295,17.4578,2108
"2026-09-09 18:00:00","2026-09-10 09:00:00","CAPE","surface",-73.7056,17.4578,2085
"2026-09-09 18:00:00","2026-09-10 09:00:00","CAPE","surface",-73.6817,17.4578,2054
"2026-09-09 18:00:00","2026-09-10 09:00:00","CAPE","surface",-73.6578,17.4578,2092
"2026-09-09 18:00:00","2026-09-10 09:00:00","CAPE","surface",-73.6338,17.4578,2092
"2026-09-09 18:00:00","2026-09-10 09:00:00","CAPE","surface",-73.6099,17.4578,2239
"2026-09-09 18:00:00","2026-09-10 09:00:00","CAPE","surface",-73.586,17.4578,2302
"2026-09-09 18:00:00","2026-09-10 09:00:00","CAPE","surface",-73.5621,17.4578,2545
"2026-09-09 18:00:00","2026-09-10 09:00:00","CAPE","surface",-73.5381,17.4578,2530
"2026-09-09 18:00:00","2026-09-10 09:00:00","CAPE","surface",-73.5142,17.4578,2759
"2026-09-09 18:00:00","2026-09-10 09:00:00","CAPE","surface",-73.4903,17.4578,2759
"2026-09-09 18:00:00","2026-09-10 09:00:00","CAPE","surface",-73.4664,17.4578,2959
"2026-09-09 18:00:00","2026-09-10 09:00:00","CAPE","surface",-73.4424,17.4578,2783
"2026-09-09 18:00:00","2026-09-10 09:00:00","CAPE","surface",-73.4185,17.4578,2817
"2026-09-09 18:00:00","2026-09-10 09:00:00","CAPE","surface",-73.3946,17.4578,2513
"2026-09-09 18:00:00","2026-09-10 09:00:00","CAPE","surface",-73.3707,17.4578,2601
"2026-09-09 18:00:00","2026-09-10 09:00:00","CAPE","surface",-73.3467,17.4578,2601
"2026-09-09 18:00:00","2026-09-10 09:00:00","CAPE","surface",-73.3228,17.4578,2793
"2026-09-09 18:00:00","2026-09-10 09:00:00","CAPE","surface",-73.2989,17.4578,2604
"2026-09-09 18:00:00","2026-09-10 09:00:00","CAPE","surface",-73.275,17.4578,2745
"2026-09-09 18:00:00","2026-09-10 09:00:00","CAPE","surface",-73.251,17.4578,2945
"2026-09-09 18:00:00","2026-09-10 09:00:00","CAPE","surface",-73.2271,17.4578,2926
"2026-09-09 18:00:00","2026-09-10 09:00:00","CAPE","surface",-73.2032,17.4578,3064
"2026-09-09 18:00:00","2026-09-10 09:00:00","CAPE","surface",-73.1793,17.4578,3073
"2026-09-09 18:00:00","2026-09-10 09:00:00","CAPE","surface",-73.1553,17.4578,2943
"2026-09-09 18:00:00","2026-09-10 09:00:00","CAPE","surface",-73.1314,17.4578,2918
"2026-09-09 18:00:00","2026-09-10 09:00:00","CAPE","surface",-73.1075,17.4578,2540
"2026-09-09 18:00:00","2026-09-10 09:00:00","CAPE","surface",-73.0836,17.4578,2540
"2026-09-09 18:00:00","2026-09-10 09:00:00","CAPE","surface",-73.0596,17.4578,2437
"2026-09-09 18:00:00","2026-09-10 09:00:00","CAPE","surface",-73.0357,17.4578,2439
"2026-09-09 18:00:00","2026-09-10 09:00:00","CAPE","surface",-73.0118,17.4578,2445
"2026-09-09 18:00:00","2026-09-10 09:00:00","CAPE","surface",-72.9879,17.4578,2424
"2026-09-09 18:00:00","2026-09-10 09:00:00","CAPE","surface",-72.9639,17.4578,2354
"2026-09-09 18:00:00","2026-09-10 09:00:00","CAPE","surface",-72.94,17.4578,2354
"2026-09-09 18:00:00","2026-09-10 09:00:00","CAPE","surface",-72.9161,17.4578,2284
"2026-09-09 18:00:00","2026-09-10 09:00:00","CAPE","surface",-72.8922,17.4578,2273
"2026-09-09 18:00:00","2026-09-10 09:00:00","CAPE","surface",-72.8682,17.4578,2282
"2026-09-09 18:00:00","2026-09-10 09:00:00","CAPE","surface",-72.8443,17.4578,2344
"2026-09-09 18:00:00","2026-09-10 09:00:00","CAPE","surface",-72.8204,17.4578,2344
"2026-09-09 18:00:00","2026-09-10 09:00:00","CAPE","surface",-72.7965,17.4578,2390
"2026-09-09 18:00:00","2026-09-10 09:00:00","CAPE","surface",-72.7725,17.4578,2403
"2026-09-09 18:00:00","2026-09-10 09:00:00","CAPE","surface",-72.7486,17.4578,2439
"2026-09-09 18:00:00","2026-09-10 09:00:00","CAPE","surface",-72.7247,17.4578,2440
"2026-09-09 18:00:00","2026-09-10 09:00:00","CAPE","surface",-72.7008,17.4578,2436
"2026-09-09 18:00:00","2026-09-10 09:00:00","CAPE","surface",-72.6768,17.4578,2436
"2026-09-09 18:00:00","2026-09-10 09:00:00","CAPE","surface",-72.6529,17.4578,2406
"2026-09-09 18:00:00","2026-09-10 09:00:00","CAPE","surface",-72.629,17.4578,2403
"2026-09-09 18:00:00","2026-09-10 09:00:00","CAPE","surface",-72.6051,17.4578,2425
"2026-09-09 18:00:00","2026-09-10 09:00:00","CAPE","surface",-72.5811,17.4578,2461
"2026-09-09 18:00:00","2026-09-10 09:00:00","CAPE","surface",-72.5572,17.4578,2496
"2026-09-09 18:00:00","2026-09-10 09:00:00","CAPE","surface",-72.5333,17.4578,2540
"2026-09-09 18:00:00","2026-09-10 09:00:00","CAPE","surface",-72.5094,17.4578,2560
"2026-09-09 18:00:00","2026-09-10 09:00:00","CAPE","surface",-72.4854,17.4578,2582
"2026-09-09 18:00:00","2026-09-10 09:00:00","CAPE","surface",-72.4615,17.4578,2603
"2026-09-09 18:00:00","2026-09-10 09:00:00","CAPE","surface",-72.4376,17.4578,2640
"2026-09-09 18:00:00","2026-09-10 09:00:00","CAPE","surface",-72.4137,17.4578,2640
"2026-09-09 18:00:00","2026-09-10 09:00:00","CAPE","surface",-72.3897,17.4578,2679
"2026-09-09 18:00:00","2026-09-10 09:00:00","CAPE","surface",-72.3658,17.4578,2688
"2026-09-09 18:00:00","2026-09-10 09:00:00","CAPE","surface",-72.3419,17.4578,2710
"2026-09-09 18:00:00","2026-09-10 09:00:00","CAPE","surface",-72.318,17.4578,2726
"2026-09-09 18:00:00","2026-09-10 09:00:00","CAPE","surface",-72.294,17.4578,2737
"2026-09-09 18:00:00","2026-09-10 09:00:00","CAPE","surface",-72.2701,17.4578,2773
"2026-09-09 18:00:00","2026-09-10 09:00:00","CAPE","surface",-72.2462,17.4578,2806
"2026-09-09 18:00:00","2026-09-10 09:00:00","CAPE","surface",-72.2223,17.4578,2850
"2026-09-09 18:00:00","2026-09-10 09:00:00","CAPE","surface",-72.1983,17.4578,2863
"2026-09-09 18:00:00","2026-09-10 09:00:00","CAPE","surface",-72.1744,17.4578,2847
"2026-09-09 18:00:00","2026-09-10 09:00:00","CAPE","surface",-72.1505,17.4578,2845
"2026-09-09 18:00:00","2026-09-10 09:00:00","CAPE","surface",-72.1266,17.4578,2816
"2026-09-09 18:00:00","2026-09-10 09:00:00","CAPE","surface",-72.1026,17.4578,2817
"2026-09-09 18:00:00","2026-09-10 09:00:00","CAPE","surface",-72.0787,17.4578,2808
"2026-09-09 18:00:00","2026-09-10 09:00:00","CAPE","surface",-72.0548,17.4578,2821
"2026-09-09 18:00:00","2026-09-10 09:00:00","CAPE","surface",-72.0309,17.4578,2817
"2026-09-09 18:00:00","2026-09-10 09:00:00","CAPE","surface",-72.0069,17.4578,2832
"2026-09-09 18:00:00","2026-09-10 09:00:00","CAPE","surface",-71.983,17.4578,2777
"2026-09-09 18:00:00","2026-09-10 09:00:00","CAPE","surface",-71.9591,17.4578,2774
"2026-09-09 18:00:00","2026-09-10 09:00:00","CAPE","surface",-71.9352,17.4578,2700
"2026-09-09 18:00:00","2026-09-10 09:00:00","CAPE","surface",-71.9112,17.4578,2700
"2026-09-09 18:00:00","2026-09-10 09:00:00","CAPE","surface",-71.8873,17.4578,2673
"2026-09-09 18:00:00","2026-09-10 09:00:00","CAPE","surface",-71.8634,17.4578,2612
"2026-09-09 18:00:00","2026-09-10 09:00:00","CAPE","surface",-71.8395,17.4578,2647
"2026-09-09 18:00:00","2026-09-10 09:00:00","CAPE","surface",-71.8155,17.4578,2557
"2026-09-09 18:00:00","2026-09-10 09:00:00","CAPE","surface",-71.7916,17.4578,2557
"2026-09-09 18:00:00","2026-09-10 09:00:00","CAPE","surface",-71.7677,17.4578,2486
"2026-09-09 18:00:00","2026-09-10 09:00:00","CAPE","surface",-71.7438,17.4578,2535
"2026-09-09 18:00:00","2026-09-10 09:00:00","CAPE","surface",-71.7198,17.4578,2562
"2026-09-09 18:00:00","2026-09-10 09:00:00","CAPE","surface",-71.6959,17.4578,2659
"2026-09-09 18:00:00","2026-09-10 09:00:00","CAPE","surface",-71.672,17.4578,2637
"2026-09-09 18:00:00","2026-09-10 09:00:00","CAPE","surface",-71.6481,17.4578,2756
"2026-09-09 18:00:00","2026-09-10 09:00:00","CAPE","surface",-71.6241,17.4578,2901
"2026-09-09 18:00:00","2026-09-10 09:00:00","CAPE","surface",-71.6002,17.4578,3037
"2026-09-09 18:00:00","2026-09-10 09:00:00","CAPE","surface",-71.5763,17.4578,3125
"2026-09-09 18:00:00","2026-09-10 09:00:00","CAPE","surface",-71.5524,17.4578,3133
"2026-09-09 18:00:00","2026-09-10 09:00:00","CAPE","surface",-71.5284,17.4578,3133
"2026-09-09 18:00:00","2026-09-10 09:00:00","CAPE","surface",-71.5045,17.4578,3075
"2026-09-09 18:00:00","2026-09-10 09:00:00","CAPE","surface",-71.4806,17.4578,2946
"2026-09-09 18:00:00","2026-09-10 09:00:00","CAPE","surface",-71.4567,17.4578,2832
"2026-09-09 18:00:00","2026-09-10 09:00:00","CAPE","surface",-71.4327,17.4578,2780
"2026-09-09 18:00:00","2026-09-10 09:00:00","CAPE","surface",-71.4088,17.4578,2767
"2026-09-09 18:00:00","2026-09-10 09:00:00","CAPE","surface",-71.3849,17.4578,2757
"2026-09-09 18:00:00","2026-09-10 09:00:00","CAPE","surface",-71.361,17.4578,2761
"2026-09-09 18:00:00","2026-09-10 09:00:00","CAPE","surface",-71.337,17.4578,2783
"2026-09-09 18:00:00","2026-09-10 09:00:00","CAPE","surface",-71.3131,17.4578,2796
"2026-09-09 18:00:00","2026-09-10 09:00:00","CAPE","surface",-71.2892,17.4578,2801
"2026-09-09 18:00:00","2026-09-10 09:00:00","CAPE","surface",-71.2653,17.4578,2810
"2026-09-09 18:00:00","2026-09-10 09:00:00","CAPE","surface",-71.2413,17.4578,2889
"2026-09-09 18:00:00","2026-09-10 09:00:00","CAPE","surface",-71.2174,17.4578,2966
"2026-09-09 18:00:00","2026-09-10 09:00:00","CAPE","surface",-71.1935,17.4578,2973
"2026-09-09 18:00:00","2026-09-10 09:00:00","CAPE","surface",-71.1696,17.4578,2973
"2026-09-09 18:00:00","2026-09-10 09:00:00","CAPE","surface",-71.1456,17.4578,2890
"2026-09-09 18:00:00","2026-09-10 09:00:00","CAPE","surface",-71.1217,17.4578,2928
"2026-09-09 18:00:00","2026-09-10 09:00:00","CAPE","surface",-71.0978,17.4578,2818
"2026-09-09 18:00:00","2026-09-10 09:00:00","CAPE","surface",-71.0739,17.4578,2709
"2026-09-09 18:00:00","2026-09-10 09:00:00","CAPE","surface",-71.0499,17.4578,2709
"2026-09-09 18:00:00","2026-09-10 09:00:00","CAPE","surface",-71.026,17.4578,2497
"2026-09-09 18:00:00","2026-09-10 09:00:00","CAPE","surface",-71.0021,17.4578,2450
"2026-09-09 18:00:00","2026-09-10 09:00:00","CAPE","surface",-70.9782,17.4578,2289
"2026-09-09 18:00:00","2026-09-10 09:00:00","CAPE","surface",-70.9542,17.4578,2316
"2026-09-09 18:00:00","2026-09-10 09:00:00","CAPE","surface",-70.9303,17.4578,2283
"2026-09-09 18:00:00","2026-09-10 09:00:00","CAPE","surface",-70.9064,17.4578,2308
"2026-09-09 18:00:00","2026-09-10 09:00:00","CAPE","surface",-70.8825,17.4578,2386
"2026-09-09 18:00:00","2026-09-10 09:00:00","CAPE","surface",-70.8585,17.4578,2372
"2026-09-09 18:00:00","2026-09-10 09:00:00","CAPE","surface",-70.8346,17.4578,2445
"2026-09-09 18:00:00","2026-09-10 09:00:00","CAPE","surface",-70.8107,17.4578,2476
"2026-09-09 18:00:00","2026-09-10 09:00:00","CAPE","surface",-70.7868,17.4578,2457
"2026-09-09 18:00:00","2026-09-10 09:00:00","CAPE","surface",-70.7628,17.4578,2445
"2026-09-09 18:00:00","2026-09-10 09:00:00","CAPE","surface",-70.7389,17.4578,2448
"2026-09-09 18:00:00","2026-09-10 09:00:00","CAPE","surface",-70.715,17.4578,2478
"2026-09-09 18:00:00","2026-09-10 09:00:00","CAPE","surface",-70.6911,17.4578,2478
"2026-09-09 18:00:00","2026-09-10 09:00:00","CAPE","surface",-70.6671,17.4578,2521
"2026-09-09 18:00:00","2026-09-10 09:00:00","CAPE","surface",-70.6432,17.4578,2537
"2026-09-09 18:00:00","2026-09-10 09:00:00","CAPE","surface",-70.6193,17.4578,2555
"2026-09-09 18:00:00","2026-09-10 09:00:00","CAPE","surface",-70.5954,17.4578,2568
"2026-09-09 18:00:00","2026-09-10 09:00:00","CAPE","surface",-70.5714,17.4578,2568
"2026-09-09 18:00:00","2026-09-10 09:00:00","CAPE","surface",-70.5475,17.4578,2515
"2026-09-09 18:00:00","2026-09-10 09:00:00","CAPE","surface",-70.5236,17.4578,2402
"2026-09-09 18:00:00","2026-09-10 09:00:00","CAPE","surface",-70.4997,17.4578,2316
"2026-09-09 18:00:00","2026-09-10 09:00:00","CAPE","surface",-70.4757,17.4578,2099
"2026-09-09 18:00:00","2026-09-10 09:00:00","CAPE","surface",-70.4518,17.4578,2237
"2026-09-09 18:00:00","2026-09-10 09:00:00","CAPE","surface",-70.4279,17.4578,2084
"2026-09-09 18:00:00","2026-09-10 09:00:00","CAPE","surface",-70.404,17.4578,2125
"2026-09-09 18:00:00","2026-09-10 09:00:00","CAPE","surface",-70.38,17.4578,2116
"2026-09-09 18:00:00","2026-09-10 09:00:00","CAPE","surface",-70.3561,17.4578,2116
"2026-09-09 18:00:00","2026-09-10 09:00:00","CAPE","surface",-70.3322,17.4578,2014
"2026-09-09 18:00:00","2026-09-10 09:00:00","CAPE","surface",-70.3083,17.4578,1933
"2026-09-09 18:00:00","2026-09-10 09:00:00","CAPE","surface",-70.2843,17.4578,1856
"2026-09-09 18:00:00","2026-09-10 09:00:00","CAPE","surface",-70.2604,17.4578,1865
"2026-09-09 18:00:00","2026-09-10 09:00:00","CAPE","surface",-70.2365,17.4578,1845
"2026-09-09 18:00:00","2026-09-10 09:00:00","CAPE","surface",-70.2126,17.4578,1858
"2026-09-09 18:00:00","2026-09-10 09:00:00","CAPE","surface",-70.1886,17.4578,1864
"2026-09-09 18:00:00","2026-09-10 09:00:00","CAPE","surface",-70.1647,17.4578,1867
"2026-09-09 18:00:00","2026-09-10 09:00:00","CAPE","surface",-70.1408,17.4578,1951
"2026-09-09 18:00:00","2026-09-10 09:00:00","CAPE","surface",-70.1169,17.4578,2046
"2026-09-09 18:00:00","2026-09-10 09:00:00","CAPE","surface",-70.0929,17.4578,2105
"2026-09-09 18:00:00","2026-09-10 09:00:00","CAPE","surface",-70.069,17.4578,2222
"2026-09-09 18:00:00","2026-09-10 09:00:00","CAPE","surface",-70.0451,17.4578,2192
"2026-09-09 18:00:00","2026-09-10 09:00:00","CAPE","surface",-70.0212,17.4578,2172
"2026-09-09 18:00:00","2026-09-10 09:00:00","CAPE","surface",-69.9972,17.4578,2172
"2026-09-09 18:00:00","2026-09-10 09:00:00","CAPE","surface",-69.9733,17.4578,2106
"2026-09-09 18:00:00","2026-09-10 09:00:00","CAPE","surface",-69.9494,17.4578,2096
"2026-09-09 18:00:00","2026-09-10 09:00:00","CAPE","surface",-69.9255,17.4578,2253
"2026-09-09 18:00:00","2026-09-10 09:00:00","CAPE","surface",-69.9015,17.4578,2497
"2026-09-09 18:00:00","2026-09-10 09:00:00","CAPE","surface",-69.8776,17.4578,2497
"2026-09-09 18:00:00","2026-09-10 09:00:00","CAPE","surface",-69.8537,17.4578,2535
"2026-09-09 18:00:00","2026-09-10 09:00:00","CAPE","surface",-69.8298,17.4578,2522
"2026-09-09 18:00:00","2026-09-10 09:00:00","CAPE","surface",-69.8058,17.4578,2497
"2026-09-09 18:00:00","2026-09-10 09:00:00","CAPE","surface",-69.7819,17.4578,2497
"2026-09-09 18:00:00","2026-09-10 09:00:00","CAPE","surface",-69.758,17.4578,2527
"2026-09-09 18:00:00","2026-09-10 09:00:00","CAPE","surface",-69.7341,17.4578,2472
"2026-09-09 18:00:00","2026-09-10 09:00:00","CAPE","surface",-69.7101,17.4578,2458
"2026-09-09 18:00:00","2026-09-10 09:00:00","CAPE","surface",-69.6862,17.4578,2429
"2026-09-09 18:00:00","2026-09-10 09:00:00","CAPE","surface",-69.6623,17.4578,2429
"2026-09-09 18:00:00","2026-09-10 09:00:00","CAPE","surface",-69.6384,17.4578,2480
"2026-09-09 18:00:00","2026-09-10 09:00:00","CAPE","surface",-69.6144,17.4578,2586
"2026-09-09 18:00:00","2026-09-10 09:00:00","CAPE","surface",-69.5905,17.4578,2696
"2026-09-09 18:00:00","2026-09-10 09:00:00","CAPE","surface",-69.5666,17.4578,2787
"2026-09-09 18:00:00","2026-09-10 09:00:00","CAPE","surface",-69.5427,17.4578,2749
"2026-09-09 18:00:00","2026-09-10 09:00:00","CAPE","surface",-69.5187,17.4578,2742
"2026-09-09 18:00:00","2026-09-10 09:00:00","CAPE","surface",-69.4948,17.4578,2778
"2026-09-09 18:00:00","2026-09-10 09:00:00","CAPE","surface",-69.4709,17.4578,2654
"2026-09-09 18:00:00","2026-09-10 09:00:00","CAPE","surface",-69.447,17.4578,2654
"2026-09-09 18:00:00","2026-09-10 09:00:00","CAPE","surface",-69.423,17.4578,2578
"2026-09-09 18:00:00","2026-09-10 09:00:00","CAPE","surface",-69.3991,17.4578,2580
"2026-09-09 18:00:00","2026-09-10 09:00:00","CAPE","surface",-69.3752,17.4578,2484
"2026-09-09 18:00:00","2026-09-10 09:00:00","CAPE","surface",-69.3513,17.4578,2420
"2026-09-09 18:00:00","2026-09-10 09:00:00","CAPE","surface",-69.3273,17.4578,2409
"2026-09-09 18:00:00","2026-09-10 09:00:00","CAPE","surface",-69.3034,17.4578,2377
"2026-09-09 18:00:00","2026-09-10 09:00:00","CAPE","surface",-69.2795,17.4578,2356
"2026-09-09 18:00:00","2026-09-10 09:00:00","CAPE","surface",-69.2556,17.4578,2267
"2026-09-09 18:00:00","2026-09-10 09:00:00","CAPE","surface",-69.2316,17.4578,2267
"2026-09-09 18:00:00","2026-09-10 09:00:00","CAPE","surface",-69.2077,17.4578,2208
"2026-09-09 18:00:00","2026-09-10 09:00:00","CAPE","surface",-69.1838,17.4578,2200
"2026-09-09 18:00:00","2026-09-10 09:00:00","CAPE","surface",-69.1599,17.4578,2252
"2026-09-09 18:00:00","2026-09-10 09:00:00","CAPE","surface",-69.1359,17.4578,2307
"2026-09-09 18:00:00","2026-09-10 09:00:00","CAPE","surface",-69.112,17.4578,2307
"2026-09-09 18:00:00","2026-09-10 09:00:00","CAPE","surface",-69.0881,17.4578,2269
"2026-09-09 18:00:00","2026-09-10 09:00:00","CAPE","surface",-69.0642,17.4578,2291
"2026-09-09 18:00:00","2026-09-10 09:00:00","CAPE","surface",-69.0402,17.4578,2240
"2026-09-09 18:00:00","2026-09-10 09:00:00","CAPE","surface",-69.0163,17.4578,2286
"2026-09-09 18:00:00","2026-09-10 09:00:00","CAPE","surface",-68.9924,17.4578,2302
"2026-09-09 18:00:00","2026-09-10 09:00:00","CAPE","surface",-68.9685,17.4578,2378
"2026-09-09 18:00:00","2026-09-10 09:00:00","CAPE","surface",-68.9445,17.4578,2526
"2026-09-09 18:00:00","2026-09-10 09:00:00","CAPE","surface",-68.9206,17.4578,2654
"2026-09-09 18:00:00","2026-09-10 09:00:00","CAPE","surface",-68.8967,17.4578,2654
"2026-09-09 18:00:00","2026-09-10 09:00:00","CAPE","surface",-68.8728,17.4578,2765
"2026-09-09 18:00:00","2026-09-10 09:00:00","CAPE","surface",-68.8488,17.4578,2773
"2026-09-09 18:00:00","2026-09-10 09:00:00","CAPE","surface",-68.8249,17.4578,2795
"2026-09-09 18:00:00","2026-09-10 09:00:00","CAPE","surface",-68.801,17.4578,2656
"2026-09-09 18:00:00","2026-09-10 09:00:00","CAPE","surface",-68.7771,17.4578,2733
"2026-09-09 18:00:00","2026-09-10 09:00:00","CAPE","surface",-68.7531,17.4578,2776
"2026-09-09 18:00:00","2026-09-10 09:00:00","CAPE","surface",-68.7292,17.4578,2756
"2026-09-09 18:00:00","2026-09-10 09:00:00","CAPE","surface",-68.7053,17.4578,2886
"2026-09-09 18:00:00","2026-09-10 09:00:00","CAPE","surface",-68.6813,17.4578,2886
"2026-09-09 18:00:00","2026-09-10 09:00:00","CAPE","surface",-68.6574,17.4578,2944
"2026-09-09 18:00:00","2026-09-10 09:00:00","CAPE","surface",-68.6335,17.4578,2918
"2026-09-09 18:00:00","2026-09-10 09:00:00","CAPE","surface",-68.6096,17.4578,3021
"2026-09-09 18:00:00","2026-09-10 09:00:00","CAPE","surface",-68.5856,17.4578,3235
"2026-09-09 18:00:00","2026-09-10 09:00:00","CAPE","surface",-68.5617,17.4578,3235
"2026-09-09 18:00:00","2026-09-10 09:00:00","CAPE","surface",-68.5378,17.4578,3467
"2026-09-09 18:00:00","2026-09-10 09:00:00","CAPE","surface",-68.5139,17.4578,3441
"2026-09-09 18:00:00","2026-09-10 09:00:00","CAPE","surface",-68.4899,17.4578,3535
"2026-09-09 18:00:00","2026-09-10 09:00:00","CAPE","surface",-68.466,17.4578,3535
"2026-09-09 18:00:00","2026-09-10 09:00:00","CAPE","surface",-68.4421,17.4578,3405
"2026-09-09 18:00:00","2026-09-10 09:00:00","CAPE","surface",-68.4182,17.4578,3097
"2026-09-09 18:00:00","2026-09-10 09:00:00","CAPE","surface",-68.3942,17.4578,3129
"2026-09-09 18:00:00","2026-09-10 09:00:00","CAPE","surface",-68.3703,17.4578,2754
"2026-09-09 18:00:00","2026-09-10 09:00:00","CAPE","surface",-68.3464,17.4578,2766
"2026-09-09 18:00:00","2026-09-10 09:00:00","CAPE","surface",-68.3225,17.4578,2599
"2026-09-09 18:00:00","2026-09-10 09:00:00","CAPE","surface",-68.2985,17.4578,2628
"2026-09-09 18:00:00","2026-09-10 09:00:00","CAPE","surface",-68.2746,17.4578,2765
"2026-09-09 18:00:00","2026-09-10 09:00:00","CAPE","surface",-68.2507,17.4578,2765
"2026-09-09 18:00:00","2026-09-10 09:00:00","CAPE","surface",-68.2268,17.4578,3034
"2026-09-09 18:00:00","2026-09-10 09:00:00","CAPE","surface",-68.2028,17.4578,3139
"2026-09-09 18:00:00","2026-09-10 09:00:00","CAPE","surface",-68.1789,17.4578,3117
"2026-09-09 18:00:00","2026-09-10 09:00:00","CAPE","surface",-68.155,17.4578,3001
"2026-09-09 18:00:00","2026-09-10 09:00:00","CAPE","surface",-68.1311,17.4578,2933
"2026-09-09 18:00:00","2026-09-10 09:00:00","CAPE","surface",-68.1071,17.4578,2676
"2026-09-09 18:00:00","2026-09-10 09:00:00","CAPE","surface",-68.0832,17.4578,2649
"2026-09-09 18:00:00","2026-09-10 09:00:00","CAPE","surface",-68.0593,17.4578,2475
"2026-09-09 18:00:00","2026-09-10 09:00:00","CAPE","surface",-68.0354,17.4578,2178
"2026-09-09 18:00:00","2026-09-10 09:00:00","CAPE","surface",-68.0114,17.4578,2137
"2026-09-09 18:00:00","2026-09-10 09:00:00","CAPE","surface",-67.9875,17.4578,1873
"2026-09-09 18:00:00","2026-09-10 09:00:00","CAPE","surface",-67.9636,17.4578,1987
"2026-09-09 18:00:00","2026-09-10 09:00:00","CAPE","surface",-67.9397,17.4578,1828
"2026-09-09 18:00:00","2026-09-10 09:00:00","CAPE","surface",-67.9157,17.4578,1968
"2026-09-09 18:00:00","2026-09-10 09:00:00","CAPE","surface",-67.8918,17.4578,2010
"2026-09-09 18:00:00","2026-09-10 09:00:00","CAPE","surface",-67.8679,17.4578,2018
"2026-09-09 18:00:00","2026-09-10 09:00:00","CAPE","surface",-67.844,17.4578,2018
"2026-09-09 18:00:00","2026-09-10 09:00:00","CAPE","surface",-67.82,17.4578,2067
"2026-09-09 18:00:00","2026-09-10 09:00:00","CAPE","surface",-67.7961,17.4578,1920
"2026-09-09 18:00:00","2026-09-10 09:00:00","CAPE","surface",-67.7722,17.4578,1896
"2026-09-09 18:00:00","2026-09-10 09:00:00","CAPE","surface",-67.7483,17.4578,2074
"2026-09-09 18:00:00","2026-09-10 09:00:00","CAPE","surface",-67.7243,17.4578,1896
"2026-09-09 18:00:00","2026-09-10 09:00:00","CAPE","surface",-67.7004,17.4578,2013
"2026-09-09 18:00:00","2026-09-10 09:00:00","CAPE","surface",-67.6765,17.4578,1999
"2026-09-09 18:00:00","2026-09-10 09:00:00","CAPE","surface",-67.6526,17.4578,2267
"2026-09-09 18:00:00","2026-09-10 09:00:00","CAPE","surface",-67.6286,17.4578,2267
"2026-09-09 18:00:00","2026-09-10 09:00:00","CAPE","surface",-67.6047,17.4578,2589
"2026-09-09 18:00:00","2026-09-10 09:00:00","CAPE","surface",-67.5808,17.4578,2897
"2026-09-09 18:00:00","2026-09-10 09:00:00","CAPE","surface",-67.5569,17.4578,2993
"2026-09-09 18:00:00","2026-09-10 09:00:00","CAPE","surface",-67.5329,17.4578,3051
"2026-09-09 18:00:00","2026-09-10 09:00:00","CAPE","surface",-67.509,17.4578,3040
"2026-09-09 18:00:00","2026-09-10 09:00:00","CAPE","surface",-67.4851,17.4578,2938
"2026-09-09 18:00:00","2026-09-10 09:00:00","CAPE","surface",-67.4612,17.4578,2933
"2026-09-09 18:00:00","2026-09-10 09:00:00","CAPE","surface",-67.4372,17.4578,2924
"2026-09-09 18:00:00","2026-09-10 09:00:00","CAPE","surface",-67.4133,17.4578,2896
"2026-09-09 18:00:00","2026-09-10 09:00:00","CAPE","surface",-67.3894,17.4578,2896
"2026-09-09 18:00:00","2026-09-10 09:00:00","CAPE","surface",-67.3655,17.4578,2786
"2026-09-09 18:00:00","2026-09-10 09:00:00","CAPE","surface",-67.3415,17.4578,2758
"2026-09-09 18:00:00","2026-09-10 09:00:00","CAPE","surface",-67.3176,17.4578,2697
"2026-09-09 18:00:00","2026-09-10 09:00:00","CAPE","surface",-67.2937,17.4578,2706
"2026-09-09 18:00:00","2026-09-10 09:00:00","CAPE","surface",-67.2698,17.4578,2820
"2026-09-09 18:00:00","2026-09-10 09:00:00","CAPE","surface",-67.2458,17.4578,3017
"2026-09-09 18:00:00","2026-09-10 09:00:00","CAPE","surface",-67.2219,17.4578,3017
"2026-09-09 18:00:00","2026-09-10 09:00:00","CAPE","surface",-67.198,17.4578,3207
"2026-09-09 18:00:00","2026-09-10 09:00:00","CAPE","surface",-67.1741,17.4578,3296
"2026-09-09 18:00:00","2026-09-10 09:00:00","CAPE","surface",-67.1501,17.4578,3447
"2026-09-09 18:00:00","2026-09-10 09:00:00","CAPE","surface",-67.1262,17.4578,3447
"2026-09-09 18:00:00","2026-09-10 09:00:00","CAPE","surface",-67.1023,17.4578,3390
"2026-09-09 18:00:00","2026-09-10 09:00:00","CAPE","surface",-67.0784,17.4578,3022
"2026-09-09 18:00:00","2026-09-10 09:00:00","CAPE","surface",-67.0544,17.4578,2836
"2026-09-09 18:00:00","2026-09-10 09:00:00","CAPE","surface",-67.0305,17.4578,2750
"2026-09-09 18:00:00","2026-09-10 09:00:00","CAPE","surface",-67.0066,17.4578,2696
"2026-09-09 18:00:00","2026-09-10 09:00:00","CAPE","surface",-74.7822,17.4806,2722
"2026-09-09 18:00:00","2026-09-10 09:00:00","CAPE","surface",-74.7583,17.4806,2583
"2026-09-09 18:00:00","2026-09-10 09:00:00","CAPE","surface",-74.7344,17.4806,2374
"2026-09-09 18:00:00","2026-09-10 09:00:00","CAPE","surface",-74.7105,17.4806,2374
"2026-09-09 18:00:00","2026-09-10 09:00:00","CAPE","surface",-74.6865,17.4806,2332
"2026-09-09 18:00:00","2026-09-10 09:00:00","CAPE","surface",-74.6626,17.4806,2409
"2026-09-09 18:00:00","2026-09-10 09:00:00","CAPE","surface",-74.6387,17.4806,2480
"2026-09-09 18:00:00","2026-09-10 09:00:00","CAPE","surface",-74.6148,17.4806,2478
"2026-09-09 18:00:00","2026-09-10 09:00:00","CAPE","surface",-74.5908,17.4806,2516
"2026-09-09 18:00:00","2026-09-10 09:00:00","CAPE","surface",-74.5669,17.4806,2516
"2026-09-09 18:00:00","2026-09-10 09:00:00","CAPE","surface",-74.543,17.4806,2623
"2026-09-09 18:00:00","2026-09-10 09:00:00","CAPE","surface",-74.5191,17.4806,2731
"2026-09-09 18:00:00","2026-09-10 09:00:00","CAPE","surface",-74.4951,17.4806,2764
"2026-09-09 18:00:00","2026-09-10 09:00:00","CAPE","surface",-74.4712,17.4806,2479
"2026-09-09 18:00:00","2026-09-10 09:00:00","CAPE","surface",-74.4473,17.4806,2467
"2026-09-09 18:00:00","2026-09-10 09:00:00","CAPE","surface",-74.4234,17.4806,2408
"2026-09-09 18:00:00","2026-09-10 09:00:00","CAPE","surface",-74.3994,17.4806,2486
"2026-09-09 18:00:00","2026-09-10 09:00:00","CAPE","surface",-74.3755,17.4806,2565
"2026-09-09 18:00:00","2026-09-10 09:00:00","CAPE","surface",-74.3516,17.4806,2587
"2026-09-09 18:00:00","2026-09-10 09:00:00","CAPE","surface",-74.3277,17.4806,2592
"2026-09-09 18:00:00","2026-09-10 09:00:00","CAPE","surface",-74.3037,17.4806,2611
"2026-09-09 18:00:00","2026-09-10 09:00:00","CAPE","surface",-74.2798,17.4806,2633
"2026-09-09 18:00:00","2026-09-10 09:00:00","CAPE","surface",-74.2559,17.4806,2669
"2026-09-09 18:00:00","2026-09-10 09:00:00","CAPE","surface",-74.232,17.4806,2736
"2026-09-09 18:00:00","2026-09-10 09:00:00","CAPE","surface",-74.208,17.4806,2823
"2026-09-09 18:00:00","2026-09-10 09:00:00","CAPE","surface",-74.1841,17.4806,2734
"2026-09-09 18:00:00","2026-09-10 09:00:00","CAPE","surface",-74.1602,17.4806,2709
"2026-09-09 18:00:00","2026-09-10 09:00:00","CAPE","surface",-74.1363,17.4806,2460
"2026-09-09 18:00:00","2026-09-10 09:00:00","CAPE","surface",-74.1123,17.4806,2218
"2026-09-09 18:00:00","2026-09-10 09:00:00","CAPE","surface",-74.0884,17.4806,2106
"2026-09-09 18:00:00","2026-09-10 09:00:00","CAPE","surface",-74.0645,17.4806,2100
"2026-09-09 18:00:00","2026-09-10 09:00:00","CAPE","surface",-74.0406,17.4806,2167
"2026-09-09 18:00:00","2026-09-10 09:00:00","CAPE","surface",-74.0166,17.4806,2167
"2026-09-09 18:00:00","2026-09-10 09:00:00","CAPE","surface",-73.9927,17.4806,2325
"2026-09-09 18:00:00","2026-09-10 09:00:00","CAPE","surface",-73.9688,17.4806,2259
"2026-09-09 18:00:00","2026-09-10 09:00:00","CAPE","surface",-73.9449,17.4806,2397
"2026-09-09 18:00:00","2026-09-10 09:00:00","CAPE","surface",-73.9209,17.4806,2515
"2026-09-09 18:00:00","2026-09-10 09:00:00","CAPE","surface",-73.897,17.4806,2471
"2026-09-09 18:00:00","2026-09-10 09:00:00","CAPE","surface",-73.8731,17.4806,2562
"2026-09-09 18:00:00","2026-09-10 09:00:00","CAPE","surface",-73.8492,17.4806,2562
"2026-09-09 18:00:00","2026-09-10 09:00:00","CAPE","surface",-73.8252,17.4806,2620
"2026-09-09 18:00:00","2026-09-10 09:00:00","CAPE","surface",-73.8013,17.4806,2527
"2026-09-09 18:00:00","2026-09-10 09:00:00","CAPE","surface",-73.7774,17.4806,2521
"2026-09-09 18:00:00","2026-09-10 09:00:00","CAPE","surface",-73.7535,17.4806,2271
"2026-09-09 18:00:00","2026-09-10 09:00:00","CAPE","surface",-73.7295,17.4806,2212
"2026-09-09 18:00:00","2026-09-10 09:00:00","CAPE","surface",-73.7056,17.4806,2212
"2026-09-09 18:00:00","2026-09-10 09:00:00","CAPE","surface",-73.6817,17.4806,2218
"2026-09-09 18:00:00","2026-09-10 09:00:00","CAPE","surface",-73.6578,17.4806,2118
"2026-09-09 18:00:00","2026-09-10 09:00:00","CAPE","surface",-73.6338,17.4806,2256
"2026-09-09 18:00:00","2026-09-10 09:00:00","CAPE","surface",-73.6099,17.4806,2239
"2026-09-09 18:00:00","2026-09-10 09:00:00","CAPE","surface",-73.586,17.4806,2540
"2026-09-09 18:00:00","2026-09-10 09:00:00","CAPE","surface",-73.5621,17.4806,2540
"2026-09-09 18:00:00","2026-09-10 09:00:00","CAPE","surface",-73.5381,17.4806,2835
"2026-09-09 18:00:00","2026-09-10 09:00:00","CAPE","surface",-73.5142,17.4806,2806
"2026-09-09 18:00:00","2026-09-10 09:00:00","CAPE","surface",-73.4903,17.4806,3027
"2026-09-09 18:00:00","2026-09-10 09:00:00","CAPE","surface",-73.4664,17.4806,3160
"2026-09-09 18:00:00","2026-09-10 09:00:00","CAPE","surface",-73.4424,17.4806,3077
"2026-09-09 18:00:00","2026-09-10 09:00:00","CAPE","surface",-73.4185,17.4806,3210
"2026-09-09 18:00:00","2026-09-10 09:00:00","CAPE","surface",-73.3946,17.4806,3127
"2026-09-09 18:00:00","2026-09-10 09:00:00","CAPE","surface",-73.3707,17.4806,3152
"2026-09-09 18:00:00","2026-09-10 09:00:00","CAPE","surface",-73.3467,17.4806,2996
"2026-09-09 18:00:00","2026-09-10 09:00:00","CAPE","surface",-73.3228,17.4806,3041
"2026-09-09 18:00:00","2026-09-10 09:00:00","CAPE","surface",-73.2989,17.4806,3041
"2026-09-09 18:00:00","2026-09-10 09:00:00","CAPE","surface",-73.275,17.4806,3033
"2026-09-09 18:00:00","2026-09-10 09:00:00","CAPE","surface",-73.251,17.4806,2992
"2026-09-09 18:00:00","2026-09-10 09:00:00","CAPE","surface",-73.2271,17.4806,3046
"2026-09-09 18:00:00","2026-09-10 09:00:00","CAPE","surface",-73.2032,17.4806,3064
"2026-09-09 18:00:00","2026-09-10 09:00:00","CAPE","surface",-73.1793,17.4806,2944
"2026-09-09 18:00:00","2026-09-10 09:00:00","CAPE","surface",-73.1553,17.4806,2944
"2026-09-09 18:00:00","2026-09-10 09:00:00","CAPE","surface",-73.1314,17.4806,2490
"2026-09-09 18:00:00","2026-09-10 09:00:00","CAPE","surface",-73.1075,17.4806,2506
"2026-09-09 18:00:00","2026-09-10 09:00:00","CAPE","surface",-73.0836,17.4806,2422
"2026-09-09 18:00:00","2026-09-10 09:00:00","CAPE","surface",-73.0596,17.4806,2456
"2026-09-09 18:00:00","2026-09-10 09:00:00","CAPE","surface",-73.0357,17.4806,2455
"2026-09-09 18:00:00","2026-09-10 09:00:00","CAPE","surface",-73.0118,17.4806,2456
"2026-09-09 18:00:00","2026-09-10 09:00:00","CAPE","surface",-72.9879,17.4806,2434
"2026-09-09 18:00:00","2026-09-10 09:00:00","CAPE","surface",-72.9639,17.4806,2324
"2026-09-09 18:00:00","2026-09-10 09:00:00","CAPE","surface",-72.94,17.4806,2300
"2026-09-09 18:00:00","2026-09-10 09:00:00","CAPE","surface",-72.9161,17.4806,2278
"2026-09-09 18:00:00","2026-09-10 09:00:00","CAPE","surface",-72.8922,17.4806,2278
"2026-09-09 18:00:00","2026-09-10 09:00:00","CAPE","surface",-72.8682,17.4806,2328
"2026-09-09 18:00:00","2026-09-10 09:00:00","CAPE","surface",-72.8443,17.4806,2339
"2026-09-09 18:00:00","2026-09-10 09:00:00","CAPE","surface",-72.8204,17.4806,2374
"2026-09-09 18:00:00","2026-09-10 09:00:00","CAPE","surface",-72.7965,17.4806,2390
"2026-09-09 18:00:00","2026-09-10 09:00:00","CAPE","surface",-72.7725,17.4806,2433
"2026-09-09 18:00:00","2026-09-10 09:00:00","CAPE","surface",-72.7486,17.4806,2433
"2026-09-09 18:00:00","2026-09-10 09:00:00","CAPE","surface",-72.7247,17.4806,2456
"2026-09-09 18:00:00","2026-09-10 09:00:00","CAPE","surface",-72.7008,17.4806,2450
"2026-09-09 18:00:00","2026-09-10 09:00:00","CAPE","surface",-72.6768,17.4806,2425
"2026-09-09 18:00:00","2026-09-10 09:00:00","CAPE","surface",-72.6529,17.4806,2409
"2026-09-09 18:00:00","2026-09-10 09:00:00","CAPE","surface",-72.629,17.4806,2409
"2026-09-09 18:00:00","2026-09-10 09:00:00","CAPE","surface",-72.6051,17.4806,2445
"2026-09-09 18:00:00","2026-09-10 09:00:00","CAPE","surface",-72.5811,17.4806,2466
"2026-09-09 18:00:00","2026-09-10 09:00:00","CAPE","surface",-72.5572,17.4806,2511
"2026-09-09 18:00:00","2026-09-10 09:00:00","CAPE","surface",-72.5333,17.4806,2540
"2026-09-09 18:00:00","2026-09-10 09:00:00","CAPE","surface",-72.5094,17.4806,2564
"2026-09-09 18:00:00","2026-09-10 09:00:00","CAPE","surface",-72.4854,17.4806,2564
"2026-09-09 18:00:00","2026-09-10 09:00:00","CAPE","surface",-72.4615,17.4806,2593
"2026-09-09 18:00:00","2026-09-10 09:00:00","CAPE","surface",-72.4376,17.4806,2615
"2026-09-09 18:00:00","2026-09-10 09:00:00","CAPE","surface",-72.4137,17.4806,2653
"2026-09-09 18:00:00","2026-09-10 09:00:00","CAPE","surface",-72.3897,17.4806,2679
"2026-09-09 18:00:00","2026-09-10 09:00:00","CAPE","surface",-72.3658,17.4806,2688
"2026-09-09 18:00:00","2026-09-10 09:00:00","CAPE","surface",-72.3419,17.4806,2700
"2026-09-09 18:00:00","2026-09-10 09:00:00","CAPE","surface",-72.318,17.4806,2714
"2026-09-09 18:00:00","2026-09-10 09:00:00","CAPE","surface",-72.294,17.4806,2744
"2026-09-09 18:00:00","2026-09-10 09:00:00","CAPE","surface",-72.2701,17.4806,2774
"2026-09-09 18:00:00","2026-09-10 09:00:00","CAPE","surface",-72.2462,17.4806,2767
"2026-09-09 18:00:00","2026-09-10 09:00:00","CAPE","surface",-72.2223,17.4806,2811
"2026-09-09 18:00:00","2026-09-10 09:00:00","CAPE","surface",-72.1983,17.4806,2820
"2026-09-09 18:00:00","2026-09-10 09:00:00","CAPE","surface",-72.1744,17.4806,2847
"2026-09-09 18:00:00","2026-09-10 09:00:00","CAPE","surface",-72.1505,17.4806,2821
"2026-09-09 18:00:00","2026-09-10 09:00:00","CAPE","surface",-72.1266,17.4806,2816
"2026-09-09 18:00:00","2026-09-10 09:00:00","CAPE","surface",-72.1026,17.4806,2806
"2026-09-09 18:00:00","2026-09-10 09:00:00","CAPE","surface",-72.0787,17.4806,2799
"2026-09-09 18:00:00","2026-09-10 09:00:00","CAPE","surface",-72.0548,17.4806,2803
"2026-09-09 18:00:00","2026-09-10 09:00:00","CAPE","surface",-72.0309,17.4806,2792
"2026-09-09 18:00:00","2026-09-10 09:00:00","CAPE","surface",-72.0069,17.4806,2783
"2026-09-09 18:00:00","2026-09-10 09:00:00","CAPE","surface",-71.983,17.4806,2724
"2026-09-09 18:00:00","2026-09-10 09:00:00","CAPE","surface",-71.9591,17.4806,2704
"2026-09-09 18:00:00","2026-09-10 09:00:00","CAPE","surface",-71.9352,17.4806,2680
"2026-09-09 18:00:00","2026-09-10 09:00:00","CAPE","surface",-71.9112,17.4806,2668
"2026-09-09 18:00:00","2026-09-10 09:00:00","CAPE","surface",-71.8873,17.4806,2603
"2026-09-09 18:00:00","2026-09-10 09:00:00","CAPE","surface",-71.8634,17.4806,2603
"2026-09-09 18:00:00","2026-09-10 09:00:00","CAPE","surface",-71.8395,17.4806,2517
"2026-09-09 18:00:00","2026-09-10 09:00:00","CAPE","surface",-71.8155,17.4806,2521
"2026-09-09 18:00:00","2026-09-10 09:00:00","CAPE","surface",-71.7916,17.4806,2455
"2026-09-09 18:00:00","2026-09-10 09:00:00","CAPE","surface",-71.7677,17.4806,2486
"2026-09-09 18:00:00","2026-09-10 09:00:00","CAPE","surface",-71.7438,17.4806,2446
"2026-09-09 18:00:00","2026-09-10 09:00:00","CAPE","surface",-71.7198,17.4806,2482
"2026-09-09 18:00:00","2026-09-10 09:00:00","CAPE","surface",-71.6959,17.4806,2549
"2026-09-09 18:00:00","2026-09-10 09:00:00","CAPE","surface",-71.672,17.4806,2614
"2026-09-09 18:00:00","2026-09-10 09:00:00","CAPE","surface",-71.6481,17.4806,2742
"2026-09-09 18:00:00","2026-09-10 09:00:00","CAPE","surface",-71.6241,17.4806,2710
"2026-09-09 18:00:00","2026-09-10 09:00:00","CAPE","surface",-71.6002,17.4806,2879
"2026-09-09 18:00:00","2026-09-10 09:00:00","CAPE","surface",-71.5763,17.4806,3005
"2026-09-09 18:00:00","2026-09-10 09:00:00","CAPE","surface",-71.5524,17.4806,3118
"2026-09-09 18:00:00","2026-09-10 09:00:00","CAPE","surface",-71.5284,17.4806,3124
"2026-09-09 18:00:00","2026-09-10 09:00:00","CAPE","surface",-71.5045,17.4806,3075
"2026-09-09 18:00:00","2026-09-10 09:00:00","CAPE","surface",-71.4806,17.4806,3105
"2026-09-09 18:00:00","2026-09-10 09:00:00","CAPE","surface",-71.4567,17.4806,3026
"2026-09-09 18:00:00","2026-09-10 09:00:00","CAPE","surface",-71.4327,17.4806,2878
"2026-09-09 18:00:00","2026-09-10 09:00:00","CAPE","surface",-71.4088,17.4806,2806
"2026-09-09 18:00:00","2026-09-10 09:00:00","CAPE","surface",-71.3849,17.4806,2759
"2026-09-09 18:00:00","2026-09-10 09:00:00","CAPE","surface",-71.361,17.4806,2813
"2026-09-09 18:00:00","2026-09-10 09:00:00","CAPE","surface",-71.337,17.4806,2777
"2026-09-09 18:00:00","2026-09-10 09:00:00","CAPE","surface",-71.3131,17.4806,2791
"2026-09-09 18:00:00","2026-09-10 09:00:00","CAPE","surface",-71.2892,17.4806,2801
"2026-09-09 18:00:00","2026-09-10 09:00:00","CAPE","surface",-71.2653,17.4806,2835
"2026-09-09 18:00:00","2026-09-10 09:00:00","CAPE","surface",-71.2413,17.4806,2835
"2026-09-09 18:00:00","2026-09-10 09:00:00","CAPE","surface",-71.2174,17.4806,2917
"2026-09-09 18:00:00","2026-09-10 09:00:00","CAPE","surface",-71.1935,17.4806,2958
"2026-09-09 18:00:00","2026-09-10 09:00:00","CAPE","surface",-71.1696,17.4806,2929
"2026-09-09 18:00:00","2026-09-10 09:00:00","CAPE","surface",-71.1456,17.4806,2820
"2026-09-09 18:00:00","2026-09-10 09:00:00","CAPE","surface",-71.1217,17.4806,2820
"2026-09-09 18:00:00","2026-09-10 09:00:00","CAPE","surface",-71.0978,17.4806,2692
"2026-09-09 18:00:00","2026-09-10 09:00:00","CAPE","surface",-71.0739,17.4806,2678
"2026-09-09 18:00:00","2026-09-10 09:00:00","CAPE","surface",-71.0499,17.4806,2563
"2026-09-09 18:00:00","2026-09-10 09:00:00","CAPE","surface",-71.026,17.4806,2497
"2026-09-09 18:00:00","2026-09-10 09:00:00","CAPE","surface",-71.0021,17.4806,2391
"2026-09-09 18:00:00","2026-09-10 09:00:00","CAPE","surface",-70.9782,17.4806,2292
"2026-09-09 18:00:00","2026-09-10 09:00:00","CAPE","surface",-70.9542,17.4806,2263
"2026-09-09 18:00:00","2026-09-10 09:00:00","CAPE","surface",-70.9303,17.4806,2334
"2026-09-09 18:00:00","2026-09-10 09:00:00","CAPE","surface",-70.9064,17.4806,2372
"2026-09-09 18:00:00","2026-09-10 09:00:00","CAPE","surface",-70.8825,17.4806,2469
"2026-09-09 18:00:00","2026-09-10 09:00:00","CAPE","surface",-70.8585,17.4806,2484
"2026-09-09 18:00:00","2026-09-10 09:00:00","CAPE","surface",-70.8346,17.4806,2506
"2026-09-09 18:00:00","2026-09-10 09:00:00","CAPE","surface",-70.8107,17.4806,2476
"2026-09-09 18:00:00","2026-09-10 09:00:00","CAPE","surface",-70.7868,17.4806,2465
"2026-09-09 18:00:00","2026-09-10 09:00:00","CAPE","surface",-70.7628,17.4806,2465
"2026-09-09 18:00:00","2026-09-10 09:00:00","CAPE","surface",-70.7389,17.4806,2423
"2026-09-09 18:00:00","2026-09-10 09:00:00","CAPE","surface",-70.715,17.4806,2483
"2026-09-09 18:00:00","2026-09-10 09:00:00","CAPE","surface",-70.6911,17.4806,2490
"2026-09-09 18:00:00","2026-09-10 09:00:00","CAPE","surface",-70.6671,17.4806,2540
"2026-09-09 18:00:00","2026-09-10 09:00:00","CAPE","surface",-70.6432,17.4806,2540
"2026-09-09 18:00:00","2026-09-10 09:00:00","CAPE","surface",-70.6193,17.4806,2565
"2026-09-09 18:00:00","2026-09-10 09:00:00","CAPE","surface",-70.5954,17.4806,2574
"2026-09-09 18:00:00","2026-09-10 09:00:00","CAPE","surface",-70.5714,17.4806,2556
"2026-09-09 18:00:00","2026-09-10 09:00:00","CAPE","surface",-70.5475,17.4806,2515
"2026-09-09 18:00:00","2026-09-10 09:00:00","CAPE","surface",-70.5236,17.4806,2524
"2026-09-09 18:00:00","2026-09-10 09:00:00","CAPE","surface",-70.4997,17.4806,2469
"2026-09-09 18:00:00","2026-09-10 09:00:00","CAPE","surface",-70.4757,17.4806,2384
"2026-09-09 18:00:00","2026-09-10 09:00:00","CAPE","surface",-70.4518,17.4806,2311
"2026-09-09 18:00:00","2026-09-10 09:00:00","CAPE","surface",-70.4279,17.4806,2311
"2026-09-09 18:00:00","2026-09-10 09:00:00","CAPE","surface",-70.404,17.4806,2252
"2026-09-09 18:00:00","2026-09-10 09:00:00","CAPE","surface",-70.38,17.4806,2182
"2026-09-09 18:00:00","2026-09-10 09:00:00","CAPE","surface",-70.3561,17.4806,2100
"2026-09-09 18:00:00","2026-09-10 09:00:00","CAPE","surface",-70.3322,17.4806,2014
"2026-09-09 18:00:00","2026-09-10 09:00:00","CAPE","surface",-70.3083,17.4806,1999
"2026-09-09 18:00:00","2026-09-10 09:00:00","CAPE","surface",-70.2843,17.4806,1913
"2026-09-09 18:00:00","2026-09-10 09:00:00","CAPE","surface",-70.2604,17.4806,1861
"2026-09-09 18:00:00","2026-09-10 09:00:00","CAPE","surface",-70.2365,17.4806,1855
"2026-09-09 18:00:00","2026-09-10 09:00:00","CAPE","surface",-70.2126,17.4806,1847
"2026-09-09 18:00:00","2026-09-10 09:00:00","CAPE","surface",-70.1886,17.4806,1947
"2026-09-09 18:00:00","2026-09-10 09:00:00","CAPE","surface",-70.1647,17.4806,1918
"2026-09-09 18:00:00","2026-09-10 09:00:00","CAPE","surface",-70.1408,17.4806,2028
"2026-09-09 18:00:00","2026-09-10 09:00:00","CAPE","surface",-70.1169,17.4806,2046
"2026-09-09 18:00:00","2026-09-10 09:00:00","CAPE","surface",-70.0929,17.4806,2204
"2026-09-09 18:00:00","2026-09-10 09:00:00","CAPE","surface",-70.069,17.4806,2204
"2026-09-09 18:00:00","2026-09-10 09:00:00","CAPE","surface",-70.0451,17.4806,2288
"2026-09-09 18:00:00","2026-09-10 09:00:00","CAPE","surface",-70.0212,17.4806,2267
"2026-09-09 18:00:00","2026-09-10 09:00:00","CAPE","surface",-69.9972,17.4806,2200
"2026-09-09 18:00:00","2026-09-10 09:00:00","CAPE","surface",-69.9733,17.4806,2213
"2026-09-09 18:00:00","2026-09-10 09:00:00","CAPE","surface",-69.9494,17.4806,2213
"2026-09-09 18:00:00","2026-09-10 09:00:00","CAPE","surface",-69.9255,17.4806,2322
"2026-09-09 18:00:00","2026-09-10 09:00:00","CAPE","surface",-69.9015,17.4806,2385
"2026-09-09 18:00:00","2026-09-10 09:00:00","CAPE","surface",-69.8776,17.4806,2501
"2026-09-09 18:00:00","2026-09-10 09:00:00","CAPE","surface",-69.8537,17.4806,2501
"2026-09-09 18:00:00","2026-09-10 09:00:00","CAPE","surface",-69.8298,17.4806,2504
"2026-09-09 18:00:00","2026-09-10 09:00:00","CAPE","surface",-69.8058,17.4806,2491
"2026-09-09 18:00:00","2026-09-10 09:00:00","CAPE","surface",-69.7819,17.4806,2506
"2026-09-09 18:00:00","2026-09-10 09:00:00","CAPE","surface",-69.758,17.4806,2514
"2026-09-09 18:00:00","2026-09-10 09:00:00","CAPE","surface",-69.7341,17.4806,2514
"2026-09-09 18:00:00","2026-09-10 09:00:00","CAPE","surface",-69.7101,17.4806,2439
"2026-09-09 18:00:00","2026-09-10 09:00:00","CAPE","surface",-69.6862,17.4806,2425
"2026-09-09 18:00:00","2026-09-10 09:00:00","CAPE","surface",-69.6623,17.4806,2418
"2026-09-09 18:00:00","2026-09-10 09:00:00","CAPE","surface",-69.6384,17.4806,2480
"2026-09-09 18:00:00","2026-09-10 09:00:00","CAPE","surface",-69.6144,17.4806,2470
"2026-09-09 18:00:00","2026-09-10 09:00:00","CAPE","surface",-69.5905,17.4806,2530
"2026-09-09 18:00:00","2026-09-10 09:00:00","CAPE","surface",-69.5666,17.4806,2633
"2026-09-09 18:00:00","2026-09-10 09:00:00","CAPE","surface",-69.5427,17.4806,2680
"2026-09-09 18:00:00","2026-09-10 09:00:00","CAPE","surface",-69.5187,17.4806,2680
"2026-09-09 18:00:00","2026-09-10 09:00:00","CAPE","surface",-69.4948,17.4806,2612
"2026-09-09 18:00:00","2026-09-10 09:00:00","CAPE","surface",-69.4709,17.4806,2619
"2026-09-09 18:00:00","2026-09-10 09:00:00","CAPE","surface",-69.447,17.4806,2550
"2026-09-09 18:00:00","2026-09-10 09:00:00","CAPE","surface",-69.423,17.4806,2505
"2026-09-09 18:00:00","2026-09-10 09:00:00","CAPE","surface",-69.3991,17.4806,2505
"2026-09-09 18:00:00","2026-09-10 09:00:00","CAPE","surface",-69.3752,17.4806,2439
"2026-09-09 18:00:00","2026-09-10 09:00:00","CAPE","surface",-69.3513,17.4806,2440
"2026-09-09 18:00:00","2026-09-10 09:00:00","CAPE","surface",-69.3273,17.4806,2396
"2026-09-09 18:00:00","2026-09-10 09:00:00","CAPE","surface",-69.3034,17.4806,2377
"2026-09-09 18:00:00","2026-09-10 09:00:00","CAPE","surface",-69.2795,17.4806,2349
"2026-09-09 18:00:00","2026-09-10 09:00:00","CAPE","surface",-69.2556,17.4806,2309
"2026-09-09 18:00:00","2026-09-10 09:00:00","CAPE","surface",-69.2316,17.4806,2226
"2026-09-09 18:00:00","2026-09-10 09:00:00","CAPE","surface",-69.2077,17.4806,2185
"2026-09-09 18:00:00","2026-09-10 09:00:00","CAPE","surface",-69.1838,17.4806,2185
"2026-09-09 18:00:00","2026-09-10 09:00:00","CAPE","surface",-69.1599,17.4806,2181
"2026-09-09 18:00:00","2026-09-10 09:00:00","CAPE","surface",-69.1359,17.4806,2258
"2026-09-09 18:00:00","2026-09-10 09:00:00","CAPE","surface",-69.112,17.4806,2245
"2026-09-09 18:00:00","2026-09-10 09:00:00","CAPE","surface",-69.0881,17.4806,2269
"2026-09-09 18:00:00","2026-09-10 09:00:00","CAPE","surface",-69.0642,17.4806,2209
"2026-09-09 18:00:00","2026-09-10 09:00:00","CAPE","surface",-69.0402,17.4806,2221
"2026-09-09 18:00:00","2026-09-10 09:00:00","CAPE","surface",-69.0163,17.4806,2250
"2026-09-09 18:00:00","2026-09-10 09:00:00","CAPE","surface",-68.9924,17.4806,2354
"2026-09-09 18:00:00","2026-09-10 09:00:00","CAPE","surface",-68.9685,17.4806,2354
"2026-09-09 18:00:00","2026-09-10 09:00:00","CAPE","surface",-68.9445,17.4806,2472
"2026-09-09 18:00:00","2026-09-10 09:00:00","CAPE","surface",-68.9206,17.4806,2565
"2026-09-09 18:00:00","2026-09-10 09:00:00","CAPE","surface",-68.8967,17.4806,2714
"2026-09-09 18:00:00","2026-09-10 09:00:00","CAPE","surface",-68.8728,17.4806,2765
"2026-09-09 18:00:00","2026-09-10 09:00:00","CAPE","surface",-68.8488,17.4806,2814
"2026-09-09 18:00:00","2026-09-10 09:00:00","CAPE","surface",-68.8249,17.4806,2859
"2026-09-09 18:00:00","2026-09-10 09:00:00","CAPE","surface",-68.801,17.4806,2821
"2026-09-09 18:00:00","2026-09-10 09:00:00","CAPE","surface",-68.7771,17.4806,2817
"2026-09-09 18:00:00","2026-09-10 09:00:00","CAPE","surface",-68.7531,17.4806,2817
"2026-09-09 18:00:00","2026-09-10 09:00:00","CAPE","surface",-68.7292,17.4806,2867
"2026-09-09 18:00:00","2026-09-10 09:00:00","CAPE","surface",-68.7053,17.4806,2875
"2026-09-09 18:00:00","2026-09-10 09:00:00","CAPE","surface",-68.6813,17.4806,2939
"2026-09-09 18:00:00","2026-09-10 09:00:00","CAPE","surface",-68.6574,17.4806,3011
"2026-09-09 18:00:00","2026-09-10 09:00:00","CAPE","surface",-68.6335,17.4806,3011
"2026-09-09 18:00:00","2026-09-10 09:00:00","CAPE","surface",-68.6096,17.4806,3193
"2026-09-09 18:00:00","2026-09-10 09:00:00","CAPE","surface",-68.5856,17.4806,3240
"2026-09-09 18:00:00","2026-09-10 09:00:00","CAPE","surface",-68.5617,17.4806,3466
"2026-09-09 18:00:00","2026-09-10 09:00:00","CAPE","surface",-68.5378,17.4806,3466
"2026-09-09 18:00:00","2026-09-10 09:00:00","CAPE","surface",-68.5139,17.4806,3563
"2026-09-09 18:00:00","2026-09-10 09:00:00","CAPE","surface",-68.4899,17.4806,3327
"2026-09-09 18:00:00","2026-09-10 09:00:00","CAPE","surface",-68.466,17.4806,3355
"2026-09-09 18:00:00","2026-09-10 09:00:00","CAPE","surface",-68.4421,17.4806,3006
"2026-09-09 18:00:00","2026-09-10 09:00:00","CAPE","surface",-68.4182,17.4806,3006
"2026-09-09 18:00:00","2026-09-10 09:00:00","CAPE","surface",-68.3942,17.4806,2724
"2026-09-09 18:00:00","2026-09-10 09:00:00","CAPE","surface",-68.3703,17.4806,2754
"2026-09-09 18:00:00","2026-09-10 09:00:00","CAPE","surface",-68.3464,17.4806,2586
"2026-09-09 18:00:00","2026-09-10 09:00:00","CAPE","surface",-68.3225,17.4806,2586
"2026-09-09 18:00:00","2026-09-10 09:00:00","CAPE","surface",-68.2985,17.4806,2591
"2026-09-09 18:00:00","2026-09-10 09:00:00","CAPE","surface",-68.2746,17.4806,2678
"2026-09-09 18:00:00","2026-09-10 09:00:00","CAPE","surface",-68.2507,17.4806,2825
"2026-09-09 18:00:00","2026-09-10 09:00:00","CAPE","surface",-68.2268,17.4806,2878
"2026-09-09 18:00:00","2026-09-10 09:00:00","CAPE","surface",-68.2028,17.4806,3050
"2026-09-09 18:00:00","2026-09-10 09:00:00","CAPE","surface",-68.1789,17.4806,3025
"2026-09-09 18:00:00","2026-09-10 09:00:00","CAPE","surface",-68.155,17.4806,3001
"2026-09-09 18:00:00","2026-09-10 09:00:00","CAPE","surface",-68.1311,17.4806,2739
"2026-09-09 18:00:00","2026-09-10 09:00:00","CAPE","surface",-68.1071,17.4806,2541
"2026-09-09 18:00:00","2026-09-10 09:00:00","CAPE","surface",-68.0832,17.4806,2524
"2026-09-09 18:00:00","2026-09-10 09:00:00","CAPE","surface",-68.0593,17.4806,2268
"2026-09-09 18:00:00","2026-09-10 09:00:00","CAPE","surface",-68.0354,17.4806,2178
"2026-09-09 18:00:00","2026-09-10 09:00:00","CAPE","surface",-68.0114,17.4806,1812
"2026-09-09 18:00:00","2026-09-10 09:00:00","CAPE","surface",-67.9875,17.4806,1812
"2026-09-09 18:00:00","2026-09-10 09:00:00","CAPE","surface",-67.9636,17.4806,1630
"2026-09-09 18:00:00","2026-09-10 09:00:00","CAPE","surface",-67.9397,17.4806,1767
"2026-09-09 18:00:00","2026-09-10 09:00:00","CAPE","surface",-67.9157,17.4806,1981
"2026-09-09 18:00:00","2026-09-10 09:00:00","CAPE","surface",-67.8918,17.4806,2012
"2026-09-09 18:00:00","2026-09-10 09:00:00","CAPE","surface",-67.8679,17.4806,2058
"2026-09-09 18:00:00","2026-09-10 09:00:00","CAPE","surface",-67.844,17.4806,2118
"2026-09-09 18:00:00","2026-09-10 09:00:00","CAPE","surface",-67.82,17.4806,2067
"2026-09-09 18:00:00","2026-09-10 09:00:00","CAPE","surface",-67.7961,17.4806,2188
"2026-09-09 18:00:00","2026-09-10 09:00:00","CAPE","surface",-67.7722,17.4806,2198
"2026-09-09 18:00:00","2026-09-10 09:00:00","CAPE","surface",-67.7483,17.4806,2074
"2026-09-09 18:00:00","2026-09-10 09:00:00","CAPE","surface",-67.7243,17.4806,2083
"2026-09-09 18:00:00","2026-09-10 09:00:00","CAPE","surface",-67.7004,17.4806,2083
"2026-09-09 18:00:00","2026-09-10 09:00:00","CAPE","surface",-67.6765,17.4806,2161
"2026-09-09 18:00:00","2026-09-10 09:00:00","CAPE","surface",-67.6526,17.4806,2270
"2026-09-09 18:00:00","2026-09-10 09:00:00","CAPE","surface",-67.6286,17.4806,2373
"2026-09-09 18:00:00","2026-09-10 09:00:00","CAPE","surface",-67.6047,17.4806,2486
"2026-09-09 18:00:00","2026-09-10 09:00:00","CAPE","surface",-67.5808,17.4806,2715
"2026-09-09 18:00:00","2026-09-10 09:00:00","CAPE","surface",-67.5569,17.4806,3002
"2026-09-09 18:00:00","2026-09-10 09:00:00","CAPE","surface",-67.5329,17.4806,3051
"2026-09-09 18:00:00","2026-09-10 09:00:00","CAPE","surface",-67.509,17.4806,2958
"2026-09-09 18:00:00","2026-09-10 09:00:00","CAPE","surface",-67.4851,17.4806,2762
"2026-09-09 18:00:00","2026-09-10 09:00:00","CAPE","surface",-67.4612,17.4806,2872
"2026-09-09 18:00:00","2026-09-10 09:00:00","CAPE","surface",-67.4372,17.4806,2864
"2026-09-09 18:00:00","2026-09-10 09:00:00","CAPE","surface",-67.4133,17.4806,2896
"2026-09-09 18:00:00","2026-09-10 09:00:00","CAPE","surface",-67.3894,17.4806,2809
"2026-09-09 18:00:00","2026-09-10 09:00:00","CAPE","surface",-67.3655,17.4806,2817
"2026-09-09 18:00:00","2026-09-10 09:00:00","CAPE","surface",-67.3415,17.4806,2701
"2026-09-09 18:00:00","2026-09-10 09:00:00","CAPE","surface",-67.3176,17.4806,2758
"2026-09-09 18:00:00","2026-09-10 09:00:00","CAPE","surface",-67.2937,17.4806,2758
"2026-09-09 18:00:00","2026-09-10 09:00:00","CAPE","surface",-67.2698,17.4806,2893
"2026-09-09 18:00:00","2026-09-10 09:00:00","CAPE","surface",-67.2458,17.4806,2951
"2026-09-09 18:00:00","2026-09-10 09:00:00","CAPE","surface",-67.2219,17.4806,3068
"2026-09-09 18:00:00","2026-09-10 09:00:00","CAPE","surface",-67.198,17.4806,3068
"2026-09-09 18:00:00","2026-09-10 09:00:00","CAPE","surface",-67.1741,17.4806,3230
"2026-09-09 18:00:00","2026-09-10 09:00:00","CAPE","surface",-67.1501,17.4806,3257
"2026-09-09 18:00:00","2026-09-10 09:00:00","CAPE","surface",-67.1262,17.4806,3386
"2026-09-09 18:00:00","2026-09-10 09:00:00","CAPE","surface",-67.1023,17.4806,3076
"2026-09-09 18:00:00","2026-09-10 09:00:00","CAPE","surface",-67.0784,17.4806,3142
"2026-09-09 18:00:00","2026-09-10 09:00:00","CAPE","surface",-67.0544,17.4806,2797
"2026-09-09 18:00:00","2026-09-10 09:00:00","CAPE","surface",-67.0305,17.4806,2750
"2026-09-09 18:00:00","2026-09-10 09:00:00","CAPE","surface",-67.0066,17.4806,2688
"2026-09-09 18:00:00","2026-09-10 09:00:00","CAPE","surface",-74.7822,17.5034,2819
"2026-09-09 18:00:00","2026-09-10 09:00:00","CAPE","surface",-74.7583,17.5034,2666
"2026-09-09 18:00:00","2026-09-10 09:00:00","CAPE","surface",-74.7344,17.5034,2310
"2026-09-09 18:00:00","2026-09-10 09:00:00","CAPE","surface",-74.7105,17.5034,2259
"2026-09-09 18:00:00","2026-09-10 09:00:00","CAPE","surface",-74.6865,17.5034,2326
"2026-09-09 18:00:00","2026-09-10 09:00:00","CAPE","surface",-74.6626,17.5034,2443
"2026-09-09 18:00:00","2026-09-10 09:00:00","CAPE","surface",-74.6387,17.5034,2492
"2026-09-09 18:00:00","2026-09-10 09:00:00","CAPE","surface",-74.6148,17.5034,2521
"2026-09-09 18:00:00","2026-09-10 09:00:00","CAPE","surface",-74.5908,17.5034,2567
"2026-09-09 18:00:00","2026-09-10 09:00:00","CAPE","surface",-74.5669,17.5034,2576
"2026-09-09 18:00:00","2026-09-10 09:00:00","CAPE","surface",-74.543,17.5034,2686
"2026-09-09 18:00:00","2026-09-10 09:00:00","CAPE","surface",-74.5191,17.5034,2731
"2026-09-09 18:00:00","2026-09-10 09:00:00","CAPE","surface",-74.4951,17.5034,2620
"2026-09-09 18:00:00","2026-09-10 09:00:00","CAPE","surface",-74.4712,17.5034,2534
"2026-09-09 18:00:00","2026-09-10 09:00:00","CAPE","surface",-74.4473,17.5034,2335
"2026-09-09 18:00:00","2026-09-10 09:00:00","CAPE","surface",-74.4234,17.5034,2408
"2026-09-09 18:00:00","2026-09-10 09:00:00","CAPE","surface",-74.3994,17.5034,2510
"2026-09-09 18:00:00","2026-09-10 09:00:00","CAPE","surface",-74.3755,17.5034,2565
"2026-09-09 18:00:00","2026-09-10 09:00:00","CAPE","surface",-74.3516,17.5034,2582
"2026-09-09 18:00:00","2026-09-10 09:00:00","CAPE","surface",-74.3277,17.5034,2593
"2026-09-09 18:00:00","2026-09-10 09:00:00","CAPE","surface",-74.3037,17.5034,2615
"2026-09-09 18:00:00","2026-09-10 09:00:00","CAPE","surface",-74.2798,17.5034,2633
"2026-09-09 18:00:00","2026-09-10 09:00:00","CAPE","surface",-74.2559,17.5034,2672
"2026-09-09 18:00:00","2026-09-10 09:00:00","CAPE","surface",-74.232,17.5034,2623
"2026-09-09 18:00:00","2026-09-10 09:00:00","CAPE","surface",-74.208,17.5034,2623
"2026-09-09 18:00:00","2026-09-10 09:00:00","CAPE","surface",-74.1841,17.5034,2513
"2026-09-09 18:00:00","2026-09-10 09:00:00","CAPE","surface",-74.1602,17.5034,2541
"2026-09-09 18:00:00","2026-09-10 09:00:00","CAPE","surface",-74.1363,17.5034,2366
"2026-09-09 18:00:00","2026-09-10 09:00:00","CAPE","surface",-74.1123,17.5034,2216
"2026-09-09 18:00:00","2026-09-10 09:00:00","CAPE","surface",-74.0884,17.5034,2242
"2026-09-09 18:00:00","2026-09-10 09:00:00","CAPE","surface",-74.0645,17.5034,2242
"2026-09-09 18:00:00","2026-09-10 09:00:00","CAPE","surface",-74.0406,17.5034,2437
"2026-09-09 18:00:00","2026-09-10 09:00:00","CAPE","surface",-74.0166,17.5034,2387
"2026-09-09 18:00:00","2026-09-10 09:00:00","CAPE","surface",-73.9927,17.5034,2600
"2026-09-09 18:00:00","2026-09-10 09:00:00","CAPE","surface",-73.9688,17.5034,2483
"2026-09-09 18:00:00","2026-09-10 09:00:00","CAPE","surface",-73.9449,17.5034,2594
"2026-09-09 18:00:00","2026-09-10 09:00:00","CAPE","surface",-73.9209,17.5034,2594
"2026-09-09 18:00:00","2026-09-10 09:00:00","CAPE","surface",-73.897,17.5034,2645
"2026-09-09 18:00:00","2026-09-10 09:00:00","CAPE","surface",-73.8731,17.5034,2601
"2026-09-09 18:00:00","2026-09-10 09:00:00","CAPE","surface",-73.8492,17.5034,2661
"2026-09-09 18:00:00","2026-09-10 09:00:00","CAPE","surface",-73.8252,17.5034,2620
"2026-09-09 18:00:00","2026-09-10 09:00:00","CAPE","surface",-73.8013,17.5034,2731
"2026-09-09 18:00:00","2026-09-10 09:00:00","CAPE","surface",-73.7774,17.5034,2731
"2026-09-09 18:00:00","2026-09-10 09:00:00","CAPE","surface",-73.7535,17.5034,2782
"2026-09-09 18:00:00","2026-09-10 09:00:00","CAPE","surface",-73.7295,17.5034,2472
"2026-09-09 18:00:00","2026-09-10 09:00:00","CAPE","surface",-73.7056,17.5034,2463
"2026-09-09 18:00:00","2026-09-10 09:00:00","CAPE","surface",-73.6817,17.5034,2564
"2026-09-09 18:00:00","2026-09-10 09:00:00","CAPE","surface",-73.6578,17.5034,2564
"2026-09-09 18:00:00","2026-09-10 09:00:00","CAPE","surface",-73.6338,17.5034,2772
"2026-09-09 18:00:00","2026-09-10 09:00:00","CAPE","surface",-73.6099,17.5034,2654
"2026-09-09 18:00:00","2026-09-10 09:00:00","CAPE","surface",-73.586,17.5034,2942
"2026-09-09 18:00:00","2026-09-10 09:00:00","CAPE","surface",-73.5621,17.5034,2878
"2026-09-09 18:00:00","2026-09-10 09:00:00","CAPE","surface",-73.5381,17.5034,3035
"2026-09-09 18:00:00","2026-09-10 09:00:00","CAPE","surface",-73.5142,17.5034,3035
"2026-09-09 18:00:00","2026-09-10 09:00:00","CAPE","surface",-73.4903,17.5034,3118
"2026-09-09 18:00:00","2026-09-10 09:00:00","CAPE","surface",-73.4664,17.5034,3156
"2026-09-09 18:00:00","2026-09-10 09:00:00","CAPE","surface",-73.4424,17.5034,3198
"2026-09-09 18:00:00","2026-09-10 09:00:00","CAPE","surface",-73.4185,17.5034,3210
"2026-09-09 18:00:00","2026-09-10 09:00:00","CAPE","surface",-73.3946,17.5034,3191
"2026-09-09 18:00:00","2026-09-10 09:00:00","CAPE","surface",-73.3707,17.5034,3191
"2026-09-09 18:00:00","2026-09-10 09:00:00","CAPE","surface",-73.3467,17.5034,3127
"2026-09-09 18:00:00","2026-09-10 09:00:00","CAPE","surface",-73.3228,17.5034,3125
"2026-09-09 18:00:00","2026-09-10 09:00:00","CAPE","surface",-73.2989,17.5034,3040
"2026-09-09 18:00:00","2026-09-10 09:00:00","CAPE","surface",-73.275,17.5034,3033
"2026-09-09 18:00:00","2026-09-10 09:00:00","CAPE","surface",-73.251,17.5034,3009
"2026-09-09 18:00:00","2026-09-10 09:00:00","CAPE","surface",-73.2271,17.5034,2741
"2026-09-09 18:00:00","2026-09-10 09:00:00","CAPE","surface",-73.2032,17.5034,2846
"2026-09-09 18:00:00","2026-09-10 09:00:00","CAPE","surface",-73.1793,17.5034,2523
"2026-09-09 18:00:00","2026-09-10 09:00:00","CAPE","surface",-73.1553,17.5034,2524
"2026-09-09 18:00:00","2026-09-10 09:00:00","CAPE","surface",-73.1314,17.5034,2362
"2026-09-09 18:00:00","2026-09-10 09:00:00","CAPE","surface",-73.1075,17.5034,2362
"2026-09-09 18:00:00","2026-09-10 09:00:00","CAPE","surface",-73.0836,17.5034,2403
"2026-09-09 18:00:00","2026-09-10 09:00:00","CAPE","surface",-73.0596,17.5034,2436
"2026-09-09 18:00:00","2026-09-10 09:00:00","CAPE","surface",-73.0357,17.5034,2461
"2026-09-09 18:00:00","2026-09-10 09:00:00","CAPE","surface",-73.0118,17.5034,2456
"2026-09-09 18:00:00","2026-09-10 09:00:00","CAPE","surface",-72.9879,17.5034,2364
"2026-09-09 18:00:00","2026-09-10 09:00:00","CAPE","surface",-72.9639,17.5034,2364
"2026-09-09 18:00:00","2026-09-10 09:00:00","CAPE","surface",-72.94,17.5034,2275
"2026-09-09 18:00:00","2026-09-10 09:00:00","CAPE","surface",-72.9161,17.5034,2273
"2026-09-09 18:00:00","2026-09-10 09:00:00","CAPE","surface",-72.8922,17.5034,2302
"2026-09-09 18:00:00","2026-09-10 09:00:00","CAPE","surface",-72.8682,17.5034,2342
"2026-09-09 18:00:00","2026-09-10 09:00:00","CAPE","surface",-72.8443,17.5034,2342
"2026-09-09 18:00:00","2026-09-10 09:00:00","CAPE","surface",-72.8204,17.5034,2360
"2026-09-09 18:00:00","2026-09-10 09:00:00","CAPE","surface",-72.7965,17.5034,2383
"2026-09-09 18:00:00","2026-09-10 09:00:00","CAPE","surface",-72.7725,17.5034,2429
"2026-09-09 18:00:00","2026-09-10 09:00:00","CAPE","surface",-72.7486,17.5034,2454
"2026-09-09 18:00:00","2026-09-10 09:00:00","CAPE","surface",-72.7247,17.5034,2466
"2026-09-09 18:00:00","2026-09-10 09:00:00","CAPE","surface",-72.7008,17.5034,2466
"2026-09-09 18:00:00","2026-09-10 09:00:00","CAPE","surface",-72.6768,17.5034,2435
"2026-09-09 18:00:00","2026-09-10 09:00:00","CAPE","surface",-72.6529,17.5034,2418
"2026-09-09 18:00:00","2026-09-10 09:00:00","CAPE","surface",-72.629,17.5034,2434
"2026-09-09 18:00:00","2026-09-10 09:00:00","CAPE","surface",-72.6051,17.5034,2445
"2026-09-09 18:00:00","2026-09-10 09:00:00","CAPE","surface",-72.5811,17.5034,2457
"2026-09-09 18:00:00","2026-09-10 09:00:00","CAPE","surface",-72.5572,17.5034,2481
"2026-09-09 18:00:00","2026-09-10 09:00:00","CAPE","surface",-72.5333,17.5034,2504
"2026-09-09 18:00:00","2026-09-10 09:00:00","CAPE","surface",-72.5094,17.5034,2547
"2026-09-09 18:00:00","2026-09-10 09:00:00","CAPE","surface",-72.4854,17.5034,2573
"2026-09-09 18:00:00","2026-09-10 09:00:00","CAPE","surface",-72.4615,17.5034,2617
"2026-09-09 18:00:00","2026-09-10 09:00:00","CAPE","surface",-72.4376,17.5034,2617
"2026-09-09 18:00:00","2026-09-10 09:00:00","CAPE","surface",-72.4137,17.5034,2651
"2026-09-09 18:00:00","2026-09-10 09:00:00","CAPE","surface",-72.3897,17.5034,2671
"2026-09-09 18:00:00","2026-09-10 09:00:00","CAPE","surface",-72.3658,17.5034,2687
"2026-09-09 18:00:00","2026-09-10 09:00:00","CAPE","surface",-72.3419,17.5034,2700
"2026-09-09 18:00:00","2026-09-10 09:00:00","CAPE","surface",-72.318,17.5034,2691
"2026-09-09 18:00:00","2026-09-10 09:00:00","CAPE","surface",-72.294,17.5034,2714
"2026-09-09 18:00:00","2026-09-10 09:00:00","CAPE","surface",-72.2701,17.5034,2730
"2026-09-09 18:00:00","2026-09-10 09:00:00","CAPE","surface",-72.2462,17.5034,2767
"2026-09-09 18:00:00","2026-09-10 09:00:00","CAPE","surface",-72.2223,17.5034,2790
"2026-09-09 18:00:00","2026-09-10 09:00:00","CAPE","surface",-72.1983,17.5034,2790
"2026-09-09 18:00:00","2026-09-10 09:00:00","CAPE","surface",-72.1744,17.5034,2798
"2026-09-09 18:00:00","2026-09-10 09:00:00","CAPE","surface",-72.1505,17.5034,2804
"2026-09-09 18:00:00","2026-09-10 09:00:00","CAPE","surface",-72.1266,17.5034,2813
"2026-09-09 18:00:00","2026-09-10 09:00:00","CAPE","surface",-72.1026,17.5034,2794
"2026-09-09 18:00:00","2026-09-10 09:00:00","CAPE","surface",-72.0787,17.5034,2790
"2026-09-09 18:00:00","2026-09-10 09:00:00","CAPE","surface",-72.0548,17.5034,2774
"2026-09-09 18:00:00","2026-09-10 09:00:00","CAPE","surface",-72.0309,17.5034,2782
"2026-09-09 18:00:00","2026-09-10 09:00:00","CAPE","surface",-72.0069,17.5034,2737
"2026-09-09 18:00:00","2026-09-10 09:00:00","CAPE","surface",-71.983,17.5034,2724
"2026-09-09 18:00:00","2026-09-10 09:00:00","CAPE","surface",-71.9591,17.5034,2686
"2026-09-09 18:00:00","2026-09-10 09:00:00","CAPE","surface",-71.9352,17.5034,2686
"2026-09-09 18:00:00","2026-09-10 09:00:00","CAPE","surface",-71.9112,17.5034,2643
"2026-09-09 18:00:00","2026-09-10 09:00:00","CAPE","surface",-71.8873,17.5034,2571
"2026-09-09 18:00:00","2026-09-10 09:00:00","CAPE","surface",-71.8634,17.5034,2542
"2026-09-09 18:00:00","2026-09-10 09:00:00","CAPE","surface",-71.8395,17.5034,2470
"2026-09-09 18:00:00","2026-09-10 09:00:00","CAPE","surface",-71.8155,17.5034,2470
"2026-09-09 18:00:00","2026-09-10 09:00:00","CAPE","surface",-71.7916,17.5034,2438
"2026-09-09 18:00:00","2026-09-10 09:00:00","CAPE","surface",-71.7677,17.5034,2432
"2026-09-09 18:00:00","2026-09-10 09:00:00","CAPE","surface",-71.7438,17.5034,2449
"2026-09-09 18:00:00","2026-09-10 09:00:00","CAPE","surface",-71.7198,17.5034,2482
"2026-09-09 18:00:00","2026-09-10 09:00:00","CAPE","surface",-71.6959,17.5034,2487
"2026-09-09 18:00:00","2026-09-10 09:00:00","CAPE","surface",-71.672,17.5034,2535
"2026-09-09 18:00:00","2026-09-10 09:00:00","CAPE","surface",-71.6481,17.5034,2589
"2026-09-09 18:00:00","2026-09-10 09:00:00","CAPE","surface",-71.6241,17.5034,2710
"2026-09-09 18:00:00","2026-09-10 09:00:00","CAPE","surface",-71.6002,17.5034,2819
"2026-09-09 18:00:00","2026-09-10 09:00:00","CAPE","surface",-71.5763,17.5034,2946
"2026-09-09 18:00:00","2026-09-10 09:00:00","CAPE","surface",-71.5524,17.5034,2946
"2026-09-09 18:00:00","2026-09-10 09:00:00","CAPE","surface",-71.5284,17.5034,3070
"2026-09-09 18:00:00","2026-09-10 09:00:00","CAPE","surface",-71.5045,17.5034,3132
"2026-09-09 18:00:00","2026-09-10 09:00:00","CAPE","surface",-71.4806,17.5034,3117
"2026-09-09 18:00:00","2026-09-10 09:00:00","CAPE","surface",-71.4567,17.5034,3026
"2026-09-09 18:00:00","2026-09-10 09:00:00","CAPE","surface",-71.4327,17.5034,3084
"2026-09-09 18:00:00","2026-09-10 09:00:00","CAPE","surface",-71.4088,17.5034,2939
"2026-09-09 18:00:00","2026-09-10 09:00:00","CAPE","surface",-71.3849,17.5034,2912
"2026-09-09 18:00:00","2026-09-10 09:00:00","CAPE","surface",-71.361,17.5034,2813
"2026-09-09 18:00:00","2026-09-10 09:00:00","CAPE","surface",-71.337,17.5034,2807
"2026-09-09 18:00:00","2026-09-10 09:00:00","CAPE","surface",-71.3131,17.5034,2863
"2026-09-09 18:00:00","2026-09-10 09:00:00","CAPE","surface",-71.2892,17.5034,2821
"2026-09-09 18:00:00","2026-09-10 09:00:00","CAPE","surface",-71.2653,17.5034,2887
"2026-09-09 18:00:00","2026-09-10 09:00:00","CAPE","surface",-71.2413,17.5034,2893
"2026-09-09 18:00:00","2026-09-10 09:00:00","CAPE","surface",-71.2174,17.5034,2972
"2026-09-09 18:00:00","2026-09-10 09:00:00","CAPE","surface",-71.1935,17.5034,2972
"2026-09-09 18:00:00","2026-09-10 09:00:00","CAPE","surface",-71.1696,17.5034,2922
"2026-09-09 18:00:00","2026-09-10 09:00:00","CAPE","surface",-71.1456,17.5034,2880
"2026-09-09 18:00:00","2026-09-10 09:00:00","CAPE","surface",-71.1217,17.5034,2754
"2026-09-09 18:00:00","2026-09-10 09:00:00","CAPE","surface",-71.0978,17.5034,2692
"2026-09-09 18:00:00","2026-09-10 09:00:00","CAPE","surface",-71.0739,17.5034,2674
"2026-09-09 18:00:00","2026-09-10 09:00:00","CAPE","surface",-71.0499,17.5034,2595
"2026-09-09 18:00:00","2026-09-10 09:00:00","CAPE","surface",-71.026,17.5034,2504
"2026-09-09 18:00:00","2026-09-10 09:00:00","CAPE","surface",-71.0021,17.5034,2378
"2026-09-09 18:00:00","2026-09-10 09:00:00","CAPE","surface",-70.9782,17.5034,2295
"2026-09-09 18:00:00","2026-09-10 09:00:00","CAPE","surface",-70.9542,17.5034,2373
"2026-09-09 18:00:00","2026-09-10 09:00:00","CAPE","surface",-70.9303,17.5034,2325
"2026-09-09 18:00:00","2026-09-10 09:00:00","CAPE","surface",-70.9064,17.5034,2431
"2026-09-09 18:00:00","2026-09-10 09:00:00","CAPE","surface",-70.8825,17.5034,2469
"2026-09-09 18:00:00","2026-09-10 09:00:00","CAPE","surface",-70.8585,17.5034,2523
"2026-09-09 18:00:00","2026-09-10 09:00:00","CAPE","surface",-70.8346,17.5034,2523
"2026-09-09 18:00:00","2026-09-10 09:00:00","CAPE","surface",-70.8107,17.5034,2482
"2026-09-09 18:00:00","2026-09-10 09:00:00","CAPE","surface",-70.7868,17.5034,2455
"2026-09-09 18:00:00","2026-09-10 09:00:00","CAPE","surface",-70.7628,17.5034,2449
"2026-09-09 18:00:00","2026-09-10 09:00:00","CAPE","surface",-70.7389,17.5034,2482
"2026-09-09 18:00:00","2026-09-10 09:00:00","CAPE","surface",-70.715,17.5034,2482
"2026-09-09 18:00:00","2026-09-10 09:00:00","CAPE","surface",-70.6911,17.5034,2507
"2026-09-09 18:00:00","2026-09-10 09:00:00","CAPE","surface",-70.6671,17.5034,2510
"2026-09-09 18:00:00","2026-09-10 09:00:00","CAPE","surface",-70.6432,17.5034,2549
"2026-09-09 18:00:00","2026-09-10 09:00:00","CAPE","surface",-70.6193,17.5034,2565
"2026-09-09 18:00:00","2026-09-10 09:00:00","CAPE","surface",-70.5954,17.5034,2594
"2026-09-09 18:00:00","2026-09-10 09:00:00","CAPE","surface",-70.5714,17.5034,2556
"2026-09-09 18:00:00","2026-09-10 09:00:00","CAPE","surface",-70.5475,17.5034,2530
"2026-09-09 18:00:00","2026-09-10 09:00:00","CAPE","surface",-70.5236,17.5034,2527
"2026-09-09 18:00:00","2026-09-10 09:00:00","CAPE","surface",-70.4997,17.5034,2481
"2026-09-09 18:00:00","2026-09-10 09:00:00","CAPE","surface",-70.4757,17.5034,2494
"2026-09-09 18:00:00","2026-09-10 09:00:00","CAPE","surface",-70.4518,17.5034,2425
"2026-09-09 18:00:00","2026-09-10 09:00:00","CAPE","surface",-70.4279,17.5034,2350
"2026-09-09 18:00:00","2026-09-10 09:00:00","CAPE","surface",-70.404,17.5034,2252
"2026-09-09 18:00:00","2026-09-10 09:00:00","CAPE","surface",-70.38,17.5034,2263
"2026-09-09 18:00:00","2026-09-10 09:00:00","CAPE","surface",-70.3561,17.5034,2184
"2026-09-09 18:00:00","2026-09-10 09:00:00","CAPE","surface",-70.3322,17.5034,2085
"2026-09-09 18:00:00","2026-09-10 09:00:00","CAPE","surface",-70.3083,17.5034,1988
"2026-09-09 18:00:00","2026-09-10 09:00:00","CAPE","surface",-70.2843,17.5034,1912
"2026-09-09 18:00:00","2026-09-10 09:00:00","CAPE","surface",-70.2604,17.5034,1953
"2026-09-09 18:00:00","2026-09-10 09:00:00","CAPE","surface",-70.2365,17.5034,1902
"2026-09-09 18:00:00","2026-09-10 09:00:00","CAPE","surface",-70.2126,17.5034,2000
"2026-09-09 18:00:00","2026-09-10 09:00:00","CAPE","surface",-70.1886,17.5034,1947
"2026-09-09 18:00:00","2026-09-10 09:00:00","CAPE","surface",-70.1647,17.5034,2058
"2026-09-09 18:00:00","2026-09-10 09:00:00","CAPE","surface",-70.1408,17.5034,2058
"2026-09-09 18:00:00","2026-09-10 09:00:00","CAPE","surface",-70.1169,17.5034,2168
"2026-09-09 18:00:00","2026-09-10 09:00:00","CAPE","surface",-70.0929,17.5034,2296
"2026-09-09 18:00:00","2026-09-10 09:00:00","CAPE","surface",-70.069,17.5034,2298
"2026-09-09 18:00:00","2026-09-10 09:00:00","CAPE","surface",-70.0451,17.5034,2315
"2026-09-09 18:00:00","2026-09-10 09:00:00","CAPE","surface",-70.0212,17.5034,2315
"2026-09-09 18:00:00","2026-09-10 09:00:00","CAPE","surface",-69.9972,17.5034,2272
"2026-09-09 18:00:00","2026-09-10 09:00:00","CAPE","surface",-69.9733,17.5034,2243
"2026-09-09 18:00:00","2026-09-10 09:00:00","CAPE","surface",-69.9494,17.5034,2294
"2026-09-09 18:00:00","2026-09-10 09:00:00","CAPE","surface",-69.9255,17.5034,2294
"2026-09-09 18:00:00","2026-09-10 09:00:00","CAPE","surface",-69.9015,17.5034,2422
"2026-09-09 18:00:00","2026-09-10 09:00:00","CAPE","surface",-69.8776,17.5034,2522
"2026-09-09 18:00:00","2026-09-10 09:00:00","CAPE","surface",-69.8537,17.5034,2522
"2026-09-09 18:00:00","2026-09-10 09:00:00","CAPE","surface",-69.8298,17.5034,2519
"2026-09-09 18:00:00","2026-09-10 09:00:00","CAPE","surface",-69.8058,17.5034,2519
"2026-09-09 18:00:00","2026-09-10 09:00:00","CAPE","surface",-69.7819,17.5034,2504
"2026-09-09 18:00:00","2026-09-10 09:00:00","CAPE","surface",-69.758,17.5034,2503
"2026-09-09 18:00:00","2026-09-10 09:00:00","CAPE","surface",-69.7341,17.5034,2455
"2026-09-09 18:00:00","2026-09-10 09:00:00","CAPE","surface",-69.7101,17.5034,2395
"2026-09-09 18:00:00","2026-09-10 09:00:00","CAPE","surface",-69.6862,17.5034,2395
"2026-09-09 18:00:00","2026-09-10 09:00:00","CAPE","surface",-69.6623,17.5034,2390
"2026-09-09 18:00:00","2026-09-10 09:00:00","CAPE","surface",-69.6384,17.5034,2412
"2026-09-09 18:00:00","2026-09-10 09:00:00","CAPE","surface",-69.6144,17.5034,2447
"2026-09-09 18:00:00","2026-09-10 09:00:00","CAPE","surface",-69.5905,17.5034,2530
"2026-09-09 18:00:00","2026-09-10 09:00:00","CAPE","surface",-69.5666,17.5034,2470
"2026-09-09 18:00:00","2026-09-10 09:00:00","CAPE","surface",-69.5427,17.5034,2552
"2026-09-09 18:00:00","2026-09-10 09:00:00","CAPE","surface",-69.5187,17.5034,2588
"2026-09-09 18:00:00","2026-09-10 09:00:00","CAPE","surface",-69.4948,17.5034,2538
"2026-09-09 18:00:00","2026-09-10 09:00:00","CAPE","surface",-69.4709,17.5034,2538
"2026-09-09 18:00:00","2026-09-10 09:00:00","CAPE","surface",-69.447,17.5034,2467
"2026-09-09 18:00:00","2026-09-10 09:00:00","CAPE","surface",-69.423,17.5034,2476
"2026-09-09 18:00:00","2026-09-10 09:00:00","CAPE","surface",-69.3991,17.5034,2412
"2026-09-09 18:00:00","2026-09-10 09:00:00","CAPE","surface",-69.3752,17.5034,2439
"2026-09-09 18:00:00","2026-09-10 09:00:00","CAPE","surface",-69.3513,17.5034,2395
"2026-09-09 18:00:00","2026-09-10 09:00:00","CAPE","surface",-69.3273,17.5034,2406
"2026-09-09 18:00:00","2026-09-10 09:00:00","CAPE","surface",-69.3034,17.5034,2372
"2026-09-09 18:00:00","2026-09-10 09:00:00","CAPE","surface",-69.2795,17.5034,2311
"2026-09-09 18:00:00","2026-09-10 09:00:00","CAPE","surface",-69.2556,17.5034,2311
"2026-09-09 18:00:00","2026-09-10 09:00:00","CAPE","surface",-69.2316,17.5034,2249
"2026-09-09 18:00:00","2026-09-10 09:00:00","CAPE","surface",-69.2077,17.5034,2205
"2026-09-09 18:00:00","2026-09-10 09:00:00","CAPE","surface",-69.1838,17.5034,2168
"2026-09-09 18:00:00","2026-09-10 09:00:00","CAPE","surface",-69.1599,17.5034,2181
"2026-09-09 18:00:00","2026-09-10 09:00:00","CAPE","surface",-69.1359,17.5034,2134
"2026-09-09 18:00:00","2026-09-10 09:00:00","CAPE","surface",-69.112,17.5034,2110
"2026-09-09 18:00:00","2026-09-10 09:00:00","CAPE","surface",-69.0881,17.5034,2177
"2026-09-09 18:00:00","2026-09-10 09:00:00","CAPE","surface",-69.0642,17.5034,2206
"2026-09-09 18:00:00","2026-09-10 09:00:00","CAPE","surface",-69.0402,17.5034,2221
"2026-09-09 18:00:00","2026-09-10 09:00:00","CAPE","surface",-69.0163,17.5034,2262
"2026-09-09 18:00:00","2026-09-10 09:00:00","CAPE","surface",-68.9924,17.5034,2296
"2026-09-09 18:00:00","2026-09-10 09:00:00","CAPE","surface",-68.9685,17.5034,2403
"2026-09-09 18:00:00","2026-09-10 09:00:00","CAPE","surface",-68.9445,17.5034,2472
"2026-09-09 18:00:00","2026-09-10 09:00:00","CAPE","surface",-68.9206,17.5034,2523
"2026-09-09 18:00:00","2026-09-10 09:00:00","CAPE","surface",-68.8967,17.5034,2688
"2026-09-09 18:00:00","2026-09-10 09:00:00","CAPE","surface",-68.8728,17.5034,2767
"2026-09-09 18:00:00","2026-09-10 09:00:00","CAPE","surface",-68.8488,17.5034,2832
"2026-09-09 18:00:00","2026-09-10 09:00:00","CAPE","surface",-68.8249,17.5034,2859
"2026-09-09 18:00:00","2026-09-10 09:00:00","CAPE","surface",-68.801,17.5034,2864
"2026-09-09 18:00:00","2026-09-10 09:00:00","CAPE","surface",-68.7771,17.5034,2858
"2026-09-09 18:00:00","2026-09-10 09:00:00","CAPE","surface",-68.7531,17.5034,2869
"2026-09-09 18:00:00","2026-09-10 09:00:00","CAPE","surface",-68.7292,17.5034,2877
"2026-09-09 18:00:00","2026-09-10 09:00:00","CAPE","surface",-68.7053,17.5034,2877
"2026-09-09 18:00:00","2026-09-10 09:00:00","CAPE","surface",-68.6813,17.5034,2888
"2026-09-09 18:00:00","2026-09-10 09:00:00","CAPE","surface",-68.6574,17.5034,2956
"2026-09-09 18:00:00","2026-09-10 09:00:00","CAPE","surface",-68.6335,17.5034,3092
"2026-09-09 18:00:00","2026-09-10 09:00:00","CAPE","surface",-68.6096,17.5034,3193
"2026-09-09 18:00:00","2026-09-10 09:00:00","CAPE","surface",-68.5856,17.5034,3306
"2026-09-09 18:00:00","2026-09-10 09:00:00","CAPE","surface",-68.5617,17.5034,3491
"2026-09-09 18:00:00","2026-09-10 09:00:00","CAPE","surface",-68.5378,17.5034,3544
"2026-09-09 18:00:00","2026-09-10 09:00:00","CAPE","surface",-68.5139,17.5034,3327
"2026-09-09 18:00:00","2026-09-10 09:00:00","CAPE","surface",-68.4899,17.5034,3327
"2026-09-09 18:00:00","2026-09-10 09:00:00","CAPE","surface",-68.466,17.5034,2822
"2026-09-09 18:00:00","2026-09-10 09:00:00","CAPE","surface",-68.4421,17.5034,2905
"2026-09-09 18:00:00","2026-09-10 09:00:00","CAPE","surface",-68.4182,17.5034,2669
"2026-09-09 18:00:00","2026-09-10 09:00:00","CAPE","surface",-68.3942,17.5034,2597
"2026-09-09 18:00:00","2026-09-10 09:00:00","CAPE","surface",-68.3703,17.5034,2610
"2026-09-09 18:00:00","2026-09-10 09:00:00","CAPE","surface",-68.3464,17.5034,2584
"2026-09-09 18:00:00","2026-09-10 09:00:00","CAPE","surface",-68.3225,17.5034,2580
"2026-09-09 18:00:00","2026-09-10 09:00:00","CAPE","surface",-68.2985,17.5034,2616
"2026-09-09 18:00:00","2026-09-10 09:00:00","CAPE","surface",-68.2746,17.5034,2616
"2026-09-09 18:00:00","2026-09-10 09:00:00","CAPE","surface",-68.2507,17.5034,2713
"2026-09-09 18:00:00","2026-09-10 09:00:00","CAPE","surface",-68.2268,17.5034,2878
"2026-09-09 18:00:00","2026-09-10 09:00:00","CAPE","surface",-68.2028,17.5034,3014
"2026-09-09 18:00:00","2026-09-10 09:00:00","CAPE","surface",-68.1789,17.5034,2941
"2026-09-09 18:00:00","2026-09-10 09:00:00","CAPE","surface",-68.155,17.5034,2892
"2026-09-09 18:00:00","2026-09-10 09:00:00","CAPE","surface",-68.1311,17.5034,2624
"2026-09-09 18:00:00","2026-09-10 09:00:00","CAPE","surface",-68.1071,17.5034,2541
"2026-09-09 18:00:00","2026-09-10 09:00:00","CAPE","surface",-68.0832,17.5034,2354
"2026-09-09 18:00:00","2026-09-10 09:00:00","CAPE","surface",-68.0593,17.5034,2354
"2026-09-09 18:00:00","2026-09-10 09:00:00","CAPE","surface",-68.0354,17.5034,1878
"2026-09-09 18:00:00","2026-09-10 09:00:00","CAPE","surface",-68.0114,17.5034,1431
"2026-09-09 18:00:00","2026-09-10 09:00:00","CAPE","surface",-67.9875,17.5034,1500
"2026-09-09 18:00:00","2026-09-10 09:00:00","CAPE","surface",-67.9636,17.5034,1329
"2026-09-09 18:00:00","2026-09-10 09:00:00","CAPE","surface",-67.9397,17.5034,1524
"2026-09-09 18:00:00","2026-09-10 09:00:00","CAPE","surface",-67.9157,17.5034,1816
"2026-09-09 18:00:00","2026-09-10 09:00:00","CAPE","surface",-67.8918,17.5034,2012
"2026-09-09 18:00:00","2026-09-10 09:00:00","CAPE","surface",-67.8679,17.5034,2080
"2026-09-09 18:00:00","2026-09-10 09:00:00","CAPE","surface",-67.844,17.5034,2228
"2026-09-09 18:00:00","2026-09-10 09:00:00","CAPE","surface",-67.82,17.5034,2224
"2026-09-09 18:00:00","2026-09-10 09:00:00","CAPE","surface",-67.7961,17.5034,2264
"2026-09-09 18:00:00","2026-09-10 09:00:00","CAPE","surface",-67.7722,17.5034,2264
"2026-09-09 18:00:00","2026-09-10 09:00:00","CAPE","surface",-67.7483,17.5034,2252
"2026-09-09 18:00:00","2026-09-10 09:00:00","CAPE","surface",-67.7243,17.5034,2176
"2026-09-09 18:00:00","2026-09-10 09:00:00","CAPE","surface",-67.7004,17.5034,2162
"2026-09-09 18:00:00","2026-09-10 09:00:00","CAPE","surface",-67.6765,17.5034,2219
"2026-09-09 18:00:00","2026-09-10 09:00:00","CAPE","surface",-67.6526,17.5034,2219
"2026-09-09 18:00:00","2026-09-10 09:00:00","CAPE","surface",-67.6286,17.5034,2355
"2026-09-09 18:00:00","2026-09-10 09:00:00","CAPE","surface",-67.6047,17.5034,2486
"2026-09-09 18:00:00","2026-09-10 09:00:00","CAPE","surface",-67.5808,17.5034,2858
"2026-09-09 18:00:00","2026-09-10 09:00:00","CAPE","surface",-67.5569,17.5034,2856
"2026-09-09 18:00:00","2026-09-10 09:00:00","CAPE","surface",-67.5329,17.5034,2912
"2026-09-09 18:00:00","2026-09-10 09:00:00","CAPE","surface",-67.509,17.5034,2600
"2026-09-09 18:00:00","2026-09-10 09:00:00","CAPE","surface",-67.4851,17.5034,2762
"2026-09-09 18:00:00","2026-09-10 09:00:00","CAPE","surface",-67.4612,17.5034,2505
"2026-09-09 18:00:00","2026-09-10 09:00:00","CAPE","surface",-67.4372,17.5034,2792
"2026-09-09 18:00:00","2026-09-10 09:00:00","CAPE","surface",-67.4133,17.5034,2758
"2026-09-09 18:00:00","2026-09-10 09:00:00","CAPE","surface",-67.3894,17.5034,2688
"2026-09-09 18:00:00","2026-09-10 09:00:00","CAPE","surface",-67.3655,17.5034,2688
"2026-09-09 18:00:00","2026-09-10 09:00:00","CAPE","surface",-67.3415,17.5034,2709
"2026-09-09 18:00:00","2026-09-10 09:00:00","CAPE","surface",-67.3176,17.5034,2734
"2026-09-09 18:00:00","2026-09-10 09:00:00","CAPE","surface",-67.2937,17.5034,2841
"2026-09-09 18:00:00","2026-09-10 09:00:00","CAPE","surface",-67.2698,17.5034,2893
"2026-09-09 18:00:00","2026-09-10 09:00:00","CAPE","surface",-67.2458,17.5034,2872
"2026-09-09 18:00:00","2026-09-10 09:00:00","CAPE","surface",-67.2219,17.5034,2864
"2026-09-09 18:00:00","2026-09-10 09:00:00","CAPE","surface",-67.198,17.5034,3019
"2026-09-09 18:00:00","2026-09-10 09:00:00","CAPE","surface",-67.1741,17.5034,2998
"2026-09-09 18:00:00","2026-09-10 09:00:00","CAPE","surface",-67.1501,17.5034,2998
"2026-09-09 18:00:00","2026-09-10 09:00:00","CAPE","surface",-67.1262,17.5034,2906
"2026-09-09 18:00:00","2026-09-10 09:00:00","CAPE","surface",-67.1023,17.5034,3076
"2026-09-09 18:00:00","2026-09-10 09:00:00","CAPE","surface",-67.0784,17.5034,2819
"2026-09-09 18:00:00","2026-09-10 09:00:00","CAPE","surface",-67.0544,17.5034,2677
"2026-09-09 18:00:00","2026-09-10 09:00:00","CAPE","surface",-67.0305,17.5034,2693
"2026-09-09 18:00:00","2026-09-10 09:00:00","CAPE","surface",-67.0066,17.5034,2725
"2026-09-09 18:00:00","2026-09-10 09:00:00","CAPE","surface",-74.7822,17.5262,2819
"2026-09-09 18:00:00","2026-09-10 09:00:00","CAPE","surface",-74.7583,17.5262,2520
"2026-09-09 18:00:00","2026-09-10 09:00:00","CAPE","surface",-74.7344,17.5262,2520
"2026-09-09 18:00:00","2026-09-10 09:00:00","CAPE","surface",-74.7105,17.5262,2279
"2026-09-09 18:00:00","2026-09-10 09:00:00","CAPE","surface",-74.6865,17.5262,2238
"2026-09-09 18:00:00","2026-09-10 09:00:00","CAPE","surface",-74.6626,17.5262,2379
"2026-09-09 18:00:00","2026-09-10 09:00:00","CAPE","surface",-74.6387,17.5262,2492
"2026-09-09 18:00:00","2026-09-10 09:00:00","CAPE","surface",-74.6148,17.5262,2548
"2026-09-09 18:00:00","2026-09-10 09:00:00","CAPE","surface",-74.5908,17.5262,2548
"2026-09-09 18:00:00","2026-09-10 09:00:00","CAPE","surface",-74.5669,17.5262,2607
"2026-09-09 18:00:00","2026-09-10 09:00:00","CAPE","surface",-74.543,17.5262,2651
"2026-09-09 18:00:00","2026-09-10 09:00:00","CAPE","surface",-74.5191,17.5262,2659
"2026-09-09 18:00:00","2026-09-10 09:00:00","CAPE","surface",-74.4951,17.5262,2371
"2026-09-09 18:00:00","2026-09-10 09:00:00","CAPE","surface",-74.4712,17.5262,2319
"2026-09-09 18:00:00","2026-09-10 09:00:00","CAPE","surface",-74.4473,17.5262,2256
"2026-09-09 18:00:00","2026-09-10 09:00:00","CAPE","surface",-74.4234,17.5262,2300
"2026-09-09 18:00:00","2026-09-10 09:00:00","CAPE","surface",-74.3994,17.5262,2447
"2026-09-09 18:00:00","2026-09-10 09:00:00","CAPE","surface",-74.3755,17.5262,2537
"2026-09-09 18:00:00","2026-09-10 09:00:00","CAPE","surface",-74.3516,17.5262,2596
"2026-09-09 18:00:00","2026-09-10 09:00:00","CAPE","surface",-74.3277,17.5262,2606
"2026-09-09 18:00:00","2026-09-10 09:00:00","CAPE","surface",-74.3037,17.5262,2606
"2026-09-09 18:00:00","2026-09-10 09:00:00","CAPE","surface",-74.2798,17.5262,2615
"2026-09-09 18:00:00","2026-09-10 09:00:00","CAPE","surface",-74.2559,17.5262,2540
"2026-09-09 18:00:00","2026-09-10 09:00:00","CAPE","surface",-74.232,17.5262,2564
"2026-09-09 18:00:00","2026-09-10 09:00:00","CAPE","surface",-74.208,17.5262,2440
"2026-09-09 18:00:00","2026-09-10 09:00:00","CAPE","surface",-74.1841,17.5262,2513
"2026-09-09 18:00:00","2026-09-10 09:00:00","CAPE","surface",-74.1602,17.5262,2400
"2026-09-09 18:00:00","2026-09-10 09:00:00","CAPE","surface",-74.1363,17.5262,2430
"2026-09-09 18:00:00","2026-09-10 09:00:00","CAPE","surface",-74.1123,17.5262,2393
"2026-09-09 18:00:00","2026-09-10 09:00:00","CAPE","surface",-74.0884,17.5262,2332
"2026-09-09 18:00:00","2026-09-10 09:00:00","CAPE","surface",-74.0645,17.5262,2477
"2026-09-09 18:00:00","2026-09-10 09:00:00","CAPE","surface",-74.0406,17.5262,2437
"2026-09-09 18:00:00","2026-09-10 09:00:00","CAPE","surface",-74.0166,17.5262,2671
"2026-09-09 18:00:00","2026-09-10 09:00:00","CAPE","surface",-73.9927,17.5262,2667
"2026-09-09 18:00:00","2026-09-10 09:00:00","CAPE","surface",-73.9688,17.5262,2745
"2026-09-09 18:00:00","2026-09-10 09:00:00","CAPE","surface",-73.9449,17.5262,2739
"2026-09-09 18:00:00","2026-09-10 09:00:00","CAPE","surface",-73.9209,17.5262,2690
"2026-09-09 18:00:00","2026-09-10 09:00:00","CAPE","surface",-73.897,17.5262,2715
"2026-09-09 18:00:00","2026-09-10 09:00:00","CAPE","surface",-73.8731,17.5262,2715
"2026-09-09 18:00:00","2026-09-10 09:00:00","CAPE","surface",-73.8492,17.5262,2810
"2026-09-09 18:00:00","2026-09-10 09:00:00","CAPE","surface",-73.8252,17.5262,2811
"2026-09-09 18:00:00","2026-09-10 09:00:00","CAPE","surface",-73.8013,17.5262,2986
"2026-09-09 18:00:00","2026-09-10 09:00:00","CAPE","surface",-73.7774,17.5262,2936
"2026-09-09 18:00:00","2026-09-10 09:00:00","CAPE","surface",-73.7535,17.5262,3086
"2026-09-09 18:00:00","2026-09-10 09:00:00","CAPE","surface",-73.7295,17.5262,3086
"2026-09-09 18:00:00","2026-09-10 09:00:00","CAPE","surface",-73.7056,17.5262,3191
"2026-09-09 18:00:00","2026-09-10 09:00:00","CAPE","surface",-73.6817,17.5262,2924
"2026-09-09 18:00:00","2026-09-10 09:00:00","CAPE","surface",-73.6578,17.5262,2988
"2026-09-09 18:00:00","2026-09-10 09:00:00","CAPE","surface",-73.6338,17.5262,2772
"2026-09-09 18:00:00","2026-09-10 09:00:00","CAPE","surface",-73.6099,17.5262,2997
"2026-09-09 18:00:00","2026-09-10 09:00:00","CAPE","surface",-73.586,17.5262,2997
"2026-09-09 18:00:00","2026-09-10 09:00:00","CAPE","surface",-73.5621,17.5262,3071
"2026-09-09 18:00:00","2026-09-10 09:00:00","CAPE","surface",-73.5381,17.5262,3049
"2026-09-09 18:00:00","2026-09-10 09:00:00","CAPE","surface",-73.5142,17.5262,3070
"2026-09-09 18:00:00","2026-09-10 09:00:00","CAPE","surface",-73.4903,17.5262,3118
"2026-09-09 18:00:00","2026-09-10 09:00:00","CAPE","surface",-73.4664,17.5262,3127
"2026-09-09 18:00:00","2026-09-10 09:00:00","CAPE","surface",-73.4424,17.5262,2919
"2026-09-09 18:00:00","2026-09-10 09:00:00","CAPE","surface",-73.4185,17.5262,3066
"2026-09-09 18:00:00","2026-09-10 09:00:00","CAPE","surface",-73.3946,17.5262,2899
"2026-09-09 18:00:00","2026-09-10 09:00:00","CAPE","surface",-73.3707,17.5262,3031
"2026-09-09 18:00:00","2026-09-10 09:00:00","CAPE","surface",-73.3467,17.5262,2755
"2026-09-09 18:00:00","2026-09-10 09:00:00","CAPE","surface",-73.3228,17.5262,2755
"2026-09-09 18:00:00","2026-09-10 09:00:00","CAPE","surface",-73.2989,17.5262,2490
"2026-09-09 18:00:00","2026-09-10 09:00:00","CAPE","surface",-73.275,17.5262,2675
"2026-09-09 18:00:00","2026-09-10 09:00:00","CAPE","surface",-73.251,17.5262,2572
"2026-09-09 18:00:00","2026-09-10 09:00:00","CAPE","surface",-73.2271,17.5262,2741
"2026-09-09 18:00:00","2026-09-10 09:00:00","CAPE","surface",-73.2032,17.5262,2510
"2026-09-09 18:00:00","2026-09-10 09:00:00","CAPE","surface",-73.1793,17.5262,2510
"2026-09-09 18:00:00","2026-09-10 09:00:00","CAPE","surface",-73.1553,17.5262,2373
"2026-09-09 18:00:00","2026-09-10 09:00:00","CAPE","surface",-73.1314,17.5262,2361
"2026-09-09 18:00:00","2026-09-10 09:00:00","CAPE","surface",-73.1075,17.5262,2375
"2026-09-09 18:00:00","2026-09-10 09:00:00","CAPE","surface",-73.0836,17.5262,2403
"2026-09-09 18:00:00","2026-09-10 09:00:00","CAPE","surface",-73.0596,17.5262,2453
"2026-09-09 18:00:00","2026-09-10 09:00:00","CAPE","surface",-73.0357,17.5262,2414
"2026-09-09 18:00:00","2026-09-10 09:00:00","CAPE","surface",-73.0118,17.5262,2409
"2026-09-09 18:00:00","2026-09-10 09:00:00","CAPE","surface",-72.9879,17.5262,2315
"2026-09-09 18:00:00","2026-09-10 09:00:00","CAPE","surface",-72.9639,17.5262,2289
"2026-09-09 18:00:00","2026-09-10 09:00:00","CAPE","surface",-72.94,17.5262,2266
"2026-09-09 18:00:00","2026-09-10 09:00:00","CAPE","surface",-72.9161,17.5262,2266
"2026-09-09 18:00:00","2026-09-10 09:00:00","CAPE","surface",-72.8922,17.5262,2294
"2026-09-09 18:00:00","2026-09-10 09:00:00","CAPE","surface",-72.8682,17.5262,2328
"2026-09-09 18:00:00","2026-09-10 09:00:00","CAPE","surface",-72.8443,17.5262,2345
"2026-09-09 18:00:00","2026-09-10 09:00:00","CAPE","surface",-72.8204,17.5262,2360
"2026-09-09 18:00:00","2026-09-10 09:00:00","CAPE","surface",-72.7965,17.5262,2396
"2026-09-09 18:00:00","2026-09-10 09:00:00","CAPE","surface",-72.7725,17.5262,2396
"2026-09-09 18:00:00","2026-09-10 09:00:00","CAPE","surface",-72.7486,17.5262,2432
"2026-09-09 18:00:00","2026-09-10 09:00:00","CAPE","surface",-72.7247,17.5262,2461
"2026-09-09 18:00:00","2026-09-10 09:00:00","CAPE","surface",-72.7008,17.5262,2455
"2026-09-09 18:00:00","2026-09-10 09:00:00","CAPE","surface",-72.6768,17.5262,2430
"2026-09-09 18:00:00","2026-09-10 09:00:00","CAPE","surface",-72.6529,17.5262,2430
"2026-09-09 18:00:00","2026-09-10 09:00:00","CAPE","surface",-72.629,17.5262,2428
"2026-09-09 18:00:00","2026-09-10 09:00:00","CAPE","surface",-72.6051,17.5262,2442
"2026-09-09 18:00:00","2026-09-10 09:00:00","CAPE","surface",-72.5811,17.5262,2441
"2026-09-09 18:00:00","2026-09-10 09:00:00","CAPE","surface",-72.5572,17.5262,2471
"2026-09-09 18:00:00","2026-09-10 09:00:00","CAPE","surface",-72.5333,17.5262,2509
"2026-09-09 18:00:00","2026-09-10 09:00:00","CAPE","surface",-72.5094,17.5262,2509
"2026-09-09 18:00:00","2026-09-10 09:00:00","CAPE","surface",-72.4854,17.5262,2572
"2026-09-09 18:00:00","2026-09-10 09:00:00","CAPE","surface",-72.4615,17.5262,2596
"2026-09-09 18:00:00","2026-09-10 09:00:00","CAPE","surface",-72.4376,17.5262,2628
"2026-09-09 18:00:00","2026-09-10 09:00:00","CAPE","surface",-72.4137,17.5262,2651
"2026-09-09 18:00:00","2026-09-10 09:00:00","CAPE","surface",-72.3897,17.5262,2649
"2026-09-09 18:00:00","2026-09-10 09:00:00","CAPE","surface",-72.3658,17.5262,2670
"2026-09-09 18:00:00","2026-09-10 09:00:00","CAPE","surface",-72.3419,17.5262,2670
"2026-09-09 18:00:00","2026-09-10 09:00:00","CAPE","surface",-72.318,17.5262,2671
"2026-09-09 18:00:00","2026-09-10 09:00:00","CAPE","surface",-72.294,17.5262,2698
"2026-09-09 18:00:00","2026-09-10 09:00:00","CAPE","surface",-72.2701,17.5262,2671
"2026-09-09 18:00:00","2026-09-10 09:00:00","CAPE","surface",-72.2462,17.5262,2714
"2026-09-09 18:00:00","2026-09-10 09:00:00","CAPE","surface",-72.2223,17.5262,2727
"2026-09-09 18:00:00","2026-09-10 09:00:00","CAPE","surface",-72.1983,17.5262,2766
"2026-09-09 18:00:00","2026-09-10 09:00:00","CAPE","surface",-72.1744,17.5262,2783
"2026-09-09 18:00:00","2026-09-10 09:00:00","CAPE","surface",-72.1505,17.5262,2804
"2026-09-09 18:00:00","2026-09-10 09:00:00","CAPE","surface",-72.1266,17.5262,2772
"2026-09-09 18:00:00","2026-09-10 09:00:00","CAPE","surface",-72.1026,17.5262,2787
"2026-09-09 18:00:00","2026-09-10 09:00:00","CAPE","surface",-72.0787,17.5262,2763
"2026-09-09 18:00:00","2026-09-10 09:00:00","CAPE","surface",-72.0548,17.5262,2774
"2026-09-09 18:00:00","2026-09-10 09:00:00","CAPE","surface",-72.0309,17.5262,2739
"2026-09-09 18:00:00","2026-09-10 09:00:00","CAPE","surface",-72.0069,17.5262,2685
"2026-09-09 18:00:00","2026-09-10 09:00:00","CAPE","surface",-71.983,17.5262,2694
"2026-09-09 18:00:00","2026-09-10 09:00:00","CAPE","surface",-71.9591,17.5262,2668
"2026-09-09 18:00:00","2026-09-10 09:00:00","CAPE","surface",-71.9352,17.5262,2669
"2026-09-09 18:00:00","2026-09-10 09:00:00","CAPE","surface",-71.9112,17.5262,2592
"2026-09-09 18:00:00","2026-09-10 09:00:00","CAPE","surface",-71.8873,17.5262,2592
"2026-09-09 18:00:00","2026-09-10 09:00:00","CAPE","surface",-71.8634,17.5262,2528
"2026-09-09 18:00:00","2026-09-10 09:00:00","CAPE","surface",-71.8395,17.5262,2508
"2026-09-09 18:00:00","2026-09-10 09:00:00","CAPE","surface",-71.8155,17.5262,2459
"2026-09-09 18:00:00","2026-09-10 09:00:00","CAPE","surface",-71.7916,17.5262,2438
"2026-09-09 18:00:00","2026-09-10 09:00:00","CAPE","surface",-71.7677,17.5262,2445
"2026-09-09 18:00:00","2026-09-10 09:00:00","CAPE","surface",-71.7438,17.5262,2448
"2026-09-09 18:00:00","2026-09-10 09:00:00","CAPE","surface",-71.7198,17.5262,2468
"2026-09-09 18:00:00","2026-09-10 09:00:00","CAPE","surface",-71.6959,17.5262,2502
"2026-09-09 18:00:00","2026-09-10 09:00:00","CAPE","surface",-71.672,17.5262,2538
"2026-09-09 18:00:00","2026-09-10 09:00:00","CAPE","surface",-71.6481,17.5262,2545
"2026-09-09 18:00:00","2026-09-10 09:00:00","CAPE","surface",-71.6241,17.5262,2577
"2026-09-09 18:00:00","2026-09-10 09:00:00","CAPE","surface",-71.6002,17.5262,2602
"2026-09-09 18:00:00","2026-09-10 09:00:00","CAPE","surface",-71.5763,17.5262,2721
"2026-09-09 18:00:00","2026-09-10 09:00:00","CAPE","surface",-71.5524,17.5262,2818
"2026-09-09 18:00:00","2026-09-10 09:00:00","CAPE","surface",-71.5284,17.5262,3070
"2026-09-09 18:00:00","2026-09-10 09:00:00","CAPE","surface",-71.5045,17.5262,3033
"2026-09-09 18:00:00","2026-09-10 09:00:00","CAPE","surface",-71.4806,17.5262,3114
"2026-09-09 18:00:00","2026-09-10 09:00:00","CAPE","surface",-71.4567,17.5262,3102
"2026-09-09 18:00:00","2026-09-10 09:00:00","CAPE","surface",-71.4327,17.5262,3121
"2026-09-09 18:00:00","2026-09-10 09:00:00","CAPE","surface",-71.4088,17.5262,3045
"2026-09-09 18:00:00","2026-09-10 09:00:00","CAPE","surface",-71.3849,17.5262,3086
"2026-09-09 18:00:00","2026-09-10 09:00:00","CAPE","surface",-71.361,17.5262,3006
"2026-09-09 18:00:00","2026-09-10 09:00:00","CAPE","surface",-71.337,17.5262,2966
"2026-09-09 18:00:00","2026-09-10 09:00:00","CAPE","surface",-71.3131,17.5262,2863
"2026-09-09 18:00:00","2026-09-10 09:00:00","CAPE","surface",-71.2892,17.5262,2907
"2026-09-09 18:00:00","2026-09-10 09:00:00","CAPE","surface",-71.2653,17.5262,2907
"2026-09-09 18:00:00","2026-09-10 09:00:00","CAPE","surface",-71.2413,17.5262,2997
"2026-09-09 18:00:00","2026-09-10 09:00:00","CAPE","surface",-71.2174,17.5262,2977
"2026-09-09 18:00:00","2026-09-10 09:00:00","CAPE","surface",-71.1935,17.5262,2952
"2026-09-09 18:00:00","2026-09-10 09:00:00","CAPE","surface",-71.1696,17.5262,2832
"2026-09-09 18:00:00","2026-09-10 09:00:00","CAPE","surface",-71.1456,17.5262,2832
"2026-09-09 18:00:00","2026-09-10 09:00:00","CAPE","surface",-71.1217,17.5262,2744
"2026-09-09 18:00:00","2026-09-10 09:00:00","CAPE","surface",-71.0978,17.5262,2712
"2026-09-09 18:00:00","2026-09-10 09:00:00","CAPE","surface",-71.0739,17.5262,2650
"2026-09-09 18:00:00","2026-09-10 09:00:00","CAPE","surface",-71.0499,17.5262,2595
"2026-09-09 18:00:00","2026-09-10 09:00:00","CAPE","surface",-71.026,17.5262,2545
"2026-09-09 18:00:00","2026-09-10 09:00:00","CAPE","surface",-71.0021,17.5262,2471
"2026-09-09 18:00:00","2026-09-10 09:00:00","CAPE","surface",-70.9782,17.5262,2426
"2026-09-09 18:00:00","2026-09-10 09:00:00","CAPE","surface",-70.9542,17.5262,2373
"2026-09-09 18:00:00","2026-09-10 09:00:00","CAPE","surface",-70.9303,17.5262,2417
"2026-09-09 18:00:00","2026-09-10 09:00:00","CAPE","surface",-70.9064,17.5262,2494
"2026-09-09 18:00:00","2026-09-10 09:00:00","CAPE","surface",-70.8825,17.5262,2513
"2026-09-09 18:00:00","2026-09-10 09:00:00","CAPE","surface",-70.8585,17.5262,2535
"2026-09-09 18:00:00","2026-09-10 09:00:00","CAPE","surface",-70.8346,17.5262,2509
"2026-09-09 18:00:00","2026-09-10 09:00:00","CAPE","surface",-70.8107,17.5262,2453
"2026-09-09 18:00:00","2026-09-10 09:00:00","CAPE","surface",-70.7868,17.5262,2453
"2026-09-09 18:00:00","2026-09-10 09:00:00","CAPE","surface",-70.7628,17.5262,2429
"2026-09-09 18:00:00","2026-09-10 09:00:00","CAPE","surface",-70.7389,17.5262,2434
"2026-09-09 18:00:00","2026-09-10 09:00:00","CAPE","surface",-70.715,17.5262,2473
"2026-09-09 18:00:00","2026-09-10 09:00:00","CAPE","surface",-70.6911,17.5262,2513
"2026-09-09 18:00:00","2026-09-10 09:00:00","CAPE","surface",-70.6671,17.5262,2513
"2026-09-09 18:00:00","2026-09-10 09:00:00","CAPE","surface",-70.6432,17.5262,2535
"2026-09-09 18:00:00","2026-09-10 09:00:00","CAPE","surface",-70.6193,17.5262,2544
"2026-09-09 18:00:00","2026-09-10 09:00:00","CAPE","surface",-70.5954,17.5262,2588
"2026-09-09 18:00:00","2026-09-10 09:00:00","CAPE","surface",-70.5714,17.5262,2556
"2026-09-09 18:00:00","2026-09-10 09:00:00","CAPE","surface",-70.5475,17.5262,2544
"2026-09-09 18:00:00","2026-09-10 09:00:00","CAPE","surface",-70.5236,17.5262,2533
"2026-09-09 18:00:00","2026-09-10 09:00:00","CAPE","surface",-70.4997,17.5262,2501
"2026-09-09 18:00:00","2026-09-10 09:00:00","CAPE","surface",-70.4757,17.5262,2494
"2026-09-09 18:00:00","2026-09-10 09:00:00","CAPE","surface",-70.4518,17.5262,2461
"2026-09-09 18:00:00","2026-09-10 09:00:00","CAPE","surface",-70.4279,17.5262,2393
"2026-09-09 18:00:00","2026-09-10 09:00:00","CAPE","surface",-70.404,17.5262,2347
"2026-09-09 18:00:00","2026-09-10 09:00:00","CAPE","surface",-70.38,17.5262,2281
"2026-09-09 18:00:00","2026-09-10 09:00:00","CAPE","surface",-70.3561,17.5262,2184
"2026-09-09 18:00:00","2026-09-10 09:00:00","CAPE","surface",-70.3322,17.5262,2177
"2026-09-09 18:00:00","2026-09-10 09:00:00","CAPE","surface",-70.3083,17.5262,2053
"2026-09-09 18:00:00","2026-09-10 09:00:00","CAPE","surface",-70.2843,17.5262,2026
"2026-09-09 18:00:00","2026-09-10 09:00:00","CAPE","surface",-70.2604,17.5262,1953
"2026-09-09 18:00:00","2026-09-10 09:00:00","CAPE","surface",-70.2365,17.5262,2061
"2026-09-09 18:00:00","2026-09-10 09:00:00","CAPE","surface",-70.2126,17.5262,2294
"2026-09-09 18:00:00","2026-09-10 09:00:00","CAPE","surface",-70.1886,17.5262,2234
"2026-09-09 18:00:00","2026-09-10 09:00:00","CAPE","surface",-70.1647,17.5262,2310
"2026-09-09 18:00:00","2026-09-10 09:00:00","CAPE","surface",-70.1408,17.5262,2208
"2026-09-09 18:00:00","2026-09-10 09:00:00","CAPE","surface",-70.1169,17.5262,2301
"2026-09-09 18:00:00","2026-09-10 09:00:00","CAPE","surface",-70.0929,17.5262,2301
"2026-09-09 18:00:00","2026-09-10 09:00:00","CAPE","surface",-70.069,17.5262,2371
"2026-09-09 18:00:00","2026-09-10 09:00:00","CAPE","surface",-70.0451,17.5262,2354
"2026-09-09 18:00:00","2026-09-10 09:00:00","CAPE","surface",-70.0212,17.5262,2312
"2026-09-09 18:00:00","2026-09-10 09:00:00","CAPE","surface",-69.9972,17.5262,2291
"2026-09-09 18:00:00","2026-09-10 09:00:00","CAPE","surface",-69.9733,17.5262,2291
"2026-09-09 18:00:00","2026-09-10 09:00:00","CAPE","surface",-69.9494,17.5262,2308
"2026-09-09 18:00:00","2026-09-10 09:00:00","CAPE","surface",-69.9255,17.5262,2380
"2026-09-09 18:00:00","2026-09-10 09:00:00","CAPE","surface",-69.9015,17.5262,2486
"2026-09-09 18:00:00","2026-09-10 09:00:00","CAPE","surface",-69.8776,17.5262,2486
"2026-09-09 18:00:00","2026-09-10 09:00:00","CAPE","surface",-69.8537,17.5262,2615
"2026-09-09 18:00:00","2026-09-10 09:00:00","CAPE","surface",-69.8298,17.5262,2578
"2026-09-09 18:00:00","2026-09-10 09:00:00","CAPE","surface",-69.8058,17.5262,2546
"2026-09-09 18:00:00","2026-09-10 09:00:00","CAPE","surface",-69.7819,17.5262,2502
"2026-09-09 18:00:00","2026-09-10 09:00:00","CAPE","surface",-69.758,17.5262,2502
"2026-09-09 18:00:00","2026-09-10 09:00:00","CAPE","surface",-69.7341,17.5262,2453
"2026-09-09 18:00:00","2026-09-10 09:00:00","CAPE","surface",-69.7101,17.5262,2425
"2026-09-09 18:00:00","2026-09-10 09:00:00","CAPE","surface",-69.6862,17.5262,2401
"2026-09-09 18:00:00","2026-09-10 09:00:00","CAPE","surface",-69.6623,17.5262,2390
"2026-09-09 18:00:00","2026-09-10 09:00:00","CAPE","surface",-69.6384,17.5262,2398
"2026-09-09 18:00:00","2026-09-10 09:00:00","CAPE","surface",-69.6144,17.5262,2400
"2026-09-09 18:00:00","2026-09-10 09:00:00","CAPE","surface",-69.5905,17.5262,2418
"2026-09-09 18:00:00","2026-09-10 09:00:00","CAPE","surface",-69.5666,17.5262,2433
"2026-09-09 18:00:00","2026-09-10 09:00:00","CAPE","surface",-69.5427,17.5262,2433
"2026-09-09 18:00:00","2026-09-10 09:00:00","CAPE","surface",-69.5187,17.5262,2521
"2026-09-09 18:00:00","2026-09-10 09:00:00","CAPE","surface",-69.4948,17.5262,2548
"2026-09-09 18:00:00","2026-09-10 09:00:00","CAPE","surface",-69.4709,17.5262,2475
"2026-09-09 18:00:00","2026-09-10 09:00:00","CAPE","surface",-69.447,17.5262,2467
"2026-09-09 18:00:00","2026-09-10 09:00:00","CAPE","surface",-69.423,17.5262,2372
"2026-09-09 18:00:00","2026-09-10 09:00:00","CAPE","surface",-69.3991,17.5262,2307
"2026-09-09 18:00:00","2026-09-10 09:00:00","CAPE","surface",-69.3752,17.5262,2353
"2026-09-09 18:00:00","2026-09-10 09:00:00","CAPE","surface",-69.3513,17.5262,2364
"2026-09-09 18:00:00","2026-09-10 09:00:00","CAPE","surface",-69.3273,17.5262,2377
"2026-09-09 18:00:00","2026-09-10 09:00:00","CAPE","surface",-69.3034,17.5262,2355
"2026-09-09 18:00:00","2026-09-10 09:00:00","CAPE","surface",-69.2795,17.5262,2343
"2026-09-09 18:00:00","2026-09-10 09:00:00","CAPE","surface",-69.2556,17.5262,2300
"2026-09-09 18:00:00","2026-09-10 09:00:00","CAPE","surface",-69.2316,17.5262,2249
"2026-09-09 18:00:00","2026-09-10 09:00:00","CAPE","surface",-69.2077,17.5262,2246
"2026-09-09 18:00:00","2026-09-10 09:00:00","CAPE","surface",-69.1838,17.5262,2160
"2026-09-09 18:00:00","2026-09-10 09:00:00","CAPE","surface",-69.1599,17.5262,2132
"2026-09-09 18:00:00","2026-09-10 09:00:00","CAPE","surface",-69.1359,17.5262,2076
"2026-09-09 18:00:00","2026-09-10 09:00:00","CAPE","surface",-69.112,17.5262,2110
"2026-09-09 18:00:00","2026-09-10 09:00:00","CAPE","surface",-69.0881,17.5262,2083
"2026-09-09 18:00:00","2026-09-10 09:00:00","CAPE","surface",-69.0642,17.5262,2150
"2026-09-09 18:00:00","2026-09-10 09:00:00","CAPE","surface",-69.0402,17.5262,2219
"2026-09-09 18:00:00","2026-09-10 09:00:00","CAPE","surface",-69.0163,17.5262,2318
"2026-09-09 18:00:00","2026-09-10 09:00:00","CAPE","surface",-68.9924,17.5262,2318
"2026-09-09 18:00:00","2026-09-10 09:00:00","CAPE","surface",-68.9685,17.5262,2444
"2026-09-09 18:00:00","2026-09-10 09:00:00","CAPE","surface",-68.9445,17.5262,2466
"2026-09-09 18:00:00","2026-09-10 09:00:00","CAPE","surface",-68.9206,17.5262,2605
"2026-09-09 18:00:00","2026-09-10 09:00:00","CAPE","surface",-68.8967,17.5262,2688
"2026-09-09 18:00:00","2026-09-10 09:00:00","CAPE","surface",-68.8728,17.5262,2728
"2026-09-09 18:00:00","2026-09-10 09:00:00","CAPE","surface",-68.8488,17.5262,2776
"2026-09-09 18:00:00","2026-09-10 09:00:00","CAPE","surface",-68.8249,17.5262,2840
"2026-09-09 18:00:00","2026-09-10 09:00:00","CAPE","surface",-68.801,17.5262,2848
"2026-09-09 18:00:00","2026-09-10 09:00:00","CAPE","surface",-68.7771,17.5262,2848
"2026-09-09 18:00:00","2026-09-10 09:00:00","CAPE","surface",-68.7531,17.5262,2795
"2026-09-09 18:00:00","2026-09-10 09:00:00","CAPE","surface",-68.7292,17.5262,2840
"2026-09-09 18:00:00","2026-09-10 09:00:00","CAPE","surface",-68.7053,17.5262,2802
"2026-09-09 18:00:00","2026-09-10 09:00:00","CAPE","surface",-68.6813,17.5262,2888
"2026-09-09 18:00:00","2026-09-10 09:00:00","CAPE","surface",-68.6574,17.5262,2816
"2026-09-09 18:00:00","2026-09-10 09:00:00","CAPE","surface",-68.6335,17.5262,2979
"2026-09-09 18:00:00","2026-09-10 09:00:00","CAPE","surface",-68.6096,17.5262,3149
"2026-09-09 18:00:00","2026-09-10 09:00:00","CAPE","surface",-68.5856,17.5262,3391
"2026-09-09 18:00:00","2026-09-10 09:00:00","CAPE","surface",-68.5617,17.5262,3391
"2026-09-09 18:00:00","2026-09-10 09:00:00","CAPE","surface",-68.5378,17.5262,3369
"2026-09-09 18:00:00","2026-09-10 09:00:00","CAPE","surface",-68.5139,17.5262,3350
"2026-09-09 18:00:00","2026-09-10 09:00:00","CAPE","surface",-68.4899,17.5262,2751
"2026-09-09 18:00:00","2026-09-10 09:00:00","CAPE","surface",-68.466,17.5262,2542
"2026-09-09 18:00:00","2026-09-10 09:00:00","CAPE","surface",-68.4421,17.5262,2542
"2026-09-09 18:00:00","2026-09-10 09:00:00","CAPE","surface",-68.4182,17.5262,2577
"2026-09-09 18:00:00","2026-09-10 09:00:00","CAPE","surface",-68.3942,17.5262,2597
"2026-09-09 18:00:00","2026-09-10 09:00:00","CAPE","surface",-68.3703,17.5262,2594
"2026-09-09 18:00:00","2026-09-10 09:00:00","CAPE","surface",-68.3464,17.5262,2594
"2026-09-09 18:00:00","2026-09-10 09:00:00","CAPE","surface",-68.3225,17.5262,2597
"2026-09-09 18:00:00","2026-09-10 09:00:00","CAPE","surface",-68.2985,17.5262,2601
"2026-09-09 18:00:00","2026-09-10 09:00:00","CAPE","surface",-68.2746,17.5262,2629
"2026-09-09 18:00:00","2026-09-10 09:00:00","CAPE","surface",-68.2507,17.5262,2678
"2026-09-09 18:00:00","2026-09-10 09:00:00","CAPE","surface",-68.2268,17.5262,2788
"2026-09-09 18:00:00","2026-09-10 09:00:00","CAPE","surface",-68.2028,17.5262,2957
"2026-09-09 18:00:00","2026-09-10 09:00:00","CAPE","surface",-68.1789,17.5262,2941
"2026-09-09 18:00:00","2026-09-10 09:00:00","CAPE","surface",-68.155,17.5262,2754
"2026-09-09 18:00:00","2026-09-10 09:00:00","CAPE","surface",-68.1311,17.5262,2754
"2026-09-09 18:00:00","2026-09-10 09:00:00","CAPE","surface",-68.1071,17.5262,2490
"2026-09-09 18:00:00","2026-09-10 09:00:00","CAPE","surface",-68.0832,17.5262,2187
"2026-09-09 18:00:00","2026-09-10 09:00:00","CAPE","surface",-68.0593,17.5262,2009
"2026-09-09 18:00:00","2026-09-10 09:00:00","CAPE","surface",-68.0354,17.5262,1488
"2026-09-09 18:00:00","2026-09-10 09:00:00","CAPE","surface",-68.0114,17.5262,1415
"2026-09-09 18:00:00","2026-09-10 09:00:00","CAPE","surface",-67.9875,17.5262,1194
"2026-09-09 18:00:00","2026-09-10 09:00:00","CAPE","surface",-67.9636,17.5262,1329
"2026-09-09 18:00:00","2026-09-10 09:00:00","CAPE","surface",-67.9397,17.5262,1344
"2026-09-09 18:00:00","2026-09-10 09:00:00","CAPE","surface",-67.9157,17.5262,1675
"2026-09-09 18:00:00","2026-09-10 09:00:00","CAPE","surface",-67.8918,17.5262,1911
"2026-09-09 18:00:00","2026-09-10 09:00:00","CAPE","surface",-67.8679,17.5262,2165
"2026-09-09 18:00:00","2026-09-10 09:00:00","CAPE","surface",-67.844,17.5262,2228
"2026-09-09 18:00:00","2026-09-10 09:00:00","CAPE","surface",-67.82,17.5262,2305
"2026-09-09 18:00:00","2026-09-10 09:00:00","CAPE","surface",-67.7961,17.5262,2297
"2026-09-09 18:00:00","2026-09-10 09:00:00","CAPE","surface",-67.7722,17.5262,2303
"2026-09-09 18:00:00","2026-09-10 09:00:00","CAPE","surface",-67.7483,17.5262,2265
"2026-09-09 18:00:00","2026-09-10 09:00:00","CAPE","surface",-67.7243,17.5262,2265
"2026-09-09 18:00:00","2026-09-10 09:00:00","CAPE","surface",-67.7004,17.5262,2224
"2026-09-09 18:00:00","2026-09-10 09:00:00","CAPE","surface",-67.6765,17.5262,2200
"2026-09-09 18:00:00","2026-09-10 09:00:00","CAPE","surface",-67.6526,17.5262,2277
"2026-09-09 18:00:00","2026-09-10 09:00:00","CAPE","surface",-67.6286,17.5262,2277
"2026-09-09 18:00:00","2026-09-10 09:00:00","CAPE","surface",-67.6047,17.5262,2507
"2026-09-09 18:00:00","2026-09-10 09:00:00","CAPE","surface",-67.5808,17.5262,2763
"2026-09-09 18:00:00","2026-09-10 09:00:00","CAPE","surface",-67.5569,17.5262,2856
"2026-09-09 18:00:00","2026-09-10 09:00:00","CAPE","surface",-67.5329,17.5262,2523
"2026-09-09 18:00:00","2026-09-10 09:00:00","CAPE","surface",-67.509,17.5262,2523
"2026-09-09 18:00:00","2026-09-10 09:00:00","CAPE","surface",-67.4851,17.5262,2234
"2026-09-09 18:00:00","2026-09-10 09:00:00","CAPE","surface",-67.4612,17.5262,2416
"2026-09-09 18:00:00","2026-09-10 09:00:00","CAPE","surface",-67.4372,17.5262,2649
"2026-09-09 18:00:00","2026-09-10 09:00:00","CAPE","surface",-67.4133,17.5262,2536
"2026-09-09 18:00:00","2026-09-10 09:00:00","CAPE","surface",-67.3894,17.5262,2646
"2026-09-09 18:00:00","2026-09-10 09:00:00","CAPE","surface",-67.3655,17.5262,2652
"2026-09-09 18:00:00","2026-09-10 09:00:00","CAPE","surface",-67.3415,17.5262,2709
"2026-09-09 18:00:00","2026-09-10 09:00:00","CAPE","surface",-67.3176,17.5262,2753
"2026-09-09 18:00:00","2026-09-10 09:00:00","CAPE","surface",-67.2937,17.5262,2788
"2026-09-09 18:00:00","2026-09-10 09:00:00","CAPE","surface",-67.2698,17.5262,2822
"2026-09-09 18:00:00","2026-09-10 09:00:00","CAPE","surface",-67.2458,17.5262,2728
"2026-09-09 18:00:00","2026-09-10 09:00:00","CAPE","surface",-67.2219,17.5262,2728
"2026-09-09 18:00:00","2026-09-10 09:00:00","CAPE","surface",-67.198,17.5262,2624
"2026-09-09 18:00:00","2026-09-10 09:00:00","CAPE","surface",-67.1741,17.5262,2779
"2026-09-09 18:00:00","2026-09-10 09:00:00","CAPE","surface",-67.1501,17.5262,2674
"2026-09-09 18:00:00","2026-09-10 09:00:00","CAPE","surface",-67.1262,17.5262,2607
"2026-09-09 18:00:00","2026-09-10 09:00:00","CAPE","surface",-67.1023,17.5262,2690
"2026-09-09 18:00:00","2026-09-10 09:00:00","CAPE","surface",-67.0784,17.5262,2701
"2026-09-09 18:00:00","2026-09-10 09:00:00","CAPE","surface",-67.0544,17.5262,2677
"2026-09-09 18:00:00","2026-09-10 09:00:00","CAPE","surface",-67.0305,17.5262,2719
"2026-09-09 18:00:00","2026-09-10 09:00:00","CAPE","surface",-67.0066,17.5262,2719
"2026-09-09 18:00:00","2026-09-10 09:00:00","CAPE","surface",-74.7822,17.549,2861
"2026-09-09 18:00:00","2026-09-10 09:00:00","CAPE","surface",-74.7583,17.549,2626
"2026-09-09 18:00:00","2026-09-10 09:00:00","CAPE","surface",-74.7344,17.549,2431
"2026-09-09 18:00:00","2026-09-10 09:00:00","CAPE","surface",-74.7105,17.549,2335
"2026-09-09 18:00:00","2026-09-10 09:00:00","CAPE","surface",-74.6865,17.549,2314
"2026-09-09 18:00:00","2026-09-10 09:00:00","CAPE","surface",-74.6626,17.549,2427
"2026-09-09 18:00:00","2026-09-10 09:00:00","CAPE","surface",-74.6387,17.549,2448
"2026-09-09 18:00:00","2026-09-10 09:00:00","CAPE","surface",-74.6148,17.549,2526
"2026-09-09 18:00:00","2026-09-10 09:00:00","CAPE","surface",-74.5908,17.549,2568
"2026-09-09 18:00:00","2026-09-10 09:00:00","CAPE","surface",-74.5669,17.549,2636
"2026-09-09 18:00:00","2026-09-10 09:00:00","CAPE","surface",-74.543,17.549,2651
"2026-09-09 18:00:00","2026-09-10 09:00:00","CAPE","surface",-74.5191,17.549,2616
"2026-09-09 18:00:00","2026-09-10 09:00:00","CAPE","surface",-74.4951,17.549,2518
"2026-09-09 18:00:00","2026-09-10 09:00:00","CAPE","surface",-74.4712,17.549,2304
"2026-09-09 18:00:00","2026-09-10 09:00:00","CAPE","surface",-74.4473,17.549,2256
"2026-09-09 18:00:00","2026-09-10 09:00:00","CAPE","surface",-74.4234,17.549,2316
"2026-09-09 18:00:00","2026-09-10 09:00:00","CAPE","surface",-74.3994,17.549,2447
"2026-09-09 18:00:00","2026-09-10 09:00:00","CAPE","surface",-74.3755,17.549,2477
"2026-09-09 18:00:00","2026-09-10 09:00:00","CAPE","surface",-74.3516,17.549,2567
"2026-09-09 18:00:00","2026-09-10 09:00:00","CAPE","surface",-74.3277,17.549,2599
"2026-09-09 18:00:00","2026-09-10 09:00:00","CAPE","surface",-74.3037,17.549,2606
"2026-09-09 18:00:00","2026-09-10 09:00:00","CAPE","surface",-74.2798,17.549,2535
"2026-09-09 18:00:00","2026-09-10 09:00:00","CAPE","surface",-74.2559,17.549,2540
"2026-09-09 18:00:00","2026-09-10 09:00:00","CAPE","surface",-74.232,17.549,2355
"2026-09-09 18:00:00","2026-09-10 09:00:00","CAPE","surface",-74.208,17.549,2258
"2026-09-09 18:00:00","2026-09-10 09:00:00","CAPE","surface",-74.1841,17.549,2331
"2026-09-09 18:00:00","2026-09-10 09:00:00","CAPE","surface",-74.1602,17.549,2340
"2026-09-09 18:00:00","2026-09-10 09:00:00","CAPE","surface",-74.1363,17.549,2392
"2026-09-09 18:00:00","2026-09-10 09:00:00","CAPE","surface",-74.1123,17.549,2426
"2026-09-09 18:00:00","2026-09-10 09:00:00","CAPE","surface",-74.0884,17.549,2426
"2026-09-09 18:00:00","2026-09-10 09:00:00","CAPE","surface",-74.0645,17.549,2524
"2026-09-09 18:00:00","2026-09-10 09:00:00","CAPE","surface",-74.0406,17.549,2617
"2026-09-09 18:00:00","2026-09-10 09:00:00","CAPE","surface",-74.0166,17.549,2723
"2026-09-09 18:00:00","2026-09-10 09:00:00","CAPE","surface",-73.9927,17.549,2760
"2026-09-09 18:00:00","2026-09-10 09:00:00","CAPE","surface",-73.9688,17.549,2765
"2026-09-09 18:00:00","2026-09-10 09:00:00","CAPE","surface",-73.9449,17.549,2765
"2026-09-09 18:00:00","2026-09-10 09:00:00","CAPE","surface",-73.9209,17.549,2760
"2026-09-09 18:00:00","2026-09-10 09:00:00","CAPE","surface",-73.897,17.549,2736
"2026-09-09 18:00:00","2026-09-10 09:00:00","CAPE","surface",-73.8731,17.549,2804
"2026-09-09 18:00:00","2026-09-10 09:00:00","CAPE","surface",-73.8492,17.549,2810
"2026-09-09 18:00:00","2026-09-10 09:00:00","CAPE","surface",-73.8252,17.549,2997
"2026-09-09 18:00:00","2026-09-10 09:00:00","CAPE","surface",-73.8013,17.549,2997
"2026-09-09 18:00:00","2026-09-10 09:00:00","CAPE","surface",-73.7774,17.549,3216
"2026-09-09 18:00:00","2026-09-10 09:00:00","CAPE","surface",-73.7535,17.549,3189
"2026-09-09 18:00:00","2026-09-10 09:00:00","CAPE","surface",-73.7295,17.549,3303
"2026-09-09 18:00:00","2026-09-10 09:00:00","CAPE","surface",-73.7056,17.549,3318
"2026-09-09 18:00:00","2026-09-10 09:00:00","CAPE","surface",-73.6817,17.549,3318
"2026-09-09 18:00:00","2026-09-10 09:00:00","CAPE","surface",-73.6578,17.549,3070
"2026-09-09 18:00:00","2026-09-10 09:00:00","CAPE","surface",-73.6338,17.549,3057
"2026-09-09 18:00:00","2026-09-10 09:00:00","CAPE","surface",-73.6099,17.549,2952
"2026-09-09 18:00:00","2026-09-10 09:00:00","CAPE","surface",-73.586,17.549,3034
"2026-09-09 18:00:00","2026-09-10 09:00:00","CAPE","surface",-73.5621,17.549,2994
"2026-09-09 18:00:00","2026-09-10 09:00:00","CAPE","surface",-73.5381,17.549,2994
"2026-09-09 18:00:00","2026-09-10 09:00:00","CAPE","surface",-73.5142,17.549,2763
"2026-09-09 18:00:00","2026-09-10 09:00:00","CAPE","surface",-73.4903,17.549,2881
"2026-09-09 18:00:00","2026-09-10 09:00:00","CAPE","surface",-73.4664,17.549,2766
"2026-09-09 18:00:00","2026-09-10 09:00:00","CAPE","surface",-73.4424,17.549,2919
"2026-09-09 18:00:00","2026-09-10 09:00:00","CAPE","surface",-73.4185,17.549,2766
"2026-09-09 18:00:00","2026-09-10 09:00:00","CAPE","surface",-73.3946,17.549,2766
"2026-09-09 18:00:00","2026-09-10 09:00:00","CAPE","surface",-73.3707,17.549,2539
"2026-09-09 18:00:00","2026-09-10 09:00:00","CAPE","surface",-73.3467,17.549,2617
"2026-09-09 18:00:00","2026-09-10 09:00:00","CAPE","surface",-73.3228,17.549,2353
"2026-09-09 18:00:00","2026-09-10 09:00:00","CAPE","surface",-73.2989,17.549,2490
"2026-09-09 18:00:00","2026-09-10 09:00:00","CAPE","surface",-73.275,17.549,2401
"2026-09-09 18:00:00","2026-09-10 09:00:00","CAPE","surface",-73.251,17.549,2345
"2026-09-09 18:00:00","2026-09-10 09:00:00","CAPE","surface",-73.2271,17.549,2410
"2026-09-09 18:00:00","2026-09-10 09:00:00","CAPE","surface",-73.2032,17.549,2395
"2026-09-09 18:00:00","2026-09-10 09:00:00","CAPE","surface",-73.1793,17.549,2388
"2026-09-09 18:00:00","2026-09-10 09:00:00","CAPE","surface",-73.1553,17.549,2375
"2026-09-09 18:00:00","2026-09-10 09:00:00","CAPE","surface",-73.1314,17.549,2375
"2026-09-09 18:00:00","2026-09-10 09:00:00","CAPE","surface",-73.1075,17.549,2364
"2026-09-09 18:00:00","2026-09-10 09:00:00","CAPE","surface",-73.0836,17.549,2383
"2026-09-09 18:00:00","2026-09-10 09:00:00","CAPE","surface",-73.0596,17.549,2414
"2026-09-09 18:00:00","2026-09-10 09:00:00","CAPE","surface",-73.0357,17.549,2414
"2026-09-09 18:00:00","2026-09-10 09:00:00","CAPE","surface",-73.0118,17.549,2339
"2026-09-09 18:00:00","2026-09-10 09:00:00","CAPE","surface",-72.9879,17.549,2339
"2026-09-09 18:00:00","2026-09-10 09:00:00","CAPE","surface",-72.9639,17.549,2262
"2026-09-09 18:00:00","2026-09-10 09:00:00","CAPE","surface",-72.94,17.549,2257
"2026-09-09 18:00:00","2026-09-10 09:00:00","CAPE","surface",-72.9161,17.549,2265
"2026-09-09 18:00:00","2026-09-10 09:00:00","CAPE","surface",-72.8922,17.549,2294
"2026-09-09 18:00:00","2026-09-10 09:00:00","CAPE","surface",-72.8682,17.549,2295
"2026-09-09 18:00:00","2026-09-10 09:00:00","CAPE","surface",-72.8443,17.549,2331
"2026-09-09 18:00:00","2026-09-10 09:00:00","CAPE","surface",-72.8204,17.549,2347
"2026-09-09 18:00:00","2026-09-10 09:00:00","CAPE","surface",-72.7965,17.549,2381
"2026-09-09 18:00:00","2026-09-10 09:00:00","CAPE","surface",-72.7725,17.549,2408
"2026-09-09 18:00:00","2026-09-10 09:00:00","CAPE","surface",-72.7486,17.549,2426
"2026-09-09 18:00:00","2026-09-10 09:00:00","CAPE","surface",-72.7247,17.549,2426
"2026-09-09 18:00:00","2026-09-10 09:00:00","CAPE","surface",-72.7008,17.549,2429
"2026-09-09 18:00:00","2026-09-10 09:00:00","CAPE","surface",-72.6768,17.549,2438
"2026-09-09 18:00:00","2026-09-10 09:00:00","CAPE","surface",-72.6529,17.549,2431
"2026-09-09 18:00:00","2026-09-10 09:00:00","CAPE","surface",-72.629,17.549,2428
"2026-09-09 18:00:00","2026-09-10 09:00:00","CAPE","surface",-72.6051,17.549,2421
"2026-09-09 18:00:00","2026-09-10 09:00:00","CAPE","surface",-72.5811,17.549,2428
"2026-09-09 18:00:00","2026-09-10 09:00:00","CAPE","surface",-72.5572,17.549,2448
"2026-09-09 18:00:00","2026-09-10 09:00:00","CAPE","surface",-72.5333,17.549,2480
"2026-09-09 18:00:00","2026-09-10 09:00:00","CAPE","surface",-72.5094,17.549,2536
"2026-09-09 18:00:00","2026-09-10 09:00:00","CAPE","surface",-72.4854,17.549,2586
"2026-09-09 18:00:00","2026-09-10 09:00:00","CAPE","surface",-72.4615,17.549,2586
"2026-09-09 18:00:00","2026-09-10 09:00:00","CAPE","surface",-72.4376,17.549,2605
"2026-09-09 18:00:00","2026-09-10 09:00:00","CAPE","surface",-72.4137,17.549,2629
"2026-09-09 18:00:00","2026-09-10 09:00:00","CAPE","surface",-72.3897,17.549,2643
"2026-09-09 18:00:00","2026-09-10 09:00:00","CAPE","surface",-72.3658,17.549,2650
"2026-09-09 18:00:00","2026-09-10 09:00:00","CAPE","surface",-72.3419,17.549,2636
"2026-09-09 18:00:00","2026-09-10 09:00:00","CAPE","surface",-72.318,17.549,2650
"2026-09-09 18:00:00","2026-09-10 09:00:00","CAPE","surface",-72.294,17.549,2641
"2026-09-09 18:00:00","2026-09-10 09:00:00","CAPE","surface",-72.2701,17.549,2671
"2026-09-09 18:00:00","2026-09-10 09:00:00","CAPE","surface",-72.2462,17.549,2688
"2026-09-09 18:00:00","2026-09-10 09:00:00","CAPE","surface",-72.2223,17.549,2688
"2026-09-09 18:00:00","2026-09-10 09:00:00","CAPE","surface",-72.1983,17.549,2700
"2026-09-09 18:00:00","2026-09-10 09:00:00","CAPE","surface",-72.1744,17.549,2707
"2026-09-09 18:00:00","2026-09-10 09:00:00","CAPE","surface",-72.1505,17.549,2750
"2026-09-09 18:00:00","2026-09-10 09:00:00","CAPE","surface",-72.1266,17.549,2715
"2026-09-09 18:00:00","2026-09-10 09:00:00","CAPE","surface",-72.1026,17.549,2743
"2026-09-09 18:00:00","2026-09-10 09:00:00","CAPE","surface",-72.0787,17.549,2685
"2026-09-09 18:00:00","2026-09-10 09:00:00","CAPE","surface",-72.0548,17.549,2712
"2026-09-09 18:00:00","2026-09-10 09:00:00","CAPE","surface",-72.0309,17.549,2669
"2026-09-09 18:00:00","2026-09-10 09:00:00","CAPE","surface",-72.0069,17.549,2685
"2026-09-09 18:00:00","2026-09-10 09:00:00","CAPE","surface",-71.983,17.549,2650
"2026-09-09 18:00:00","2026-09-10 09:00:00","CAPE","surface",-71.9591,17.549,2650
"2026-09-09 18:00:00","2026-09-10 09:00:00","CAPE","surface",-71.9352,17.549,2579
"2026-09-09 18:00:00","2026-09-10 09:00:00","CAPE","surface",-71.9112,17.549,2594
"2026-09-09 18:00:00","2026-09-10 09:00:00","CAPE","surface",-71.8873,17.549,2533
"2026-09-09 18:00:00","2026-09-10 09:00:00","CAPE","surface",-71.8634,17.549,2477
"2026-09-09 18:00:00","2026-09-10 09:00:00","CAPE","surface",-71.8395,17.549,2477
"2026-09-09 18:00:00","2026-09-10 09:00:00","CAPE","surface",-71.8155,17.549,2442
"2026-09-09 18:00:00","2026-09-10 09:00:00","CAPE","surface",-71.7916,17.549,2446
"2026-09-09 18:00:00","2026-09-10 09:00:00","CAPE","surface",-71.7677,17.549,2454
"2026-09-09 18:00:00","2026-09-10 09:00:00","CAPE","surface",-71.7438,17.549,2467
"2026-09-09 18:00:00","2026-09-10 09:00:00","CAPE","surface",-71.7198,17.549,2495
"2026-09-09 18:00:00","2026-09-10 09:00:00","CAPE","surface",-71.6959,17.549,2499
"2026-09-09 18:00:00","2026-09-10 09:00:00","CAPE","surface",-71.672,17.549,2539
"2026-09-09 18:00:00","2026-09-10 09:00:00","CAPE","surface",-71.6481,17.549,2545
"2026-09-09 18:00:00","2026-09-10 09:00:00","CAPE","surface",-71.6241,17.549,2575
"2026-09-09 18:00:00","2026-09-10 09:00:00","CAPE","surface",-71.6002,17.549,2602
"2026-09-09 18:00:00","2026-09-10 09:00:00","CAPE","surface",-71.5763,17.549,2566
"2026-09-09 18:00:00","2026-09-10 09:00:00","CAPE","surface",-71.5524,17.549,2502
"2026-09-09 18:00:00","2026-09-10 09:00:00","CAPE","surface",-71.5284,17.549,2635
"2026-09-09 18:00:00","2026-09-10 09:00:00","CAPE","surface",-71.5045,17.549,2846
"2026-09-09 18:00:00","2026-09-10 09:00:00","CAPE","surface",-71.4806,17.549,3076
"2026-09-09 18:00:00","2026-09-10 09:00:00","CAPE","surface",-71.4567,17.549,2993
"2026-09-09 18:00:00","2026-09-10 09:00:00","CAPE","surface",-71.4327,17.549,3075
"2026-09-09 18:00:00","2026-09-10 09:00:00","CAPE","surface",-71.4088,17.549,3100
"2026-09-09 18:00:00","2026-09-10 09:00:00","CAPE","surface",-71.3849,17.549,3086
"2026-09-09 18:00:00","2026-09-10 09:00:00","CAPE","surface",-71.361,17.549,3055
"2026-09-09 18:00:00","2026-09-10 09:00:00","CAPE","surface",-71.337,17.549,3055
"2026-09-09 18:00:00","2026-09-10 09:00:00","CAPE","surface",-71.3131,17.549,3056
"2026-09-09 18:00:00","2026-09-10 09:00:00","CAPE","surface",-71.2892,17.549,3117
"2026-09-09 18:00:00","2026-09-10 09:00:00","CAPE","surface",-71.2653,17.549,3042
"2026-09-09 18:00:00","2026-09-10 09:00:00","CAPE","surface",-71.2413,17.549,3093
"2026-09-09 18:00:00","2026-09-10 09:00:00","CAPE","surface",-71.2174,17.549,3093
"2026-09-09 18:00:00","2026-09-10 09:00:00","CAPE","surface",-71.1935,17.549,2921
"2026-09-09 18:00:00","2026-09-10 09:00:00","CAPE","surface",-71.1696,17.549,2835
"2026-09-09 18:00:00","2026-09-10 09:00:00","CAPE","surface",-71.1456,17.549,2748
"2026-09-09 18:00:00","2026-09-10 09:00:00","CAPE","surface",-71.1217,17.549,2744
"2026-09-09 18:00:00","2026-09-10 09:00:00","CAPE","surface",-71.0978,17.549,2693
"2026-09-09 18:00:00","2026-09-10 09:00:00","CAPE","surface",-71.0739,17.549,2677
"2026-09-09 18:00:00","2026-09-10 09:00:00","CAPE","surface",-71.0499,17.549,2586
"2026-09-09 18:00:00","2026-09-10 09:00:00","CAPE","surface",-71.026,17.549,2502
"2026-09-09 18:00:00","2026-09-10 09:00:00","CAPE","surface",-71.0021,17.549,2462
"2026-09-09 18:00:00","2026-09-10 09:00:00","CAPE","surface",-70.9782,17.549,2437
"2026-09-09 18:00:00","2026-09-10 09:00:00","CAPE","surface",-70.9542,17.549,2448
"2026-09-09 18:00:00","2026-09-10 09:00:00","CAPE","surface",-70.9303,17.549,2482
"2026-09-09 18:00:00","2026-09-10 09:00:00","CAPE","surface",-70.9064,17.549,2494
"2026-09-09 18:00:00","2026-09-10 09:00:00","CAPE","surface",-70.8825,17.549,2540
"2026-09-09 18:00:00","2026-09-10 09:00:00","CAPE","surface",-70.8585,17.549,2540
"2026-09-09 18:00:00","2026-09-10 09:00:00","CAPE","surface",-70.8346,17.549,2524
"2026-09-09 18:00:00","2026-09-10 09:00:00","CAPE","surface",-70.8107,17.549,2476
"2026-09-09 18:00:00","2026-09-10 09:00:00","CAPE","surface",-70.7868,17.549,2441
"2026-09-09 18:00:00","2026-09-10 09:00:00","CAPE","surface",-70.7628,17.549,2416
"2026-09-09 18:00:00","2026-09-10 09:00:00","CAPE","surface",-70.7389,17.549,2416
"2026-09-09 18:00:00","2026-09-10 09:00:00","CAPE","surface",-70.715,17.549,2440
"2026-09-09 18:00:00","2026-09-10 09:00:00","CAPE","surface",-70.6911,17.549,2475
"2026-09-09 18:00:00","2026-09-10 09:00:00","CAPE","surface",-70.6671,17.549,2533
"2026-09-09 18:00:00","2026-09-10 09:00:00","CAPE","surface",-70.6432,17.549,2535
"2026-09-09 18:00:00","2026-09-10 09:00:00","CAPE","surface",-70.6193,17.549,2569
"2026-09-09 18:00:00","2026-09-10 09:00:00","CAPE","surface",-70.5954,17.549,2573
"2026-09-09 18:00:00","2026-09-10 09:00:00","CAPE","surface",-70.5714,17.549,2570
"2026-09-09 18:00:00","2026-09-10 09:00:00","CAPE","surface",-70.5475,17.549,2534
"2026-09-09 18:00:00","2026-09-10 09:00:00","CAPE","surface",-70.5236,17.549,2511
"2026-09-09 18:00:00","2026-09-10 09:00:00","CAPE","surface",-70.4997,17.549,2494
"2026-09-09 18:00:00","2026-09-10 09:00:00","CAPE","surface",-70.4757,17.549,2472
"2026-09-09 18:00:00","2026-09-10 09:00:00","CAPE","surface",-70.4518,17.549,2415
"2026-09-09 18:00:00","2026-09-10 09:00:00","CAPE","surface",-70.4279,17.549,2393
"2026-09-09 18:00:00","2026-09-10 09:00:00","CAPE","surface",-70.404,17.549,2372
"2026-09-09 18:00:00","2026-09-10 09:00:00","CAPE","surface",-70.38,17.549,2344
"2026-09-09 18:00:00","2026-09-10 09:00:00","CAPE","surface",-70.3561,17.549,2286
"2026-09-09 18:00:00","2026-09-10 09:00:00","CAPE","surface",-70.3322,17.549,2177
"2026-09-09 18:00:00","2026-09-10 09:00:00","CAPE","surface",-70.3083,17.549,2060
"2026-09-09 18:00:00","2026-09-10 09:00:00","CAPE","surface",-70.2843,17.549,2201
"2026-09-09 18:00:00","2026-09-10 09:00:00","CAPE","surface",-70.2604,17.549,2163
"2026-09-09 18:00:00","2026-09-10 09:00:00","CAPE","surface",-70.2365,17.549,2326
"2026-09-09 18:00:00","2026-09-10 09:00:00","CAPE","surface",-70.2126,17.549,2294
"2026-09-09 18:00:00","2026-09-10 09:00:00","CAPE","surface",-70.1886,17.549,2423
"2026-09-09 18:00:00","2026-09-10 09:00:00","CAPE","surface",-70.1647,17.549,2423
"2026-09-09 18:00:00","2026-09-10 09:00:00","CAPE","surface",-70.1408,17.549,2378
"2026-09-09 18:00:00","2026-09-10 09:00:00","CAPE","surface",-70.1169,17.549,2405
"2026-09-09 18:00:00","2026-09-10 09:00:00","CAPE","surface",-70.0929,17.549,2383
"2026-09-09 18:00:00","2026-09-10 09:00:00","CAPE","surface",-70.069,17.549,2397
"2026-09-09 18:00:00","2026-09-10 09:00:00","CAPE","surface",-70.0451,17.549,2397
"2026-09-09 18:00:00","2026-09-10 09:00:00","CAPE","surface",-70.0212,17.549,2354
"2026-09-09 18:00:00","2026-09-10 09:00:00","CAPE","surface",-69.9972,17.549,2319
"2026-09-09 18:00:00","2026-09-10 09:00:00","CAPE","surface",-69.9733,17.549,2315
"2026-09-09 18:00:00","2026-09-10 09:00:00","CAPE","surface",-69.9494,17.549,2315
"2026-09-09 18:00:00","2026-09-10 09:00:00","CAPE","surface",-69.9255,17.549,2332
"2026-09-09 18:00:00","2026-09-10 09:00:00","CAPE","surface",-69.9015,17.549,2462
"2026-09-09 18:00:00","2026-09-10 09:00:00","CAPE","surface",-69.8776,17.549,2575
"2026-09-09 18:00:00","2026-09-10 09:00:00","CAPE","surface",-69.8537,17.549,2653
"2026-09-09 18:00:00","2026-09-10 09:00:00","CAPE","surface",-69.8298,17.549,2653
"2026-09-09 18:00:00","2026-09-10 09:00:00","CAPE","surface",-69.8058,17.549,2643
"2026-09-09 18:00:00","2026-09-10 09:00:00","CAPE","surface",-69.7819,17.549,2551
"2026-09-09 18:00:00","2026-09-10 09:00:00","CAPE","surface",-69.758,17.549,2465
"2026-09-09 18:00:00","2026-09-10 09:00:00","CAPE","surface",-69.7341,17.549,2453
"2026-09-09 18:00:00","2026-09-10 09:00:00","CAPE","surface",-69.7101,17.549,2439
"2026-09-09 18:00:00","2026-09-10 09:00:00","CAPE","surface",-69.6862,17.549,2444
"2026-09-09 18:00:00","2026-09-10 09:00:00","CAPE","surface",-69.6623,17.549,2428
"2026-09-09 18:00:00","2026-09-10 09:00:00","CAPE","surface",-69.6384,17.549,2390
"2026-09-09 18:00:00","2026-09-10 09:00:00","CAPE","surface",-69.6144,17.549,2392
"2026-09-09 18:00:00","2026-09-10 09:00:00","CAPE","surface",-69.5905,17.549,2378
"2026-09-09 18:00:00","2026-09-10 09:00:00","CAPE","surface",-69.5666,17.549,2393
"2026-09-09 18:00:00","2026-09-10 09:00:00","CAPE","surface",-69.5427,17.549,2457
"2026-09-09 18:00:00","2026-09-10 09:00:00","CAPE","surface",-69.5187,17.549,2521
"2026-09-09 18:00:00","2026-09-10 09:00:00","CAPE","surface",-69.4948,17.549,2563
"2026-09-09 18:00:00","2026-09-10 09:00:00","CAPE","surface",-69.4709,17.549,2408
"2026-09-09 18:00:00","2026-09-10 09:00:00","CAPE","surface",-69.447,17.549,2374
"2026-09-09 18:00:00","2026-09-10 09:00:00","CAPE","surface",-69.423,17.549,2279
"2026-09-09 18:00:00","2026-09-10 09:00:00","CAPE","surface",-69.3991,17.549,2307
"2026-09-09 18:00:00","2026-09-10 09:00:00","CAPE","surface",-69.3752,17.549,2275
"2026-09-09 18:00:00","2026-09-10 09:00:00","CAPE","surface",-69.3513,17.549,2327
"2026-09-09 18:00:00","2026-09-10 09:00:00","CAPE","surface",-69.3273,17.549,2352
"2026-09-09 18:00:00","2026-09-10 09:00:00","CAPE","surface",-69.3034,17.549,2355
"2026-09-09 18:00:00","2026-09-10 09:00:00","CAPE","surface",-69.2795,17.549,2360
"2026-09-09 18:00:00","2026-09-10 09:00:00","CAPE","surface",-69.2556,17.549,2343
"2026-09-09 18:00:00","2026-09-10 09:00:00","CAPE","surface",-69.2316,17.549,2305
"2026-09-09 18:00:00","2026-09-10 09:00:00","CAPE","surface",-69.2077,17.549,2226
"2026-09-09 18:00:00","2026-09-10 09:00:00","CAPE","surface",-69.1838,17.549,2160
"2026-09-09 18:00:00","2026-09-10 09:00:00","CAPE","surface",-69.1599,17.549,2117
"2026-09-09 18:00:00","2026-09-10 09:00:00","CAPE","surface",-69.1359,17.549,2078
"2026-09-09 18:00:00","2026-09-10 09:00:00","CAPE","surface",-69.112,17.549,2039
"2026-09-09 18:00:00","2026-09-10 09:00:00","CAPE","surface",-69.0881,17.549,2084
"2026-09-09 18:00:00","2026-09-10 09:00:00","CAPE","surface",-69.0642,17.549,2151
"2026-09-09 18:00:00","2026-09-10 09:00:00","CAPE","surface",-69.0402,17.549,2162
"2026-09-09 18:00:00","2026-09-10 09:00:00","CAPE","surface",-69.0163,17.549,2247
"2026-09-09 18:00:00","2026-09-10 09:00:00","CAPE","surface",-68.9924,17.549,2404
"2026-09-09 18:00:00","2026-09-10 09:00:00","CAPE","surface",-68.9685,17.549,2444
"2026-09-09 18:00:00","2026-09-10 09:00:00","CAPE","surface",-68.9445,17.549,2548
"2026-09-09 18:00:00","2026-09-10 09:00:00","CAPE","surface",-68.9206,17.549,2563
"2026-09-09 18:00:00","2026-09-10 09:00:00","CAPE","surface",-68.8967,17.549,2671
"2026-09-09 18:00:00","2026-09-10 09:00:00","CAPE","surface",-68.8728,17.549,2733
"2026-09-09 18:00:00","2026-09-10 09:00:00","CAPE","surface",-68.8488,17.549,2790
"2026-09-09 18:00:00","2026-09-10 09:00:00","CAPE","surface",-68.8249,17.549,2770
"2026-09-09 18:00:00","2026-09-10 09:00:00","CAPE","surface",-68.801,17.549,2811
"2026-09-09 18:00:00","2026-09-10 09:00:00","CAPE","surface",-68.7771,17.549,2740
"2026-09-09 18:00:00","2026-09-10 09:00:00","CAPE","surface",-68.7531,17.549,2795
"2026-09-09 18:00:00","2026-09-10 09:00:00","CAPE","surface",-68.7292,17.549,2605
"2026-09-09 18:00:00","2026-09-10 09:00:00","CAPE","surface",-68.7053,17.549,2564
"2026-09-09 18:00:00","2026-09-10 09:00:00","CAPE","surface",-68.6813,17.549,2681
"2026-09-09 18:00:00","2026-09-10 09:00:00","CAPE","surface",-68.6574,17.549,2802
"2026-09-09 18:00:00","2026-09-10 09:00:00","CAPE","surface",-68.6335,17.549,2802
"2026-09-09 18:00:00","2026-09-10 09:00:00","CAPE","surface",-68.6096,17.549,3074
"2026-09-09 18:00:00","2026-09-10 09:00:00","CAPE","surface",-68.5856,17.549,3244
"2026-09-09 18:00:00","2026-09-10 09:00:00","CAPE","surface",-68.5617,17.549,3366
"2026-09-09 18:00:00","2026-09-10 09:00:00","CAPE","surface",-68.5378,17.549,2698
"2026-09-09 18:00:00","2026-09-10 09:00:00","CAPE","surface",-68.5139,17.549,2698
"2026-09-09 18:00:00","2026-09-10 09:00:00","CAPE","surface",-68.4899,17.549,2328
"2026-09-09 18:00:00","2026-09-10 09:00:00","CAPE","surface",-68.466,17.549,2449
"2026-09-09 18:00:00","2026-09-10 09:00:00","CAPE","surface",-68.4421,17.549,2514
"2026-09-09 18:00:00","2026-09-10 09:00:00","CAPE","surface",-68.4182,17.549,2514
"2026-09-09 18:00:00","2026-09-10 09:00:00","CAPE","surface",-68.3942,17.549,2542
"2026-09-09 18:00:00","2026-09-10 09:00:00","CAPE","surface",-68.3703,17.549,2543
"2026-09-09 18:00:00","2026-09-10 09:00:00","CAPE","surface",-68.3464,17.549,2586
"2026-09-09 18:00:00","2026-09-10 09:00:00","CAPE","surface",-68.3225,17.549,2641
"2026-09-09 18:00:00","2026-09-10 09:00:00","CAPE","surface",-68.2985,17.549,2641
"2026-09-09 18:00:00","2026-09-10 09:00:00","CAPE","surface",-68.2746,17.549,2720
"2026-09-09 18:00:00","2026-09-10 09:00:00","CAPE","surface",-68.2507,17.549,2678
"2026-09-09 18:00:00","2026-09-10 09:00:00","CAPE","surface",-68.2268,17.549,2915
"2026-09-09 18:00:00","2026-09-10 09:00:00","CAPE","surface",-68.2028,17.549,2915
"2026-09-09 18:00:00","2026-09-10 09:00:00","CAPE","surface",-68.1789,17.549,2913
"2026-09-09 18:00:00","2026-09-10 09:00:00","CAPE","surface",-68.155,17.549,2768
"2026-09-09 18:00:00","2026-09-10 09:00:00","CAPE","surface",-68.1311,17.549,2598
"2026-09-09 18:00:00","2026-09-10 09:00:00","CAPE","surface",-68.1071,17.549,2486
"2026-09-09 18:00:00","2026-09-10 09:00:00","CAPE","surface",-68.0832,17.549,2363
"2026-09-09 18:00:00","2026-09-10 09:00:00","CAPE","surface",-68.0593,17.549,1711
"2026-09-09 18:00:00","2026-09-10 09:00:00","CAPE","surface",-68.0354,17.549,1488
"2026-09-09 18:00:00","2026-09-10 09:00:00","CAPE","surface",-68.0114,17.549,1123
"2026-09-09 18:00:00","2026-09-10 09:00:00","CAPE","surface",-67.9875,17.549,1097
"2026-09-09 18:00:00","2026-09-10 09:00:00","CAPE","surface",-67.9636,17.549,1188
"2026-09-09 18:00:00","2026-09-10 09:00:00","CAPE","surface",-67.9397,17.549,1465
"2026-09-09 18:00:00","2026-09-10 09:00:00","CAPE","surface",-67.9157,17.549,1675
"2026-09-09 18:00:00","2026-09-10 09:00:00","CAPE","surface",-67.8918,17.549,1894
"2026-09-09 18:00:00","2026-09-10 09:00:00","CAPE","surface",-67.8679,17.549,2033
"2026-09-09 18:00:00","2026-09-10 09:00:00","CAPE","surface",-67.844,17.549,2286
"2026-09-09 18:00:00","2026-09-10 09:00:00","CAPE","surface",-67.82,17.549,2406
"2026-09-09 18:00:00","2026-09-10 09:00:00","CAPE","surface",-67.7961,17.549,2406
"2026-09-09 18:00:00","2026-09-10 09:00:00","CAPE","surface",-67.7722,17.549,2408
"2026-09-09 18:00:00","2026-09-10 09:00:00","CAPE","surface",-67.7483,17.549,2321
"2026-09-09 18:00:00","2026-09-10 09:00:00","CAPE","surface",-67.7243,17.549,2283
"2026-09-09 18:00:00","2026-09-10 09:00:00","CAPE","surface",-67.7004,17.549,2224
"2026-09-09 18:00:00","2026-09-10 09:00:00","CAPE","surface",-67.6765,17.549,2265
"2026-09-09 18:00:00","2026-09-10 09:00:00","CAPE","surface",-67.6526,17.549,2352
"2026-09-09 18:00:00","2026-09-10 09:00:00","CAPE","surface",-67.6286,17.549,2401
"2026-09-09 18:00:00","2026-09-10 09:00:00","CAPE","surface",-67.6047,17.549,2654
"2026-09-09 18:00:00","2026-09-10 09:00:00","CAPE","surface",-67.5808,17.549,2654
"2026-09-09 18:00:00","2026-09-10 09:00:00","CAPE","surface",-67.5569,17.549,2548
"2026-09-09 18:00:00","2026-09-10 09:00:00","CAPE","surface",-67.5329,17.549,2002
"2026-09-09 18:00:00","2026-09-10 09:00:00","CAPE","surface",-67.509,17.549,2060
"2026-09-09 18:00:00","2026-09-10 09:00:00","CAPE","surface",-67.4851,17.549,1937
"2026-09-09 18:00:00","2026-09-10 09:00:00","CAPE","surface",-67.4612,17.549,2161
"2026-09-09 18:00:00","2026-09-10 09:00:00","CAPE","surface",-67.4372,17.549,2372
"2026-09-09 18:00:00","2026-09-10 09:00:00","CAPE","surface",-67.4133,17.549,2536
"2026-09-09 18:00:00","2026-09-10 09:00:00","CAPE","surface",-67.3894,17.549,2511
"2026-09-09 18:00:00","2026-09-10 09:00:00","CAPE","surface",-67.3655,17.549,2633
"2026-09-09 18:00:00","2026-09-10 09:00:00","CAPE","surface",-67.3415,17.549,2691
"2026-09-09 18:00:00","2026-09-10 09:00:00","CAPE","surface",-67.3176,17.549,2760
"2026-09-09 18:00:00","2026-09-10 09:00:00","CAPE","surface",-67.2937,17.549,2788
"2026-09-09 18:00:00","2026-09-10 09:00:00","CAPE","surface",-67.2698,17.549,2622
"2026-09-09 18:00:00","2026-09-10 09:00:00","CAPE","surface",-67.2458,17.549,2647
"2026-09-09 18:00:00","2026-09-10 09:00:00","CAPE","surface",-67.2219,17.549,2500
"2026-09-09 18:00:00","2026-09-10 09:00:00","CAPE","surface",-67.198,17.549,2453
"2026-09-09 18:00:00","2026-09-10 09:00:00","CAPE","surface",-67.1741,17.549,2453
"2026-09-09 18:00:00","2026-09-10 09:00:00","CAPE","surface",-67.1501,17.549,2524
"2026-09-09 18:00:00","2026-09-10 09:00:00","CAPE","surface",-67.1262,17.549,2607
"2026-09-09 18:00:00","2026-09-10 09:00:00","CAPE","surface",-67.1023,17.549,2699
"2026-09-09 18:00:00","2026-09-10 09:00:00","CAPE","surface",-67.0784,17.549,2699
"2026-09-09 18:00:00","2026-09-10 09:00:00","CAPE","surface",-67.0544,17.549,2689
"2026-09-09 18:00:00","2026-09-10 09:00:00","CAPE","surface",-67.0305,17.549,2789
"2026-09-09 18:00:00","2026-09-10 09:00:00","CAPE","surface",-67.0066,17.549,2787
"2026-09-09 18:00:00","2026-09-10 09:00:00","CAPE","surface",-74.7822,17.5718,2738
"2026-09-09 18:00:00","2026-09-10 09:00:00","CAPE","surface",-74.7583,17.5718,2738
"2026-09-09 18:00:00","2026-09-10 09:00:00","CAPE","surface",-74.7344,17.5718,2577
"2026-09-09 18:00:00","2026-09-10 09:00:00","CAPE","surface",-74.7105,17.5718,2434
"2026-09-09 18:00:00","2026-09-10 09:00:00","CAPE","surface",-74.6865,17.5718,2457
"2026-09-09 18:00:00","2026-09-10 09:00:00","CAPE","surface",-74.6626,17.5718,2427
"2026-09-09 18:00:00","2026-09-10 09:00:00","CAPE","surface",-74.6387,17.5718,2508
"2026-09-09 18:00:00","2026-09-10 09:00:00","CAPE","surface",-74.6148,17.5718,2508
"2026-09-09 18:00:00","2026-09-10 09:00:00","CAPE","surface",-74.5908,17.5718,2584
"2026-09-09 18:00:00","2026-09-10 09:00:00","CAPE","surface",-74.5669,17.5718,2659
"2026-09-09 18:00:00","2026-09-10 09:00:00","CAPE","surface",-74.543,17.5718,2655
"2026-09-09 18:00:00","2026-09-10 09:00:00","CAPE","surface",-74.5191,17.5718,2585
"2026-09-09 18:00:00","2026-09-10 09:00:00","CAPE","surface",-74.4951,17.5718,2439
"2026-09-09 18:00:00","2026-09-10 09:00:00","CAPE","surface",-74.4712,17.5718,2393
"2026-09-09 18:00:00","2026-09-10 09:00:00","CAPE","surface",-74.4473,17.5718,2290
"2026-09-09 18:00:00","2026-09-10 09:00:00","CAPE","surface",-74.4234,17.5718,2354
"2026-09-09 18:00:00","2026-09-10 09:00:00","CAPE","surface",-74.3994,17.5718,2391
"2026-09-09 18:00:00","2026-09-10 09:00:00","CAPE","surface",-74.3755,17.5718,2492
"2026-09-09 18:00:00","2026-09-10 09:00:00","CAPE","surface",-74.3516,17.5718,2563
"2026-09-09 18:00:00","2026-09-10 09:00:00","CAPE","surface",-74.3277,17.5718,2503
"2026-09-09 18:00:00","2026-09-10 09:00:00","CAPE","surface",-74.3037,17.5718,2539
"2026-09-09 18:00:00","2026-09-10 09:00:00","CAPE","surface",-74.2798,17.5718,2390
"2026-09-09 18:00:00","2026-09-10 09:00:00","CAPE","surface",-74.2559,17.5718,2355
"2026-09-09 18:00:00","2026-09-10 09:00:00","CAPE","surface",-74.232,17.5718,2236
"2026-09-09 18:00:00","2026-09-10 09:00:00","CAPE","surface",-74.208,17.5718,2258
"2026-09-09 18:00:00","2026-09-10 09:00:00","CAPE","surface",-74.1841,17.5718,2241
"2026-09-09 18:00:00","2026-09-10 09:00:00","CAPE","surface",-74.1602,17.5718,2279
"2026-09-09 18:00:00","2026-09-10 09:00:00","CAPE","surface",-74.1363,17.5718,2298
"2026-09-09 18:00:00","2026-09-10 09:00:00","CAPE","surface",-74.1123,17.5718,2358
"2026-09-09 18:00:00","2026-09-10 09:00:00","CAPE","surface",-74.0884,17.5718,2433
"2026-09-09 18:00:00","2026-09-10 09:00:00","CAPE","surface",-74.0645,17.5718,2524
"2026-09-09 18:00:00","2026-09-10 09:00:00","CAPE","surface",-74.0406,17.5718,2535
"2026-09-09 18:00:00","2026-09-10 09:00:00","CAPE","surface",-74.0166,17.5718,2640
"2026-09-09 18:00:00","2026-09-10 09:00:00","CAPE","surface",-73.9927,17.5718,2713
"2026-09-09 18:00:00","2026-09-10 09:00:00","CAPE","surface",-73.9688,17.5718,2753
"2026-09-09 18:00:00","2026-09-10 09:00:00","CAPE","surface",-73.9449,17.5718,2779
"2026-09-09 18:00:00","2026-09-10 09:00:00","CAPE","surface",-73.9209,17.5718,2821
"2026-09-09 18:00:00","2026-09-10 09:00:00","CAPE","surface",-73.897,17.5718,2821
"2026-09-09 18:00:00","2026-09-10 09:00:00","CAPE","surface",-73.8731,17.5718,2919
"2026-09-09 18:00:00","2026-09-10 09:00:00","CAPE","surface",-73.8492,17.5718,2936
"2026-09-09 18:00:00","2026-09-10 09:00:00","CAPE","surface",-73.8252,17.5718,3122
"2026-09-09 18:00:00","2026-09-10 09:00:00","CAPE","surface",-73.8013,17.5718,3183
"2026-09-09 18:00:00","2026-09-10 09:00:00","CAPE","surface",-73.7774,17.5718,3322
"2026-09-09 18:00:00","2026-09-10 09:00:00","CAPE","surface",-73.7535,17.5718,3322
"2026-09-09 18:00:00","2026-09-10 09:00:00","CAPE","surface",-73.7295,17.5718,3338
"2026-09-09 18:00:00","2026-09-10 09:00:00","CAPE","surface",-73.7056,17.5718,3346
"2026-09-09 18:00:00","2026-09-10 09:00:00","CAPE","surface",-73.6817,17.5718,3068
"2026-09-09 18:00:00","2026-09-10 09:00:00","CAPE","surface",-73.6578,17.5718,3070
"2026-09-09 18:00:00","2026-09-10 09:00:00","CAPE","surface",-73.6338,17.5718,2825
"2026-09-09 18:00:00","2026-09-10 09:00:00","CAPE","surface",-73.6099,17.5718,2825
"2026-09-09 18:00:00","2026-09-10 09:00:00","CAPE","surface",-73.586,17.5718,2687
"2026-09-09 18:00:00","2026-09-10 09:00:00","CAPE","surface",-73.5621,17.5718,2854
"2026-09-09 18:00:00","2026-09-10 09:00:00","CAPE","surface",-73.5381,17.5718,2635
"2026-09-09 18:00:00","2026-09-10 09:00:00","CAPE","surface",-73.5142,17.5718,2763
"2026-09-09 18:00:00","2026-09-10 09:00:00","CAPE","surface",-73.4903,17.5718,2634
"2026-09-09 18:00:00","2026-09-10 09:00:00","CAPE","surface",-73.4664,17.5718,2537
"2026-09-09 18:00:00","2026-09-10 09:00:00","CAPE","surface",-73.4424,17.5718,2583
"2026-09-09 18:00:00","2026-09-10 09:00:00","CAPE","surface",-73.4185,17.5718,2533
"2026-09-09 18:00:00","2026-09-10 09:00:00","CAPE","surface",-73.3946,17.5718,2535
"2026-09-09 18:00:00","2026-09-10 09:00:00","CAPE","surface",-73.3707,17.5718,2412
"2026-09-09 18:00:00","2026-09-10 09:00:00","CAPE","surface",-73.3467,17.5718,2412
"2026-09-09 18:00:00","2026-09-10 09:00:00","CAPE","surface",-73.3228,17.5718,2319
"2026-09-09 18:00:00","2026-09-10 09:00:00","CAPE","surface",-73.2989,17.5718,2302
"2026-09-09 18:00:00","2026-09-10 09:00:00","CAPE","surface",-73.275,17.5718,2301
"2026-09-09 18:00:00","2026-09-10 09:00:00","CAPE","surface",-73.251,17.5718,2345
"2026-09-09 18:00:00","2026-09-10 09:00:00","CAPE","surface",-73.2271,17.5718,2394
"2026-09-09 18:00:00","2026-09-10 09:00:00","CAPE","surface",-73.2032,17.5718,2394
"2026-09-09 18:00:00","2026-09-10 09:00:00","CAPE","surface",-73.1793,17.5718,2394
"2026-09-09 18:00:00","2026-09-10 09:00:00","CAPE","surface",-73.1553,17.5718,2383
"2026-09-09 18:00:00","2026-09-10 09:00:00","CAPE","surface",-73.1314,17.5718,2375
"2026-09-09 18:00:00","2026-09-10 09:00:00","CAPE","surface",-73.1075,17.5718,2364
"2026-09-09 18:00:00","2026-09-10 09:00:00","CAPE","surface",-73.0836,17.5718,2403
"2026-09-09 18:00:00","2026-09-10 09:00:00","CAPE","surface",-73.0596,17.5718,2403
"2026-09-09 18:00:00","2026-09-10 09:00:00","CAPE","surface",-73.0357,17.5718,2376
"2026-09-09 18:00:00","2026-09-10 09:00:00","CAPE","surface",-73.0118,17.5718,2292
"2026-09-09 18:00:00","2026-09-10 09:00:00","CAPE","surface",-72.9879,17.5718,2278
"2026-09-09 18:00:00","2026-09-10 09:00:00","CAPE","surface",-72.9639,17.5718,2239
"2026-09-09 18:00:00","2026-09-10 09:00:00","CAPE","surface",-72.94,17.5718,2239
"2026-09-09 18:00:00","2026-09-10 09:00:00","CAPE","surface",-72.9161,17.5718,2257
"2026-09-09 18:00:00","2026-09-10 09:00:00","CAPE","surface",-72.8922,17.5718,2274
"2026-09-09 18:00:00","2026-09-10 09:00:00","CAPE","surface",-72.8682,17.5718,2327
"2026-09-09 18:00:00","2026-09-10 09:00:00","CAPE","surface",-72.8443,17.5718,2331
"2026-09-09 18:00:00","2026-09-10 09:00:00","CAPE","surface",-72.8204,17.5718,2362
"2026-09-09 18:00:00","2026-09-10 09:00:00","CAPE","surface",-72.7965,17.5718,2362
"2026-09-09 18:00:00","2026-09-10 09:00:00","CAPE","surface",-72.7725,17.5718,2390
"2026-09-09 18:00:00","2026-09-10 09:00:00","CAPE","surface",-72.7486,17.5718,2405
"2026-09-09 18:00:00","2026-09-10 09:00:00","CAPE","surface",-72.7247,17.5718,2415
"2026-09-09 18:00:00","2026-09-10 09:00:00","CAPE","surface",-72.7008,17.5718,2429
"2026-09-09 18:00:00","2026-09-10 09:00:00","CAPE","surface",-72.6768,17.5718,2427
"2026-09-09 18:00:00","2026-09-10 09:00:00","CAPE","surface",-72.6529,17.5718,2427
"2026-09-09 18:00:00","2026-09-10 09:00:00","CAPE","surface",-72.629,17.5718,2424
"2026-09-09 18:00:00","2026-09-10 09:00:00","CAPE","surface",-72.6051,17.5718,2421
"2026-09-09 18:00:00","2026-09-10 09:00:00","CAPE","surface",-72.5811,17.5718,2430
"2026-09-09 18:00:00","2026-09-10 09:00:00","CAPE","surface",-72.5572,17.5718,2467
"2026-09-09 18:00:00","2026-09-10 09:00:00","CAPE","surface",-72.5333,17.5718,2467
"2026-09-09 18:00:00","2026-09-10 09:00:00","CAPE","surface",-72.5094,17.5718,2524
"2026-09-09 18:00:00","2026-09-10 09:00:00","CAPE","surface",-72.4854,17.5718,2556
"2026-09-09 18:00:00","2026-09-10 09:00:00","CAPE","surface",-72.4615,17.5718,2591
"2026-09-09 18:00:00","2026-09-10 09:00:00","CAPE","surface",-72.4376,17.5718,2605
"2026-09-09 18:00:00","2026-09-10 09:00:00","CAPE","surface",-72.4137,17.5718,2605
"2026-09-09 18:00:00","2026-09-10 09:00:00","CAPE","surface",-72.3897,17.5718,2628
"2026-09-09 18:00:00","2026-09-10 09:00:00","CAPE","surface",-72.3658,17.5718,2634
"2026-09-09 18:00:00","2026-09-10 09:00:00","CAPE","surface",-72.3419,17.5718,2636
"2026-09-09 18:00:00","2026-09-10 09:00:00","CAPE","surface",-72.318,17.5718,2637
"2026-09-09 18:00:00","2026-09-10 09:00:00","CAPE","surface",-72.294,17.5718,2616
"2026-09-09 18:00:00","2026-09-10 09:00:00","CAPE","surface",-72.2701,17.5718,2624
"2026-09-09 18:00:00","2026-09-10 09:00:00","CAPE","surface",-72.2462,17.5718,2636
"2026-09-09 18:00:00","2026-09-10 09:00:00","CAPE","surface",-72.2223,17.5718,2660
"2026-09-09 18:00:00","2026-09-10 09:00:00","CAPE","surface",-72.1983,17.5718,2676
"2026-09-09 18:00:00","2026-09-10 09:00:00","CAPE","surface",-72.1744,17.5718,2707
"2026-09-09 18:00:00","2026-09-10 09:00:00","CAPE","surface",-72.1505,17.5718,2672
"2026-09-09 18:00:00","2026-09-10 09:00:00","CAPE","surface",-72.1266,17.5718,2685
"2026-09-09 18:00:00","2026-09-10 09:00:00","CAPE","surface",-72.1026,17.5718,2649
"2026-09-09 18:00:00","2026-09-10 09:00:00","CAPE","surface",-72.0787,17.5718,2685
"2026-09-09 18:00:00","2026-09-10 09:00:00","CAPE","surface",-72.0548,17.5718,2646
"2026-09-09 18:00:00","2026-09-10 09:00:00","CAPE","surface",-72.0309,17.5718,2646
"2026-09-09 18:00:00","2026-09-10 09:00:00","CAPE","surface",-72.0069,17.5718,2586
"2026-09-09 18:00:00","2026-09-10 09:00:00","CAPE","surface",-71.983,17.5718,2525
"2026-09-09 18:00:00","2026-09-10 09:00:00","CAPE","surface",-71.9591,17.5718,2556
"2026-09-09 18:00:00","2026-09-10 09:00:00","CAPE","surface",-71.9352,17.5718,2492
"2026-09-09 18:00:00","2026-09-10 09:00:00","CAPE","surface",-71.9112,17.5718,2492
"2026-09-09 18:00:00","2026-09-10 09:00:00","CAPE","surface",-71.8873,17.5718,2452
"2026-09-09 18:00:00","2026-09-10 09:00:00","CAPE","surface",-71.8634,17.5718,2472
"2026-09-09 18:00:00","2026-09-10 09:00:00","CAPE","surface",-71.8395,17.5718,2432
"2026-09-09 18:00:00","2026-09-10 09:00:00","CAPE","surface",-71.8155,17.5718,2442
"2026-09-09 18:00:00","2026-09-10 09:00:00","CAPE","surface",-71.7916,17.5718,2415
"2026-09-09 18:00:00","2026-09-10 09:00:00","CAPE","surface",-71.7677,17.5718,2429
"2026-09-09 18:00:00","2026-09-10 09:00:00","CAPE","surface",-71.7438,17.5718,2465
"2026-09-09 18:00:00","2026-09-10 09:00:00","CAPE","surface",-71.7198,17.5718,2514
"2026-09-09 18:00:00","2026-09-10 09:00:00","CAPE","surface",-71.6959,17.5718,2537
"2026-09-09 18:00:00","2026-09-10 09:00:00","CAPE","surface",-71.672,17.5718,2568
"2026-09-09 18:00:00","2026-09-10 09:00:00","CAPE","surface",-71.6481,17.5718,2568
"2026-09-09 18:00:00","2026-09-10 09:00:00","CAPE","surface",-71.6241,17.5718,2590
"2026-09-09 18:00:00","2026-09-10 09:00:00","CAPE","surface",-71.6002,17.5718,2574
"2026-09-09 18:00:00","2026-09-10 09:00:00","CAPE","surface",-71.5763,17.5718,2537
"2026-09-09 18:00:00","2026-09-10 09:00:00","CAPE","surface",-71.5524,17.5718,2502
"2026-09-09 18:00:00","2026-09-10 09:00:00","CAPE","surface",-71.5284,17.5718,2434
"2026-09-09 18:00:00","2026-09-10 09:00:00","CAPE","surface",-71.5045,17.5718,2521
"2026-09-09 18:00:00","2026-09-10 09:00:00","CAPE","surface",-71.4806,17.5718,2745
"2026-09-09 18:00:00","2026-09-10 09:00:00","CAPE","surface",-71.4567,17.5718,2993
"2026-09-09 18:00:00","2026-09-10 09:00:00","CAPE","surface",-71.4327,17.5718,3017
"2026-09-09 18:00:00","2026-09-10 09:00:00","CAPE","surface",-71.4088,17.5718,2818
"2026-09-09 18:00:00","2026-09-10 09:00:00","CAPE","surface",-71.3849,17.5718,2989
"2026-09-09 18:00:00","2026-09-10 09:00:00","CAPE","surface",-71.361,17.5718,2990
"2026-09-09 18:00:00","2026-09-10 09:00:00","CAPE","surface",-71.337,17.5718,3083
"2026-09-09 18:00:00","2026-09-10 09:00:00","CAPE","surface",-71.3131,17.5718,3121
"2026-09-09 18:00:00","2026-09-10 09:00:00","CAPE","surface",-71.2892,17.5718,3121
"2026-09-09 18:00:00","2026-09-10 09:00:00","CAPE","surface",-71.2653,17.5718,3176
"2026-09-09 18:00:00","2026-09-10 09:00:00","CAPE","surface",-71.2413,17.5718,3170
"2026-09-09 18:00:00","2026-09-10 09:00:00","CAPE","surface",-71.2174,17.5718,3116
"2026-09-09 18:00:00","2026-09-10 09:00:00","CAPE","surface",-71.1935,17.5718,2921
"2026-09-09 18:00:00","2026-09-10 09:00:00","CAPE","surface",-71.1696,17.5718,2918
"2026-09-09 18:00:00","2026-09-10 09:00:00","CAPE","surface",-71.1456,17.5718,2742
"2026-09-09 18:00:00","2026-09-10 09:00:00","CAPE","surface",-71.1217,17.5718,2689
"2026-09-09 18:00:00","2026-09-10 09:00:00","CAPE","surface",-71.0978,17.5718,2623
"2026-09-09 18:00:00","2026-09-10 09:00:00","CAPE","surface",-71.0739,17.5718,2605
"2026-09-09 18:00:00","2026-09-10 09:00:00","CAPE","surface",-71.0499,17.5718,2552
"2026-09-09 18:00:00","2026-09-10 09:00:00","CAPE","surface",-71.026,17.5718,2525
"2026-09-09 18:00:00","2026-09-10 09:00:00","CAPE","surface",-71.0021,17.5718,2481
"2026-09-09 18:00:00","2026-09-10 09:00:00","CAPE","surface",-70.9782,17.5718,2437
"2026-09-09 18:00:00","2026-09-10 09:00:00","CAPE","surface",-70.9542,17.5718,2450
"2026-09-09 18:00:00","2026-09-10 09:00:00","CAPE","surface",-70.9303,17.5718,2450
"2026-09-09 18:00:00","2026-09-10 09:00:00","CAPE","surface",-70.9064,17.5718,2558
"2026-09-09 18:00:00","2026-09-10 09:00:00","CAPE","surface",-70.8825,17.5718,2611
"2026-09-09 18:00:00","2026-09-10 09:00:00","CAPE","surface",-70.8585,17.5718,2578
"2026-09-09 18:00:00","2026-09-10 09:00:00","CAPE","surface",-70.8346,17.5718,2546
"2026-09-09 18:00:00","2026-09-10 09:00:00","CAPE","surface",-70.8107,17.5718,2546
"2026-09-09 18:00:00","2026-09-10 09:00:00","CAPE","surface",-70.7868,17.5718,2460
"2026-09-09 18:00:00","2026-09-10 09:00:00","CAPE","surface",-70.7628,17.5718,2429
"2026-09-09 18:00:00","2026-09-10 09:00:00","CAPE","surface",-70.7389,17.5718,2438
"2026-09-09 18:00:00","2026-09-10 09:00:00","CAPE","surface",-70.715,17.5718,2440
"2026-09-09 18:00:00","2026-09-10 09:00:00","CAPE","surface",-70.6911,17.5718,2499
"2026-09-09 18:00:00","2026-09-10 09:00:00","CAPE","surface",-70.6671,17.5718,2576
"2026-09-09 18:00:00","2026-09-10 09:00:00","CAPE","surface",-70.6432,17.5718,2585
"2026-09-09 18:00:00","2026-09-10 09:00:00","CAPE","surface",-70.6193,17.5718,2656
"2026-09-09 18:00:00","2026-09-10 09:00:00","CAPE","surface",-70.5954,17.5718,2605
"2026-09-09 18:00:00","2026-09-10 09:00:00","CAPE","surface",-70.5714,17.5718,2634
"2026-09-09 18:00:00","2026-09-10 09:00:00","CAPE","surface",-70.5475,17.5718,2573
"2026-09-09 18:00:00","2026-09-10 09:00:00","CAPE","surface",-70.5236,17.5718,2537
"2026-09-09 18:00:00","2026-09-10 09:00:00","CAPE","surface",-70.4997,17.5718,2494
"2026-09-09 18:00:00","2026-09-10 09:00:00","CAPE","surface",-70.4757,17.5718,2479
"2026-09-09 18:00:00","2026-09-10 09:00:00","CAPE","surface",-70.4518,17.5718,2440
"2026-09-09 18:00:00","2026-09-10 09:00:00","CAPE","surface",-70.4279,17.5718,2394
"2026-09-09 18:00:00","2026-09-10 09:00:00","CAPE","surface",-70.404,17.5718,2372
"2026-09-09 18:00:00","2026-09-10 09:00:00","CAPE","surface",-70.38,17.5718,2350
"2026-09-09 18:00:00","2026-09-10 09:00:00","CAPE","surface",-70.3561,17.5718,2364
"2026-09-09 18:00:00","2026-09-10 09:00:00","CAPE","surface",-70.3322,17.5718,2297
"2026-09-09 18:00:00","2026-09-10 09:00:00","CAPE","surface",-70.3083,17.5718,2270
"2026-09-09 18:00:00","2026-09-10 09:00:00","CAPE","surface",-70.2843,17.5718,2201
"2026-09-09 18:00:00","2026-09-10 09:00:00","CAPE","surface",-70.2604,17.5718,2377
"2026-09-09 18:00:00","2026-09-10 09:00:00","CAPE","surface",-70.2365,17.5718,2377
"2026-09-09 18:00:00","2026-09-10 09:00:00","CAPE","surface",-70.2126,17.5718,2500
"2026-09-09 18:00:00","2026-09-10 09:00:00","CAPE","surface",-70.1886,17.5718,2489
"2026-09-09 18:00:00","2026-09-10 09:00:00","CAPE","surface",-70.1647,17.5718,2439
"2026-09-09 18:00:00","2026-09-10 09:00:00","CAPE","surface",-70.1408,17.5718,2424
"2026-09-09 18:00:00","2026-09-10 09:00:00","CAPE","surface",-70.1169,17.5718,2424
"2026-09-09 18:00:00","2026-09-10 09:00:00","CAPE","surface",-70.0929,17.5718,2433
"2026-09-09 18:00:00","2026-09-10 09:00:00","CAPE","surface",-70.069,17.5718,2412
"2026-09-09 18:00:00","2026-09-10 09:00:00","CAPE","surface",-70.0451,17.5718,2394
"2026-09-09 18:00:00","2026-09-10 09:00:00","CAPE","surface",-70.0212,17.5718,2354
"2026-09-09 18:00:00","2026-09-10 09:00:00","CAPE","surface",-69.9972,17.5718,2351
"2026-09-09 18:00:00","2026-09-10 09:00:00","CAPE","surface",-69.9733,17.5718,2326
"2026-09-09 18:00:00","2026-09-10 09:00:00","CAPE","surface",-69.9494,17.5718,2318
"2026-09-09 18:00:00","2026-09-10 09:00:00","CAPE","surface",-69.9255,17.5718,2342
"2026-09-09 18:00:00","2026-09-10 09:00:00","CAPE","surface",-69.9015,17.5718,2342
"2026-09-09 18:00:00","2026-09-10 09:00:00","CAPE","surface",-69.8776,17.5718,2471
"2026-09-09 18:00:00","2026-09-10 09:00:00","CAPE","surface",-69.8537,17.5718,2589
"2026-09-09 18:00:00","2026-09-10 09:00:00","CAPE","surface",-69.8298,17.5718,2664
"2026-09-09 18:00:00","2026-09-10 09:00:00","CAPE","surface",-69.8058,17.5718,2643
"2026-09-09 18:00:00","2026-09-10 09:00:00","CAPE","surface",-69.7819,17.5718,2609
"2026-09-09 18:00:00","2026-09-10 09:00:00","CAPE","surface",-69.758,17.5718,2472
"2026-09-09 18:00:00","2026-09-10 09:00:00","CAPE","surface",-69.7341,17.5718,2447
"2026-09-09 18:00:00","2026-09-10 09:00:00","CAPE","surface",-69.7101,17.5718,2444
"2026-09-09 18:00:00","2026-09-10 09:00:00","CAPE","surface",-69.6862,17.5718,2444
"2026-09-09 18:00:00","2026-09-10 09:00:00","CAPE","surface",-69.6623,17.5718,2455
"2026-09-09 18:00:00","2026-09-10 09:00:00","CAPE","surface",-69.6384,17.5718,2435
"2026-09-09 18:00:00","2026-09-10 09:00:00","CAPE","surface",-69.6144,17.5718,2420
"2026-09-09 18:00:00","2026-09-10 09:00:00","CAPE","surface",-69.5905,17.5718,2378
"2026-09-09 18:00:00","2026-09-10 09:00:00","CAPE","surface",-69.5666,17.5718,2405
"2026-09-09 18:00:00","2026-09-10 09:00:00","CAPE","surface",-69.5427,17.5718,2469
"2026-09-09 18:00:00","2026-09-10 09:00:00","CAPE","surface",-69.5187,17.5718,2539
"2026-09-09 18:00:00","2026-09-10 09:00:00","CAPE","surface",-69.4948,17.5718,2527
"2026-09-09 18:00:00","2026-09-10 09:00:00","CAPE","surface",-69.4709,17.5718,2408
"2026-09-09 18:00:00","2026-09-10 09:00:00","CAPE","surface",-69.447,17.5718,2301
"2026-09-09 18:00:00","2026-09-10 09:00:00","CAPE","surface",-69.423,17.5718,2274
"2026-09-09 18:00:00","2026-09-10 09:00:00","CAPE","surface",-69.3991,17.5718,2226
"2026-09-09 18:00:00","2026-09-10 09:00:00","CAPE","surface",-69.3752,17.5718,2294
"2026-09-09 18:00:00","2026-09-10 09:00:00","CAPE","surface",-69.3513,17.5718,2332
"2026-09-09 18:00:00","2026-09-10 09:00:00","CAPE","surface",-69.3273,17.5718,2369
"2026-09-09 18:00:00","2026-09-10 09:00:00","CAPE","surface",-69.3034,17.5718,2371
"2026-09-09 18:00:00","2026-09-10 09:00:00","CAPE","surface",-69.2795,17.5718,2365
"2026-09-09 18:00:00","2026-09-10 09:00:00","CAPE","surface",-69.2556,17.5718,2343
"2026-09-09 18:00:00","2026-09-10 09:00:00","CAPE","surface",-69.2316,17.5718,2343
"2026-09-09 18:00:00","2026-09-10 09:00:00","CAPE","surface",-69.2077,17.5718,2306
"2026-09-09 18:00:00","2026-09-10 09:00:00","CAPE","surface",-69.1838,17.5718,2190
"2026-09-09 18:00:00","2026-09-10 09:00:00","CAPE","surface",-69.1599,17.5718,2074
"2026-09-09 18:00:00","2026-09-10 09:00:00","CAPE","surface",-69.1359,17.5718,2038
"2026-09-09 18:00:00","2026-09-10 09:00:00","CAPE","surface",-69.112,17.5718,2031
"2026-09-09 18:00:00","2026-09-10 09:00:00","CAPE","surface",-69.0881,17.5718,2039
"2026-09-09 18:00:00","2026-09-10 09:00:00","CAPE","surface",-69.0642,17.5718,2088
"2026-09-09 18:00:00","2026-09-10 09:00:00","CAPE","surface",-69.0402,17.5718,2162
"2026-09-09 18:00:00","2026-09-10 09:00:00","CAPE","surface",-69.0163,17.5718,2219
"2026-09-09 18:00:00","2026-09-10 09:00:00","CAPE","surface",-68.9924,17.5718,2456
"2026-09-09 18:00:00","2026-09-10 09:00:00","CAPE","surface",-68.9685,17.5718,2527
"2026-09-09 18:00:00","2026-09-10 09:00:00","CAPE","surface",-68.9445,17.5718,2625
"2026-09-09 18:00:00","2026-09-10 09:00:00","CAPE","surface",-68.9206,17.5718,2634
"2026-09-09 18:00:00","2026-09-10 09:00:00","CAPE","surface",-68.8967,17.5718,2671
"2026-09-09 18:00:00","2026-09-10 09:00:00","CAPE","surface",-68.8728,17.5718,2689
"2026-09-09 18:00:00","2026-09-10 09:00:00","CAPE","surface",-68.8488,17.5718,2721
"2026-09-09 18:00:00","2026-09-10 09:00:00","CAPE","surface",-68.8249,17.5718,2770
"2026-09-09 18:00:00","2026-09-10 09:00:00","CAPE","surface",-68.801,17.5718,2649
"2026-09-09 18:00:00","2026-09-10 09:00:00","CAPE","surface",-68.7771,17.5718,2492
"2026-09-09 18:00:00","2026-09-10 09:00:00","CAPE","surface",-68.7531,17.5718,2534
"2026-09-09 18:00:00","2026-09-10 09:00:00","CAPE","surface",-68.7292,17.5718,2477
"2026-09-09 18:00:00","2026-09-10 09:00:00","CAPE","surface",-68.7053,17.5718,2564
"2026-09-09 18:00:00","2026-09-10 09:00:00","CAPE","surface",-68.6813,17.5718,2540
"2026-09-09 18:00:00","2026-09-10 09:00:00","CAPE","surface",-68.6574,17.5718,2653
"2026-09-09 18:00:00","2026-09-10 09:00:00","CAPE","surface",-68.6335,17.5718,2907
"2026-09-09 18:00:00","2026-09-10 09:00:00","CAPE","surface",-68.6096,17.5718,3181
"2026-09-09 18:00:00","2026-09-10 09:00:00","CAPE","surface",-68.5856,17.5718,3181
"2026-09-09 18:00:00","2026-09-10 09:00:00","CAPE","surface",-68.5617,17.5718,2904
"2026-09-09 18:00:00","2026-09-10 09:00:00","CAPE","surface",-68.5378,17.5718,2785
"2026-09-09 18:00:00","2026-09-10 09:00:00","CAPE","surface",-68.5139,17.5718,2243
"2026-09-09 18:00:00","2026-09-10 09:00:00","CAPE","surface",-68.4899,17.5718,2328
"2026-09-09 18:00:00","2026-09-10 09:00:00","CAPE","surface",-68.466,17.5718,2285
"2026-09-09 18:00:00","2026-09-10 09:00:00","CAPE","surface",-68.4421,17.5718,2394
"2026-09-09 18:00:00","2026-09-10 09:00:00","CAPE","surface",-68.4182,17.5718,2475
"2026-09-09 18:00:00","2026-09-10 09:00:00","CAPE","surface",-68.3942,17.5718,2467
"2026-09-09 18:00:00","2026-09-10 09:00:00","CAPE","surface",-68.3703,17.5718,2467
"2026-09-09 18:00:00","2026-09-10 09:00:00","CAPE","surface",-68.3464,17.5718,2548
"2026-09-09 18:00:00","2026-09-10 09:00:00","CAPE","surface",-68.3225,17.5718,2621
"2026-09-09 18:00:00","2026-09-10 09:00:00","CAPE","surface",-68.2985,17.5718,2723
"2026-09-09 18:00:00","2026-09-10 09:00:00","CAPE","surface",-68.2746,17.5718,2723
"2026-09-09 18:00:00","2026-09-10 09:00:00","CAPE","surface",-68.2507,17.5718,2809
"2026-09-09 18:00:00","2026-09-10 09:00:00","CAPE","surface",-68.2268,17.5718,2873
"2026-09-09 18:00:00","2026-09-10 09:00:00","CAPE","surface",-68.2028,17.5718,2923
"2026-09-09 18:00:00","2026-09-10 09:00:00","CAPE","surface",-68.1789,17.5718,2824
"2026-09-09 18:00:00","2026-09-10 09:00:00","CAPE","surface",-68.155,17.5718,2824
"2026-09-09 18:00:00","2026-09-10 09:00:00","CAPE","surface",-68.1311,17.5718,2606
"2026-09-09 18:00:00","2026-09-10 09:00:00","CAPE","surface",-68.1071,17.5718,2486
"2026-09-09 18:00:00","2026-09-10 09:00:00","CAPE","surface",-68.0832,17.5718,2023
"2026-09-09 18:00:00","2026-09-10 09:00:00","CAPE","surface",-68.0593,17.5718,1552
"2026-09-09 18:00:00","2026-09-10 09:00:00","CAPE","surface",-68.0354,17.5718,1259
"2026-09-09 18:00:00","2026-09-10 09:00:00","CAPE","surface",-68.0114,17.5718,1093
"2026-09-09 18:00:00","2026-09-10 09:00:00","CAPE","surface",-67.9875,17.5718,1097
"2026-09-09 18:00:00","2026-09-10 09:00:00","CAPE","surface",-67.9636,17.5718,1223
"2026-09-09 18:00:00","2026-09-10 09:00:00","CAPE","surface",-67.9397,17.5718,1312
"2026-09-09 18:00:00","2026-09-10 09:00:00","CAPE","surface",-67.9157,17.5718,1754
"2026-09-09 18:00:00","2026-09-10 09:00:00","CAPE","surface",-67.8918,17.5718,2253
"2026-09-09 18:00:00","2026-09-10 09:00:00","CAPE","surface",-67.8679,17.5718,2241
"2026-09-09 18:00:00","2026-09-10 09:00:00","CAPE","surface",-67.844,17.5718,2555
"2026-09-09 18:00:00","2026-09-10 09:00:00","CAPE","surface",-67.82,17.5718,2466
"2026-09-09 18:00:00","2026-09-10 09:00:00","CAPE","surface",-67.7961,17.5718,2552
"2026-09-09 18:00:00","2026-09-10 09:00:00","CAPE","surface",-67.7722,17.5718,2408
"2026-09-09 18:00:00","2026-09-10 09:00:00","CAPE","surface",-67.7483,17.5718,2537
"2026-09-09 18:00:00","2026-09-10 09:00:00","CAPE","surface",-67.7243,17.5718,2494
"2026-09-09 18:00:00","2026-09-10 09:00:00","CAPE","surface",-67.7004,17.5718,2331
"2026-09-09 18:00:00","2026-09-10 09:00:00","CAPE","surface",-67.6765,17.5718,2363
"2026-09-09 18:00:00","2026-09-10 09:00:00","CAPE","surface",-67.6526,17.5718,2363
"2026-09-09 18:00:00","2026-09-10 09:00:00","CAPE","surface",-67.6286,17.5718,2554
"2026-09-09 18:00:00","2026-09-10 09:00:00","CAPE","surface",-67.6047,17.5718,2586
"2026-09-09 18:00:00","2026-09-10 09:00:00","CAPE","surface",-67.5808,17.5718,2609
"2026-09-09 18:00:00","2026-09-10 09:00:00","CAPE","surface",-67.5569,17.5718,2025
"2026-09-09 18:00:00","2026-09-10 09:00:00","CAPE","surface",-67.5329,17.5718,2025
"2026-09-09 18:00:00","2026-09-10 09:00:00","CAPE","surface",-67.509,17.5718,1751
"2026-09-09 18:00:00","2026-09-10 09:00:00","CAPE","surface",-67.4851,17.5718,1937
"2026-09-09 18:00:00","2026-09-10 09:00:00","CAPE","surface",-67.4612,17.5718,2187
"2026-09-09 18:00:00","2026-09-10 09:00:00","CAPE","surface",-67.4372,17.5718,2076
"2026-09-09 18:00:00","2026-09-10 09:00:00","CAPE","surface",-67.4133,17.5718,2363
"2026-09-09 18:00:00","2026-09-10 09:00:00","CAPE","surface",-67.3894,17.5718,2569
"2026-09-09 18:00:00","2026-09-10 09:00:00","CAPE","surface",-67.3655,17.5718,2633
"2026-09-09 18:00:00","2026-09-10 09:00:00","CAPE","surface",-67.3415,17.5718,2682
"2026-09-09 18:00:00","2026-09-10 09:00:00","CAPE","surface",-67.3176,17.5718,2732
"2026-09-09 18:00:00","2026-09-10 09:00:00","CAPE","surface",-67.2937,17.5718,2632
"2026-09-09 18:00:00","2026-09-10 09:00:00","CAPE","surface",-67.2698,17.5718,2430
"2026-09-09 18:00:00","2026-09-10 09:00:00","CAPE","surface",-67.2458,17.5718,2430
"2026-09-09 18:00:00","2026-09-10 09:00:00","CAPE","surface",-67.2219,17.5718,2389
"2026-09-09 18:00:00","2026-09-10 09:00:00","CAPE","surface",-67.198,17.5718,2418
"2026-09-09 18:00:00","2026-09-10 09:00:00","CAPE","surface",-67.1741,17.5718,2450
"2026-09-09 18:00:00","2026-09-10 09:00:00","CAPE","surface",-67.1501,17.5718,2450
"2026-09-09 18:00:00","2026-09-10 09:00:00","CAPE","surface",-67.1262,17.5718,2606
"2026-09-09 18:00:00","2026-09-10 09:00:00","CAPE","surface",-67.1023,17.5718,2712
"2026-09-09 18:00:00","2026-09-10 09:00:00","CAPE","surface",-67.0784,17.5718,2688
"2026-09-09 18:00:00","2026-09-10 09:00:00","CAPE","surface",-67.0544,17.5718,2766
"2026-09-09 18:00:00","2026-09-10 09:00:00","CAPE","surface",-67.0305,17.5718,2766
"2026-09-09 18:00:00","2026-09-10 09:00:00","CAPE","surface",-67.0066,17.5718,2881
"2026-09-09 18:00:00","2026-09-10 09:00:00","CAPE","surface",-74.7822,17.5946,2535
"2026-09-09 18:00:00","2026-09-10 09:00:00","CAPE","surface",-74.7583,17.5946,2613
"2026-09-09 18:00:00","2026-09-10 09:00:00","CAPE","surface",-74.7344,17.5946,2590
"2026-09-09 18:00:00","2026-09-10 09:00:00","CAPE","surface",-74.7105,17.5946,2512
"2026-09-09 18:00:00","2026-09-10 09:00:00","CAPE","surface",-74.6865,17.5946,2586
"2026-09-09 18:00:00","2026-09-10 09:00:00","CAPE","surface",-74.6626,17.5946,2558
"2026-09-09 18:00:00","2026-09-10 09:00:00","CAPE","surface",-74.6387,17.5946,2577
"2026-09-09 18:00:00","2026-09-10 09:00:00","CAPE","surface",-74.6148,17.5946,2577
"2026-09-09 18:00:00","2026-09-10 09:00:00","CAPE","surface",-74.5908,17.5946,2656
"2026-09-09 18:00:00","2026-09-10 09:00:00","CAPE","surface",-74.5669,17.5946,2659
"2026-09-09 18:00:00","2026-09-10 09:00:00","CAPE","surface",-74.543,17.5946,2684
"2026-09-09 18:00:00","2026-09-10 09:00:00","CAPE","surface",-74.5191,17.5946,2669
"2026-09-09 18:00:00","2026-09-10 09:00:00","CAPE","surface",-74.4951,17.5946,2548
"2026-09-09 18:00:00","2026-09-10 09:00:00","CAPE","surface",-74.4712,17.5946,2393
"2026-09-09 18:00:00","2026-09-10 09:00:00","CAPE","surface",-74.4473,17.5946,2364
"2026-09-09 18:00:00","2026-09-10 09:00:00","CAPE","surface",-74.4234,17.5946,2354
"2026-09-09 18:00:00","2026-09-10 09:00:00","CAPE","surface",-74.3994,17.5946,2399
"2026-09-09 18:00:00","2026-09-10 09:00:00","CAPE","surface",-74.3755,17.5946,2428
"2026-09-09 18:00:00","2026-09-10 09:00:00","CAPE","surface",-74.3516,17.5946,2445
"2026-09-09 18:00:00","2026-09-10 09:00:00","CAPE","surface",-74.3277,17.5946,2503
"2026-09-09 18:00:00","2026-09-10 09:00:00","CAPE","surface",-74.3037,17.5946,2405
"2026-09-09 18:00:00","2026-09-10 09:00:00","CAPE","surface",-74.2798,17.5946,2390
"2026-09-09 18:00:00","2026-09-10 09:00:00","CAPE","surface",-74.2559,17.5946,2254
"2026-09-09 18:00:00","2026-09-10 09:00:00","CAPE","surface",-74.232,17.5946,2218
"2026-09-09 18:00:00","2026-09-10 09:00:00","CAPE","surface",-74.208,17.5946,2224
"2026-09-09 18:00:00","2026-09-10 09:00:00","CAPE","surface",-74.1841,17.5946,2240
"2026-09-09 18:00:00","2026-09-10 09:00:00","CAPE","surface",-74.1602,17.5946,2259
"2026-09-09 18:00:00","2026-09-10 09:00:00","CAPE","surface",-74.1363,17.5946,2293
"2026-09-09 18:00:00","2026-09-10 09:00:00","CAPE","surface",-74.1123,17.5946,2293
"2026-09-09 18:00:00","2026-09-10 09:00:00","CAPE","surface",-74.0884,17.5946,2405
"2026-09-09 18:00:00","2026-09-10 09:00:00","CAPE","surface",-74.0645,17.5946,2471
"2026-09-09 18:00:00","2026-09-10 09:00:00","CAPE","surface",-74.0406,17.5946,2594
"2026-09-09 18:00:00","2026-09-10 09:00:00","CAPE","surface",-74.0166,17.5946,2646
"2026-09-09 18:00:00","2026-09-10 09:00:00","CAPE","surface",-73.9927,17.5946,2729
"2026-09-09 18:00:00","2026-09-10 09:00:00","CAPE","surface",-73.9688,17.5946,2729
"2026-09-09 18:00:00","2026-09-10 09:00:00","CAPE","surface",-73.9449,17.5946,2816
"2026-09-09 18:00:00","2026-09-10 09:00:00","CAPE","surface",-73.9209,17.5946,2827
"2026-09-09 18:00:00","2026-09-10 09:00:00","CAPE","surface",-73.897,17.5946,2933
"2026-09-09 18:00:00","2026-09-10 09:00:00","CAPE","surface",-73.8731,17.5946,2919
"2026-09-09 18:00:00","2026-09-10 09:00:00","CAPE","surface",-73.8492,17.5946,3078
"2026-09-09 18:00:00","2026-09-10 09:00:00","CAPE","surface",-73.8252,17.5946,3078
"2026-09-09 18:00:00","2026-09-10 09:00:00","CAPE","surface",-73.8013,17.5946,3217
"2026-09-09 18:00:00","2026-09-10 09:00:00","CAPE","surface",-73.7774,17.5946,3271
"2026-09-09 18:00:00","2026-09-10 09:00:00","CAPE","surface",-73.7535,17.5946,3331
"2026-09-09 18:00:00","2026-09-10 09:00:00","CAPE","surface",-73.7295,17.5946,3338
"2026-09-09 18:00:00","2026-09-10 09:00:00","CAPE","surface",-73.7056,17.5946,3063
"2026-09-09 18:00:00","2026-09-10 09:00:00","CAPE","surface",-73.6817,17.5946,2662
"2026-09-09 18:00:00","2026-09-10 09:00:00","CAPE","surface",-73.6578,17.5946,2668
"2026-09-09 18:00:00","2026-09-10 09:00:00","CAPE","surface",-73.6338,17.5946,2513
"2026-09-09 18:00:00","2026-09-10 09:00:00","CAPE","surface",-73.6099,17.5946,2559
"2026-09-09 18:00:00","2026-09-10 09:00:00","CAPE","surface",-73.586,17.5946,2528
"2026-09-09 18:00:00","2026-09-10 09:00:00","CAPE","surface",-73.5621,17.5946,2528
"2026-09-09 18:00:00","2026-09-10 09:00:00","CAPE","surface",-73.5381,17.5946,2505
"2026-09-09 18:00:00","2026-09-10 09:00:00","CAPE","surface",-73.5142,17.5946,2496
"2026-09-09 18:00:00","2026-09-10 09:00:00","CAPE","surface",-73.4903,17.5946,2515
"2026-09-09 18:00:00","2026-09-10 09:00:00","CAPE","surface",-73.4664,17.5946,2537
"2026-09-09 18:00:00","2026-09-10 09:00:00","CAPE","surface",-73.4424,17.5946,2528
"2026-09-09 18:00:00","2026-09-10 09:00:00","CAPE","surface",-73.4185,17.5946,2528
"2026-09-09 18:00:00","2026-09-10 09:00:00","CAPE","surface",-73.3946,17.5946,2474
"2026-09-09 18:00:00","2026-09-10 09:00:00","CAPE","surface",-73.3707,17.5946,2452
"2026-09-09 18:00:00","2026-09-10 09:00:00","CAPE","surface",-73.3467,17.5946,2345
"2026-09-09 18:00:00","2026-09-10 09:00:00","CAPE","surface",-73.3228,17.5946,2319
"2026-09-09 18:00:00","2026-09-10 09:00:00","CAPE","surface",-73.2989,17.5946,2284
"2026-09-09 18:00:00","2026-09-10 09:00:00","CAPE","surface",-73.275,17.5946,2284
"2026-09-09 18:00:00","2026-09-10 09:00:00","CAPE","surface",-73.251,17.5946,2299
"2026-09-09 18:00:00","2026-09-10 09:00:00","CAPE","surface",-73.2271,17.5946,2383
"2026-09-09 18:00:00","2026-09-10 09:00:00","CAPE","surface",-73.2032,17.5946,2402
"2026-09-09 18:00:00","2026-09-10 09:00:00","CAPE","surface",-73.1793,17.5946,2389
"2026-09-09 18:00:00","2026-09-10 09:00:00","CAPE","surface",-73.1553,17.5946,2389
"2026-09-09 18:00:00","2026-09-10 09:00:00","CAPE","surface",-73.1314,17.5946,2388
"2026-09-09 18:00:00","2026-09-10 09:00:00","CAPE","surface",-73.1075,17.5946,2385
"2026-09-09 18:00:00","2026-09-10 09:00:00","CAPE","surface",-73.0836,17.5946,2416
"2026-09-09 18:00:00","2026-09-10 09:00:00","CAPE","surface",-73.0596,17.5946,2397
"2026-09-09 18:00:00","2026-09-10 09:00:00","CAPE","surface",-73.0357,17.5946,2336
"2026-09-09 18:00:00","2026-09-10 09:00:00","CAPE","surface",-73.0118,17.5946,2336
"2026-09-09 18:00:00","2026-09-10 09:00:00","CAPE","surface",-72.9879,17.5946,2256
"2026-09-09 18:00:00","2026-09-10 09:00:00","CAPE","surface",-72.9639,17.5946,2246
"2026-09-09 18:00:00","2026-09-10 09:00:00","CAPE","surface",-72.94,17.5946,2245
"2026-09-09 18:00:00","2026-09-10 09:00:00","CAPE","surface",-72.9161,17.5946,2257
"2026-09-09 18:00:00","2026-09-10 09:00:00","CAPE","surface",-72.8922,17.5946,2311
"2026-09-09 18:00:00","2026-09-10 09:00:00","CAPE","surface",-72.8682,17.5946,2320
"2026-09-09 18:00:00","2026-09-10 09:00:00","CAPE","surface",-72.8443,17.5946,2362
"2026-09-09 18:00:00","2026-09-10 09:00:00","CAPE","surface",-72.8204,17.5946,2381
"2026-09-09 18:00:00","2026-09-10 09:00:00","CAPE","surface",-72.7965,17.5946,2388
"2026-09-09 18:00:00","2026-09-10 09:00:00","CAPE","surface",-72.7725,17.5946,2401
"2026-09-09 18:00:00","2026-09-10 09:00:00","CAPE","surface",-72.7486,17.5946,2401
"2026-09-09 18:00:00","2026-09-10 09:00:00","CAPE","surface",-72.7247,17.5946,2419
"2026-09-09 18:00:00","2026-09-10 09:00:00","CAPE","surface",-72.7008,17.5946,2423
"2026-09-09 18:00:00","2026-09-10 09:00:00","CAPE","surface",-72.6768,17.5946,2427
"2026-09-09 18:00:00","2026-09-10 09:00:00","CAPE","surface",-72.6529,17.5946,2427
"2026-09-09 18:00:00","2026-09-10 09:00:00","CAPE","surface",-72.629,17.5946,2422
"2026-09-09 18:00:00","2026-09-10 09:00:00","CAPE","surface",-72.6051,17.5946,2419
"2026-09-09 18:00:00","2026-09-10 09:00:00","CAPE","surface",-72.5811,17.5946,2434
"2026-09-09 18:00:00","2026-09-10 09:00:00","CAPE","surface",-72.5572,17.5946,2444
"2026-09-09 18:00:00","2026-09-10 09:00:00","CAPE","surface",-72.5333,17.5946,2492
"2026-09-09 18:00:00","2026-09-10 09:00:00","CAPE","surface",-72.5094,17.5946,2524
"2026-09-09 18:00:00","2026-09-10 09:00:00","CAPE","surface",-72.4854,17.5946,2555
"2026-09-09 18:00:00","2026-09-10 09:00:00","CAPE","surface",-72.4615,17.5946,2589
"2026-09-09 18:00:00","2026-09-10 09:00:00","CAPE","surface",-72.4376,17.5946,2593
"2026-09-09 18:00:00","2026-09-10 09:00:00","CAPE","surface",-72.4137,17.5946,2609
"2026-09-09 18:00:00","2026-09-10 09:00:00","CAPE","surface",-72.3897,17.5946,2623
"2026-09-09 18:00:00","2026-09-10 09:00:00","CAPE","surface",-72.3658,17.5946,2625
"2026-09-09 18:00:00","2026-09-10 09:00:00","CAPE","surface",-72.3419,17.5946,2635
"2026-09-09 18:00:00","2026-09-10 09:00:00","CAPE","surface",-72.318,17.5946,2614
"2026-09-09 18:00:00","2026-09-10 09:00:00","CAPE","surface",-72.294,17.5946,2616
"2026-09-09 18:00:00","2026-09-10 09:00:00","CAPE","surface",-72.2701,17.5946,2620
"2026-09-09 18:00:00","2026-09-10 09:00:00","CAPE","surface",-72.2462,17.5946,2620
"2026-09-09 18:00:00","2026-09-10 09:00:00","CAPE","surface",-72.2223,17.5946,2638
"2026-09-09 18:00:00","2026-09-10 09:00:00","CAPE","surface",-72.1983,17.5946,2655
"2026-09-09 18:00:00","2026-09-10 09:00:00","CAPE","surface",-72.1744,17.5946,2656
"2026-09-09 18:00:00","2026-09-10 09:00:00","CAPE","surface",-72.1505,17.5946,2618
"2026-09-09 18:00:00","2026-09-10 09:00:00","CAPE","surface",-72.1266,17.5946,2625
"2026-09-09 18:00:00","2026-09-10 09:00:00","CAPE","surface",-72.1026,17.5946,2549
"2026-09-09 18:00:00","2026-09-10 09:00:00","CAPE","surface",-72.0787,17.5946,2563
"2026-09-09 18:00:00","2026-09-10 09:00:00","CAPE","surface",-72.0548,17.5946,2514
"2026-09-09 18:00:00","2026-09-10 09:00:00","CAPE","surface",-72.0309,17.5946,2550
"2026-09-09 18:00:00","2026-09-10 09:00:00","CAPE","surface",-72.0069,17.5946,2489
"2026-09-09 18:00:00","2026-09-10 09:00:00","CAPE","surface",-71.983,17.5946,2489
"2026-09-09 18:00:00","2026-09-10 09:00:00","CAPE","surface",-71.9591,17.5946,2424
"2026-09-09 18:00:00","2026-09-10 09:00:00","CAPE","surface",-71.9352,17.5946,2452
"2026-09-09 18:00:00","2026-09-10 09:00:00","CAPE","surface",-71.9112,17.5946,2423
"2026-09-09 18:00:00","2026-09-10 09:00:00","CAPE","surface",-71.8873,17.5946,2452
"2026-09-09 18:00:00","2026-09-10 09:00:00","CAPE","surface",-71.8634,17.5946,2411
"2026-09-09 18:00:00","2026-09-10 09:00:00","CAPE","surface",-71.8395,17.5946,2406
"2026-09-09 18:00:00","2026-09-10 09:00:00","CAPE","surface",-71.8155,17.5946,2411
"2026-09-09 18:00:00","2026-09-10 09:00:00","CAPE","surface",-71.7916,17.5946,2400
"2026-09-09 18:00:00","2026-09-10 09:00:00","CAPE","surface",-71.7677,17.5946,2420
"2026-09-09 18:00:00","2026-09-10 09:00:00","CAPE","surface",-71.7438,17.5946,2417
"2026-09-09 18:00:00","2026-09-10 09:00:00","CAPE","surface",-71.7198,17.5946,2457
"2026-09-09 18:00:00","2026-09-10 09:00:00","CAPE","surface",-71.6959,17.5946,2496
"2026-09-09 18:00:00","2026-09-10 09:00:00","CAPE","surface",-71.672,17.5946,2546
"2026-09-09 18:00:00","2026-09-10 09:00:00","CAPE","surface",-71.6481,17.5946,2584
"2026-09-09 18:00:00","2026-09-10 09:00:00","CAPE","surface",-71.6241,17.5946,2590
"2026-09-09 18:00:00","2026-09-10 09:00:00","CAPE","surface",-71.6002,17.5946,2604
"2026-09-09 18:00:00","2026-09-10 09:00:00","CAPE","surface",-71.5763,17.5946,2597
"2026-09-09 18:00:00","2026-09-10 09:00:00","CAPE","surface",-71.5524,17.5946,2551
"2026-09-09 18:00:00","2026-09-10 09:00:00","CAPE","surface",-71.5284,17.5946,2541
"2026-09-09 18:00:00","2026-09-10 09:00:00","CAPE","surface",-71.5045,17.5946,2575
"2026-09-09 18:00:00","2026-09-10 09:00:00","CAPE","surface",-71.4806,17.5946,2619
"2026-09-09 18:00:00","2026-09-10 09:00:00","CAPE","surface",-71.4567,17.5946,2680
"2026-09-09 18:00:00","2026-09-10 09:00:00","CAPE","surface",-71.4327,17.5946,2616
"2026-09-09 18:00:00","2026-09-10 09:00:00","CAPE","surface",-71.4088,17.5946,2818
"2026-09-09 18:00:00","2026-09-10 09:00:00","CAPE","surface",-71.3849,17.5946,2839
"2026-09-09 18:00:00","2026-09-10 09:00:00","CAPE","surface",-71.361,17.5946,2839
"2026-09-09 18:00:00","2026-09-10 09:00:00","CAPE","surface",-71.337,17.5946,2896
"2026-09-09 18:00:00","2026-09-10 09:00:00","CAPE","surface",-71.3131,17.5946,3069
"2026-09-09 18:00:00","2026-09-10 09:00:00","CAPE","surface",-71.2892,17.5946,3128
"2026-09-09 18:00:00","2026-09-10 09:00:00","CAPE","surface",-71.2653,17.5946,3168
"2026-09-09 18:00:00","2026-09-10 09:00:00","CAPE","surface",-71.2413,17.5946,3168
"2026-09-09 18:00:00","2026-09-10 09:00:00","CAPE","surface",-71.2174,17.5946,3138
"2026-09-09 18:00:00","2026-09-10 09:00:00","CAPE","surface",-71.1935,17.5946,3067
"2026-09-09 18:00:00","2026-09-10 09:00:00","CAPE","surface",-71.1696,17.5946,2922
"2026-09-09 18:00:00","2026-09-10 09:00:00","CAPE","surface",-71.1456,17.5946,2742
"2026-09-09 18:00:00","2026-09-10 09:00:00","CAPE","surface",-71.1217,17.5946,2810
"2026-09-09 18:00:00","2026-09-10 09:00:00","CAPE","surface",-71.0978,17.5946,2656
"2026-09-09 18:00:00","2026-09-10 09:00:00","CAPE","surface",-71.0739,17.5946,2592
"2026-09-09 18:00:00","2026-09-10 09:00:00","CAPE","surface",-71.0499,17.5946,2552
"2026-09-09 18:00:00","2026-09-10 09:00:00","CAPE","surface",-71.026,17.5946,2514
"2026-09-09 18:00:00","2026-09-10 09:00:00","CAPE","surface",-71.0021,17.5946,2579
"2026-09-09 18:00:00","2026-09-10 09:00:00","CAPE","surface",-70.9782,17.5946,2538
"2026-09-09 18:00:00","2026-09-10 09:00:00","CAPE","surface",-70.9542,17.5946,2660
"2026-09-09 18:00:00","2026-09-10 09:00:00","CAPE","surface",-70.9303,17.5946,2605
"2026-09-09 18:00:00","2026-09-10 09:00:00","CAPE","surface",-70.9064,17.5946,2658
"2026-09-09 18:00:00","2026-09-10 09:00:00","CAPE","surface",-70.8825,17.5946,2658
"2026-09-09 18:00:00","2026-09-10 09:00:00","CAPE","surface",-70.8585,17.5946,2713
"2026-09-09 18:00:00","2026-09-10 09:00:00","CAPE","surface",-70.8346,17.5946,2626
"2026-09-09 18:00:00","2026-09-10 09:00:00","CAPE","surface",-70.8107,17.5946,2601
"2026-09-09 18:00:00","2026-09-10 09:00:00","CAPE","surface",-70.7868,17.5946,2518
"2026-09-09 18:00:00","2026-09-10 09:00:00","CAPE","surface",-70.7628,17.5946,2518
"2026-09-09 18:00:00","2026-09-10 09:00:00","CAPE","surface",-70.7389,17.5946,2540
"2026-09-09 18:00:00","2026-09-10 09:00:00","CAPE","surface",-70.715,17.5946,2490
"2026-09-09 18:00:00","2026-09-10 09:00:00","CAPE","surface",-70.6911,17.5946,2580
"2026-09-09 18:00:00","2026-09-10 09:00:00","CAPE","surface",-70.6671,17.5946,2576
"2026-09-09 18:00:00","2026-09-10 09:00:00","CAPE","surface",-70.6432,17.5946,2682
"2026-09-09 18:00:00","2026-09-10 09:00:00","CAPE","surface",-70.6193,17.5946,2685
"2026-09-09 18:00:00","2026-09-10 09:00:00","CAPE","surface",-70.5954,17.5946,2715
"2026-09-09 18:00:00","2026-09-10 09:00:00","CAPE","surface",-70.5714,17.5946,2634
"2026-09-09 18:00:00","2026-09-10 09:00:00","CAPE","surface",-70.5475,17.5946,2594
"2026-09-09 18:00:00","2026-09-10 09:00:00","CAPE","surface",-70.5236,17.5946,2619
"2026-09-09 18:00:00","2026-09-10 09:00:00","CAPE","surface",-70.4997,17.5946,2540
"2026-09-09 18:00:00","2026-09-10 09:00:00","CAPE","surface",-70.4757,17.5946,2473
"2026-09-09 18:00:00","2026-09-10 09:00:00","CAPE","surface",-70.4518,17.5946,2432
"2026-09-09 18:00:00","2026-09-10 09:00:00","CAPE","surface",-70.4279,17.5946,2430
"2026-09-09 18:00:00","2026-09-10 09:00:00","CAPE","surface",-70.404,17.5946,2388
"2026-09-09 18:00:00","2026-09-10 09:00:00","CAPE","surface",-70.38,17.5946,2385
"2026-09-09 18:00:00","2026-09-10 09:00:00","CAPE","surface",-70.3561,17.5946,2364
"2026-09-09 18:00:00","2026-09-10 09:00:00","CAPE","surface",-70.3322,17.5946,2360
"2026-09-09 18:00:00","2026-09-10 09:00:00","CAPE","surface",-70.3083,17.5946,2491
"2026-09-09 18:00:00","2026-09-10 09:00:00","CAPE","surface",-70.2843,17.5946,2458
"2026-09-09 18:00:00","2026-09-10 09:00:00","CAPE","surface",-70.2604,17.5946,2546
"2026-09-09 18:00:00","2026-09-10 09:00:00","CAPE","surface",-70.2365,17.5946,2523
"2026-09-09 18:00:00","2026-09-10 09:00:00","CAPE","surface",-70.2126,17.5946,2516
"2026-09-09 18:00:00","2026-09-10 09:00:00","CAPE","surface",-70.1886,17.5946,2516
"2026-09-09 18:00:00","2026-09-10 09:00:00","CAPE","surface",-70.1647,17.5946,2476
"2026-09-09 18:00:00","2026-09-10 09:00:00","CAPE","surface",-70.1408,17.5946,2449
"2026-09-09 18:00:00","2026-09-10 09:00:00","CAPE","surface",-70.1169,17.5946,2460
"2026-09-09 18:00:00","2026-09-10 09:00:00","CAPE","surface",-70.0929,17.5946,2512
"2026-09-09 18:00:00","2026-09-10 09:00:00","CAPE","surface",-70.069,17.5946,2512
"2026-09-09 18:00:00","2026-09-10 09:00:00","CAPE","surface",-70.0451,17.5946,2484
"2026-09-09 18:00:00","2026-09-10 09:00:00","CAPE","surface",-70.0212,17.5946,2388
"2026-09-09 18:00:00","2026-09-10 09:00:00","CAPE","surface",-69.9972,17.5946,2333
"2026-09-09 18:00:00","2026-09-10 09:00:00","CAPE","surface",-69.9733,17.5946,2333
"2026-09-09 18:00:00","2026-09-10 09:00:00","CAPE","surface",-69.9494,17.5946,2283
"2026-09-09 18:00:00","2026-09-10 09:00:00","CAPE","surface",-69.9255,17.5946,2288
"2026-09-09 18:00:00","2026-09-10 09:00:00","CAPE","surface",-69.9015,17.5946,2358
"2026-09-09 18:00:00","2026-09-10 09:00:00","CAPE","surface",-69.8776,17.5946,2475
"2026-09-09 18:00:00","2026-09-10 09:00:00","CAPE","surface",-69.8537,17.5946,2475
"2026-09-09 18:00:00","2026-09-10 09:00:00","CAPE","surface",-69.8298,17.5946,2574
"2026-09-09 18:00:00","2026-09-10 09:00:00","CAPE","surface",-69.8058,17.5946,2637
"2026-09-09 18:00:00","2026-09-10 09:00:00","CAPE","surface",-69.7819,17.5946,2498
"2026-09-09 18:00:00","2026-09-10 09:00:00","CAPE","surface",-69.758,17.5946,2472
"2026-09-09 18:00:00","2026-09-10 09:00:00","CAPE","surface",-69.7341,17.5946,2423
"2026-09-09 18:00:00","2026-09-10 09:00:00","CAPE","surface",-69.7101,17.5946,2438
"2026-09-09 18:00:00","2026-09-10 09:00:00","CAPE","surface",-69.6862,17.5946,2448
"2026-09-09 18:00:00","2026-09-10 09:00:00","CAPE","surface",-69.6623,17.5946,2464
"2026-09-09 18:00:00","2026-09-10 09:00:00","CAPE","surface",-69.6384,17.5946,2459
"2026-09-09 18:00:00","2026-09-10 09:00:00","CAPE","surface",-69.6144,17.5946,2472
"2026-09-09 18:00:00","2026-09-10 09:00:00","CAPE","surface",-69.5905,17.5946,2445
"2026-09-09 18:00:00","2026-09-10 09:00:00","CAPE","surface",-69.5666,17.5946,2444
"2026-09-09 18:00:00","2026-09-10 09:00:00","CAPE","surface",-69.5427,17.5946,2469
"2026-09-09 18:00:00","2026-09-10 09:00:00","CAPE","surface",-69.5187,17.5946,2560
"2026-09-09 18:00:00","2026-09-10 09:00:00","CAPE","surface",-69.4948,17.5946,2582
"2026-09-09 18:00:00","2026-09-10 09:00:00","CAPE","surface",-69.4709,17.5946,2433
"2026-09-09 18:00:00","2026-09-10 09:00:00","CAPE","surface",-69.447,17.5946,2254
"2026-09-09 18:00:00","2026-09-10 09:00:00","CAPE","surface",-69.423,17.5946,2230
"2026-09-09 18:00:00","2026-09-10 09:00:00","CAPE","surface",-69.3991,17.5946,2224
"2026-09-09 18:00:00","2026-09-10 09:00:00","CAPE","surface",-69.3752,17.5946,2245
"2026-09-09 18:00:00","2026-09-10 09:00:00","CAPE","surface",-69.3513,17.5946,2327
"2026-09-09 18:00:00","2026-09-10 09:00:00","CAPE","surface",-69.3273,17.5946,2369
"2026-09-09 18:00:00","2026-09-10 09:00:00","CAPE","surface",-69.3034,17.5946,2373
"2026-09-09 18:00:00","2026-09-10 09:00:00","CAPE","surface",-69.2795,17.5946,2376
"2026-09-09 18:00:00","2026-09-10 09:00:00","CAPE","surface",-69.2556,17.5946,2363
"2026-09-09 18:00:00","2026-09-10 09:00:00","CAPE","surface",-69.2316,17.5946,2332
"2026-09-09 18:00:00","2026-09-10 09:00:00","CAPE","surface",-69.2077,17.5946,2290
"2026-09-09 18:00:00","2026-09-10 09:00:00","CAPE","surface",-69.1838,17.5946,2251
"2026-09-09 18:00:00","2026-09-10 09:00:00","CAPE","surface",-69.1599,17.5946,2145
"2026-09-09 18:00:00","2026-09-10 09:00:00","CAPE","surface",-69.1359,17.5946,2049
"2026-09-09 18:00:00","2026-09-10 09:00:00","CAPE","surface",-69.112,17.5946,2031
"2026-09-09 18:00:00","2026-09-10 09:00:00","CAPE","surface",-69.0881,17.5946,2036
"2026-09-09 18:00:00","2026-09-10 09:00:00","CAPE","surface",-69.0642,17.5946,2064
"2026-09-09 18:00:00","2026-09-10 09:00:00","CAPE","surface",-69.0402,17.5946,2110
"2026-09-09 18:00:00","2026-09-10 09:00:00","CAPE","surface",-69.0163,17.5946,2354
"2026-09-09 18:00:00","2026-09-10 09:00:00","CAPE","surface",-68.9924,17.5946,2456
"2026-09-09 18:00:00","2026-09-10 09:00:00","CAPE","surface",-68.9685,17.5946,2591
"2026-09-09 18:00:00","2026-09-10 09:00:00","CAPE","surface",-68.9445,17.5946,2632
"2026-09-09 18:00:00","2026-09-10 09:00:00","CAPE","surface",-68.9206,17.5946,2673
"2026-09-09 18:00:00","2026-09-10 09:00:00","CAPE","surface",-68.8967,17.5946,2671
"2026-09-09 18:00:00","2026-09-10 09:00:00","CAPE","surface",-68.8728,17.5946,2689
"2026-09-09 18:00:00","2026-09-10 09:00:00","CAPE","surface",-68.8488,17.5946,2648
"2026-09-09 18:00:00","2026-09-10 09:00:00","CAPE","surface",-68.8249,17.5946,2627
"2026-09-09 18:00:00","2026-09-10 09:00:00","CAPE","surface",-68.801,17.5946,2478
"2026-09-09 18:00:00","2026-09-10 09:00:00","CAPE","surface",-68.7771,17.5946,2492
"2026-09-09 18:00:00","2026-09-10 09:00:00","CAPE","surface",-68.7531,17.5946,2414
"2026-09-09 18:00:00","2026-09-10 09:00:00","CAPE","surface",-68.7292,17.5946,2430
"2026-09-09 18:00:00","2026-09-10 09:00:00","CAPE","surface",-68.7053,17.5946,2459
"2026-09-09 18:00:00","2026-09-10 09:00:00","CAPE","surface",-68.6813,17.5946,2633
"2026-09-09 18:00:00","2026-09-10 09:00:00","CAPE","surface",-68.6574,17.5946,2633
"2026-09-09 18:00:00","2026-09-10 09:00:00","CAPE","surface",-68.6335,17.5946,2998
"2026-09-09 18:00:00","2026-09-10 09:00:00","CAPE","surface",-68.6096,17.5946,3090
"2026-09-09 18:00:00","2026-09-10 09:00:00","CAPE","surface",-68.5856,17.5946,3009
"2026-09-09 18:00:00","2026-09-10 09:00:00","CAPE","surface",-68.5617,17.5946,2904
"2026-09-09 18:00:00","2026-09-10 09:00:00","CAPE","surface",-68.5378,17.5946,2280
"2026-09-09 18:00:00","2026-09-10 09:00:00","CAPE","surface",-68.5139,17.5946,2080
"2026-09-09 18:00:00","2026-09-10 09:00:00","CAPE","surface",-68.4899,17.5946,2151
"2026-09-09 18:00:00","2026-09-10 09:00:00","CAPE","surface",-68.466,17.5946,2282
"2026-09-09 18:00:00","2026-09-10 09:00:00","CAPE","surface",-68.4421,17.5946,2282
"2026-09-09 18:00:00","2026-09-10 09:00:00","CAPE","surface",-68.4182,17.5946,2284
"2026-09-09 18:00:00","2026-09-10 09:00:00","CAPE","surface",-68.3942,17.5946,2377
"2026-09-09 18:00:00","2026-09-10 09:00:00","CAPE","surface",-68.3703,17.5946,2440
"2026-09-09 18:00:00","2026-09-10 09:00:00","CAPE","surface",-68.3464,17.5946,2548
"2026-09-09 18:00:00","2026-09-10 09:00:00","CAPE","surface",-68.3225,17.5946,2630
"2026-09-09 18:00:00","2026-09-10 09:00:00","CAPE","surface",-68.2985,17.5946,2758
"2026-09-09 18:00:00","2026-09-10 09:00:00","CAPE","surface",-68.2746,17.5946,2777
"2026-09-09 18:00:00","2026-09-10 09:00:00","CAPE","surface",-68.2507,17.5946,2836
"2026-09-09 18:00:00","2026-09-10 09:00:00","CAPE","surface",-68.2268,17.5946,2836
"2026-09-09 18:00:00","2026-09-10 09:00:00","CAPE","surface",-68.2028,17.5946,2871
"2026-09-09 18:00:00","2026-09-10 09:00:00","CAPE","surface",-68.1789,17.5946,2856
"2026-09-09 18:00:00","2026-09-10 09:00:00","CAPE","surface",-68.155,17.5946,2679
"2026-09-09 18:00:00","2026-09-10 09:00:00","CAPE","surface",-68.1311,17.5946,2545
"2026-09-09 18:00:00","2026-09-10 09:00:00","CAPE","surface",-68.1071,17.5946,2423
"2026-09-09 18:00:00","2026-09-10 09:00:00","CAPE","surface",-68.0832,17.5946,1885
"2026-09-09 18:00:00","2026-09-10 09:00:00","CAPE","surface",-68.0593,17.5946,1552
"2026-09-09 18:00:00","2026-09-10 09:00:00","CAPE","surface",-68.0354,17.5946,1149
"2026-09-09 18:00:00","2026-09-10 09:00:00","CAPE","surface",-68.0114,17.5946,1149
"2026-09-09 18:00:00","2026-09-10 09:00:00","CAPE","surface",-67.9875,17.5946,1201
"2026-09-09 18:00:00","2026-09-10 09:00:00","CAPE","surface",-67.9636,17.5946,1544
"2026-09-09 18:00:00","2026-09-10 09:00:00","CAPE","surface",-67.9397,17.5946,1645
"2026-09-09 18:00:00","2026-09-10 09:00:00","CAPE","surface",-67.9157,17.5946,2188
"2026-09-09 18:00:00","2026-09-10 09:00:00","CAPE","surface",-67.8918,17.5946,2235
"2026-09-09 18:00:00","2026-09-10 09:00:00","CAPE","surface",-67.8679,17.5946,2622
"2026-09-09 18:00:00","2026-09-10 09:00:00","CAPE","surface",-67.844,17.5946,2555
"2026-09-09 18:00:00","2026-09-10 09:00:00","CAPE","surface",-67.82,17.5946,2774
"2026-09-09 18:00:00","2026-09-10 09:00:00","CAPE","surface",-67.7961,17.5946,2812
"2026-09-09 18:00:00","2026-09-10 09:00:00","CAPE","surface",-67.7722,17.5946,2707
"2026-09-09 18:00:00","2026-09-10 09:00:00","CAPE","surface",-67.7483,17.5946,2663
"2026-09-09 18:00:00","2026-09-10 09:00:00","CAPE","surface",-67.7243,17.5946,2494
"2026-09-09 18:00:00","2026-09-10 09:00:00","CAPE","surface",-67.7004,17.5946,2656
"2026-09-09 18:00:00","2026-09-10 09:00:00","CAPE","surface",-67.6765,17.5946,2510
"2026-09-09 18:00:00","2026-09-10 09:00:00","CAPE","surface",-67.6526,17.5946,2617
"2026-09-09 18:00:00","2026-09-10 09:00:00","CAPE","surface",-67.6286,17.5946,2781
"2026-09-09 18:00:00","2026-09-10 09:00:00","CAPE","surface",-67.6047,17.5946,2781
"2026-09-09 18:00:00","2026-09-10 09:00:00","CAPE","surface",-67.5808,17.5946,2382
"2026-09-09 18:00:00","2026-09-10 09:00:00","CAPE","surface",-67.5569,17.5946,2187
"2026-09-09 18:00:00","2026-09-10 09:00:00","CAPE","surface",-67.5329,17.5946,1665
"2026-09-09 18:00:00","2026-09-10 09:00:00","CAPE","surface",-67.509,17.5946,1665
"2026-09-09 18:00:00","2026-09-10 09:00:00","CAPE","surface",-67.4851,17.5946,1779
"2026-09-09 18:00:00","2026-09-10 09:00:00","CAPE","surface",-67.4612,17.5946,1861
"2026-09-09 18:00:00","2026-09-10 09:00:00","CAPE","surface",-67.4372,17.5946,2076
"2026-09-09 18:00:00","2026-09-10 09:00:00","CAPE","surface",-67.4133,17.5946,2071
"2026-09-09 18:00:00","2026-09-10 09:00:00","CAPE","surface",-67.3894,17.5946,2403
"2026-09-09 18:00:00","2026-09-10 09:00:00","CAPE","surface",-67.3655,17.5946,2618
"2026-09-09 18:00:00","2026-09-10 09:00:00","CAPE","surface",-67.3415,17.5946,2667
"2026-09-09 18:00:00","2026-09-10 09:00:00","CAPE","surface",-67.3176,17.5946,2670
"2026-09-09 18:00:00","2026-09-10 09:00:00","CAPE","surface",-67.2937,17.5946,2504
"2026-09-09 18:00:00","2026-09-10 09:00:00","CAPE","surface",-67.2698,17.5946,2463
"2026-09-09 18:00:00","2026-09-10 09:00:00","CAPE","surface",-67.2458,17.5946,2393
"2026-09-09 18:00:00","2026-09-10 09:00:00","CAPE","surface",-67.2219,17.5946,2389
"2026-09-09 18:00:00","2026-09-10 09:00:00","CAPE","surface",-67.198,17.5946,2427
"2026-09-09 18:00:00","2026-09-10 09:00:00","CAPE","surface",-67.1741,17.5946,2507
"2026-09-09 18:00:00","2026-09-10 09:00:00","CAPE","surface",-67.1501,17.5946,2528
"2026-09-09 18:00:00","2026-09-10 09:00:00","CAPE","surface",-67.1262,17.5946,2683
"2026-09-09 18:00:00","2026-09-10 09:00:00","CAPE","surface",-67.1023,17.5946,2683
"2026-09-09 18:00:00","2026-09-10 09:00:00","CAPE","surface",-67.0784,17.5946,2709
"2026-09-09 18:00:00","2026-09-10 09:00:00","CAPE","surface",-67.0544,17.5946,2726
"2026-09-09 18:00:00","2026-09-10 09:00:00","CAPE","surface",-67.0305,17.5946,2933
"2026-09-09 18:00:00","2026-09-10 09:00:00","CAPE","surface",-67.0066,17.5946,3002
"2026-09-09 18:00:00","2026-09-10 09:00:00","CAPE","surface",-74.7822,17.6174,2411
"2026-09-09 18:00:00","2026-09-10 09:00:00","CAPE","surface",-74.7583,17.6174,2488
"2026-09-09 18:00:00","2026-09-10 09:00:00","CAPE","surface",-74.7344,17.6174,2574
"2026-09-09 18:00:00","2026-09-10 09:00:00","CAPE","surface",-74.7105,17.6174,2585
"2026-09-09 18:00:00","2026-09-10 09:00:00","CAPE","surface",-74.6865,17.6174,2586
"2026-09-09 18:00:00","2026-09-10 09:00:00","CAPE","surface",-74.6626,17.6174,2580
"2026-09-09 18:00:00","2026-09-10 09:00:00","CAPE","surface",-74.6387,17.6174,2580
"2026-09-09 18:00:00","2026-09-10 09:00:00","CAPE","surface",-74.6148,17.6174,2611
"2026-09-09 18:00:00","2026-09-10 09:00:00","CAPE","surface",-74.5908,17.6174,2634
"2026-09-09 18:00:00","2026-09-10 09:00:00","CAPE","surface",-74.5669,17.6174,2686
"2026-09-09 18:00:00","2026-09-10 09:00:00","CAPE","surface",-74.543,17.6174,2655
"2026-09-09 18:00:00","2026-09-10 09:00:00","CAPE","surface",-74.5191,17.6174,2655
"2026-09-09 18:00:00","2026-09-10 09:00:00","CAPE","surface",-74.4951,17.6174,2499
"2026-09-09 18:00:00","2026-09-10 09:00:00","CAPE","surface",-74.4712,17.6174,2499
"2026-09-09 18:00:00","2026-09-10 09:00:00","CAPE","surface",-74.4473,17.6174,2444
"2026-09-09 18:00:00","2026-09-10 09:00:00","CAPE","surface",-74.4234,17.6174,2416
"2026-09-09 18:00:00","2026-09-10 09:00:00","CAPE","surface",-74.3994,17.6174,2385
"2026-09-09 18:00:00","2026-09-10 09:00:00","CAPE","surface",-74.3755,17.6174,2389
"2026-09-09 18:00:00","2026-09-10 09:00:00","CAPE","surface",-74.3516,17.6174,2349
"2026-09-09 18:00:00","2026-09-10 09:00:00","CAPE","surface",-74.3277,17.6174,2349
"2026-09-09 18:00:00","2026-09-10 09:00:00","CAPE","surface",-74.3037,17.6174,2293
"2026-09-09 18:00:00","2026-09-10 09:00:00","CAPE","surface",-74.2798,17.6174,2283
"2026-09-09 18:00:00","2026-09-10 09:00:00","CAPE","surface",-74.2559,17.6174,2223
"2026-09-09 18:00:00","2026-09-10 09:00:00","CAPE","surface",-74.232,17.6174,2218
"2026-09-09 18:00:00","2026-09-10 09:00:00","CAPE","surface",-74.208,17.6174,2235
"2026-09-09 18:00:00","2026-09-10 09:00:00","CAPE","surface",-74.1841,17.6174,2235
"2026-09-09 18:00:00","2026-09-10 09:00:00","CAPE","surface",-74.1602,17.6174,2244
"2026-09-09 18:00:00","2026-09-10 09:00:00","CAPE","surface",-74.1363,17.6174,2257
"2026-09-09 18:00:00","2026-09-10 09:00:00","CAPE","surface",-74.1123,17.6174,2346
"2026-09-09 18:00:00","2026-09-10 09:00:00","CAPE","surface",-74.0884,17.6174,2405
"2026-09-09 18:00:00","2026-09-10 09:00:00","CAPE","surface",-74.0645,17.6174,2493
"2026-09-09 18:00:00","2026-09-10 09:00:00","CAPE","surface",-74.0406,17.6174,2546
"2026-09-09 18:00:00","2026-09-10 09:00:00","CAPE","surface",-74.0166,17.6174,2673
"2026-09-09 18:00:00","2026-09-10 09:00:00","CAPE","surface",-73.9927,17.6174,2703
"2026-09-09 18:00:00","2026-09-10 09:00:00","CAPE","surface",-73.9688,17.6174,2793
"2026-09-09 18:00:00","2026-09-10 09:00:00","CAPE","surface",-73.9449,17.6174,2887
"2026-09-09 18:00:00","2026-09-10 09:00:00","CAPE","surface",-73.9209,17.6174,2887
"2026-09-09 18:00:00","2026-09-10 09:00:00","CAPE","surface",-73.897,17.6174,3014
"2026-09-09 18:00:00","2026-09-10 09:00:00","CAPE","surface",-73.8731,17.6174,3075
"2026-09-09 18:00:00","2026-09-10 09:00:00","CAPE","surface",-73.8492,17.6174,3224
"2026-09-09 18:00:00","2026-09-10 09:00:00","CAPE","surface",-73.8252,17.6174,3219
"2026-09-09 18:00:00","2026-09-10 09:00:00","CAPE","surface",-73.8013,17.6174,3260
"2026-09-09 18:00:00","2026-09-10 09:00:00","CAPE","surface",-73.7774,17.6174,3260
"2026-09-09 18:00:00","2026-09-10 09:00:00","CAPE","surface",-73.7535,17.6174,3078
"2026-09-09 18:00:00","2026-09-10 09:00:00","CAPE","surface",-73.7295,17.6174,3078
"2026-09-09 18:00:00","2026-09-10 09:00:00","CAPE","surface",-73.7056,17.6174,2667
"2026-09-09 18:00:00","2026-09-10 09:00:00","CAPE","surface",-73.6817,17.6174,2662
"2026-09-09 18:00:00","2026-09-10 09:00:00","CAPE","surface",-73.6578,17.6174,2500
"2026-09-09 18:00:00","2026-09-10 09:00:00","CAPE","surface",-73.6338,17.6174,2500
"2026-09-09 18:00:00","2026-09-10 09:00:00","CAPE","surface",-73.6099,17.6174,2502
"2026-09-09 18:00:00","2026-09-10 09:00:00","CAPE","surface",-73.586,17.6174,2511
"2026-09-09 18:00:00","2026-09-10 09:00:00","CAPE","surface",-73.5621,17.6174,2525
"2026-09-09 18:00:00","2026-09-10 09:00:00","CAPE","surface",-73.5381,17.6174,2505
"2026-09-09 18:00:00","2026-09-10 09:00:00","CAPE","surface",-73.5142,17.6174,2512
"2026-09-09 18:00:00","2026-09-10 09:00:00","CAPE","surface",-73.4903,17.6174,2512
"2026-09-09 18:00:00","2026-09-10 09:00:00","CAPE","surface",-73.4664,17.6174,2519
"2026-09-09 18:00:00","2026-09-10 09:00:00","CAPE","surface",-73.4424,17.6174,2455
"2026-09-09 18:00:00","2026-09-10 09:00:00","CAPE","surface",-73.4185,17.6174,2472
"2026-09-09 18:00:00","2026-09-10 09:00:00","CAPE","surface",-73.3946,17.6174,2378
"2026-09-09 18:00:00","2026-09-10 09:00:00","CAPE","surface",-73.3707,17.6174,2378
"2026-09-09 18:00:00","2026-09-10 09:00:00","CAPE","surface",-73.3467,17.6174,2281
"2026-09-09 18:00:00","2026-09-10 09:00:00","CAPE","surface",-73.3228,17.6174,2273
"2026-09-09 18:00:00","2026-09-10 09:00:00","CAPE","surface",-73.2989,17.6174,2239
"2026-09-09 18:00:00","2026-09-10 09:00:00","CAPE","surface",-73.275,17.6174,2256
"2026-09-09 18:00:00","2026-09-10 09:00:00","CAPE","surface",-73.251,17.6174,2336
"2026-09-09 18:00:00","2026-09-10 09:00:00","CAPE","surface",-73.2271,17.6174,2336
"2026-09-09 18:00:00","2026-09-10 09:00:00","CAPE","surface",-73.2032,17.6174,2399
"2026-09-09 18:00:00","2026-09-10 09:00:00","CAPE","surface",-73.1793,17.6174,2399
"2026-09-09 18:00:00","2026-09-10 09:00:00","CAPE","surface",-73.1553,17.6174,2386
"2026-09-09 18:00:00","2026-09-10 09:00:00","CAPE","surface",-73.1314,17.6174,2388
"2026-09-09 18:00:00","2026-09-10 09:00:00","CAPE","surface",-73.1075,17.6174,2422
"2026-09-09 18:00:00","2026-09-10 09:00:00","CAPE","surface",-73.0836,17.6174,2422
"2026-09-09 18:00:00","2026-09-10 09:00:00","CAPE","surface",-73.0596,17.6174,2406
"2026-09-09 18:00:00","2026-09-10 09:00:00","CAPE","surface",-73.0357,17.6174,2332
"2026-09-09 18:00:00","2026-09-10 09:00:00","CAPE","surface",-73.0118,17.6174,2289
"2026-09-09 18:00:00","2026-09-10 09:00:00","CAPE","surface",-72.9879,17.6174,2250
"2026-09-09 18:00:00","2026-09-10 09:00:00","CAPE","surface",-72.9639,17.6174,2250
"2026-09-09 18:00:00","2026-09-10 09:00:00","CAPE","surface",-72.94,17.6174,2267
"2026-09-09 18:00:00","2026-09-10 09:00:00","CAPE","surface",-72.9161,17.6174,2285
"2026-09-09 18:00:00","2026-09-10 09:00:00","CAPE","surface",-72.8922,17.6174,2350
"2026-09-09 18:00:00","2026-09-10 09:00:00","CAPE","surface",-72.8682,17.6174,2355
"2026-09-09 18:00:00","2026-09-10 09:00:00","CAPE","surface",-72.8443,17.6174,2370
"2026-09-09 18:00:00","2026-09-10 09:00:00","CAPE","surface",-72.8204,17.6174,2370
"2026-09-09 18:00:00","2026-09-10 09:00:00","CAPE","surface",-72.7965,17.6174,2393
"2026-09-09 18:00:00","2026-09-10 09:00:00","CAPE","surface",-72.7725,17.6174,2395
"2026-09-09 18:00:00","2026-09-10 09:00:00","CAPE","surface",-72.7486,17.6174,2414
"2026-09-09 18:00:00","2026-09-10 09:00:00","CAPE","surface",-72.7247,17.6174,2419
"2026-09-09 18:00:00","2026-09-10 09:00:00","CAPE","surface",-72.7008,17.6174,2435
"2026-09-09 18:00:00","2026-09-10 09:00:00","CAPE","surface",-72.6768,17.6174,2431
"2026-09-09 18:00:00","2026-09-10 09:00:00","CAPE","surface",-72.6529,17.6174,2426
"2026-09-09 18:00:00","2026-09-10 09:00:00","CAPE","surface",-72.629,17.6174,2431
"2026-09-09 18:00:00","2026-09-10 09:00:00","CAPE","surface",-72.6051,17.6174,2428
"2026-09-09 18:00:00","2026-09-10 09:00:00","CAPE","surface",-72.5811,17.6174,2460
"2026-09-09 18:00:00","2026-09-10 09:00:00","CAPE","surface",-72.5572,17.6174,2460
"2026-09-09 18:00:00","2026-09-10 09:00:00","CAPE","surface",-72.5333,17.6174,2520
"2026-09-09 18:00:00","2026-09-10 09:00:00","CAPE","surface",-72.5094,17.6174,2534
"2026-09-09 18:00:00","2026-09-10 09:00:00","CAPE","surface",-72.4854,17.6174,2578
"2026-09-09 18:00:00","2026-09-10 09:00:00","CAPE","surface",-72.4615,17.6174,2589
"2026-09-09 18:00:00","2026-09-10 09:00:00","CAPE","surface",-72.4376,17.6174,2596
"2026-09-09 18:00:00","2026-09-10 09:00:00","CAPE","surface",-72.4137,17.6174,2601
"2026-09-09 18:00:00","2026-09-10 09:00:00","CAPE","surface",-72.3897,17.6174,2614
"2026-09-09 18:00:00","2026-09-10 09:00:00","CAPE","surface",-72.3658,17.6174,2625
"2026-09-09 18:00:00","2026-09-10 09:00:00","CAPE","surface",-72.3419,17.6174,2614
"2026-09-09 18:00:00","2026-09-10 09:00:00","CAPE","surface",-72.318,17.6174,2614
"2026-09-09 18:00:00","2026-09-10 09:00:00","CAPE","surface",-72.294,17.6174,2610
"2026-09-09 18:00:00","2026-09-10 09:00:00","CAPE","surface",-72.2701,17.6174,2608
"2026-09-09 18:00:00","2026-09-10 09:00:00","CAPE","surface",-72.2462,17.6174,2622
"2026-09-09 18:00:00","2026-09-10 09:00:00","CAPE","surface",-72.2223,17.6174,2625
"2026-09-09 18:00:00","2026-09-10 09:00:00","CAPE","surface",-72.1983,17.6174,2642
"2026-09-09 18:00:00","2026-09-10 09:00:00","CAPE","surface",-72.1744,17.6174,2590
"2026-09-09 18:00:00","2026-09-10 09:00:00","CAPE","surface",-72.1505,17.6174,2608
"2026-09-09 18:00:00","2026-09-10 09:00:00","CAPE","surface",-72.1266,17.6174,2539
"2026-09-09 18:00:00","2026-09-10 09:00:00","CAPE","surface",-72.1026,17.6174,2549
"2026-09-09 18:00:00","2026-09-10 09:00:00","CAPE","surface",-72.0787,17.6174,2483
"2026-09-09 18:00:00","2026-09-10 09:00:00","CAPE","surface",-72.0548,17.6174,2483
"2026-09-09 18:00:00","2026-09-10 09:00:00","CAPE","surface",-72.0309,17.6174,2406
"2026-09-09 18:00:00","2026-09-10 09:00:00","CAPE","surface",-72.0069,17.6174,2445
"2026-09-09 18:00:00","2026-09-10 09:00:00","CAPE","surface",-71.983,17.6174,2388
"2026-09-09 18:00:00","2026-09-10 09:00:00","CAPE","surface",-71.9591,17.6174,2354
"2026-09-09 18:00:00","2026-09-10 09:00:00","CAPE","surface",-71.9352,17.6174,2354
"2026-09-09 18:00:00","2026-09-10 09:00:00","CAPE","surface",-71.9112,17.6174,2355
"2026-09-09 18:00:00","2026-09-10 09:00:00","CAPE","surface",-71.8873,17.6174,2389
"2026-09-09 18:00:00","2026-09-10 09:00:00","CAPE","surface",-71.8634,17.6174,2381
"2026-09-09 18:00:00","2026-09-10 09:00:00","CAPE","surface",-71.8395,17.6174,2406
"2026-09-09 18:00:00","2026-09-10 09:00:00","CAPE","surface",-71.8155,17.6174,2379
"2026-09-09 18:00:00","2026-09-10 09:00:00","CAPE","surface",-71.7916,17.6174,2391
"2026-09-09 18:00:00","2026-09-10 09:00:00","CAPE","surface",-71.7677,17.6174,2388
"2026-09-09 18:00:00","2026-09-10 09:00:00","CAPE","surface",-71.7438,17.6174,2417
"2026-09-09 18:00:00","2026-09-10 09:00:00","CAPE","surface",-71.7198,17.6174,2426
"2026-09-09 18:00:00","2026-09-10 09:00:00","CAPE","surface",-71.6959,17.6174,2447
"2026-09-09 18:00:00","2026-09-10 09:00:00","CAPE","surface",-71.672,17.6174,2447
"2026-09-09 18:00:00","2026-09-10 09:00:00","CAPE","surface",-71.6481,17.6174,2490
"2026-09-09 18:00:00","2026-09-10 09:00:00","CAPE","surface",-71.6241,17.6174,2591
"2026-09-09 18:00:00","2026-09-10 09:00:00","CAPE","surface",-71.6002,17.6174,2603
"2026-09-09 18:00:00","2026-09-10 09:00:00","CAPE","surface",-71.5763,17.6174,2619
"2026-09-09 18:00:00","2026-09-10 09:00:00","CAPE","surface",-71.5524,17.6174,2583
"2026-09-09 18:00:00","2026-09-10 09:00:00","CAPE","surface",-71.5284,17.6174,2586
"2026-09-09 18:00:00","2026-09-10 09:00:00","CAPE","surface",-71.5045,17.6174,2541
"2026-09-09 18:00:00","2026-09-10 09:00:00","CAPE","surface",-71.4806,17.6174,2619
"2026-09-09 18:00:00","2026-09-10 09:00:00","CAPE","surface",-71.4567,17.6174,2484
"2026-09-09 18:00:00","2026-09-10 09:00:00","CAPE","surface",-71.4327,17.6174,2484
"2026-09-09 18:00:00","2026-09-10 09:00:00","CAPE","surface",-71.4088,17.6174,2419
"2026-09-09 18:00:00","2026-09-10 09:00:00","CAPE","surface",-71.3849,17.6174,2644
"2026-09-09 18:00:00","2026-09-10 09:00:00","CAPE","surface",-71.361,17.6174,2660
"2026-09-09 18:00:00","2026-09-10 09:00:00","CAPE","surface",-71.337,17.6174,2756
"2026-09-09 18:00:00","2026-09-10 09:00:00","CAPE","surface",-71.3131,17.6174,2756
"2026-09-09 18:00:00","2026-09-10 09:00:00","CAPE","surface",-71.2892,17.6174,2882
"2026-09-09 18:00:00","2026-09-10 09:00:00","CAPE","surface",-71.2653,17.6174,3080
"2026-09-09 18:00:00","2026-09-10 09:00:00","CAPE","surface",-71.2413,17.6174,3120
"2026-09-09 18:00:00","2026-09-10 09:00:00","CAPE","surface",-71.2174,17.6174,3138
"2026-09-09 18:00:00","2026-09-10 09:00:00","CAPE","surface",-71.1935,17.6174,3085
"2026-09-09 18:00:00","2026-09-10 09:00:00","CAPE","surface",-71.1696,17.6174,3069
"2026-09-09 18:00:00","2026-09-10 09:00:00","CAPE","surface",-71.1456,17.6174,3028
"2026-09-09 18:00:00","2026-09-10 09:00:00","CAPE","surface",-71.1217,17.6174,2941
"2026-09-09 18:00:00","2026-09-10 09:00:00","CAPE","surface",-71.0978,17.6174,2717
"2026-09-09 18:00:00","2026-09-10 09:00:00","CAPE","surface",-71.0739,17.6174,2852
"2026-09-09 18:00:00","2026-09-10 09:00:00","CAPE","surface",-71.0499,17.6174,2656
"2026-09-09 18:00:00","2026-09-10 09:00:00","CAPE","surface",-71.026,17.6174,2639
"2026-09-09 18:00:00","2026-09-10 09:00:00","CAPE","surface",-71.0021,17.6174,2579
"2026-09-09 18:00:00","2026-09-10 09:00:00","CAPE","surface",-70.9782,17.6174,2691
"2026-09-09 18:00:00","2026-09-10 09:00:00","CAPE","surface",-70.9542,17.6174,2691
"2026-09-09 18:00:00","2026-09-10 09:00:00","CAPE","surface",-70.9303,17.6174,2780
"2026-09-09 18:00:00","2026-09-10 09:00:00","CAPE","surface",-70.9064,17.6174,2721
"2026-09-09 18:00:00","2026-09-10 09:00:00","CAPE","surface",-70.8825,17.6174,2775
"2026-09-09 18:00:00","2026-09-10 09:00:00","CAPE","surface",-70.8585,17.6174,2810
"2026-09-09 18:00:00","2026-09-10 09:00:00","CAPE","surface",-70.8346,17.6174,2810
"2026-09-09 18:00:00","2026-09-10 09:00:00","CAPE","surface",-70.8107,17.6174,2853
"2026-09-09 18:00:00","2026-09-10 09:00:00","CAPE","surface",-70.7868,17.6174,2692
"2026-09-09 18:00:00","2026-09-10 09:00:00","CAPE","surface",-70.7628,17.6174,2651
"2026-09-09 18:00:00","2026-09-10 09:00:00","CAPE","surface",-70.7389,17.6174,2540
"2026-09-09 18:00:00","2026-09-10 09:00:00","CAPE","surface",-70.715,17.6174,2664
"2026-09-09 18:00:00","2026-09-10 09:00:00","CAPE","surface",-70.6911,17.6174,2585
"2026-09-09 18:00:00","2026-09-10 09:00:00","CAPE","surface",-70.6671,17.6174,2673
"2026-09-09 18:00:00","2026-09-10 09:00:00","CAPE","surface",-70.6432,17.6174,2740
"2026-09-09 18:00:00","2026-09-10 09:00:00","CAPE","surface",-70.6193,17.6174,2738
"2026-09-09 18:00:00","2026-09-10 09:00:00","CAPE","surface",-70.5954,17.6174,2758
"2026-09-09 18:00:00","2026-09-10 09:00:00","CAPE","surface",-70.5714,17.6174,2741
"2026-09-09 18:00:00","2026-09-10 09:00:00","CAPE","surface",-70.5475,17.6174,2704
"2026-09-09 18:00:00","2026-09-10 09:00:00","CAPE","surface",-70.5236,17.6174,2619
"2026-09-09 18:00:00","2026-09-10 09:00:00","CAPE","surface",-70.4997,17.6174,2639
"2026-09-09 18:00:00","2026-09-10 09:00:00","CAPE","surface",-70.4757,17.6174,2547
"2026-09-09 18:00:00","2026-09-10 09:00:00","CAPE","surface",-70.4518,17.6174,2477
"2026-09-09 18:00:00","2026-09-10 09:00:00","CAPE","surface",-70.4279,17.6174,2430
"2026-09-09 18:00:00","2026-09-10 09:00:00","CAPE","surface",-70.404,17.6174,2396
"2026-09-09 18:00:00","2026-09-10 09:00:00","CAPE","surface",-70.38,17.6174,2414
"2026-09-09 18:00:00","2026-09-10 09:00:00","CAPE","surface",-70.3561,17.6174,2405
"2026-09-09 18:00:00","2026-09-10 09:00:00","CAPE","surface",-70.3322,17.6174,2485
"2026-09-09 18:00:00","2026-09-10 09:00:00","CAPE","surface",-70.3083,17.6174,2491
"2026-09-09 18:00:00","2026-09-10 09:00:00","CAPE","surface",-70.2843,17.6174,2562
"2026-09-09 18:00:00","2026-09-10 09:00:00","CAPE","surface",-70.2604,17.6174,2562
"2026-09-09 18:00:00","2026-09-10 09:00:00","CAPE","surface",-70.2365,17.6174,2556
"2026-09-09 18:00:00","2026-09-10 09:00:00","CAPE","surface",-70.2126,17.6174,2531
"2026-09-09 18:00:00","2026-09-10 09:00:00","CAPE","surface",-70.1886,17.6174,2496
"2026-09-09 18:00:00","2026-09-10 09:00:00","CAPE","surface",-70.1647,17.6174,2495
"2026-09-09 18:00:00","2026-09-10 09:00:00","CAPE","surface",-70.1408,17.6174,2495
"2026-09-09 18:00:00","2026-09-10 09:00:00","CAPE","surface",-70.1169,17.6174,2625
"2026-09-09 18:00:00","2026-09-10 09:00:00","CAPE","surface",-70.0929,17.6174,2583
"2026-09-09 18:00:00","2026-09-10 09:00:00","CAPE","surface",-70.069,17.6174,2648
"2026-09-09 18:00:00","2026-09-10 09:00:00","CAPE","surface",-70.0451,17.6174,2484
"2026-09-09 18:00:00","2026-09-10 09:00:00","CAPE","surface",-70.0212,17.6174,2478
"2026-09-09 18:00:00","2026-09-10 09:00:00","CAPE","surface",-69.9972,17.6174,2361
"2026-09-09 18:00:00","2026-09-10 09:00:00","CAPE","surface",-69.9733,17.6174,2293
"2026-09-09 18:00:00","2026-09-10 09:00:00","CAPE","surface",-69.9494,17.6174,2261
"2026-09-09 18:00:00","2026-09-10 09:00:00","CAPE","surface",-69.9255,17.6174,2261
"2026-09-09 18:00:00","2026-09-10 09:00:00","CAPE","surface",-69.9015,17.6174,2327
"2026-09-09 18:00:00","2026-09-10 09:00:00","CAPE","surface",-69.8776,17.6174,2374
"2026-09-09 18:00:00","2026-09-10 09:00:00","CAPE","surface",-69.8537,17.6174,2453
"2026-09-09 18:00:00","2026-09-10 09:00:00","CAPE","surface",-69.8298,17.6174,2574
"2026-09-09 18:00:00","2026-09-10 09:00:00","CAPE","surface",-69.8058,17.6174,2475
"2026-09-09 18:00:00","2026-09-10 09:00:00","CAPE","surface",-69.7819,17.6174,2504
"2026-09-09 18:00:00","2026-09-10 09:00:00","CAPE","surface",-69.758,17.6174,2406
"2026-09-09 18:00:00","2026-09-10 09:00:00","CAPE","surface",-69.7341,17.6174,2397
"2026-09-09 18:00:00","2026-09-10 09:00:00","CAPE","surface",-69.7101,17.6174,2425
"2026-09-09 18:00:00","2026-09-10 09:00:00","CAPE","surface",-69.6862,17.6174,2420
"2026-09-09 18:00:00","2026-09-10 09:00:00","CAPE","surface",-69.6623,17.6174,2445
"2026-09-09 18:00:00","2026-09-10 09:00:00","CAPE","surface",-69.6384,17.6174,2472
"2026-09-09 18:00:00","2026-09-10 09:00:00","CAPE","surface",-69.6144,17.6174,2472
"2026-09-09 18:00:00","2026-09-10 09:00:00","CAPE","surface",-69.5905,17.6174,2485
"2026-09-09 18:00:00","2026-09-10 09:00:00","CAPE","surface",-69.5666,17.6174,2458
"2026-09-09 18:00:00","2026-09-10 09:00:00","CAPE","surface",-69.5427,17.6174,2512
"2026-09-09 18:00:00","2026-09-10 09:00:00","CAPE","surface",-69.5187,17.6174,2632
"2026-09-09 18:00:00","2026-09-10 09:00:00","CAPE","surface",-69.4948,17.6174,2573
"2026-09-09 18:00:00","2026-09-10 09:00:00","CAPE","surface",-69.4709,17.6174,2543
"2026-09-09 18:00:00","2026-09-10 09:00:00","CAPE","surface",-69.447,17.6174,2368
"2026-09-09 18:00:00","2026-09-10 09:00:00","CAPE","surface",-69.423,17.6174,2233
"2026-09-09 18:00:00","2026-09-10 09:00:00","CAPE","surface",-69.3991,17.6174,2224
"2026-09-09 18:00:00","2026-09-10 09:00:00","CAPE","surface",-69.3752,17.6174,2263
"2026-09-09 18:00:00","2026-09-10 09:00:00","CAPE","surface",-69.3513,17.6174,2284
"2026-09-09 18:00:00","2026-09-10 09:00:00","CAPE","surface",-69.3273,17.6174,2339
"2026-09-09 18:00:00","2026-09-10 09:00:00","CAPE","surface",-69.3034,17.6174,2351
"2026-09-09 18:00:00","2026-09-10 09:00:00","CAPE","surface",-69.2795,17.6174,2367
"2026-09-09 18:00:00","2026-09-10 09:00:00","CAPE","surface",-69.2556,17.6174,2317
"2026-09-09 18:00:00","2026-09-10 09:00:00","CAPE","surface",-69.2316,17.6174,2340
"2026-09-09 18:00:00","2026-09-10 09:00:00","CAPE","surface",-69.2077,17.6174,2300
"2026-09-09 18:00:00","2026-09-10 09:00:00","CAPE","surface",-69.1838,17.6174,2251
"2026-09-09 18:00:00","2026-09-10 09:00:00","CAPE","surface",-69.1599,17.6174,2106
"2026-09-09 18:00:00","2026-09-10 09:00:00","CAPE","surface",-69.1359,17.6174,2089
"2026-09-09 18:00:00","2026-09-10 09:00:00","CAPE","surface",-69.112,17.6174,2048
"2026-09-09 18:00:00","2026-09-10 09:00:00","CAPE","surface",-69.0881,17.6174,2073
"2026-09-09 18:00:00","2026-09-10 09:00:00","CAPE","surface",-69.0642,17.6174,2064
"2026-09-09 18:00:00","2026-09-10 09:00:00","CAPE","surface",-69.0402,17.6174,2210
"2026-09-09 18:00:00","2026-09-10 09:00:00","CAPE","surface",-69.0163,17.6174,2263
"2026-09-09 18:00:00","2026-09-10 09:00:00","CAPE","surface",-68.9924,17.6174,2514
"2026-09-09 18:00:00","2026-09-10 09:00:00","CAPE","surface",-68.9685,17.6174,2690
"2026-09-09 18:00:00","2026-09-10 09:00:00","CAPE","surface",-68.9445,17.6174,2688
"2026-09-09 18:00:00","2026-09-10 09:00:00","CAPE","surface",-68.9206,17.6174,2720
"2026-09-09 18:00:00","2026-09-10 09:00:00","CAPE","surface",-68.8967,17.6174,2705
"2026-09-09 18:00:00","2026-09-10 09:00:00","CAPE","surface",-68.8728,17.6174,2673
"2026-09-09 18:00:00","2026-09-10 09:00:00","CAPE","surface",-68.8488,17.6174,2648
"2026-09-09 18:00:00","2026-09-10 09:00:00","CAPE","surface",-68.8249,17.6174,2540
"2026-09-09 18:00:00","2026-09-10 09:00:00","CAPE","surface",-68.801,17.6174,2498
"2026-09-09 18:00:00","2026-09-10 09:00:00","CAPE","surface",-68.7771,17.6174,2430
"2026-09-09 18:00:00","2026-09-10 09:00:00","CAPE","surface",-68.7531,17.6174,2408
"2026-09-09 18:00:00","2026-09-10 09:00:00","CAPE","surface",-68.7292,17.6174,2415
"2026-09-09 18:00:00","2026-09-10 09:00:00","CAPE","surface",-68.7053,17.6174,2516
"2026-09-09 18:00:00","2026-09-10 09:00:00","CAPE","surface",-68.6813,17.6174,2555
"2026-09-09 18:00:00","2026-09-10 09:00:00","CAPE","surface",-68.6574,17.6174,2917
"2026-09-09 18:00:00","2026-09-10 09:00:00","CAPE","surface",-68.6335,17.6174,2998
"2026-09-09 18:00:00","2026-09-10 09:00:00","CAPE","surface",-68.6096,17.6174,3156
"2026-09-09 18:00:00","2026-09-10 09:00:00","CAPE","surface",-68.5856,17.6174,2732
"2026-09-09 18:00:00","2026-09-10 09:00:00","CAPE","surface",-68.5617,17.6174,2470
"2026-09-09 18:00:00","2026-09-10 09:00:00","CAPE","surface",-68.5378,17.6174,2098
"2026-09-09 18:00:00","2026-09-10 09:00:00","CAPE","surface",-68.5139,17.6174,2080
"2026-09-09 18:00:00","2026-09-10 09:00:00","CAPE","surface",-68.4899,17.6174,2043
"2026-09-09 18:00:00","2026-09-10 09:00:00","CAPE","surface",-68.466,17.6174,2132
"2026-09-09 18:00:00","2026-09-10 09:00:00","CAPE","surface",-68.4421,17.6174,2184
"2026-09-09 18:00:00","2026-09-10 09:00:00","CAPE","surface",-68.4182,17.6174,2215
"2026-09-09 18:00:00","2026-09-10 09:00:00","CAPE","surface",-68.3942,17.6174,2215
"2026-09-09 18:00:00","2026-09-10 09:00:00","CAPE","surface",-68.3703,17.6174,2362
"2026-09-09 18:00:00","2026-09-10 09:00:00","CAPE","surface",-68.3464,17.6174,2502
"2026-09-09 18:00:00","2026-09-10 09:00:00","CAPE","surface",-68.3225,17.6174,2718
"2026-09-09 18:00:00","2026-09-10 09:00:00","CAPE","surface",-68.2985,17.6174,2718
"2026-09-09 18:00:00","2026-09-10 09:00:00","CAPE","surface",-68.2746,17.6174,2788
"2026-09-09 18:00:00","2026-09-10 09:00:00","CAPE","surface",-68.2507,17.6174,2821
"2026-09-09 18:00:00","2026-09-10 09:00:00","CAPE","surface",-68.2268,17.6174,2873
"2026-09-09 18:00:00","2026-09-10 09:00:00","CAPE","surface",-68.2028,17.6174,2799
"2026-09-09 18:00:00","2026-09-10 09:00:00","CAPE","surface",-68.1789,17.6174,2799
"2026-09-09 18:00:00","2026-09-10 09:00:00","CAPE","surface",-68.155,17.6174,2621
"2026-09-09 18:00:00","2026-09-10 09:00:00","CAPE","surface",-68.1311,17.6174,2545
"2026-09-09 18:00:00","2026-09-10 09:00:00","CAPE","surface",-68.1071,17.6174,2180
"2026-09-09 18:00:00","2026-09-10 09:00:00","CAPE","surface",-68.0832,17.6174,2180
"2026-09-09 18:00:00","2026-09-10 09:00:00","CAPE","surface",-68.0593,17.6174,1637
"2026-09-09 18:00:00","2026-09-10 09:00:00","CAPE","surface",-68.0354,17.6174,1335
"2026-09-09 18:00:00","2026-09-10 09:00:00","CAPE","surface",-68.0114,17.6174,1229
"2026-09-09 18:00:00","2026-09-10 09:00:00","CAPE","surface",-67.9875,17.6174,1492
"2026-09-09 18:00:00","2026-09-10 09:00:00","CAPE","surface",-67.9636,17.6174,1492
"2026-09-09 18:00:00","2026-09-10 09:00:00","CAPE","surface",-67.9397,17.6174,2090
"2026-09-09 18:00:00","2026-09-10 09:00:00","CAPE","surface",-67.9157,17.6174,2188
"2026-09-09 18:00:00","2026-09-10 09:00:00","CAPE","surface",-67.8918,17.6174,2636
"2026-09-09 18:00:00","2026-09-10 09:00:00","CAPE","surface",-67.8679,17.6174,2774
"2026-09-09 18:00:00","2026-09-10 09:00:00","CAPE","surface",-67.844,17.6174,2813
"2026-09-09 18:00:00","2026-09-10 09:00:00","CAPE","surface",-67.82,17.6174,2859
"2026-09-09 18:00:00","2026-09-10 09:00:00","CAPE","surface",-67.7961,17.6174,2812
"2026-09-09 18:00:00","2026-09-10 09:00:00","CAPE","surface",-67.7722,17.6174,2883
"2026-09-09 18:00:00","2026-09-10 09:00:00","CAPE","surface",-67.7483,17.6174,2802
"2026-09-09 18:00:00","2026-09-10 09:00:00","CAPE","surface",-67.7243,17.6174,2797
"2026-09-09 18:00:00","2026-09-10 09:00:00","CAPE","surface",-67.7004,17.6174,2864
"2026-09-09 18:00:00","2026-09-10 09:00:00","CAPE","surface",-67.6765,17.6174,2864
"2026-09-09 18:00:00","2026-09-10 09:00:00","CAPE","surface",-67.6526,17.6174,2904
"2026-09-09 18:00:00","2026-09-10 09:00:00","CAPE","surface",-67.6286,17.6174,2820
"2026-09-09 18:00:00","2026-09-10 09:00:00","CAPE","surface",-67.6047,17.6174,2724
"2026-09-09 18:00:00","2026-09-10 09:00:00","CAPE","surface",-67.5808,17.6174,2382
"2026-09-09 18:00:00","2026-09-10 09:00:00","CAPE","surface",-67.5569,17.6174,1764
"2026-09-09 18:00:00","2026-09-10 09:00:00","CAPE","surface",-67.5329,17.6174,1532
"2026-09-09 18:00:00","2026-09-10 09:00:00","CAPE","surface",-67.509,17.6174,1631
"2026-09-09 18:00:00","2026-09-10 09:00:00","CAPE","surface",-67.4851,17.6174,1706
"2026-09-09 18:00:00","2026-09-10 09:00:00","CAPE","surface",-67.4612,17.6174,1706
"2026-09-09 18:00:00","2026-09-10 09:00:00","CAPE","surface",-67.4372,17.6174,1747
"2026-09-09 18:00:00","2026-09-10 09:00:00","CAPE","surface",-67.4133,17.6174,2140
"2026-09-09 18:00:00","2026-09-10 09:00:00","CAPE","surface",-67.3894,17.6174,2436
"2026-09-09 18:00:00","2026-09-10 09:00:00","CAPE","surface",-67.3655,17.6174,2419
"2026-09-09 18:00:00","2026-09-10 09:00:00","CAPE","surface",-67.3415,17.6174,2606
"2026-09-09 18:00:00","2026-09-10 09:00:00","CAPE","surface",-67.3176,17.6174,2510
"2026-09-09 18:00:00","2026-09-10 09:00:00","CAPE","surface",-67.2937,17.6174,2504
"2026-09-09 18:00:00","2026-09-10 09:00:00","CAPE","surface",-67.2698,17.6174,2440
"2026-09-09 18:00:00","2026-09-10 09:00:00","CAPE","surface",-67.2458,17.6174,2428
"2026-09-09 18:00:00","2026-09-10 09:00:00","CAPE","surface",-67.2219,17.6174,2421
"2026-09-09 18:00:00","2026-09-10 09:00:00","CAPE","surface",-67.198,17.6174,2494
"2026-09-09 18:00:00","2026-09-10 09:00:00","CAPE","surface",-67.1741,17.6174,2494
"2026-09-09 18:00:00","2026-09-10 09:00:00","CAPE","surface",-67.1501,17.6174,2616
"2026-09-09 18:00:00","2026-09-10 09:00:00","CAPE","surface",-67.1262,17.6174,2628
"2026-09-09 18:00:00","2026-09-10 09:00:00","CAPE","surface",-67.1023,17.6174,2712
"2026-09-09 18:00:00","2026-09-10 09:00:00","CAPE","surface",-67.0784,17.6174,2869
"2026-09-09 18:00:00","2026-09-10 09:00:00","CAPE","surface",-67.0544,17.6174,2869
"2026-09-09 18:00:00","2026-09-10 09:00:00","CAPE","surface",-67.0305,17.6174,3130
"2026-09-09 18:00:00","2026-09-10 09:00:00","CAPE","surface",-67.0066,17.6174,3002
"2026-09-09 18:00:00","2026-09-10 09:00:00","CAPE","surface",-74.7822,17.6402,2375
"2026-09-09 18:00:00","2026-09-10 09:00:00","CAPE","surface",-74.7583,17.6402,2476
"2026-09-09 18:00:00","2026-09-10 09:00:00","CAPE","surface",-74.7344,17.6402,2550
"2026-09-09 18:00:00","2026-09-10 09:00:00","CAPE","surface",-74.7105,17.6402,2499
"2026-09-09 18:00:00","2026-09-10 09:00:00","CAPE","surface",-74.6865,17.6402,2541
"2026-09-09 18:00:00","2026-09-10 09:00:00","CAPE","surface",-74.6626,17.6402,2470
"2026-09-09 18:00:00","2026-09-10 09:00:00","CAPE","surface",-74.6387,17.6402,2553
"2026-09-09 18:00:00","2026-09-10 09:00:00","CAPE","surface",-74.6148,17.6402,2586
"2026-09-09 18:00:00","2026-09-10 09:00:00","CAPE","surface",-74.5908,17.6402,2655
"2026-09-09 18:00:00","2026-09-10 09:00:00","CAPE","surface",-74.5669,17.6402,2567
"2026-09-09 18:00:00","2026-09-10 09:00:00","CAPE","surface",-74.543,17.6402,2630
"2026-09-09 18:00:00","2026-09-10 09:00:00","CAPE","surface",-74.5191,17.6402,2519
"2026-09-09 18:00:00","2026-09-10 09:00:00","CAPE","surface",-74.4951,17.6402,2546
"2026-09-09 18:00:00","2026-09-10 09:00:00","CAPE","surface",-74.4712,17.6402,2460
"2026-09-09 18:00:00","2026-09-10 09:00:00","CAPE","surface",-74.4473,17.6402,2444
"2026-09-09 18:00:00","2026-09-10 09:00:00","CAPE","surface",-74.4234,17.6402,2446
"2026-09-09 18:00:00","2026-09-10 09:00:00","CAPE","surface",-74.3994,17.6402,2418
"2026-09-09 18:00:00","2026-09-10 09:00:00","CAPE","surface",-74.3755,17.6402,2318
"2026-09-09 18:00:00","2026-09-10 09:00:00","CAPE","surface",-74.3516,17.6402,2307
"2026-09-09 18:00:00","2026-09-10 09:00:00","CAPE","surface",-74.3277,17.6402,2268
"2026-09-09 18:00:00","2026-09-10 09:00:00","CAPE","surface",-74.3037,17.6402,2293
"2026-09-09 18:00:00","2026-09-10 09:00:00","CAPE","surface",-74.2798,17.6402,2268
"2026-09-09 18:00:00","2026-09-10 09:00:00","CAPE","surface",-74.2559,17.6402,2245
"2026-09-09 18:00:00","2026-09-10 09:00:00","CAPE","surface",-74.232,17.6402,2241
"2026-09-09 18:00:00","2026-09-10 09:00:00","CAPE","surface",-74.208,17.6402,2274
"2026-09-09 18:00:00","2026-09-10 09:00:00","CAPE","surface",-74.1841,17.6402,2251
"2026-09-09 18:00:00","2026-09-10 09:00:00","CAPE","surface",-74.1602,17.6402,2309
"2026-09-09 18:00:00","2026-09-10 09:00:00","CAPE","surface",-74.1363,17.6402,2309
"2026-09-09 18:00:00","2026-09-10 09:00:00","CAPE","surface",-74.1123,17.6402,2398
"2026-09-09 18:00:00","2026-09-10 09:00:00","CAPE","surface",-74.0884,17.6402,2439
"2026-09-09 18:00:00","2026-09-10 09:00:00","CAPE","surface",-74.0645,17.6402,2540
"2026-09-09 18:00:00","2026-09-10 09:00:00","CAPE","surface",-74.0406,17.6402,2618
"2026-09-09 18:00:00","2026-09-10 09:00:00","CAPE","surface",-74.0166,17.6402,2703
"2026-09-09 18:00:00","2026-09-10 09:00:00","CAPE","surface",-73.9927,17.6402,2703
"2026-09-09 18:00:00","2026-09-10 09:00:00","CAPE","surface",-73.9688,17.6402,2766
"2026-09-09 18:00:00","2026-09-10 09:00:00","CAPE","surface",-73.9449,17.6402,2829
"2026-09-09 18:00:00","2026-09-10 09:00:00","CAPE","surface",-73.9209,17.6402,2929
"2026-09-09 18:00:00","2026-09-10 09:00:00","CAPE","surface",-73.897,17.6402,3014
"2026-09-09 18:00:00","2026-09-10 09:00:00","CAPE","surface",-73.8731,17.6402,3180
"2026-09-09 18:00:00","2026-09-10 09:00:00","CAPE","surface",-73.8492,17.6402,3180
"2026-09-09 18:00:00","2026-09-10 09:00:00","CAPE","surface",-73.8252,17.6402,3246
"2026-09-09 18:00:00","2026-09-10 09:00:00","CAPE","surface",-73.8013,17.6402,3256
"2026-09-09 18:00:00","2026-09-10 09:00:00","CAPE","surface",-73.7774,17.6402,3061
"2026-09-09 18:00:00","2026-09-10 09:00:00","CAPE","surface",-73.7535,17.6402,3078
"2026-09-09 18:00:00","2026-09-10 09:00:00","CAPE","surface",-73.7295,17.6402,2661
"2026-09-09 18:00:00","2026-09-10 09:00:00","CAPE","surface",-73.7056,17.6402,2661
"2026-09-09 18:00:00","2026-09-10 09:00:00","CAPE","surface",-73.6817,17.6402,2546
"2026-09-09 18:00:00","2026-09-10 09:00:00","CAPE","surface",-73.6578,17.6402,2490
"2026-09-09 18:00:00","2026-09-10 09:00:00","CAPE","surface",-73.6338,17.6402,2482
"2026-09-09 18:00:00","2026-09-10 09:00:00","CAPE","surface",-73.6099,17.6402,2460
"2026-09-09 18:00:00","2026-09-10 09:00:00","CAPE","surface",-73.586,17.6402,2460
"2026-09-09 18:00:00","2026-09-10 09:00:00","CAPE","surface",-73.5621,17.6402,2445
"2026-09-09 18:00:00","2026-09-10 09:00:00","CAPE","surface",-73.5381,17.6402,2490
"2026-09-09 18:00:00","2026-09-10 09:00:00","CAPE","surface",-73.5142,17.6402,2469
"2026-09-09 18:00:00","2026-09-10 09:00:00","CAPE","surface",-73.4903,17.6402,2493
"2026-09-09 18:00:00","2026-09-10 09:00:00","CAPE","surface",-73.4664,17.6402,2436
"2026-09-09 18:00:00","2026-09-10 09:00:00","CAPE","surface",-73.4424,17.6402,2436
"2026-09-09 18:00:00","2026-09-10 09:00:00","CAPE","surface",-73.4185,17.6402,2339
"2026-09-09 18:00:00","2026-09-10 09:00:00","CAPE","surface",-73.3946,17.6402,2362
"2026-09-09 18:00:00","2026-09-10 09:00:00","CAPE","surface",-73.3707,17.6402,2295
"2026-09-09 18:00:00","2026-09-10 09:00:00","CAPE","surface",-73.3467,17.6402,2281
"2026-09-09 18:00:00","2026-09-10 09:00:00","CAPE","surface",-73.3228,17.6402,2233
"2026-09-09 18:00:00","2026-09-10 09:00:00","CAPE","surface",-73.2989,17.6402,2233
"2026-09-09 18:00:00","2026-09-10 09:00:00","CAPE","surface",-73.275,17.6402,2244
"2026-09-09 18:00:00","2026-09-10 09:00:00","CAPE","surface",-73.251,17.6402,2276
"2026-09-09 18:00:00","2026-09-10 09:00:00","CAPE","surface",-73.2271,17.6402,2385
"2026-09-09 18:00:00","2026-09-10 09:00:00","CAPE","surface",-73.2032,17.6402,2379
"2026-09-09 18:00:00","2026-09-10 09:00:00","CAPE","surface",-73.1793,17.6402,2379
"2026-09-09 18:00:00","2026-09-10 09:00:00","CAPE","surface",-73.1553,17.6402,2361
"2026-09-09 18:00:00","2026-09-10 09:00:00","CAPE","surface",-73.1314,17.6402,2392
"2026-09-09 18:00:00","2026-09-10 09:00:00","CAPE","surface",-73.1075,17.6402,2421
"2026-09-09 18:00:00","2026-09-10 09:00:00","CAPE","surface",-73.0836,17.6402,2420
"2026-09-09 18:00:00","2026-09-10 09:00:00","CAPE","surface",-73.0596,17.6402,2377
"2026-09-09 18:00:00","2026-09-10 09:00:00","CAPE","surface",-73.0357,17.6402,2377
"2026-09-09 18:00:00","2026-09-10 09:00:00","CAPE","surface",-73.0118,17.6402,2296
"2026-09-09 18:00:00","2026-09-10 09:00:00","CAPE","surface",-72.9879,17.6402,2268
"2026-09-09 18:00:00","2026-09-10 09:00:00","CAPE","surface",-72.9639,17.6402,2266
"2026-09-09 18:00:00","2026-09-10 09:00:00","CAPE","surface",-72.94,17.6402,2267
"2026-09-09 18:00:00","2026-09-10 09:00:00","CAPE","surface",-72.9161,17.6402,2312
"2026-09-09 18:00:00","2026-09-10 09:00:00","CAPE","surface",-72.8922,17.6402,2330
"2026-09-09 18:00:00","2026-09-10 09:00:00","CAPE","surface",-72.8682,17.6402,2370
"2026-09-09 18:00:00","2026-09-10 09:00:00","CAPE","surface",-72.8443,17.6402,2369
"2026-09-09 18:00:00","2026-09-10 09:00:00","CAPE","surface",-72.8204,17.6402,2387
"2026-09-09 18:00:00","2026-09-10 09:00:00","CAPE","surface",-72.7965,17.6402,2408
"2026-09-09 18:00:00","2026-09-10 09:00:00","CAPE","surface",-72.7725,17.6402,2408
"2026-09-09 18:00:00","2026-09-10 09:00:00","CAPE","surface",-72.7486,17.6402,2423
"2026-09-09 18:00:00","2026-09-10 09:00:00","CAPE","surface",-72.7247,17.6402,2429
"2026-09-09 18:00:00","2026-09-10 09:00:00","CAPE","surface",-72.7008,17.6402,2427
"2026-09-09 18:00:00","2026-09-10 09:00:00","CAPE","surface",-72.6768,17.6402,2425
"2026-09-09 18:00:00","2026-09-10 09:00:00","CAPE","surface",-72.6529,17.6402,2426
"2026-09-09 18:00:00","2026-09-10 09:00:00","CAPE","surface",-72.629,17.6402,2430
"2026-09-09 18:00:00","2026-09-10 09:00:00","CAPE","surface",-72.6051,17.6402,2445
"2026-09-09 18:00:00","2026-09-10 09:00:00","CAPE","surface",-72.5811,17.6402,2455
"2026-09-09 18:00:00","2026-09-10 09:00:00","CAPE","surface",-72.5572,17.6402,2503
"2026-09-09 18:00:00","2026-09-10 09:00:00","CAPE","surface",-72.5333,17.6402,2520
"2026-09-09 18:00:00","2026-09-10 09:00:00","CAPE","surface",-72.5094,17.6402,2544
"2026-09-09 18:00:00","2026-09-10 09:00:00","CAPE","surface",-72.4854,17.6402,2556
"2026-09-09 18:00:00","2026-09-10 09:00:00","CAPE","surface",-72.4615,17.6402,2588
"2026-09-09 18:00:00","2026-09-10 09:00:00","CAPE","surface",-72.4376,17.6402,2592
"2026-09-09 18:00:00","2026-09-10 09:00:00","CAPE","surface",-72.4137,17.6402,2605
"2026-09-09 18:00:00","2026-09-10 09:00:00","CAPE","surface",-72.3897,17.6402,2588
"2026-09-09 18:00:00","2026-09-10 09:00:00","CAPE","surface",-72.3658,17.6402,2609
"2026-09-09 18:00:00","2026-09-10 09:00:00","CAPE","surface",-72.3419,17.6402,2599
"2026-09-09 18:00:00","2026-09-10 09:00:00","CAPE","surface",-72.318,17.6402,2608
"2026-09-09 18:00:00","2026-09-10 09:00:00","CAPE","surface",-72.294,17.6402,2590
"2026-09-09 18:00:00","2026-09-10 09:00:00","CAPE","surface",-72.2701,17.6402,2608
"2026-09-09 18:00:00","2026-09-10 09:00:00","CAPE","surface",-72.2462,17.6402,2572
"2026-09-09 18:00:00","2026-09-10 09:00:00","CAPE","surface",-72.2223,17.6402,2604
"2026-09-09 18:00:00","2026-09-10 09:00:00","CAPE","surface",-72.1983,17.6402,2565
"2026-09-09 18:00:00","2026-09-10 09:00:00","CAPE","surface",-72.1744,17.6402,2590
"2026-09-09 18:00:00","2026-09-10 09:00:00","CAPE","surface",-72.1505,17.6402,2519
"2026-09-09 18:00:00","2026-09-10 09:00:00","CAPE","surface",-72.1266,17.6402,2417
"2026-09-09 18:00:00","2026-09-10 09:00:00","CAPE","surface",-72.1026,17.6402,2445
"2026-09-09 18:00:00","2026-09-10 09:00:00","CAPE","surface",-72.0787,17.6402,2358
"2026-09-09 18:00:00","2026-09-10 09:00:00","CAPE","surface",-72.0548,17.6402,2376
"2026-09-09 18:00:00","2026-09-10 09:00:00","CAPE","surface",-72.0309,17.6402,2316
"2026-09-09 18:00:00","2026-09-10 09:00:00","CAPE","surface",-72.0069,17.6402,2316
"2026-09-09 18:00:00","2026-09-10 09:00:00","CAPE","surface",-71.983,17.6402,2273
"2026-09-09 18:00:00","2026-09-10 09:00:00","CAPE","surface",-71.9591,17.6402,2314
"2026-09-09 18:00:00","2026-09-10 09:00:00","CAPE","surface",-71.9352,17.6402,2308
"2026-09-09 18:00:00","2026-09-10 09:00:00","CAPE","surface",-71.9112,17.6402,2355
"2026-09-09 18:00:00","2026-09-10 09:00:00","CAPE","surface",-71.8873,17.6402,2299
"2026-09-09 18:00:00","2026-09-10 09:00:00","CAPE","surface",-71.8634,17.6402,2344
"2026-09-09 18:00:00","2026-09-10 09:00:00","CAPE","surface",-71.8395,17.6402,2348
"2026-09-09 18:00:00","2026-09-10 09:00:00","CAPE","surface",-71.8155,17.6402,2340
"2026-09-09 18:00:00","2026-09-10 09:00:00","CAPE","surface",-71.7916,17.6402,2366
"2026-09-09 18:00:00","2026-09-10 09:00:00","CAPE","surface",-71.7677,17.6402,2313
"2026-09-09 18:00:00","2026-09-10 09:00:00","CAPE","surface",-71.7438,17.6402,2349
"2026-09-09 18:00:00","2026-09-10 09:00:00","CAPE","surface",-71.7198,17.6402,2329
"2026-09-09 18:00:00","2026-09-10 09:00:00","CAPE","surface",-71.6959,17.6402,2375
"2026-09-09 18:00:00","2026-09-10 09:00:00","CAPE","surface",-71.672,17.6402,2393
"2026-09-09 18:00:00","2026-09-10 09:00:00","CAPE","surface",-71.6481,17.6402,2490
"2026-09-09 18:00:00","2026-09-10 09:00:00","CAPE","surface",-71.6241,17.6402,2426
"2026-09-09 18:00:00","2026-09-10 09:00:00","CAPE","surface",-71.6002,17.6402,2527
"2026-09-09 18:00:00","2026-09-10 09:00:00","CAPE","surface",-71.5763,17.6402,2526
"2026-09-09 18:00:00","2026-09-10 09:00:00","CAPE","surface",-71.5524,17.6402,2583
"2026-09-09 18:00:00","2026-09-10 09:00:00","CAPE","surface",-71.5284,17.6402,2502
"2026-09-09 18:00:00","2026-09-10 09:00:00","CAPE","surface",-71.5045,17.6402,2381
"2026-09-09 18:00:00","2026-09-10 09:00:00","CAPE","surface",-71.4806,17.6402,2374
"2026-09-09 18:00:00","2026-09-10 09:00:00","CAPE","surface",-71.4567,17.6402,2204
"2026-09-09 18:00:00","2026-09-10 09:00:00","CAPE","surface",-71.4327,17.6402,2294
"2026-09-09 18:00:00","2026-09-10 09:00:00","CAPE","surface",-71.4088,17.6402,2297
"2026-09-09 18:00:00","2026-09-10 09:00:00","CAPE","surface",-71.3849,17.6402,2297
"2026-09-09 18:00:00","2026-09-10 09:00:00","CAPE","surface",-71.361,17.6402,2606
"2026-09-09 18:00:00","2026-09-10 09:00:00","CAPE","surface",-71.337,17.6402,2537
"2026-09-09 18:00:00","2026-09-10 09:00:00","CAPE","surface",-71.3131,17.6402,2641
"2026-09-09 18:00:00","2026-09-10 09:00:00","CAPE","surface",-71.2892,17.6402,2882
"2026-09-09 18:00:00","2026-09-10 09:00:00","CAPE","surface",-71.2653,17.6402,2752
"2026-09-09 18:00:00","2026-09-10 09:00:00","CAPE","surface",-71.2413,17.6402,2844
"2026-09-09 18:00:00","2026-09-10 09:00:00","CAPE","surface",-71.2174,17.6402,3042
"2026-09-09 18:00:00","2026-09-10 09:00:00","CAPE","surface",-71.1935,17.6402,3084
"2026-09-09 18:00:00","2026-09-10 09:00:00","CAPE","surface",-71.1696,17.6402,3122
"2026-09-09 18:00:00","2026-09-10 09:00:00","CAPE","surface",-71.1456,17.6402,3116
"2026-09-09 18:00:00","2026-09-10 09:00:00","CAPE","surface",-71.1217,17.6402,3109
"2026-09-09 18:00:00","2026-09-10 09:00:00","CAPE","surface",-71.0978,17.6402,3039
"2026-09-09 18:00:00","2026-09-10 09:00:00","CAPE","surface",-71.0739,17.6402,2852
"2026-09-09 18:00:00","2026-09-10 09:00:00","CAPE","surface",-71.0499,17.6402,2759
"2026-09-09 18:00:00","2026-09-10 09:00:00","CAPE","surface",-71.026,17.6402,2759
"2026-09-09 18:00:00","2026-09-10 09:00:00","CAPE","surface",-71.0021,17.6402,2773
"2026-09-09 18:00:00","2026-09-10 09:00:00","CAPE","surface",-70.9782,17.6402,2851
"2026-09-09 18:00:00","2026-09-10 09:00:00","CAPE","surface",-70.9542,17.6402,2822
"2026-09-09 18:00:00","2026-09-10 09:00:00","CAPE","surface",-70.9303,17.6402,2857
"2026-09-09 18:00:00","2026-09-10 09:00:00","CAPE","surface",-70.9064,17.6402,2857
"2026-09-09 18:00:00","2026-09-10 09:00:00","CAPE","surface",-70.8825,17.6402,2901
"2026-09-09 18:00:00","2026-09-10 09:00:00","CAPE","surface",-70.8585,17.6402,2841
"2026-09-09 18:00:00","2026-09-10 09:00:00","CAPE","surface",-70.8346,17.6402,2932
"2026-09-09 18:00:00","2026-09-10 09:00:00","CAPE","surface",-70.8107,17.6402,2853
"2026-09-09 18:00:00","2026-09-10 09:00:00","CAPE","surface",-70.7868,17.6402,2931
"2026-09-09 18:00:00","2026-09-10 09:00:00","CAPE","surface",-70.7628,17.6402,2907
"2026-09-09 18:00:00","2026-09-10 09:00:00","CAPE","surface",-70.7389,17.6402,2791
"2026-09-09 18:00:00","2026-09-10 09:00:00","CAPE","surface",-70.715,17.6402,2786
"2026-09-09 18:00:00","2026-09-10 09:00:00","CAPE","surface",-70.6911,17.6402,2696
"2026-09-09 18:00:00","2026-09-10 09:00:00","CAPE","surface",-70.6671,17.6402,2808
"2026-09-09 18:00:00","2026-09-10 09:00:00","CAPE","surface",-70.6432,17.6402,2745
"2026-09-09 18:00:00","2026-09-10 09:00:00","CAPE","surface",-70.6193,17.6402,2759
"2026-09-09 18:00:00","2026-09-10 09:00:00","CAPE","surface",-70.5954,17.6402,2758
"2026-09-09 18:00:00","2026-09-10 09:00:00","CAPE","surface",-70.5714,17.6402,2755
"2026-09-09 18:00:00","2026-09-10 09:00:00","CAPE","surface",-70.5475,17.6402,2755
"2026-09-09 18:00:00","2026-09-10 09:00:00","CAPE","surface",-70.5236,17.6402,2716
"2026-09-09 18:00:00","2026-09-10 09:00:00","CAPE","surface",-70.4997,17.6402,2667
"2026-09-09 18:00:00","2026-09-10 09:00:00","CAPE","surface",-70.4757,17.6402,2567
"2026-09-09 18:00:00","2026-09-10 09:00:00","CAPE","surface",-70.4518,17.6402,2599
"2026-09-09 18:00:00","2026-09-10 09:00:00","CAPE","surface",-70.4279,17.6402,2496
"2026-09-09 18:00:00","2026-09-10 09:00:00","CAPE","surface",-70.404,17.6402,2444
"2026-09-09 18:00:00","2026-09-10 09:00:00","CAPE","surface",-70.38,17.6402,2414
"2026-09-09 18:00:00","2026-09-10 09:00:00","CAPE","surface",-70.3561,17.6402,2465
"2026-09-09 18:00:00","2026-09-10 09:00:00","CAPE","surface",-70.3322,17.6402,2465
"2026-09-09 18:00:00","2026-09-10 09:00:00","CAPE","surface",-70.3083,17.6402,2560
"2026-09-09 18:00:00","2026-09-10 09:00:00","CAPE","surface",-70.2843,17.6402,2585
"2026-09-09 18:00:00","2026-09-10 09:00:00","CAPE","surface",-70.2604,17.6402,2576
"2026-09-09 18:00:00","2026-09-10 09:00:00","CAPE","surface",-70.2365,17.6402,2541
"2026-09-09 18:00:00","2026-09-10 09:00:00","CAPE","surface",-70.2126,17.6402,2541
"2026-09-09 18:00:00","2026-09-10 09:00:00","CAPE","surface",-70.1886,17.6402,2513
"2026-09-09 18:00:00","2026-09-10 09:00:00","CAPE","surface",-70.1647,17.6402,2504
"2026-09-09 18:00:00","2026-09-10 09:00:00","CAPE","surface",-70.1408,17.6402,2601
"2026-09-09 18:00:00","2026-09-10 09:00:00","CAPE","surface",-70.1169,17.6402,2625
"2026-09-09 18:00:00","2026-09-10 09:00:00","CAPE","surface",-70.0929,17.6402,2788
"2026-09-09 18:00:00","2026-09-10 09:00:00","CAPE","surface",-70.069,17.6402,2848
"2026-09-09 18:00:00","2026-09-10 09:00:00","CAPE","surface",-70.0451,17.6402,2675
"2026-09-09 18:00:00","2026-09-10 09:00:00","CAPE","surface",-70.0212,17.6402,2412
"2026-09-09 18:00:00","2026-09-10 09:00:00","CAPE","surface",-69.9972,17.6402,2412
"2026-09-09 18:00:00","2026-09-10 09:00:00","CAPE","surface",-69.9733,17.6402,2285
"2026-09-09 18:00:00","2026-09-10 09:00:00","CAPE","surface",-69.9494,17.6402,2266
"2026-09-09 18:00:00","2026-09-10 09:00:00","CAPE","surface",-69.9255,17.6402,2288
"2026-09-09 18:00:00","2026-09-10 09:00:00","CAPE","surface",-69.9015,17.6402,2327
"2026-09-09 18:00:00","2026-09-10 09:00:00","CAPE","surface",-69.8776,17.6402,2340
"2026-09-09 18:00:00","2026-09-10 09:00:00","CAPE","surface",-69.8537,17.6402,2325
"2026-09-09 18:00:00","2026-09-10 09:00:00","CAPE","surface",-69.8298,17.6402,2399
"2026-09-09 18:00:00","2026-09-10 09:00:00","CAPE","surface",-69.8058,17.6402,2371
"2026-09-09 18:00:00","2026-09-10 09:00:00","CAPE","surface",-69.7819,17.6402,2390
"2026-09-09 18:00:00","2026-09-10 09:00:00","CAPE","surface",-69.758,17.6402,2360
"2026-09-09 18:00:00","2026-09-10 09:00:00","CAPE","surface",-69.7341,17.6402,2369
"2026-09-09 18:00:00","2026-09-10 09:00:00","CAPE","surface",-69.7101,17.6402,2406
"2026-09-09 18:00:00","2026-09-10 09:00:00","CAPE","surface",-69.6862,17.6402,2420
"2026-09-09 18:00:00","2026-09-10 09:00:00","CAPE","surface",-69.6623,17.6402,2454
"2026-09-09 18:00:00","2026-09-10 09:00:00","CAPE","surface",-69.6384,17.6402,2473
"2026-09-09 18:00:00","2026-09-10 09:00:00","CAPE","surface",-69.6144,17.6402,2492
"2026-09-09 18:00:00","2026-09-10 09:00:00","CAPE","surface",-69.5905,17.6402,2488
"2026-09-09 18:00:00","2026-09-10 09:00:00","CAPE","surface",-69.5666,17.6402,2479
"2026-09-09 18:00:00","2026-09-10 09:00:00","CAPE","surface",-69.5427,17.6402,2533
"2026-09-09 18:00:00","2026-09-10 09:00:00","CAPE","surface",-69.5187,17.6402,2592
"2026-09-09 18:00:00","2026-09-10 09:00:00","CAPE","surface",-69.4948,17.6402,2700
"2026-09-09 18:00:00","2026-09-10 09:00:00","CAPE","surface",-69.4709,17.6402,2543
"2026-09-09 18:00:00","2026-09-10 09:00:00","CAPE","surface",-69.447,17.6402,2302
"2026-09-09 18:00:00","2026-09-10 09:00:00","CAPE","surface",-69.423,17.6402,2233
"2026-09-09 18:00:00","2026-09-10 09:00:00","CAPE","surface",-69.3991,17.6402,2210
"2026-09-09 18:00:00","2026-09-10 09:00:00","CAPE","surface",-69.3752,17.6402,2240
"2026-09-09 18:00:00","2026-09-10 09:00:00","CAPE","surface",-69.3513,17.6402,2284
"2026-09-09 18:00:00","2026-09-10 09:00:00","CAPE","surface",-69.3273,17.6402,2291
"2026-09-09 18:00:00","2026-09-10 09:00:00","CAPE","surface",-69.3034,17.6402,2319
"2026-09-09 18:00:00","2026-09-10 09:00:00","CAPE","surface",-69.2795,17.6402,2281
"2026-09-09 18:00:00","2026-09-10 09:00:00","CAPE","surface",-69.2556,17.6402,2317
"2026-09-09 18:00:00","2026-09-10 09:00:00","CAPE","surface",-69.2316,17.6402,2303
"2026-09-09 18:00:00","2026-09-10 09:00:00","CAPE","surface",-69.2077,17.6402,2265
"2026-09-09 18:00:00","2026-09-10 09:00:00","CAPE","surface",-69.1838,17.6402,2254
"2026-09-09 18:00:00","2026-09-10 09:00:00","CAPE","surface",-69.1599,17.6402,2156
"2026-09-09 18:00:00","2026-09-10 09:00:00","CAPE","surface",-69.1359,17.6402,2089
"2026-09-09 18:00:00","2026-09-10 09:00:00","CAPE","surface",-69.112,17.6402,2080
"2026-09-09 18:00:00","2026-09-10 09:00:00","CAPE","surface",-69.0881,17.6402,2080
"2026-09-09 18:00:00","2026-09-10 09:00:00","CAPE","surface",-69.0642,17.6402,2165
"2026-09-09 18:00:00","2026-09-10 09:00:00","CAPE","surface",-69.0402,17.6402,2365
"2026-09-09 18:00:00","2026-09-10 09:00:00","CAPE","surface",-69.0163,17.6402,2438
"2026-09-09 18:00:00","2026-09-10 09:00:00","CAPE","surface",-68.9924,17.6402,2604
"2026-09-09 18:00:00","2026-09-10 09:00:00","CAPE","surface",-68.9685,17.6402,2655
"2026-09-09 18:00:00","2026-09-10 09:00:00","CAPE","surface",-68.9445,17.6402,2728
"2026-09-09 18:00:00","2026-09-10 09:00:00","CAPE","surface",-68.9206,17.6402,2720
"2026-09-09 18:00:00","2026-09-10 09:00:00","CAPE","surface",-68.8967,17.6402,2692
"2026-09-09 18:00:00","2026-09-10 09:00:00","CAPE","surface",-68.8728,17.6402,2692
"2026-09-09 18:00:00","2026-09-10 09:00:00","CAPE","surface",-68.8488,17.6402,2580
"2026-09-09 18:00:00","2026-09-10 09:00:00","CAPE","surface",-68.8249,17.6402,2482
"2026-09-09 18:00:00","2026-09-10 09:00:00","CAPE","surface",-68.801,17.6402,2460
"2026-09-09 18:00:00","2026-09-10 09:00:00","CAPE","surface",-68.7771,17.6402,2462
"2026-09-09 18:00:00","2026-09-10 09:00:00","CAPE","surface",-68.7531,17.6402,2429
"2026-09-09 18:00:00","2026-09-10 09:00:00","CAPE","surface",-68.7292,17.6402,2520
"2026-09-09 18:00:00","2026-09-10 09:00:00","CAPE","surface",-68.7053,17.6402,2516
"2026-09-09 18:00:00","2026-09-10 09:00:00","CAPE","surface",-68.6813,17.6402,2829
"2026-09-09 18:00:00","2026-09-10 09:00:00","CAPE","surface",-68.6574,17.6402,3146
"2026-09-09 18:00:00","2026-09-10 09:00:00","CAPE","surface",-68.6335,17.6402,3156
"2026-09-09 18:00:00","2026-09-10 09:00:00","CAPE","surface",-68.6096,17.6402,2977
"2026-09-09 18:00:00","2026-09-10 09:00:00","CAPE","surface",-68.5856,17.6402,2732
"2026-09-09 18:00:00","2026-09-10 09:00:00","CAPE","surface",-68.5617,17.6402,2320
"2026-09-09 18:00:00","2026-09-10 09:00:00","CAPE","surface",-68.5378,17.6402,2164
"2026-09-09 18:00:00","2026-09-10 09:00:00","CAPE","surface",-68.5139,17.6402,2051
"2026-09-09 18:00:00","2026-09-10 09:00:00","CAPE","surface",-68.4899,17.6402,2008
"2026-09-09 18:00:00","2026-09-10 09:00:00","CAPE","surface",-68.466,17.6402,2008
"2026-09-09 18:00:00","2026-09-10 09:00:00","CAPE","surface",-68.4421,17.6402,2058
"2026-09-09 18:00:00","2026-09-10 09:00:00","CAPE","surface",-68.4182,17.6402,2129
"2026-09-09 18:00:00","2026-09-10 09:00:00","CAPE","surface",-68.3942,17.6402,2239
"2026-09-09 18:00:00","2026-09-10 09:00:00","CAPE","surface",-68.3703,17.6402,2362
"2026-09-09 18:00:00","2026-09-10 09:00:00","CAPE","surface",-68.3464,17.6402,2505
"2026-09-09 18:00:00","2026-09-10 09:00:00","CAPE","surface",-68.3225,17.6402,2612
"2026-09-09 18:00:00","2026-09-10 09:00:00","CAPE","surface",-68.2985,17.6402,2779
"2026-09-09 18:00:00","2026-09-10 09:00:00","CAPE","surface",-68.2746,17.6402,2812
"2026-09-09 18:00:00","2026-09-10 09:00:00","CAPE","surface",-68.2507,17.6402,2812
"2026-09-09 18:00:00","2026-09-10 09:00:00","CAPE","surface",-68.2268,17.6402,2815
"2026-09-09 18:00:00","2026-09-10 09:00:00","CAPE","surface",-68.2028,17.6402,2822
"2026-09-09 18:00:00","2026-09-10 09:00:00","CAPE","surface",-68.1789,17.6402,2629
"2026-09-09 18:00:00","2026-09-10 09:00:00","CAPE","surface",-68.155,17.6402,2629
"2026-09-09 18:00:00","2026-09-10 09:00:00","CAPE","surface",-68.1311,17.6402,2520
"2026-09-09 18:00:00","2026-09-10 09:00:00","CAPE","surface",-68.1071,17.6402,2282
"2026-09-09 18:00:00","2026-09-10 09:00:00","CAPE","surface",-68.0832,17.6402,1992
"2026-09-09 18:00:00","2026-09-10 09:00:00","CAPE","surface",-68.0593,17.6402,1564
"2026-09-09 18:00:00","2026-09-10 09:00:00","CAPE","surface",-68.0354,17.6402,1564
"2026-09-09 18:00:00","2026-09-10 09:00:00","CAPE","surface",-68.0114,17.6402,1557
"2026-09-09 18:00:00","2026-09-10 09:00:00","CAPE","surface",-67.9875,17.6402,1492
"2026-09-09 18:00:00","2026-09-10 09:00:00","CAPE","surface",-67.9636,17.6402,1967
"2026-09-09 18:00:00","2026-09-10 09:00:00","CAPE","surface",-67.9397,17.6402,2327
"2026-09-09 18:00:00","2026-09-10 09:00:00","CAPE","surface",-67.9157,17.6402,2439
"2026-09-09 18:00:00","2026-09-10 09:00:00","CAPE","surface",-67.8918,17.6402,2675
"2026-09-09 18:00:00","2026-09-10 09:00:00","CAPE","surface",-67.8679,17.6402,2774
"2026-09-09 18:00:00","2026-09-10 09:00:00","CAPE","surface",-67.844,17.6402,2792
"2026-09-09 18:00:00","2026-09-10 09:00:00","CAPE","surface",-67.82,17.6402,2857
"2026-09-09 18:00:00","2026-09-10 09:00:00","CAPE","surface",-67.7961,17.6402,2921
"2026-09-09 18:00:00","2026-09-10 09:00:00","CAPE","surface",-67.7722,17.6402,2965
"2026-09-09 18:00:00","2026-09-10 09:00:00","CAPE","surface",-67.7483,17.6402,2901
"2026-09-09 18:00:00","2026-09-10 09:00:00","CAPE","surface",-67.7243,17.6402,3034
"2026-09-09 18:00:00","2026-09-10 09:00:00","CAPE","surface",-67.7004,17.6402,2984
"2026-09-09 18:00:00","2026-09-10 09:00:00","CAPE","surface",-67.6765,17.6402,3042
"2026-09-09 18:00:00","2026-09-10 09:00:00","CAPE","surface",-67.6526,17.6402,2904
"2026-09-09 18:00:00","2026-09-10 09:00:00","CAPE","surface",-67.6286,17.6402,3327
"2026-09-09 18:00:00","2026-09-10 09:00:00","CAPE","surface",-67.6047,17.6402,2777
"2026-09-09 18:00:00","2026-09-10 09:00:00","CAPE","surface",-67.5808,17.6402,2099
"2026-09-09 18:00:00","2026-09-10 09:00:00","CAPE","surface",-67.5569,17.6402,1501
"2026-09-09 18:00:00","2026-09-10 09:00:00","CAPE","surface",-67.5329,17.6402,1501
"2026-09-09 18:00:00","2026-09-10 09:00:00","CAPE","surface",-67.509,17.6402,1577
"2026-09-09 18:00:00","2026-09-10 09:00:00","CAPE","surface",-67.4851,17.6402,1612
"2026-09-09 18:00:00","2026-09-10 09:00:00","CAPE","surface",-67.4612,17.6402,1539
"2026-09-09 18:00:00","2026-09-10 09:00:00","CAPE","surface",-67.4372,17.6402,1524
"2026-09-09 18:00:00","2026-09-10 09:00:00","CAPE","surface",-67.4133,17.6402,1799
"2026-09-09 18:00:00","2026-09-10 09:00:00","CAPE","surface",-67.3894,17.6402,2142
"2026-09-09 18:00:00","2026-09-10 09:00:00","CAPE","surface",-67.3655,17.6402,2419
"2026-09-09 18:00:00","2026-09-10 09:00:00","CAPE","surface",-67.3415,17.6402,2479
"2026-09-09 18:00:00","2026-09-10 09:00:00","CAPE","surface",-67.3176,17.6402,2399
"2026-09-09 18:00:00","2026-09-10 09:00:00","CAPE","surface",-67.2937,17.6402,2444
"2026-09-09 18:00:00","2026-09-10 09:00:00","CAPE","surface",-67.2698,17.6402,2439
"2026-09-09 18:00:00","2026-09-10 09:00:00","CAPE","surface",-67.2458,17.6402,2428
"2026-09-09 18:00:00","2026-09-10 09:00:00","CAPE","surface",-67.2219,17.6402,2478
"2026-09-09 18:00:00","2026-09-10 09:00:00","CAPE","surface",-67.198,17.6402,2484
"2026-09-09 18:00:00","2026-09-10 09:00:00","CAPE","surface",-67.1741,17.6402,2607
"2026-09-09 18:00:00","2026-09-10 09:00:00","CAPE","surface",-67.1501,17.6402,2717
"2026-09-09 18:00:00","2026-09-10 09:00:00","CAPE","surface",-67.1262,17.6402,2717
"2026-09-09 18:00:00","2026-09-10 09:00:00","CAPE","surface",-67.1023,17.6402,2850
"2026-09-09 18:00:00","2026-09-10 09:00:00","CAPE","surface",-67.0784,17.6402,2846
"2026-09-09 18:00:00","2026-09-10 09:00:00","CAPE","surface",-67.0544,17.6402,3184
"2026-09-09 18:00:00","2026-09-10 09:00:00","CAPE","surface",-67.0305,17.6402,3184
"2026-09-09 18:00:00","2026-09-10 09:00:00","CAPE","surface",-67.0066,17.6402,3265
"2026-09-09 18:00:00","2026-09-10 09:00:00","CAPE","surface",-74.7822,17.663,2273
"2026-09-09 18:00:00","2026-09-10 09:00:00","CAPE","surface",-74.7583,17.663,2370
"2026-09-09 18:00:00","2026-09-10 09:00:00","CAPE","surface",-74.7344,17.663,2458
"2026-09-09 18:00:00","2026-09-10 09:00:00","CAPE","surface",-74.7105,17.663,2499
"2026-09-09 18:00:00","2026-09-10 09:00:00","CAPE","surface",-74.6865,17.663,2403
"2026-09-09 18:00:00","2026-09-10 09:00:00","CAPE","surface",-74.6626,17.663,2403
"2026-09-09 18:00:00","2026-09-10 09:00:00","CAPE","surface",-74.6387,17.663,2319
"2026-09-09 18:00:00","2026-09-10 09:00:00","CAPE","surface",-74.6148,17.663,2462
"2026-09-09 18:00:00","2026-09-10 09:00:00","CAPE","surface",-74.5908,17.663,2464
"2026-09-09 18:00:00","2026-09-10 09:00:00","CAPE","surface",-74.5669,17.663,2386
"2026-09-09 18:00:00","2026-09-10 09:00:00","CAPE","surface",-74.543,17.663,2456
"2026-09-09 18:00:00","2026-09-10 09:00:00","CAPE","surface",-74.5191,17.663,2367
"2026-09-09 18:00:00","2026-09-10 09:00:00","CAPE","surface",-74.4951,17.663,2367
"2026-09-09 18:00:00","2026-09-10 09:00:00","CAPE","surface",-74.4712,17.663,2400
"2026-09-09 18:00:00","2026-09-10 09:00:00","CAPE","surface",-74.4473,17.663,2447
"2026-09-09 18:00:00","2026-09-10 09:00:00","CAPE","surface",-74.4234,17.663,2454
"2026-09-09 18:00:00","2026-09-10 09:00:00","CAPE","surface",-74.3994,17.663,2388
"2026-09-09 18:00:00","2026-09-10 09:00:00","CAPE","surface",-74.3755,17.663,2198
"2026-09-09 18:00:00","2026-09-10 09:00:00","CAPE","surface",-74.3516,17.663,2198
"2026-09-09 18:00:00","2026-09-10 09:00:00","CAPE","surface",-74.3277,17.663,2162
"2026-09-09 18:00:00","2026-09-10 09:00:00","CAPE","surface",-74.3037,17.663,2239
"2026-09-09 18:00:00","2026-09-10 09:00:00","CAPE","surface",-74.2798,17.663,2292
"2026-09-09 18:00:00","2026-09-10 09:00:00","CAPE","surface",-74.2559,17.663,2268
"2026-09-09 18:00:00","2026-09-10 09:00:00","CAPE","surface",-74.232,17.663,2303
"2026-09-09 18:00:00","2026-09-10 09:00:00","CAPE","surface",-74.208,17.663,2303
"2026-09-09 18:00:00","2026-09-10 09:00:00","CAPE","surface",-74.1841,17.663,2383
"2026-09-09 18:00:00","2026-09-10 09:00:00","CAPE","surface",-74.1602,17.663,2336
"2026-09-09 18:00:00","2026-09-10 09:00:00","CAPE","surface",-74.1363,17.663,2422
"2026-09-09 18:00:00","2026-09-10 09:00:00","CAPE","surface",-74.1123,17.663,2398
"2026-09-09 18:00:00","2026-09-10 09:00:00","CAPE","surface",-74.0884,17.663,2491
"2026-09-09 18:00:00","2026-09-10 09:00:00","CAPE","surface",-74.0645,17.663,2491
"2026-09-09 18:00:00","2026-09-10 09:00:00","CAPE","surface",-74.0406,17.663,2540
"2026-09-09 18:00:00","2026-09-10 09:00:00","CAPE","surface",-74.0166,17.663,2623
"2026-09-09 18:00:00","2026-09-10 09:00:00","CAPE","surface",-73.9927,17.663,2715
"2026-09-09 18:00:00","2026-09-10 09:00:00","CAPE","surface",-73.9688,17.663,2766
"2026-09-09 18:00:00","2026-09-10 09:00:00","CAPE","surface",-73.9449,17.663,2775
"2026-09-09 18:00:00","2026-09-10 09:00:00","CAPE","surface",-73.9209,17.663,2877
"2026-09-09 18:00:00","2026-09-10 09:00:00","CAPE","surface",-73.897,17.663,2959
"2026-09-09 18:00:00","2026-09-10 09:00:00","CAPE","surface",-73.8731,17.663,3119
"2026-09-09 18:00:00","2026-09-10 09:00:00","CAPE","surface",-73.8492,17.663,3206
"2026-09-09 18:00:00","2026-09-10 09:00:00","CAPE","surface",-73.8252,17.663,3005
"2026-09-09 18:00:00","2026-09-10 09:00:00","CAPE","surface",-73.8013,17.663,3005
"2026-09-09 18:00:00","2026-09-10 09:00:00","CAPE","surface",-73.7774,17.663,2587
"2026-09-09 18:00:00","2026-09-10 09:00:00","CAPE","surface",-73.7535,17.663,2629
"2026-09-09 18:00:00","2026-09-10 09:00:00","CAPE","surface",-73.7295,17.663,2502
"2026-09-09 18:00:00","2026-09-10 09:00:00","CAPE","surface",-73.7056,17.663,2541
"2026-09-09 18:00:00","2026-09-10 09:00:00","CAPE","surface",-73.6817,17.663,2523
"2026-09-09 18:00:00","2026-09-10 09:00:00","CAPE","surface",-73.6578,17.663,2523
"2026-09-09 18:00:00","2026-09-10 09:00:00","CAPE","surface",-73.6338,17.663,2408
"2026-09-09 18:00:00","2026-09-10 09:00:00","CAPE","surface",-73.6099,17.663,2420
"2026-09-09 18:00:00","2026-09-10 09:00:00","CAPE","surface",-73.586,17.663,2380
"2026-09-09 18:00:00","2026-09-10 09:00:00","CAPE","surface",-73.5621,17.663,2445
"2026-09-09 18:00:00","2026-09-10 09:00:00","CAPE","surface",-73.5381,17.663,2432
"2026-09-09 18:00:00","2026-09-10 09:00:00","CAPE","surface",-73.5142,17.663,2432
"2026-09-09 18:00:00","2026-09-10 09:00:00","CAPE","surface",-73.4903,17.663,2380
"2026-09-09 18:00:00","2026-09-10 09:00:00","CAPE","surface",-73.4664,17.663,2412
"2026-09-09 18:00:00","2026-09-10 09:00:00","CAPE","surface",-73.4424,17.663,2316
"2026-09-09 18:00:00","2026-09-10 09:00:00","CAPE","surface",-73.4185,17.663,2279
"2026-09-09 18:00:00","2026-09-10 09:00:00","CAPE","surface",-73.3946,17.663,2279
"2026-09-09 18:00:00","2026-09-10 09:00:00","CAPE","surface",-73.3707,17.663,2276
"2026-09-09 18:00:00","2026-09-10 09:00:00","CAPE","surface",-73.3467,17.663,2270
"2026-09-09 18:00:00","2026-09-10 09:00:00","CAPE","surface",-73.3228,17.663,2263
"2026-09-09 18:00:00","2026-09-10 09:00:00","CAPE","surface",-73.2989,17.663,2246
"2026-09-09 18:00:00","2026-09-10 09:00:00","CAPE","surface",-73.275,17.663,2324
"2026-09-09 18:00:00","2026-09-10 09:00:00","CAPE","surface",-73.251,17.663,2324
"2026-09-09 18:00:00","2026-09-10 09:00:00","CAPE","surface",-73.2271,17.663,2354
"2026-09-09 18:00:00","2026-09-10 09:00:00","CAPE","surface",-73.2032,17.663,2369
"2026-09-09 18:00:00","2026-09-10 09:00:00","CAPE","surface",-73.1793,17.663,2342
"2026-09-09 18:00:00","2026-09-10 09:00:00","CAPE","surface",-73.1553,17.663,2361
"2026-09-09 18:00:00","2026-09-10 09:00:00","CAPE","surface",-73.1314,17.663,2399
"2026-09-09 18:00:00","2026-09-10 09:00:00","CAPE","surface",-73.1075,17.663,2399
"2026-09-09 18:00:00","2026-09-10 09:00:00","CAPE","surface",-73.0836,17.663,2411
"2026-09-09 18:00:00","2026-09-10 09:00:00","CAPE","surface",-73.0596,17.663,2406
"2026-09-09 18:00:00","2026-09-10 09:00:00","CAPE","surface",-73.0357,17.663,2332
"2026-09-09 18:00:00","2026-09-10 09:00:00","CAPE","surface",-73.0118,17.663,2288
"2026-09-09 18:00:00","2026-09-10 09:00:00","CAPE","surface",-72.9879,17.663,2288
"2026-09-09 18:00:00","2026-09-10 09:00:00","CAPE","surface",-72.9639,17.663,2328
"2026-09-09 18:00:00","2026-09-10 09:00:00","CAPE","surface",-72.94,17.663,2313
"2026-09-09 18:00:00","2026-09-10 09:00:00","CAPE","surface",-72.9161,17.663,2369
"2026-09-09 18:00:00","2026-09-10 09:00:00","CAPE","surface",-72.8922,17.663,2371
"2026-09-09 18:00:00","2026-09-10 09:00:00","CAPE","surface",-72.8682,17.663,2390
"2026-09-09 18:00:00","2026-09-10 09:00:00","CAPE","surface",-72.8443,17.663,2390
"2026-09-09 18:00:00","2026-09-10 09:00:00","CAPE","surface",-72.8204,17.663,2396
"2026-09-09 18:00:00","2026-09-10 09:00:00","CAPE","surface",-72.7965,17.663,2404
"2026-09-09 18:00:00","2026-09-10 09:00:00","CAPE","surface",-72.7725,17.663,2418
"2026-09-09 18:00:00","2026-09-10 09:00:00","CAPE","surface",-72.7486,17.663,2423
"2026-09-09 18:00:00","2026-09-10 09:00:00","CAPE","surface",-72.7247,17.663,2418
"2026-09-09 18:00:00","2026-09-10 09:00:00","CAPE","surface",-72.7008,17.663,2424
"2026-09-09 18:00:00","2026-09-10 09:00:00","CAPE","surface",-72.6768,17.663,2423
"2026-09-09 18:00:00","2026-09-10 09:00:00","CAPE","surface",-72.6529,17.663,2426
"2026-09-09 18:00:00","2026-09-10 09:00:00","CAPE","surface",-72.629,17.663,2438
"2026-09-09 18:00:00","2026-09-10 09:00:00","CAPE","surface",-72.6051,17.663,2471
"2026-09-09 18:00:00","2026-09-10 09:00:00","CAPE","surface",-72.5811,17.663,2471
"2026-09-09 18:00:00","2026-09-10 09:00:00","CAPE","surface",-72.5572,17.663,2515
"2026-09-09 18:00:00","2026-09-10 09:00:00","CAPE","surface",-72.5333,17.663,2527
"2026-09-09 18:00:00","2026-09-10 09:00:00","CAPE","surface",-72.5094,17.663,2555
"2026-09-09 18:00:00","2026-09-10 09:00:00","CAPE","surface",-72.4854,17.663,2573
"2026-09-09 18:00:00","2026-09-10 09:00:00","CAPE","surface",-72.4615,17.663,2569
"2026-09-09 18:00:00","2026-09-10 09:00:00","CAPE","surface",-72.4376,17.663,2578
"2026-09-09 18:00:00","2026-09-10 09:00:00","CAPE","surface",-72.4137,17.663,2556
"2026-09-09 18:00:00","2026-09-10 09:00:00","CAPE","surface",-72.3897,17.663,2588
"2026-09-09 18:00:00","2026-09-10 09:00:00","CAPE","surface",-72.3658,17.663,2578
"2026-09-09 18:00:00","2026-09-10 09:00:00","CAPE","surface",-72.3419,17.663,2578
"2026-09-09 18:00:00","2026-09-10 09:00:00","CAPE","surface",-72.318,17.663,2531
"2026-09-09 18:00:00","2026-09-10 09:00:00","CAPE","surface",-72.294,17.663,2492
"2026-09-09 18:00:00","2026-09-10 09:00:00","CAPE","surface",-72.2701,17.663,2532
"2026-09-09 18:00:00","2026-09-10 09:00:00","CAPE","surface",-72.2462,17.663,2499
"2026-09-09 18:00:00","2026-09-10 09:00:00","CAPE","surface",-72.2223,17.663,2542
"2026-09-09 18:00:00","2026-09-10 09:00:00","CAPE","surface",-72.1983,17.663,2427
"2026-09-09 18:00:00","2026-09-10 09:00:00","CAPE","surface",-72.1744,17.663,2466
"2026-09-09 18:00:00","2026-09-10 09:00:00","CAPE","surface",-72.1505,17.663,2388
"2026-09-09 18:00:00","2026-09-10 09:00:00","CAPE","surface",-72.1266,17.663,2417
"2026-09-09 18:00:00","2026-09-10 09:00:00","CAPE","surface",-72.1026,17.663,2340
"2026-09-09 18:00:00","2026-09-10 09:00:00","CAPE","surface",-72.0787,17.663,2340
"2026-09-09 18:00:00","2026-09-10 09:00:00","CAPE","surface",-72.0548,17.663,2261
"2026-09-09 18:00:00","2026-09-10 09:00:00","CAPE","surface",-72.0309,17.663,2279
"2026-09-09 18:00:00","2026-09-10 09:00:00","CAPE","surface",-72.0069,17.663,2226
"2026-09-09 18:00:00","2026-09-10 09:00:00","CAPE","surface",-71.983,17.663,2273
"2026-09-09 18:00:00","2026-09-10 09:00:00","CAPE","surface",-71.9591,17.663,2191
"2026-09-09 18:00:00","2026-09-10 09:00:00","CAPE","surface",-71.9352,17.663,2161
"2026-09-09 18:00:00","2026-09-10 09:00:00","CAPE","surface",-71.9112,17.663,2241
"2026-09-09 18:00:00","2026-09-10 09:00:00","CAPE","surface",-71.8873,17.663,2217
"2026-09-09 18:00:00","2026-09-10 09:00:00","CAPE","surface",-71.8634,17.663,2290
"2026-09-09 18:00:00","2026-09-10 09:00:00","CAPE","surface",-71.8395,17.663,2209
"2026-09-09 18:00:00","2026-09-10 09:00:00","CAPE","surface",-71.8155,17.663,2292
"2026-09-09 18:00:00","2026-09-10 09:00:00","CAPE","surface",-71.7916,17.663,2267
"2026-09-09 18:00:00","2026-09-10 09:00:00","CAPE","surface",-71.7677,17.663,2313
"2026-09-09 18:00:00","2026-09-10 09:00:00","CAPE","surface",-71.7438,17.663,2293
"2026-09-09 18:00:00","2026-09-10 09:00:00","CAPE","surface",-71.7198,17.663,2329
"2026-09-09 18:00:00","2026-09-10 09:00:00","CAPE","surface",-71.6959,17.663,2266
"2026-09-09 18:00:00","2026-09-10 09:00:00","CAPE","surface",-71.672,17.663,2256
"2026-09-09 18:00:00","2026-09-10 09:00:00","CAPE","surface",-71.6481,17.663,2336
"2026-09-09 18:00:00","2026-09-10 09:00:00","CAPE","surface",-71.6241,17.663,2359
"2026-09-09 18:00:00","2026-09-10 09:00:00","CAPE","surface",-71.6002,17.663,2447
"2026-09-09 18:00:00","2026-09-10 09:00:00","CAPE","surface",-71.5763,17.663,2363
"2026-09-09 18:00:00","2026-09-10 09:00:00","CAPE","surface",-71.5524,17.663,2429
"2026-09-09 18:00:00","2026-09-10 09:00:00","CAPE","surface",-71.5284,17.663,2380
"2026-09-09 18:00:00","2026-09-10 09:00:00","CAPE","surface",-71.5045,17.663,2381
"2026-09-09 18:00:00","2026-09-10 09:00:00","CAPE","surface",-71.4806,17.663,2208
"2026-09-09 18:00:00","2026-09-10 09:00:00","CAPE","surface",-71.4567,17.663,2208
"2026-09-09 18:00:00","2026-09-10 09:00:00","CAPE","surface",-71.4327,17.663,2079
"2026-09-09 18:00:00","2026-09-10 09:00:00","CAPE","surface",-71.4088,17.663,2146
"2026-09-09 18:00:00","2026-09-10 09:00:00","CAPE","surface",-71.3849,17.663,2375
"2026-09-09 18:00:00","2026-09-10 09:00:00","CAPE","surface",-71.361,17.663,2553
"2026-09-09 18:00:00","2026-09-10 09:00:00","CAPE","surface",-71.337,17.663,2553
"2026-09-09 18:00:00","2026-09-10 09:00:00","CAPE","surface",-71.3131,17.663,2527
"2026-09-09 18:00:00","2026-09-10 09:00:00","CAPE","surface",-71.2892,17.663,2583
"2026-09-09 18:00:00","2026-09-10 09:00:00","CAPE","surface",-71.2653,17.663,2658
"2026-09-09 18:00:00","2026-09-10 09:00:00","CAPE","surface",-71.2413,17.663,2844
"2026-09-09 18:00:00","2026-09-10 09:00:00","CAPE","surface",-71.2174,17.663,2721
"2026-09-09 18:00:00","2026-09-10 09:00:00","CAPE","surface",-71.1935,17.663,2918
"2026-09-09 18:00:00","2026-09-10 09:00:00","CAPE","surface",-71.1696,17.663,2995
"2026-09-09 18:00:00","2026-09-10 09:00:00","CAPE","surface",-71.1456,17.663,3116
"2026-09-09 18:00:00","2026-09-10 09:00:00","CAPE","surface",-71.1217,17.663,3113
"2026-09-09 18:00:00","2026-09-10 09:00:00","CAPE","surface",-71.0978,17.663,3039
"2026-09-09 18:00:00","2026-09-10 09:00:00","CAPE","surface",-71.0739,17.663,3046
"2026-09-09 18:00:00","2026-09-10 09:00:00","CAPE","surface",-71.0499,17.663,3041
"2026-09-09 18:00:00","2026-09-10 09:00:00","CAPE","surface",-71.026,17.663,2922
"2026-09-09 18:00:00","2026-09-10 09:00:00","CAPE","surface",-71.0021,17.663,2932
"2026-09-09 18:00:00","2026-09-10 09:00:00","CAPE","surface",-70.9782,17.663,2932
"2026-09-09 18:00:00","2026-09-10 09:00:00","CAPE","surface",-70.9542,17.663,2968
"2026-09-09 18:00:00","2026-09-10 09:00:00","CAPE","surface",-70.9303,17.663,2906
"2026-09-09 18:00:00","2026-09-10 09:00:00","CAPE","surface",-70.9064,17.663,2941
"2026-09-09 18:00:00","2026-09-10 09:00:00","CAPE","surface",-70.8825,17.663,2901
"2026-09-09 18:00:00","2026-09-10 09:00:00","CAPE","surface",-70.8585,17.663,2971
"2026-09-09 18:00:00","2026-09-10 09:00:00","CAPE","surface",-70.8346,17.663,2995
"2026-09-09 18:00:00","2026-09-10 09:00:00","CAPE","surface",-70.8107,17.663,2986
"2026-09-09 18:00:00","2026-09-10 09:00:00","CAPE","surface",-70.7868,17.663,2955
"2026-09-09 18:00:00","2026-09-10 09:00:00","CAPE","surface",-70.7628,17.663,2907
"2026-09-09 18:00:00","2026-09-10 09:00:00","CAPE","surface",-70.7389,17.663,2936
"2026-09-09 18:00:00","2026-09-10 09:00:00","CAPE","surface",-70.715,17.663,2904
"2026-09-09 18:00:00","2026-09-10 09:00:00","CAPE","surface",-70.6911,17.663,2926
"2026-09-09 18:00:00","2026-09-10 09:00:00","CAPE","surface",-70.6671,17.663,2808
"2026-09-09 18:00:00","2026-09-10 09:00:00","CAPE","surface",-70.6432,17.663,2801
"2026-09-09 18:00:00","2026-09-10 09:00:00","CAPE","surface",-70.6193,17.663,2860
"2026-09-09 18:00:00","2026-09-10 09:00:00","CAPE","surface",-70.5954,17.663,2776
"2026-09-09 18:00:00","2026-09-10 09:00:00","CAPE","surface",-70.5714,17.663,2759
"2026-09-09 18:00:00","2026-09-10 09:00:00","CAPE","surface",-70.5475,17.663,2754
"2026-09-09 18:00:00","2026-09-10 09:00:00","CAPE","surface",-70.5236,17.663,2760
"2026-09-09 18:00:00","2026-09-10 09:00:00","CAPE","surface",-70.4997,17.663,2736
"2026-09-09 18:00:00","2026-09-10 09:00:00","CAPE","surface",-70.4757,17.663,2703
"2026-09-09 18:00:00","2026-09-10 09:00:00","CAPE","surface",-70.4518,17.663,2599
"2026-09-09 18:00:00","2026-09-10 09:00:00","CAPE","surface",-70.4279,17.663,2524
"2026-09-09 18:00:00","2026-09-10 09:00:00","CAPE","surface",-70.404,17.663,2524
"2026-09-09 18:00:00","2026-09-10 09:00:00","CAPE","surface",-70.38,17.663,2500
"2026-09-09 18:00:00","2026-09-10 09:00:00","CAPE","surface",-70.3561,17.663,2560
"2026-09-09 18:00:00","2026-09-10 09:00:00","CAPE","surface",-70.3322,17.663,2555
"2026-09-09 18:00:00","2026-09-10 09:00:00","CAPE","surface",-70.3083,17.663,2593
"2026-09-09 18:00:00","2026-09-10 09:00:00","CAPE","surface",-70.2843,17.663,2593
"2026-09-09 18:00:00","2026-09-10 09:00:00","CAPE","surface",-70.2604,17.663,2582
"2026-09-09 18:00:00","2026-09-10 09:00:00","CAPE","surface",-70.2365,17.663,2566
"2026-09-09 18:00:00","2026-09-10 09:00:00","CAPE","surface",-70.2126,17.663,2531
"2026-09-09 18:00:00","2026-09-10 09:00:00","CAPE","surface",-70.1886,17.663,2513
"2026-09-09 18:00:00","2026-09-10 09:00:00","CAPE","surface",-70.1647,17.663,2536
"2026-09-09 18:00:00","2026-09-10 09:00:00","CAPE","surface",-70.1408,17.663,2640
"2026-09-09 18:00:00","2026-09-10 09:00:00","CAPE","surface",-70.1169,17.663,2729
"2026-09-09 18:00:00","2026-09-10 09:00:00","CAPE","surface",-70.0929,17.663,2896
"2026-09-09 18:00:00","2026-09-10 09:00:00","CAPE","surface",-70.069,17.663,2848
"2026-09-09 18:00:00","2026-09-10 09:00:00","CAPE","surface",-70.0451,17.663,2836
"2026-09-09 18:00:00","2026-09-10 09:00:00","CAPE","surface",-70.0212,17.663,2647
"2026-09-09 18:00:00","2026-09-10 09:00:00","CAPE","surface",-69.9972,17.663,2368
"2026-09-09 18:00:00","2026-09-10 09:00:00","CAPE","surface",-69.9733,17.663,2285
"2026-09-09 18:00:00","2026-09-10 09:00:00","CAPE","surface",-69.9494,17.663,2309
"2026-09-09 18:00:00","2026-09-10 09:00:00","CAPE","surface",-69.9255,17.663,2361
"2026-09-09 18:00:00","2026-09-10 09:00:00","CAPE","surface",-69.9015,17.663,2340
"2026-09-09 18:00:00","2026-09-10 09:00:00","CAPE","surface",-69.8776,17.663,2324
"2026-09-09 18:00:00","2026-09-10 09:00:00","CAPE","surface",-69.8537,17.663,2325
"2026-09-09 18:00:00","2026-09-10 09:00:00","CAPE","surface",-69.8298,17.663,2314
"2026-09-09 18:00:00","2026-09-10 09:00:00","CAPE","surface",-69.8058,17.663,2352
"2026-09-09 18:00:00","2026-09-10 09:00:00","CAPE","surface",-69.7819,17.663,2344
"2026-09-09 18:00:00","2026-09-10 09:00:00","CAPE","surface",-69.758,17.663,2360
"2026-09-09 18:00:00","2026-09-10 09:00:00","CAPE","surface",-69.7341,17.663,2387
"2026-09-09 18:00:00","2026-09-10 09:00:00","CAPE","surface",-69.7101,17.663,2406
"2026-09-09 18:00:00","2026-09-10 09:00:00","CAPE","surface",-69.6862,17.663,2426
"2026-09-09 18:00:00","2026-09-10 09:00:00","CAPE","surface",-69.6623,17.663,2440
"2026-09-09 18:00:00","2026-09-10 09:00:00","CAPE","surface",-69.6384,17.663,2473
"2026-09-09 18:00:00","2026-09-10 09:00:00","CAPE","surface",-69.6144,17.663,2482
"2026-09-09 18:00:00","2026-09-10 09:00:00","CAPE","surface",-69.5905,17.663,2506
"2026-09-09 18:00:00","2026-09-10 09:00:00","CAPE","surface",-69.5666,17.663,2508
"2026-09-09 18:00:00","2026-09-10 09:00:00","CAPE","surface",-69.5427,17.663,2533
"2026-09-09 18:00:00","2026-09-10 09:00:00","CAPE","surface",-69.5187,17.663,2711
"2026-09-09 18:00:00","2026-09-10 09:00:00","CAPE","surface",-69.4948,17.663,2762
"2026-09-09 18:00:00","2026-09-10 09:00:00","CAPE","surface",-69.4709,17.663,2712
"2026-09-09 18:00:00","2026-09-10 09:00:00","CAPE","surface",-69.447,17.663,2338
"2026-09-09 18:00:00","2026-09-10 09:00:00","CAPE","surface",-69.423,17.663,2233
"2026-09-09 18:00:00","2026-09-10 09:00:00","CAPE","surface",-69.3991,17.663,2225
"2026-09-09 18:00:00","2026-09-10 09:00:00","CAPE","surface",-69.3752,17.663,2225
"2026-09-09 18:00:00","2026-09-10 09:00:00","CAPE","surface",-69.3513,17.663,2285
"2026-09-09 18:00:00","2026-09-10 09:00:00","CAPE","surface",-69.3273,17.663,2278
"2026-09-09 18:00:00","2026-09-10 09:00:00","CAPE","surface",-69.3034,17.663,2263
"2026-09-09 18:00:00","2026-09-10 09:00:00","CAPE","surface",-69.2795,17.663,2238
"2026-09-09 18:00:00","2026-09-10 09:00:00","CAPE","surface",-69.2556,17.663,2260
"2026-09-09 18:00:00","2026-09-10 09:00:00","CAPE","surface",-69.2316,17.663,2263
"2026-09-09 18:00:00","2026-09-10 09:00:00","CAPE","surface",-69.2077,17.663,2265
"2026-09-09 18:00:00","2026-09-10 09:00:00","CAPE","surface",-69.1838,17.663,2222
"2026-09-09 18:00:00","2026-09-10 09:00:00","CAPE","surface",-69.1599,17.663,2222
"2026-09-09 18:00:00","2026-09-10 09:00:00","CAPE","surface",-69.1359,17.663,2153
"2026-09-09 18:00:00","2026-09-10 09:00:00","CAPE","surface",-69.112,17.663,2123
"2026-09-09 18:00:00","2026-09-10 09:00:00","CAPE","surface",-69.0881,17.663,2128
"2026-09-09 18:00:00","2026-09-10 09:00:00","CAPE","surface",-69.0642,17.663,2215
"2026-09-09 18:00:00","2026-09-10 09:00:00","CAPE","surface",-69.0402,17.663,2290
"2026-09-09 18:00:00","2026-09-10 09:00:00","CAPE","surface",-69.0163,17.663,2543
"2026-09-09 18:00:00","2026-09-10 09:00:00","CAPE","surface",-68.9924,17.663,2604
"2026-09-09 18:00:00","2026-09-10 09:00:00","CAPE","surface",-68.9685,17.663,2722
"2026-09-09 18:00:00","2026-09-10 09:00:00","CAPE","surface",-68.9445,17.663,2722
"2026-09-09 18:00:00","2026-09-10 09:00:00","CAPE","surface",-68.9206,17.663,2741
"2026-09-09 18:00:00","2026-09-10 09:00:00","CAPE","surface",-68.8967,17.663,2623
"2026-09-09 18:00:00","2026-09-10 09:00:00","CAPE","surface",-68.8728,17.663,2604
"2026-09-09 18:00:00","2026-09-10 09:00:00","CAPE","surface",-68.8488,17.663,2522
"2026-09-09 18:00:00","2026-09-10 09:00:00","CAPE","surface",-68.8249,17.663,2504
"2026-09-09 18:00:00","2026-09-10 09:00:00","CAPE","surface",-68.801,17.663,2494
"2026-09-09 18:00:00","2026-09-10 09:00:00","CAPE","surface",-68.7771,17.663,2462
"2026-09-09 18:00:00","2026-09-10 09:00:00","CAPE","surface",-68.7531,17.663,2541
"2026-09-09 18:00:00","2026-09-10 09:00:00","CAPE","surface",-68.7292,17.663,2805
"2026-09-09 18:00:00","2026-09-10 09:00:00","CAPE","surface",-68.7053,17.663,2813
"2026-09-09 18:00:00","2026-09-10 09:00:00","CAPE","surface",-68.6813,17.663,3130
"2026-09-09 18:00:00","2026-09-10 09:00:00","CAPE","surface",-68.6574,17.663,3146
"2026-09-09 18:00:00","2026-09-10 09:00:00","CAPE","surface",-68.6335,17.663,3252
"2026-09-09 18:00:00","2026-09-10 09:00:00","CAPE","surface",-68.6096,17.663,3158
"2026-09-09 18:00:00","2026-09-10 09:00:00","CAPE","surface",-68.5856,17.663,2577
"2026-09-09 18:00:00","2026-09-10 09:00:00","CAPE","surface",-68.5617,17.663,2172
"2026-09-09 18:00:00","2026-09-10 09:00:00","CAPE","surface",-68.5378,17.663,2083
"2026-09-09 18:00:00","2026-09-10 09:00:00","CAPE","surface",-68.5139,17.663,2020
"2026-09-09 18:00:00","2026-09-10 09:00:00","CAPE","surface",-68.4899,17.663,1997
"2026-09-09 18:00:00","2026-09-10 09:00:00","CAPE","surface",-68.466,17.663,2017
"2026-09-09 18:00:00","2026-09-10 09:00:00","CAPE","surface",-68.4421,17.663,2058
"2026-09-09 18:00:00","2026-09-10 09:00:00","CAPE","surface",-68.4182,17.663,2106
"2026-09-09 18:00:00","2026-09-10 09:00:00","CAPE","surface",-68.3942,17.663,2370
"2026-09-09 18:00:00","2026-09-10 09:00:00","CAPE","surface",-68.3703,17.663,2424
"2026-09-09 18:00:00","2026-09-10 09:00:00","CAPE","surface",-68.3464,17.663,2649
"2026-09-09 18:00:00","2026-09-10 09:00:00","CAPE","surface",-68.3225,17.663,2649
"2026-09-09 18:00:00","2026-09-10 09:00:00","CAPE","surface",-68.2985,17.663,2775
"2026-09-09 18:00:00","2026-09-10 09:00:00","CAPE","surface",-68.2746,17.663,2807
"2026-09-09 18:00:00","2026-09-10 09:00:00","CAPE","surface",-68.2507,17.663,2808
"2026-09-09 18:00:00","2026-09-10 09:00:00","CAPE","surface",-68.2268,17.663,2815
"2026-09-09 18:00:00","2026-09-10 09:00:00","CAPE","surface",-68.2028,17.663,2687
"2026-09-09 18:00:00","2026-09-10 09:00:00","CAPE","surface",-68.1789,17.663,2580
"2026-09-09 18:00:00","2026-09-10 09:00:00","CAPE","surface",-68.155,17.663,2538
"2026-09-09 18:00:00","2026-09-10 09:00:00","CAPE","surface",-68.1311,17.663,2449
"2026-09-09 18:00:00","2026-09-10 09:00:00","CAPE","surface",-68.1071,17.663,2449
"2026-09-09 18:00:00","2026-09-10 09:00:00","CAPE","surface",-68.0832,17.663,2217
"2026-09-09 18:00:00","2026-09-10 09:00:00","CAPE","surface",-68.0593,17.663,1914
"2026-09-09 18:00:00","2026-09-10 09:00:00","CAPE","surface",-68.0354,17.663,1733
"2026-09-09 18:00:00","2026-09-10 09:00:00","CAPE","surface",-68.0114,17.663,2124
"2026-09-09 18:00:00","2026-09-10 09:00:00","CAPE","surface",-67.9875,17.663,1981
"2026-09-09 18:00:00","2026-09-10 09:00:00","CAPE","surface",-67.9636,17.663,2313
"2026-09-09 18:00:00","2026-09-10 09:00:00","CAPE","surface",-67.9397,17.663,2327
"2026-09-09 18:00:00","2026-09-10 09:00:00","CAPE","surface",-67.9157,17.663,2519
"2026-09-09 18:00:00","2026-09-10 09:00:00","CAPE","surface",-67.8918,17.663,2519
"2026-09-09 18:00:00","2026-09-10 09:00:00","CAPE","surface",-67.8679,17.663,2696
"2026-09-09 18:00:00","2026-09-10 09:00:00","CAPE","surface",-67.844,17.663,2889
"2026-09-09 18:00:00","2026-09-10 09:00:00","CAPE","surface",-67.82,17.663,2921
"2026-09-09 18:00:00","2026-09-10 09:00:00","CAPE","surface",-67.7961,17.663,3031
"2026-09-09 18:00:00","2026-09-10 09:00:00","CAPE","surface",-67.7722,17.663,3023
"2026-09-09 18:00:00","2026-09-10 09:00:00","CAPE","surface",-67.7483,17.663,3062
"2026-09-09 18:00:00","2026-09-10 09:00:00","CAPE","surface",-67.7243,17.663,3034
"2026-09-09 18:00:00","2026-09-10 09:00:00","CAPE","surface",-67.7004,17.663,3143
"2026-09-09 18:00:00","2026-09-10 09:00:00","CAPE","surface",-67.6765,17.663,3291
"2026-09-09 18:00:00","2026-09-10 09:00:00","CAPE","surface",-67.6526,17.663,3321
"2026-09-09 18:00:00","2026-09-10 09:00:00","CAPE","surface",-67.6286,17.663,3422
"2026-09-09 18:00:00","2026-09-10 09:00:00","CAPE","surface",-67.6047,17.663,2777
"2026-09-09 18:00:00","2026-09-10 09:00:00","CAPE","surface",-67.5808,17.663,2098
"2026-09-09 18:00:00","2026-09-10 09:00:00","CAPE","surface",-67.5569,17.663,1607
"2026-09-09 18:00:00","2026-09-10 09:00:00","CAPE","surface",-67.5329,17.663,1612
"2026-09-09 18:00:00","2026-09-10 09:00:00","CAPE","surface",-67.509,17.663,1470
"2026-09-09 18:00:00","2026-09-10 09:00:00","CAPE","surface",-67.4851,17.663,1470
"2026-09-09 18:00:00","2026-09-10 09:00:00","CAPE","surface",-67.4612,17.663,1417
"2026-09-09 18:00:00","2026-09-10 09:00:00","CAPE","surface",-67.4372,17.663,1524
"2026-09-09 18:00:00","2026-09-10 09:00:00","CAPE","surface",-67.4133,17.663,1823
"2026-09-09 18:00:00","2026-09-10 09:00:00","CAPE","surface",-67.3894,17.663,1823
"2026-09-09 18:00:00","2026-09-10 09:00:00","CAPE","surface",-67.3655,17.663,2089
"2026-09-09 18:00:00","2026-09-10 09:00:00","CAPE","surface",-67.3415,17.663,2279
"2026-09-09 18:00:00","2026-09-10 09:00:00","CAPE","surface",-67.3176,17.663,2399
"2026-09-09 18:00:00","2026-09-10 09:00:00","CAPE","surface",-67.2937,17.663,2398
"2026-09-09 18:00:00","2026-09-10 09:00:00","CAPE","surface",-67.2698,17.663,2435
"2026-09-09 18:00:00","2026-09-10 09:00:00","CAPE","surface",-67.2458,17.663,2473
"2026-09-09 18:00:00","2026-09-10 09:00:00","CAPE","surface",-67.2219,17.663,2573
"2026-09-09 18:00:00","2026-09-10 09:00:00","CAPE","surface",-67.198,17.663,2573
"2026-09-09 18:00:00","2026-09-10 09:00:00","CAPE","surface",-67.1741,17.663,2715
"2026-09-09 18:00:00","2026-09-10 09:00:00","CAPE","surface",-67.1501,17.663,2730
"2026-09-09 18:00:00","2026-09-10 09:00:00","CAPE","surface",-67.1262,17.663,2865
"2026-09-09 18:00:00","2026-09-10 09:00:00","CAPE","surface",-67.1023,17.663,2850
"2026-09-09 18:00:00","2026-09-10 09:00:00","CAPE","surface",-67.0784,17.663,3144
"2026-09-09 18:00:00","2026-09-10 09:00:00","CAPE","surface",-67.0544,17.663,3451
"2026-09-09 18:00:00","2026-09-10 09:00:00","CAPE","surface",-67.0305,17.663,3433
"2026-09-09 18:00:00","2026-09-10 09:00:00","CAPE","surface",-67.0066,17.663,3256
"2026-09-09 18:00:00","2026-09-10 09:00:00","CAPE","surface",-74.7822,17.6858,2312
"2026-09-09 18:00:00","2026-09-10 09:00:00","CAPE","surface",-74.7583,17.6858,2393
"2026-09-09 18:00:00","2026-09-10 09:00:00","CAPE","surface",-74.7344,17.6858,2393
"2026-09-09 18:00:00","2026-09-10 09:00:00","CAPE","surface",-74.7105,17.6858,2401
"2026-09-09 18:00:00","2026-09-10 09:00:00","CAPE","surface",-74.6865,17.6858,2252
"2026-09-09 18:00:00","2026-09-10 09:00:00","CAPE","surface",-74.6626,17.6858,2241
"2026-09-09 18:00:00","2026-09-10 09:00:00","CAPE","surface",-74.6387,17.6858,2216
"2026-09-09 18:00:00","2026-09-10 09:00:00","CAPE","surface",-74.6148,17.6858,2331
"2026-09-09 18:00:00","2026-09-10 09:00:00","CAPE","surface",-74.5908,17.6858,2273
"2026-09-09 18:00:00","2026-09-10 09:00:00","CAPE","surface",-74.5669,17.6858,2323
"2026-09-09 18:00:00","2026-09-10 09:00:00","CAPE","surface",-74.543,17.6858,2249
"2026-09-09 18:00:00","2026-09-10 09:00:00","CAPE","surface",-74.5191,17.6858,2294
"2026-09-09 18:00:00","2026-09-10 09:00:00","CAPE","surface",-74.4951,17.6858,2311
"2026-09-09 18:00:00","2026-09-10 09:00:00","CAPE","surface",-74.4712,17.6858,2400
"2026-09-09 18:00:00","2026-09-10 09:00:00","CAPE","surface",-74.4473,17.6858,2472
"2026-09-09 18:00:00","2026-09-10 09:00:00","CAPE","surface",-74.4234,17.6858,2492
"2026-09-09 18:00:00","2026-09-10 09:00:00","CAPE","surface",-74.3994,17.6858,2376
"2026-09-09 18:00:00","2026-09-10 09:00:00","CAPE","surface",-74.3755,17.6858,2254
"2026-09-09 18:00:00","2026-09-10 09:00:00","CAPE","surface",-74.3516,17.6858,2099
"2026-09-09 18:00:00","2026-09-10 09:00:00","CAPE","surface",-74.3277,17.6858,2162
"2026-09-09 18:00:00","2026-09-10 09:00:00","CAPE","surface",-74.3037,17.6858,2186
"2026-09-09 18:00:00","2026-09-10 09:00:00","CAPE","surface",-74.2798,17.6858,2268
"2026-09-09 18:00:00","2026-09-10 09:00:00","CAPE","surface",-74.2559,17.6858,2355
"2026-09-09 18:00:00","2026-09-10 09:00:00","CAPE","surface",-74.232,17.6858,2467
"2026-09-09 18:00:00","2026-09-10 09:00:00","CAPE","surface",-74.208,17.6858,2447
"2026-09-09 18:00:00","2026-09-10 09:00:00","CAPE","surface",-74.1841,17.6858,2579
"2026-09-09 18:00:00","2026-09-10 09:00:00","CAPE","surface",-74.1602,17.6858,2579
"2026-09-09 18:00:00","2026-09-10 09:00:00","CAPE","surface",-74.1363,17.6858,2633
"2026-09-09 18:00:00","2026-09-10 09:00:00","CAPE","surface",-74.1123,17.6858,2544
"2026-09-09 18:00:00","2026-09-10 09:00:00","CAPE","surface",-74.0884,17.6858,2528
"2026-09-09 18:00:00","2026-09-10 09:00:00","CAPE","surface",-74.0645,17.6858,2513
"2026-09-09 18:00:00","2026-09-10 09:00:00","CAPE","surface",-74.0406,17.6858,2549
"2026-09-09 18:00:00","2026-09-10 09:00:00","CAPE","surface",-74.0166,17.6858,2549
"2026-09-09 18:00:00","2026-09-10 09:00:00","CAPE","surface",-73.9927,17.6858,2648
"2026-09-09 18:00:00","2026-09-10 09:00:00","CAPE","surface",-73.9688,17.6858,2726
"2026-09-09 18:00:00","2026-09-10 09:00:00","CAPE","surface",-73.9449,17.6858,2812
"2026-09-09 18:00:00","2026-09-10 09:00:00","CAPE","surface",-73.9209,17.6858,2877
"2026-09-09 18:00:00","2026-09-10 09:00:00","CAPE","surface",-73.897,17.6858,3015
"2026-09-09 18:00:00","2026-09-10 09:00:00","CAPE","surface",-73.8731,17.6858,3015
"2026-09-09 18:00:00","2026-09-10 09:00:00","CAPE","surface",-73.8492,17.6858,3014
"2026-09-09 18:00:00","2026-09-10 09:00:00","CAPE","surface",-73.8252,17.6858,3010
"2026-09-09 18:00:00","2026-09-10 09:00:00","CAPE","surface",-73.8013,17.6858,2567
"2026-09-09 18:00:00","2026-09-10 09:00:00","CAPE","surface",-73.7774,17.6858,2587
"2026-09-09 18:00:00","2026-09-10 09:00:00","CAPE","surface",-73.7535,17.6858,2452
"2026-09-09 18:00:00","2026-09-10 09:00:00","CAPE","surface",-73.7295,17.6858,2452
"2026-09-09 18:00:00","2026-09-10 09:00:00","CAPE","surface",-73.7056,17.6858,2492
"2026-09-09 18:00:00","2026-09-10 09:00:00","CAPE","surface",-73.6817,17.6858,2503
"2026-09-09 18:00:00","2026-09-10 09:00:00","CAPE","surface",-73.6578,17.6858,2433
"2026-09-09 18:00:00","2026-09-10 09:00:00","CAPE","surface",-73.6338,17.6858,2327
"2026-09-09 18:00:00","2026-09-10 09:00:00","CAPE","surface",-73.6099,17.6858,2327
"2026-09-09 18:00:00","2026-09-10 09:00:00","CAPE","surface",-73.586,17.6858,2286
"2026-09-09 18:00:00","2026-09-10 09:00:00","CAPE","surface",-73.5621,17.6858,2329
"2026-09-09 18:00:00","2026-09-10 09:00:00","CAPE","surface",-73.5381,17.6858,2331
"2026-09-09 18:00:00","2026-09-10 09:00:00","CAPE","surface",-73.5142,17.6858,2350
"2026-09-09 18:00:00","2026-09-10 09:00:00","CAPE","surface",-73.4903,17.6858,2271
"2026-09-09 18:00:00","2026-09-10 09:00:00","CAPE","surface",-73.4664,17.6858,2271
"2026-09-09 18:00:00","2026-09-10 09:00:00","CAPE","surface",-73.4424,17.6858,2246
"2026-09-09 18:00:00","2026-09-10 09:00:00","CAPE","surface",-73.4185,17.6858,2265
"2026-09-09 18:00:00","2026-09-10 09:00:00","CAPE","surface",-73.3946,17.6858,2268
"2026-09-09 18:00:00","2026-09-10 09:00:00","CAPE","surface",-73.3707,17.6858,2276
"2026-09-09 18:00:00","2026-09-10 09:00:00","CAPE","surface",-73.3467,17.6858,2285
"2026-09-09 18:00:00","2026-09-10 09:00:00","CAPE","surface",-73.3228,17.6858,2285
"2026-09-09 18:00:00","2026-09-10 09:00:00","CAPE","surface",-73.2989,17.6858,2317
"2026-09-09 18:00:00","2026-09-10 09:00:00","CAPE","surface",-73.275,17.6858,2315
"2026-09-09 18:00:00","2026-09-10 09:00:00","CAPE","surface",-73.251,17.6858,2329
"2026-09-09 18:00:00","2026-09-10 09:00:00","CAPE","surface",-73.2271,17.6858,2299
"2026-09-09 18:00:00","2026-09-10 09:00:00","CAPE","surface",-73.2032,17.6858,2299
"2026-09-09 18:00:00","2026-09-10 09:00:00","CAPE","surface",-73.1793,17.6858,2299
"2026-09-09 18:00:00","2026-09-10 09:00:00","CAPE","surface",-73.1553,17.6858,2325
"2026-09-09 18:00:00","2026-09-10 09:00:00","CAPE","surface",-73.1314,17.6858,2379
"2026-09-09 18:00:00","2026-09-10 09:00:00","CAPE","surface",-73.1075,17.6858,2404
"2026-09-09 18:00:00","2026-09-10 09:00:00","CAPE","surface",-73.0836,17.6858,2399
"2026-09-09 18:00:00","2026-09-10 09:00:00","CAPE","surface",-73.0596,17.6858,2399
"2026-09-09 18:00:00","2026-09-10 09:00:00","CAPE","surface",-73.0357,17.6858,2353
"2026-09-09 18:00:00","2026-09-10 09:00:00","CAPE","surface",-73.0118,17.6858,2312
"2026-09-09 18:00:00","2026-09-10 09:00:00","CAPE","surface",-72.9879,17.6858,2324
"2026-09-09 18:00:00","2026-09-10 09:00:00","CAPE","surface",-72.9639,17.6858,2328
"2026-09-09 18:00:00","2026-09-10 09:00:00","CAPE","surface",-72.94,17.6858,2376
"2026-09-09 18:00:00","2026-09-10 09:00:00","CAPE","surface",-72.9161,17.6858,2376
"2026-09-09 18:00:00","2026-09-10 09:00:00","CAPE","surface",-72.8922,17.6858,2410
"2026-09-09 18:00:00","2026-09-10 09:00:00","CAPE","surface",-72.8682,17.6858,2400
"2026-09-09 18:00:00","2026-09-10 09:00:00","CAPE","surface",-72.8443,17.6858,2393
"2026-09-09 18:00:00","2026-09-10 09:00:00","CAPE","surface",-72.8204,17.6858,2403
"2026-09-09 18:00:00","2026-09-10 09:00:00","CAPE","surface",-72.7965,17.6858,2403
"2026-09-09 18:00:00","2026-09-10 09:00:00","CAPE","surface",-72.7725,17.6858,2404
"2026-09-09 18:00:00","2026-09-10 09:00:00","CAPE","surface",-72.7486,17.6858,2411
"2026-09-09 18:00:00","2026-09-10 09:00:00","CAPE","surface",-72.7247,17.6858,2414
"2026-09-09 18:00:00","2026-09-10 09:00:00","CAPE","surface",-72.7008,17.6858,2420
"2026-09-09 18:00:00","2026-09-10 09:00:00","CAPE","surface",-72.6768,17.6858,2418
"2026-09-09 18:00:00","2026-09-10 09:00:00","CAPE","surface",-72.6529,17.6858,2430
"2026-09-09 18:00:00","2026-09-10 09:00:00","CAPE","surface",-72.629,17.6858,2455
"2026-09-09 18:00:00","2026-09-10 09:00:00","CAPE","surface",-72.6051,17.6858,2458
"2026-09-09 18:00:00","2026-09-10 09:00:00","CAPE","surface",-72.5811,17.6858,2505
"2026-09-09 18:00:00","2026-09-10 09:00:00","CAPE","surface",-72.5572,17.6858,2515
"2026-09-09 18:00:00","2026-09-10 09:00:00","CAPE","surface",-72.5333,17.6858,2528
"2026-09-09 18:00:00","2026-09-10 09:00:00","CAPE","surface",-72.5094,17.6858,2537
"2026-09-09 18:00:00","2026-09-10 09:00:00","CAPE","surface",-72.4854,17.6858,2562
"2026-09-09 18:00:00","2026-09-10 09:00:00","CAPE","surface",-72.4615,17.6858,2515
"2026-09-09 18:00:00","2026-09-10 09:00:00","CAPE","surface",-72.4376,17.6858,2528
"2026-09-09 18:00:00","2026-09-10 09:00:00","CAPE","surface",-72.4137,17.6858,2450
"2026-09-09 18:00:00","2026-09-10 09:00:00","CAPE","surface",-72.3897,17.6858,2494
"2026-09-09 18:00:00","2026-09-10 09:00:00","CAPE","surface",-72.3658,17.6858,2472
"2026-09-09 18:00:00","2026-09-10 09:00:00","CAPE","surface",-72.3419,17.6858,2508
"2026-09-09 18:00:00","2026-09-10 09:00:00","CAPE","surface",-72.318,17.6858,2449
"2026-09-09 18:00:00","2026-09-10 09:00:00","CAPE","surface",-72.294,17.6858,2492
"2026-09-09 18:00:00","2026-09-10 09:00:00","CAPE","surface",-72.2701,17.6858,2401
"2026-09-09 18:00:00","2026-09-10 09:00:00","CAPE","surface",-72.2462,17.6858,2448
"2026-09-09 18:00:00","2026-09-10 09:00:00","CAPE","surface",-72.2223,17.6858,2385
"2026-09-09 18:00:00","2026-09-10 09:00:00","CAPE","surface",-72.1983,17.6858,2427
"2026-09-09 18:00:00","2026-09-10 09:00:00","CAPE","surface",-72.1744,17.6858,2349
"2026-09-09 18:00:00","2026-09-10 09:00:00","CAPE","surface",-72.1505,17.6858,2349
"2026-09-09 18:00:00","2026-09-10 09:00:00","CAPE","surface",-72.1266,17.6858,2276
"2026-09-09 18:00:00","2026-09-10 09:00:00","CAPE","surface",-72.1026,17.6858,2211
"2026-09-09 18:00:00","2026-09-10 09:00:00","CAPE","surface",-72.0787,17.6858,2243
"2026-09-09 18:00:00","2026-09-10 09:00:00","CAPE","surface",-72.0548,17.6858,2169
"2026-09-09 18:00:00","2026-09-10 09:00:00","CAPE","surface",-72.0309,17.6858,2169
"2026-09-09 18:00:00","2026-09-10 09:00:00","CAPE","surface",-72.0069,17.6858,2095
"2026-09-09 18:00:00","2026-09-10 09:00:00","CAPE","surface",-71.983,17.6858,2130
"2026-09-09 18:00:00","2026-09-10 09:00:00","CAPE","surface",-71.9591,17.6858,2092
"2026-09-09 18:00:00","2026-09-10 09:00:00","CAPE","surface",-71.9352,17.6858,2161
"2026-09-09 18:00:00","2026-09-10 09:00:00","CAPE","surface",-71.9112,17.6858,2047
"2026-09-09 18:00:00","2026-09-10 09:00:00","CAPE","surface",-71.8873,17.6858,2132
"2026-09-09 18:00:00","2026-09-10 09:00:00","CAPE","surface",-71.8634,17.6858,2113
"2026-09-09 18:00:00","2026-09-10 09:00:00","CAPE","surface",-71.8395,17.6858,2209
"2026-09-09 18:00:00","2026-09-10 09:00:00","CAPE","surface",-71.8155,17.6858,2198
"2026-09-09 18:00:00","2026-09-10 09:00:00","CAPE","surface",-71.7916,17.6858,2064
"2026-09-09 18:00:00","2026-09-10 09:00:00","CAPE","surface",-71.7677,17.6858,2171
"2026-09-09 18:00:00","2026-09-10 09:00:00","CAPE","surface",-71.7438,17.6858,2140
"2026-09-09 18:00:00","2026-09-10 09:00:00","CAPE","surface",-71.7198,17.6858,2215
"2026-09-09 18:00:00","2026-09-10 09:00:00","CAPE","surface",-71.6959,17.6858,2168
"2026-09-09 18:00:00","2026-09-10 09:00:00","CAPE","surface",-71.672,17.6858,2256
"2026-09-09 18:00:00","2026-09-10 09:00:00","CAPE","surface",-71.6481,17.6858,2147
"2026-09-09 18:00:00","2026-09-10 09:00:00","CAPE","surface",-71.6241,17.6858,2255
"2026-09-09 18:00:00","2026-09-10 09:00:00","CAPE","surface",-71.6002,17.6858,2270
"2026-09-09 18:00:00","2026-09-10 09:00:00","CAPE","surface",-71.5763,17.6858,2363
"2026-09-09 18:00:00","2026-09-10 09:00:00","CAPE","surface",-71.5524,17.6858,2350
"2026-09-09 18:00:00","2026-09-10 09:00:00","CAPE","surface",-71.5284,17.6858,2230
"2026-09-09 18:00:00","2026-09-10 09:00:00","CAPE","surface",-71.5045,17.6858,2268
"2026-09-09 18:00:00","2026-09-10 09:00:00","CAPE","surface",-71.4806,17.6858,2072
"2026-09-09 18:00:00","2026-09-10 09:00:00","CAPE","surface",-71.4567,17.6858,2064
"2026-09-09 18:00:00","2026-09-10 09:00:00","CAPE","surface",-71.4327,17.6858,2112
"2026-09-09 18:00:00","2026-09-10 09:00:00","CAPE","surface",-71.4088,17.6858,2112
"2026-09-09 18:00:00","2026-09-10 09:00:00","CAPE","surface",-71.3849,17.6858,2257
"2026-09-09 18:00:00","2026-09-10 09:00:00","CAPE","surface",-71.361,17.6858,2475
"2026-09-09 18:00:00","2026-09-10 09:00:00","CAPE","surface",-71.337,17.6858,2566
"2026-09-09 18:00:00","2026-09-10 09:00:00","CAPE","surface",-71.3131,17.6858,2527
"2026-09-09 18:00:00","2026-09-10 09:00:00","CAPE","surface",-71.2892,17.6858,2551
"2026-09-09 18:00:00","2026-09-10 09:00:00","CAPE","surface",-71.2653,17.6858,2570
"2026-09-09 18:00:00","2026-09-10 09:00:00","CAPE","surface",-71.2413,17.6858,2598
"2026-09-09 18:00:00","2026-09-10 09:00:00","CAPE","surface",-71.2174,17.6858,2606
"2026-09-09 18:00:00","2026-09-10 09:00:00","CAPE","surface",-71.1935,17.6858,2774
"2026-09-09 18:00:00","2026-09-10 09:00:00","CAPE","surface",-71.1696,17.6858,2652
"2026-09-09 18:00:00","2026-09-10 09:00:00","CAPE","surface",-71.1456,17.6858,2877
"2026-09-09 18:00:00","2026-09-10 09:00:00","CAPE","surface",-71.1217,17.6858,2951
"2026-09-09 18:00:00","2026-09-10 09:00:00","CAPE","surface",-71.0978,17.6858,3039
"2026-09-09 18:00:00","2026-09-10 09:00:00","CAPE","surface",-71.0739,17.6858,3024
"2026-09-09 18:00:00","2026-09-10 09:00:00","CAPE","surface",-71.0499,17.6858,3024
"2026-09-09 18:00:00","2026-09-10 09:00:00","CAPE","surface",-71.026,17.6858,2993
"2026-09-09 18:00:00","2026-09-10 09:00:00","CAPE","surface",-71.0021,17.6858,2996
"2026-09-09 18:00:00","2026-09-10 09:00:00","CAPE","surface",-70.9782,17.6858,3017
"2026-09-09 18:00:00","2026-09-10 09:00:00","CAPE","surface",-70.9542,17.6858,3037
"2026-09-09 18:00:00","2026-09-10 09:00:00","CAPE","surface",-70.9303,17.6858,3037
"2026-09-09 18:00:00","2026-09-10 09:00:00","CAPE","surface",-70.9064,17.6858,3057
"2026-09-09 18:00:00","2026-09-10 09:00:00","CAPE","surface",-70.8825,17.6858,3014
"2026-09-09 18:00:00","2026-09-10 09:00:00","CAPE","surface",-70.8585,17.6858,3007
"2026-09-09 18:00:00","2026-09-10 09:00:00","CAPE","surface",-70.8346,17.6858,2995
"2026-09-09 18:00:00","2026-09-10 09:00:00","CAPE","surface",-70.8107,17.6858,2953
"2026-09-09 18:00:00","2026-09-10 09:00:00","CAPE","surface",-70.7868,17.6858,2948
"2026-09-09 18:00:00","2026-09-10 09:00:00","CAPE","surface",-70.7628,17.6858,2898
"2026-09-09 18:00:00","2026-09-10 09:00:00","CAPE","surface",-70.7389,17.6858,2921
"2026-09-09 18:00:00","2026-09-10 09:00:00","CAPE","surface",-70.715,17.6858,2992
"2026-09-09 18:00:00","2026-09-10 09:00:00","CAPE","surface",-70.6911,17.6858,3008
"2026-09-09 18:00:00","2026-09-10 09:00:00","CAPE","surface",-70.6671,17.6858,3013
"2026-09-09 18:00:00","2026-09-10 09:00:00","CAPE","surface",-70.6432,17.6858,3009
"2026-09-09 18:00:00","2026-09-10 09:00:00","CAPE","surface",-70.6193,17.6858,2860
"2026-09-09 18:00:00","2026-09-10 09:00:00","CAPE","surface",-70.5954,17.6858,2798
"2026-09-09 18:00:00","2026-09-10 09:00:00","CAPE","surface",-70.5714,17.6858,2798
"2026-09-09 18:00:00","2026-09-10 09:00:00","CAPE","surface",-70.5475,17.6858,2777
"2026-09-09 18:00:00","2026-09-10 09:00:00","CAPE","surface",-70.5236,17.6858,2760
"2026-09-09 18:00:00","2026-09-10 09:00:00","CAPE","surface",-70.4997,17.6858,2766
"2026-09-09 18:00:00","2026-09-10 09:00:00","CAPE","surface",-70.4757,17.6858,2791
"2026-09-09 18:00:00","2026-09-10 09:00:00","CAPE","surface",-70.4518,17.6858,2749
"2026-09-09 18:00:00","2026-09-10 09:00:00","CAPE","surface",-70.4279,17.6858,2706
"2026-09-09 18:00:00","2026-09-10 09:00:00","CAPE","surface",-70.404,17.6858,2581
"2026-09-09 18:00:00","2026-09-10 09:00:00","CAPE","surface",-70.38,17.6858,2598
"2026-09-09 18:00:00","2026-09-10 09:00:00","CAPE","surface",-70.3561,17.6858,2598
"2026-09-09 18:00:00","2026-09-10 09:00:00","CAPE","surface",-70.3322,17.6858,2631
"2026-09-09 18:00:00","2026-09-10 09:00:00","CAPE","surface",-70.3083,17.6858,2607
"2026-09-09 18:00:00","2026-09-10 09:00:00","CAPE","surface",-70.2843,17.6858,2595
"2026-09-09 18:00:00","2026-09-10 09:00:00","CAPE","surface",-70.2604,17.6858,2567
"2026-09-09 18:00:00","2026-09-10 09:00:00","CAPE","surface",-70.2365,17.6858,2567
"2026-09-09 18:00:00","2026-09-10 09:00:00","CAPE","surface",-70.2126,17.6858,2542
"2026-09-09 18:00:00","2026-09-10 09:00:00","CAPE","surface",-70.1886,17.6858,2534
"2026-09-09 18:00:00","2026-09-10 09:00:00","CAPE","surface",-70.1647,17.6858,2567
"2026-09-09 18:00:00","2026-09-10 09:00:00","CAPE","surface",-70.1408,17.6858,2640
"2026-09-09 18:00:00","2026-09-10 09:00:00","CAPE","surface",-70.1169,17.6858,2679
"2026-09-09 18:00:00","2026-09-10 09:00:00","CAPE","surface",-70.0929,17.6858,2818
"2026-09-09 18:00:00","2026-09-10 09:00:00","CAPE","surface",-70.069,17.6858,2907
"2026-09-09 18:00:00","2026-09-10 09:00:00","CAPE","surface",-70.0451,17.6858,2766
"2026-09-09 18:00:00","2026-09-10 09:00:00","CAPE","surface",-70.0212,17.6858,2565
"2026-09-09 18:00:00","2026-09-10 09:00:00","CAPE","surface",-69.9972,17.6858,2514
"2026-09-09 18:00:00","2026-09-10 09:00:00","CAPE","surface",-69.9733,17.6858,2379
"2026-09-09 18:00:00","2026-09-10 09:00:00","CAPE","surface",-69.9494,17.6858,2399
"2026-09-09 18:00:00","2026-09-10 09:00:00","CAPE","surface",-69.9255,17.6858,2361
"2026-09-09 18:00:00","2026-09-10 09:00:00","CAPE","surface",-69.9015,17.6858,2446
"2026-09-09 18:00:00","2026-09-10 09:00:00","CAPE","surface",-69.8776,17.6858,2371
"2026-09-09 18:00:00","2026-09-10 09:00:00","CAPE","surface",-69.8537,17.6858,2325
"2026-09-09 18:00:00","2026-09-10 09:00:00","CAPE","surface",-69.8298,17.6858,2247
"2026-09-09 18:00:00","2026-09-10 09:00:00","CAPE","surface",-69.8058,17.6858,2287
"2026-09-09 18:00:00","2026-09-10 09:00:00","CAPE","surface",-69.7819,17.6858,2258
"2026-09-09 18:00:00","2026-09-10 09:00:00","CAPE","surface",-69.758,17.6858,2331
"2026-09-09 18:00:00","2026-09-10 09:00:00","CAPE","surface",-69.7341,17.6858,2379
"2026-09-09 18:00:00","2026-09-10 09:00:00","CAPE","surface",-69.7101,17.6858,2406
"2026-09-09 18:00:00","2026-09-10 09:00:00","CAPE","surface",-69.6862,17.6858,2427
"2026-09-09 18:00:00","2026-09-10 09:00:00","CAPE","surface",-69.6623,17.6858,2427
"2026-09-09 18:00:00","2026-09-10 09:00:00","CAPE","surface",-69.6384,17.6858,2446
"2026-09-09 18:00:00","2026-09-10 09:00:00","CAPE","surface",-69.6144,17.6858,2487
"2026-09-09 18:00:00","2026-09-10 09:00:00","CAPE","surface",-69.5905,17.6858,2509
"2026-09-09 18:00:00","2026-09-10 09:00:00","CAPE","surface",-69.5666,17.6858,2520
"2026-09-09 18:00:00","2026-09-10 09:00:00","CAPE","surface",-69.5427,17.6858,2572
"2026-09-09 18:00:00","2026-09-10 09:00:00","CAPE","surface",-69.5187,17.6858,2744
"2026-09-09 18:00:00","2026-09-10 09:00:00","CAPE","surface",-69.4948,17.6858,2762
"2026-09-09 18:00:00","2026-09-10 09:00:00","CAPE","surface",-69.4709,17.6858,2579
"2026-09-09 18:00:00","2026-09-10 09:00:00","CAPE","surface",-69.447,17.6858,2579
"2026-09-09 18:00:00","2026-09-10 09:00:00","CAPE","surface",-69.423,17.6858,2283
"2026-09-09 18:00:00","2026-09-10 09:00:00","CAPE","surface",-69.3991,17.6858,2292
"2026-09-09 18:00:00","2026-09-10 09:00:00","CAPE","surface",-69.3752,17.6858,2287
"2026-09-09 18:00:00","2026-09-10 09:00:00","CAPE","surface",-69.3513,17.6858,2331
"2026-09-09 18:00:00","2026-09-10 09:00:00","CAPE","surface",-69.3273,17.6858,2304
"2026-09-09 18:00:00","2026-09-10 09:00:00","CAPE","surface",-69.3034,17.6858,2253
"2026-09-09 18:00:00","2026-09-10 09:00:00","CAPE","surface",-69.2795,17.6858,2238
"2026-09-09 18:00:00","2026-09-10 09:00:00","CAPE","surface",-69.2556,17.6858,2247
"2026-09-09 18:00:00","2026-09-10 09:00:00","CAPE","surface",-69.2316,17.6858,2247
"2026-09-09 18:00:00","2026-09-10 09:00:00","CAPE","surface",-69.2077,17.6858,2261
"2026-09-09 18:00:00","2026-09-10 09:00:00","CAPE","surface",-69.1838,17.6858,2245
"2026-09-09 18:00:00","2026-09-10 09:00:00","CAPE","surface",-69.1599,17.6858,2223
"2026-09-09 18:00:00","2026-09-10 09:00:00","CAPE","surface",-69.1359,17.6858,2163
"2026-09-09 18:00:00","2026-09-10 09:00:00","CAPE","surface",-69.112,17.6858,2163
"2026-09-09 18:00:00","2026-09-10 09:00:00","CAPE","surface",-69.0881,17.6858,2179
"2026-09-09 18:00:00","2026-09-10 09:00:00","CAPE","surface",-69.0642,17.6858,2215
"2026-09-09 18:00:00","2026-09-10 09:00:00","CAPE","surface",-69.0402,17.6858,2455
"2026-09-09 18:00:00","2026-09-10 09:00:00","CAPE","surface",-69.0163,17.6858,2610
"2026-09-09 18:00:00","2026-09-10 09:00:00","CAPE","surface",-68.9924,17.6858,2693
"2026-09-09 18:00:00","2026-09-10 09:00:00","CAPE","surface",-68.9685,17.6858,2771
"2026-09-09 18:00:00","2026-09-10 09:00:00","CAPE","surface",-68.9445,17.6858,2760
"2026-09-09 18:00:00","2026-09-10 09:00:00","CAPE","surface",-68.9206,17.6858,2666
"2026-09-09 18:00:00","2026-09-10 09:00:00","CAPE","surface",-68.8967,17.6858,2666
"2026-09-09 18:00:00","2026-09-10 09:00:00","CAPE","surface",-68.8728,17.6858,2528
"2026-09-09 18:00:00","2026-09-10 09:00:00","CAPE","surface",-68.8488,17.6858,2522
"2026-09-09 18:00:00","2026-09-10 09:00:00","CAPE","surface",-68.8249,17.6858,2517
"2026-09-09 18:00:00","2026-09-10 09:00:00","CAPE","surface",-68.801,17.6858,2652
"2026-09-09 18:00:00","2026-09-10 09:00:00","CAPE","surface",-68.7771,17.6858,2617
"2026-09-09 18:00:00","2026-09-10 09:00:00","CAPE","surface",-68.7531,17.6858,2796
"2026-09-09 18:00:00","2026-09-10 09:00:00","CAPE","surface",-68.7292,17.6858,2805
"2026-09-09 18:00:00","2026-09-10 09:00:00","CAPE","surface",-68.7053,17.6858,2980
"2026-09-09 18:00:00","2026-09-10 09:00:00","CAPE","surface",-68.6813,17.6858,3086
"2026-09-09 18:00:00","2026-09-10 09:00:00","CAPE","surface",-68.6574,17.6858,3247
"2026-09-09 18:00:00","2026-09-10 09:00:00","CAPE","surface",-68.6335,17.6858,3164
"2026-09-09 18:00:00","2026-09-10 09:00:00","CAPE","surface",-68.6096,17.6858,2887
"2026-09-09 18:00:00","2026-09-10 09:00:00","CAPE","surface",-68.5856,17.6858,2642
"2026-09-09 18:00:00","2026-09-10 09:00:00","CAPE","surface",-68.5617,17.6858,2350
"2026-09-09 18:00:00","2026-09-10 09:00:00","CAPE","surface",-68.5378,17.6858,2086
"2026-09-09 18:00:00","2026-09-10 09:00:00","CAPE","surface",-68.5139,17.6858,2020
"2026-09-09 18:00:00","2026-09-10 09:00:00","CAPE","surface",-68.4899,17.6858,1987
"2026-09-09 18:00:00","2026-09-10 09:00:00","CAPE","surface",-68.466,17.6858,2074
"2026-09-09 18:00:00","2026-09-10 09:00:00","CAPE","surface",-68.4421,17.6858,2081
"2026-09-09 18:00:00","2026-09-10 09:00:00","CAPE","surface",-68.4182,17.6858,2339
"2026-09-09 18:00:00","2026-09-10 09:00:00","CAPE","surface",-68.3942,17.6858,2370
"2026-09-09 18:00:00","2026-09-10 09:00:00","CAPE","surface",-68.3703,17.6858,2633
"2026-09-09 18:00:00","2026-09-10 09:00:00","CAPE","surface",-68.3464,17.6858,2628
"2026-09-09 18:00:00","2026-09-10 09:00:00","CAPE","surface",-68.3225,17.6858,2750
"2026-09-09 18:00:00","2026-09-10 09:00:00","CAPE","surface",-68.2985,17.6858,2775
"2026-09-09 18:00:00","2026-09-10 09:00:00","CAPE","surface",-68.2746,17.6858,2784
"2026-09-09 18:00:00","2026-09-10 09:00:00","CAPE","surface",-68.2507,17.6858,2736
"2026-09-09 18:00:00","2026-09-10 09:00:00","CAPE","surface",-68.2268,17.6858,2710
"2026-09-09 18:00:00","2026-09-10 09:00:00","CAPE","surface",-68.2028,17.6858,2639
"2026-09-09 18:00:00","2026-09-10 09:00:00","CAPE","surface",-68.1789,17.6858,2639
"2026-09-09 18:00:00","2026-09-10 09:00:00","CAPE","surface",-68.155,17.6858,2609
"2026-09-09 18:00:00","2026-09-10 09:00:00","CAPE","surface",-68.1311,17.6858,2539
"2026-09-09 18:00:00","2026-09-10 09:00:00","CAPE","surface",-68.1071,17.6858,2433
"2026-09-09 18:00:00","2026-09-10 09:00:00","CAPE","surface",-68.0832,17.6858,2322
"2026-09-09 18:00:00","2026-09-10 09:00:00","CAPE","surface",-68.0593,17.6858,2322
"2026-09-09 18:00:00","2026-09-10 09:00:00","CAPE","surface",-68.0354,17.6858,2356
"2026-09-09 18:00:00","2026-09-10 09:00:00","CAPE","surface",-68.0114,17.6858,2124
"2026-09-09 18:00:00","2026-09-10 09:00:00","CAPE","surface",-67.9875,17.6858,2379
"2026-09-09 18:00:00","2026-09-10 09:00:00","CAPE","surface",-67.9636,17.6858,2379
"2026-09-09 18:00:00","2026-09-10 09:00:00","CAPE","surface",-67.9397,17.6858,2614
"2026-09-09 18:00:00","2026-09-10 09:00:00","CAPE","surface",-67.9157,17.6858,2799
"2026-09-09 18:00:00","2026-09-10 09:00:00","CAPE","surface",-67.8918,17.6858,2720
"2026-09-09 18:00:00","2026-09-10 09:00:00","CAPE","surface",-67.8679,17.6858,2953
"2026-09-09 18:00:00","2026-09-10 09:00:00","CAPE","surface",-67.844,17.6858,2896
"2026-09-09 18:00:00","2026-09-10 09:00:00","CAPE","surface",-67.82,17.6858,3061
"2026-09-09 18:00:00","2026-09-10 09:00:00","CAPE","surface",-67.7961,17.6858,3031
"2026-09-09 18:00:00","2026-09-10 09:00:00","CAPE","surface",-67.7722,17.6858,3088
"2026-09-09 18:00:00","2026-09-10 09:00:00","CAPE","surface",-67.7483,17.6858,3034
"2026-09-09 18:00:00","2026-09-10 09:00:00","CAPE","surface",-67.7243,17.6858,3071
"2026-09-09 18:00:00","2026-09-10 09:00:00","CAPE","surface",-67.7004,17.6858,3236
"2026-09-09 18:00:00","2026-09-10 09:00:00","CAPE","surface",-67.6765,17.6858,3291
"2026-09-09 18:00:00","2026-09-10 09:00:00","CAPE","surface",-67.6526,17.6858,3359
"2026-09-09 18:00:00","2026-09-10 09:00:00","CAPE","surface",-67.6286,17.6858,3416
"2026-09-09 18:00:00","2026-09-10 09:00:00","CAPE","surface",-67.6047,17.6858,2737
"2026-09-09 18:00:00","2026-09-10 09:00:00","CAPE","surface",-67.5808,17.6858,2155
"2026-09-09 18:00:00","2026-09-10 09:00:00","CAPE","surface",-67.5569,17.6858,2155
"2026-09-09 18:00:00","2026-09-10 09:00:00","CAPE","surface",-67.5329,17.6858,2016
"2026-09-09 18:00:00","2026-09-10 09:00:00","CAPE","surface",-67.509,17.6858,1701
"2026-09-09 18:00:00","2026-09-10 09:00:00","CAPE","surface",-67.4851,17.6858,1442
"2026-09-09 18:00:00","2026-09-10 09:00:00","CAPE","surface",-67.4612,17.6858,1442
"2026-09-09 18:00:00","2026-09-10 09:00:00","CAPE","surface",-67.4372,17.6858,1523
"2026-09-09 18:00:00","2026-09-10 09:00:00","CAPE","surface",-67.4133,17.6858,1717
"2026-09-09 18:00:00","2026-09-10 09:00:00","CAPE","surface",-67.3894,17.6858,1819
"2026-09-09 18:00:00","2026-09-10 09:00:00","CAPE","surface",-67.3655,17.6858,2069
"2026-09-09 18:00:00","2026-09-10 09:00:00","CAPE","surface",-67.3415,17.6858,2069
"2026-09-09 18:00:00","2026-09-10 09:00:00","CAPE","surface",-67.3176,17.6858,2282
"2026-09-09 18:00:00","2026-09-10 09:00:00","CAPE","surface",-67.2937,17.6858,2426
"2026-09-09 18:00:00","2026-09-10 09:00:00","CAPE","surface",-67.2698,17.6858,2468
"2026-09-09 18:00:00","2026-09-10 09:00:00","CAPE","surface",-67.2458,17.6858,2559
"2026-09-09 18:00:00","2026-09-10 09:00:00","CAPE","surface",-67.2219,17.6858,2555
"2026-09-09 18:00:00","2026-09-10 09:00:00","CAPE","surface",-67.198,17.6858,2743
"2026-09-09 18:00:00","2026-09-10 09:00:00","CAPE","surface",-67.1741,17.6858,2715
"2026-09-09 18:00:00","2026-09-10 09:00:00","CAPE","surface",-67.1501,17.6858,2918
"2026-09-09 18:00:00","2026-09-10 09:00:00","CAPE","surface",-67.1262,17.6858,3121
"2026-09-09 18:00:00","2026-09-10 09:00:00","CAPE","surface",-67.1023,17.6858,3119
"2026-09-09 18:00:00","2026-09-10 09:00:00","CAPE","surface",-67.0784,17.6858,3403
"2026-09-09 18:00:00","2026-09-10 09:00:00","CAPE","surface",-67.0544,17.6858,3403
"2026-09-09 18:00:00","2026-09-10 09:00:00","CAPE","surface",-67.0305,17.6858,3507
"2026-09-09 18:00:00","2026-09-10 09:00:00","CAPE","surface",-67.0066,17.6858,3491
"2026-09-09 18:00:00","2026-09-10 09:00:00","CAPE","surface",-74.7822,17.7086,2266
"2026-09-09 18:00:00","2026-09-10 09:00:00","CAPE","surface",-74.7583,17.7086,2345
"2026-09-09 18:00:00","2026-09-10 09:00:00","CAPE","surface",-74.7344,17.7086,2393
"2026-09-09 18:00:00","2026-09-10 09:00:00","CAPE","surface",-74.7105,17.7086,2332
"2026-09-09 18:00:00","2026-09-10 09:00:00","CAPE","surface",-74.6865,17.7086,2252
"2026-09-09 18:00:00","2026-09-10 09:00:00","CAPE","surface",-74.6626,17.7086,2202
"2026-09-09 18:00:00","2026-09-10 09:00:00","CAPE","surface",-74.6387,17.7086,2181
"2026-09-09 18:00:00","2026-09-10 09:00:00","CAPE","surface",-74.6148,17.7086,2215
"2026-09-09 18:00:00","2026-09-10 09:00:00","CAPE","surface",-74.5908,17.7086,2273
"2026-09-09 18:00:00","2026-09-10 09:00:00","CAPE","surface",-74.5669,17.7086,2246
"2026-09-09 18:00:00","2026-09-10 09:00:00","CAPE","surface",-74.543,17.7086,2215
"2026-09-09 18:00:00","2026-09-10 09:00:00","CAPE","surface",-74.5191,17.7086,2215
"2026-09-09 18:00:00","2026-09-10 09:00:00","CAPE","surface",-74.4951,17.7086,2301
"2026-09-09 18:00:00","2026-09-10 09:00:00","CAPE","surface",-74.4712,17.7086,2398
"2026-09-09 18:00:00","2026-09-10 09:00:00","CAPE","surface",-74.4473,17.7086,2604
"2026-09-09 18:00:00","2026-09-10 09:00:00","CAPE","surface",-74.4234,17.7086,2543
"2026-09-09 18:00:00","2026-09-10 09:00:00","CAPE","surface",-74.3994,17.7086,2218
"2026-09-09 18:00:00","2026-09-10 09:00:00","CAPE","surface",-74.3755,17.7086,2218
"2026-09-09 18:00:00","2026-09-10 09:00:00","CAPE","surface",-74.3516,17.7086,2066
"2026-09-09 18:00:00","2026-09-10 09:00:00","CAPE","surface",-74.3277,17.7086,2084
"2026-09-09 18:00:00","2026-09-10 09:00:00","CAPE","surface",-74.3037,17.7086,2250
"2026-09-09 18:00:00","2026-09-10 09:00:00","CAPE","surface",-74.2798,17.7086,2331
"2026-09-09 18:00:00","2026-09-10 09:00:00","CAPE","surface",-74.2559,17.7086,2430
"2026-09-09 18:00:00","2026-09-10 09:00:00","CAPE","surface",-74.232,17.7086,2430
"2026-09-09 18:00:00","2026-09-10 09:00:00","CAPE","surface",-74.208,17.7086,2569
"2026-09-09 18:00:00","2026-09-10 09:00:00","CAPE","surface",-74.1841,17.7086,2614
"2026-09-09 18:00:00","2026-09-10 09:00:00","CAPE","surface",-74.1602,17.7086,2683
"2026-09-09 18:00:00","2026-09-10 09:00:00","CAPE","surface",-74.1363,17.7086,2633
"2026-09-09 18:00:00","2026-09-10 09:00:00","CAPE","surface",-74.1123,17.7086,2584
"2026-09-09 18:00:00","2026-09-10 09:00:00","CAPE","surface",-74.0884,17.7086,2584
"2026-09-09 18:00:00","2026-09-10 09:00:00","CAPE","surface",-74.0645,17.7086,2547
"2026-09-09 18:00:00","2026-09-10 09:00:00","CAPE","surface",-74.0406,17.7086,2532
"2026-09-09 18:00:00","2026-09-10 09:00:00","CAPE","surface",-74.0166,17.7086,2586
"2026-09-09 18:00:00","2026-09-10 09:00:00","CAPE","surface",-73.9927,17.7086,2648
"2026-09-09 18:00:00","2026-09-10 09:00:00","CAPE","surface",-73.9688,17.7086,2757
"2026-09-09 18:00:00","2026-09-10 09:00:00","CAPE","surface",-73.9449,17.7086,2840
"2026-09-09 18:00:00","2026-09-10 09:00:00","CAPE","surface",-73.9209,17.7086,2899
"2026-09-09 18:00:00","2026-09-10 09:00:00","CAPE","surface",-73.897,17.7086,2976
"2026-09-09 18:00:00","2026-09-10 09:00:00","CAPE","surface",-73.8731,17.7086,2999
"2026-09-09 18:00:00","2026-09-10 09:00:00","CAPE","surface",-73.8492,17.7086,2680
"2026-09-09 18:00:00","2026-09-10 09:00:00","CAPE","surface",-73.8252,17.7086,2680
"2026-09-09 18:00:00","2026-09-10 09:00:00","CAPE","surface",-73.8013,17.7086,2346
"2026-09-09 18:00:00","2026-09-10 09:00:00","CAPE","surface",-73.7774,17.7086,2358
"2026-09-09 18:00:00","2026-09-10 09:00:00","CAPE","surface",-73.7535,17.7086,2420
"2026-09-09 18:00:00","2026-09-10 09:00:00","CAPE","surface",-73.7295,17.7086,2455
"2026-09-09 18:00:00","2026-09-10 09:00:00","CAPE","surface",-73.7056,17.7086,2510
"2026-09-09 18:00:00","2026-09-10 09:00:00","CAPE","surface",-73.6817,17.7086,2510
"2026-09-09 18:00:00","2026-09-10 09:00:00","CAPE","surface",-73.6578,17.7086,2373
"2026-09-09 18:00:00","2026-09-10 09:00:00","CAPE","surface",-73.6338,17.7086,2331
"2026-09-09 18:00:00","2026-09-10 09:00:00","CAPE","surface",-73.6099,17.7086,2285
"2026-09-09 18:00:00","2026-09-10 09:00:00","CAPE","surface",-73.586,17.7086,2286
"2026-09-09 18:00:00","2026-09-10 09:00:00","CAPE","surface",-73.5621,17.7086,2309
"2026-09-09 18:00:00","2026-09-10 09:00:00","CAPE","surface",-73.5381,17.7086,2309
"2026-09-09 18:00:00","2026-09-10 09:00:00","CAPE","surface",-73.5142,17.7086,2286
"2026-09-09 18:00:00","2026-09-10 09:00:00","CAPE","surface",-73.4903,17.7086,2270
"2026-09-09 18:00:00","2026-09-10 09:00:00","CAPE","surface",-73.4664,17.7086,2232
"2026-09-09 18:00:00","2026-09-10 09:00:00","CAPE","surface",-73.4424,17.7086,2244
"2026-09-09 18:00:00","2026-09-10 09:00:00","CAPE","surface",-73.4185,17.7086,2254
"2026-09-09 18:00:00","2026-09-10 09:00:00","CAPE","surface",-73.3946,17.7086,2284
"2026-09-09 18:00:00","2026-09-10 09:00:00","CAPE","surface",-73.3707,17.7086,2301
"2026-09-09 18:00:00","2026-09-10 09:00:00","CAPE","surface",-73.3467,17.7086,2321
"2026-09-09 18:00:00","2026-09-10 09:00:00","CAPE","surface",-73.3228,17.7086,2321
"2026-09-09 18:00:00","2026-09-10 09:00:00","CAPE","surface",-73.2989,17.7086,2322
"2026-09-09 18:00:00","2026-09-10 09:00:00","CAPE","surface",-73.275,17.7086,2322
"2026-09-09 18:00:00","2026-09-10 09:00:00","CAPE","surface",-73.251,17.7086,2293
"2026-09-09 18:00:00","2026-09-10 09:00:00","CAPE","surface",-73.2271,17.7086,2288
"2026-09-09 18:00:00","2026-09-10 09:00:00","CAPE","surface",-73.2032,17.7086,2277
"2026-09-09 18:00:00","2026-09-10 09:00:00","CAPE","surface",-73.1793,17.7086,2299
"2026-09-09 18:00:00","2026-09-10 09:00:00","CAPE","surface",-73.1553,17.7086,2355
"2026-09-09 18:00:00","2026-09-10 09:00:00","CAPE","surface",-73.1314,17.7086,2355
"2026-09-09 18:00:00","2026-09-10 09:00:00","CAPE","surface",-73.1075,17.7086,2412
"2026-09-09 18:00:00","2026-09-10 09:00:00","CAPE","surface",-73.0836,17.7086,2410
"2026-09-09 18:00:00","2026-09-10 09:00:00","CAPE","surface",-73.0596,17.7086,2380
"2026-09-09 18:00:00","2026-09-10 09:00:00","CAPE","surface",-73.0357,17.7086,2353
"2026-09-09 18:00:00","2026-09-10 09:00:00","CAPE","surface",-73.0118,17.7086,2346
"2026-09-09 18:00:00","2026-09-10 09:00:00","CAPE","surface",-72.9879,17.7086,2392
"2026-09-09 18:00:00","2026-09-10 09:00:00","CAPE","surface",-72.9639,17.7086,2395
"2026-09-09 18:00:00","2026-09-10 09:00:00","CAPE","surface",-72.94,17.7086,2429
"2026-09-09 18:00:00","2026-09-10 09:00:00","CAPE","surface",-72.9161,17.7086,2415
"2026-09-09 18:00:00","2026-09-10 09:00:00","CAPE","surface",-72.8922,17.7086,2397
"2026-09-09 18:00:00","2026-09-10 09:00:00","CAPE","surface",-72.8682,17.7086,2397
"2026-09-09 18:00:00","2026-09-10 09:00:00","CAPE","surface",-72.8443,17.7086,2341
"2026-09-09 18:00:00","2026-09-10 09:00:00","CAPE","surface",-72.8204,17.7086,2371
"2026-09-09 18:00:00","2026-09-10 09:00:00","CAPE","surface",-72.7965,17.7086,2387
"2026-09-09 18:00:00","2026-09-10 09:00:00","CAPE","surface",-72.7725,17.7086,2404
"2026-09-09 18:00:00","2026-09-10 09:00:00","CAPE","surface",-72.7486,17.7086,2343
"2026-09-09 18:00:00","2026-09-10 09:00:00","CAPE","surface",-72.7247,17.7086,2395
"2026-09-09 18:00:00","2026-09-10 09:00:00","CAPE","surface",-72.7008,17.7086,2401
"2026-09-09 18:00:00","2026-09-10 09:00:00","CAPE","surface",-72.6768,17.7086,2418
"2026-09-09 18:00:00","2026-09-10 09:00:00","CAPE","surface",-72.6529,17.7086,2442
"2026-09-09 18:00:00","2026-09-10 09:00:00","CAPE","surface",-72.629,17.7086,2477
"2026-09-09 18:00:00","2026-09-10 09:00:00","CAPE","surface",-72.6051,17.7086,2477
"2026-09-09 18:00:00","2026-09-10 09:00:00","CAPE","surface",-72.5811,17.7086,2505
"2026-09-09 18:00:00","2026-09-10 09:00:00","CAPE","surface",-72.5572,17.7086,2532
"2026-09-09 18:00:00","2026-09-10 09:00:00","CAPE","surface",-72.5333,17.7086,2534
"2026-09-09 18:00:00","2026-09-10 09:00:00","CAPE","surface",-72.5094,17.7086,2550
"2026-09-09 18:00:00","2026-09-10 09:00:00","CAPE","surface",-72.4854,17.7086,2508
"2026-09-09 18:00:00","2026-09-10 09:00:00","CAPE","surface",-72.4615,17.7086,2511
"2026-09-09 18:00:00","2026-09-10 09:00:00","CAPE","surface",-72.4376,17.7086,2425
"2026-09-09 18:00:00","2026-09-10 09:00:00","CAPE","surface",-72.4137,17.7086,2450
"2026-09-09 18:00:00","2026-09-10 09:00:00","CAPE","surface",-72.3897,17.7086,2413
"2026-09-09 18:00:00","2026-09-10 09:00:00","CAPE","surface",-72.3658,17.7086,2413
"2026-09-09 18:00:00","2026-09-10 09:00:00","CAPE","surface",-72.3419,17.7086,2375
"2026-09-09 18:00:00","2026-09-10 09:00:00","CAPE","surface",-72.318,17.7086,2414
"2026-09-09 18:00:00","2026-09-10 09:00:00","CAPE","surface",-72.294,17.7086,2360
"2026-09-09 18:00:00","2026-09-10 09:00:00","CAPE","surface",-72.2701,17.7086,2306
"2026-09-09 18:00:00","2026-09-10 09:00:00","CAPE","surface",-72.2462,17.7086,2344
"2026-09-09 18:00:00","2026-09-10 09:00:00","CAPE","surface",-72.2223,17.7086,2239
"2026-09-09 18:00:00","2026-09-10 09:00:00","CAPE","surface",-72.1983,17.7086,2267
"2026-09-09 18:00:00","2026-09-10 09:00:00","CAPE","surface",-72.1744,17.7086,2202
"2026-09-09 18:00:00","2026-09-10 09:00:00","CAPE","surface",-72.1505,17.7086,2238
"2026-09-09 18:00:00","2026-09-10 09:00:00","CAPE","surface",-72.1266,17.7086,2174
"2026-09-09 18:00:00","2026-09-10 09:00:00","CAPE","surface",-72.1026,17.7086,2174
"2026-09-09 18:00:00","2026-09-10 09:00:00","CAPE","surface",-72.0787,17.7086,2112
"2026-09-09 18:00:00","2026-09-10 09:00:00","CAPE","surface",-72.0548,17.7086,2144
"2026-09-09 18:00:00","2026-09-10 09:00:00","CAPE","surface",-72.0309,17.7086,2073
"2026-09-09 18:00:00","2026-09-10 09:00:00","CAPE","surface",-72.0069,17.7086,2095
"2026-09-09 18:00:00","2026-09-10 09:00:00","CAPE","surface",-71.983,17.7086,2003
"2026-09-09 18:00:00","2026-09-10 09:00:00","CAPE","surface",-71.9591,17.7086,1940
"2026-09-09 18:00:00","2026-09-10 09:00:00","CAPE","surface",-71.9352,17.7086,1978
"2026-09-09 18:00:00","2026-09-10 09:00:00","CAPE","surface",-71.9112,17.7086,1925
"2026-09-09 18:00:00","2026-09-10 09:00:00","CAPE","surface",-71.8873,17.7086,2009
"2026-09-09 18:00:00","2026-09-10 09:00:00","CAPE","surface",-71.8634,17.7086,1891
"2026-09-09 18:00:00","2026-09-10 09:00:00","CAPE","surface",-71.8395,17.7086,1992
"2026-09-09 18:00:00","2026-09-10 09:00:00","CAPE","surface",-71.8155,17.7086,1956
"2026-09-09 18:00:00","2026-09-10 09:00:00","CAPE","surface",-71.7916,17.7086,2064
"2026-09-09 18:00:00","2026-09-10 09:00:00","CAPE","surface",-71.7677,17.7086,2036
"2026-09-09 18:00:00","2026-09-10 09:00:00","CAPE","surface",-71.7438,17.7086,2140
"2026-09-09 18:00:00","2026-09-10 09:00:00","CAPE","surface",-71.7198,17.7086,1979
"2026-09-09 18:00:00","2026-09-10 09:00:00","CAPE","surface",-71.6959,17.7086,2082
"2026-09-09 18:00:00","2026-09-10 09:00:00","CAPE","surface",-71.672,17.7086,2021
"2026-09-09 18:00:00","2026-09-10 09:00:00","CAPE","surface",-71.6481,17.7086,1987
"2026-09-09 18:00:00","2026-09-10 09:00:00","CAPE","surface",-71.6241,17.7086,2118
"2026-09-09 18:00:00","2026-09-10 09:00:00","CAPE","surface",-71.6002,17.7086,1950
"2026-09-09 18:00:00","2026-09-10 09:00:00","CAPE","surface",-71.5763,17.7086,2118
"2026-09-09 18:00:00","2026-09-10 09:00:00","CAPE","surface",-71.5524,17.7086,2110
"2026-09-09 18:00:00","2026-09-10 09:00:00","CAPE","surface",-71.5284,17.7086,2230
"2026-09-09 18:00:00","2026-09-10 09:00:00","CAPE","surface",-71.5045,17.7086,2128
"2026-09-09 18:00:00","2026-09-10 09:00:00","CAPE","surface",-71.4806,17.7086,2128
"2026-09-09 18:00:00","2026-09-10 09:00:00","CAPE","surface",-71.4567,17.7086,1995
"2026-09-09 18:00:00","2026-09-10 09:00:00","CAPE","surface",-71.4327,17.7086,2060
"2026-09-09 18:00:00","2026-09-10 09:00:00","CAPE","surface",-71.4088,17.7086,2167
"2026-09-09 18:00:00","2026-09-10 09:00:00","CAPE","surface",-71.3849,17.7086,2257
"2026-09-09 18:00:00","2026-09-10 09:00:00","CAPE","surface",-71.361,17.7086,2432
"2026-09-09 18:00:00","2026-09-10 09:00:00","CAPE","surface",-71.337,17.7086,2560
"2026-09-09 18:00:00","2026-09-10 09:00:00","CAPE","surface",-71.3131,17.7086,2549
"2026-09-09 18:00:00","2026-09-10 09:00:00","CAPE","surface",-71.2892,17.7086,2565
"2026-09-09 18:00:00","2026-09-10 09:00:00","CAPE","surface",-71.2653,17.7086,2558
"2026-09-09 18:00:00","2026-09-10 09:00:00","CAPE","surface",-71.2413,17.7086,2539
"2026-09-09 18:00:00","2026-09-10 09:00:00","CAPE","surface",-71.2174,17.7086,2545
"2026-09-09 18:00:00","2026-09-10 09:00:00","CAPE","surface",-71.1935,17.7086,2500
"2026-09-09 18:00:00","2026-09-10 09:00:00","CAPE","surface",-71.1696,17.7086,2652
"2026-09-09 18:00:00","2026-09-10 09:00:00","CAPE","surface",-71.1456,17.7086,2785
"2026-09-09 18:00:00","2026-09-10 09:00:00","CAPE","surface",-71.1217,17.7086,2785
"2026-09-09 18:00:00","2026-09-10 09:00:00","CAPE","surface",-71.0978,17.7086,2834
"2026-09-09 18:00:00","2026-09-10 09:00:00","CAPE","surface",-71.0739,17.7086,2802
"2026-09-09 18:00:00","2026-09-10 09:00:00","CAPE","surface",-71.0499,17.7086,2914
"2026-09-09 18:00:00","2026-09-10 09:00:00","CAPE","surface",-71.026,17.7086,2948
"2026-09-09 18:00:00","2026-09-10 09:00:00","CAPE","surface",-71.0021,17.7086,2948
"2026-09-09 18:00:00","2026-09-10 09:00:00","CAPE","surface",-70.9782,17.7086,2967
"2026-09-09 18:00:00","2026-09-10 09:00:00","CAPE","surface",-70.9542,17.7086,3022
"2026-09-09 18:00:00","2026-09-10 09:00:00","CAPE","surface",-70.9303,17.7086,3032
"2026-09-09 18:00:00","2026-09-10 09:00:00","CAPE","surface",-70.9064,17.7086,3057
"2026-09-09 18:00:00","2026-09-10 09:00:00","CAPE","surface",-70.8825,17.7086,3034
"2026-09-09 18:00:00","2026-09-10 09:00:00","CAPE","surface",-70.8585,17.7086,3049
"2026-09-09 18:00:00","2026-09-10 09:00:00","CAPE","surface",-70.8346,17.7086,3003
"2026-09-09 18:00:00","2026-09-10 09:00:00","CAPE","surface",-70.8107,17.7086,2901
"2026-09-09 18:00:00","2026-09-10 09:00:00","CAPE","surface",-70.7868,17.7086,2874
"2026-09-09 18:00:00","2026-09-10 09:00:00","CAPE","surface",-70.7628,17.7086,2842
"2026-09-09 18:00:00","2026-09-10 09:00:00","CAPE","surface",-70.7389,17.7086,2865
"2026-09-09 18:00:00","2026-09-10 09:00:00","CAPE","surface",-70.715,17.7086,2927
"2026-09-09 18:00:00","2026-09-10 09:00:00","CAPE","surface",-70.6911,17.7086,3008
"2026-09-09 18:00:00","2026-09-10 09:00:00","CAPE","surface",-70.6671,17.7086,3009
"2026-09-09 18:00:00","2026-09-10 09:00:00","CAPE","surface",-70.6432,17.7086,3009
"2026-09-09 18:00:00","2026-09-10 09:00:00","CAPE","surface",-70.6193,17.7086,3032
"2026-09-09 18:00:00","2026-09-10 09:00:00","CAPE","surface",-70.5954,17.7086,3008
"2026-09-09 18:00:00","2026-09-10 09:00:00","CAPE","surface",-70.5714,17.7086,2907
"2026-09-09 18:00:00","2026-09-10 09:00:00","CAPE","surface",-70.5475,17.7086,2978
"2026-09-09 18:00:00","2026-09-10 09:00:00","CAPE","surface",-70.5236,17.7086,2862
"2026-09-09 18:00:00","2026-09-10 09:00:00","CAPE","surface",-70.4997,17.7086,2823
"2026-09-09 18:00:00","2026-09-10 09:00:00","CAPE","surface",-70.4757,17.7086,2791
"2026-09-09 18:00:00","2026-09-10 09:00:00","CAPE","surface",-70.4518,17.7086,2781
"2026-09-09 18:00:00","2026-09-10 09:00:00","CAPE","surface",-70.4279,17.7086,2781
"2026-09-09 18:00:00","2026-09-10 09:00:00","CAPE","surface",-70.404,17.7086,2751
"2026-09-09 18:00:00","2026-09-10 09:00:00","CAPE","surface",-70.38,17.7086,2668
"2026-09-09 18:00:00","2026-09-10 09:00:00","CAPE","surface",-70.3561,17.7086,2691
"2026-09-09 18:00:00","2026-09-10 09:00:00","CAPE","surface",-70.3322,17.7086,2701
"2026-09-09 18:00:00","2026-09-10 09:00:00","CAPE","surface",-70.3083,17.7086,2701
"2026-09-09 18:00:00","2026-09-10 09:00:00","CAPE","surface",-70.2843,17.7086,2669
"2026-09-09 18:00:00","2026-09-10 09:00:00","CAPE","surface",-70.2604,17.7086,2593
"2026-09-09 18:00:00","2026-09-10 09:00:00","CAPE","surface",-70.2365,17.7086,2554
"2026-09-09 18:00:00","2026-09-10 09:00:00","CAPE","surface",-70.2126,17.7086,2542
"2026-09-09 18:00:00","2026-09-10 09:00:00","CAPE","surface",-70.1886,17.7086,2539
"2026-09-09 18:00:00","2026-09-10 09:00:00","CAPE","surface",-70.1647,17.7086,2544
"2026-09-09 18:00:00","2026-09-10 09:00:00","CAPE","surface",-70.1408,17.7086,2579
"2026-09-09 18:00:00","2026-09-10 09:00:00","CAPE","surface",-70.1169,17.7086,2695
"2026-09-09 18:00:00","2026-09-10 09:00:00","CAPE","surface",-70.0929,17.7086,2869
"2026-09-09 18:00:00","2026-09-10 09:00:00","CAPE","surface",-70.069,17.7086,2793
"2026-09-09 18:00:00","2026-09-10 09:00:00","CAPE","surface",-70.0451,17.7086,2827
"2026-09-09 18:00:00","2026-09-10 09:00:00","CAPE","surface",-70.0212,17.7086,2641
"2026-09-09 18:00:00","2026-09-10 09:00:00","CAPE","surface",-69.9972,17.7086,2514
"2026-09-09 18:00:00","2026-09-10 09:00:00","CAPE","surface",-69.9733,17.7086,2499
"2026-09-09 18:00:00","2026-09-10 09:00:00","CAPE","surface",-69.9494,17.7086,2447
"2026-09-09 18:00:00","2026-09-10 09:00:00","CAPE","surface",-69.9255,17.7086,2510
"2026-09-09 18:00:00","2026-09-10 09:00:00","CAPE","surface",-69.9015,17.7086,2541
"2026-09-09 18:00:00","2026-09-10 09:00:00","CAPE","surface",-69.8776,17.7086,2408
"2026-09-09 18:00:00","2026-09-10 09:00:00","CAPE","surface",-69.8537,17.7086,2355
"2026-09-09 18:00:00","2026-09-10 09:00:00","CAPE","surface",-69.8298,17.7086,2266
"2026-09-09 18:00:00","2026-09-10 09:00:00","CAPE","surface",-69.8058,17.7086,2175
"2026-09-09 18:00:00","2026-09-10 09:00:00","CAPE","surface",-69.7819,17.7086,2258
"2026-09-09 18:00:00","2026-09-10 09:00:00","CAPE","surface",-69.758,17.7086,2322
"2026-09-09 18:00:00","2026-09-10 09:00:00","CAPE","surface",-69.7341,17.7086,2322
"2026-09-09 18:00:00","2026-09-10 09:00:00","CAPE","surface",-69.7101,17.7086,2398
"2026-09-09 18:00:00","2026-09-10 09:00:00","CAPE","surface",-69.6862,17.7086,2424
"2026-09-09 18:00:00","2026-09-10 09:00:00","CAPE","surface",-69.6623,17.7086,2424
"2026-09-09 18:00:00","2026-09-10 09:00:00","CAPE","surface",-69.6384,17.7086,2432
"2026-09-09 18:00:00","2026-09-10 09:00:00","CAPE","surface",-69.6144,17.7086,2454
"2026-09-09 18:00:00","2026-09-10 09:00:00","CAPE","surface",-69.5905,17.7086,2487
"2026-09-09 18:00:00","2026-09-10 09:00:00","CAPE","surface",-69.5666,17.7086,2520
"2026-09-09 18:00:00","2026-09-10 09:00:00","CAPE","surface",-69.5427,17.7086,2658
"2026-09-09 18:00:00","2026-09-10 09:00:00","CAPE","surface",-69.5187,17.7086,2658
"2026-09-09 18:00:00","2026-09-10 09:00:00","CAPE","surface",-69.4948,17.7086,2776
"2026-09-09 18:00:00","2026-09-10 09:00:00","CAPE","surface",-69.4709,17.7086,2582
"2026-09-09 18:00:00","2026-09-10 09:00:00","CAPE","surface",-69.447,17.7086,2411
"2026-09-09 18:00:00","2026-09-10 09:00:00","CAPE","surface",-69.423,17.7086,2304
"2026-09-09 18:00:00","2026-09-10 09:00:00","CAPE","surface",-69.3991,17.7086,2304
"2026-09-09 18:00:00","2026-09-10 09:00:00","CAPE","surface",-69.3752,17.7086,2351
"2026-09-09 18:00:00","2026-09-10 09:00:00","CAPE","surface",-69.3513,17.7086,2331
"2026-09-09 18:00:00","2026-09-10 09:00:00","CAPE","surface",-69.3273,17.7086,2287
"2026-09-09 18:00:00","2026-09-10 09:00:00","CAPE","surface",-69.3034,17.7086,2263
"2026-09-09 18:00:00","2026-09-10 09:00:00","CAPE","surface",-69.2795,17.7086,2244
"2026-09-09 18:00:00","2026-09-10 09:00:00","CAPE","surface",-69.2556,17.7086,2234
"2026-09-09 18:00:00","2026-09-10 09:00:00","CAPE","surface",-69.2316,17.7086,2250
"2026-09-09 18:00:00","2026-09-10 09:00:00","CAPE","surface",-69.2077,17.7086,2250
"2026-09-09 18:00:00","2026-09-10 09:00:00","CAPE","surface",-69.1838,17.7086,2250
"2026-09-09 18:00:00","2026-09-10 09:00:00","CAPE","surface",-69.1599,17.7086,2249
"2026-09-09 18:00:00","2026-09-10 09:00:00","CAPE","surface",-69.1359,17.7086,2226
"2026-09-09 18:00:00","2026-09-10 09:00:00","CAPE","surface",-69.112,17.7086,2198
"2026-09-09 18:00:00","2026-09-10 09:00:00","CAPE","surface",-69.0881,17.7086,2243
"2026-09-09 18:00:00","2026-09-10 09:00:00","CAPE","surface",-69.0642,17.7086,2272
"2026-09-09 18:00:00","2026-09-10 09:00:00","CAPE","surface",-69.0402,17.7086,2498
"2026-09-09 18:00:00","2026-09-10 09:00:00","CAPE","surface",-69.0163,17.7086,2610
"2026-09-09 18:00:00","2026-09-10 09:00:00","CAPE","surface",-68.9924,17.7086,2762
"2026-09-09 18:00:00","2026-09-10 09:00:00","CAPE","surface",-68.9685,17.7086,2762
"2026-09-09 18:00:00","2026-09-10 09:00:00","CAPE","surface",-68.9445,17.7086,2808
"2026-09-09 18:00:00","2026-09-10 09:00:00","CAPE","surface",-68.9206,17.7086,2751
"2026-09-09 18:00:00","2026-09-10 09:00:00","CAPE","surface",-68.8967,17.7086,2540
"2026-09-09 18:00:00","2026-09-10 09:00:00","CAPE","surface",-68.8728,17.7086,2509
"2026-09-09 18:00:00","2026-09-10 09:00:00","CAPE","surface",-68.8488,17.7086,2500
"2026-09-09 18:00:00","2026-09-10 09:00:00","CAPE","surface",-68.8249,17.7086,2606
"2026-09-09 18:00:00","2026-09-10 09:00:00","CAPE","surface",-68.801,17.7086,2652
"2026-09-09 18:00:00","2026-09-10 09:00:00","CAPE","surface",-68.7771,17.7086,2822
"2026-09-09 18:00:00","2026-09-10 09:00:00","CAPE","surface",-68.7531,17.7086,2822
"2026-09-09 18:00:00","2026-09-10 09:00:00","CAPE","surface",-68.7292,17.7086,2880
"2026-09-09 18:00:00","2026-09-10 09:00:00","CAPE","surface",-68.7053,17.7086,3063
"2026-09-09 18:00:00","2026-09-10 09:00:00","CAPE","surface",-68.6813,17.7086,3187
"2026-09-09 18:00:00","2026-09-10 09:00:00","CAPE","surface",-68.6574,17.7086,3256
"2026-09-09 18:00:00","2026-09-10 09:00:00","CAPE","surface",-68.6335,17.7086,3286
"2026-09-09 18:00:00","2026-09-10 09:00:00","CAPE","surface",-68.6096,17.7086,3043
"2026-09-09 18:00:00","2026-09-10 09:00:00","CAPE","surface",-68.5856,17.7086,2642
"2026-09-09 18:00:00","2026-09-10 09:00:00","CAPE","surface",-68.5617,17.7086,2228
"2026-09-09 18:00:00","2026-09-10 09:00:00","CAPE","surface",-68.5378,17.7086,2070
"2026-09-09 18:00:00","2026-09-10 09:00:00","CAPE","surface",-68.5139,17.7086,2000
"2026-09-09 18:00:00","2026-09-10 09:00:00","CAPE","surface",-68.4899,17.7086,2048
"2026-09-09 18:00:00","2026-09-10 09:00:00","CAPE","surface",-68.466,17.7086,2074
"2026-09-09 18:00:00","2026-09-10 09:00:00","CAPE","surface",-68.4421,17.7086,2311
"2026-09-09 18:00:00","2026-09-10 09:00:00","CAPE","surface",-68.4182,17.7086,2325
"2026-09-09 18:00:00","2026-09-10 09:00:00","CAPE","surface",-68.3942,17.7086,2632
"2026-09-09 18:00:00","2026-09-10 09:00:00","CAPE","surface",-68.3703,17.7086,2633
"2026-09-09 18:00:00","2026-09-10 09:00:00","CAPE","surface",-68.3464,17.7086,2788
"2026-09-09 18:00:00","2026-09-10 09:00:00","CAPE","surface",-68.3225,17.7086,2791
"2026-09-09 18:00:00","2026-09-10 09:00:00","CAPE","surface",-68.2985,17.7086,2777
"2026-09-09 18:00:00","2026-09-10 09:00:00","CAPE","surface",-68.2746,17.7086,2764
"2026-09-09 18:00:00","2026-09-10 09:00:00","CAPE","surface",-68.2507,17.7086,2736
"2026-09-09 18:00:00","2026-09-10 09:00:00","CAPE","surface",-68.2268,17.7086,2715
"2026-09-09 18:00:00","2026-09-10 09:00:00","CAPE","surface",-68.2028,17.7086,2688
"2026-09-09 18:00:00","2026-09-10 09:00:00","CAPE","surface",-68.1789,17.7086,2685
"2026-09-09 18:00:00","2026-09-10 09:00:00","CAPE","surface",-68.155,17.7086,2674
"2026-09-09 18:00:00","2026-09-10 09:00:00","CAPE","surface",-68.1311,17.7086,2674
"2026-09-09 18:00:00","2026-09-10 09:00:00","CAPE","surface",-68.1071,17.7086,2697
"2026-09-09 18:00:00","2026-09-10 09:00:00","CAPE","surface",-68.0832,17.7086,2539
"2026-09-09 18:00:00","2026-09-10 09:00:00","CAPE","surface",-68.0593,17.7086,2588
"2026-09-09 18:00:00","2026-09-10 09:00:00","CAPE","surface",-68.0354,17.7086,2588
"2026-09-09 18:00:00","2026-09-10 09:00:00","CAPE","surface",-68.0114,17.7086,2697
"2026-09-09 18:00:00","2026-09-10 09:00:00","CAPE","surface",-67.9875,17.7086,2839
"2026-09-09 18:00:00","2026-09-10 09:00:00","CAPE","surface",-67.9636,17.7086,2720
"2026-09-09 18:00:00","2026-09-10 09:00:00","CAPE","surface",-67.9397,17.7086,2916
"2026-09-09 18:00:00","2026-09-10 09:00:00","CAPE","surface",-67.9157,17.7086,2916
"2026-09-09 18:00:00","2026-09-10 09:00:00","CAPE","surface",-67.8918,17.7086,3028
"2026-09-09 18:00:00","2026-09-10 09:00:00","CAPE","surface",-67.8679,17.7086,2953
"2026-09-09 18:00:00","2026-09-10 09:00:00","CAPE","surface",-67.844,17.7086,3098
"2026-09-09 18:00:00","2026-09-10 09:00:00","CAPE","surface",-67.82,17.7086,3202
"2026-09-09 18:00:00","2026-09-10 09:00:00","CAPE","surface",-67.7961,17.7086,3165
"2026-09-09 18:00:00","2026-09-10 09:00:00","CAPE","surface",-67.7722,17.7086,3052
"2026-09-09 18:00:00","2026-09-10 09:00:00","CAPE","surface",-67.7483,17.7086,3034
"2026-09-09 18:00:00","2026-09-10 09:00:00","CAPE","surface",-67.7243,17.7086,3041
"2026-09-09 18:00:00","2026-09-10 09:00:00","CAPE","surface",-67.7004,17.7086,3126
"2026-09-09 18:00:00","2026-09-10 09:00:00","CAPE","surface",-67.6765,17.7086,3311
"2026-09-09 18:00:00","2026-09-10 09:00:00","CAPE","surface",-67.6526,17.7086,3101
"2026-09-09 18:00:00","2026-09-10 09:00:00","CAPE","surface",-67.6286,17.7086,2993
"2026-09-09 18:00:00","2026-09-10 09:00:00","CAPE","surface",-67.6047,17.7086,2524
"2026-09-09 18:00:00","2026-09-10 09:00:00","CAPE","surface",-67.5808,17.7086,2349
"2026-09-09 18:00:00","2026-09-10 09:00:00","CAPE","surface",-67.5569,17.7086,2236
"2026-09-09 18:00:00","2026-09-10 09:00:00","CAPE","surface",-67.5329,17.7086,2016
"2026-09-09 18:00:00","2026-09-10 09:00:00","CAPE","surface",-67.509,17.7086,1855
"2026-09-09 18:00:00","2026-09-10 09:00:00","CAPE","surface",-67.4851,17.7086,1774
"2026-09-09 18:00:00","2026-09-10 09:00:00","CAPE","surface",-67.4612,17.7086,1582
"2026-09-09 18:00:00","2026-09-10 09:00:00","CAPE","surface",-67.4372,17.7086,1766
"2026-09-09 18:00:00","2026-09-10 09:00:00","CAPE","surface",-67.4133,17.7086,1766
"2026-09-09 18:00:00","2026-09-10 09:00:00","CAPE","surface",-67.3894,17.7086,1969
"2026-09-09 18:00:00","2026-09-10 09:00:00","CAPE","surface",-67.3655,17.7086,1947
"2026-09-09 18:00:00","2026-09-10 09:00:00","CAPE","surface",-67.3415,17.7086,2214
"2026-09-09 18:00:00","2026-09-10 09:00:00","CAPE","surface",-67.3176,17.7086,2461
"2026-09-09 18:00:00","2026-09-10 09:00:00","CAPE","surface",-67.2937,17.7086,2425
"2026-09-09 18:00:00","2026-09-10 09:00:00","CAPE","surface",-67.2698,17.7086,2608
"2026-09-09 18:00:00","2026-09-10 09:00:00","CAPE","surface",-67.2458,17.7086,2559
"2026-09-09 18:00:00","2026-09-10 09:00:00","CAPE","surface",-67.2219,17.7086,2822
"2026-09-09 18:00:00","2026-09-10 09:00:00","CAPE","surface",-67.198,17.7086,3053
"2026-09-09 18:00:00","2026-09-10 09:00:00","CAPE","surface",-67.1741,17.7086,2983
"2026-09-09 18:00:00","2026-09-10 09:00:00","CAPE","surface",-67.1501,17.7086,3153
"2026-09-09 18:00:00","2026-09-10 09:00:00","CAPE","surface",-67.1262,17.7086,3121
"2026-09-09 18:00:00","2026-09-10 09:00:00","CAPE","surface",-67.1023,17.7086,3291
"2026-09-09 18:00:00","2026-09-10 09:00:00","CAPE","surface",-67.0784,17.7086,3329
"2026-09-09 18:00:00","2026-09-10 09:00:00","CAPE","surface",-67.0544,17.7086,3454
"2026-09-09 18:00:00","2026-09-10 09:00:00","CAPE","surface",-67.0305,17.7086,3375
"2026-09-09 18:00:00","2026-09-10 09:00:00","CAPE","surface",-67.0066,17.7086,3375
"2026-09-09 18:00:00","2026-09-10 09:00:00","CAPE","surface",-74.7822,17.7314,2276
"2026-09-09 18:00:00","2026-09-10 09:00:00","CAPE","surface",-74.7583,17.7314,2281
"2026-09-09 18:00:00","2026-09-10 09:00:00","CAPE","surface",-74.7344,17.7314,2358
"2026-09-09 18:00:00","2026-09-10 09:00:00","CAPE","surface",-74.7105,17.7314,2354
"2026-09-09 18:00:00","2026-09-10 09:00:00","CAPE","surface",-74.6865,17.7314,2281
"2026-09-09 18:00:00","2026-09-10 09:00:00","CAPE","surface",-74.6626,17.7314,2190
"2026-09-09 18:00:00","2026-09-10 09:00:00","CAPE","surface",-74.6387,17.7314,2186
"2026-09-09 18:00:00","2026-09-10 09:00:00","CAPE","surface",-74.6148,17.7314,2224
"2026-09-09 18:00:00","2026-09-10 09:00:00","CAPE","surface",-74.5908,17.7314,2248
"2026-09-09 18:00:00","2026-09-10 09:00:00","CAPE","surface",-74.5669,17.7314,2275
"2026-09-09 18:00:00","2026-09-10 09:00:00","CAPE","surface",-74.543,17.7314,2239
"2026-09-09 18:00:00","2026-09-10 09:00:00","CAPE","surface",-74.5191,17.7314,2261
"2026-09-09 18:00:00","2026-09-10 09:00:00","CAPE","surface",-74.4951,17.7314,2301
"2026-09-09 18:00:00","2026-09-10 09:00:00","CAPE","surface",-74.4712,17.7314,2501
"2026-09-09 18:00:00","2026-09-10 09:00:00","CAPE","surface",-74.4473,17.7314,2579
"2026-09-09 18:00:00","2026-09-10 09:00:00","CAPE","surface",-74.4234,17.7314,2629
"2026-09-09 18:00:00","2026-09-10 09:00:00","CAPE","surface",-74.3994,17.7314,2468
"2026-09-09 18:00:00","2026-09-10 09:00:00","CAPE","surface",-74.3755,17.7314,2159
"2026-09-09 18:00:00","2026-09-10 09:00:00","CAPE","surface",-74.3516,17.7314,2066
"2026-09-09 18:00:00","2026-09-10 09:00:00","CAPE","surface",-74.3277,17.7314,2148
"2026-09-09 18:00:00","2026-09-10 09:00:00","CAPE","surface",-74.3037,17.7314,2157
"2026-09-09 18:00:00","2026-09-10 09:00:00","CAPE","surface",-74.2798,17.7314,2294
"2026-09-09 18:00:00","2026-09-10 09:00:00","CAPE","surface",-74.2559,17.7314,2360
"2026-09-09 18:00:00","2026-09-10 09:00:00","CAPE","surface",-74.232,17.7314,2463
"2026-09-09 18:00:00","2026-09-10 09:00:00","CAPE","surface",-74.208,17.7314,2580
"2026-09-09 18:00:00","2026-09-10 09:00:00","CAPE","surface",-74.1841,17.7314,2580
"2026-09-09 18:00:00","2026-09-10 09:00:00","CAPE","surface",-74.1602,17.7314,2624
"2026-09-09 18:00:00","2026-09-10 09:00:00","CAPE","surface",-74.1363,17.7314,2680
"2026-09-09 18:00:00","2026-09-10 09:00:00","CAPE","surface",-74.1123,17.7314,2584
"2026-09-09 18:00:00","2026-09-10 09:00:00","CAPE","surface",-74.0884,17.7314,2576
"2026-09-09 18:00:00","2026-09-10 09:00:00","CAPE","surface",-74.0645,17.7314,2537
"2026-09-09 18:00:00","2026-09-10 09:00:00","CAPE","surface",-74.0406,17.7314,2537
"2026-09-09 18:00:00","2026-09-10 09:00:00","CAPE","surface",-74.0166,17.7314,2545
"2026-09-09 18:00:00","2026-09-10 09:00:00","CAPE","surface",-73.9927,17.7314,2622
"2026-09-09 18:00:00","2026-09-10 09:00:00","CAPE","surface",-73.9688,17.7314,2752
"2026-09-09 18:00:00","2026-09-10 09:00:00","CAPE","surface",-73.9449,17.7314,2840
"2026-09-09 18:00:00","2026-09-10 09:00:00","CAPE","surface",-73.9209,17.7314,2936
"2026-09-09 18:00:00","2026-09-10 09:00:00","CAPE","surface",-73.897,17.7314,2936
"2026-09-09 18:00:00","2026-09-10 09:00:00","CAPE","surface",-73.8731,17.7314,2840
"2026-09-09 18:00:00","2026-09-10 09:00:00","CAPE","surface",-73.8492,17.7314,2769
"2026-09-09 18:00:00","2026-09-10 09:00:00","CAPE","surface",-73.8252,17.7314,2377
"2026-09-09 18:00:00","2026-09-10 09:00:00","CAPE","surface",-73.8013,17.7314,2346
"2026-09-09 18:00:00","2026-09-10 09:00:00","CAPE","surface",-73.7774,17.7314,2374
"2026-09-09 18:00:00","2026-09-10 09:00:00","CAPE","surface",-73.7535,17.7314,2374
"2026-09-09 18:00:00","2026-09-10 09:00:00","CAPE","surface",-73.7295,17.7314,2453
"2026-09-09 18:00:00","2026-09-10 09:00:00","CAPE","surface",-73.7056,17.7314,2488
"2026-09-09 18:00:00","2026-09-10 09:00:00","CAPE","surface",-73.6817,17.7314,2404
"2026-09-09 18:00:00","2026-09-10 09:00:00","CAPE","surface",-73.6578,17.7314,2314
"2026-09-09 18:00:00","2026-09-10 09:00:00","CAPE","surface",-73.6338,17.7314,2294
"2026-09-09 18:00:00","2026-09-10 09:00:00","CAPE","surface",-73.6099,17.7314,2272
"2026-09-09 18:00:00","2026-09-10 09:00:00","CAPE","surface",-73.586,17.7314,2268
"2026-09-09 18:00:00","2026-09-10 09:00:00","CAPE","surface",-73.5621,17.7314,2268
"2026-09-09 18:00:00","2026-09-10 09:00:00","CAPE","surface",-73.5381,17.7314,2284
"2026-09-09 18:00:00","2026-09-10 09:00:00","CAPE","surface",-73.5142,17.7314,2255
"2026-09-09 18:00:00","2026-09-10 09:00:00","CAPE","surface",-73.4903,17.7314,2255
"2026-09-09 18:00:00","2026-09-10 09:00:00","CAPE","surface",-73.4664,17.7314,2229
"2026-09-09 18:00:00","2026-09-10 09:00:00","CAPE","surface",-73.4424,17.7314,2237
"2026-09-09 18:00:00","2026-09-10 09:00:00","CAPE","surface",-73.4185,17.7314,2253
"2026-09-09 18:00:00","2026-09-10 09:00:00","CAPE","surface",-73.3946,17.7314,2284
"2026-09-09 18:00:00","2026-09-10 09:00:00","CAPE","surface",-73.3707,17.7314,2321
"2026-09-09 18:00:00","2026-09-10 09:00:00","CAPE","surface",-73.3467,17.7314,2321
"2026-09-09 18:00:00","2026-09-10 09:00:00","CAPE","surface",-73.3228,17.7314,2326
"2026-09-09 18:00:00","2026-09-10 09:00:00","CAPE","surface",-73.2989,17.7314,2329
"2026-09-09 18:00:00","2026-09-10 09:00:00","CAPE","surface",-73.275,17.7314,2304
"2026-09-09 18:00:00","2026-09-10 09:00:00","CAPE","surface",-73.251,17.7314,2293
"2026-09-09 18:00:00","2026-09-10 09:00:00","CAPE","surface",-73.2271,17.7314,2270
"2026-09-09 18:00:00","2026-09-10 09:00:00","CAPE","surface",-73.2032,17.7314,2281
"2026-09-09 18:00:00","2026-09-10 09:00:00","CAPE","surface",-73.1793,17.7314,2303
"2026-09-09 18:00:00","2026-09-10 09:00:00","CAPE","surface",-73.1553,17.7314,2414
"2026-09-09 18:00:00","2026-09-10 09:00:00","CAPE","surface",-73.1314,17.7314,2415
"2026-09-09 18:00:00","2026-09-10 09:00:00","CAPE","surface",-73.1075,17.7314,2415
"2026-09-09 18:00:00","2026-09-10 09:00:00","CAPE","surface",-73.0836,17.7314,2415
"2026-09-09 18:00:00","2026-09-10 09:00:00","CAPE","surface",-73.0596,17.7314,2377
"2026-09-09 18:00:00","2026-09-10 09:00:00","CAPE","surface",-73.0357,17.7314,2359
"2026-09-09 18:00:00","2026-09-10 09:00:00","CAPE","surface",-73.0118,17.7314,2377
"2026-09-09 18:00:00","2026-09-10 09:00:00","CAPE","surface",-72.9879,17.7314,2392
"2026-09-09 18:00:00","2026-09-10 09:00:00","CAPE","surface",-72.9639,17.7314,2434
"2026-09-09 18:00:00","2026-09-10 09:00:00","CAPE","surface",-72.94,17.7314,2434
"2026-09-09 18:00:00","2026-09-10 09:00:00","CAPE","surface",-72.9161,17.7314,2433
"2026-09-09 18:00:00","2026-09-10 09:00:00","CAPE","surface",-72.8922,17.7314,2411
"2026-09-09 18:00:00","2026-09-10 09:00:00","CAPE","surface",-72.8682,17.7314,2322
"2026-09-09 18:00:00","2026-09-10 09:00:00","CAPE","surface",-72.8443,17.7314,2341
"2026-09-09 18:00:00","2026-09-10 09:00:00","CAPE","surface",-72.8204,17.7314,2280
"2026-09-09 18:00:00","2026-09-10 09:00:00","CAPE","surface",-72.7965,17.7314,2267
"2026-09-09 18:00:00","2026-09-10 09:00:00","CAPE","surface",-72.7725,17.7314,2306
"2026-09-09 18:00:00","2026-09-10 09:00:00","CAPE","surface",-72.7486,17.7314,2286
"2026-09-09 18:00:00","2026-09-10 09:00:00","CAPE","surface",-72.7247,17.7314,2363
"2026-09-09 18:00:00","2026-09-10 09:00:00","CAPE","surface",-72.7008,17.7314,2347
"2026-09-09 18:00:00","2026-09-10 09:00:00","CAPE","surface",-72.6768,17.7314,2347
"2026-09-09 18:00:00","2026-09-10 09:00:00","CAPE","surface",-72.6529,17.7314,2378
"2026-09-09 18:00:00","2026-09-10 09:00:00","CAPE","surface",-72.629,17.7314,2441
"2026-09-09 18:00:00","2026-09-10 09:00:00","CAPE","surface",-72.6051,17.7314,2469
"2026-09-09 18:00:00","2026-09-10 09:00:00","CAPE","surface",-72.5811,17.7314,2505
"2026-09-09 18:00:00","2026-09-10 09:00:00","CAPE","surface",-72.5572,17.7314,2489
"2026-09-09 18:00:00","2026-09-10 09:00:00","CAPE","surface",-72.5333,17.7314,2515
"2026-09-09 18:00:00","2026-09-10 09:00:00","CAPE","surface",-72.5094,17.7314,2504
"2026-09-09 18:00:00","2026-09-10 09:00:00","CAPE","surface",-72.4854,17.7314,2508
"2026-09-09 18:00:00","2026-09-10 09:00:00","CAPE","surface",-72.4615,17.7314,2405
"2026-09-09 18:00:00","2026-09-10 09:00:00","CAPE","surface",-72.4376,17.7314,2295
"2026-09-09 18:00:00","2026-09-10 09:00:00","CAPE","surface",-72.4137,17.7314,2313
"2026-09-09 18:00:00","2026-09-10 09:00:00","CAPE","surface",-72.3897,17.7314,2235
"2026-09-09 18:00:00","2026-09-10 09:00:00","CAPE","surface",-72.3658,17.7314,2299
"2026-09-09 18:00:00","2026-09-10 09:00:00","CAPE","surface",-72.3419,17.7314,2252
"2026-09-09 18:00:00","2026-09-10 09:00:00","CAPE","surface",-72.318,17.7314,2315
"2026-09-09 18:00:00","2026-09-10 09:00:00","CAPE","surface",-72.294,17.7314,2220
"2026-09-09 18:00:00","2026-09-10 09:00:00","CAPE","surface",-72.2701,17.7314,2273
"2026-09-09 18:00:00","2026-09-10 09:00:00","CAPE","surface",-72.2462,17.7314,2208
"2026-09-09 18:00:00","2026-09-10 09:00:00","CAPE","surface",-72.2223,17.7314,2239
"2026-09-09 18:00:00","2026-09-10 09:00:00","CAPE","surface",-72.1983,17.7314,2180
"2026-09-09 18:00:00","2026-09-10 09:00:00","CAPE","surface",-72.1744,17.7314,2180
"2026-09-09 18:00:00","2026-09-10 09:00:00","CAPE","surface",-72.1505,17.7314,2118
"2026-09-09 18:00:00","2026-09-10 09:00:00","CAPE","surface",-72.1266,17.7314,2139
"2026-09-09 18:00:00","2026-09-10 09:00:00","CAPE","surface",-72.1026,17.7314,2082
"2026-09-09 18:00:00","2026-09-10 09:00:00","CAPE","surface",-72.0787,17.7314,2030
"2026-09-09 18:00:00","2026-09-10 09:00:00","CAPE","surface",-72.0548,17.7314,2030
"2026-09-09 18:00:00","2026-09-10 09:00:00","CAPE","surface",-72.0309,17.7314,1987
"2026-09-09 18:00:00","2026-09-10 09:00:00","CAPE","surface",-72.0069,17.7314,1989
"2026-09-09 18:00:00","2026-09-10 09:00:00","CAPE","surface",-71.983,17.7314,1934
"2026-09-09 18:00:00","2026-09-10 09:00:00","CAPE","surface",-71.9591,17.7314,1940
"2026-09-09 18:00:00","2026-09-10 09:00:00","CAPE","surface",-71.9352,17.7314,1865
"2026-09-09 18:00:00","2026-09-10 09:00:00","CAPE","surface",-71.9112,17.7314,1874
"2026-09-09 18:00:00","2026-09-10 09:00:00","CAPE","surface",-71.8873,17.7314,1819
"2026-09-09 18:00:00","2026-09-10 09:00:00","CAPE","surface",-71.8634,17.7314,1891
"2026-09-09 18:00:00","2026-09-10 09:00:00","CAPE","surface",-71.8395,17.7314,1849
"2026-09-09 18:00:00","2026-09-10 09:00:00","CAPE","surface",-71.8155,17.7314,1956
"2026-09-09 18:00:00","2026-09-10 09:00:00","CAPE","surface",-71.7916,17.7314,1802
"2026-09-09 18:00:00","2026-09-10 09:00:00","CAPE","surface",-71.7677,17.7314,1754
"2026-09-09 18:00:00","2026-09-10 09:00:00","CAPE","surface",-71.7438,17.7314,1869
"2026-09-09 18:00:00","2026-09-10 09:00:00","CAPE","surface",-71.7198,17.7314,1786
"2026-09-09 18:00:00","2026-09-10 09:00:00","CAPE","surface",-71.6959,17.7314,1899
"2026-09-09 18:00:00","2026-09-10 09:00:00","CAPE","surface",-71.672,17.7314,1664
"2026-09-09 18:00:00","2026-09-10 09:00:00","CAPE","surface",-71.6481,17.7314,1814
"2026-09-09 18:00:00","2026-09-10 09:00:00","CAPE","surface",-71.6241,17.7314,1742
"2026-09-09 18:00:00","2026-09-10 09:00:00","CAPE","surface",-71.6002,17.7314,1950
"2026-09-09 18:00:00","2026-09-10 09:00:00","CAPE","surface",-71.5763,17.7314,1920
"2026-09-09 18:00:00","2026-09-10 09:00:00","CAPE","surface",-71.5524,17.7314,1920
"2026-09-09 18:00:00","2026-09-10 09:00:00","CAPE","surface",-71.5284,17.7314,1878
"2026-09-09 18:00:00","2026-09-10 09:00:00","CAPE","surface",-71.5045,17.7314,1710
"2026-09-09 18:00:00","2026-09-10 09:00:00","CAPE","surface",-71.4806,17.7314,1899
"2026-09-09 18:00:00","2026-09-10 09:00:00","CAPE","surface",-71.4567,17.7314,1962
"2026-09-09 18:00:00","2026-09-10 09:00:00","CAPE","surface",-71.4327,17.7314,1962
"2026-09-09 18:00:00","2026-09-10 09:00:00","CAPE","surface",-71.4088,17.7314,2110
"2026-09-09 18:00:00","2026-09-10 09:00:00","CAPE","surface",-71.3849,17.7314,2271
"2026-09-09 18:00:00","2026-09-10 09:00:00","CAPE","surface",-71.361,17.7314,2610
"2026-09-09 18:00:00","2026-09-10 09:00:00","CAPE","surface",-71.337,17.7314,2560
"2026-09-09 18:00:00","2026-09-10 09:00:00","CAPE","surface",-71.3131,17.7314,2551
"2026-09-09 18:00:00","2026-09-10 09:00:00","CAPE","surface",-71.2892,17.7314,2571
"2026-09-09 18:00:00","2026-09-10 09:00:00","CAPE","surface",-71.2653,17.7314,2552
"2026-09-09 18:00:00","2026-09-10 09:00:00","CAPE","surface",-71.2413,17.7314,2539
"2026-09-09 18:00:00","2026-09-10 09:00:00","CAPE","surface",-71.2174,17.7314,2484
"2026-09-09 18:00:00","2026-09-10 09:00:00","CAPE","surface",-71.1935,17.7314,2465
"2026-09-09 18:00:00","2026-09-10 09:00:00","CAPE","surface",-71.1696,17.7314,2466
"2026-09-09 18:00:00","2026-09-10 09:00:00","CAPE","surface",-71.1456,17.7314,2588
"2026-09-09 18:00:00","2026-09-10 09:00:00","CAPE","surface",-71.1217,17.7314,2713
"2026-09-09 18:00:00","2026-09-10 09:00:00","CAPE","surface",-71.0978,17.7314,2723
"2026-09-09 18:00:00","2026-09-10 09:00:00","CAPE","surface",-71.0739,17.7314,2723
"2026-09-09 18:00:00","2026-09-10 09:00:00","CAPE","surface",-71.0499,17.7314,2681
"2026-09-09 18:00:00","2026-09-10 09:00:00","CAPE","surface",-71.026,17.7314,2823
"2026-09-09 18:00:00","2026-09-10 09:00:00","CAPE","surface",-71.0021,17.7314,2852
"2026-09-09 18:00:00","2026-09-10 09:00:00","CAPE","surface",-70.9782,17.7314,2967
"2026-09-09 18:00:00","2026-09-10 09:00:00","CAPE","surface",-70.9542,17.7314,2863
"2026-09-09 18:00:00","2026-09-10 09:00:00","CAPE","surface",-70.9303,17.7314,2880
"2026-09-09 18:00:00","2026-09-10 09:00:00","CAPE","surface",-70.9064,17.7314,2967
"2026-09-09 18:00:00","2026-09-10 09:00:00","CAPE","surface",-70.8825,17.7314,2959
"2026-09-09 18:00:00","2026-09-10 09:00:00","CAPE","surface",-70.8585,17.7314,3015
"2026-09-09 18:00:00","2026-09-10 09:00:00","CAPE","surface",-70.8346,17.7314,2938
"2026-09-09 18:00:00","2026-09-10 09:00:00","CAPE","surface",-70.8107,17.7314,2942
"2026-09-09 18:00:00","2026-09-10 09:00:00","CAPE","surface",-70.7868,17.7314,2854
"2026-09-09 18:00:00","2026-09-10 09:00:00","CAPE","surface",-70.7628,17.7314,2842
"2026-09-09 18:00:00","2026-09-10 09:00:00","CAPE","surface",-70.7389,17.7314,2871
"2026-09-09 18:00:00","2026-09-10 09:00:00","CAPE","surface",-70.715,17.7314,2894
"2026-09-09 18:00:00","2026-09-10 09:00:00","CAPE","surface",-70.6911,17.7314,2926
"2026-09-09 18:00:00","2026-09-10 09:00:00","CAPE","surface",-70.6671,17.7314,2920
"2026-09-09 18:00:00","2026-09-10 09:00:00","CAPE","surface",-70.6432,17.7314,2984
"2026-09-09 18:00:00","2026-09-10 09:00:00","CAPE","surface",-70.6193,17.7314,3023
"2026-09-09 18:00:00","2026-09-10 09:00:00","CAPE","surface",-70.5954,17.7314,3023
"2026-09-09 18:00:00","2026-09-10 09:00:00","CAPE","surface",-70.5714,17.7314,3027
"2026-09-09 18:00:00","2026-09-10 09:00:00","CAPE","surface",-70.5475,17.7314,2978
"2026-09-09 18:00:00","2026-09-10 09:00:00","CAPE","surface",-70.5236,17.7314,2930
"2026-09-09 18:00:00","2026-09-10 09:00:00","CAPE","surface",-70.4997,17.7314,2930
"2026-09-09 18:00:00","2026-09-10 09:00:00","CAPE","surface",-70.4757,17.7314,2867
"2026-09-09 18:00:00","2026-09-10 09:00:00","CAPE","surface",-70.4518,17.7314,2827
"2026-09-09 18:00:00","2026-09-10 09:00:00","CAPE","surface",-70.4279,17.7314,2800
"2026-09-09 18:00:00","2026-09-10 09:00:00","CAPE","surface",-70.404,17.7314,2767
"2026-09-09 18:00:00","2026-09-10 09:00:00","CAPE","surface",-70.38,17.7314,2767
"2026-09-09 18:00:00","2026-09-10 09:00:00","CAPE","surface",-70.3561,17.7314,2761
"2026-09-09 18:00:00","2026-09-10 09:00:00","CAPE","surface",-70.3322,17.7314,2749
"2026-09-09 18:00:00","2026-09-10 09:00:00","CAPE","surface",-70.3083,17.7314,2755
"2026-09-09 18:00:00","2026-09-10 09:00:00","CAPE","surface",-70.2843,17.7314,2669
"2026-09-09 18:00:00","2026-09-10 09:00:00","CAPE","surface",-70.2604,17.7314,2711
"2026-09-09 18:00:00","2026-09-10 09:00:00","CAPE","surface",-70.2365,17.7314,2657
"2026-09-09 18:00:00","2026-09-10 09:00:00","CAPE","surface",-70.2126,17.7314,2563
"2026-09-09 18:00:00","2026-09-10 09:00:00","CAPE","surface",-70.1886,17.7314,2530
"2026-09-09 18:00:00","2026-09-10 09:00:00","CAPE","surface",-70.1647,17.7314,2531
"2026-09-09 18:00:00","2026-09-10 09:00:00","CAPE","surface",-70.1408,17.7314,2534
"2026-09-09 18:00:00","2026-09-10 09:00:00","CAPE","surface",-70.1169,17.7314,2579
"2026-09-09 18:00:00","2026-09-10 09:00:00","CAPE","surface",-70.0929,17.7314,2654
"2026-09-09 18:00:00","2026-09-10 09:00:00","CAPE","surface",-70.069,17.7314,2793
"2026-09-09 18:00:00","2026-09-10 09:00:00","CAPE","surface",-70.0451,17.7314,2677
"2026-09-09 18:00:00","2026-09-10 09:00:00","CAPE","surface",-70.0212,17.7314,2593
"2026-09-09 18:00:00","2026-09-10 09:00:00","CAPE","surface",-69.9972,17.7314,2579
"2026-09-09 18:00:00","2026-09-10 09:00:00","CAPE","surface",-69.9733,17.7314,2549
"2026-09-09 18:00:00","2026-09-10 09:00:00","CAPE","surface",-69.9494,17.7314,2536
"2026-09-09 18:00:00","2026-09-10 09:00:00","CAPE","surface",-69.9255,17.7314,2674
"2026-09-09 18:00:00","2026-09-10 09:00:00","CAPE","surface",-69.9015,17.7314,2642
"2026-09-09 18:00:00","2026-09-10 09:00:00","CAPE","surface",-69.8776,17.7314,2559
"2026-09-09 18:00:00","2026-09-10 09:00:00","CAPE","surface",-69.8537,17.7314,2355
"2026-09-09 18:00:00","2026-09-10 09:00:00","CAPE","surface",-69.8298,17.7314,2156
"2026-09-09 18:00:00","2026-09-10 09:00:00","CAPE","surface",-69.8058,17.7314,2106
"2026-09-09 18:00:00","2026-09-10 09:00:00","CAPE","surface",-69.7819,17.7314,2108
"2026-09-09 18:00:00","2026-09-10 09:00:00","CAPE","surface",-69.758,17.7314,2213
"2026-09-09 18:00:00","2026-09-10 09:00:00","CAPE","surface",-69.7341,17.7314,2331
"2026-09-09 18:00:00","2026-09-10 09:00:00","CAPE","surface",-69.7101,17.7314,2427
"2026-09-09 18:00:00","2026-09-10 09:00:00","CAPE","surface",-69.6862,17.7314,2427
"2026-09-09 18:00:00","2026-09-10 09:00:00","CAPE","surface",-69.6623,17.7314,2430
"2026-09-09 18:00:00","2026-09-10 09:00:00","CAPE","surface",-69.6384,17.7314,2432
"2026-09-09 18:00:00","2026-09-10 09:00:00","CAPE","surface",-69.6144,17.7314,2458
"2026-09-09 18:00:00","2026-09-10 09:00:00","CAPE","surface",-69.5905,17.7314,2461
"2026-09-09 18:00:00","2026-09-10 09:00:00","CAPE","surface",-69.5666,17.7314,2497
"2026-09-09 18:00:00","2026-09-10 09:00:00","CAPE","surface",-69.5427,17.7314,2641
"2026-09-09 18:00:00","2026-09-10 09:00:00","CAPE","surface",-69.5187,17.7314,2736
"2026-09-09 18:00:00","2026-09-10 09:00:00","CAPE","surface",-69.4948,17.7314,2733
"2026-09-09 18:00:00","2026-09-10 09:00:00","CAPE","surface",-69.4709,17.7314,2733
"2026-09-09 18:00:00","2026-09-10 09:00:00","CAPE","surface",-69.447,17.7314,2425
"2026-09-09 18:00:00","2026-09-10 09:00:00","CAPE","surface",-69.423,17.7314,2344
"2026-09-09 18:00:00","2026-09-10 09:00:00","CAPE","surface",-69.3991,17.7314,2358
"2026-09-09 18:00:00","2026-09-10 09:00:00","CAPE","surface",-69.3752,17.7314,2372
"2026-09-09 18:00:00","2026-09-10 09:00:00","CAPE","surface",-69.3513,17.7314,2358
"2026-09-09 18:00:00","2026-09-10 09:00:00","CAPE","surface",-69.3273,17.7314,2291
"2026-09-09 18:00:00","2026-09-10 09:00:00","CAPE","surface",-69.3034,17.7314,2263
"2026-09-09 18:00:00","2026-09-10 09:00:00","CAPE","surface",-69.2795,17.7314,2230
"2026-09-09 18:00:00","2026-09-10 09:00:00","CAPE","surface",-69.2556,17.7314,2230
"2026-09-09 18:00:00","2026-09-10 09:00:00","CAPE","surface",-69.2316,17.7314,2244
"2026-09-09 18:00:00","2026-09-10 09:00:00","CAPE","surface",-69.2077,17.7314,2252
"2026-09-09 18:00:00","2026-09-10 09:00:00","CAPE","surface",-69.1838,17.7314,2247
"2026-09-09 18:00:00","2026-09-10 09:00:00","CAPE","surface",-69.1599,17.7314,2245
"2026-09-09 18:00:00","2026-09-10 09:00:00","CAPE","surface",-69.1359,17.7314,2245
"2026-09-09 18:00:00","2026-09-10 09:00:00","CAPE","surface",-69.112,17.7314,2241
"2026-09-09 18:00:00","2026-09-10 09:00:00","CAPE","surface",-69.0881,17.7314,2243
"2026-09-09 18:00:00","2026-09-10 09:00:00","CAPE","surface",-69.0642,17.7314,2402
"2026-09-09 18:00:00","2026-09-10 09:00:00","CAPE","surface",-69.0402,17.7314,2402
"2026-09-09 18:00:00","2026-09-10 09:00:00","CAPE","surface",-69.0163,17.7314,2666
"2026-09-09 18:00:00","2026-09-10 09:00:00","CAPE","surface",-68.9924,17.7314,2815
"2026-09-09 18:00:00","2026-09-10 09:00:00","CAPE","surface",-68.9685,17.7314,2816
"2026-09-09 18:00:00","2026-09-10 09:00:00","CAPE","surface",-68.9445,17.7314,2705
"2026-09-09 18:00:00","2026-09-10 09:00:00","CAPE","surface",-68.9206,17.7314,2705
"2026-09-09 18:00:00","2026-09-10 09:00:00","CAPE","surface",-68.8967,17.7314,2535
"2026-09-09 18:00:00","2026-09-10 09:00:00","CAPE","surface",-68.8728,17.7314,2509
"2026-09-09 18:00:00","2026-09-10 09:00:00","CAPE","surface",-68.8488,17.7314,2562
"2026-09-09 18:00:00","2026-09-10 09:00:00","CAPE","surface",-68.8249,17.7314,2562
"2026-09-09 18:00:00","2026-09-10 09:00:00","CAPE","surface",-68.801,17.7314,2785
"2026-09-09 18:00:00","2026-09-10 09:00:00","CAPE","surface",-68.7771,17.7314,2906
"2026-09-09 18:00:00","2026-09-10 09:00:00","CAPE","surface",-68.7531,17.7314,2894
"2026-09-09 18:00:00","2026-09-10 09:00:00","CAPE","surface",-68.7292,17.7314,2904
"2026-09-09 18:00:00","2026-09-10 09:00:00","CAPE","surface",-68.7053,17.7314,2955
"2026-09-09 18:00:00","2026-09-10 09:00:00","CAPE","surface",-68.6813,17.7314,3140
"2026-09-09 18:00:00","2026-09-10 09:00:00","CAPE","surface",-68.6574,17.7314,3256
"2026-09-09 18:00:00","2026-09-10 09:00:00","CAPE","surface",-68.6335,17.7314,3245
"2026-09-09 18:00:00","2026-09-10 09:00:00","CAPE","surface",-68.6096,17.7314,3232
"2026-09-09 18:00:00","2026-09-10 09:00:00","CAPE","surface",-68.5856,17.7314,2925
"2026-09-09 18:00:00","2026-09-10 09:00:00","CAPE","surface",-68.5617,17.7314,2257
"2026-09-09 18:00:00","2026-09-10 09:00:00","CAPE","surface",-68.5378,17.7314,2070
"2026-09-09 18:00:00","2026-09-10 09:00:00","CAPE","surface",-68.5139,17.7314,1974
"2026-09-09 18:00:00","2026-09-10 09:00:00","CAPE","surface",-68.4899,17.7314,2004
"2026-09-09 18:00:00","2026-09-10 09:00:00","CAPE","surface",-68.466,17.7314,2244
"2026-09-09 18:00:00","2026-09-10 09:00:00","CAPE","surface",-68.4421,17.7314,2570
"2026-09-09 18:00:00","2026-09-10 09:00:00","CAPE","surface",-68.4182,17.7314,2631
"2026-09-09 18:00:00","2026-09-10 09:00:00","CAPE","surface",-68.3942,17.7314,2767
"2026-09-09 18:00:00","2026-09-10 09:00:00","CAPE","surface",-68.3703,17.7314,2808
"2026-09-09 18:00:00","2026-09-10 09:00:00","CAPE","surface",-68.3464,17.7314,2824
"2026-09-09 18:00:00","2026-09-10 09:00:00","CAPE","surface",-68.3225,17.7314,2791
"2026-09-09 18:00:00","2026-09-10 09:00:00","CAPE","surface",-68.2985,17.7314,2801
"2026-09-09 18:00:00","2026-09-10 09:00:00","CAPE","surface",-68.2746,17.7314,2761
"2026-09-09 18:00:00","2026-09-10 09:00:00","CAPE","surface",-68.2507,17.7314,2752
"2026-09-09 18:00:00","2026-09-10 09:00:00","CAPE","surface",-68.2268,17.7314,2807
"2026-09-09 18:00:00","2026-09-10 09:00:00","CAPE","surface",-68.2028,17.7314,2807
"2026-09-09 18:00:00","2026-09-10 09:00:00","CAPE","surface",-68.1789,17.7314,2893
"2026-09-09 18:00:00","2026-09-10 09:00:00","CAPE","surface",-68.155,17.7314,2819
"2026-09-09 18:00:00","2026-09-10 09:00:00","CAPE","surface",-68.1311,17.7314,2838
"2026-09-09 18:00:00","2026-09-10 09:00:00","CAPE","surface",-68.1071,17.7314,2697
"2026-09-09 18:00:00","2026-09-10 09:00:00","CAPE","surface",-68.0832,17.7314,2914
"2026-09-09 18:00:00","2026-09-10 09:00:00","CAPE","surface",-68.0593,17.7314,2952
"2026-09-09 18:00:00","2026-09-10 09:00:00","CAPE","surface",-68.0354,17.7314,2856
"2026-09-09 18:00:00","2026-09-10 09:00:00","CAPE","surface",-68.0114,17.7314,2964
"2026-09-09 18:00:00","2026-09-10 09:00:00","CAPE","surface",-67.9875,17.7314,2964
"2026-09-09 18:00:00","2026-09-10 09:00:00","CAPE","surface",-67.9636,17.7314,3091
"2026-09-09 18:00:00","2026-09-10 09:00:00","CAPE","surface",-67.9397,17.7314,3036
"2026-09-09 18:00:00","2026-09-10 09:00:00","CAPE","surface",-67.9157,17.7314,3099
"2026-09-09 18:00:00","2026-09-10 09:00:00","CAPE","surface",-67.8918,17.7314,3124
"2026-09-09 18:00:00","2026-09-10 09:00:00","CAPE","surface",-67.8679,17.7314,3125
"2026-09-09 18:00:00","2026-09-10 09:00:00","CAPE","surface",-67.844,17.7314,3198
"2026-09-09 18:00:00","2026-09-10 09:00:00","CAPE","surface",-67.82,17.7314,3202
"2026-09-09 18:00:00","2026-09-10 09:00:00","CAPE","surface",-67.7961,17.7314,3125
"2026-09-09 18:00:00","2026-09-10 09:00:00","CAPE","surface",-67.7722,17.7314,3125
"2026-09-09 18:00:00","2026-09-10 09:00:00","CAPE","surface",-67.7483,17.7314,3058
"2026-09-09 18:00:00","2026-09-10 09:00:00","CAPE","surface",-67.7243,17.7314,3145
"2026-09-09 18:00:00","2026-09-10 09:00:00","CAPE","surface",-67.7004,17.7314,3240
"2026-09-09 18:00:00","2026-09-10 09:00:00","CAPE","surface",-67.6765,17.7314,3232
"2026-09-09 18:00:00","2026-09-10 09:00:00","CAPE","surface",-67.6526,17.7314,3182
"2026-09-09 18:00:00","2026-09-10 09:00:00","CAPE","surface",-67.6286,17.7314,2738
"2026-09-09 18:00:00","2026-09-10 09:00:00","CAPE","surface",-67.6047,17.7314,2524
"2026-09-09 18:00:00","2026-09-10 09:00:00","CAPE","surface",-67.5808,17.7314,2576
"2026-09-09 18:00:00","2026-09-10 09:00:00","CAPE","surface",-67.5569,17.7314,2439
"2026-09-09 18:00:00","2026-09-10 09:00:00","CAPE","surface",-67.5329,17.7314,2177
"2026-09-09 18:00:00","2026-09-10 09:00:00","CAPE","surface",-67.509,17.7314,2062
"2026-09-09 18:00:00","2026-09-10 09:00:00","CAPE","surface",-67.4851,17.7314,2062
"2026-09-09 18:00:00","2026-09-10 09:00:00","CAPE","surface",-67.4612,17.7314,2238
"2026-09-09 18:00:00","2026-09-10 09:00:00","CAPE","surface",-67.4372,17.7314,1954
"2026-09-09 18:00:00","2026-09-10 09:00:00","CAPE","surface",-67.4133,17.7314,2120
"2026-09-09 18:00:00","2026-09-10 09:00:00","CAPE","surface",-67.3894,17.7314,2330
"2026-09-09 18:00:00","2026-09-10 09:00:00","CAPE","surface",-67.3655,17.7314,2330
"2026-09-09 18:00:00","2026-09-10 09:00:00","CAPE","surface",-67.3415,17.7314,2542
"2026-09-09 18:00:00","2026-09-10 09:00:00","CAPE","surface",-67.3176,17.7314,2461
"2026-09-09 18:00:00","2026-09-10 09:00:00","CAPE","surface",-67.2937,17.7314,2657
"2026-09-09 18:00:00","2026-09-10 09:00:00","CAPE","surface",-67.2698,17.7314,2657
"2026-09-09 18:00:00","2026-09-10 09:00:00","CAPE","surface",-67.2458,17.7314,2853
"2026-09-09 18:00:00","2026-09-10 09:00:00","CAPE","surface",-67.2219,17.7314,3090
"2026-09-09 18:00:00","2026-09-10 09:00:00","CAPE","surface",-67.198,17.7314,3053
"2026-09-09 18:00:00","2026-09-10 09:00:00","CAPE","surface",-67.1741,17.7314,3171
"2026-09-09 18:00:00","2026-09-10 09:00:00","CAPE","surface",-67.1501,17.7314,3166
"2026-09-09 18:00:00","2026-09-10 09:00:00","CAPE","surface",-67.1262,17.7314,3274
"2026-09-09 18:00:00","2026-09-10 09:00:00","CAPE","surface",-67.1023,17.7314,3295
"2026-09-09 18:00:00","2026-09-10 09:00:00","CAPE","surface",-67.0784,17.7314,3295
"2026-09-09 18:00:00","2026-09-10 09:00:00","CAPE","surface",-67.0544,17.7314,3282
"2026-09-09 18:00:00","2026-09-10 09:00:00","CAPE","surface",-67.0305,17.7314,3346
"2026-09-09 18:00:00","2026-09-10 09:00:00","CAPE","surface",-67.0066,17.7314,3095
"2026-09-09 18:00:00","2026-09-10 09:00:00","CAPE","surface",-74.7822,17.7542,2164
"2026-09-09 18:00:00","2026-09-10 09:00:00","CAPE","surface",-74.7583,17.7542,2281
"2026-09-09 18:00:00","2026-09-10 09:00:00","CAPE","surface",-74.7344,17.7542,2355
"2026-09-09 18:00:00","2026-09-10 09:00:00","CAPE","surface",-74.7105,17.7542,2354
"2026-09-09 18:00:00","2026-09-10 09:00:00","CAPE","surface",-74.6865,17.7542,2287
"2026-09-09 18:00:00","2026-09-10 09:00:00","CAPE","surface",-74.6626,17.7542,2229
"2026-09-09 18:00:00","2026-09-10 09:00:00","CAPE","surface",-74.6387,17.7542,2203
"2026-09-09 18:00:00","2026-09-10 09:00:00","CAPE","surface",-74.6148,17.7542,2224
"2026-09-09 18:00:00","2026-09-10 09:00:00","CAPE","surface",-74.5908,17.7542,2297
"2026-09-09 18:00:00","2026-09-10 09:00:00","CAPE","surface",-74.5669,17.7542,2312
"2026-09-09 18:00:00","2026-09-10 09:00:00","CAPE","surface",-74.543,17.7542,2312
"2026-09-09 18:00:00","2026-09-10 09:00:00","CAPE","surface",-74.5191,17.7542,2405
"2026-09-09 18:00:00","2026-09-10 09:00:00","CAPE","surface",-74.4951,17.7542,2435
"2026-09-09 18:00:00","2026-09-10 09:00:00","CAPE","surface",-74.4712,17.7542,2638
"2026-09-09 18:00:00","2026-09-10 09:00:00","CAPE","surface",-74.4473,17.7542,2676
"2026-09-09 18:00:00","2026-09-10 09:00:00","CAPE","surface",-74.4234,17.7542,2546
"2026-09-09 18:00:00","2026-09-10 09:00:00","CAPE","surface",-74.3994,17.7542,2546
"2026-09-09 18:00:00","2026-09-10 09:00:00","CAPE","surface",-74.3755,17.7542,2326
"2026-09-09 18:00:00","2026-09-10 09:00:00","CAPE","surface",-74.3516,17.7542,2201
"2026-09-09 18:00:00","2026-09-10 09:00:00","CAPE","surface",-74.3277,17.7542,2266
"2026-09-09 18:00:00","2026-09-10 09:00:00","CAPE","surface",-74.3037,17.7542,2259
"2026-09-09 18:00:00","2026-09-10 09:00:00","CAPE","surface",-74.2798,17.7542,2285
"2026-09-09 18:00:00","2026-09-10 09:00:00","CAPE","surface",-74.2559,17.7542,2285
"2026-09-09 18:00:00","2026-09-10 09:00:00","CAPE","surface",-74.232,17.7542,2318
"2026-09-09 18:00:00","2026-09-10 09:00:00","CAPE","surface",-74.208,17.7542,2436
"2026-09-09 18:00:00","2026-09-10 09:00:00","CAPE","surface",-74.1841,17.7542,2520
"2026-09-09 18:00:00","2026-09-10 09:00:00","CAPE","surface",-74.1602,17.7542,2624
"2026-09-09 18:00:00","2026-09-10 09:00:00","CAPE","surface",-74.1363,17.7542,2556
"2026-09-09 18:00:00","2026-09-10 09:00:00","CAPE","surface",-74.1123,17.7542,2556
"2026-09-09 18:00:00","2026-09-10 09:00:00","CAPE","surface",-74.0884,17.7542,2425
"2026-09-09 18:00:00","2026-09-10 09:00:00","CAPE","surface",-74.0645,17.7542,2509
"2026-09-09 18:00:00","2026-09-10 09:00:00","CAPE","surface",-74.0406,17.7542,2465
"2026-09-09 18:00:00","2026-09-10 09:00:00","CAPE","surface",-74.0166,17.7542,2545
"2026-09-09 18:00:00","2026-09-10 09:00:00","CAPE","surface",-73.9927,17.7542,2624
"2026-09-09 18:00:00","2026-09-10 09:00:00","CAPE","surface",-73.9688,17.7542,2624
"2026-09-09 18:00:00","2026-09-10 09:00:00","CAPE","surface",-73.9449,17.7542,2787
"2026-09-09 18:00:00","2026-09-10 09:00:00","CAPE","surface",-73.9209,17.7542,2831
"2026-09-09 18:00:00","2026-09-10 09:00:00","CAPE","surface",-73.897,17.7542,2869
"2026-09-09 18:00:00","2026-09-10 09:00:00","CAPE","surface",-73.8731,17.7542,2487
"2026-09-09 18:00:00","2026-09-10 09:00:00","CAPE","surface",-73.8492,17.7542,2487
"2026-09-09 18:00:00","2026-09-10 09:00:00","CAPE","surface",-73.8252,17.7542,2272
"2026-09-09 18:00:00","2026-09-10 09:00:00","CAPE","surface",-73.8013,17.7542,2289
"2026-09-09 18:00:00","2026-09-10 09:00:00","CAPE","surface",-73.7774,17.7542,2364
"2026-09-09 18:00:00","2026-09-10 09:00:00","CAPE","surface",-73.7535,17.7542,2411
"2026-09-09 18:00:00","2026-09-10 09:00:00","CAPE","surface",-73.7295,17.7542,2394
"2026-09-09 18:00:00","2026-09-10 09:00:00","CAPE","surface",-73.7056,17.7542,2394
"2026-09-09 18:00:00","2026-09-10 09:00:00","CAPE","surface",-73.6817,17.7542,2322
"2026-09-09 18:00:00","2026-09-10 09:00:00","CAPE","surface",-73.6578,17.7542,2324
"2026-09-09 18:00:00","2026-09-10 09:00:00","CAPE","surface",-73.6338,17.7542,2285
"2026-09-09 18:00:00","2026-09-10 09:00:00","CAPE","surface",-73.6099,17.7542,2272
"2026-09-09 18:00:00","2026-09-10 09:00:00","CAPE","surface",-73.586,17.7542,2251
"2026-09-09 18:00:00","2026-09-10 09:00:00","CAPE","surface",-73.5621,17.7542,2251
"2026-09-09 18:00:00","2026-09-10 09:00:00","CAPE","surface",-73.5381,17.7542,2246
"2026-09-09 18:00:00","2026-09-10 09:00:00","CAPE","surface",-73.5142,17.7542,2257
"2026-09-09 18:00:00","2026-09-10 09:00:00","CAPE","surface",-73.4903,17.7542,2241
"2026-09-09 18:00:00","2026-09-10 09:00:00","CAPE","surface",-73.4664,17.7542,2229
"2026-09-09 18:00:00","2026-09-10 09:00:00","CAPE","surface",-73.4424,17.7542,2235
"2026-09-09 18:00:00","2026-09-10 09:00:00","CAPE","surface",-73.4185,17.7542,2256
"2026-09-09 18:00:00","2026-09-10 09:00:00","CAPE","surface",-73.3946,17.7542,2280
"2026-09-09 18:00:00","2026-09-10 09:00:00","CAPE","surface",-73.3707,17.7542,2328
"2026-09-09 18:00:00","2026-09-10 09:00:00","CAPE","surface",-73.3467,17.7542,2328
"2026-09-09 18:00:00","2026-09-10 09:00:00","CAPE","surface",-73.3228,17.7542,2340
"2026-09-09 18:00:00","2026-09-10 09:00:00","CAPE","surface",-73.2989,17.7542,2340
"2026-09-09 18:00:00","2026-09-10 09:00:00","CAPE","surface",-73.275,17.7542,2328
"2026-09-09 18:00:00","2026-09-10 09:00:00","CAPE","surface",-73.251,17.7542,2293
"2026-09-09 18:00:00","2026-09-10 09:00:00","CAPE","surface",-73.2271,17.7542,2288
"2026-09-09 18:00:00","2026-09-10 09:00:00","CAPE","surface",-73.2032,17.7542,2281
"2026-09-09 18:00:00","2026-09-10 09:00:00","CAPE","surface",-73.1793,17.7542,2405
"2026-09-09 18:00:00","2026-09-10 09:00:00","CAPE","surface",-73.1553,17.7542,2405
"2026-09-09 18:00:00","2026-09-10 09:00:00","CAPE","surface",-73.1314,17.7542,2448
"2026-09-09 18:00:00","2026-09-10 09:00:00","CAPE","surface",-73.1075,17.7542,2438
"2026-09-09 18:00:00","2026-09-10 09:00:00","CAPE","surface",-73.0836,17.7542,2398
"2026-09-09 18:00:00","2026-09-10 09:00:00","CAPE","surface",-73.0596,17.7542,2377
"2026-09-09 18:00:00","2026-09-10 09:00:00","CAPE","surface",-73.0357,17.7542,2372
"2026-09-09 18:00:00","2026-09-10 09:00:00","CAPE","surface",-73.0118,17.7542,2367
"2026-09-09 18:00:00","2026-09-10 09:00:00","CAPE","surface",-72.9879,17.7542,2386
"2026-09-09 18:00:00","2026-09-10 09:00:00","CAPE","surface",-72.9639,17.7542,2448
"2026-09-09 18:00:00","2026-09-10 09:00:00","CAPE","surface",-72.94,17.7542,2447
"2026-09-09 18:00:00","2026-09-10 09:00:00","CAPE","surface",-72.9161,17.7542,2353
"2026-09-09 18:00:00","2026-09-10 09:00:00","CAPE","surface",-72.8922,17.7542,2353
"2026-09-09 18:00:00","2026-09-10 09:00:00","CAPE","surface",-72.8682,17.7542,2238
"2026-09-09 18:00:00","2026-09-10 09:00:00","CAPE","surface",-72.8443,17.7542,2243
"2026-09-09 18:00:00","2026-09-10 09:00:00","CAPE","surface",-72.8204,17.7542,2217
"2026-09-09 18:00:00","2026-09-10 09:00:00","CAPE","surface",-72.7965,17.7542,2267
"2026-09-09 18:00:00","2026-09-10 09:00:00","CAPE","surface",-72.7725,17.7542,2140
"2026-09-09 18:00:00","2026-09-10 09:00:00","CAPE","surface",-72.7486,17.7542,2200
"2026-09-09 18:00:00","2026-09-10 09:00:00","CAPE","surface",-72.7247,17.7542,2223
"2026-09-09 18:00:00","2026-09-10 09:00:00","CAPE","surface",-72.7008,17.7542,2295
"2026-09-09 18:00:00","2026-09-10 09:00:00","CAPE","surface",-72.6768,17.7542,2311
"2026-09-09 18:00:00","2026-09-10 09:00:00","CAPE","surface",-72.6529,17.7542,2378
"2026-09-09 18:00:00","2026-09-10 09:00:00","CAPE","surface",-72.629,17.7542,2352
"2026-09-09 18:00:00","2026-09-10 09:00:00","CAPE","surface",-72.6051,17.7542,2395
"2026-09-09 18:00:00","2026-09-10 09:00:00","CAPE","surface",-72.5811,17.7542,2447
"2026-09-09 18:00:00","2026-09-10 09:00:00","CAPE","surface",-72.5572,17.7542,2426
"2026-09-09 18:00:00","2026-09-10 09:00:00","CAPE","surface",-72.5333,17.7542,2467
"2026-09-09 18:00:00","2026-09-10 09:00:00","CAPE","surface",-72.5094,17.7542,2343
"2026-09-09 18:00:00","2026-09-10 09:00:00","CAPE","surface",-72.4854,17.7542,2364
"2026-09-09 18:00:00","2026-09-10 09:00:00","CAPE","surface",-72.4615,17.7542,2292
"2026-09-09 18:00:00","2026-09-10 09:00:00","CAPE","surface",-72.4376,17.7542,2295
"2026-09-09 18:00:00","2026-09-10 09:00:00","CAPE","surface",-72.4137,17.7542,2221
"2026-09-09 18:00:00","2026-09-10 09:00:00","CAPE","surface",-72.3897,17.7542,2221
"2026-09-09 18:00:00","2026-09-10 09:00:00","CAPE","surface",-72.3658,17.7542,2164
"2026-09-09 18:00:00","2026-09-10 09:00:00","CAPE","surface",-72.3419,17.7542,2191
"2026-09-09 18:00:00","2026-09-10 09:00:00","CAPE","surface",-72.318,17.7542,2169
"2026-09-09 18:00:00","2026-09-10 09:00:00","CAPE","surface",-72.294,17.7542,2220
"2026-09-09 18:00:00","2026-09-10 09:00:00","CAPE","surface",-72.2701,17.7542,2179
"2026-09-09 18:00:00","2026-09-10 09:00:00","CAPE","surface",-72.2462,17.7542,2157
"2026-09-09 18:00:00","2026-09-10 09:00:00","CAPE","surface",-72.2223,17.7542,2157
"2026-09-09 18:00:00","2026-09-10 09:00:00","CAPE","surface",-72.1983,17.7542,2122
"2026-09-09 18:00:00","2026-09-10 09:00:00","CAPE","surface",-72.1744,17.7542,2119
"2026-09-09 18:00:00","2026-09-10 09:00:00","CAPE","surface",-72.1505,17.7542,2060
"2026-09-09 18:00:00","2026-09-10 09:00:00","CAPE","surface",-72.1266,17.7542,2060
"2026-09-09 18:00:00","2026-09-10 09:00:00","CAPE","surface",-72.1026,17.7542,2023
"2026-09-09 18:00:00","2026-09-10 09:00:00","CAPE","surface",-72.0787,17.7542,2023
"2026-09-09 18:00:00","2026-09-10 09:00:00","CAPE","surface",-72.0548,17.7542,1983
"2026-09-09 18:00:00","2026-09-10 09:00:00","CAPE","surface",-72.0309,17.7542,1987
"2026-09-09 18:00:00","2026-09-10 09:00:00","CAPE","surface",-72.0069,17.7542,1956
"2026-09-09 18:00:00","2026-09-10 09:00:00","CAPE","surface",-71.983,17.7542,1940
"2026-09-09 18:00:00","2026-09-10 09:00:00","CAPE","surface",-71.9591,17.7542,1887
"2026-09-09 18:00:00","2026-09-10 09:00:00","CAPE","surface",-71.9352,17.7542,1808
"2026-09-09 18:00:00","2026-09-10 09:00:00","CAPE","surface",-71.9112,17.7542,1795
"2026-09-09 18:00:00","2026-09-10 09:00:00","CAPE","surface",-71.8873,17.7542,1734
"2026-09-09 18:00:00","2026-09-10 09:00:00","CAPE","surface",-71.8634,17.7542,1721
"2026-09-09 18:00:00","2026-09-10 09:00:00","CAPE","surface",-71.8395,17.7542,1655
"2026-09-09 18:00:00","2026-09-10 09:00:00","CAPE","surface",-71.8155,17.7542,1707
"2026-09-09 18:00:00","2026-09-10 09:00:00","CAPE","surface",-71.7916,17.7542,1650
"2026-09-09 18:00:00","2026-09-10 09:00:00","CAPE","surface",-71.7677,17.7542,1754
"2026-09-09 18:00:00","2026-09-10 09:00:00","CAPE","surface",-71.7438,17.7542,1597
"2026-09-09 18:00:00","2026-09-10 09:00:00","CAPE","surface",-71.7198,17.7542,1684
"2026-09-09 18:00:00","2026-09-10 09:00:00","CAPE","surface",-71.6959,17.7542,1571
"2026-09-09 18:00:00","2026-09-10 09:00:00","CAPE","surface",-71.672,17.7542,1664
"2026-09-09 18:00:00","2026-09-10 09:00:00","CAPE","surface",-71.6481,17.7542,1497
"2026-09-09 18:00:00","2026-09-10 09:00:00","CAPE","surface",-71.6241,17.7542,1262
"2026-09-09 18:00:00","2026-09-10 09:00:00","CAPE","surface",-71.6002,17.7542,1478
"2026-09-09 18:00:00","2026-09-10 09:00:00","CAPE","surface",-71.5763,17.7542,1494
"2026-09-09 18:00:00","2026-09-10 09:00:00","CAPE","surface",-71.5524,17.7542,1688
"2026-09-09 18:00:00","2026-09-10 09:00:00","CAPE","surface",-71.5284,17.7542,1525
"2026-09-09 18:00:00","2026-09-10 09:00:00","CAPE","surface",-71.5045,17.7542,1525
"2026-09-09 18:00:00","2026-09-10 09:00:00","CAPE","surface",-71.4806,17.7542,1592
"2026-09-09 18:00:00","2026-09-10 09:00:00","CAPE","surface",-71.4567,17.7542,1772
"2026-09-09 18:00:00","2026-09-10 09:00:00","CAPE","surface",-71.4327,17.7542,1883
"2026-09-09 18:00:00","2026-09-10 09:00:00","CAPE","surface",-71.4088,17.7542,2110
"2026-09-09 18:00:00","2026-09-10 09:00:00","CAPE","surface",-71.3849,17.7542,2136
"2026-09-09 18:00:00","2026-09-10 09:00:00","CAPE","surface",-71.361,17.7542,2349
"2026-09-09 18:00:00","2026-09-10 09:00:00","CAPE","surface",-71.337,17.7542,2508
"2026-09-09 18:00:00","2026-09-10 09:00:00","CAPE","surface",-71.3131,17.7542,2545
"2026-09-09 18:00:00","2026-09-10 09:00:00","CAPE","surface",-71.2892,17.7542,2552
"2026-09-09 18:00:00","2026-09-10 09:00:00","CAPE","surface",-71.2653,17.7542,2500
"2026-09-09 18:00:00","2026-09-10 09:00:00","CAPE","surface",-71.2413,17.7542,2518
"2026-09-09 18:00:00","2026-09-10 09:00:00","CAPE","surface",-71.2174,17.7542,2478
"2026-09-09 18:00:00","2026-09-10 09:00:00","CAPE","surface",-71.1935,17.7542,2465
"2026-09-09 18:00:00","2026-09-10 09:00:00","CAPE","surface",-71.1696,17.7542,2504
"2026-09-09 18:00:00","2026-09-10 09:00:00","CAPE","surface",-71.1456,17.7542,2504
"2026-09-09 18:00:00","2026-09-10 09:00:00","CAPE","surface",-71.1217,17.7542,2569
"2026-09-09 18:00:00","2026-09-10 09:00:00","CAPE","surface",-71.0978,17.7542,2645
"2026-09-09 18:00:00","2026-09-10 09:00:00","CAPE","surface",-71.0739,17.7542,2614
"2026-09-09 18:00:00","2026-09-10 09:00:00","CAPE","surface",-71.0499,17.7542,2568
"2026-09-09 18:00:00","2026-09-10 09:00:00","CAPE","surface",-71.026,17.7542,2568
"2026-09-09 18:00:00","2026-09-10 09:00:00","CAPE","surface",-71.0021,17.7542,2564
"2026-09-09 18:00:00","2026-09-10 09:00:00","CAPE","surface",-70.9782,17.7542,2641
"2026-09-09 18:00:00","2026-09-10 09:00:00","CAPE","surface",-70.9542,17.7542,2719
"2026-09-09 18:00:00","2026-09-10 09:00:00","CAPE","surface",-70.9303,17.7542,2880
"2026-09-09 18:00:00","2026-09-10 09:00:00","CAPE","surface",-70.9064,17.7542,2739
"2026-09-09 18:00:00","2026-09-10 09:00:00","CAPE","surface",-70.8825,17.7542,2890
"2026-09-09 18:00:00","2026-09-10 09:00:00","CAPE","surface",-70.8585,17.7542,2890
"2026-09-09 18:00:00","2026-09-10 09:00:00","CAPE","surface",-70.8346,17.7542,2882
"2026-09-09 18:00:00","2026-09-10 09:00:00","CAPE","surface",-70.8107,17.7542,2887
"2026-09-09 18:00:00","2026-09-10 09:00:00","CAPE","surface",-70.7868,17.7542,2872
"2026-09-09 18:00:00","2026-09-10 09:00:00","CAPE","surface",-70.7628,17.7542,2883
"2026-09-09 18:00:00","2026-09-10 09:00:00","CAPE","surface",-70.7389,17.7542,2900
"2026-09-09 18:00:00","2026-09-10 09:00:00","CAPE","surface",-70.715,17.7542,2894
"2026-09-09 18:00:00","2026-09-10 09:00:00","CAPE","surface",-70.6911,17.7542,2897
"2026-09-09 18:00:00","2026-09-10 09:00:00","CAPE","surface",-70.6671,17.7542,2897
"2026-09-09 18:00:00","2026-09-10 09:00:00","CAPE","surface",-70.6432,17.7542,2900
"2026-09-09 18:00:00","2026-09-10 09:00:00","CAPE","surface",-70.6193,17.7542,2970
"2026-09-09 18:00:00","2026-09-10 09:00:00","CAPE","surface",-70.5954,17.7542,2995
"2026-09-09 18:00:00","2026-09-10 09:00:00","CAPE","surface",-70.5714,17.7542,3001
"2026-09-09 18:00:00","2026-09-10 09:00:00","CAPE","surface",-70.5475,17.7542,3001
"2026-09-09 18:00:00","2026-09-10 09:00:00","CAPE","surface",-70.5236,17.7542,2980
"2026-09-09 18:00:00","2026-09-10 09:00:00","CAPE","surface",-70.4997,17.7542,2957
"2026-09-09 18:00:00","2026-09-10 09:00:00","CAPE","surface",-70.4757,17.7542,2863
"2026-09-09 18:00:00","2026-09-10 09:00:00","CAPE","surface",-70.4518,17.7542,2863
"2026-09-09 18:00:00","2026-09-10 09:00:00","CAPE","surface",-70.4279,17.7542,2815
"2026-09-09 18:00:00","2026-09-10 09:00:00","CAPE","surface",-70.404,17.7542,2790
"2026-09-09 18:00:00","2026-09-10 09:00:00","CAPE","surface",-70.38,17.7542,2754
"2026-09-09 18:00:00","2026-09-10 09:00:00","CAPE","surface",-70.3561,17.7542,2761
"2026-09-09 18:00:00","2026-09-10 09:00:00","CAPE","surface",-70.3322,17.7542,2763
"2026-09-09 18:00:00","2026-09-10 09:00:00","CAPE","surface",-70.3083,17.7542,2789
"2026-09-09 18:00:00","2026-09-10 09:00:00","CAPE","surface",-70.2843,17.7542,2783
"2026-09-09 18:00:00","2026-09-10 09:00:00","CAPE","surface",-70.2604,17.7542,2757
"2026-09-09 18:00:00","2026-09-10 09:00:00","CAPE","surface",-70.2365,17.7542,2657
"2026-09-09 18:00:00","2026-09-10 09:00:00","CAPE","surface",-70.2126,17.7542,2679
"2026-09-09 18:00:00","2026-09-10 09:00:00","CAPE","surface",-70.1886,17.7542,2579
"2026-09-09 18:00:00","2026-09-10 09:00:00","CAPE","surface",-70.1647,17.7542,2550
"2026-09-09 18:00:00","2026-09-10 09:00:00","CAPE","surface",-70.1408,17.7542,2534
"2026-09-09 18:00:00","2026-09-10 09:00:00","CAPE","surface",-70.1169,17.7542,2552
"2026-09-09 18:00:00","2026-09-10 09:00:00","CAPE","surface",-70.0929,17.7542,2514
"2026-09-09 18:00:00","2026-09-10 09:00:00","CAPE","surface",-70.069,17.7542,2579
"2026-09-09 18:00:00","2026-09-10 09:00:00","CAPE","surface",-70.0451,17.7542,2573
"2026-09-09 18:00:00","2026-09-10 09:00:00","CAPE","surface",-70.0212,17.7542,2593
"2026-09-09 18:00:00","2026-09-10 09:00:00","CAPE","surface",-69.9972,17.7542,2571
"2026-09-09 18:00:00","2026-09-10 09:00:00","CAPE","surface",-69.9733,17.7542,2571
"2026-09-09 18:00:00","2026-09-10 09:00:00","CAPE","surface",-69.9494,17.7542,2692
"2026-09-09 18:00:00","2026-09-10 09:00:00","CAPE","surface",-69.9255,17.7542,2674
"2026-09-09 18:00:00","2026-09-10 09:00:00","CAPE","surface",-69.9015,17.7542,2737
"2026-09-09 18:00:00","2026-09-10 09:00:00","CAPE","surface",-69.8776,17.7542,2738
"2026-09-09 18:00:00","2026-09-10 09:00:00","CAPE","surface",-69.8537,17.7542,2502
"2026-09-09 18:00:00","2026-09-10 09:00:00","CAPE","surface",-69.8298,17.7542,2207
"2026-09-09 18:00:00","2026-09-10 09:00:00","CAPE","surface",-69.8058,17.7542,2106
"2026-09-09 18:00:00","2026-09-10 09:00:00","CAPE","surface",-69.7819,17.7542,2125
"2026-09-09 18:00:00","2026-09-10 09:00:00","CAPE","surface",-69.758,17.7542,2125
"2026-09-09 18:00:00","2026-09-10 09:00:00","CAPE","surface",-69.7341,17.7542,2239
"2026-09-09 18:00:00","2026-09-10 09:00:00","CAPE","surface",-69.7101,17.7542,2354
"2026-09-09 18:00:00","2026-09-10 09:00:00","CAPE","surface",-69.6862,17.7542,2425
"2026-09-09 18:00:00","2026-09-10 09:00:00","CAPE","surface",-69.6623,17.7542,2432
"2026-09-09 18:00:00","2026-09-10 09:00:00","CAPE","surface",-69.6384,17.7542,2443
"2026-09-09 18:00:00","2026-09-10 09:00:00","CAPE","surface",-69.6144,17.7542,2452
"2026-09-09 18:00:00","2026-09-10 09:00:00","CAPE","surface",-69.5905,17.7542,2461
"2026-09-09 18:00:00","2026-09-10 09:00:00","CAPE","surface",-69.5666,17.7542,2544
"2026-09-09 18:00:00","2026-09-10 09:00:00","CAPE","surface",-69.5427,17.7542,2544
"2026-09-09 18:00:00","2026-09-10 09:00:00","CAPE","surface",-69.5187,17.7542,2726
"2026-09-09 18:00:00","2026-09-10 09:00:00","CAPE","surface",-69.4948,17.7542,2757
"2026-09-09 18:00:00","2026-09-10 09:00:00","CAPE","surface",-69.4709,17.7542,2538
"2026-09-09 18:00:00","2026-09-10 09:00:00","CAPE","surface",-69.447,17.7542,2347
"2026-09-09 18:00:00","2026-09-10 09:00:00","CAPE","surface",-69.423,17.7542,2347
"2026-09-09 18:00:00","2026-09-10 09:00:00","CAPE","surface",-69.3991,17.7542,2367
"2026-09-09 18:00:00","2026-09-10 09:00:00","CAPE","surface",-69.3752,17.7542,2372
"2026-09-09 18:00:00","2026-09-10 09:00:00","CAPE","surface",-69.3513,17.7542,2320
"2026-09-09 18:00:00","2026-09-10 09:00:00","CAPE","surface",-69.3273,17.7542,2320
"2026-09-09 18:00:00","2026-09-10 09:00:00","CAPE","surface",-69.3034,17.7542,2254
"2026-09-09 18:00:00","2026-09-10 09:00:00","CAPE","surface",-69.2795,17.7542,2247
"2026-09-09 18:00:00","2026-09-10 09:00:00","CAPE","surface",-69.2556,17.7542,2228
"2026-09-09 18:00:00","2026-09-10 09:00:00","CAPE","surface",-69.2316,17.7542,2244
"2026-09-09 18:00:00","2026-09-10 09:00:00","CAPE","surface",-69.2077,17.7542,2244
"2026-09-09 18:00:00","2026-09-10 09:00:00","CAPE","surface",-69.1838,17.7542,2234
"2026-09-09 18:00:00","2026-09-10 09:00:00","CAPE","surface",-69.1599,17.7542,2235
"2026-09-09 18:00:00","2026-09-10 09:00:00","CAPE","surface",-69.1359,17.7542,2243
"2026-09-09 18:00:00","2026-09-10 09:00:00","CAPE","surface",-69.112,17.7542,2243
"2026-09-09 18:00:00","2026-09-10 09:00:00","CAPE","surface",-69.0881,17.7542,2283
"2026-09-09 18:00:00","2026-09-10 09:00:00","CAPE","surface",-69.0642,17.7542,2475
"2026-09-09 18:00:00","2026-09-10 09:00:00","CAPE","surface",-69.0402,17.7542,2570
"2026-09-09 18:00:00","2026-09-10 09:00:00","CAPE","surface",-69.0163,17.7542,2799
"2026-09-09 18:00:00","2026-09-10 09:00:00","CAPE","surface",-68.9924,17.7542,2799
"2026-09-09 18:00:00","2026-09-10 09:00:00","CAPE","surface",-68.9685,17.7542,2841
"2026-09-09 18:00:00","2026-09-10 09:00:00","CAPE","surface",-68.9445,17.7542,2786
"2026-09-09 18:00:00","2026-09-10 09:00:00","CAPE","surface",-68.9206,17.7542,2593
"2026-09-09 18:00:00","2026-09-10 09:00:00","CAPE","surface",-68.8967,17.7542,2593
"2026-09-09 18:00:00","2026-09-10 09:00:00","CAPE","surface",-68.8728,17.7542,2514
"2026-09-09 18:00:00","2026-09-10 09:00:00","CAPE","surface",-68.8488,17.7542,2623
"2026-09-09 18:00:00","2026-09-10 09:00:00","CAPE","surface",-68.8249,17.7542,2710
"2026-09-09 18:00:00","2026-09-10 09:00:00","CAPE","surface",-68.801,17.7542,2891
"2026-09-09 18:00:00","2026-09-10 09:00:00","CAPE","surface",-68.7771,17.7542,2891
"2026-09-09 18:00:00","2026-09-10 09:00:00","CAPE","surface",-68.7531,17.7542,2896
"2026-09-09 18:00:00","2026-09-10 09:00:00","CAPE","surface",-68.7292,17.7542,2904
"2026-09-09 18:00:00","2026-09-10 09:00:00","CAPE","surface",-68.7053,17.7542,2992
"2026-09-09 18:00:00","2026-09-10 09:00:00","CAPE","surface",-68.6813,17.7542,3072
"2026-09-09 18:00:00","2026-09-10 09:00:00","CAPE","surface",-68.6574,17.7542,3202
"2026-09-09 18:00:00","2026-09-10 09:00:00","CAPE","surface",-68.6335,17.7542,3352
"2026-09-09 18:00:00","2026-09-10 09:00:00","CAPE","surface",-68.6096,17.7542,3232
"2026-09-09 18:00:00","2026-09-10 09:00:00","CAPE","surface",-68.5856,17.7542,2666
"2026-09-09 18:00:00","2026-09-10 09:00:00","CAPE","surface",-68.5617,17.7542,2666
"2026-09-09 18:00:00","2026-09-10 09:00:00","CAPE","surface",-68.5378,17.7542,2032
"2026-09-09 18:00:00","2026-09-10 09:00:00","CAPE","surface",-68.5139,17.7542,2033
"2026-09-09 18:00:00","2026-09-10 09:00:00","CAPE","surface",-68.4899,17.7542,2137
"2026-09-09 18:00:00","2026-09-10 09:00:00","CAPE","surface",-68.466,17.7542,2299
"2026-09-09 18:00:00","2026-09-10 09:00:00","CAPE","surface",-68.4421,17.7542,2452
"2026-09-09 18:00:00","2026-09-10 09:00:00","CAPE","surface",-68.4182,17.7542,2670
"2026-09-09 18:00:00","2026-09-10 09:00:00","CAPE","surface",-68.3942,17.7542,2767
"2026-09-09 18:00:00","2026-09-10 09:00:00","CAPE","surface",-68.3703,17.7542,2784
"2026-09-09 18:00:00","2026-09-10 09:00:00","CAPE","surface",-68.3464,17.7542,2834
"2026-09-09 18:00:00","2026-09-10 09:00:00","CAPE","surface",-68.3225,17.7542,2821
"2026-09-09 18:00:00","2026-09-10 09:00:00","CAPE","surface",-68.2985,17.7542,2770
"2026-09-09 18:00:00","2026-09-10 09:00:00","CAPE","surface",-68.2746,17.7542,2774
"2026-09-09 18:00:00","2026-09-10 09:00:00","CAPE","surface",-68.2507,17.7542,2786
"2026-09-09 18:00:00","2026-09-10 09:00:00","CAPE","surface",-68.2268,17.7542,2806
"2026-09-09 18:00:00","2026-09-10 09:00:00","CAPE","surface",-68.2028,17.7542,2908
"2026-09-09 18:00:00","2026-09-10 09:00:00","CAPE","surface",-68.1789,17.7542,2893
"2026-09-09 18:00:00","2026-09-10 09:00:00","CAPE","surface",-68.155,17.7542,2957
"2026-09-09 18:00:00","2026-09-10 09:00:00","CAPE","surface",-68.1311,17.7542,2979
"2026-09-09 18:00:00","2026-09-10 09:00:00","CAPE","surface",-68.1071,17.7542,2984
"2026-09-09 18:00:00","2026-09-10 09:00:00","CAPE","surface",-68.0832,17.7542,3009
"2026-09-09 18:00:00","2026-09-10 09:00:00","CAPE","surface",-68.0593,17.7542,3009
"2026-09-09 18:00:00","2026-09-10 09:00:00","CAPE","surface",-68.0354,17.7542,3028
"2026-09-09 18:00:00","2026-09-10 09:00:00","CAPE","surface",-68.0114,17.7542,3018
"2026-09-09 18:00:00","2026-09-10 09:00:00","CAPE","surface",-67.9875,17.7542,3131
"2026-09-09 18:00:00","2026-09-10 09:00:00","CAPE","surface",-67.9636,17.7542,3205
"2026-09-09 18:00:00","2026-09-10 09:00:00","CAPE","surface",-67.9397,17.7542,3205
"2026-09-09 18:00:00","2026-09-10 09:00:00","CAPE","surface",-67.9157,17.7542,3183
"2026-09-09 18:00:00","2026-09-10 09:00:00","CAPE","surface",-67.8918,17.7542,3124
"2026-09-09 18:00:00","2026-09-10 09:00:00","CAPE","surface",-67.8679,17.7542,3183
"2026-09-09 18:00:00","2026-09-10 09:00:00","CAPE","surface",-67.844,17.7542,3183
"2026-09-09 18:00:00","2026-09-10 09:00:00","CAPE","surface",-67.82,17.7542,3305
"2026-09-09 18:00:00","2026-09-10 09:00:00","CAPE","surface",-67.7961,17.7542,3236
"2026-09-09 18:00:00","2026-09-10 09:00:00","CAPE","surface",-67.7722,17.7542,3133
"2026-09-09 18:00:00","2026-09-10 09:00:00","CAPE","surface",-67.7483,17.7542,3138
"2026-09-09 18:00:00","2026-09-10 09:00:00","CAPE","surface",-67.7243,17.7542,3128
"2026-09-09 18:00:00","2026-09-10 09:00:00","CAPE","surface",-67.7004,17.7542,3194
"2026-09-09 18:00:00","2026-09-10 09:00:00","CAPE","surface",-67.6765,17.7542,3232
"2026-09-09 18:00:00","2026-09-10 09:00:00","CAPE","surface",-67.6526,17.7542,2929
"2026-09-09 18:00:00","2026-09-10 09:00:00","CAPE","surface",-67.6286,17.7542,2843
"2026-09-09 18:00:00","2026-09-10 09:00:00","CAPE","surface",-67.6047,17.7542,2742
"2026-09-09 18:00:00","2026-09-10 09:00:00","CAPE","surface",-67.5808,17.7542,2643
"2026-09-09 18:00:00","2026-09-10 09:00:00","CAPE","surface",-67.5569,17.7542,2439
"2026-09-09 18:00:00","2026-09-10 09:00:00","CAPE","surface",-67.5329,17.7542,2560
"2026-09-09 18:00:00","2026-09-10 09:00:00","CAPE","surface",-67.509,17.7542,2364
"2026-09-09 18:00:00","2026-09-10 09:00:00","CAPE","surface",-67.4851,17.7542,2513
"2026-09-09 18:00:00","2026-09-10 09:00:00","CAPE","surface",-67.4612,17.7542,2623
"2026-09-09 18:00:00","2026-09-10 09:00:00","CAPE","surface",-67.4372,17.7542,2623
"2026-09-09 18:00:00","2026-09-10 09:00:00","CAPE","surface",-67.4133,17.7542,2688
"2026-09-09 18:00:00","2026-09-10 09:00:00","CAPE","surface",-67.3894,17.7542,2522
"2026-09-09 18:00:00","2026-09-10 09:00:00","CAPE","surface",-67.3655,17.7542,2671
"2026-09-09 18:00:00","2026-09-10 09:00:00","CAPE","surface",-67.3415,17.7542,2671
"2026-09-09 18:00:00","2026-09-10 09:00:00","CAPE","surface",-67.3176,17.7542,2814
"2026-09-09 18:00:00","2026-09-10 09:00:00","CAPE","surface",-67.2937,17.7542,2929
"2026-09-09 18:00:00","2026-09-10 09:00:00","CAPE","surface",-67.2698,17.7542,2868
"2026-09-09 18:00:00","2026-09-10 09:00:00","CAPE","surface",-67.2458,17.7542,3056
"2026-09-09 18:00:00","2026-09-10 09:00:00","CAPE","surface",-67.2219,17.7542,3074
"2026-09-09 18:00:00","2026-09-10 09:00:00","CAPE","surface",-67.198,17.7542,3173
"2026-09-09 18:00:00","2026-09-10 09:00:00","CAPE","surface",-67.1741,17.7542,3200
"2026-09-09 18:00:00","2026-09-10 09:00:00","CAPE","surface",-67.1501,17.7542,3248
"2026-09-09 18:00:00","2026-09-10 09:00:00","CAPE","surface",-67.1262,17.7542,3207
"2026-09-09 18:00:00","2026-09-10 09:00:00","CAPE","surface",-67.1023,17.7542,3248
"2026-09-09 18:00:00","2026-09-10 09:00:00","CAPE","surface",-67.0784,17.7542,3218
"2026-09-09 18:00:00","2026-09-10 09:00:00","CAPE","surface",-67.0544,17.7542,3282
"2026-09-09 18:00:00","2026-09-10 09:00:00","CAPE","surface",-67.0305,17.7542,3199
"2026-09-09 18:00:00","2026-09-10 09:00:00","CAPE","surface",-67.0066,17.7542,3118
"2026-09-09 18:00:00","2026-09-10 09:00:00","CAPE","surface",-74.7822,17.777,2117
"2026-09-09 18:00:00","2026-09-10 09:00:00","CAPE","surface",-74.7583,17.777,2185
"2026-09-09 18:00:00","2026-09-10 09:00:00","CAPE","surface",-74.7344,17.777,2262
"2026-09-09 18:00:00","2026-09-10 09:00:00","CAPE","surface",-74.7105,17.777,2298
"2026-09-09 18:00:00","2026-09-10 09:00:00","CAPE","surface",-74.6865,17.777,2217
"2026-09-09 18:00:00","2026-09-10 09:00:00","CAPE","surface",-74.6626,17.777,2199
"2026-09-09 18:00:00","2026-09-10 09:00:00","CAPE","surface",-74.6387,17.777,2227
"2026-09-09 18:00:00","2026-09-10 09:00:00","CAPE","surface",-74.6148,17.777,2272
"2026-09-09 18:00:00","2026-09-10 09:00:00","CAPE","surface",-74.5908,17.777,2360
"2026-09-09 18:00:00","2026-09-10 09:00:00","CAPE","surface",-74.5669,17.777,2364
"2026-09-09 18:00:00","2026-09-10 09:00:00","CAPE","surface",-74.543,17.777,2421
"2026-09-09 18:00:00","2026-09-10 09:00:00","CAPE","surface",-74.5191,17.777,2405
"2026-09-09 18:00:00","2026-09-10 09:00:00","CAPE","surface",-74.4951,17.777,2526
"2026-09-09 18:00:00","2026-09-10 09:00:00","CAPE","surface",-74.4712,17.777,2574
"2026-09-09 18:00:00","2026-09-10 09:00:00","CAPE","surface",-74.4473,17.777,2624
"2026-09-09 18:00:00","2026-09-10 09:00:00","CAPE","surface",-74.4234,17.777,2630
"2026-09-09 18:00:00","2026-09-10 09:00:00","CAPE","surface",-74.3994,17.777,2457
"2026-09-09 18:00:00","2026-09-10 09:00:00","CAPE","surface",-74.3755,17.777,2326
"2026-09-09 18:00:00","2026-09-10 09:00:00","CAPE","surface",-74.3516,17.777,2383
"2026-09-09 18:00:00","2026-09-10 09:00:00","CAPE","surface",-74.3277,17.777,2309
"2026-09-09 18:00:00","2026-09-10 09:00:00","CAPE","surface",-74.3037,17.777,2315
"2026-09-09 18:00:00","2026-09-10 09:00:00","CAPE","surface",-74.2798,17.777,2285
"2026-09-09 18:00:00","2026-09-10 09:00:00","CAPE","surface",-74.2559,17.777,2276
"2026-09-09 18:00:00","2026-09-10 09:00:00","CAPE","surface",-74.232,17.777,2317
"2026-09-09 18:00:00","2026-09-10 09:00:00","CAPE","surface",-74.208,17.777,2317
"2026-09-09 18:00:00","2026-09-10 09:00:00","CAPE","surface",-74.1841,17.777,2384
"2026-09-09 18:00:00","2026-09-10 09:00:00","CAPE","surface",-74.1602,17.777,2425
"2026-09-09 18:00:00","2026-09-10 09:00:00","CAPE","surface",-74.1363,17.777,2349
"2026-09-09 18:00:00","2026-09-10 09:00:00","CAPE","surface",-74.1123,17.777,2358
"2026-09-09 18:00:00","2026-09-10 09:00:00","CAPE","surface",-74.0884,17.777,2306
"2026-09-09 18:00:00","2026-09-10 09:00:00","CAPE","surface",-74.0645,17.777,2306
"2026-09-09 18:00:00","2026-09-10 09:00:00","CAPE","surface",-74.0406,17.777,2299
"2026-09-09 18:00:00","2026-09-10 09:00:00","CAPE","surface",-74.0166,17.777,2376
"2026-09-09 18:00:00","2026-09-10 09:00:00","CAPE","surface",-73.9927,17.777,2455
"2026-09-09 18:00:00","2026-09-10 09:00:00","CAPE","surface",-73.9688,17.777,2620
"2026-09-09 18:00:00","2026-09-10 09:00:00","CAPE","surface",-73.9449,17.777,2740
"2026-09-09 18:00:00","2026-09-10 09:00:00","CAPE","surface",-73.9209,17.777,2740
"2026-09-09 18:00:00","2026-09-10 09:00:00","CAPE","surface",-73.897,17.777,2555
"2026-09-09 18:00:00","2026-09-10 09:00:00","CAPE","surface",-73.8731,17.777,2546
"2026-09-09 18:00:00","2026-09-10 09:00:00","CAPE","surface",-73.8492,17.777,2267
"2026-09-09 18:00:00","2026-09-10 09:00:00","CAPE","surface",-73.8252,17.777,2272
"2026-09-09 18:00:00","2026-09-10 09:00:00","CAPE","surface",-73.8013,17.777,2304
"2026-09-09 18:00:00","2026-09-10 09:00:00","CAPE","surface",-73.7774,17.777,2304
"2026-09-09 18:00:00","2026-09-10 09:00:00","CAPE","surface",-73.7535,17.777,2346
"2026-09-09 18:00:00","2026-09-10 09:00:00","CAPE","surface",-73.7295,17.777,2373
"2026-09-09 18:00:00","2026-09-10 09:00:00","CAPE","surface",-73.7056,17.777,2305
"2026-09-09 18:00:00","2026-09-10 09:00:00","CAPE","surface",-73.6817,17.777,2322
"2026-09-09 18:00:00","2026-09-10 09:00:00","CAPE","surface",-73.6578,17.777,2295
"2026-09-09 18:00:00","2026-09-10 09:00:00","CAPE","surface",-73.6338,17.777,2262
"2026-09-09 18:00:00","2026-09-10 09:00:00","CAPE","surface",-73.6099,17.777,2247
"2026-09-09 18:00:00","2026-09-10 09:00:00","CAPE","surface",-73.586,17.777,2201
"2026-09-09 18:00:00","2026-09-10 09:00:00","CAPE","surface",-73.5621,17.777,2224
"2026-09-09 18:00:00","2026-09-10 09:00:00","CAPE","surface",-73.5381,17.777,2240
"2026-09-09 18:00:00","2026-09-10 09:00:00","CAPE","surface",-73.5142,17.777,2240
"2026-09-09 18:00:00","2026-09-10 09:00:00","CAPE","surface",-73.4903,17.777,2246
"2026-09-09 18:00:00","2026-09-10 09:00:00","CAPE","surface",-73.4664,17.777,2232
"2026-09-09 18:00:00","2026-09-10 09:00:00","CAPE","surface",-73.4424,17.777,2245
"2026-09-09 18:00:00","2026-09-10 09:00:00","CAPE","surface",-73.4185,17.777,2256
"2026-09-09 18:00:00","2026-09-10 09:00:00","CAPE","surface",-73.3946,17.777,2332
"2026-09-09 18:00:00","2026-09-10 09:00:00","CAPE","surface",-73.3707,17.777,2332
"2026-09-09 18:00:00","2026-09-10 09:00:00","CAPE","surface",-73.3467,17.777,2347
"2026-09-09 18:00:00","2026-09-10 09:00:00","CAPE","surface",-73.3228,17.777,2343
"2026-09-09 18:00:00","2026-09-10 09:00:00","CAPE","surface",-73.2989,17.777,2345
"2026-09-09 18:00:00","2026-09-10 09:00:00","CAPE","surface",-73.275,17.777,2328
"2026-09-09 18:00:00","2026-09-10 09:00:00","CAPE","surface",-73.251,17.777,2312
"2026-09-09 18:00:00","2026-09-10 09:00:00","CAPE","surface",-73.2271,17.777,2312
"2026-09-09 18:00:00","2026-09-10 09:00:00","CAPE","surface",-73.2032,17.777,2367
"2026-09-09 18:00:00","2026-09-10 09:00:00","CAPE","surface",-73.1793,17.777,2424
"2026-09-09 18:00:00","2026-09-10 09:00:00","CAPE","surface",-73.1553,17.777,2441
"2026-09-09 18:00:00","2026-09-10 09:00:00","CAPE","surface",-73.1314,17.777,2444
"2026-09-09 18:00:00","2026-09-10 09:00:00","CAPE","surface",-73.1075,17.777,2444
"2026-09-09 18:00:00","2026-09-10 09:00:00","CAPE","surface",-73.0836,17.777,2405
"2026-09-09 18:00:00","2026-09-10 09:00:00","CAPE","surface",-73.0596,17.777,2383
"2026-09-09 18:00:00","2026-09-10 09:00:00","CAPE","surface",-73.0357,17.777,2388
"2026-09-09 18:00:00","2026-09-10 09:00:00","CAPE","surface",-73.0118,17.777,2373
"2026-09-09 18:00:00","2026-09-10 09:00:00","CAPE","surface",-72.9879,17.777,2422
"2026-09-09 18:00:00","2026-09-10 09:00:00","CAPE","surface",-72.9639,17.777,2422
"2026-09-09 18:00:00","2026-09-10 09:00:00","CAPE","surface",-72.94,17.777,2428
"2026-09-09 18:00:00","2026-09-10 09:00:00","CAPE","surface",-72.9161,17.777,2407
"2026-09-09 18:00:00","2026-09-10 09:00:00","CAPE","surface",-72.8922,17.777,2252
"2026-09-09 18:00:00","2026-09-10 09:00:00","CAPE","surface",-72.8682,17.777,2238
"2026-09-09 18:00:00","2026-09-10 09:00:00","CAPE","surface",-72.8443,17.777,2163
"2026-09-09 18:00:00","2026-09-10 09:00:00","CAPE","surface",-72.8204,17.777,2171
"2026-09-09 18:00:00","2026-09-10 09:00:00","CAPE","surface",-72.7965,17.777,2111
"2026-09-09 18:00:00","2026-09-10 09:00:00","CAPE","surface",-72.7725,17.777,2048
"2026-09-09 18:00:00","2026-09-10 09:00:00","CAPE","surface",-72.7486,17.777,2122
"2026-09-09 18:00:00","2026-09-10 09:00:00","CAPE","surface",-72.7247,17.777,2164
"2026-09-09 18:00:00","2026-09-10 09:00:00","CAPE","surface",-72.7008,17.777,2164
"2026-09-09 18:00:00","2026-09-10 09:00:00","CAPE","surface",-72.6768,17.777,2196
"2026-09-09 18:00:00","2026-09-10 09:00:00","CAPE","surface",-72.6529,17.777,2279
"2026-09-09 18:00:00","2026-09-10 09:00:00","CAPE","surface",-72.629,17.777,2335
"2026-09-09 18:00:00","2026-09-10 09:00:00","CAPE","surface",-72.6051,17.777,2395
"2026-09-09 18:00:00","2026-09-10 09:00:00","CAPE","surface",-72.5811,17.777,2358
"2026-09-09 18:00:00","2026-09-10 09:00:00","CAPE","surface",-72.5572,17.777,2390
"2026-09-09 18:00:00","2026-09-10 09:00:00","CAPE","surface",-72.5333,17.777,2331
"2026-09-09 18:00:00","2026-09-10 09:00:00","CAPE","surface",-72.5094,17.777,2343
"2026-09-09 18:00:00","2026-09-10 09:00:00","CAPE","surface",-72.4854,17.777,2292
"2026-09-09 18:00:00","2026-09-10 09:00:00","CAPE","surface",-72.4615,17.777,2292
"2026-09-09 18:00:00","2026-09-10 09:00:00","CAPE","surface",-72.4376,17.777,2232
"2026-09-09 18:00:00","2026-09-10 09:00:00","CAPE","surface",-72.4137,17.777,2185
"2026-09-09 18:00:00","2026-09-10 09:00:00","CAPE","surface",-72.3897,17.777,2168
"2026-09-09 18:00:00","2026-09-10 09:00:00","CAPE","surface",-72.3658,17.777,2131
"2026-09-09 18:00:00","2026-09-10 09:00:00","CAPE","surface",-72.3419,17.777,2136
"2026-09-09 18:00:00","2026-09-10 09:00:00","CAPE","surface",-72.318,17.777,2127
"2026-09-09 18:00:00","2026-09-10 09:00:00","CAPE","surface",-72.294,17.777,2142
"2026-09-09 18:00:00","2026-09-10 09:00:00","CAPE","surface",-72.2701,17.777,2147
"2026-09-09 18:00:00","2026-09-10 09:00:00","CAPE","surface",-72.2462,17.777,2157
"2026-09-09 18:00:00","2026-09-10 09:00:00","CAPE","surface",-72.2223,17.777,2128
"2026-09-09 18:00:00","2026-09-10 09:00:00","CAPE","surface",-72.1983,17.777,2128
"2026-09-09 18:00:00","2026-09-10 09:00:00","CAPE","surface",-72.1744,17.777,2082
"2026-09-09 18:00:00","2026-09-10 09:00:00","CAPE","surface",-72.1505,17.777,2070
"2026-09-09 18:00:00","2026-09-10 09:00:00","CAPE","surface",-72.1266,17.777,2029
"2026-09-09 18:00:00","2026-09-10 09:00:00","CAPE","surface",-72.1026,17.777,2023
"2026-09-09 18:00:00","2026-09-10 09:00:00","CAPE","surface",-72.0787,17.777,2006
"2026-09-09 18:00:00","2026-09-10 09:00:00","CAPE","surface",-72.0548,17.777,1991
"2026-09-09 18:00:00","2026-09-10 09:00:00","CAPE","surface",-72.0309,17.777,1977
"2026-09-09 18:00:00","2026-09-10 09:00:00","CAPE","surface",-72.0069,17.777,1948
"2026-09-09 18:00:00","2026-09-10 09:00:00","CAPE","surface",-71.983,17.777,1921
"2026-09-09 18:00:00","2026-09-10 09:00:00","CAPE","surface",-71.9591,17.777,1886
"2026-09-09 18:00:00","2026-09-10 09:00:00","CAPE","surface",-71.9352,17.777,1847
"2026-09-09 18:00:00","2026-09-10 09:00:00","CAPE","surface",-71.9112,17.777,1763
"2026-09-09 18:00:00","2026-09-10 09:00:00","CAPE","surface",-71.8873,17.777,1734
"2026-09-09 18:00:00","2026-09-10 09:00:00","CAPE","surface",-71.8634,17.777,1667
"2026-09-09 18:00:00","2026-09-10 09:00:00","CAPE","surface",-71.8395,17.777,1655
"2026-09-09 18:00:00","2026-09-10 09:00:00","CAPE","surface",-71.8155,17.777,1607
"2026-09-09 18:00:00","2026-09-10 09:00:00","CAPE","surface",-71.7916,17.777,1600
"2026-09-09 18:00:00","2026-09-10 09:00:00","CAPE","surface",-71.7677,17.777,1553
"2026-09-09 18:00:00","2026-09-10 09:00:00","CAPE","surface",-71.7438,17.777,1519
"2026-09-09 18:00:00","2026-09-10 09:00:00","CAPE","surface",-71.7198,17.777,1521
"2026-09-09 18:00:00","2026-09-10 09:00:00","CAPE","surface",-71.6959,17.777,1466
"2026-09-09 18:00:00","2026-09-10 09:00:00","CAPE","surface",-71.672,17.777,1413
"2026-09-09 18:00:00","2026-09-10 09:00:00","CAPE","surface",-71.6481,17.777,1152
"2026-09-09 18:00:00","2026-09-10 09:00:00","CAPE","surface",-71.6241,17.777,1262
"2026-09-09 18:00:00","2026-09-10 09:00:00","CAPE","surface",-71.6002,17.777,1310
"2026-09-09 18:00:00","2026-09-10 09:00:00","CAPE","surface",-71.5763,17.777,1310
"2026-09-09 18:00:00","2026-09-10 09:00:00","CAPE","surface",-71.5524,17.777,1322
"2026-09-09 18:00:00","2026-09-10 09:00:00","CAPE","surface",-71.5284,17.777,1398
"2026-09-09 18:00:00","2026-09-10 09:00:00","CAPE","surface",-71.5045,17.777,1455
"2026-09-09 18:00:00","2026-09-10 09:00:00","CAPE","surface",-71.4806,17.777,1488
"2026-09-09 18:00:00","2026-09-10 09:00:00","CAPE","surface",-71.4567,17.777,1488
"2026-09-09 18:00:00","2026-09-10 09:00:00","CAPE","surface",-71.4327,17.777,1541
"2026-09-09 18:00:00","2026-09-10 09:00:00","CAPE","surface",-71.4088,17.777,1787
"2026-09-09 18:00:00","2026-09-10 09:00:00","CAPE","surface",-71.3849,17.777,1999
"2026-09-09 18:00:00","2026-09-10 09:00:00","CAPE","surface",-71.361,17.777,2349
"2026-09-09 18:00:00","2026-09-10 09:00:00","CAPE","surface",-71.337,17.777,2137
"2026-09-09 18:00:00","2026-09-10 09:00:00","CAPE","surface",-71.3131,17.777,2444
"2026-09-09 18:00:00","2026-09-10 09:00:00","CAPE","surface",-71.2892,17.777,2474
"2026-09-09 18:00:00","2026-09-10 09:00:00","CAPE","surface",-71.2653,17.777,2500
"2026-09-09 18:00:00","2026-09-10 09:00:00","CAPE","surface",-71.2413,17.777,2487
"2026-09-09 18:00:00","2026-09-10 09:00:00","CAPE","surface",-71.2174,17.777,2487
"2026-09-09 18:00:00","2026-09-10 09:00:00","CAPE","surface",-71.1935,17.777,2451
"2026-09-09 18:00:00","2026-09-10 09:00:00","CAPE","surface",-71.1696,17.777,2474
"2026-09-09 18:00:00","2026-09-10 09:00:00","CAPE","surface",-71.1456,17.777,2516
"2026-09-09 18:00:00","2026-09-10 09:00:00","CAPE","surface",-71.1217,17.777,2522
"2026-09-09 18:00:00","2026-09-10 09:00:00","CAPE","surface",-71.0978,17.777,2522
"2026-09-09 18:00:00","2026-09-10 09:00:00","CAPE","surface",-71.0739,17.777,2470
"2026-09-09 18:00:00","2026-09-10 09:00:00","CAPE","surface",-71.0499,17.777,2507
"2026-09-09 18:00:00","2026-09-10 09:00:00","CAPE","surface",-71.026,17.777,2487
"2026-09-09 18:00:00","2026-09-10 09:00:00","CAPE","surface",-71.0021,17.777,2564
"2026-09-09 18:00:00","2026-09-10 09:00:00","CAPE","surface",-70.9782,17.777,2481
"2026-09-09 18:00:00","2026-09-10 09:00:00","CAPE","surface",-70.9542,17.777,2579
"2026-09-09 18:00:00","2026-09-10 09:00:00","CAPE","surface",-70.9303,17.777,2581
"2026-09-09 18:00:00","2026-09-10 09:00:00","CAPE","surface",-70.9064,17.777,2617
"2026-09-09 18:00:00","2026-09-10 09:00:00","CAPE","surface",-70.8825,17.777,2771
"2026-09-09 18:00:00","2026-09-10 09:00:00","CAPE","surface",-70.8585,17.777,2654
"2026-09-09 18:00:00","2026-09-10 09:00:00","CAPE","surface",-70.8346,17.777,2807
"2026-09-09 18:00:00","2026-09-10 09:00:00","CAPE","surface",-70.8107,17.777,2829
"2026-09-09 18:00:00","2026-09-10 09:00:00","CAPE","surface",-70.7868,17.777,2872
"2026-09-09 18:00:00","2026-09-10 09:00:00","CAPE","surface",-70.7628,17.777,2881
"2026-09-09 18:00:00","2026-09-10 09:00:00","CAPE","surface",-70.7389,17.777,2881
"2026-09-09 18:00:00","2026-09-10 09:00:00","CAPE","surface",-70.715,17.777,2885
"2026-09-09 18:00:00","2026-09-10 09:00:00","CAPE","surface",-70.6911,17.777,2899
"2026-09-09 18:00:00","2026-09-10 09:00:00","CAPE","surface",-70.6671,17.777,2893
"2026-09-09 18:00:00","2026-09-10 09:00:00","CAPE","surface",-70.6432,17.777,2859
"2026-09-09 18:00:00","2026-09-10 09:00:00","CAPE","surface",-70.6193,17.777,2859
"2026-09-09 18:00:00","2026-09-10 09:00:00","CAPE","surface",-70.5954,17.777,2828
"2026-09-09 18:00:00","2026-09-10 09:00:00","CAPE","surface",-70.5714,17.777,2926
"2026-09-09 18:00:00","2026-09-10 09:00:00","CAPE","surface",-70.5475,17.777,2897
"2026-09-09 18:00:00","2026-09-10 09:00:00","CAPE","surface",-70.5236,17.777,2897
"2026-09-09 18:00:00","2026-09-10 09:00:00","CAPE","surface",-70.4997,17.777,2882
"2026-09-09 18:00:00","2026-09-10 09:00:00","CAPE","surface",-70.4757,17.777,2913
"2026-09-09 18:00:00","2026-09-10 09:00:00","CAPE","surface",-70.4518,17.777,2845
"2026-09-09 18:00:00","2026-09-10 09:00:00","CAPE","surface",-70.4279,17.777,2764
"2026-09-09 18:00:00","2026-09-10 09:00:00","CAPE","surface",-70.404,17.777,2764
"2026-09-09 18:00:00","2026-09-10 09:00:00","CAPE","surface",-70.38,17.777,2670
"2026-09-09 18:00:00","2026-09-10 09:00:00","CAPE","surface",-70.3561,17.777,2717
"2026-09-09 18:00:00","2026-09-10 09:00:00","CAPE","surface",-70.3322,17.777,2736
"2026-09-09 18:00:00","2026-09-10 09:00:00","CAPE","surface",-70.3083,17.777,2789
"2026-09-09 18:00:00","2026-09-10 09:00:00","CAPE","surface",-70.2843,17.777,2762
"2026-09-09 18:00:00","2026-09-10 09:00:00","CAPE","surface",-70.2604,17.777,2790
"2026-09-09 18:00:00","2026-09-10 09:00:00","CAPE","surface",-70.2365,17.777,2785
"2026-09-09 18:00:00","2026-09-10 09:00:00","CAPE","surface",-70.2126,17.777,2725
"2026-09-09 18:00:00","2026-09-10 09:00:00","CAPE","surface",-70.1886,17.777,2617
"2026-09-09 18:00:00","2026-09-10 09:00:00","CAPE","surface",-70.1647,17.777,2664
"2026-09-09 18:00:00","2026-09-10 09:00:00","CAPE","surface",-70.1408,17.777,2564
"2026-09-09 18:00:00","2026-09-10 09:00:00","CAPE","surface",-70.1169,17.777,2501
"2026-09-09 18:00:00","2026-09-10 09:00:00","CAPE","surface",-70.0929,17.777,2514
"2026-09-09 18:00:00","2026-09-10 09:00:00","CAPE","surface",-70.069,17.777,2519
"2026-09-09 18:00:00","2026-09-10 09:00:00","CAPE","surface",-70.0451,17.777,2519
"2026-09-09 18:00:00","2026-09-10 09:00:00","CAPE","surface",-70.0212,17.777,2539
"2026-09-09 18:00:00","2026-09-10 09:00:00","CAPE","surface",-69.9972,17.777,2679
"2026-09-09 18:00:00","2026-09-10 09:00:00","CAPE","surface",-69.9733,17.777,2702
"2026-09-09 18:00:00","2026-09-10 09:00:00","CAPE","surface",-69.9494,17.777,2866
"2026-09-09 18:00:00","2026-09-10 09:00:00","CAPE","surface",-69.9255,17.777,2848
"2026-09-09 18:00:00","2026-09-10 09:00:00","CAPE","surface",-69.9015,17.777,2875
"2026-09-09 18:00:00","2026-09-10 09:00:00","CAPE","surface",-69.8776,17.777,2738
"2026-09-09 18:00:00","2026-09-10 09:00:00","CAPE","surface",-69.8537,17.777,2430
"2026-09-09 18:00:00","2026-09-10 09:00:00","CAPE","surface",-69.8298,17.777,2430
"2026-09-09 18:00:00","2026-09-10 09:00:00","CAPE","surface",-69.8058,17.777,2213
"2026-09-09 18:00:00","2026-09-10 09:00:00","CAPE","surface",-69.7819,17.777,2192
"2026-09-09 18:00:00","2026-09-10 09:00:00","CAPE","surface",-69.758,17.777,2181
"2026-09-09 18:00:00","2026-09-10 09:00:00","CAPE","surface",-69.7341,17.777,2282
"2026-09-09 18:00:00","2026-09-10 09:00:00","CAPE","surface",-69.7101,17.777,2282
"2026-09-09 18:00:00","2026-09-10 09:00:00","CAPE","surface",-69.6862,17.777,2388
"2026-09-09 18:00:00","2026-09-10 09:00:00","CAPE","surface",-69.6623,17.777,2432
"2026-09-09 18:00:00","2026-09-10 09:00:00","CAPE","surface",-69.6384,17.777,2445
"2026-09-09 18:00:00","2026-09-10 09:00:00","CAPE","surface",-69.6144,17.777,2445
"2026-09-09 18:00:00","2026-09-10 09:00:00","CAPE","surface",-69.5905,17.777,2458
"2026-09-09 18:00:00","2026-09-10 09:00:00","CAPE","surface",-69.5666,17.777,2603
"2026-09-09 18:00:00","2026-09-10 09:00:00","CAPE","surface",-69.5427,17.777,2664
"2026-09-09 18:00:00","2026-09-10 09:00:00","CAPE","surface",-69.5187,17.777,2756
"2026-09-09 18:00:00","2026-09-10 09:00:00","CAPE","surface",-69.4948,17.777,2756
"2026-09-09 18:00:00","2026-09-10 09:00:00","CAPE","surface",-69.4709,17.777,2539
"2026-09-09 18:00:00","2026-09-10 09:00:00","CAPE","surface",-69.447,17.777,2408
"2026-09-09 18:00:00","2026-09-10 09:00:00","CAPE","surface",-69.423,17.777,2355
"2026-09-09 18:00:00","2026-09-10 09:00:00","CAPE","surface",-69.3991,17.777,2355
"2026-09-09 18:00:00","2026-09-10 09:00:00","CAPE","surface",-69.3752,17.777,2315
"2026-09-09 18:00:00","2026-09-10 09:00:00","CAPE","surface",-69.3513,17.777,2207
"2026-09-09 18:00:00","2026-09-10 09:00:00","CAPE","surface",-69.3273,17.777,2244
"2026-09-09 18:00:00","2026-09-10 09:00:00","CAPE","surface",-69.3034,17.777,2252
"2026-09-09 18:00:00","2026-09-10 09:00:00","CAPE","surface",-69.2795,17.777,2252
"2026-09-09 18:00:00","2026-09-10 09:00:00","CAPE","surface",-69.2556,17.777,2289
"2026-09-09 18:00:00","2026-09-10 09:00:00","CAPE","surface",-69.2316,17.777,2259
"2026-09-09 18:00:00","2026-09-10 09:00:00","CAPE","surface",-69.2077,17.777,2243
"2026-09-09 18:00:00","2026-09-10 09:00:00","CAPE","surface",-69.1838,17.777,2234
"2026-09-09 18:00:00","2026-09-10 09:00:00","CAPE","surface",-69.1599,17.777,2238
"2026-09-09 18:00:00","2026-09-10 09:00:00","CAPE","surface",-69.1359,17.777,2238
"2026-09-09 18:00:00","2026-09-10 09:00:00","CAPE","surface",-69.112,17.777,2247
"2026-09-09 18:00:00","2026-09-10 09:00:00","CAPE","surface",-69.0881,17.777,2394
"2026-09-09 18:00:00","2026-09-10 09:00:00","CAPE","surface",-69.0642,17.777,2394
"2026-09-09 18:00:00","2026-09-10 09:00:00","CAPE","surface",-69.0402,17.777,2634
"2026-09-09 18:00:00","2026-09-10 09:00:00","CAPE","surface",-69.0163,17.777,2741
"2026-09-09 18:00:00","2026-09-10 09:00:00","CAPE","surface",-68.9924,17.777,2852
"2026-09-09 18:00:00","2026-09-10 09:00:00","CAPE","surface",-68.9685,17.777,2864
"2026-09-09 18:00:00","2026-09-10 09:00:00","CAPE","surface",-68.9445,17.777,2864
"2026-09-09 18:00:00","2026-09-10 09:00:00","CAPE","surface",-68.9206,17.777,2662
"2026-09-09 18:00:00","2026-09-10 09:00:00","CAPE","surface",-68.8967,17.777,2536
"2026-09-09 18:00:00","2026-09-10 09:00:00","CAPE","surface",-68.8728,17.777,2534
"2026-09-09 18:00:00","2026-09-10 09:00:00","CAPE","surface",-68.8488,17.777,2534
"2026-09-09 18:00:00","2026-09-10 09:00:00","CAPE","surface",-68.8249,17.777,2775
"2026-09-09 18:00:00","2026-09-10 09:00:00","CAPE","surface",-68.801,17.777,2848
"2026-09-09 18:00:00","2026-09-10 09:00:00","CAPE","surface",-68.7771,17.777,2908
"2026-09-09 18:00:00","2026-09-10 09:00:00","CAPE","surface",-68.7531,17.777,2880
"2026-09-09 18:00:00","2026-09-10 09:00:00","CAPE","surface",-68.7292,17.777,2848
"2026-09-09 18:00:00","2026-09-10 09:00:00","CAPE","surface",-68.7053,17.777,2930
"2026-09-09 18:00:00","2026-09-10 09:00:00","CAPE","surface",-68.6813,17.777,3072
"2026-09-09 18:00:00","2026-09-10 09:00:00","CAPE","surface",-68.6574,17.777,3317
"2026-09-09 18:00:00","2026-09-10 09:00:00","CAPE","surface",-68.6335,17.777,3317
"2026-09-09 18:00:00","2026-09-10 09:00:00","CAPE","surface",-68.6096,17.777,3461
"2026-09-09 18:00:00","2026-09-10 09:00:00","CAPE","surface",-68.5856,17.777,2682
"2026-09-09 18:00:00","2026-09-10 09:00:00","CAPE","surface",-68.5617,17.777,2257
"2026-09-09 18:00:00","2026-09-10 09:00:00","CAPE","surface",-68.5378,17.777,1992
"2026-09-09 18:00:00","2026-09-10 09:00:00","CAPE","surface",-68.5139,17.777,1975
"2026-09-09 18:00:00","2026-09-10 09:00:00","CAPE","surface",-68.4899,17.777,2150
"2026-09-09 18:00:00","2026-09-10 09:00:00","CAPE","surface",-68.466,17.777,2299
"2026-09-09 18:00:00","2026-09-10 09:00:00","CAPE","surface",-68.4421,17.777,2513
"2026-09-09 18:00:00","2026-09-10 09:00:00","CAPE","surface",-68.4182,17.777,2485
"2026-09-09 18:00:00","2026-09-10 09:00:00","CAPE","surface",-68.3942,17.777,2662
"2026-09-09 18:00:00","2026-09-10 09:00:00","CAPE","surface",-68.3703,17.777,2681
"2026-09-09 18:00:00","2026-09-10 09:00:00","CAPE","surface",-68.3464,17.777,2790
"2026-09-09 18:00:00","2026-09-10 09:00:00","CAPE","surface",-68.3225,17.777,2646
"2026-09-09 18:00:00","2026-09-10 09:00:00","CAPE","surface",-68.2985,17.777,2732
"2026-09-09 18:00:00","2026-09-10 09:00:00","CAPE","surface",-68.2746,17.777,2725
"2026-09-09 18:00:00","2026-09-10 09:00:00","CAPE","surface",-68.2507,17.777,2786
"2026-09-09 18:00:00","2026-09-10 09:00:00","CAPE","surface",-68.2268,17.777,2730
"2026-09-09 18:00:00","2026-09-10 09:00:00","CAPE","surface",-68.2028,17.777,2739
"2026-09-09 18:00:00","2026-09-10 09:00:00","CAPE","surface",-68.1789,17.777,2884
"2026-09-09 18:00:00","2026-09-10 09:00:00","CAPE","surface",-68.155,17.777,2882
"2026-09-09 18:00:00","2026-09-10 09:00:00","CAPE","surface",-68.1311,17.777,2979
"2026-09-09 18:00:00","2026-09-10 09:00:00","CAPE","surface",-68.1071,17.777,2876
"2026-09-09 18:00:00","2026-09-10 09:00:00","CAPE","surface",-68.0832,17.777,2985
"2026-09-09 18:00:00","2026-09-10 09:00:00","CAPE","surface",-68.0593,17.777,2989
"2026-09-09 18:00:00","2026-09-10 09:00:00","CAPE","surface",-68.0354,17.777,3035
"2026-09-09 18:00:00","2026-09-10 09:00:00","CAPE","surface",-68.0114,17.777,3035
"2026-09-09 18:00:00","2026-09-10 09:00:00","CAPE","surface",-67.9875,17.777,3086
"2026-09-09 18:00:00","2026-09-10 09:00:00","CAPE","surface",-67.9636,17.777,3179
"2026-09-09 18:00:00","2026-09-10 09:00:00","CAPE","surface",-67.9397,17.777,3205
"2026-09-09 18:00:00","2026-09-10 09:00:00","CAPE","surface",-67.9157,17.777,3205
"2026-09-09 18:00:00","2026-09-10 09:00:00","CAPE","surface",-67.8918,17.777,3292
"2026-09-09 18:00:00","2026-09-10 09:00:00","CAPE","surface",-67.8679,17.777,3364
"2026-09-09 18:00:00","2026-09-10 09:00:00","CAPE","surface",-67.844,17.777,3328
"2026-09-09 18:00:00","2026-09-10 09:00:00","CAPE","surface",-67.82,17.777,3236
"2026-09-09 18:00:00","2026-09-10 09:00:00","CAPE","surface",-67.7961,17.777,3236
"2026-09-09 18:00:00","2026-09-10 09:00:00","CAPE","surface",-67.7722,17.777,3062
"2026-09-09 18:00:00","2026-09-10 09:00:00","CAPE","surface",-67.7483,17.777,3138
"2026-09-09 18:00:00","2026-09-10 09:00:00","CAPE","surface",-67.7243,17.777,3158
"2026-09-09 18:00:00","2026-09-10 09:00:00","CAPE","surface",-67.7004,17.777,2920
"2026-09-09 18:00:00","2026-09-10 09:00:00","CAPE","surface",-67.6765,17.777,3010
"2026-09-09 18:00:00","2026-09-10 09:00:00","CAPE","surface",-67.6526,17.777,2846
"2026-09-09 18:00:00","2026-09-10 09:00:00","CAPE","surface",-67.6286,17.777,2843
"2026-09-09 18:00:00","2026-09-10 09:00:00","CAPE","surface",-67.6047,17.777,2836
"2026-09-09 18:00:00","2026-09-10 09:00:00","CAPE","surface",-67.5808,17.777,2777
"2026-09-09 18:00:00","2026-09-10 09:00:00","CAPE","surface",-67.5569,17.777,2668
"2026-09-09 18:00:00","2026-09-10 09:00:00","CAPE","surface",-67.5329,17.777,2666
"2026-09-09 18:00:00","2026-09-10 09:00:00","CAPE","surface",-67.509,17.777,2666
"2026-09-09 18:00:00","2026-09-10 09:00:00","CAPE","surface",-67.4851,17.777,2660
"2026-09-09 18:00:00","2026-09-10 09:00:00","CAPE","surface",-67.4612,17.777,2662
"2026-09-09 18:00:00","2026-09-10 09:00:00","CAPE","surface",-67.4372,17.777,2740
"2026-09-09 18:00:00","2026-09-10 09:00:00","CAPE","surface",-67.4133,17.777,2688
"2026-09-09 18:00:00","2026-09-10 09:00:00","CAPE","surface",-67.3894,17.777,2834
"2026-09-09 18:00:00","2026-09-10 09:00:00","CAPE","surface",-67.3655,17.777,2915
"2026-09-09 18:00:00","2026-09-10 09:00:00","CAPE","surface",-67.3415,17.777,2897
"2026-09-09 18:00:00","2026-09-10 09:00:00","CAPE","surface",-67.3176,17.777,2982
"2026-09-09 18:00:00","2026-09-10 09:00:00","CAPE","surface",-67.2937,17.777,2982
"2026-09-09 18:00:00","2026-09-10 09:00:00","CAPE","surface",-67.2698,17.777,3060
"2026-09-09 18:00:00","2026-09-10 09:00:00","CAPE","surface",-67.2458,17.777,3056
"2026-09-09 18:00:00","2026-09-10 09:00:00","CAPE","surface",-67.2219,17.777,3149
"2026-09-09 18:00:00","2026-09-10 09:00:00","CAPE","surface",-67.198,17.777,3174
"2026-09-09 18:00:00","2026-09-10 09:00:00","CAPE","surface",-67.1741,17.777,3197
"2026-09-09 18:00:00","2026-09-10 09:00:00","CAPE","surface",-67.1501,17.777,3184
"2026-09-09 18:00:00","2026-09-10 09:00:00","CAPE","surface",-67.1262,17.777,3207
"2026-09-09 18:00:00","2026-09-10 09:00:00","CAPE","surface",-67.1023,17.777,3080
"2026-09-09 18:00:00","2026-09-10 09:00:00","CAPE","surface",-67.0784,17.777,2986
"2026-09-09 18:00:00","2026-09-10 09:00:00","CAPE","surface",-67.0544,17.777,3182
"2026-09-09 18:00:00","2026-09-10 09:00:00","CAPE","surface",-67.0305,17.777,3238
"2026-09-09 18:00:00","2026-09-10 09:00:00","CAPE","surface",-67.0066,17.777,3238
"2026-09-09 18:00:00","2026-09-10 09:00:00","CAPE","surface",-74.7822,17.7998,2117
"2026-09-09 18:00:00","2026-09-10 09:00:00","CAPE","surface",-74.7583,17.7998,2210
"2026-09-09 18:00:00","2026-09-10 09:00:00","CAPE","surface",-74.7344,17.7998,2262
"2026-09-09 18:00:00","2026-09-10 09:00:00","CAPE","surface",-74.7105,17.7998,2218
"2026-09-09 18:00:00","2026-09-10 09:00:00","CAPE","surface",-74.6865,17.7998,2227
"2026-09-09 18:00:00","2026-09-10 09:00:00","CAPE","surface",-74.6626,17.7998,2201
"2026-09-09 18:00:00","2026-09-10 09:00:00","CAPE","surface",-74.6387,17.7998,2227
"2026-09-09 18:00:00","2026-09-10 09:00:00","CAPE","surface",-74.6148,17.7998,2345
"2026-09-09 18:00:00","2026-09-10 09:00:00","CAPE","surface",-74.5908,17.7998,2443
"2026-09-09 18:00:00","2026-09-10 09:00:00","CAPE","surface",-74.5669,17.7998,2443
"2026-09-09 18:00:00","2026-09-10 09:00:00","CAPE","surface",-74.543,17.7998,2540
"2026-09-09 18:00:00","2026-09-10 09:00:00","CAPE","surface",-74.5191,17.7998,2535
"2026-09-09 18:00:00","2026-09-10 09:00:00","CAPE","surface",-74.4951,17.7998,2588
"2026-09-09 18:00:00","2026-09-10 09:00:00","CAPE","surface",-74.4712,17.7998,2603
"2026-09-09 18:00:00","2026-09-10 09:00:00","CAPE","surface",-74.4473,17.7998,2526
"2026-09-09 18:00:00","2026-09-10 09:00:00","CAPE","surface",-74.4234,17.7998,2526
"2026-09-09 18:00:00","2026-09-10 09:00:00","CAPE","surface",-74.3994,17.7998,2454
"2026-09-09 18:00:00","2026-09-10 09:00:00","CAPE","surface",-74.3755,17.7998,2456
"2026-09-09 18:00:00","2026-09-10 09:00:00","CAPE","surface",-74.3516,17.7998,2468
"2026-09-09 18:00:00","2026-09-10 09:00:00","CAPE","surface",-74.3277,17.7998,2368
"2026-09-09 18:00:00","2026-09-10 09:00:00","CAPE","surface",-74.3037,17.7998,2325
"2026-09-09 18:00:00","2026-09-10 09:00:00","CAPE","surface",-74.2798,17.7998,2325
"2026-09-09 18:00:00","2026-09-10 09:00:00","CAPE","surface",-74.2559,17.7998,2317
"2026-09-09 18:00:00","2026-09-10 09:00:00","CAPE","surface",-74.232,17.7998,2291
"2026-09-09 18:00:00","2026-09-10 09:00:00","CAPE","surface",-74.208,17.7998,2361
"2026-09-09 18:00:00","2026-09-10 09:00:00","CAPE","surface",-74.1841,17.7998,2384
"2026-09-09 18:00:00","2026-09-10 09:00:00","CAPE","surface",-74.1602,17.7998,2369
"2026-09-09 18:00:00","2026-09-10 09:00:00","CAPE","surface",-74.1363,17.7998,2369
"2026-09-09 18:00:00","2026-09-10 09:00:00","CAPE","surface",-74.1123,17.7998,2308
"2026-09-09 18:00:00","2026-09-10 09:00:00","CAPE","surface",-74.0884,17.7998,2289
"2026-09-09 18:00:00","2026-09-10 09:00:00","CAPE","surface",-74.0645,17.7998,2270
"2026-09-09 18:00:00","2026-09-10 09:00:00","CAPE","surface",-74.0406,17.7998,2299
"2026-09-09 18:00:00","2026-09-10 09:00:00","CAPE","surface",-74.0166,17.7998,2346
"2026-09-09 18:00:00","2026-09-10 09:00:00","CAPE","surface",-73.9927,17.7998,2346
"2026-09-09 18:00:00","2026-09-10 09:00:00","CAPE","surface",-73.9688,17.7998,2471
"2026-09-09 18:00:00","2026-09-10 09:00:00","CAPE","surface",-73.9449,17.7998,2612
"2026-09-09 18:00:00","2026-09-10 09:00:00","CAPE","surface",-73.9209,17.7998,2552
"2026-09-09 18:00:00","2026-09-10 09:00:00","CAPE","surface",-73.897,17.7998,2279
"2026-09-09 18:00:00","2026-09-10 09:00:00","CAPE","surface",-73.8731,17.7998,2259
"2026-09-09 18:00:00","2026-09-10 09:00:00","CAPE","surface",-73.8492,17.7998,2199
"2026-09-09 18:00:00","2026-09-10 09:00:00","CAPE","surface",-73.8252,17.7998,2212
"2026-09-09 18:00:00","2026-09-10 09:00:00","CAPE","surface",-73.8013,17.7998,2258
"2026-09-09 18:00:00","2026-09-10 09:00:00","CAPE","surface",-73.7774,17.7998,2314
"2026-09-09 18:00:00","2026-09-10 09:00:00","CAPE","surface",-73.7535,17.7998,2289
"2026-09-09 18:00:00","2026-09-10 09:00:00","CAPE","surface",-73.7295,17.7998,2289
"2026-09-09 18:00:00","2026-09-10 09:00:00","CAPE","surface",-73.7056,17.7998,2261
"2026-09-09 18:00:00","2026-09-10 09:00:00","CAPE","surface",-73.6817,17.7998,2274
"2026-09-09 18:00:00","2026-09-10 09:00:00","CAPE","surface",-73.6578,17.7998,2253
"2026-09-09 18:00:00","2026-09-10 09:00:00","CAPE","surface",-73.6338,17.7998,2262
"2026-09-09 18:00:00","2026-09-10 09:00:00","CAPE","surface",-73.6099,17.7998,2199
"2026-09-09 18:00:00","2026-09-10 09:00:00","CAPE","surface",-73.586,17.7998,2199
"2026-09-09 18:00:00","2026-09-10 09:00:00","CAPE","surface",-73.5621,17.7998,2178
"2026-09-09 18:00:00","2026-09-10 09:00:00","CAPE","surface",-73.5381,17.7998,2217
"2026-09-09 18:00:00","2026-09-10 09:00:00","CAPE","surface",-73.5142,17.7998,2246
"2026-09-09 18:00:00","2026-09-10 09:00:00","CAPE","surface",-73.4903,17.7998,2246
"2026-09-09 18:00:00","2026-09-10 09:00:00","CAPE","surface",-73.4664,17.7998,2260
"2026-09-09 18:00:00","2026-09-10 09:00:00","CAPE","surface",-73.4424,17.7998,2260
"2026-09-09 18:00:00","2026-09-10 09:00:00","CAPE","surface",-73.4185,17.7998,2332
"2026-09-09 18:00:00","2026-09-10 09:00:00","CAPE","surface",-73.3946,17.7998,2356
"2026-09-09 18:00:00","2026-09-10 09:00:00","CAPE","surface",-73.3707,17.7998,2355
"2026-09-09 18:00:00","2026-09-10 09:00:00","CAPE","surface",-73.3467,17.7998,2351
"2026-09-09 18:00:00","2026-09-10 09:00:00","CAPE","surface",-73.3228,17.7998,2351
"2026-09-09 18:00:00","2026-09-10 09:00:00","CAPE","surface",-73.2989,17.7998,2346
"2026-09-09 18:00:00","2026-09-10 09:00:00","CAPE","surface",-73.275,17.7998,2346
"2026-09-09 18:00:00","2026-09-10 09:00:00","CAPE","surface",-73.251,17.7998,2359
"2026-09-09 18:00:00","2026-09-10 09:00:00","CAPE","surface",-73.2271,17.7998,2361
"2026-09-09 18:00:00","2026-09-10 09:00:00","CAPE","surface",-73.2032,17.7998,2407
"2026-09-09 18:00:00","2026-09-10 09:00:00","CAPE","surface",-73.1793,17.7998,2407
"2026-09-09 18:00:00","2026-09-10 09:00:00","CAPE","surface",-73.1553,17.7998,2464
"2026-09-09 18:00:00","2026-09-10 09:00:00","CAPE","surface",-73.1314,17.7998,2460
"2026-09-09 18:00:00","2026-09-10 09:00:00","CAPE","surface",-73.1075,17.7998,2433
"2026-09-09 18:00:00","2026-09-10 09:00:00","CAPE","surface",-73.0836,17.7998,2405
"2026-09-09 18:00:00","2026-09-10 09:00:00","CAPE","surface",-73.0596,17.7998,2415
"2026-09-09 18:00:00","2026-09-10 09:00:00","CAPE","surface",-73.0357,17.7998,2400
"2026-09-09 18:00:00","2026-09-10 09:00:00","CAPE","surface",-73.0118,17.7998,2413
"2026-09-09 18:00:00","2026-09-10 09:00:00","CAPE","surface",-72.9879,17.7998,2408
"2026-09-09 18:00:00","2026-09-10 09:00:00","CAPE","surface",-72.9639,17.7998,2430
"2026-09-09 18:00:00","2026-09-10 09:00:00","CAPE","surface",-72.94,17.7998,2292
"2026-09-09 18:00:00","2026-09-10 09:00:00","CAPE","surface",-72.9161,17.7998,2292
"2026-09-09 18:00:00","2026-09-10 09:00:00","CAPE","surface",-72.8922,17.7998,2190
"2026-09-09 18:00:00","2026-09-10 09:00:00","CAPE","surface",-72.8682,17.7998,2171
"2026-09-09 18:00:00","2026-09-10 09:00:00","CAPE","surface",-72.8443,17.7998,2103
"2026-09-09 18:00:00","2026-09-10 09:00:00","CAPE","surface",-72.8204,17.7998,2100
"2026-09-09 18:00:00","2026-09-10 09:00:00","CAPE","surface",-72.7965,17.7998,2046
"2026-09-09 18:00:00","2026-09-10 09:00:00","CAPE","surface",-72.7725,17.7998,2040
"2026-09-09 18:00:00","2026-09-10 09:00:00","CAPE","surface",-72.7486,17.7998,2018
"2026-09-09 18:00:00","2026-09-10 09:00:00","CAPE","surface",-72.7247,17.7998,2071
"2026-09-09 18:00:00","2026-09-10 09:00:00","CAPE","surface",-72.7008,17.7998,2113
"2026-09-09 18:00:00","2026-09-10 09:00:00","CAPE","surface",-72.6768,17.7998,2196
"2026-09-09 18:00:00","2026-09-10 09:00:00","CAPE","surface",-72.6529,17.7998,2179
"2026-09-09 18:00:00","2026-09-10 09:00:00","CAPE","surface",-72.629,17.7998,2266
"2026-09-09 18:00:00","2026-09-10 09:00:00","CAPE","surface",-72.6051,17.7998,2317
"2026-09-09 18:00:00","2026-09-10 09:00:00","CAPE","surface",-72.5811,17.7998,2314
"2026-09-09 18:00:00","2026-09-10 09:00:00","CAPE","surface",-72.5572,17.7998,2325
"2026-09-09 18:00:00","2026-09-10 09:00:00","CAPE","surface",-72.5333,17.7998,2284
"2026-09-09 18:00:00","2026-09-10 09:00:00","CAPE","surface",-72.5094,17.7998,2283
"2026-09-09 18:00:00","2026-09-10 09:00:00","CAPE","surface",-72.4854,17.7998,2237
"2026-09-09 18:00:00","2026-09-10 09:00:00","CAPE","surface",-72.4615,17.7998,2237
"2026-09-09 18:00:00","2026-09-10 09:00:00","CAPE","surface",-72.4376,17.7998,2206
"2026-09-09 18:00:00","2026-09-10 09:00:00","CAPE","surface",-72.4137,17.7998,2185
"2026-09-09 18:00:00","2026-09-10 09:00:00","CAPE","surface",-72.3897,17.7998,2165
"2026-09-09 18:00:00","2026-09-10 09:00:00","CAPE","surface",-72.3658,17.7998,2146
"2026-09-09 18:00:00","2026-09-10 09:00:00","CAPE","surface",-72.3419,17.7998,2124
"2026-09-09 18:00:00","2026-09-10 09:00:00","CAPE","surface",-72.318,17.7998,2127
"2026-09-09 18:00:00","2026-09-10 09:00:00","CAPE","surface",-72.294,17.7998,2132
"2026-09-09 18:00:00","2026-09-10 09:00:00","CAPE","surface",-72.2701,17.7998,2132
"2026-09-09 18:00:00","2026-09-10 09:00:00","CAPE","surface",-72.2462,17.7998,2131
"2026-09-09 18:00:00","2026-09-10 09:00:00","CAPE","surface",-72.2223,17.7998,2097
"2026-09-09 18:00:00","2026-09-10 09:00:00","CAPE","surface",-72.1983,17.7998,2091
"2026-09-09 18:00:00","2026-09-10 09:00:00","CAPE","surface",-72.1744,17.7998,2043
"2026-09-09 18:00:00","2026-09-10 09:00:00","CAPE","surface",-72.1505,17.7998,2043
"2026-09-09 18:00:00","2026-09-10 09:00:00","CAPE","surface",-72.1266,17.7998,2017
"2026-09-09 18:00:00","2026-09-10 09:00:00","CAPE","surface",-72.1026,17.7998,2012
"2026-09-09 18:00:00","2026-09-10 09:00:00","CAPE","surface",-72.0787,17.7998,1996
"2026-09-09 18:00:00","2026-09-10 09:00:00","CAPE","surface",-72.0548,17.7998,1991
"2026-09-09 18:00:00","2026-09-10 09:00:00","CAPE","surface",-72.0309,17.7998,1965
"2026-09-09 18:00:00","2026-09-10 09:00:00","CAPE","surface",-72.0069,17.7998,1963
"2026-09-09 18:00:00","2026-09-10 09:00:00","CAPE","surface",-71.983,17.7998,1908
"2026-09-09 18:00:00","2026-09-10 09:00:00","CAPE","surface",-71.9591,17.7998,1886
"2026-09-09 18:00:00","2026-09-10 09:00:00","CAPE","surface",-71.9352,17.7998,1795
"2026-09-09 18:00:00","2026-09-10 09:00:00","CAPE","surface",-71.9112,17.7998,1702
"2026-09-09 18:00:00","2026-09-10 09:00:00","CAPE","surface",-71.8873,17.7998,1702
"2026-09-09 18:00:00","2026-09-10 09:00:00","CAPE","surface",-71.8634,17.7998,1621
"2026-09-09 18:00:00","2026-09-10 09:00:00","CAPE","surface",-71.8395,17.7998,1621
"2026-09-09 18:00:00","2026-09-10 09:00:00","CAPE","surface",-71.8155,17.7998,1564
"2026-09-09 18:00:00","2026-09-10 09:00:00","CAPE","surface",-71.7916,17.7998,1565
"2026-09-09 18:00:00","2026-09-10 09:00:00","CAPE","surface",-71.7677,17.7998,1520
"2026-09-09 18:00:00","2026-09-10 09:00:00","CAPE","surface",-71.7438,17.7998,1522
"2026-09-09 18:00:00","2026-09-10 09:00:00","CAPE","surface",-71.7198,17.7998,1489
"2026-09-09 18:00:00","2026-09-10 09:00:00","CAPE","surface",-71.6959,17.7998,1466
"2026-09-09 18:00:00","2026-09-10 09:00:00","CAPE","surface",-71.672,17.7998,1358
"2026-09-09 18:00:00","2026-09-10 09:00:00","CAPE","surface",-71.6481,17.7998,1358
"2026-09-09 18:00:00","2026-09-10 09:00:00","CAPE","surface",-71.6241,17.7998,1240
"2026-09-09 18:00:00","2026-09-10 09:00:00","CAPE","surface",-71.6002,17.7998,1153
"2026-09-09 18:00:00","2026-09-10 09:00:00","CAPE","surface",-71.5763,17.7998,1268
"2026-09-09 18:00:00","2026-09-10 09:00:00","CAPE","surface",-71.5524,17.7998,1291
"2026-09-09 18:00:00","2026-09-10 09:00:00","CAPE","surface",-71.5284,17.7998,1291
"2026-09-09 18:00:00","2026-09-10 09:00:00","CAPE","surface",-71.5045,17.7998,1290
"2026-09-09 18:00:00","2026-09-10 09:00:00","CAPE","surface",-71.4806,17.7998,1350
"2026-09-09 18:00:00","2026-09-10 09:00:00","CAPE","surface",-71.4567,17.7998,1403
"2026-09-09 18:00:00","2026-09-10 09:00:00","CAPE","surface",-71.4327,17.7998,1541
"2026-09-09 18:00:00","2026-09-10 09:00:00","CAPE","surface",-71.4088,17.7998,1481
"2026-09-09 18:00:00","2026-09-10 09:00:00","CAPE","surface",-71.3849,17.7998,1637
"2026-09-09 18:00:00","2026-09-10 09:00:00","CAPE","surface",-71.361,17.7998,1743
"2026-09-09 18:00:00","2026-09-10 09:00:00","CAPE","surface",-71.337,17.7998,1919
"2026-09-09 18:00:00","2026-09-10 09:00:00","CAPE","surface",-71.3131,17.7998,2355
"2026-09-09 18:00:00","2026-09-10 09:00:00","CAPE","surface",-71.2892,17.7998,2252
"2026-09-09 18:00:00","2026-09-10 09:00:00","CAPE","surface",-71.2653,17.7998,2433
"2026-09-09 18:00:00","2026-09-10 09:00:00","CAPE","surface",-71.2413,17.7998,2427
"2026-09-09 18:00:00","2026-09-10 09:00:00","CAPE","surface",-71.2174,17.7998,2452
"2026-09-09 18:00:00","2026-09-10 09:00:00","CAPE","surface",-71.1935,17.7998,2437
"2026-09-09 18:00:00","2026-09-10 09:00:00","CAPE","surface",-71.1696,17.7998,2437
"2026-09-09 18:00:00","2026-09-10 09:00:00","CAPE","surface",-71.1456,17.7998,2484
"2026-09-09 18:00:00","2026-09-10 09:00:00","CAPE","surface",-71.1217,17.7998,2502
"2026-09-09 18:00:00","2026-09-10 09:00:00","CAPE","surface",-71.0978,17.7998,2461
"2026-09-09 18:00:00","2026-09-10 09:00:00","CAPE","surface",-71.0739,17.7998,2470
"2026-09-09 18:00:00","2026-09-10 09:00:00","CAPE","surface",-71.0499,17.7998,2415
"2026-09-09 18:00:00","2026-09-10 09:00:00","CAPE","surface",-71.026,17.7998,2375
"2026-09-09 18:00:00","2026-09-10 09:00:00","CAPE","surface",-71.0021,17.7998,2409
"2026-09-09 18:00:00","2026-09-10 09:00:00","CAPE","surface",-70.9782,17.7998,2406
"2026-09-09 18:00:00","2026-09-10 09:00:00","CAPE","surface",-70.9542,17.7998,2479
"2026-09-09 18:00:00","2026-09-10 09:00:00","CAPE","surface",-70.9303,17.7998,2428
"2026-09-09 18:00:00","2026-09-10 09:00:00","CAPE","surface",-70.9064,17.7998,2505
"2026-09-09 18:00:00","2026-09-10 09:00:00","CAPE","surface",-70.8825,17.7998,2514
"2026-09-09 18:00:00","2026-09-10 09:00:00","CAPE","surface",-70.8585,17.7998,2654
"2026-09-09 18:00:00","2026-09-10 09:00:00","CAPE","surface",-70.8346,17.7998,2696
"2026-09-09 18:00:00","2026-09-10 09:00:00","CAPE","surface",-70.8107,17.7998,2570
"2026-09-09 18:00:00","2026-09-10 09:00:00","CAPE","surface",-70.7868,17.7998,2739
"2026-09-09 18:00:00","2026-09-10 09:00:00","CAPE","surface",-70.7628,17.7998,2778
"2026-09-09 18:00:00","2026-09-10 09:00:00","CAPE","surface",-70.7389,17.7998,2870
"2026-09-09 18:00:00","2026-09-10 09:00:00","CAPE","surface",-70.715,17.7998,2886
"2026-09-09 18:00:00","2026-09-10 09:00:00","CAPE","surface",-70.6911,17.7998,2886
"2026-09-09 18:00:00","2026-09-10 09:00:00","CAPE","surface",-70.6671,17.7998,2875
"2026-09-09 18:00:00","2026-09-10 09:00:00","CAPE","surface",-70.6432,17.7998,2872
"2026-09-09 18:00:00","2026-09-10 09:00:00","CAPE","surface",-70.6193,17.7998,2823
"2026-09-09 18:00:00","2026-09-10 09:00:00","CAPE","surface",-70.5954,17.7998,2828
"2026-09-09 18:00:00","2026-09-10 09:00:00","CAPE","surface",-70.5714,17.7998,2750
"2026-09-09 18:00:00","2026-09-10 09:00:00","CAPE","surface",-70.5475,17.7998,2662
"2026-09-09 18:00:00","2026-09-10 09:00:00","CAPE","surface",-70.5236,17.7998,2738
"2026-09-09 18:00:00","2026-09-10 09:00:00","CAPE","surface",-70.4997,17.7998,2715
"2026-09-09 18:00:00","2026-09-10 09:00:00","CAPE","surface",-70.4757,17.7998,2715
"2026-09-09 18:00:00","2026-09-10 09:00:00","CAPE","surface",-70.4518,17.7998,2683
"2026-09-09 18:00:00","2026-09-10 09:00:00","CAPE","surface",-70.4279,17.7998,2741
"2026-09-09 18:00:00","2026-09-10 09:00:00","CAPE","surface",-70.404,17.7998,2654
"2026-09-09 18:00:00","2026-09-10 09:00:00","CAPE","surface",-70.38,17.7998,2670
"2026-09-09 18:00:00","2026-09-10 09:00:00","CAPE","surface",-70.3561,17.7998,2610
"2026-09-09 18:00:00","2026-09-10 09:00:00","CAPE","surface",-70.3322,17.7998,2658
"2026-09-09 18:00:00","2026-09-10 09:00:00","CAPE","surface",-70.3083,17.7998,2648
"2026-09-09 18:00:00","2026-09-10 09:00:00","CAPE","surface",-70.2843,17.7998,2663
"2026-09-09 18:00:00","2026-09-10 09:00:00","CAPE","surface",-70.2604,17.7998,2760
"2026-09-09 18:00:00","2026-09-10 09:00:00","CAPE","surface",-70.2365,17.7998,2680
"2026-09-09 18:00:00","2026-09-10 09:00:00","CAPE","surface",-70.2126,17.7998,2777
"2026-09-09 18:00:00","2026-09-10 09:00:00","CAPE","surface",-70.1886,17.7998,2790
"2026-09-09 18:00:00","2026-09-10 09:00:00","CAPE","surface",-70.1647,17.7998,2664
"2026-09-09 18:00:00","2026-09-10 09:00:00","CAPE","surface",-70.1408,17.7998,2552
"2026-09-09 18:00:00","2026-09-10 09:00:00","CAPE","surface",-70.1169,17.7998,2552
"2026-09-09 18:00:00","2026-09-10 09:00:00","CAPE","surface",-70.0929,17.7998,2491
"2026-09-09 18:00:00","2026-09-10 09:00:00","CAPE","surface",-70.069,17.7998,2483
"2026-09-09 18:00:00","2026-09-10 09:00:00","CAPE","surface",-70.0451,17.7998,2498
"2026-09-09 18:00:00","2026-09-10 09:00:00","CAPE","surface",-70.0212,17.7998,2562
"2026-09-09 18:00:00","2026-09-10 09:00:00","CAPE","surface",-69.9972,17.7998,2615
"2026-09-09 18:00:00","2026-09-10 09:00:00","CAPE","surface",-69.9733,17.7998,2848
"2026-09-09 18:00:00","2026-09-10 09:00:00","CAPE","surface",-69.9494,17.7998,2866
"2026-09-09 18:00:00","2026-09-10 09:00:00","CAPE","surface",-69.9255,17.7998,2911
"2026-09-09 18:00:00","2026-09-10 09:00:00","CAPE","surface",-69.9015,17.7998,2911
"2026-09-09 18:00:00","2026-09-10 09:00:00","CAPE","surface",-69.8776,17.7998,2865
"2026-09-09 18:00:00","2026-09-10 09:00:00","CAPE","surface",-69.8537,17.7998,2620
"2026-09-09 18:00:00","2026-09-10 09:00:00","CAPE","surface",-69.8298,17.7998,2411
"2026-09-09 18:00:00","2026-09-10 09:00:00","CAPE","surface",-69.8058,17.7998,2283
"2026-09-09 18:00:00","2026-09-10 09:00:00","CAPE","surface",-69.7819,17.7998,2283
"2026-09-09 18:00:00","2026-09-10 09:00:00","CAPE","surface",-69.758,17.7998,2315
"2026-09-09 18:00:00","2026-09-10 09:00:00","CAPE","surface",-69.7341,17.7998,2264
"2026-09-09 18:00:00","2026-09-10 09:00:00","CAPE","surface",-69.7101,17.7998,2345
"2026-09-09 18:00:00","2026-09-10 09:00:00","CAPE","surface",-69.6862,17.7998,2345
"2026-09-09 18:00:00","2026-09-10 09:00:00","CAPE","surface",-69.6623,17.7998,2415
"2026-09-09 18:00:00","2026-09-10 09:00:00","CAPE","surface",-69.6384,17.7998,2428
"2026-09-09 18:00:00","2026-09-10 09:00:00","CAPE","surface",-69.6144,17.7998,2440
"2026-09-09 18:00:00","2026-09-10 09:00:00","CAPE","surface",-69.5905,17.7998,2540
"2026-09-09 18:00:00","2026-09-10 09:00:00","CAPE","surface",-69.5666,17.7998,2540
"2026-09-09 18:00:00","2026-09-10 09:00:00","CAPE","surface",-69.5427,17.7998,2759
"2026-09-09 18:00:00","2026-09-10 09:00:00","CAPE","surface",-69.5187,17.7998,2780
"2026-09-09 18:00:00","2026-09-10 09:00:00","CAPE","surface",-69.4948,17.7998,2703
"2026-09-09 18:00:00","2026-09-10 09:00:00","CAPE","surface",-69.4709,17.7998,2539
"2026-09-09 18:00:00","2026-09-10 09:00:00","CAPE","surface",-69.447,17.7998,2471
"2026-09-09 18:00:00","2026-09-10 09:00:00","CAPE","surface",-69.423,17.7998,2341
"2026-09-09 18:00:00","2026-09-10 09:00:00","CAPE","surface",-69.3991,17.7998,2314
"2026-09-09 18:00:00","2026-09-10 09:00:00","CAPE","surface",-69.3752,17.7998,2191
"2026-09-09 18:00:00","2026-09-10 09:00:00","CAPE","surface",-69.3513,17.7998,2191
"2026-09-09 18:00:00","2026-09-10 09:00:00","CAPE","surface",-69.3273,17.7998,2142
"2026-09-09 18:00:00","2026-09-10 09:00:00","CAPE","surface",-69.3034,17.7998,2211
"2026-09-09 18:00:00","2026-09-10 09:00:00","CAPE","surface",-69.2795,17.7998,2297
"2026-09-09 18:00:00","2026-09-10 09:00:00","CAPE","surface",-69.2556,17.7998,2315
"2026-09-09 18:00:00","2026-09-10 09:00:00","CAPE","surface",-69.2316,17.7998,2315
"2026-09-09 18:00:00","2026-09-10 09:00:00","CAPE","surface",-69.2077,17.7998,2271
"2026-09-09 18:00:00","2026-09-10 09:00:00","CAPE","surface",-69.1838,17.7998,2250
"2026-09-09 18:00:00","2026-09-10 09:00:00","CAPE","surface",-69.1599,17.7998,2234
"2026-09-09 18:00:00","2026-09-10 09:00:00","CAPE","surface",-69.1359,17.7998,2234
"2026-09-09 18:00:00","2026-09-10 09:00:00","CAPE","surface",-69.112,17.7998,2320
"2026-09-09 18:00:00","2026-09-10 09:00:00","CAPE","surface",-69.0881,17.7998,2347
"2026-09-09 18:00:00","2026-09-10 09:00:00","CAPE","surface",-69.0642,17.7998,2538
"2026-09-09 18:00:00","2026-09-10 09:00:00","CAPE","surface",-69.0402,17.7998,2786
"2026-09-09 18:00:00","2026-09-10 09:00:00","CAPE","surface",-69.0163,17.7998,2786
"2026-09-09 18:00:00","2026-09-10 09:00:00","CAPE","surface",-68.9924,17.7998,2950
"2026-09-09 18:00:00","2026-09-10 09:00:00","CAPE","surface",-68.9685,17.7998,2919
"2026-09-09 18:00:00","2026-09-10 09:00:00","CAPE","surface",-68.9445,17.7998,2930
"2026-09-09 18:00:00","2026-09-10 09:00:00","CAPE","surface",-68.9206,17.7998,2930
"2026-09-09 18:00:00","2026-09-10 09:00:00","CAPE","surface",-68.8967,17.7998,2666
"2026-09-09 18:00:00","2026-09-10 09:00:00","CAPE","surface",-68.8728,17.7998,2537
"2026-09-09 18:00:00","2026-09-10 09:00:00","CAPE","surface",-68.8488,17.7998,2676
"2026-09-09 18:00:00","2026-09-10 09:00:00","CAPE","surface",-68.8249,17.7998,2895
"2026-09-09 18:00:00","2026-09-10 09:00:00","CAPE","surface",-68.801,17.7998,2895
"2026-09-09 18:00:00","2026-09-10 09:00:00","CAPE","surface",-68.7771,17.7998,2916
"2026-09-09 18:00:00","2026-09-10 09:00:00","CAPE","surface",-68.7531,17.7998,2880
"2026-09-09 18:00:00","2026-09-10 09:00:00","CAPE","surface",-68.7292,17.7998,2874
"2026-09-09 18:00:00","2026-09-10 09:00:00","CAPE","surface",-68.7053,17.7998,2874
"2026-09-09 18:00:00","2026-09-10 09:00:00","CAPE","surface",-68.6813,17.7998,3061
"2026-09-09 18:00:00","2026-09-10 09:00:00","CAPE","surface",-68.6574,17.7998,3385
"2026-09-09 18:00:00","2026-09-10 09:00:00","CAPE","surface",-68.6335,17.7998,3469
"2026-09-09 18:00:00","2026-09-10 09:00:00","CAPE","surface",-68.6096,17.7998,3290
"2026-09-09 18:00:00","2026-09-10 09:00:00","CAPE","surface",-68.5856,17.7998,3290
"2026-09-09 18:00:00","2026-09-10 09:00:00","CAPE","surface",-68.5617,17.7998,2137
"2026-09-09 18:00:00","2026-09-10 09:00:00","CAPE","surface",-68.5378,17.7998,1992
"2026-09-09 18:00:00","2026-09-10 09:00:00","CAPE","surface",-68.5139,17.7998,2033
"2026-09-09 18:00:00","2026-09-10 09:00:00","CAPE","surface",-68.4899,17.7998,2109
"2026-09-09 18:00:00","2026-09-10 09:00:00","CAPE","surface",-68.466,17.7998,2208
"2026-09-09 18:00:00","2026-09-10 09:00:00","CAPE","surface",-68.4421,17.7998,2295
"2026-09-09 18:00:00","2026-09-10 09:00:00","CAPE","surface",-68.4182,17.7998,2485
"2026-09-09 18:00:00","2026-09-10 09:00:00","CAPE","surface",-68.3942,17.7998,2368
"2026-09-09 18:00:00","2026-09-10 09:00:00","CAPE","surface",-68.3703,17.7998,2526
"2026-09-09 18:00:00","2026-09-10 09:00:00","CAPE","surface",-68.3464,17.7998,2495
"2026-09-09 18:00:00","2026-09-10 09:00:00","CAPE","surface",-68.3225,17.7998,2646
"2026-09-09 18:00:00","2026-09-10 09:00:00","CAPE","surface",-68.2985,17.7998,2615
"2026-09-09 18:00:00","2026-09-10 09:00:00","CAPE","surface",-68.2746,17.7998,2428
"2026-09-09 18:00:00","2026-09-10 09:00:00","CAPE","surface",-68.2507,17.7998,2590
"2026-09-09 18:00:00","2026-09-10 09:00:00","CAPE","surface",-68.2268,17.7998,2540
"2026-09-09 18:00:00","2026-09-10 09:00:00","CAPE","surface",-68.2028,17.7998,2739
"2026-09-09 18:00:00","2026-09-10 09:00:00","CAPE","surface",-68.1789,17.7998,2489
"2026-09-09 18:00:00","2026-09-10 09:00:00","CAPE","surface",-68.155,17.7998,2700
"2026-09-09 18:00:00","2026-09-10 09:00:00","CAPE","surface",-68.1311,17.7998,2669
"2026-09-09 18:00:00","2026-09-10 09:00:00","CAPE","surface",-68.1071,17.7998,2637
"2026-09-09 18:00:00","2026-09-10 09:00:00","CAPE","surface",-68.0832,17.7998,2637
"2026-09-09 18:00:00","2026-09-10 09:00:00","CAPE","surface",-68.0593,17.7998,2610
"2026-09-09 18:00:00","2026-09-10 09:00:00","CAPE","surface",-68.0354,17.7998,2858
"2026-09-09 18:00:00","2026-09-10 09:00:00","CAPE","surface",-68.0114,17.7998,2897
"2026-09-09 18:00:00","2026-09-10 09:00:00","CAPE","surface",-67.9875,17.7998,3086
"2026-09-09 18:00:00","2026-09-10 09:00:00","CAPE","surface",-67.9636,17.7998,3017
"2026-09-09 18:00:00","2026-09-10 09:00:00","CAPE","surface",-67.9397,17.7998,3224
"2026-09-09 18:00:00","2026-09-10 09:00:00","CAPE","surface",-67.9157,17.7998,3306
"2026-09-09 18:00:00","2026-09-10 09:00:00","CAPE","surface",-67.8918,17.7998,3401
"2026-09-09 18:00:00","2026-09-10 09:00:00","CAPE","surface",-67.8679,17.7998,3401
"2026-09-09 18:00:00","2026-09-10 09:00:00","CAPE","surface",-67.844,17.7998,3186
"2026-09-09 18:00:00","2026-09-10 09:00:00","CAPE","surface",-67.82,17.7998,3207
"2026-09-09 18:00:00","2026-09-10 09:00:00","CAPE","surface",-67.7961,17.7998,2943
"2026-09-09 18:00:00","2026-09-10 09:00:00","CAPE","surface",-67.7722,17.7998,2644
"2026-09-09 18:00:00","2026-09-10 09:00:00","CAPE","surface",-67.7483,17.7998,2790
"2026-09-09 18:00:00","2026-09-10 09:00:00","CAPE","surface",-67.7243,17.7998,2770
"2026-09-09 18:00:00","2026-09-10 09:00:00","CAPE","surface",-67.7004,17.7998,2920
"2026-09-09 18:00:00","2026-09-10 09:00:00","CAPE","surface",-67.6765,17.7998,2765
"2026-09-09 18:00:00","2026-09-10 09:00:00","CAPE","surface",-67.6526,17.7998,2765
"2026-09-09 18:00:00","2026-09-10 09:00:00","CAPE","surface",-67.6286,17.7998,2813
"2026-09-09 18:00:00","2026-09-10 09:00:00","CAPE","surface",-67.6047,17.7998,2823
"2026-09-09 18:00:00","2026-09-10 09:00:00","CAPE","surface",-67.5808,17.7998,2759
"2026-09-09 18:00:00","2026-09-10 09:00:00","CAPE","surface",-67.5569,17.7998,2729
"2026-09-09 18:00:00","2026-09-10 09:00:00","CAPE","surface",-67.5329,17.7998,2692
"2026-09-09 18:00:00","2026-09-10 09:00:00","CAPE","surface",-67.509,17.7998,2655
"2026-09-09 18:00:00","2026-09-10 09:00:00","CAPE","surface",-67.4851,17.7998,2660
"2026-09-09 18:00:00","2026-09-10 09:00:00","CAPE","surface",-67.4612,17.7998,2617
"2026-09-09 18:00:00","2026-09-10 09:00:00","CAPE","surface",-67.4372,17.7998,2680
"2026-09-09 18:00:00","2026-09-10 09:00:00","CAPE","surface",-67.4133,17.7998,2776
"2026-09-09 18:00:00","2026-09-10 09:00:00","CAPE","surface",-67.3894,17.7998,2891
"2026-09-09 18:00:00","2026-09-10 09:00:00","CAPE","surface",-67.3655,17.7998,2891
"2026-09-09 18:00:00","2026-09-10 09:00:00","CAPE","surface",-67.3415,17.7998,2991
"2026-09-09 18:00:00","2026-09-10 09:00:00","CAPE","surface",-67.3176,17.7998,3000
"2026-09-09 18:00:00","2026-09-10 09:00:00","CAPE","surface",-67.2937,17.7998,3061
"2026-09-09 18:00:00","2026-09-10 09:00:00","CAPE","surface",-67.2698,17.7998,3078
"2026-09-09 18:00:00","2026-09-10 09:00:00","CAPE","surface",-67.2458,17.7998,3116
"2026-09-09 18:00:00","2026-09-10 09:00:00","CAPE","surface",-67.2219,17.7998,3146
"2026-09-09 18:00:00","2026-09-10 09:00:00","CAPE","surface",-67.198,17.7998,3174
"2026-09-09 18:00:00","2026-09-10 09:00:00","CAPE","surface",-67.1741,17.7998,3133
"2026-09-09 18:00:00","2026-09-10 09:00:00","CAPE","surface",-67.1501,17.7998,3133
"2026-09-09 18:00:00","2026-09-10 09:00:00","CAPE","surface",-67.1262,17.7998,2999
"2026-09-09 18:00:00","2026-09-10 09:00:00","CAPE","surface",-67.1023,17.7998,2787
"2026-09-09 18:00:00","2026-09-10 09:00:00","CAPE","surface",-67.0784,17.7998,2986
"2026-09-09 18:00:00","2026-09-10 09:00:00","CAPE","surface",-67.0544,17.7998,2739
"2026-09-09 18:00:00","2026-09-10 09:00:00","CAPE","surface",-67.0305,17.7998,3062
"2026-09-09 18:00:00","2026-09-10 09:00:00","CAPE","surface",-67.0066,17.7998,3123
"2026-09-09 18:00:00","2026-09-10 09:00:00","CAPE","surface",-74.7822,17.8226,2099
"2026-09-09 18:00:00","2026-09-10 09:00:00","CAPE","surface",-74.7583,17.8226,2173
"2026-09-09 18:00:00","2026-09-10 09:00:00","CAPE","surface",-74.7344,17.8226,2200
"2026-09-09 18:00:00","2026-09-10 09:00:00","CAPE","surface",-74.7105,17.8226,2197
"2026-09-09 18:00:00","2026-09-10 09:00:00","CAPE","surface",-74.6865,17.8226,2192
"2026-09-09 18:00:00","2026-09-10 09:00:00","CAPE","surface",-74.6626,17.8226,2189
"2026-09-09 18:00:00","2026-09-10 09:00:00","CAPE","surface",-74.6387,17.8226,2220
"2026-09-09 18:00:00","2026-09-10 09:00:00","CAPE","surface",-74.6148,17.8226,2339
"2026-09-09 18:00:00","2026-09-10 09:00:00","CAPE","surface",-74.5908,17.8226,2411
"2026-09-09 18:00:00","2026-09-10 09:00:00","CAPE","surface",-74.5669,17.8226,2508
"2026-09-09 18:00:00","2026-09-10 09:00:00","CAPE","surface",-74.543,17.8226,2540
"2026-09-09 18:00:00","2026-09-10 09:00:00","CAPE","surface",-74.5191,17.8226,2574
"2026-09-09 18:00:00","2026-09-10 09:00:00","CAPE","surface",-74.4951,17.8226,2583
"2026-09-09 18:00:00","2026-09-10 09:00:00","CAPE","surface",-74.4712,17.8226,2579
"2026-09-09 18:00:00","2026-09-10 09:00:00","CAPE","surface",-74.4473,17.8226,2552
"2026-09-09 18:00:00","2026-09-10 09:00:00","CAPE","surface",-74.4234,17.8226,2457
"2026-09-09 18:00:00","2026-09-10 09:00:00","CAPE","surface",-74.3994,17.8226,2454
"2026-09-09 18:00:00","2026-09-10 09:00:00","CAPE","surface",-74.3755,17.8226,2447
"2026-09-09 18:00:00","2026-09-10 09:00:00","CAPE","surface",-74.3516,17.8226,2466
"2026-09-09 18:00:00","2026-09-10 09:00:00","CAPE","surface",-74.3277,17.8226,2482
"2026-09-09 18:00:00","2026-09-10 09:00:00","CAPE","surface",-74.3037,17.8226,2403
"2026-09-09 18:00:00","2026-09-10 09:00:00","CAPE","surface",-74.2798,17.8226,2368
"2026-09-09 18:00:00","2026-09-10 09:00:00","CAPE","surface",-74.2559,17.8226,2317
"2026-09-09 18:00:00","2026-09-10 09:00:00","CAPE","surface",-74.232,17.8226,2406
"2026-09-09 18:00:00","2026-09-10 09:00:00","CAPE","surface",-74.208,17.8226,2518
"2026-09-09 18:00:00","2026-09-10 09:00:00","CAPE","surface",-74.1841,17.8226,2471
"2026-09-09 18:00:00","2026-09-10 09:00:00","CAPE","surface",-74.1602,17.8226,2543
"2026-09-09 18:00:00","2026-09-10 09:00:00","CAPE","surface",-74.1363,17.8226,2387
"2026-09-09 18:00:00","2026-09-10 09:00:00","CAPE","surface",-74.1123,17.8226,2345
"2026-09-09 18:00:00","2026-09-10 09:00:00","CAPE","surface",-74.0884,17.8226,2345
"2026-09-09 18:00:00","2026-09-10 09:00:00","CAPE","surface",-74.0645,17.8226,2353
"2026-09-09 18:00:00","2026-09-10 09:00:00","CAPE","surface",-74.0406,17.8226,2296
"2026-09-09 18:00:00","2026-09-10 09:00:00","CAPE","surface",-74.0166,17.8226,2343
"2026-09-09 18:00:00","2026-09-10 09:00:00","CAPE","surface",-73.9927,17.8226,2364
"2026-09-09 18:00:00","2026-09-10 09:00:00","CAPE","surface",-73.9688,17.8226,2479
"2026-09-09 18:00:00","2026-09-10 09:00:00","CAPE","surface",-73.9449,17.8226,2479
"2026-09-09 18:00:00","2026-09-10 09:00:00","CAPE","surface",-73.9209,17.8226,2394
"2026-09-09 18:00:00","2026-09-10 09:00:00","CAPE","surface",-73.897,17.8226,2329
"2026-09-09 18:00:00","2026-09-10 09:00:00","CAPE","surface",-73.8731,17.8226,2197
"2026-09-09 18:00:00","2026-09-10 09:00:00","CAPE","surface",-73.8492,17.8226,2199
"2026-09-09 18:00:00","2026-09-10 09:00:00","CAPE","surface",-73.8252,17.8226,2201
"2026-09-09 18:00:00","2026-09-10 09:00:00","CAPE","surface",-73.8013,17.8226,2201
"2026-09-09 18:00:00","2026-09-10 09:00:00","CAPE","surface",-73.7774,17.8226,2263
"2026-09-09 18:00:00","2026-09-10 09:00:00","CAPE","surface",-73.7535,17.8226,2288
"2026-09-09 18:00:00","2026-09-10 09:00:00","CAPE","surface",-73.7295,17.8226,2256
"2026-09-09 18:00:00","2026-09-10 09:00:00","CAPE","surface",-73.7056,17.8226,2261
"2026-09-09 18:00:00","2026-09-10 09:00:00","CAPE","surface",-73.6817,17.8226,2233
"2026-09-09 18:00:00","2026-09-10 09:00:00","CAPE","surface",-73.6578,17.8226,2192
"2026-09-09 18:00:00","2026-09-10 09:00:00","CAPE","surface",-73.6338,17.8226,2204
"2026-09-09 18:00:00","2026-09-10 09:00:00","CAPE","surface",-73.6099,17.8226,2182
"2026-09-09 18:00:00","2026-09-10 09:00:00","CAPE","surface",-73.586,17.8226,2177
"2026-09-09 18:00:00","2026-09-10 09:00:00","CAPE","surface",-73.5621,17.8226,2192
"2026-09-09 18:00:00","2026-09-10 09:00:00","CAPE","surface",-73.5381,17.8226,2192
"2026-09-09 18:00:00","2026-09-10 09:00:00","CAPE","surface",-73.5142,17.8226,2284
"2026-09-09 18:00:00","2026-09-10 09:00:00","CAPE","surface",-73.4903,17.8226,2286
"2026-09-09 18:00:00","2026-09-10 09:00:00","CAPE","surface",-73.4664,17.8226,2362
"2026-09-09 18:00:00","2026-09-10 09:00:00","CAPE","surface",-73.4424,17.8226,2334
"2026-09-09 18:00:00","2026-09-10 09:00:00","CAPE","surface",-73.4185,17.8226,2370
"2026-09-09 18:00:00","2026-09-10 09:00:00","CAPE","surface",-73.3946,17.8226,2370
"2026-09-09 18:00:00","2026-09-10 09:00:00","CAPE","surface",-73.3707,17.8226,2369
"2026-09-09 18:00:00","2026-09-10 09:00:00","CAPE","surface",-73.3467,17.8226,2368
"2026-09-09 18:00:00","2026-09-10 09:00:00","CAPE","surface",-73.3228,17.8226,2346
"2026-09-09 18:00:00","2026-09-10 09:00:00","CAPE","surface",-73.2989,17.8226,2346
"2026-09-09 18:00:00","2026-09-10 09:00:00","CAPE","surface",-73.275,17.8226,2354
"2026-09-09 18:00:00","2026-09-10 09:00:00","CAPE","surface",-73.251,17.8226,2354
"2026-09-09 18:00:00","2026-09-10 09:00:00","CAPE","surface",-73.2271,17.8226,2386
"2026-09-09 18:00:00","2026-09-10 09:00:00","CAPE","surface",-73.2032,17.8226,2395
"2026-09-09 18:00:00","2026-09-10 09:00:00","CAPE","surface",-73.1793,17.8226,2457
"2026-09-09 18:00:00","2026-09-10 09:00:00","CAPE","surface",-73.1553,17.8226,2490
"2026-09-09 18:00:00","2026-09-10 09:00:00","CAPE","surface",-73.1314,17.8226,2490
"2026-09-09 18:00:00","2026-09-10 09:00:00","CAPE","surface",-73.1075,17.8226,2448
"2026-09-09 18:00:00","2026-09-10 09:00:00","CAPE","surface",-73.0836,17.8226,2430
"2026-09-09 18:00:00","2026-09-10 09:00:00","CAPE","surface",-73.0596,17.8226,2428
"2026-09-09 18:00:00","2026-09-10 09:00:00","CAPE","surface",-73.0357,17.8226,2423
"2026-09-09 18:00:00","2026-09-10 09:00:00","CAPE","surface",-73.0118,17.8226,2414
"2026-09-09 18:00:00","2026-09-10 09:00:00","CAPE","surface",-72.9879,17.8226,2414
"2026-09-09 18:00:00","2026-09-10 09:00:00","CAPE","surface",-72.9639,17.8226,2329
"2026-09-09 18:00:00","2026-09-10 09:00:00","CAPE","surface",-72.94,17.8226,2305
"2026-09-09 18:00:00","2026-09-10 09:00:00","CAPE","surface",-72.9161,17.8226,2202
"2026-09-09 18:00:00","2026-09-10 09:00:00","CAPE","surface",-72.8922,17.8226,2190
"2026-09-09 18:00:00","2026-09-10 09:00:00","CAPE","surface",-72.8682,17.8226,2147
"2026-09-09 18:00:00","2026-09-10 09:00:00","CAPE","surface",-72.8443,17.8226,2122
"2026-09-09 18:00:00","2026-09-10 09:00:00","CAPE","surface",-72.8204,17.8226,2064
"2026-09-09 18:00:00","2026-09-10 09:00:00","CAPE","surface",-72.7965,17.8226,2046
"2026-09-09 18:00:00","2026-09-10 09:00:00","CAPE","surface",-72.7725,17.8226,1996
"2026-09-09 18:00:00","2026-09-10 09:00:00","CAPE","surface",-72.7486,17.8226,2015
"2026-09-09 18:00:00","2026-09-10 09:00:00","CAPE","surface",-72.7247,17.8226,2015
"2026-09-09 18:00:00","2026-09-10 09:00:00","CAPE","surface",-72.7008,17.8226,2067
"2026-09-09 18:00:00","2026-09-10 09:00:00","CAPE","surface",-72.6768,17.8226,2108
"2026-09-09 18:00:00","2026-09-10 09:00:00","CAPE","surface",-72.6529,17.8226,2187
"2026-09-09 18:00:00","2026-09-10 09:00:00","CAPE","surface",-72.629,17.8226,2258
"2026-09-09 18:00:00","2026-09-10 09:00:00","CAPE","surface",-72.6051,17.8226,2263
"2026-09-09 18:00:00","2026-09-10 09:00:00","CAPE","surface",-72.5811,17.8226,2292
"2026-09-09 18:00:00","2026-09-10 09:00:00","CAPE","surface",-72.5572,17.8226,2285
"2026-09-09 18:00:00","2026-09-10 09:00:00","CAPE","surface",-72.5333,17.8226,2284
"2026-09-09 18:00:00","2026-09-10 09:00:00","CAPE","surface",-72.5094,17.8226,2245
"2026-09-09 18:00:00","2026-09-10 09:00:00","CAPE","surface",-72.4854,17.8226,2245
"2026-09-09 18:00:00","2026-09-10 09:00:00","CAPE","surface",-72.4615,17.8226,2229
"2026-09-09 18:00:00","2026-09-10 09:00:00","CAPE","surface",-72.4376,17.8226,2215
"2026-09-09 18:00:00","2026-09-10 09:00:00","CAPE","surface",-72.4137,17.8226,2197
"2026-09-09 18:00:00","2026-09-10 09:00:00","CAPE","surface",-72.3897,17.8226,2152
"2026-09-09 18:00:00","2026-09-10 09:00:00","CAPE","surface",-72.3658,17.8226,2139
"2026-09-09 18:00:00","2026-09-10 09:00:00","CAPE","surface",-72.3419,17.8226,2136
"2026-09-09 18:00:00","2026-09-10 09:00:00","CAPE","surface",-72.318,17.8226,2127
"2026-09-09 18:00:00","2026-09-10 09:00:00","CAPE","surface",-72.294,17.8226,2123
"2026-09-09 18:00:00","2026-09-10 09:00:00","CAPE","surface",-72.2701,17.8226,2125
"2026-09-09 18:00:00","2026-09-10 09:00:00","CAPE","surface",-72.2462,17.8226,2099
"2026-09-09 18:00:00","2026-09-10 09:00:00","CAPE","surface",-72.2223,17.8226,2099
"2026-09-09 18:00:00","2026-09-10 09:00:00","CAPE","surface",-72.1983,17.8226,2058
"2026-09-09 18:00:00","2026-09-10 09:00:00","CAPE","surface",-72.1744,17.8226,2055
"2026-09-09 18:00:00","2026-09-10 09:00:00","CAPE","surface",-72.1505,17.8226,2020
"2026-09-09 18:00:00","2026-09-10 09:00:00","CAPE","surface",-72.1266,17.8226,2017
"2026-09-09 18:00:00","2026-09-10 09:00:00","CAPE","surface",-72.1026,17.8226,1985
"2026-09-09 18:00:00","2026-09-10 09:00:00","CAPE","surface",-72.0787,17.8226,1991
"2026-09-09 18:00:00","2026-09-10 09:00:00","CAPE","surface",-72.0548,17.8226,1955
"2026-09-09 18:00:00","2026-09-10 09:00:00","CAPE","surface",-72.0309,17.8226,1885
"2026-09-09 18:00:00","2026-09-10 09:00:00","CAPE","surface",-72.0069,17.8226,1903
"2026-09-09 18:00:00","2026-09-10 09:00:00","CAPE","surface",-71.983,17.8226,1810
"2026-09-09 18:00:00","2026-09-10 09:00:00","CAPE","surface",-71.9591,17.8226,1820
"2026-09-09 18:00:00","2026-09-10 09:00:00","CAPE","surface",-71.9352,17.8226,1731
"2026-09-09 18:00:00","2026-09-10 09:00:00","CAPE","surface",-71.9112,17.8226,1719
"2026-09-09 18:00:00","2026-09-10 09:00:00","CAPE","surface",-71.8873,17.8226,1613
"2026-09-09 18:00:00","2026-09-10 09:00:00","CAPE","surface",-71.8634,17.8226,1621
"2026-09-09 18:00:00","2026-09-10 09:00:00","CAPE","surface",-71.8395,17.8226,1534
"2026-09-09 18:00:00","2026-09-10 09:00:00","CAPE","surface",-71.8155,17.8226,1553
"2026-09-09 18:00:00","2026-09-10 09:00:00","CAPE","surface",-71.7916,17.8226,1495
"2026-09-09 18:00:00","2026-09-10 09:00:00","CAPE","surface",-71.7677,17.8226,1520
"2026-09-09 18:00:00","2026-09-10 09:00:00","CAPE","surface",-71.7438,17.8226,1476
"2026-09-09 18:00:00","2026-09-10 09:00:00","CAPE","surface",-71.7198,17.8226,1380
"2026-09-09 18:00:00","2026-09-10 09:00:00","CAPE","surface",-71.6959,17.8226,1436
"2026-09-09 18:00:00","2026-09-10 09:00:00","CAPE","surface",-71.672,17.8226,1362
"2026-09-09 18:00:00","2026-09-10 09:00:00","CAPE","surface",-71.6481,17.8226,1358
"2026-09-09 18:00:00","2026-09-10 09:00:00","CAPE","surface",-71.6241,17.8226,1190
"2026-09-09 18:00:00","2026-09-10 09:00:00","CAPE","surface",-71.6002,17.8226,1190
"2026-09-09 18:00:00","2026-09-10 09:00:00","CAPE","surface",-71.5763,17.8226,1105
"2026-09-09 18:00:00","2026-09-10 09:00:00","CAPE","surface",-71.5524,17.8226,1201
"2026-09-09 18:00:00","2026-09-10 09:00:00","CAPE","surface",-71.5284,17.8226,1234
"2026-09-09 18:00:00","2026-09-10 09:00:00","CAPE","surface",-71.5045,17.8226,1290
"2026-09-09 18:00:00","2026-09-10 09:00:00","CAPE","surface",-71.4806,17.8226,1260
"2026-09-09 18:00:00","2026-09-10 09:00:00","CAPE","surface",-71.4567,17.8226,1283
"2026-09-09 18:00:00","2026-09-10 09:00:00","CAPE","surface",-71.4327,17.8226,1372
"2026-09-09 18:00:00","2026-09-10 09:00:00","CAPE","surface",-71.4088,17.8226,1441
"2026-09-09 18:00:00","2026-09-10 09:00:00","CAPE","surface",-71.3849,17.8226,1573
"2026-09-09 18:00:00","2026-09-10 09:00:00","CAPE","surface",-71.361,17.8226,1528
"2026-09-09 18:00:00","2026-09-10 09:00:00","CAPE","surface",-71.337,17.8226,1684
"2026-09-09 18:00:00","2026-09-10 09:00:00","CAPE","surface",-71.3131,17.8226,1854
"2026-09-09 18:00:00","2026-09-10 09:00:00","CAPE","surface",-71.2892,17.8226,2252
"2026-09-09 18:00:00","2026-09-10 09:00:00","CAPE","surface",-71.2653,17.8226,2439
"2026-09-09 18:00:00","2026-09-10 09:00:00","CAPE","surface",-71.2413,17.8226,2439
"2026-09-09 18:00:00","2026-09-10 09:00:00","CAPE","surface",-71.2174,17.8226,2386
"2026-09-09 18:00:00","2026-09-10 09:00:00","CAPE","surface",-71.1935,17.8226,2433
"2026-09-09 18:00:00","2026-09-10 09:00:00","CAPE","surface",-71.1696,17.8226,2465
"2026-09-09 18:00:00","2026-09-10 09:00:00","CAPE","surface",-71.1456,17.8226,2455
"2026-09-09 18:00:00","2026-09-10 09:00:00","CAPE","surface",-71.1217,17.8226,2455
"2026-09-09 18:00:00","2026-09-10 09:00:00","CAPE","surface",-71.0978,17.8226,2421
"2026-09-09 18:00:00","2026-09-10 09:00:00","CAPE","surface",-71.0739,17.8226,2413
"2026-09-09 18:00:00","2026-09-10 09:00:00","CAPE","surface",-71.0499,17.8226,2367
"2026-09-09 18:00:00","2026-09-10 09:00:00","CAPE","surface",-71.026,17.8226,2375
"2026-09-09 18:00:00","2026-09-10 09:00:00","CAPE","surface",-71.0021,17.8226,2306
"2026-09-09 18:00:00","2026-09-10 09:00:00","CAPE","surface",-70.9782,17.8226,2342
"2026-09-09 18:00:00","2026-09-10 09:00:00","CAPE","surface",-70.9542,17.8226,2347
"2026-09-09 18:00:00","2026-09-10 09:00:00","CAPE","surface",-70.9303,17.8226,2320
"2026-09-09 18:00:00","2026-09-10 09:00:00","CAPE","surface",-70.9064,17.8226,2410
"2026-09-09 18:00:00","2026-09-10 09:00:00","CAPE","surface",-70.8825,17.8226,2305
"2026-09-09 18:00:00","2026-09-10 09:00:00","CAPE","surface",-70.8585,17.8226,2413
"2026-09-09 18:00:00","2026-09-10 09:00:00","CAPE","surface",-70.8346,17.8226,2408
"2026-09-09 18:00:00","2026-09-10 09:00:00","CAPE","surface",-70.8107,17.8226,2570
"2026-09-09 18:00:00","2026-09-10 09:00:00","CAPE","surface",-70.7868,17.8226,2604
"2026-09-09 18:00:00","2026-09-10 09:00:00","CAPE","surface",-70.7628,17.8226,2604
"2026-09-09 18:00:00","2026-09-10 09:00:00","CAPE","surface",-70.7389,17.8226,2637
"2026-09-09 18:00:00","2026-09-10 09:00:00","CAPE","surface",-70.715,17.8226,2812
"2026-09-09 18:00:00","2026-09-10 09:00:00","CAPE","surface",-70.6911,17.8226,2826
"2026-09-09 18:00:00","2026-09-10 09:00:00","CAPE","surface",-70.6671,17.8226,2825
"2026-09-09 18:00:00","2026-09-10 09:00:00","CAPE","surface",-70.6432,17.8226,2825
"2026-09-09 18:00:00","2026-09-10 09:00:00","CAPE","surface",-70.6193,17.8226,2807
"2026-09-09 18:00:00","2026-09-10 09:00:00","CAPE","surface",-70.5954,17.8226,2788
"2026-09-09 18:00:00","2026-09-10 09:00:00","CAPE","surface",-70.5714,17.8226,2677
"2026-09-09 18:00:00","2026-09-10 09:00:00","CAPE","surface",-70.5475,17.8226,2677
"2026-09-09 18:00:00","2026-09-10 09:00:00","CAPE","surface",-70.5236,17.8226,2629
"2026-09-09 18:00:00","2026-09-10 09:00:00","CAPE","surface",-70.4997,17.8226,2643
"2026-09-09 18:00:00","2026-09-10 09:00:00","CAPE","surface",-70.4757,17.8226,2628
"2026-09-09 18:00:00","2026-09-10 09:00:00","CAPE","surface",-70.4518,17.8226,2683
"2026-09-09 18:00:00","2026-09-10 09:00:00","CAPE","surface",-70.4279,17.8226,2598
"2026-09-09 18:00:00","2026-09-10 09:00:00","CAPE","surface",-70.404,17.8226,2577
"2026-09-09 18:00:00","2026-09-10 09:00:00","CAPE","surface",-70.38,17.8226,2588
"2026-09-09 18:00:00","2026-09-10 09:00:00","CAPE","surface",-70.3561,17.8226,2550
"2026-09-09 18:00:00","2026-09-10 09:00:00","CAPE","surface",-70.3322,17.8226,2581
"2026-09-09 18:00:00","2026-09-10 09:00:00","CAPE","surface",-70.3083,17.8226,2516
"2026-09-09 18:00:00","2026-09-10 09:00:00","CAPE","surface",-70.2843,17.8226,2564
"2026-09-09 18:00:00","2026-09-10 09:00:00","CAPE","surface",-70.2604,17.8226,2595
"2026-09-09 18:00:00","2026-09-10 09:00:00","CAPE","surface",-70.2365,17.8226,2680
"2026-09-09 18:00:00","2026-09-10 09:00:00","CAPE","surface",-70.2126,17.8226,2762
"2026-09-09 18:00:00","2026-09-10 09:00:00","CAPE","surface",-70.1886,17.8226,2723
"2026-09-09 18:00:00","2026-09-10 09:00:00","CAPE","surface",-70.1647,17.8226,2747
"2026-09-09 18:00:00","2026-09-10 09:00:00","CAPE","surface",-70.1408,17.8226,2645
"2026-09-09 18:00:00","2026-09-10 09:00:00","CAPE","surface",-70.1169,17.8226,2554
"2026-09-09 18:00:00","2026-09-10 09:00:00","CAPE","surface",-70.0929,17.8226,2532
"2026-09-09 18:00:00","2026-09-10 09:00:00","CAPE","surface",-70.069,17.8226,2532
"2026-09-09 18:00:00","2026-09-10 09:00:00","CAPE","surface",-70.0451,17.8226,2574
"2026-09-09 18:00:00","2026-09-10 09:00:00","CAPE","surface",-70.0212,17.8226,2562
"2026-09-09 18:00:00","2026-09-10 09:00:00","CAPE","surface",-69.9972,17.8226,2786
"2026-09-09 18:00:00","2026-09-10 09:00:00","CAPE","surface",-69.9733,17.8226,2874
"2026-09-09 18:00:00","2026-09-10 09:00:00","CAPE","surface",-69.9494,17.8226,2901
"2026-09-09 18:00:00","2026-09-10 09:00:00","CAPE","surface",-69.9255,17.8226,2907
"2026-09-09 18:00:00","2026-09-10 09:00:00","CAPE","surface",-69.9015,17.8226,2912
"2026-09-09 18:00:00","2026-09-10 09:00:00","CAPE","surface",-69.8776,17.8226,2763
"2026-09-09 18:00:00","2026-09-10 09:00:00","CAPE","surface",-69.8537,17.8226,2763
"2026-09-09 18:00:00","2026-09-10 09:00:00","CAPE","surface",-69.8298,17.8226,2589
"2026-09-09 18:00:00","2026-09-10 09:00:00","CAPE","surface",-69.8058,17.8226,2460
"2026-09-09 18:00:00","2026-09-10 09:00:00","CAPE","surface",-69.7819,17.8226,2418
"2026-09-09 18:00:00","2026-09-10 09:00:00","CAPE","surface",-69.758,17.8226,2457
"2026-09-09 18:00:00","2026-09-10 09:00:00","CAPE","surface",-69.7341,17.8226,2457
"2026-09-09 18:00:00","2026-09-10 09:00:00","CAPE","surface",-69.7101,17.8226,2502
"2026-09-09 18:00:00","2026-09-10 09:00:00","CAPE","surface",-69.6862,17.8226,2401
"2026-09-09 18:00:00","2026-09-10 09:00:00","CAPE","surface",-69.6623,17.8226,2429
"2026-09-09 18:00:00","2026-09-10 09:00:00","CAPE","surface",-69.6384,17.8226,2429
"2026-09-09 18:00:00","2026-09-10 09:00:00","CAPE","surface",-69.6144,17.8226,2433
"2026-09-09 18:00:00","2026-09-10 09:00:00","CAPE","surface",-69.5905,17.8226,2474
"2026-09-09 18:00:00","2026-09-10 09:00:00","CAPE","surface",-69.5666,17.8226,2697
"2026-09-09 18:00:00","2026-09-10 09:00:00","CAPE","surface",-69.5427,17.8226,2834
"2026-09-09 18:00:00","2026-09-10 09:00:00","CAPE","surface",-69.5187,17.8226,2834
"2026-09-09 18:00:00","2026-09-10 09:00:00","CAPE","surface",-69.4948,17.8226,2831
"2026-09-09 18:00:00","2026-09-10 09:00:00","CAPE","surface",-69.4709,17.8226,2648
"2026-09-09 18:00:00","2026-09-10 09:00:00","CAPE","surface",-69.447,17.8226,2449
"2026-09-09 18:00:00","2026-09-10 09:00:00","CAPE","surface",-69.423,17.8226,2449
"2026-09-09 18:00:00","2026-09-10 09:00:00","CAPE","surface",-69.3991,17.8226,2289
"2026-09-09 18:00:00","2026-09-10 09:00:00","CAPE","surface",-69.3752,17.8226,2209
"2026-09-09 18:00:00","2026-09-10 09:00:00","CAPE","surface",-69.3513,17.8226,2096
"2026-09-09 18:00:00","2026-09-10 09:00:00","CAPE","surface",-69.3273,17.8226,2133
"2026-09-09 18:00:00","2026-09-10 09:00:00","CAPE","surface",-69.3034,17.8226,2133
"2026-09-09 18:00:00","2026-09-10 09:00:00","CAPE","surface",-69.2795,17.8226,2301
"2026-09-09 18:00:00","2026-09-10 09:00:00","CAPE","surface",-69.2556,17.8226,2338
"2026-09-09 18:00:00","2026-09-10 09:00:00","CAPE","surface",-69.2316,17.8226,2308
"2026-09-09 18:00:00","2026-09-10 09:00:00","CAPE","surface",-69.2077,17.8226,2271
"2026-09-09 18:00:00","2026-09-10 09:00:00","CAPE","surface",-69.1838,17.8226,2249
"2026-09-09 18:00:00","2026-09-10 09:00:00","CAPE","surface",-69.1599,17.8226,2240
"2026-09-09 18:00:00","2026-09-10 09:00:00","CAPE","surface",-69.1359,17.8226,2293
"2026-09-09 18:00:00","2026-09-10 09:00:00","CAPE","surface",-69.112,17.8226,2466
"2026-09-09 18:00:00","2026-09-10 09:00:00","CAPE","surface",-69.0881,17.8226,2466
"2026-09-09 18:00:00","2026-09-10 09:00:00","CAPE","surface",-69.0642,17.8226,2626
"2026-09-09 18:00:00","2026-09-10 09:00:00","CAPE","surface",-69.0402,17.8226,2700
"2026-09-09 18:00:00","2026-09-10 09:00:00","CAPE","surface",-69.0163,17.8226,2931
"2026-09-09 18:00:00","2026-09-10 09:00:00","CAPE","surface",-68.9924,17.8226,2950
"2026-09-09 18:00:00","2026-09-10 09:00:00","CAPE","surface",-68.9685,17.8226,3087
"2026-09-09 18:00:00","2026-09-10 09:00:00","CAPE","surface",-68.9445,17.8226,3123
"2026-09-09 18:00:00","2026-09-10 09:00:00","CAPE","surface",-68.9206,17.8226,2939
"2026-09-09 18:00:00","2026-09-10 09:00:00","CAPE","surface",-68.8967,17.8226,2808
"2026-09-09 18:00:00","2026-09-10 09:00:00","CAPE","surface",-68.8728,17.8226,2808
"2026-09-09 18:00:00","2026-09-10 09:00:00","CAPE","surface",-68.8488,17.8226,2913
"2026-09-09 18:00:00","2026-09-10 09:00:00","CAPE","surface",-68.8249,17.8226,2877
"2026-09-09 18:00:00","2026-09-10 09:00:00","CAPE","surface",-68.801,17.8226,2965
"2026-09-09 18:00:00","2026-09-10 09:00:00","CAPE","surface",-68.7771,17.8226,2916
"2026-09-09 18:00:00","2026-09-10 09:00:00","CAPE","surface",-68.7531,17.8226,2927
"2026-09-09 18:00:00","2026-09-10 09:00:00","CAPE","surface",-68.7292,17.8226,3000
"2026-09-09 18:00:00","2026-09-10 09:00:00","CAPE","surface",-68.7053,17.8226,3002
"2026-09-09 18:00:00","2026-09-10 09:00:00","CAPE","surface",-68.6813,17.8226,3269
"2026-09-09 18:00:00","2026-09-10 09:00:00","CAPE","surface",-68.6574,17.8226,3269
"2026-09-09 18:00:00","2026-09-10 09:00:00","CAPE","surface",-68.6335,17.8226,3455
"2026-09-09 18:00:00","2026-09-10 09:00:00","CAPE","surface",-68.6096,17.8226,3438
"2026-09-09 18:00:00","2026-09-10 09:00:00","CAPE","surface",-68.5856,17.8226,2517
"2026-09-09 18:00:00","2026-09-10 09:00:00","CAPE","surface",-68.5617,17.8226,2158
"2026-09-09 18:00:00","2026-09-10 09:00:00","CAPE","surface",-68.5378,17.8226,2019
"2026-09-09 18:00:00","2026-09-10 09:00:00","CAPE","surface",-68.5139,17.8226,2059
"2026-09-09 18:00:00","2026-09-10 09:00:00","CAPE","surface",-68.4899,17.8226,2109
"2026-09-09 18:00:00","2026-09-10 09:00:00","CAPE","surface",-68.466,17.8226,2211
"2026-09-09 18:00:00","2026-09-10 09:00:00","CAPE","surface",-68.4421,17.8226,2211
"2026-09-09 18:00:00","2026-09-10 09:00:00","CAPE","surface",-68.4182,17.8226,2246
"2026-09-09 18:00:00","2026-09-10 09:00:00","CAPE","surface",-68.3942,17.8226,2368
"2026-09-09 18:00:00","2026-09-10 09:00:00","CAPE","surface",-68.3703,17.8226,2348
"2026-09-09 18:00:00","2026-09-10 09:00:00","CAPE","surface",-68.3464,17.8226,2274
"2026-09-09 18:00:00","2026-09-10 09:00:00","CAPE","surface",-68.3225,17.8226,2343
"2026-09-09 18:00:00","2026-09-10 09:00:00","CAPE","surface",-68.2985,17.8226,2352
"2026-09-09 18:00:00","2026-09-10 09:00:00","CAPE","surface",-68.2746,17.8226,2428
"2026-09-09 18:00:00","2026-09-10 09:00:00","CAPE","surface",-68.2507,17.8226,2326
"2026-09-09 18:00:00","2026-09-10 09:00:00","CAPE","surface",-68.2268,17.8226,2383
"2026-09-09 18:00:00","2026-09-10 09:00:00","CAPE","surface",-68.2028,17.8226,2320
"2026-09-09 18:00:00","2026-09-10 09:00:00","CAPE","surface",-68.1789,17.8226,2266
"2026-09-09 18:00:00","2026-09-10 09:00:00","CAPE","surface",-68.155,17.8226,2417
"2026-09-09 18:00:00","2026-09-10 09:00:00","CAPE","surface",-68.1311,17.8226,2244
"2026-09-09 18:00:00","2026-09-10 09:00:00","CAPE","surface",-68.1071,17.8226,2396
"2026-09-09 18:00:00","2026-09-10 09:00:00","CAPE","surface",-68.0832,17.8226,2405
"2026-09-09 18:00:00","2026-09-10 09:00:00","CAPE","surface",-68.0593,17.8226,2610
"2026-09-09 18:00:00","2026-09-10 09:00:00","CAPE","surface",-68.0354,17.8226,2510
"2026-09-09 18:00:00","2026-09-10 09:00:00","CAPE","surface",-68.0114,17.8226,2659
"2026-09-09 18:00:00","2026-09-10 09:00:00","CAPE","surface",-67.9875,17.8226,2798
"2026-09-09 18:00:00","2026-09-10 09:00:00","CAPE","surface",-67.9636,17.8226,3051
"2026-09-09 18:00:00","2026-09-10 09:00:00","CAPE","surface",-67.9397,17.8226,3051
"2026-09-09 18:00:00","2026-09-10 09:00:00","CAPE","surface",-67.9157,17.8226,3334
"2026-09-09 18:00:00","2026-09-10 09:00:00","CAPE","surface",-67.8918,17.8226,3404
"2026-09-09 18:00:00","2026-09-10 09:00:00","CAPE","surface",-67.8679,17.8226,3202
"2026-09-09 18:00:00","2026-09-10 09:00:00","CAPE","surface",-67.844,17.8226,2762
"2026-09-09 18:00:00","2026-09-10 09:00:00","CAPE","surface",-67.82,17.8226,2762
"2026-09-09 18:00:00","2026-09-10 09:00:00","CAPE","surface",-67.7961,17.8226,2594
"2026-09-09 18:00:00","2026-09-10 09:00:00","CAPE","surface",-67.7722,17.8226,2644
"2026-09-09 18:00:00","2026-09-10 09:00:00","CAPE","surface",-67.7483,17.8226,2631
"2026-09-09 18:00:00","2026-09-10 09:00:00","CAPE","surface",-67.7243,17.8226,2631
"2026-09-09 18:00:00","2026-09-10 09:00:00","CAPE","surface",-67.7004,17.8226,2519
"2026-09-09 18:00:00","2026-09-10 09:00:00","CAPE","surface",-67.6765,17.8226,2595
"2026-09-09 18:00:00","2026-09-10 09:00:00","CAPE","surface",-67.6526,17.8226,2722
"2026-09-09 18:00:00","2026-09-10 09:00:00","CAPE","surface",-67.6286,17.8226,2778
"2026-09-09 18:00:00","2026-09-10 09:00:00","CAPE","surface",-67.6047,17.8226,2840
"2026-09-09 18:00:00","2026-09-10 09:00:00","CAPE","surface",-67.5808,17.8226,2785
"2026-09-09 18:00:00","2026-09-10 09:00:00","CAPE","surface",-67.5569,17.8226,2729
"2026-09-09 18:00:00","2026-09-10 09:00:00","CAPE","surface",-67.5329,17.8226,2684
"2026-09-09 18:00:00","2026-09-10 09:00:00","CAPE","surface",-67.509,17.8226,2599
"2026-09-09 18:00:00","2026-09-10 09:00:00","CAPE","surface",-67.4851,17.8226,2593
"2026-09-09 18:00:00","2026-09-10 09:00:00","CAPE","surface",-67.4612,17.8226,2604
"2026-09-09 18:00:00","2026-09-10 09:00:00","CAPE","surface",-67.4372,17.8226,2680
"2026-09-09 18:00:00","2026-09-10 09:00:00","CAPE","surface",-67.4133,17.8226,2730
"2026-09-09 18:00:00","2026-09-10 09:00:00","CAPE","surface",-67.3894,17.8226,2821
"2026-09-09 18:00:00","2026-09-10 09:00:00","CAPE","surface",-67.3655,17.8226,2956
"2026-09-09 18:00:00","2026-09-10 09:00:00","CAPE","surface",-67.3415,17.8226,3016
"2026-09-09 18:00:00","2026-09-10 09:00:00","CAPE","surface",-67.3176,17.8226,3016
"2026-09-09 18:00:00","2026-09-10 09:00:00","CAPE","surface",-67.2937,17.8226,3030
"2026-09-09 18:00:00","2026-09-10 09:00:00","CAPE","surface",-67.2698,17.8226,3078
"2026-09-09 18:00:00","2026-09-10 09:00:00","CAPE","surface",-67.2458,17.8226,3112
"2026-09-09 18:00:00","2026-09-10 09:00:00","CAPE","surface",-67.2219,17.8226,3112
"2026-09-09 18:00:00","2026-09-10 09:00:00","CAPE","surface",-67.198,17.8226,3057
"2026-09-09 18:00:00","2026-09-10 09:00:00","CAPE","surface",-67.1741,17.8226,2830
"2026-09-09 18:00:00","2026-09-10 09:00:00","CAPE","surface",-67.1501,17.8226,2897
"2026-09-09 18:00:00","2026-09-10 09:00:00","CAPE","surface",-67.1262,17.8226,2502
"2026-09-09 18:00:00","2026-09-10 09:00:00","CAPE","surface",-67.1023,17.8226,2617
"2026-09-09 18:00:00","2026-09-10 09:00:00","CAPE","surface",-67.0784,17.8226,2415
"2026-09-09 18:00:00","2026-09-10 09:00:00","CAPE","surface",-67.0544,17.8226,2494
"2026-09-09 18:00:00","2026-09-10 09:00:00","CAPE","surface",-67.0305,17.8226,2494
"2026-09-09 18:00:00","2026-09-10 09:00:00","CAPE","surface",-67.0066,17.8226,2656
"2026-09-09 18:00:00","2026-09-10 09:00:00","CAPE","surface",-74.7822,17.8453,2119
"2026-09-09 18:00:00","2026-09-10 09:00:00","CAPE","surface",-74.7583,17.8453,2173
"2026-09-09 18:00:00","2026-09-10 09:00:00","CAPE","surface",-74.7344,17.8453,2184
"2026-09-09 18:00:00","2026-09-10 09:00:00","CAPE","surface",-74.7105,17.8453,2205
"2026-09-09 18:00:00","2026-09-10 09:00:00","CAPE","surface",-74.6865,17.8453,2196
"2026-09-09 18:00:00","2026-09-10 09:00:00","CAPE","surface",-74.6626,17.8453,2189
"2026-09-09 18:00:00","2026-09-10 09:00:00","CAPE","surface",-74.6387,17.8453,2255
"2026-09-09 18:00:00","2026-09-10 09:00:00","CAPE","surface",-74.6148,17.8453,2339
"2026-09-09 18:00:00","2026-09-10 09:00:00","CAPE","surface",-74.5908,17.8453,2361
"2026-09-09 18:00:00","2026-09-10 09:00:00","CAPE","surface",-74.5669,17.8453,2437
"2026-09-09 18:00:00","2026-09-10 09:00:00","CAPE","surface",-74.543,17.8453,2529
"2026-09-09 18:00:00","2026-09-10 09:00:00","CAPE","surface",-74.5191,17.8453,2560
"2026-09-09 18:00:00","2026-09-10 09:00:00","CAPE","surface",-74.4951,17.8453,2588
"2026-09-09 18:00:00","2026-09-10 09:00:00","CAPE","surface",-74.4712,17.8453,2511
"2026-09-09 18:00:00","2026-09-10 09:00:00","CAPE","surface",-74.4473,17.8453,2511
"2026-09-09 18:00:00","2026-09-10 09:00:00","CAPE","surface",-74.4234,17.8453,2443
"2026-09-09 18:00:00","2026-09-10 09:00:00","CAPE","surface",-74.3994,17.8453,2435
"2026-09-09 18:00:00","2026-09-10 09:00:00","CAPE","surface",-74.3755,17.8453,2476
"2026-09-09 18:00:00","2026-09-10 09:00:00","CAPE","surface",-74.3516,17.8453,2495
"2026-09-09 18:00:00","2026-09-10 09:00:00","CAPE","surface",-74.3277,17.8453,2530
"2026-09-09 18:00:00","2026-09-10 09:00:00","CAPE","surface",-74.3037,17.8453,2530
"2026-09-09 18:00:00","2026-09-10 09:00:00","CAPE","surface",-74.2798,17.8453,2594
"2026-09-09 18:00:00","2026-09-10 09:00:00","CAPE","surface",-74.2559,17.8453,2496
"2026-09-09 18:00:00","2026-09-10 09:00:00","CAPE","surface",-74.232,17.8453,2606
"2026-09-09 18:00:00","2026-09-10 09:00:00","CAPE","surface",-74.208,17.8453,2518
"2026-09-09 18:00:00","2026-09-10 09:00:00","CAPE","surface",-74.1841,17.8453,2681
"2026-09-09 18:00:00","2026-09-10 09:00:00","CAPE","surface",-74.1602,17.8453,2681
"2026-09-09 18:00:00","2026-09-10 09:00:00","CAPE","surface",-74.1363,17.8453,2757
"2026-09-09 18:00:00","2026-09-10 09:00:00","CAPE","surface",-74.1123,17.8453,2555
"2026-09-09 18:00:00","2026-09-10 09:00:00","CAPE","surface",-74.0884,17.8453,2601
"2026-09-09 18:00:00","2026-09-10 09:00:00","CAPE","surface",-74.0645,17.8453,2353
"2026-09-09 18:00:00","2026-09-10 09:00:00","CAPE","surface",-74.0406,17.8453,2367
"2026-09-09 18:00:00","2026-09-10 09:00:00","CAPE","surface",-74.0166,17.8453,2367
"2026-09-09 18:00:00","2026-09-10 09:00:00","CAPE","surface",-73.9927,17.8453,2422
"2026-09-09 18:00:00","2026-09-10 09:00:00","CAPE","surface",-73.9688,17.8453,2409
"2026-09-09 18:00:00","2026-09-10 09:00:00","CAPE","surface",-73.9449,17.8453,2445
"2026-09-09 18:00:00","2026-09-10 09:00:00","CAPE","surface",-73.9209,17.8453,2312
"2026-09-09 18:00:00","2026-09-10 09:00:00","CAPE","surface",-73.897,17.8453,2217
"2026-09-09 18:00:00","2026-09-10 09:00:00","CAPE","surface",-73.8731,17.8453,2157
"2026-09-09 18:00:00","2026-09-10 09:00:00","CAPE","surface",-73.8492,17.8453,2140
"2026-09-09 18:00:00","2026-09-10 09:00:00","CAPE","surface",-73.8252,17.8453,2124
"2026-09-09 18:00:00","2026-09-10 09:00:00","CAPE","surface",-73.8013,17.8453,2205
"2026-09-09 18:00:00","2026-09-10 09:00:00","CAPE","surface",-73.7774,17.8453,2248
"2026-09-09 18:00:00","2026-09-10 09:00:00","CAPE","surface",-73.7535,17.8453,2248
"2026-09-09 18:00:00","2026-09-10 09:00:00","CAPE","surface",-73.7295,17.8453,2200
"2026-09-09 18:00:00","2026-09-10 09:00:00","CAPE","surface",-73.7056,17.8453,2206
"2026-09-09 18:00:00","2026-09-10 09:00:00","CAPE","surface",-73.6817,17.8453,2170
"2026-09-09 18:00:00","2026-09-10 09:00:00","CAPE","surface",-73.6578,17.8453,2192
"2026-09-09 18:00:00","2026-09-10 09:00:00","CAPE","surface",-73.6338,17.8453,2183
"2026-09-09 18:00:00","2026-09-10 09:00:00","CAPE","surface",-73.6099,17.8453,2183
"2026-09-09 18:00:00","2026-09-10 09:00:00","CAPE","surface",-73.586,17.8453,2188
"2026-09-09 18:00:00","2026-09-10 09:00:00","CAPE","surface",-73.5621,17.8453,2180
"2026-09-09 18:00:00","2026-09-10 09:00:00","CAPE","surface",-73.5381,17.8453,2268
"2026-09-09 18:00:00","2026-09-10 09:00:00","CAPE","surface",-73.5142,17.8453,2284
"2026-09-09 18:00:00","2026-09-10 09:00:00","CAPE","surface",-73.4903,17.8453,2381
"2026-09-09 18:00:00","2026-09-10 09:00:00","CAPE","surface",-73.4664,17.8453,2381
"2026-09-09 18:00:00","2026-09-10 09:00:00","CAPE","surface",-73.4424,17.8453,2441
"2026-09-09 18:00:00","2026-09-10 09:00:00","CAPE","surface",-73.4185,17.8453,2397
"2026-09-09 18:00:00","2026-09-10 09:00:00","CAPE","surface",-73.3946,17.8453,2391
"2026-09-09 18:00:00","2026-09-10 09:00:00","CAPE","surface",-73.3707,17.8453,2392
"2026-09-09 18:00:00","2026-09-10 09:00:00","CAPE","surface",-73.3467,17.8453,2392
"2026-09-09 18:00:00","2026-09-10 09:00:00","CAPE","surface",-73.3228,17.8453,2387
"2026-09-09 18:00:00","2026-09-10 09:00:00","CAPE","surface",-73.2989,17.8453,2357
"2026-09-09 18:00:00","2026-09-10 09:00:00","CAPE","surface",-73.275,17.8453,2365
"2026-09-09 18:00:00","2026-09-10 09:00:00","CAPE","surface",-73.251,17.8453,2368
"2026-09-09 18:00:00","2026-09-10 09:00:00","CAPE","surface",-73.2271,17.8453,2434
"2026-09-09 18:00:00","2026-09-10 09:00:00","CAPE","surface",-73.2032,17.8453,2434
"2026-09-09 18:00:00","2026-09-10 09:00:00","CAPE","surface",-73.1793,17.8453,2495
"2026-09-09 18:00:00","2026-09-10 09:00:00","CAPE","surface",-73.1553,17.8453,2498
"2026-09-09 18:00:00","2026-09-10 09:00:00","CAPE","surface",-73.1314,17.8453,2484
"2026-09-09 18:00:00","2026-09-10 09:00:00","CAPE","surface",-73.1075,17.8453,2448
"2026-09-09 18:00:00","2026-09-10 09:00:00","CAPE","surface",-73.0836,17.8453,2437
"2026-09-09 18:00:00","2026-09-10 09:00:00","CAPE","surface",-73.0596,17.8453,2437
"2026-09-09 18:00:00","2026-09-10 09:00:00","CAPE","surface",-73.0357,17.8453,2422
"2026-09-09 18:00:00","2026-09-10 09:00:00","CAPE","surface",-73.0118,17.8453,2421
"2026-09-09 18:00:00","2026-09-10 09:00:00","CAPE","surface",-72.9879,17.8453,2364
"2026-09-09 18:00:00","2026-09-10 09:00:00","CAPE","surface",-72.9639,17.8453,2259
"2026-09-09 18:00:00","2026-09-10 09:00:00","CAPE","surface",-72.94,17.8453,2259
"2026-09-09 18:00:00","2026-09-10 09:00:00","CAPE","surface",-72.9161,17.8453,2158
"2026-09-09 18:00:00","2026-09-10 09:00:00","CAPE","surface",-72.8922,17.8453,2158
"2026-09-09 18:00:00","2026-09-10 09:00:00","CAPE","surface",-72.8682,17.8453,2135
"2026-09-09 18:00:00","2026-09-10 09:00:00","CAPE","surface",-72.8443,17.8453,2096
"2026-09-09 18:00:00","2026-09-10 09:00:00","CAPE","surface",-72.8204,17.8453,2046
"2026-09-09 18:00:00","2026-09-10 09:00:00","CAPE","surface",-72.7965,17.8453,2010
"2026-09-09 18:00:00","2026-09-10 09:00:00","CAPE","surface",-72.7725,17.8453,1963
"2026-09-09 18:00:00","2026-09-10 09:00:00","CAPE","surface",-72.7486,17.8453,1978
"2026-09-09 18:00:00","2026-09-10 09:00:00","CAPE","surface",-72.7247,17.8453,2037
"2026-09-09 18:00:00","2026-09-10 09:00:00","CAPE","surface",-72.7008,17.8453,2067
"2026-09-09 18:00:00","2026-09-10 09:00:00","CAPE","surface",-72.6768,17.8453,2093
"2026-09-09 18:00:00","2026-09-10 09:00:00","CAPE","surface",-72.6529,17.8453,2126
"2026-09-09 18:00:00","2026-09-10 09:00:00","CAPE","surface",-72.629,17.8453,2230
"2026-09-09 18:00:00","2026-09-10 09:00:00","CAPE","surface",-72.6051,17.8453,2263
"2026-09-09 18:00:00","2026-09-10 09:00:00","CAPE","surface",-72.5811,17.8453,2282
"2026-09-09 18:00:00","2026-09-10 09:00:00","CAPE","surface",-72.5572,17.8453,2273
"2026-09-09 18:00:00","2026-09-10 09:00:00","CAPE","surface",-72.5333,17.8453,2264
"2026-09-09 18:00:00","2026-09-10 09:00:00","CAPE","surface",-72.5094,17.8453,2243
"2026-09-09 18:00:00","2026-09-10 09:00:00","CAPE","surface",-72.4854,17.8453,2236
"2026-09-09 18:00:00","2026-09-10 09:00:00","CAPE","surface",-72.4615,17.8453,2240
"2026-09-09 18:00:00","2026-09-10 09:00:00","CAPE","surface",-72.4376,17.8453,2217
"2026-09-09 18:00:00","2026-09-10 09:00:00","CAPE","surface",-72.4137,17.8453,2246
"2026-09-09 18:00:00","2026-09-10 09:00:00","CAPE","surface",-72.3897,17.8453,2200
"2026-09-09 18:00:00","2026-09-10 09:00:00","CAPE","surface",-72.3658,17.8453,2156
"2026-09-09 18:00:00","2026-09-10 09:00:00","CAPE","surface",-72.3419,17.8453,2136
"2026-09-09 18:00:00","2026-09-10 09:00:00","CAPE","surface",-72.318,17.8453,2122
"2026-09-09 18:00:00","2026-09-10 09:00:00","CAPE","surface",-72.294,17.8453,2122
"2026-09-09 18:00:00","2026-09-10 09:00:00","CAPE","surface",-72.2701,17.8453,2098
"2026-09-09 18:00:00","2026-09-10 09:00:00","CAPE","surface",-72.2462,17.8453,2094
"2026-09-09 18:00:00","2026-09-10 09:00:00","CAPE","surface",-72.2223,17.8453,2056
"2026-09-09 18:00:00","2026-09-10 09:00:00","CAPE","surface",-72.1983,17.8453,2020
"2026-09-09 18:00:00","2026-09-10 09:00:00","CAPE","surface",-72.1744,17.8453,2020
"2026-09-09 18:00:00","2026-09-10 09:00:00","CAPE","surface",-72.1505,17.8453,1979
"2026-09-09 18:00:00","2026-09-10 09:00:00","CAPE","surface",-72.1266,17.8453,1980
"2026-09-09 18:00:00","2026-09-10 09:00:00","CAPE","surface",-72.1026,17.8453,1928
"2026-09-09 18:00:00","2026-09-10 09:00:00","CAPE","surface",-72.0787,17.8453,1936
"2026-09-09 18:00:00","2026-09-10 09:00:00","CAPE","surface",-72.0548,17.8453,1829
"2026-09-09 18:00:00","2026-09-10 09:00:00","CAPE","surface",-72.0309,17.8453,1857
"2026-09-09 18:00:00","2026-09-10 09:00:00","CAPE","surface",-72.0069,17.8453,1782
"2026-09-09 18:00:00","2026-09-10 09:00:00","CAPE","surface",-71.983,17.8453,1810
"2026-09-09 18:00:00","2026-09-10 09:00:00","CAPE","surface",-71.9591,17.8453,1724
"2026-09-09 18:00:00","2026-09-10 09:00:00","CAPE","surface",-71.9352,17.8453,1731
"2026-09-09 18:00:00","2026-09-10 09:00:00","CAPE","surface",-71.9112,17.8453,1614
"2026-09-09 18:00:00","2026-09-10 09:00:00","CAPE","surface",-71.8873,17.8453,1517
"2026-09-09 18:00:00","2026-09-10 09:00:00","CAPE","surface",-71.8634,17.8453,1519
"2026-09-09 18:00:00","2026-09-10 09:00:00","CAPE","surface",-71.8395,17.8453,1433
"2026-09-09 18:00:00","2026-09-10 09:00:00","CAPE","surface",-71.8155,17.8453,1458
"2026-09-09 18:00:00","2026-09-10 09:00:00","CAPE","surface",-71.7916,17.8453,1353
"2026-09-09 18:00:00","2026-09-10 09:00:00","CAPE","surface",-71.7677,17.8453,1392
"2026-09-09 18:00:00","2026-09-10 09:00:00","CAPE","surface",-71.7438,17.8453,1318
"2026-09-09 18:00:00","2026-09-10 09:00:00","CAPE","surface",-71.7198,17.8453,1380
"2026-09-09 18:00:00","2026-09-10 09:00:00","CAPE","surface",-71.6959,17.8453,1282
"2026-09-09 18:00:00","2026-09-10 09:00:00","CAPE","surface",-71.672,17.8453,1282
"2026-09-09 18:00:00","2026-09-10 09:00:00","CAPE","surface",-71.6481,17.8453,1138
"2026-09-09 18:00:00","2026-09-10 09:00:00","CAPE","surface",-71.6241,17.8453,1222
"2026-09-09 18:00:00","2026-09-10 09:00:00","CAPE","surface",-71.6002,17.8453,1024
"2026-09-09 18:00:00","2026-09-10 09:00:00","CAPE","surface",-71.5763,17.8453,1059
"2026-09-09 18:00:00","2026-09-10 09:00:00","CAPE","surface",-71.5524,17.8453,1059
"2026-09-09 18:00:00","2026-09-10 09:00:00","CAPE","surface",-71.5284,17.8453,1099
"2026-09-09 18:00:00","2026-09-10 09:00:00","CAPE","surface",-71.5045,17.8453,1190
"2026-09-09 18:00:00","2026-09-10 09:00:00","CAPE","surface",-71.4806,17.8453,1216
"2026-09-09 18:00:00","2026-09-10 09:00:00","CAPE","surface",-71.4567,17.8453,1283
"2026-09-09 18:00:00","2026-09-10 09:00:00","CAPE","surface",-71.4327,17.8453,1247
"2026-09-09 18:00:00","2026-09-10 09:00:00","CAPE","surface",-71.4088,17.8453,1331
"2026-09-09 18:00:00","2026-09-10 09:00:00","CAPE","surface",-71.3849,17.8453,1384
"2026-09-09 18:00:00","2026-09-10 09:00:00","CAPE","surface",-71.361,17.8453,1528
"2026-09-09 18:00:00","2026-09-10 09:00:00","CAPE","surface",-71.337,17.8453,1624
"2026-09-09 18:00:00","2026-09-10 09:00:00","CAPE","surface",-71.3131,17.8453,1553
"2026-09-09 18:00:00","2026-09-10 09:00:00","CAPE","surface",-71.2892,17.8453,1742
"2026-09-09 18:00:00","2026-09-10 09:00:00","CAPE","surface",-71.2653,17.8453,2045
"2026-09-09 18:00:00","2026-09-10 09:00:00","CAPE","surface",-71.2413,17.8453,2363
"2026-09-09 18:00:00","2026-09-10 09:00:00","CAPE","surface",-71.2174,17.8453,2396
"2026-09-09 18:00:00","2026-09-10 09:00:00","CAPE","surface",-71.1935,17.8453,2396
"2026-09-09 18:00:00","2026-09-10 09:00:00","CAPE","surface",-71.1696,17.8453,2407
"2026-09-09 18:00:00","2026-09-10 09:00:00","CAPE","surface",-71.1456,17.8453,2448
"2026-09-09 18:00:00","2026-09-10 09:00:00","CAPE","surface",-71.1217,17.8453,2416
"2026-09-09 18:00:00","2026-09-10 09:00:00","CAPE","surface",-71.0978,17.8453,2421
"2026-09-09 18:00:00","2026-09-10 09:00:00","CAPE","surface",-71.0739,17.8453,2372
"2026-09-09 18:00:00","2026-09-10 09:00:00","CAPE","surface",-71.0499,17.8453,2317
"2026-09-09 18:00:00","2026-09-10 09:00:00","CAPE","surface",-71.026,17.8453,2301
"2026-09-09 18:00:00","2026-09-10 09:00:00","CAPE","surface",-71.0021,17.8453,2239
"2026-09-09 18:00:00","2026-09-10 09:00:00","CAPE","surface",-70.9782,17.8453,2260
"2026-09-09 18:00:00","2026-09-10 09:00:00","CAPE","surface",-70.9542,17.8453,2185
"2026-09-09 18:00:00","2026-09-10 09:00:00","CAPE","surface",-70.9303,17.8453,2236
"2026-09-09 18:00:00","2026-09-10 09:00:00","CAPE","surface",-70.9064,17.8453,2217
"2026-09-09 18:00:00","2026-09-10 09:00:00","CAPE","surface",-70.8825,17.8453,2305
"2026-09-09 18:00:00","2026-09-10 09:00:00","CAPE","surface",-70.8585,17.8453,2305
"2026-09-09 18:00:00","2026-09-10 09:00:00","CAPE","surface",-70.8346,17.8453,2305
"2026-09-09 18:00:00","2026-09-10 09:00:00","CAPE","surface",-70.8107,17.8453,2283
"2026-09-09 18:00:00","2026-09-10 09:00:00","CAPE","surface",-70.7868,17.8453,2276
"2026-09-09 18:00:00","2026-09-10 09:00:00","CAPE","surface",-70.7628,17.8453,2418
"2026-09-09 18:00:00","2026-09-10 09:00:00","CAPE","surface",-70.7389,17.8453,2493
"2026-09-09 18:00:00","2026-09-10 09:00:00","CAPE","surface",-70.715,17.8453,2493
"2026-09-09 18:00:00","2026-09-10 09:00:00","CAPE","surface",-70.6911,17.8453,2576
"2026-09-09 18:00:00","2026-09-10 09:00:00","CAPE","surface",-70.6671,17.8453,2730
"2026-09-09 18:00:00","2026-09-10 09:00:00","CAPE","surface",-70.6432,17.8453,2741
"2026-09-09 18:00:00","2026-09-10 09:00:00","CAPE","surface",-70.6193,17.8453,2807
"2026-09-09 18:00:00","2026-09-10 09:00:00","CAPE","surface",-70.5954,17.8453,2732
"2026-09-09 18:00:00","2026-09-10 09:00:00","CAPE","surface",-70.5714,17.8453,2733
"2026-09-09 18:00:00","2026-09-10 09:00:00","CAPE","surface",-70.5475,17.8453,2657
"2026-09-09 18:00:00","2026-09-10 09:00:00","CAPE","surface",-70.5236,17.8453,2631
"2026-09-09 18:00:00","2026-09-10 09:00:00","CAPE","surface",-70.4997,17.8453,2631
"2026-09-09 18:00:00","2026-09-10 09:00:00","CAPE","surface",-70.4757,17.8453,2614
"2026-09-09 18:00:00","2026-09-10 09:00:00","CAPE","surface",-70.4518,17.8453,2599
"2026-09-09 18:00:00","2026-09-10 09:00:00","CAPE","surface",-70.4279,17.8453,2573
"2026-09-09 18:00:00","2026-09-10 09:00:00","CAPE","surface",-70.404,17.8453,2577
"2026-09-09 18:00:00","2026-09-10 09:00:00","CAPE","surface",-70.38,17.8453,2546
"2026-09-09 18:00:00","2026-09-10 09:00:00","CAPE","surface",-70.3561,17.8453,2541
"2026-09-09 18:00:00","2026-09-10 09:00:00","CAPE","surface",-70.3322,17.8453,2502
"2026-09-09 18:00:00","2026-09-10 09:00:00","CAPE","surface",-70.3083,17.8453,2516
"2026-09-09 18:00:00","2026-09-10 09:00:00","CAPE","surface",-70.2843,17.8453,2528
"2026-09-09 18:00:00","2026-09-10 09:00:00","CAPE","surface",-70.2604,17.8453,2539
"2026-09-09 18:00:00","2026-09-10 09:00:00","CAPE","surface",-70.2365,17.8453,2575
"2026-09-09 18:00:00","2026-09-10 09:00:00","CAPE","surface",-70.2126,17.8453,2660
"2026-09-09 18:00:00","2026-09-10 09:00:00","CAPE","surface",-70.1886,17.8453,2723
"2026-09-09 18:00:00","2026-09-10 09:00:00","CAPE","surface",-70.1647,17.8453,2687
"2026-09-09 18:00:00","2026-09-10 09:00:00","CAPE","surface",-70.1408,17.8453,2687
"2026-09-09 18:00:00","2026-09-10 09:00:00","CAPE","surface",-70.1169,17.8453,2678
"2026-09-09 18:00:00","2026-09-10 09:00:00","CAPE","surface",-70.0929,17.8453,2607
"2026-09-09 18:00:00","2026-09-10 09:00:00","CAPE","surface",-70.069,17.8453,2631
"2026-09-09 18:00:00","2026-09-10 09:00:00","CAPE","surface",-70.0451,17.8453,2814
"2026-09-09 18:00:00","2026-09-10 09:00:00","CAPE","surface",-70.0212,17.8453,2747
"2026-09-09 18:00:00","2026-09-10 09:00:00","CAPE","surface",-69.9972,17.8453,2890
"2026-09-09 18:00:00","2026-09-10 09:00:00","CAPE","surface",-69.9733,17.8453,2874
"2026-09-09 18:00:00","2026-09-10 09:00:00","CAPE","surface",-69.9494,17.8453,2884
"2026-09-09 18:00:00","2026-09-10 09:00:00","CAPE","surface",-69.9255,17.8453,2884
"2026-09-09 18:00:00","2026-09-10 09:00:00","CAPE","surface",-69.9015,17.8453,2788
"2026-09-09 18:00:00","2026-09-10 09:00:00","CAPE","surface",-69.8776,17.8453,2794
"2026-09-09 18:00:00","2026-09-10 09:00:00","CAPE","surface",-69.8537,17.8453,2642
"2026-09-09 18:00:00","2026-09-10 09:00:00","CAPE","surface",-69.8298,17.8453,2595
"2026-09-09 18:00:00","2026-09-10 09:00:00","CAPE","surface",-69.8058,17.8453,2595
"2026-09-09 18:00:00","2026-09-10 09:00:00","CAPE","surface",-69.7819,17.8453,2639
"2026-09-09 18:00:00","2026-09-10 09:00:00","CAPE","surface",-69.758,17.8453,2580
"2026-09-09 18:00:00","2026-09-10 09:00:00","CAPE","surface",-69.7341,17.8453,2643
"2026-09-09 18:00:00","2026-09-10 09:00:00","CAPE","surface",-69.7101,17.8453,2643
"2026-09-09 18:00:00","2026-09-10 09:00:00","CAPE","surface",-69.6862,17.8453,2616
"2026-09-09 18:00:00","2026-09-10 09:00:00","CAPE","surface",-69.6623,17.8453,2465
"2026-09-09 18:00:00","2026-09-10 09:00:00","CAPE","surface",-69.6384,17.8453,2434
"2026-09-09 18:00:00","2026-09-10 09:00:00","CAPE","surface",-69.6144,17.8453,2488
"2026-09-09 18:00:00","2026-09-10 09:00:00","CAPE","surface",-69.5905,17.8453,2488
"2026-09-09 18:00:00","2026-09-10 09:00:00","CAPE","surface",-69.5666,17.8453,2641
"2026-09-09 18:00:00","2026-09-10 09:00:00","CAPE","surface",-69.5427,17.8453,2789
"2026-09-09 18:00:00","2026-09-10 09:00:00","CAPE","surface",-69.5187,17.8453,2841
"2026-09-09 18:00:00","2026-09-10 09:00:00","CAPE","surface",-69.4948,17.8453,2831
"2026-09-09 18:00:00","2026-09-10 09:00:00","CAPE","surface",-69.4709,17.8453,2831
"2026-09-09 18:00:00","2026-09-10 09:00:00","CAPE","surface",-69.447,17.8453,2676
"2026-09-09 18:00:00","2026-09-10 09:00:00","CAPE","surface",-69.423,17.8453,2534
"2026-09-09 18:00:00","2026-09-10 09:00:00","CAPE","surface",-69.3991,17.8453,2252
"2026-09-09 18:00:00","2026-09-10 09:00:00","CAPE","surface",-69.3752,17.8453,2252
"2026-09-09 18:00:00","2026-09-10 09:00:00","CAPE","surface",-69.3513,17.8453,2079
"2026-09-09 18:00:00","2026-09-10 09:00:00","CAPE","surface",-69.3273,17.8453,2044
"2026-09-09 18:00:00","2026-09-10 09:00:00","CAPE","surface",-69.3034,17.8453,2187
"2026-09-09 18:00:00","2026-09-10 09:00:00","CAPE","surface",-69.2795,17.8453,2301
"2026-09-09 18:00:00","2026-09-10 09:00:00","CAPE","surface",-69.2556,17.8453,2341
"2026-09-09 18:00:00","2026-09-10 09:00:00","CAPE","surface",-69.2316,17.8453,2318
"2026-09-09 18:00:00","2026-09-10 09:00:00","CAPE","surface",-69.2077,17.8453,2280
"2026-09-09 18:00:00","2026-09-10 09:00:00","CAPE","surface",-69.1838,17.8453,2215
"2026-09-09 18:00:00","2026-09-10 09:00:00","CAPE","surface",-69.1599,17.8453,2215
"2026-09-09 18:00:00","2026-09-10 09:00:00","CAPE","surface",-69.1359,17.8453,2315
"2026-09-09 18:00:00","2026-09-10 09:00:00","CAPE","surface",-69.112,17.8453,2421
"2026-09-09 18:00:00","2026-09-10 09:00:00","CAPE","surface",-69.0881,17.8453,2578
"2026-09-09 18:00:00","2026-09-10 09:00:00","CAPE","surface",-69.0642,17.8453,2626
"2026-09-09 18:00:00","2026-09-10 09:00:00","CAPE","surface",-69.0402,17.8453,2762
"2026-09-09 18:00:00","2026-09-10 09:00:00","CAPE","surface",-69.0163,17.8453,2995
"2026-09-09 18:00:00","2026-09-10 09:00:00","CAPE","surface",-68.9924,17.8453,3064
"2026-09-09 18:00:00","2026-09-10 09:00:00","CAPE","surface",-68.9685,17.8453,3158
"2026-09-09 18:00:00","2026-09-10 09:00:00","CAPE","surface",-68.9445,17.8453,3158
"2026-09-09 18:00:00","2026-09-10 09:00:00","CAPE","surface",-68.9206,17.8453,3125
"2026-09-09 18:00:00","2026-09-10 09:00:00","CAPE","surface",-68.8967,17.8453,2982
"2026-09-09 18:00:00","2026-09-10 09:00:00","CAPE","surface",-68.8728,17.8453,2989
"2026-09-09 18:00:00","2026-09-10 09:00:00","CAPE","surface",-68.8488,17.8453,2913
"2026-09-09 18:00:00","2026-09-10 09:00:00","CAPE","surface",-68.8249,17.8453,3070
"2026-09-09 18:00:00","2026-09-10 09:00:00","CAPE","surface",-68.801,17.8453,3045
"2026-09-09 18:00:00","2026-09-10 09:00:00","CAPE","surface",-68.7771,17.8453,2985
"2026-09-09 18:00:00","2026-09-10 09:00:00","CAPE","surface",-68.7531,17.8453,3031
"2026-09-09 18:00:00","2026-09-10 09:00:00","CAPE","surface",-68.7292,17.8453,3031
"2026-09-09 18:00:00","2026-09-10 09:00:00","CAPE","surface",-68.7053,17.8453,3170
"2026-09-09 18:00:00","2026-09-10 09:00:00","CAPE","surface",-68.6813,17.8453,3199
"2026-09-09 18:00:00","2026-09-10 09:00:00","CAPE","surface",-68.6574,17.8453,3404
"2026-09-09 18:00:00","2026-09-10 09:00:00","CAPE","surface",-68.6335,17.8453,3289
"2026-09-09 18:00:00","2026-09-10 09:00:00","CAPE","surface",-68.6096,17.8453,3289
"2026-09-09 18:00:00","2026-09-10 09:00:00","CAPE","surface",-68.5856,17.8453,2468
"2026-09-09 18:00:00","2026-09-10 09:00:00","CAPE","surface",-68.5617,17.8453,2158
"2026-09-09 18:00:00","2026-09-10 09:00:00","CAPE","surface",-68.5378,17.8453,2051
"2026-09-09 18:00:00","2026-09-10 09:00:00","CAPE","surface",-68.5139,17.8453,2051
"2026-09-09 18:00:00","2026-09-10 09:00:00","CAPE","surface",-68.4899,17.8453,2129
"2026-09-09 18:00:00","2026-09-10 09:00:00","CAPE","surface",-68.466,17.8453,2218
"2026-09-09 18:00:00","2026-09-10 09:00:00","CAPE","surface",-68.4421,17.8453,2206
"2026-09-09 18:00:00","2026-09-10 09:00:00","CAPE","surface",-68.4182,17.8453,2210
"2026-09-09 18:00:00","2026-09-10 09:00:00","CAPE","surface",-68.3942,17.8453,2210
"2026-09-09 18:00:00","2026-09-10 09:00:00","CAPE","surface",-68.3703,17.8453,2228
"2026-09-09 18:00:00","2026-09-10 09:00:00","CAPE","surface",-68.3464,17.8453,2274
"2026-09-09 18:00:00","2026-09-10 09:00:00","CAPE","surface",-68.3225,17.8453,2321
"2026-09-09 18:00:00","2026-09-10 09:00:00","CAPE","surface",-68.2985,17.8453,2321
"2026-09-09 18:00:00","2026-09-10 09:00:00","CAPE","surface",-68.2746,17.8453,2319
"2026-09-09 18:00:00","2026-09-10 09:00:00","CAPE","surface",-68.2507,17.8453,2281
"2026-09-09 18:00:00","2026-09-10 09:00:00","CAPE","surface",-68.2268,17.8453,2272
"2026-09-09 18:00:00","2026-09-10 09:00:00","CAPE","surface",-68.2028,17.8453,2193
"2026-09-09 18:00:00","2026-09-10 09:00:00","CAPE","surface",-68.1789,17.8453,2206
"2026-09-09 18:00:00","2026-09-10 09:00:00","CAPE","surface",-68.155,17.8453,2165
"2026-09-09 18:00:00","2026-09-10 09:00:00","CAPE","surface",-68.1311,17.8453,2244
"2026-09-09 18:00:00","2026-09-10 09:00:00","CAPE","surface",-68.1071,17.8453,2184
"2026-09-09 18:00:00","2026-09-10 09:00:00","CAPE","surface",-68.0832,17.8453,2272
"2026-09-09 18:00:00","2026-09-10 09:00:00","CAPE","surface",-68.0593,17.8453,2390
"2026-09-09 18:00:00","2026-09-10 09:00:00","CAPE","surface",-68.0354,17.8453,2531
"2026-09-09 18:00:00","2026-09-10 09:00:00","CAPE","surface",-68.0114,17.8453,2659
"2026-09-09 18:00:00","2026-09-10 09:00:00","CAPE","surface",-67.9875,17.8453,2717
"2026-09-09 18:00:00","2026-09-10 09:00:00","CAPE","surface",-67.9636,17.8453,2866
"2026-09-09 18:00:00","2026-09-10 09:00:00","CAPE","surface",-67.9397,17.8453,3160
"2026-09-09 18:00:00","2026-09-10 09:00:00","CAPE","surface",-67.9157,17.8453,3296
"2026-09-09 18:00:00","2026-09-10 09:00:00","CAPE","surface",-67.8918,17.8453,3296
"2026-09-09 18:00:00","2026-09-10 09:00:00","CAPE","surface",-67.8679,17.8453,2822
"2026-09-09 18:00:00","2026-09-10 09:00:00","CAPE","surface",-67.844,17.8453,2757
"2026-09-09 18:00:00","2026-09-10 09:00:00","CAPE","surface",-67.82,17.8453,2564
"2026-09-09 18:00:00","2026-09-10 09:00:00","CAPE","surface",-67.7961,17.8453,2564
"2026-09-09 18:00:00","2026-09-10 09:00:00","CAPE","surface",-67.7722,17.8453,2563
"2026-09-09 18:00:00","2026-09-10 09:00:00","CAPE","surface",-67.7483,17.8453,2495
"2026-09-09 18:00:00","2026-09-10 09:00:00","CAPE","surface",-67.7243,17.8453,2496
"2026-09-09 18:00:00","2026-09-10 09:00:00","CAPE","surface",-67.7004,17.8453,2493
"2026-09-09 18:00:00","2026-09-10 09:00:00","CAPE","surface",-67.6765,17.8453,2493
"2026-09-09 18:00:00","2026-09-10 09:00:00","CAPE","surface",-67.6526,17.8453,2640
"2026-09-09 18:00:00","2026-09-10 09:00:00","CAPE","surface",-67.6286,17.8453,2778
"2026-09-09 18:00:00","2026-09-10 09:00:00","CAPE","surface",-67.6047,17.8453,2847
"2026-09-09 18:00:00","2026-09-10 09:00:00","CAPE","surface",-67.5808,17.8453,2887
"2026-09-09 18:00:00","2026-09-10 09:00:00","CAPE","surface",-67.5569,17.8453,2785
"2026-09-09 18:00:00","2026-09-10 09:00:00","CAPE","surface",-67.5329,17.8453,2621
"2026-09-09 18:00:00","2026-09-10 09:00:00","CAPE","surface",-67.509,17.8453,2599
"2026-09-09 18:00:00","2026-09-10 09:00:00","CAPE","surface",-67.4851,17.8453,2579
"2026-09-09 18:00:00","2026-09-10 09:00:00","CAPE","surface",-67.4612,17.8453,2572
"2026-09-09 18:00:00","2026-09-10 09:00:00","CAPE","surface",-67.4372,17.8453,2652
"2026-09-09 18:00:00","2026-09-10 09:00:00","CAPE","surface",-67.4133,17.8453,2840
"2026-09-09 18:00:00","2026-09-10 09:00:00","CAPE","surface",-67.3894,17.8453,2840
"2026-09-09 18:00:00","2026-09-10 09:00:00","CAPE","surface",-67.3655,17.8453,2952
"2026-09-09 18:00:00","2026-09-10 09:00:00","CAPE","surface",-67.3415,17.8453,2991
"2026-09-09 18:00:00","2026-09-10 09:00:00","CAPE","surface",-67.3176,17.8453,2982
"2026-09-09 18:00:00","2026-09-10 09:00:00","CAPE","surface",-67.2937,17.8453,2982
"2026-09-09 18:00:00","2026-09-10 09:00:00","CAPE","surface",-67.2698,17.8453,3041
"2026-09-09 18:00:00","2026-09-10 09:00:00","CAPE","surface",-67.2458,17.8453,3047
"2026-09-09 18:00:00","2026-09-10 09:00:00","CAPE","surface",-67.2219,17.8453,3041
"2026-09-09 18:00:00","2026-09-10 09:00:00","CAPE","surface",-67.198,17.8453,2813
"2026-09-09 18:00:00","2026-09-10 09:00:00","CAPE","surface",-67.1741,17.8453,2813
"2026-09-09 18:00:00","2026-09-10 09:00:00","CAPE","surface",-67.1501,17.8453,2460
"2026-09-09 18:00:00","2026-09-10 09:00:00","CAPE","surface",-67.1262,17.8453,2502
"2026-09-09 18:00:00","2026-09-10 09:00:00","CAPE","surface",-67.1023,17.8453,2191
"2026-09-09 18:00:00","2026-09-10 09:00:00","CAPE","surface",-67.0784,17.8453,2121
"2026-09-09 18:00:00","2026-09-10 09:00:00","CAPE","surface",-67.0544,17.8453,2238
"2026-09-09 18:00:00","2026-09-10 09:00:00","CAPE","surface",-67.0305,17.8453,2409
"2026-09-09 18:00:00","2026-09-10 09:00:00","CAPE","surface",-67.0066,17.8453,2656
"2026-09-09 18:00:00","2026-09-10 09:00:00","CAPE","surface",-74.7822,17.8681,2027
"2026-09-09 18:00:00","2026-09-10 09:00:00","CAPE","surface",-74.7583,17.8681,2135
"2026-09-09 18:00:00","2026-09-10 09:00:00","CAPE","surface",-74.7344,17.8681,2185
"2026-09-09 18:00:00","2026-09-10 09:00:00","CAPE","surface",-74.7105,17.8681,2209
"2026-09-09 18:00:00","2026-09-10 09:00:00","CAPE","surface",-74.6865,17.8681,2210
"2026-09-09 18:00:00","2026-09-10 09:00:00","CAPE","surface",-74.6626,17.8681,2210
"2026-09-09 18:00:00","2026-09-10 09:00:00","CAPE","surface",-74.6387,17.8681,2240
"2026-09-09 18:00:00","2026-09-10 09:00:00","CAPE","surface",-74.6148,17.8681,2279
"2026-09-09 18:00:00","2026-09-10 09:00:00","CAPE","surface",-74.5908,17.8681,2342
"2026-09-09 18:00:00","2026-09-10 09:00:00","CAPE","surface",-74.5669,17.8681,2437
"2026-09-09 18:00:00","2026-09-10 09:00:00","CAPE","surface",-74.543,17.8681,2480
"2026-09-09 18:00:00","2026-09-10 09:00:00","CAPE","surface",-74.5191,17.8681,2480
"2026-09-09 18:00:00","2026-09-10 09:00:00","CAPE","surface",-74.4951,17.8681,2478
"2026-09-09 18:00:00","2026-09-10 09:00:00","CAPE","surface",-74.4712,17.8681,2512
"2026-09-09 18:00:00","2026-09-10 09:00:00","CAPE","surface",-74.4473,17.8681,2460
"2026-09-09 18:00:00","2026-09-10 09:00:00","CAPE","surface",-74.4234,17.8681,2443
"2026-09-09 18:00:00","2026-09-10 09:00:00","CAPE","surface",-74.3994,17.8681,2451
"2026-09-09 18:00:00","2026-09-10 09:00:00","CAPE","surface",-74.3755,17.8681,2451
"2026-09-09 18:00:00","2026-09-10 09:00:00","CAPE","surface",-74.3516,17.8681,2540
"2026-09-09 18:00:00","2026-09-10 09:00:00","CAPE","surface",-74.3277,17.8681,2555
"2026-09-09 18:00:00","2026-09-10 09:00:00","CAPE","surface",-74.3037,17.8681,2644
"2026-09-09 18:00:00","2026-09-10 09:00:00","CAPE","surface",-74.2798,17.8681,2594
"2026-09-09 18:00:00","2026-09-10 09:00:00","CAPE","surface",-74.2559,17.8681,2678
"2026-09-09 18:00:00","2026-09-10 09:00:00","CAPE","surface",-74.232,17.8681,2777
"2026-09-09 18:00:00","2026-09-10 09:00:00","CAPE","surface",-74.208,17.8681,2770
"2026-09-09 18:00:00","2026-09-10 09:00:00","CAPE","surface",-74.1841,17.8681,2888
"2026-09-09 18:00:00","2026-09-10 09:00:00","CAPE","surface",-74.1602,17.8681,2873
"2026-09-09 18:00:00","2026-09-10 09:00:00","CAPE","surface",-74.1363,17.8681,2908
"2026-09-09 18:00:00","2026-09-10 09:00:00","CAPE","surface",-74.1123,17.8681,2908
"2026-09-09 18:00:00","2026-09-10 09:00:00","CAPE","surface",-74.0884,17.8681,2856
"2026-09-09 18:00:00","2026-09-10 09:00:00","CAPE","surface",-74.0645,17.8681,2769
"2026-09-09 18:00:00","2026-09-10 09:00:00","CAPE","surface",-74.0406,17.8681,2690
"2026-09-09 18:00:00","2026-09-10 09:00:00","CAPE","surface",-74.0166,17.8681,2492
"2026-09-09 18:00:00","2026-09-10 09:00:00","CAPE","surface",-73.9927,17.8681,2510
"2026-09-09 18:00:00","2026-09-10 09:00:00","CAPE","surface",-73.9688,17.8681,2510
"2026-09-09 18:00:00","2026-09-10 09:00:00","CAPE","surface",-73.9449,17.8681,2558
"2026-09-09 18:00:00","2026-09-10 09:00:00","CAPE","surface",-73.9209,17.8681,2451
"2026-09-09 18:00:00","2026-09-10 09:00:00","CAPE","surface",-73.897,17.8681,2293
"2026-09-09 18:00:00","2026-09-10 09:00:00","CAPE","surface",-73.8731,17.8681,2157
"2026-09-09 18:00:00","2026-09-10 09:00:00","CAPE","surface",-73.8492,17.8681,2095
"2026-09-09 18:00:00","2026-09-10 09:00:00","CAPE","surface",-73.8252,17.8681,2095
"2026-09-09 18:00:00","2026-09-10 09:00:00","CAPE","surface",-73.8013,17.8681,2126
"2026-09-09 18:00:00","2026-09-10 09:00:00","CAPE","surface",-73.7774,17.8681,2210
"2026-09-09 18:00:00","2026-09-10 09:00:00","CAPE","surface",-73.7535,17.8681,2196
"2026-09-09 18:00:00","2026-09-10 09:00:00","CAPE","surface",-73.7295,17.8681,2200
"2026-09-09 18:00:00","2026-09-10 09:00:00","CAPE","surface",-73.7056,17.8681,2150
"2026-09-09 18:00:00","2026-09-10 09:00:00","CAPE","surface",-73.6817,17.8681,2150
"2026-09-09 18:00:00","2026-09-10 09:00:00","CAPE","surface",-73.6578,17.8681,2170
"2026-09-09 18:00:00","2026-09-10 09:00:00","CAPE","surface",-73.6338,17.8681,2215
"2026-09-09 18:00:00","2026-09-10 09:00:00","CAPE","surface",-73.6099,17.8681,2201
"2026-09-09 18:00:00","2026-09-10 09:00:00","CAPE","surface",-73.586,17.8681,2259
"2026-09-09 18:00:00","2026-09-10 09:00:00","CAPE","surface",-73.5621,17.8681,2256
"2026-09-09 18:00:00","2026-09-10 09:00:00","CAPE","surface",-73.5381,17.8681,2310
"2026-09-09 18:00:00","2026-09-10 09:00:00","CAPE","surface",-73.5142,17.8681,2358
"2026-09-09 18:00:00","2026-09-10 09:00:00","CAPE","surface",-73.4903,17.8681,2456
"2026-09-09 18:00:00","2026-09-10 09:00:00","CAPE","surface",-73.4664,17.8681,2468
"2026-09-09 18:00:00","2026-09-10 09:00:00","CAPE","surface",-73.4424,17.8681,2475
"2026-09-09 18:00:00","2026-09-10 09:00:00","CAPE","surface",-73.4185,17.8681,2475
"2026-09-09 18:00:00","2026-09-10 09:00:00","CAPE","surface",-73.3946,17.8681,2448
"2026-09-09 18:00:00","2026-09-10 09:00:00","CAPE","surface",-73.3707,17.8681,2419
"2026-09-09 18:00:00","2026-09-10 09:00:00","CAPE","surface",-73.3467,17.8681,2422
"2026-09-09 18:00:00","2026-09-10 09:00:00","CAPE","surface",-73.3228,17.8681,2387
"2026-09-09 18:00:00","2026-09-10 09:00:00","CAPE","surface",-73.2989,17.8681,2381
"2026-09-09 18:00:00","2026-09-10 09:00:00","CAPE","surface",-73.275,17.8681,2381
"2026-09-09 18:00:00","2026-09-10 09:00:00","CAPE","surface",-73.251,17.8681,2400
"2026-09-09 18:00:00","2026-09-10 09:00:00","CAPE","surface",-73.2271,17.8681,2409
"2026-09-09 18:00:00","2026-09-10 09:00:00","CAPE","surface",-73.2032,17.8681,2480
"2026-09-09 18:00:00","2026-09-10 09:00:00","CAPE","surface",-73.1793,17.8681,2495
"2026-09-09 18:00:00","2026-09-10 09:00:00","CAPE","surface",-73.1553,17.8681,2523
"2026-09-09 18:00:00","2026-09-10 09:00:00","CAPE","surface",-73.1314,17.8681,2560
"2026-09-09 18:00:00","2026-09-10 09:00:00","CAPE","surface",-73.1075,17.8681,2521
"2026-09-09 18:00:00","2026-09-10 09:00:00","CAPE","surface",-73.0836,17.8681,2491
"2026-09-09 18:00:00","2026-09-10 09:00:00","CAPE","surface",-73.0596,17.8681,2438
"2026-09-09 18:00:00","2026-09-10 09:00:00","CAPE","surface",-73.0357,17.8681,2408
"2026-09-09 18:00:00","2026-09-10 09:00:00","CAPE","surface",-73.0118,17.8681,2408
"2026-09-09 18:00:00","2026-09-10 09:00:00","CAPE","surface",-72.9879,17.8681,2356
"2026-09-09 18:00:00","2026-09-10 09:00:00","CAPE","surface",-72.9639,17.8681,2314
"2026-09-09 18:00:00","2026-09-10 09:00:00","CAPE","surface",-72.94,17.8681,2209
"2026-09-09 18:00:00","2026-09-10 09:00:00","CAPE","surface",-72.9161,17.8681,2158
"2026-09-09 18:00:00","2026-09-10 09:00:00","CAPE","surface",-72.8922,17.8681,2153
"2026-09-09 18:00:00","2026-09-10 09:00:00","CAPE","surface",-72.8682,17.8681,2144
"2026-09-09 18:00:00","2026-09-10 09:00:00","CAPE","surface",-72.8443,17.8681,2105
"2026-09-09 18:00:00","2026-09-10 09:00:00","CAPE","surface",-72.8204,17.8681,2046
"2026-09-09 18:00:00","2026-09-10 09:00:00","CAPE","surface",-72.7965,17.8681,1971
"2026-09-09 18:00:00","2026-09-10 09:00:00","CAPE","surface",-72.7725,17.8681,1963
"2026-09-09 18:00:00","2026-09-10 09:00:00","CAPE","surface",-72.7486,17.8681,1966
"2026-09-09 18:00:00","2026-09-10 09:00:00","CAPE","surface",-72.7247,17.8681,2019
"2026-09-09 18:00:00","2026-09-10 09:00:00","CAPE","surface",-72.7008,17.8681,2072
"2026-09-09 18:00:00","2026-09-10 09:00:00","CAPE","surface",-72.6768,17.8681,2167
"2026-09-09 18:00:00","2026-09-10 09:00:00","CAPE","surface",-72.6529,17.8681,2199
"2026-09-09 18:00:00","2026-09-10 09:00:00","CAPE","surface",-72.629,17.8681,2237
"2026-09-09 18:00:00","2026-09-10 09:00:00","CAPE","surface",-72.6051,17.8681,2253
"2026-09-09 18:00:00","2026-09-10 09:00:00","CAPE","surface",-72.5811,17.8681,2269
"2026-09-09 18:00:00","2026-09-10 09:00:00","CAPE","surface",-72.5572,17.8681,2273
"2026-09-09 18:00:00","2026-09-10 09:00:00","CAPE","surface",-72.5333,17.8681,2253
"2026-09-09 18:00:00","2026-09-10 09:00:00","CAPE","surface",-72.5094,17.8681,2253
"2026-09-09 18:00:00","2026-09-10 09:00:00","CAPE","surface",-72.4854,17.8681,2256
"2026-09-09 18:00:00","2026-09-10 09:00:00","CAPE","surface",-72.4615,17.8681,2255
"2026-09-09 18:00:00","2026-09-10 09:00:00","CAPE","surface",-72.4376,17.8681,2268
"2026-09-09 18:00:00","2026-09-10 09:00:00","CAPE","surface",-72.4137,17.8681,2246
"2026-09-09 18:00:00","2026-09-10 09:00:00","CAPE","surface",-72.3897,17.8681,2200
"2026-09-09 18:00:00","2026-09-10 09:00:00","CAPE","surface",-72.3658,17.8681,2190
"2026-09-09 18:00:00","2026-09-10 09:00:00","CAPE","surface",-72.3419,17.8681,2159
"2026-09-09 18:00:00","2026-09-10 09:00:00","CAPE","surface",-72.318,17.8681,2095
"2026-09-09 18:00:00","2026-09-10 09:00:00","CAPE","surface",-72.294,17.8681,2094
"2026-09-09 18:00:00","2026-09-10 09:00:00","CAPE","surface",-72.2701,17.8681,2049
"2026-09-09 18:00:00","2026-09-10 09:00:00","CAPE","surface",-72.2462,17.8681,2049
"2026-09-09 18:00:00","2026-09-10 09:00:00","CAPE","surface",-72.2223,17.8681,2007
"2026-09-09 18:00:00","2026-09-10 09:00:00","CAPE","surface",-72.1983,17.8681,2019
"2026-09-09 18:00:00","2026-09-10 09:00:00","CAPE","surface",-72.1744,17.8681,1976
"2026-09-09 18:00:00","2026-09-10 09:00:00","CAPE","surface",-72.1505,17.8681,1979
"2026-09-09 18:00:00","2026-09-10 09:00:00","CAPE","surface",-72.1266,17.8681,1889
"2026-09-09 18:00:00","2026-09-10 09:00:00","CAPE","surface",-72.1026,17.8681,1910
"2026-09-09 18:00:00","2026-09-10 09:00:00","CAPE","surface",-72.0787,17.8681,1813
"2026-09-09 18:00:00","2026-09-10 09:00:00","CAPE","surface",-72.0548,17.8681,1698
"2026-09-09 18:00:00","2026-09-10 09:00:00","CAPE","surface",-72.0309,17.8681,1737
"2026-09-09 18:00:00","2026-09-10 09:00:00","CAPE","surface",-72.0069,17.8681,1649
"2026-09-09 18:00:00","2026-09-10 09:00:00","CAPE","surface",-71.983,17.8681,1649
"2026-09-09 18:00:00","2026-09-10 09:00:00","CAPE","surface",-71.9591,17.8681,1572
"2026-09-09 18:00:00","2026-09-10 09:00:00","CAPE","surface",-71.9352,17.8681,1601
"2026-09-09 18:00:00","2026-09-10 09:00:00","CAPE","surface",-71.9112,17.8681,1509
"2026-09-09 18:00:00","2026-09-10 09:00:00","CAPE","surface",-71.8873,17.8681,1517
"2026-09-09 18:00:00","2026-09-10 09:00:00","CAPE","surface",-71.8634,17.8681,1408
"2026-09-09 18:00:00","2026-09-10 09:00:00","CAPE","surface",-71.8395,17.8681,1423
"2026-09-09 18:00:00","2026-09-10 09:00:00","CAPE","surface",-71.8155,17.8681,1342
"2026-09-09 18:00:00","2026-09-10 09:00:00","CAPE","surface",-71.7916,17.8681,1353
"2026-09-09 18:00:00","2026-09-10 09:00:00","CAPE","surface",-71.7677,17.8681,1280
"2026-09-09 18:00:00","2026-09-10 09:00:00","CAPE","surface",-71.7438,17.8681,1164
"2026-09-09 18:00:00","2026-09-10 09:00:00","CAPE","surface",-71.7198,17.8681,1177
"2026-09-09 18:00:00","2026-09-10 09:00:00","CAPE","surface",-71.6959,17.8681,1035
"2026-09-09 18:00:00","2026-09-10 09:00:00","CAPE","surface",-71.672,17.8681,1048
"2026-09-09 18:00:00","2026-09-10 09:00:00","CAPE","surface",-71.6481,17.8681,781
"2026-09-09 18:00:00","2026-09-10 09:00:00","CAPE","surface",-71.6241,17.8681,781
"2026-09-09 18:00:00","2026-09-10 09:00:00","CAPE","surface",-71.6002,17.8681,831
"2026-09-09 18:00:00","2026-09-10 09:00:00","CAPE","surface",-71.5763,17.8681,969
"2026-09-09 18:00:00","2026-09-10 09:00:00","CAPE","surface",-71.5524,17.8681,1008
"2026-09-09 18:00:00","2026-09-10 09:00:00","CAPE","surface",-71.5284,17.8681,1099
"2026-09-09 18:00:00","2026-09-10 09:00:00","CAPE","surface",-71.5045,17.8681,1032
"2026-09-09 18:00:00","2026-09-10 09:00:00","CAPE","surface",-71.4806,17.8681,1135
"2026-09-09 18:00:00","2026-09-10 09:00:00","CAPE","surface",-71.4567,17.8681,1176
"2026-09-09 18:00:00","2026-09-10 09:00:00","CAPE","surface",-71.4327,17.8681,1185
"2026-09-09 18:00:00","2026-09-10 09:00:00","CAPE","surface",-71.4088,17.8681,1267
"2026-09-09 18:00:00","2026-09-10 09:00:00","CAPE","surface",-71.3849,17.8681,1231
"2026-09-09 18:00:00","2026-09-10 09:00:00","CAPE","surface",-71.361,17.8681,1342
"2026-09-09 18:00:00","2026-09-10 09:00:00","CAPE","surface",-71.337,17.8681,1421
"2026-09-09 18:00:00","2026-09-10 09:00:00","CAPE","surface",-71.3131,17.8681,1553
"2026-09-09 18:00:00","2026-09-10 09:00:00","CAPE","surface",-71.2892,17.8681,1677
"2026-09-09 18:00:00","2026-09-10 09:00:00","CAPE","surface",-71.2653,17.8681,1677
"2026-09-09 18:00:00","2026-09-10 09:00:00","CAPE","surface",-71.2413,17.8681,1951
"2026-09-09 18:00:00","2026-09-10 09:00:00","CAPE","surface",-71.2174,17.8681,2279
"2026-09-09 18:00:00","2026-09-10 09:00:00","CAPE","surface",-71.1935,17.8681,2394
"2026-09-09 18:00:00","2026-09-10 09:00:00","CAPE","surface",-71.1696,17.8681,2360
"2026-09-09 18:00:00","2026-09-10 09:00:00","CAPE","surface",-71.1456,17.8681,2360
"2026-09-09 18:00:00","2026-09-10 09:00:00","CAPE","surface",-71.1217,17.8681,2347
"2026-09-09 18:00:00","2026-09-10 09:00:00","CAPE","surface",-71.0978,17.8681,2369
"2026-09-09 18:00:00","2026-09-10 09:00:00","CAPE","surface",-71.0739,17.8681,2321
"2026-09-09 18:00:00","2026-09-10 09:00:00","CAPE","surface",-71.0499,17.8681,2317
"2026-09-09 18:00:00","2026-09-10 09:00:00","CAPE","surface",-71.026,17.8681,2259
"2026-09-09 18:00:00","2026-09-10 09:00:00","CAPE","surface",-71.0021,17.8681,2246
"2026-09-09 18:00:00","2026-09-10 09:00:00","CAPE","surface",-70.9782,17.8681,2181
"2026-09-09 18:00:00","2026-09-10 09:00:00","CAPE","surface",-70.9542,17.8681,2185
"2026-09-09 18:00:00","2026-09-10 09:00:00","CAPE","surface",-70.9303,17.8681,2166
"2026-09-09 18:00:00","2026-09-10 09:00:00","CAPE","surface",-70.9064,17.8681,2140
"2026-09-09 18:00:00","2026-09-10 09:00:00","CAPE","surface",-70.8825,17.8681,2174
"2026-09-09 18:00:00","2026-09-10 09:00:00","CAPE","surface",-70.8585,17.8681,2198
"2026-09-09 18:00:00","2026-09-10 09:00:00","CAPE","surface",-70.8346,17.8681,2234
"2026-09-09 18:00:00","2026-09-10 09:00:00","CAPE","surface",-70.8107,17.8681,2218
"2026-09-09 18:00:00","2026-09-10 09:00:00","CAPE","surface",-70.7868,17.8681,2218
"2026-09-09 18:00:00","2026-09-10 09:00:00","CAPE","surface",-70.7628,17.8681,2223
"2026-09-09 18:00:00","2026-09-10 09:00:00","CAPE","surface",-70.7389,17.8681,2305
"2026-09-09 18:00:00","2026-09-10 09:00:00","CAPE","surface",-70.715,17.8681,2413
"2026-09-09 18:00:00","2026-09-10 09:00:00","CAPE","surface",-70.6911,17.8681,2576
"2026-09-09 18:00:00","2026-09-10 09:00:00","CAPE","surface",-70.6671,17.8681,2476
"2026-09-09 18:00:00","2026-09-10 09:00:00","CAPE","surface",-70.6432,17.8681,2537
"2026-09-09 18:00:00","2026-09-10 09:00:00","CAPE","surface",-70.6193,17.8681,2648
"2026-09-09 18:00:00","2026-09-10 09:00:00","CAPE","surface",-70.5954,17.8681,2659
"2026-09-09 18:00:00","2026-09-10 09:00:00","CAPE","surface",-70.5714,17.8681,2714
"2026-09-09 18:00:00","2026-09-10 09:00:00","CAPE","surface",-70.5475,17.8681,2700
"2026-09-09 18:00:00","2026-09-10 09:00:00","CAPE","surface",-70.5236,17.8681,2673
"2026-09-09 18:00:00","2026-09-10 09:00:00","CAPE","surface",-70.4997,17.8681,2629
"2026-09-09 18:00:00","2026-09-10 09:00:00","CAPE","surface",-70.4757,17.8681,2614
"2026-09-09 18:00:00","2026-09-10 09:00:00","CAPE","surface",-70.4518,17.8681,2599
"2026-09-09 18:00:00","2026-09-10 09:00:00","CAPE","surface",-70.4279,17.8681,2579
"2026-09-09 18:00:00","2026-09-10 09:00:00","CAPE","surface",-70.404,17.8681,2562
"2026-09-09 18:00:00","2026-09-10 09:00:00","CAPE","surface",-70.38,17.8681,2511
"2026-09-09 18:00:00","2026-09-10 09:00:00","CAPE","surface",-70.3561,17.8681,2501
"2026-09-09 18:00:00","2026-09-10 09:00:00","CAPE","surface",-70.3322,17.8681,2483
"2026-09-09 18:00:00","2026-09-10 09:00:00","CAPE","surface",-70.3083,17.8681,2484
"2026-09-09 18:00:00","2026-09-10 09:00:00","CAPE","surface",-70.2843,17.8681,2493
"2026-09-09 18:00:00","2026-09-10 09:00:00","CAPE","surface",-70.2604,17.8681,2539
"2026-09-09 18:00:00","2026-09-10 09:00:00","CAPE","surface",-70.2365,17.8681,2604
"2026-09-09 18:00:00","2026-09-10 09:00:00","CAPE","surface",-70.2126,17.8681,2604
"2026-09-09 18:00:00","2026-09-10 09:00:00","CAPE","surface",-70.1886,17.8681,2635
"2026-09-09 18:00:00","2026-09-10 09:00:00","CAPE","surface",-70.1647,17.8681,2674
"2026-09-09 18:00:00","2026-09-10 09:00:00","CAPE","surface",-70.1408,17.8681,2707
"2026-09-09 18:00:00","2026-09-10 09:00:00","CAPE","surface",-70.1169,17.8681,2803
"2026-09-09 18:00:00","2026-09-10 09:00:00","CAPE","surface",-70.0929,17.8681,2803
"2026-09-09 18:00:00","2026-09-10 09:00:00","CAPE","surface",-70.069,17.8681,2893
"2026-09-09 18:00:00","2026-09-10 09:00:00","CAPE","surface",-70.0451,17.8681,2814
"2026-09-09 18:00:00","2026-09-10 09:00:00","CAPE","surface",-70.0212,17.8681,2949
"2026-09-09 18:00:00","2026-09-10 09:00:00","CAPE","surface",-69.9972,17.8681,2949
"2026-09-09 18:00:00","2026-09-10 09:00:00","CAPE","surface",-69.9733,17.8681,2990
"2026-09-09 18:00:00","2026-09-10 09:00:00","CAPE","surface",-69.9494,17.8681,2897
"2026-09-09 18:00:00","2026-09-10 09:00:00","CAPE","surface",-69.9255,17.8681,2806
"2026-09-09 18:00:00","2026-09-10 09:00:00","CAPE","surface",-69.9015,17.8681,2668
"2026-09-09 18:00:00","2026-09-10 09:00:00","CAPE","surface",-69.8776,17.8681,2668
"2026-09-09 18:00:00","2026-09-10 09:00:00","CAPE","surface",-69.8537,17.8681,2626
"2026-09-09 18:00:00","2026-09-10 09:00:00","CAPE","surface",-69.8298,17.8681,2614
"2026-09-09 18:00:00","2026-09-10 09:00:00","CAPE","surface",-69.8058,17.8681,2643
"2026-09-09 18:00:00","2026-09-10 09:00:00","CAPE","surface",-69.7819,17.8681,2639
"2026-09-09 18:00:00","2026-09-10 09:00:00","CAPE","surface",-69.758,17.8681,2711
"2026-09-09 18:00:00","2026-09-10 09:00:00","CAPE","surface",-69.7341,17.8681,2784
"2026-09-09 18:00:00","2026-09-10 09:00:00","CAPE","surface",-69.7101,17.8681,2740
"2026-09-09 18:00:00","2026-09-10 09:00:00","CAPE","surface",-69.6862,17.8681,2673
"2026-09-09 18:00:00","2026-09-10 09:00:00","CAPE","surface",-69.6623,17.8681,2673
"2026-09-09 18:00:00","2026-09-10 09:00:00","CAPE","surface",-69.6384,17.8681,2562
"2026-09-09 18:00:00","2026-09-10 09:00:00","CAPE","surface",-69.6144,17.8681,2485
"2026-09-09 18:00:00","2026-09-10 09:00:00","CAPE","surface",-69.5905,17.8681,2553
"2026-09-09 18:00:00","2026-09-10 09:00:00","CAPE","surface",-69.5666,17.8681,2641
"2026-09-09 18:00:00","2026-09-10 09:00:00","CAPE","surface",-69.5427,17.8681,2676
"2026-09-09 18:00:00","2026-09-10 09:00:00","CAPE","surface",-69.5187,17.8681,2758
"2026-09-09 18:00:00","2026-09-10 09:00:00","CAPE","surface",-69.4948,17.8681,2838
"2026-09-09 18:00:00","2026-09-10 09:00:00","CAPE","surface",-69.4709,17.8681,2893
"2026-09-09 18:00:00","2026-09-10 09:00:00","CAPE","surface",-69.447,17.8681,2893
"2026-09-09 18:00:00","2026-09-10 09:00:00","CAPE","surface",-69.423,17.8681,2898
"2026-09-09 18:00:00","2026-09-10 09:00:00","CAPE","surface",-69.3991,17.8681,2640
"2026-09-09 18:00:00","2026-09-10 09:00:00","CAPE","surface",-69.3752,17.8681,2240
"2026-09-09 18:00:00","2026-09-10 09:00:00","CAPE","surface",-69.3513,17.8681,2079
"2026-09-09 18:00:00","2026-09-10 09:00:00","CAPE","surface",-69.3273,17.8681,2086
"2026-09-09 18:00:00","2026-09-10 09:00:00","CAPE","surface",-69.3034,17.8681,2145
"2026-09-09 18:00:00","2026-09-10 09:00:00","CAPE","surface",-69.2795,17.8681,2225
"2026-09-09 18:00:00","2026-09-10 09:00:00","CAPE","surface",-69.2556,17.8681,2326
"2026-09-09 18:00:00","2026-09-10 09:00:00","CAPE","surface",-69.2316,17.8681,2318
"2026-09-09 18:00:00","2026-09-10 09:00:00","CAPE","surface",-69.2077,17.8681,2263
"2026-09-09 18:00:00","2026-09-10 09:00:00","CAPE","surface",-69.1838,17.8681,2253
"2026-09-09 18:00:00","2026-09-10 09:00:00","CAPE","surface",-69.1599,17.8681,2266
"2026-09-09 18:00:00","2026-09-10 09:00:00","CAPE","surface",-69.1359,17.8681,2315
"2026-09-09 18:00:00","2026-09-10 09:00:00","CAPE","surface",-69.112,17.8681,2386
"2026-09-09 18:00:00","2026-09-10 09:00:00","CAPE","surface",-69.0881,17.8681,2562
"2026-09-09 18:00:00","2026-09-10 09:00:00","CAPE","surface",-69.0642,17.8681,2667
"2026-09-09 18:00:00","2026-09-10 09:00:00","CAPE","surface",-69.0402,17.8681,2859
"2026-09-09 18:00:00","2026-09-10 09:00:00","CAPE","surface",-69.0163,17.8681,2995
"2026-09-09 18:00:00","2026-09-10 09:00:00","CAPE","surface",-68.9924,17.8681,3056
"2026-09-09 18:00:00","2026-09-10 09:00:00","CAPE","surface",-68.9685,17.8681,3139
"2026-09-09 18:00:00","2026-09-10 09:00:00","CAPE","surface",-68.9445,17.8681,3120
"2026-09-09 18:00:00","2026-09-10 09:00:00","CAPE","surface",-68.9206,17.8681,3075
"2026-09-09 18:00:00","2026-09-10 09:00:00","CAPE","surface",-68.8967,17.8681,3075
"2026-09-09 18:00:00","2026-09-10 09:00:00","CAPE","surface",-68.8728,17.8681,3048
"2026-09-09 18:00:00","2026-09-10 09:00:00","CAPE","surface",-68.8488,17.8681,3093
"2026-09-09 18:00:00","2026-09-10 09:00:00","CAPE","surface",-68.8249,17.8681,3093
"2026-09-09 18:00:00","2026-09-10 09:00:00","CAPE","surface",-68.801,17.8681,3045
"2026-09-09 18:00:00","2026-09-10 09:00:00","CAPE","surface",-68.7771,17.8681,3054
"2026-09-09 18:00:00","2026-09-10 09:00:00","CAPE","surface",-68.7531,17.8681,3060
"2026-09-09 18:00:00","2026-09-10 09:00:00","CAPE","surface",-68.7292,17.8681,3151
"2026-09-09 18:00:00","2026-09-10 09:00:00","CAPE","surface",-68.7053,17.8681,3257
"2026-09-09 18:00:00","2026-09-10 09:00:00","CAPE","surface",-68.6813,17.8681,3257
"2026-09-09 18:00:00","2026-09-10 09:00:00","CAPE","surface",-68.6574,17.8681,3310
"2026-09-09 18:00:00","2026-09-10 09:00:00","CAPE","surface",-68.6335,17.8681,3357
"2026-09-09 18:00:00","2026-09-10 09:00:00","CAPE","surface",-68.6096,17.8681,2860
"2026-09-09 18:00:00","2026-09-10 09:00:00","CAPE","surface",-68.5856,17.8681,2860
"2026-09-09 18:00:00","2026-09-10 09:00:00","CAPE","surface",-68.5617,17.8681,2285
"2026-09-09 18:00:00","2026-09-10 09:00:00","CAPE","surface",-68.5378,17.8681,2172
"2026-09-09 18:00:00","2026-09-10 09:00:00","CAPE","surface",-68.5139,17.8681,2129
"2026-09-09 18:00:00","2026-09-10 09:00:00","CAPE","surface",-68.4899,17.8681,2254
"2026-09-09 18:00:00","2026-09-10 09:00:00","CAPE","surface",-68.466,17.8681,2254
"2026-09-09 18:00:00","2026-09-10 09:00:00","CAPE","surface",-68.4421,17.8681,2250
"2026-09-09 18:00:00","2026-09-10 09:00:00","CAPE","surface",-68.4182,17.8681,2210
"2026-09-09 18:00:00","2026-09-10 09:00:00","CAPE","surface",-68.3942,17.8681,2203
"2026-09-09 18:00:00","2026-09-10 09:00:00","CAPE","surface",-68.3703,17.8681,2203
"2026-09-09 18:00:00","2026-09-10 09:00:00","CAPE","surface",-68.3464,17.8681,2252
"2026-09-09 18:00:00","2026-09-10 09:00:00","CAPE","surface",-68.3225,17.8681,2310
"2026-09-09 18:00:00","2026-09-10 09:00:00","CAPE","surface",-68.2985,17.8681,2317
"2026-09-09 18:00:00","2026-09-10 09:00:00","CAPE","surface",-68.2746,17.8681,2295
"2026-09-09 18:00:00","2026-09-10 09:00:00","CAPE","surface",-68.2507,17.8681,2295
"2026-09-09 18:00:00","2026-09-10 09:00:00","CAPE","surface",-68.2268,17.8681,2200
"2026-09-09 18:00:00","2026-09-10 09:00:00","CAPE","surface",-68.2028,17.8681,2193
"2026-09-09 18:00:00","2026-09-10 09:00:00","CAPE","surface",-68.1789,17.8681,2105
"2026-09-09 18:00:00","2026-09-10 09:00:00","CAPE","surface",-68.155,17.8681,1980
"2026-09-09 18:00:00","2026-09-10 09:00:00","CAPE","surface",-68.1311,17.8681,2078
"2026-09-09 18:00:00","2026-09-10 09:00:00","CAPE","surface",-68.1071,17.8681,2148
"2026-09-09 18:00:00","2026-09-10 09:00:00","CAPE","surface",-68.0832,17.8681,2272
"2026-09-09 18:00:00","2026-09-10 09:00:00","CAPE","surface",-68.0593,17.8681,2262
"2026-09-09 18:00:00","2026-09-10 09:00:00","CAPE","surface",-68.0354,17.8681,2402
"2026-09-09 18:00:00","2026-09-10 09:00:00","CAPE","surface",-68.0114,17.8681,2570
"2026-09-09 18:00:00","2026-09-10 09:00:00","CAPE","surface",-67.9875,17.8681,2812
"2026-09-09 18:00:00","2026-09-10 09:00:00","CAPE","surface",-67.9636,17.8681,2812
"2026-09-09 18:00:00","2026-09-10 09:00:00","CAPE","surface",-67.9397,17.8681,3134
"2026-09-09 18:00:00","2026-09-10 09:00:00","CAPE","surface",-67.9157,17.8681,3239
"2026-09-09 18:00:00","2026-09-10 09:00:00","CAPE","surface",-67.8918,17.8681,2936
"2026-09-09 18:00:00","2026-09-10 09:00:00","CAPE","surface",-67.8679,17.8681,2822
"2026-09-09 18:00:00","2026-09-10 09:00:00","CAPE","surface",-67.844,17.8681,2572
"2026-09-09 18:00:00","2026-09-10 09:00:00","CAPE","surface",-67.82,17.8681,2545
"2026-09-09 18:00:00","2026-09-10 09:00:00","CAPE","surface",-67.7961,17.8681,2561
"2026-09-09 18:00:00","2026-09-10 09:00:00","CAPE","surface",-67.7722,17.8681,2485
"2026-09-09 18:00:00","2026-09-10 09:00:00","CAPE","surface",-67.7483,17.8681,2485
"2026-09-09 18:00:00","2026-09-10 09:00:00","CAPE","surface",-67.7243,17.8681,2415
"2026-09-09 18:00:00","2026-09-10 09:00:00","CAPE","surface",-67.7004,17.8681,2449
"2026-09-09 18:00:00","2026-09-10 09:00:00","CAPE","surface",-67.6765,17.8681,2511
"2026-09-09 18:00:00","2026-09-10 09:00:00","CAPE","surface",-67.6526,17.8681,2566
"2026-09-09 18:00:00","2026-09-10 09:00:00","CAPE","surface",-67.6286,17.8681,2712
"2026-09-09 18:00:00","2026-09-10 09:00:00","CAPE","surface",-67.6047,17.8681,2863
"2026-09-09 18:00:00","2026-09-10 09:00:00","CAPE","surface",-67.5808,17.8681,2887
"2026-09-09 18:00:00","2026-09-10 09:00:00","CAPE","surface",-67.5569,17.8681,2916
"2026-09-09 18:00:00","2026-09-10 09:00:00","CAPE","surface",-67.5329,17.8681,2781
"2026-09-09 18:00:00","2026-09-10 09:00:00","CAPE","surface",-67.509,17.8681,2613
"2026-09-09 18:00:00","2026-09-10 09:00:00","CAPE","surface",-67.4851,17.8681,2620
"2026-09-09 18:00:00","2026-09-10 09:00:00","CAPE","surface",-67.4612,17.8681,2610
"2026-09-09 18:00:00","2026-09-10 09:00:00","CAPE","surface",-67.4372,17.8681,2729
"2026-09-09 18:00:00","2026-09-10 09:00:00","CAPE","surface",-67.4133,17.8681,2762
"2026-09-09 18:00:00","2026-09-10 09:00:00","CAPE","surface",-67.3894,17.8681,2914
"2026-09-09 18:00:00","2026-09-10 09:00:00","CAPE","surface",-67.3655,17.8681,2952
"2026-09-09 18:00:00","2026-09-10 09:00:00","CAPE","surface",-67.3415,17.8681,2969
"2026-09-09 18:00:00","2026-09-10 09:00:00","CAPE","surface",-67.3176,17.8681,3027
"2026-09-09 18:00:00","2026-09-10 09:00:00","CAPE","surface",-67.2937,17.8681,3009
"2026-09-09 18:00:00","2026-09-10 09:00:00","CAPE","surface",-67.2698,17.8681,3064
"2026-09-09 18:00:00","2026-09-10 09:00:00","CAPE","surface",-67.2458,17.8681,3064
"2026-09-09 18:00:00","2026-09-10 09:00:00","CAPE","surface",-67.2219,17.8681,2924
"2026-09-09 18:00:00","2026-09-10 09:00:00","CAPE","surface",-67.198,17.8681,2849
"2026-09-09 18:00:00","2026-09-10 09:00:00","CAPE","surface",-67.1741,17.8681,2462
"2026-09-09 18:00:00","2026-09-10 09:00:00","CAPE","surface",-67.1501,17.8681,2123
"2026-09-09 18:00:00","2026-09-10 09:00:00","CAPE","surface",-67.1262,17.8681,2110
"2026-09-09 18:00:00","2026-09-10 09:00:00","CAPE","surface",-67.1023,17.8681,2036
"2026-09-09 18:00:00","2026-09-10 09:00:00","CAPE","surface",-67.0784,17.8681,2121
"2026-09-09 18:00:00","2026-09-10 09:00:00","CAPE","surface",-67.0544,17.8681,2127
"2026-09-09 18:00:00","2026-09-10 09:00:00","CAPE","surface",-67.0305,17.8681,2242
"2026-09-09 18:00:00","2026-09-10 09:00:00","CAPE","surface",-67.0066,17.8681,2352
"2026-09-09 18:00:00","2026-09-10 09:00:00","CAPE","surface",-74.7822,17.8909,2027
"2026-09-09 18:00:00","2026-09-10 09:00:00","CAPE","surface",-74.7583,17.8909,1994
"2026-09-09 18:00:00","2026-09-10 09:00:00","CAPE","surface",-74.7344,17.8909,2100
"2026-09-09 18:00:00","2026-09-10 09:00:00","CAPE","surface",-74.7105,17.8909,2153
"2026-09-09 18:00:00","2026-09-10 09:00:00","CAPE","surface",-74.6865,17.8909,2207
"2026-09-09 18:00:00","2026-09-10 09:00:00","CAPE","surface",-74.6626,17.8909,2226
"2026-09-09 18:00:00","2026-09-10 09:00:00","CAPE","surface",-74.6387,17.8909,2240
"2026-09-09 18:00:00","2026-09-10 09:00:00","CAPE","surface",-74.6148,17.8909,2242
"2026-09-09 18:00:00","2026-09-10 09:00:00","CAPE","surface",-74.5908,17.8909,2238
"2026-09-09 18:00:00","2026-09-10 09:00:00","CAPE","surface",-74.5669,17.8909,2276
"2026-09-09 18:00:00","2026-09-10 09:00:00","CAPE","surface",-74.543,17.8909,2277
"2026-09-09 18:00:00","2026-09-10 09:00:00","CAPE","surface",-74.5191,17.8909,2377
"2026-09-09 18:00:00","2026-09-10 09:00:00","CAPE","surface",-74.4951,17.8909,2429
"2026-09-09 18:00:00","2026-09-10 09:00:00","CAPE","surface",-74.4712,17.8909,2429
"2026-09-09 18:00:00","2026-09-10 09:00:00","CAPE","surface",-74.4473,17.8909,2455
"2026-09-09 18:00:00","2026-09-10 09:00:00","CAPE","surface",-74.4234,17.8909,2451
"2026-09-09 18:00:00","2026-09-10 09:00:00","CAPE","surface",-74.3994,17.8909,2460
"2026-09-09 18:00:00","2026-09-10 09:00:00","CAPE","surface",-74.3755,17.8909,2500
"2026-09-09 18:00:00","2026-09-10 09:00:00","CAPE","surface",-74.3516,17.8909,2577
"2026-09-09 18:00:00","2026-09-10 09:00:00","CAPE","surface",-74.3277,17.8909,2577
"2026-09-09 18:00:00","2026-09-10 09:00:00","CAPE","surface",-74.3037,17.8909,2635
"2026-09-09 18:00:00","2026-09-10 09:00:00","CAPE","surface",-74.2798,17.8909,2674
"2026-09-09 18:00:00","2026-09-10 09:00:00","CAPE","surface",-74.2559,17.8909,2726
"2026-09-09 18:00:00","2026-09-10 09:00:00","CAPE","surface",-74.232,17.8909,2777
"2026-09-09 18:00:00","2026-09-10 09:00:00","CAPE","surface",-74.208,17.8909,2845
"2026-09-09 18:00:00","2026-09-10 09:00:00","CAPE","surface",-74.1841,17.8909,2845
"2026-09-09 18:00:00","2026-09-10 09:00:00","CAPE","surface",-74.1602,17.8909,2806
"2026-09-09 18:00:00","2026-09-10 09:00:00","CAPE","surface",-74.1363,17.8909,2901
"2026-09-09 18:00:00","2026-09-10 09:00:00","CAPE","surface",-74.1123,17.8909,2836
"2026-09-09 18:00:00","2026-09-10 09:00:00","CAPE","surface",-74.0884,17.8909,2856
"2026-09-09 18:00:00","2026-09-10 09:00:00","CAPE","surface",-74.0645,17.8909,2800
"2026-09-09 18:00:00","2026-09-10 09:00:00","CAPE","surface",-74.0406,17.8909,2800
"2026-09-09 18:00:00","2026-09-10 09:00:00","CAPE","surface",-74.0166,17.8909,2680
"2026-09-09 18:00:00","2026-09-10 09:00:00","CAPE","surface",-73.9927,17.8909,2605
"2026-09-09 18:00:00","2026-09-10 09:00:00","CAPE","surface",-73.9688,17.8909,2614
"2026-09-09 18:00:00","2026-09-10 09:00:00","CAPE","surface",-73.9449,17.8909,2558
"2026-09-09 18:00:00","2026-09-10 09:00:00","CAPE","surface",-73.9209,17.8909,2486
"2026-09-09 18:00:00","2026-09-10 09:00:00","CAPE","surface",-73.897,17.8909,2486
"2026-09-09 18:00:00","2026-09-10 09:00:00","CAPE","surface",-73.8731,17.8909,2295
"2026-09-09 18:00:00","2026-09-10 09:00:00","CAPE","surface",-73.8492,17.8909,2147
"2026-09-09 18:00:00","2026-09-10 09:00:00","CAPE","surface",-73.8252,17.8909,2106
"2026-09-09 18:00:00","2026-09-10 09:00:00","CAPE","surface",-73.8013,17.8909,2135
"2026-09-09 18:00:00","2026-09-10 09:00:00","CAPE","surface",-73.7774,17.8909,2177
"2026-09-09 18:00:00","2026-09-10 09:00:00","CAPE","surface",-73.7535,17.8909,2151
"2026-09-09 18:00:00","2026-09-10 09:00:00","CAPE","surface",-73.7295,17.8909,2156
"2026-09-09 18:00:00","2026-09-10 09:00:00","CAPE","surface",-73.7056,17.8909,2155
"2026-09-09 18:00:00","2026-09-10 09:00:00","CAPE","surface",-73.6817,17.8909,2150
"2026-09-09 18:00:00","2026-09-10 09:00:00","CAPE","surface",-73.6578,17.8909,2220
"2026-09-09 18:00:00","2026-09-10 09:00:00","CAPE","surface",-73.6338,17.8909,2220
"2026-09-09 18:00:00","2026-09-10 09:00:00","CAPE","surface",-73.6099,17.8909,2304
"2026-09-09 18:00:00","2026-09-10 09:00:00","CAPE","surface",-73.586,17.8909,2287
"2026-09-09 18:00:00","2026-09-10 09:00:00","CAPE","surface",-73.5621,17.8909,2316
"2026-09-09 18:00:00","2026-09-10 09:00:00","CAPE","surface",-73.5381,17.8909,2310
"2026-09-09 18:00:00","2026-09-10 09:00:00","CAPE","surface",-73.5142,17.8909,2416
"2026-09-09 18:00:00","2026-09-10 09:00:00","CAPE","surface",-73.4903,17.8909,2416
"2026-09-09 18:00:00","2026-09-10 09:00:00","CAPE","surface",-73.4664,17.8909,2487
"2026-09-09 18:00:00","2026-09-10 09:00:00","CAPE","surface",-73.4424,17.8909,2494
"2026-09-09 18:00:00","2026-09-10 09:00:00","CAPE","surface",-73.4185,17.8909,2481
"2026-09-09 18:00:00","2026-09-10 09:00:00","CAPE","surface",-73.3946,17.8909,2460
"2026-09-09 18:00:00","2026-09-10 09:00:00","CAPE","surface",-73.3707,17.8909,2449
"2026-09-09 18:00:00","2026-09-10 09:00:00","CAPE","surface",-73.3467,17.8909,2483
"2026-09-09 18:00:00","2026-09-10 09:00:00","CAPE","surface",-73.3228,17.8909,2462
"2026-09-09 18:00:00","2026-09-10 09:00:00","CAPE","surface",-73.2989,17.8909,2429
"2026-09-09 18:00:00","2026-09-10 09:00:00","CAPE","surface",-73.275,17.8909,2406
"2026-09-09 18:00:00","2026-09-10 09:00:00","CAPE","surface",-73.251,17.8909,2445
"2026-09-09 18:00:00","2026-09-10 09:00:00","CAPE","surface",-73.2271,17.8909,2445
"2026-09-09 18:00:00","2026-09-10 09:00:00","CAPE","surface",-73.2032,17.8909,2501
"2026-09-09 18:00:00","2026-09-10 09:00:00","CAPE","surface",-73.1793,17.8909,2518
"2026-09-09 18:00:00","2026-09-10 09:00:00","CAPE","surface",-73.1553,17.8909,2572
"2026-09-09 18:00:00","2026-09-10 09:00:00","CAPE","surface",-73.1314,17.8909,2560
"2026-09-09 18:00:00","2026-09-10 09:00:00","CAPE","surface",-73.1075,17.8909,2565
"2026-09-09 18:00:00","2026-09-10 09:00:00","CAPE","surface",-73.0836,17.8909,2565
"2026-09-09 18:00:00","2026-09-10 09:00:00","CAPE","surface",-73.0596,17.8909,2489
"2026-09-09 18:00:00","2026-09-10 09:00:00","CAPE","surface",-73.0357,17.8909,2433
"2026-09-09 18:00:00","2026-09-10 09:00:00","CAPE","surface",-73.0118,17.8909,2387
"2026-09-09 18:00:00","2026-09-10 09:00:00","CAPE","surface",-72.9879,17.8909,2356
"2026-09-09 18:00:00","2026-09-10 09:00:00","CAPE","surface",-72.9639,17.8909,2330
"2026-09-09 18:00:00","2026-09-10 09:00:00","CAPE","surface",-72.94,17.8909,2256
"2026-09-09 18:00:00","2026-09-10 09:00:00","CAPE","surface",-72.9161,17.8909,2196
"2026-09-09 18:00:00","2026-09-10 09:00:00","CAPE","surface",-72.8922,17.8909,2151
"2026-09-09 18:00:00","2026-09-10 09:00:00","CAPE","surface",-72.8682,17.8909,2131
"2026-09-09 18:00:00","2026-09-10 09:00:00","CAPE","surface",-72.8443,17.8909,2061
"2026-09-09 18:00:00","2026-09-10 09:00:00","CAPE","surface",-72.8204,17.8909,2061
"2026-09-09 18:00:00","2026-09-10 09:00:00","CAPE","surface",-72.7965,17.8909,1996
"2026-09-09 18:00:00","2026-09-10 09:00:00","CAPE","surface",-72.7725,17.8909,1973
"2026-09-09 18:00:00","2026-09-10 09:00:00","CAPE","surface",-72.7486,17.8909,1992
"2026-09-09 18:00:00","2026-09-10 09:00:00","CAPE","surface",-72.7247,17.8909,2019
"2026-09-09 18:00:00","2026-09-10 09:00:00","CAPE","surface",-72.7008,17.8909,2033
"2026-09-09 18:00:00","2026-09-10 09:00:00","CAPE","surface",-72.6768,17.8909,2107
"2026-09-09 18:00:00","2026-09-10 09:00:00","CAPE","surface",-72.6529,17.8909,2206
"2026-09-09 18:00:00","2026-09-10 09:00:00","CAPE","surface",-72.629,17.8909,2237
"2026-09-09 18:00:00","2026-09-10 09:00:00","CAPE","surface",-72.6051,17.8909,2249
"2026-09-09 18:00:00","2026-09-10 09:00:00","CAPE","surface",-72.5811,17.8909,2249
"2026-09-09 18:00:00","2026-09-10 09:00:00","CAPE","surface",-72.5572,17.8909,2256
"2026-09-09 18:00:00","2026-09-10 09:00:00","CAPE","surface",-72.5333,17.8909,2238
"2026-09-09 18:00:00","2026-09-10 09:00:00","CAPE","surface",-72.5094,17.8909,2248
"2026-09-09 18:00:00","2026-09-10 09:00:00","CAPE","surface",-72.4854,17.8909,2252
"2026-09-09 18:00:00","2026-09-10 09:00:00","CAPE","surface",-72.4615,17.8909,2265
"2026-09-09 18:00:00","2026-09-10 09:00:00","CAPE","surface",-72.4376,17.8909,2254
"2026-09-09 18:00:00","2026-09-10 09:00:00","CAPE","surface",-72.4137,17.8909,2266
"2026-09-09 18:00:00","2026-09-10 09:00:00","CAPE","surface",-72.3897,17.8909,2207
"2026-09-09 18:00:00","2026-09-10 09:00:00","CAPE","surface",-72.3658,17.8909,2190
"2026-09-09 18:00:00","2026-09-10 09:00:00","CAPE","surface",-72.3419,17.8909,2099
"2026-09-09 18:00:00","2026-09-10 09:00:00","CAPE","surface",-72.318,17.8909,2099
"2026-09-09 18:00:00","2026-09-10 09:00:00","CAPE","surface",-72.294,17.8909,2033
"2026-09-09 18:00:00","2026-09-10 09:00:00","CAPE","surface",-72.2701,17.8909,2042
"2026-09-09 18:00:00","2026-09-10 09:00:00","CAPE","surface",-72.2462,17.8909,1983
"2026-09-09 18:00:00","2026-09-10 09:00:00","CAPE","surface",-72.2223,17.8909,2007
"2026-09-09 18:00:00","2026-09-10 09:00:00","CAPE","surface",-72.1983,17.8909,1926
"2026-09-09 18:00:00","2026-09-10 09:00:00","CAPE","surface",-72.1744,17.8909,1827
"2026-09-09 18:00:00","2026-09-10 09:00:00","CAPE","surface",-72.1505,17.8909,1865
"2026-09-09 18:00:00","2026-09-10 09:00:00","CAPE","surface",-72.1266,17.8909,1729
"2026-09-09 18:00:00","2026-09-10 09:00:00","CAPE","surface",-72.1026,17.8909,1776
"2026-09-09 18:00:00","2026-09-10 09:00:00","CAPE","surface",-72.0787,17.8909,1623
"2026-09-09 18:00:00","2026-09-10 09:00:00","CAPE","surface",-72.0548,17.8909,1660
"2026-09-09 18:00:00","2026-09-10 09:00:00","CAPE","surface",-72.0309,17.8909,1564
"2026-09-09 18:00:00","2026-09-10 09:00:00","CAPE","surface",-72.0069,17.8909,1600
"2026-09-09 18:00:00","2026-09-10 09:00:00","CAPE","surface",-71.983,17.8909,1520
"2026-09-09 18:00:00","2026-09-10 09:00:00","CAPE","surface",-71.9591,17.8909,1572
"2026-09-09 18:00:00","2026-09-10 09:00:00","CAPE","surface",-71.9352,17.8909,1439
"2026-09-09 18:00:00","2026-09-10 09:00:00","CAPE","surface",-71.9112,17.8909,1478
"2026-09-09 18:00:00","2026-09-10 09:00:00","CAPE","surface",-71.8873,17.8909,1381
"2026-09-09 18:00:00","2026-09-10 09:00:00","CAPE","surface",-71.8634,17.8909,1303
"2026-09-09 18:00:00","2026-09-10 09:00:00","CAPE","surface",-71.8395,17.8909,1316
"2026-09-09 18:00:00","2026-09-10 09:00:00","CAPE","surface",-71.8155,17.8909,1228
"2026-09-09 18:00:00","2026-09-10 09:00:00","CAPE","surface",-71.7916,17.8909,1243
"2026-09-09 18:00:00","2026-09-10 09:00:00","CAPE","surface",-71.7677,17.8909,1142
"2026-09-09 18:00:00","2026-09-10 09:00:00","CAPE","surface",-71.7438,17.8909,1164
"2026-09-09 18:00:00","2026-09-10 09:00:00","CAPE","surface",-71.7198,17.8909,1044
"2026-09-09 18:00:00","2026-09-10 09:00:00","CAPE","surface",-71.6959,17.8909,1044
"2026-09-09 18:00:00","2026-09-10 09:00:00","CAPE","surface",-71.672,17.8909,885
"2026-09-09 18:00:00","2026-09-10 09:00:00","CAPE","surface",-71.6481,17.8909,870
"2026-09-09 18:00:00","2026-09-10 09:00:00","CAPE","surface",-71.6241,17.8909,747
"2026-09-09 18:00:00","2026-09-10 09:00:00","CAPE","surface",-71.6002,17.8909,831
"2026-09-09 18:00:00","2026-09-10 09:00:00","CAPE","surface",-71.5763,17.8909,773
"2026-09-09 18:00:00","2026-09-10 09:00:00","CAPE","surface",-71.5524,17.8909,838
"2026-09-09 18:00:00","2026-09-10 09:00:00","CAPE","surface",-71.5284,17.8909,962
"2026-09-09 18:00:00","2026-09-10 09:00:00","CAPE","surface",-71.5045,17.8909,989
"2026-09-09 18:00:00","2026-09-10 09:00:00","CAPE","surface",-71.4806,17.8909,1083
"2026-09-09 18:00:00","2026-09-10 09:00:00","CAPE","surface",-71.4567,17.8909,1015
"2026-09-09 18:00:00","2026-09-10 09:00:00","CAPE","surface",-71.4327,17.8909,1123
"2026-09-09 18:00:00","2026-09-10 09:00:00","CAPE","surface",-71.4088,17.8909,1141
"2026-09-09 18:00:00","2026-09-10 09:00:00","CAPE","surface",-71.3849,17.8909,1231
"2026-09-09 18:00:00","2026-09-10 09:00:00","CAPE","surface",-71.361,17.8909,1301
"2026-09-09 18:00:00","2026-09-10 09:00:00","CAPE","surface",-71.337,17.8909,1301
"2026-09-09 18:00:00","2026-09-10 09:00:00","CAPE","surface",-71.3131,17.8909,1363
"2026-09-09 18:00:00","2026-09-10 09:00:00","CAPE","surface",-71.2892,17.8909,1376
"2026-09-09 18:00:00","2026-09-10 09:00:00","CAPE","surface",-71.2653,17.8909,1562
"2026-09-09 18:00:00","2026-09-10 09:00:00","CAPE","surface",-71.2413,17.8909,1786
"2026-09-09 18:00:00","2026-09-10 09:00:00","CAPE","surface",-71.2174,17.8909,1786
"2026-09-09 18:00:00","2026-09-10 09:00:00","CAPE","surface",-71.1935,17.8909,2320
"2026-09-09 18:00:00","2026-09-10 09:00:00","CAPE","surface",-71.1696,17.8909,2325
"2026-09-09 18:00:00","2026-09-10 09:00:00","CAPE","surface",-71.1456,17.8909,2292
"2026-09-09 18:00:00","2026-09-10 09:00:00","CAPE","surface",-71.1217,17.8909,2347
"2026-09-09 18:00:00","2026-09-10 09:00:00","CAPE","surface",-71.0978,17.8909,2281
"2026-09-09 18:00:00","2026-09-10 09:00:00","CAPE","surface",-71.0739,17.8909,2309
"2026-09-09 18:00:00","2026-09-10 09:00:00","CAPE","surface",-71.0499,17.8909,2253
"2026-09-09 18:00:00","2026-09-10 09:00:00","CAPE","surface",-71.026,17.8909,2230
"2026-09-09 18:00:00","2026-09-10 09:00:00","CAPE","surface",-71.0021,17.8909,2206
"2026-09-09 18:00:00","2026-09-10 09:00:00","CAPE","surface",-70.9782,17.8909,2184
"2026-09-09 18:00:00","2026-09-10 09:00:00","CAPE","surface",-70.9542,17.8909,2117
"2026-09-09 18:00:00","2026-09-10 09:00:00","CAPE","surface",-70.9303,17.8909,2103
"2026-09-09 18:00:00","2026-09-10 09:00:00","CAPE","surface",-70.9064,17.8909,2140
"2026-09-09 18:00:00","2026-09-10 09:00:00","CAPE","surface",-70.8825,17.8909,2176
"2026-09-09 18:00:00","2026-09-10 09:00:00","CAPE","surface",-70.8585,17.8909,2176
"2026-09-09 18:00:00","2026-09-10 09:00:00","CAPE","surface",-70.8346,17.8909,2194
"2026-09-09 18:00:00","2026-09-10 09:00:00","CAPE","surface",-70.8107,17.8909,2204
"2026-09-09 18:00:00","2026-09-10 09:00:00","CAPE","surface",-70.7868,17.8909,2191
"2026-09-09 18:00:00","2026-09-10 09:00:00","CAPE","surface",-70.7628,17.8909,2205
"2026-09-09 18:00:00","2026-09-10 09:00:00","CAPE","surface",-70.7389,17.8909,2205
"2026-09-09 18:00:00","2026-09-10 09:00:00","CAPE","surface",-70.715,17.8909,2239
"2026-09-09 18:00:00","2026-09-10 09:00:00","CAPE","surface",-70.6911,17.8909,2346
"2026-09-09 18:00:00","2026-09-10 09:00:00","CAPE","surface",-70.6671,17.8909,2406
"2026-09-09 18:00:00","2026-09-10 09:00:00","CAPE","surface",-70.6432,17.8909,2537
"2026-09-09 18:00:00","2026-09-10 09:00:00","CAPE","surface",-70.6193,17.8909,2449
"2026-09-09 18:00:00","2026-09-10 09:00:00","CAPE","surface",-70.5954,17.8909,2571
"2026-09-09 18:00:00","2026-09-10 09:00:00","CAPE","surface",-70.5714,17.8909,2635
"2026-09-09 18:00:00","2026-09-10 09:00:00","CAPE","surface",-70.5475,17.8909,2700
"2026-09-09 18:00:00","2026-09-10 09:00:00","CAPE","surface",-70.5236,17.8909,2685
"2026-09-09 18:00:00","2026-09-10 09:00:00","CAPE","surface",-70.4997,17.8909,2697
"2026-09-09 18:00:00","2026-09-10 09:00:00","CAPE","surface",-70.4757,17.8909,2659
"2026-09-09 18:00:00","2026-09-10 09:00:00","CAPE","surface",-70.4518,17.8909,2608
"2026-09-09 18:00:00","2026-09-10 09:00:00","CAPE","surface",-70.4279,17.8909,2577
"2026-09-09 18:00:00","2026-09-10 09:00:00","CAPE","surface",-70.404,17.8909,2559
"2026-09-09 18:00:00","2026-09-10 09:00:00","CAPE","surface",-70.38,17.8909,2528
"2026-09-09 18:00:00","2026-09-10 09:00:00","CAPE","surface",-70.3561,17.8909,2492
"2026-09-09 18:00:00","2026-09-10 09:00:00","CAPE","surface",-70.3322,17.8909,2483
"2026-09-09 18:00:00","2026-09-10 09:00:00","CAPE","surface",-70.3083,17.8909,2489
"2026-09-09 18:00:00","2026-09-10 09:00:00","CAPE","surface",-70.2843,17.8909,2514
"2026-09-09 18:00:00","2026-09-10 09:00:00","CAPE","surface",-70.2604,17.8909,2534
"2026-09-09 18:00:00","2026-09-10 09:00:00","CAPE","surface",-70.2365,17.8909,2615
"2026-09-09 18:00:00","2026-09-10 09:00:00","CAPE","surface",-70.2126,17.8909,2620
"2026-09-09 18:00:00","2026-09-10 09:00:00","CAPE","surface",-70.1886,17.8909,2640
"2026-09-09 18:00:00","2026-09-10 09:00:00","CAPE","surface",-70.1647,17.8909,2640
"2026-09-09 18:00:00","2026-09-10 09:00:00","CAPE","surface",-70.1408,17.8909,2739
"2026-09-09 18:00:00","2026-09-10 09:00:00","CAPE","surface",-70.1169,17.8909,2768
"2026-09-09 18:00:00","2026-09-10 09:00:00","CAPE","surface",-70.0929,17.8909,2919
"2026-09-09 18:00:00","2026-09-10 09:00:00","CAPE","surface",-70.069,17.8909,2919
"2026-09-09 18:00:00","2026-09-10 09:00:00","CAPE","surface",-70.0451,17.8909,3060
"2026-09-09 18:00:00","2026-09-10 09:00:00","CAPE","surface",-70.0212,17.8909,3157
"2026-09-09 18:00:00","2026-09-10 09:00:00","CAPE","surface",-69.9972,17.8909,3098
"2026-09-09 18:00:00","2026-09-10 09:00:00","CAPE","surface",-69.9733,17.8909,3065
"2026-09-09 18:00:00","2026-09-10 09:00:00","CAPE","surface",-69.9494,17.8909,3065
"2026-09-09 18:00:00","2026-09-10 09:00:00","CAPE","surface",-69.9255,17.8909,2885
"2026-09-09 18:00:00","2026-09-10 09:00:00","CAPE","surface",-69.9015,17.8909,2725
"2026-09-09 18:00:00","2026-09-10 09:00:00","CAPE","surface",-69.8776,17.8909,2647
"2026-09-09 18:00:00","2026-09-10 09:00:00","CAPE","surface",-69.8537,17.8909,2626
"2026-09-09 18:00:00","2026-09-10 09:00:00","CAPE","surface",-69.8298,17.8909,2647
"2026-09-09 18:00:00","2026-09-10 09:00:00","CAPE","surface",-69.8058,17.8909,2652
"2026-09-09 18:00:00","2026-09-10 09:00:00","CAPE","surface",-69.7819,17.8909,2675
"2026-09-09 18:00:00","2026-09-10 09:00:00","CAPE","surface",-69.758,17.8909,2749
"2026-09-09 18:00:00","2026-09-10 09:00:00","CAPE","surface",-69.7341,17.8909,2749
"2026-09-09 18:00:00","2026-09-10 09:00:00","CAPE","surface",-69.7101,17.8909,2831
"2026-09-09 18:00:00","2026-09-10 09:00:00","CAPE","surface",-69.6862,17.8909,2801
"2026-09-09 18:00:00","2026-09-10 09:00:00","CAPE","surface",-69.6623,17.8909,2692
"2026-09-09 18:00:00","2026-09-10 09:00:00","CAPE","surface",-69.6384,17.8909,2562
"2026-09-09 18:00:00","2026-09-10 09:00:00","CAPE","surface",-69.6144,17.8909,2617
"2026-09-09 18:00:00","2026-09-10 09:00:00","CAPE","surface",-69.5905,17.8909,2603
"2026-09-09 18:00:00","2026-09-10 09:00:00","CAPE","surface",-69.5666,17.8909,2598
"2026-09-09 18:00:00","2026-09-10 09:00:00","CAPE","surface",-69.5427,17.8909,2659
"2026-09-09 18:00:00","2026-09-10 09:00:00","CAPE","surface",-69.5187,17.8909,2758
"2026-09-09 18:00:00","2026-09-10 09:00:00","CAPE","surface",-69.4948,17.8909,2737
"2026-09-09 18:00:00","2026-09-10 09:00:00","CAPE","surface",-69.4709,17.8909,2852
"2026-09-09 18:00:00","2026-09-10 09:00:00","CAPE","surface",-69.447,17.8909,2971
"2026-09-09 18:00:00","2026-09-10 09:00:00","CAPE","surface",-69.423,17.8909,2898
"2026-09-09 18:00:00","2026-09-10 09:00:00","CAPE","surface",-69.3991,17.8909,2889
"2026-09-09 18:00:00","2026-09-10 09:00:00","CAPE","surface",-69.3752,17.8909,2515
"2026-09-09 18:00:00","2026-09-10 09:00:00","CAPE","surface",-69.3513,17.8909,2229
"2026-09-09 18:00:00","2026-09-10 09:00:00","CAPE","surface",-69.3273,17.8909,2169
"2026-09-09 18:00:00","2026-09-10 09:00:00","CAPE","surface",-69.3034,17.8909,2145
"2026-09-09 18:00:00","2026-09-10 09:00:00","CAPE","surface",-69.2795,17.8909,2189
"2026-09-09 18:00:00","2026-09-10 09:00:00","CAPE","surface",-69.2556,17.8909,2247
"2026-09-09 18:00:00","2026-09-10 09:00:00","CAPE","surface",-69.2316,17.8909,2247
"2026-09-09 18:00:00","2026-09-10 09:00:00","CAPE","surface",-69.2077,17.8909,2263
"2026-09-09 18:00:00","2026-09-10 09:00:00","CAPE","surface",-69.1838,17.8909,2248
"2026-09-09 18:00:00","2026-09-10 09:00:00","CAPE","surface",-69.1599,17.8909,2286
"2026-09-09 18:00:00","2026-09-10 09:00:00","CAPE","surface",-69.1359,17.8909,2315
"2026-09-09 18:00:00","2026-09-10 09:00:00","CAPE","surface",-69.112,17.8909,2463
"2026-09-09 18:00:00","2026-09-10 09:00:00","CAPE","surface",-69.0881,17.8909,2562
"2026-09-09 18:00:00","2026-09-10 09:00:00","CAPE","surface",-69.0642,17.8909,2605
"2026-09-09 18:00:00","2026-09-10 09:00:00","CAPE","surface",-69.0402,17.8909,2738
"2026-09-09 18:00:00","2026-09-10 09:00:00","CAPE","surface",-69.0163,17.8909,2922
"2026-09-09 18:00:00","2026-09-10 09:00:00","CAPE","surface",-68.9924,17.8909,2951
"2026-09-09 18:00:00","2026-09-10 09:00:00","CAPE","surface",-68.9685,17.8909,2951
"2026-09-09 18:00:00","2026-09-10 09:00:00","CAPE","surface",-68.9445,17.8909,2816
"2026-09-09 18:00:00","2026-09-10 09:00:00","CAPE","surface",-68.9206,17.8909,2944
"2026-09-09 18:00:00","2026-09-10 09:00:00","CAPE","surface",-68.8967,17.8909,2918
"2026-09-09 18:00:00","2026-09-10 09:00:00","CAPE","surface",-68.8728,17.8909,3048
"2026-09-09 18:00:00","2026-09-10 09:00:00","CAPE","surface",-68.8488,17.8909,2896
"2026-09-09 18:00:00","2026-09-10 09:00:00","CAPE","surface",-68.8249,17.8909,3043
"2026-09-09 18:00:00","2026-09-10 09:00:00","CAPE","surface",-68.801,17.8909,2999
"2026-09-09 18:00:00","2026-09-10 09:00:00","CAPE","surface",-68.7771,17.8909,2999
"2026-09-09 18:00:00","2026-09-10 09:00:00","CAPE","surface",-68.7531,17.8909,2999
"2026-09-09 18:00:00","2026-09-10 09:00:00","CAPE","surface",-68.7292,17.8909,3089
"2026-09-09 18:00:00","2026-09-10 09:00:00","CAPE","surface",-68.7053,17.8909,3185
"2026-09-09 18:00:00","2026-09-10 09:00:00","CAPE","surface",-68.6813,17.8909,3228
"2026-09-09 18:00:00","2026-09-10 09:00:00","CAPE","surface",-68.6574,17.8909,3310
"2026-09-09 18:00:00","2026-09-10 09:00:00","CAPE","surface",-68.6335,17.8909,3062
"2026-09-09 18:00:00","2026-09-10 09:00:00","CAPE","surface",-68.6096,17.8909,2734
"2026-09-09 18:00:00","2026-09-10 09:00:00","CAPE","surface",-68.5856,17.8909,2570
"2026-09-09 18:00:00","2026-09-10 09:00:00","CAPE","surface",-68.5617,17.8909,2279
"2026-09-09 18:00:00","2026-09-10 09:00:00","CAPE","surface",-68.5378,17.8909,2279
"2026-09-09 18:00:00","2026-09-10 09:00:00","CAPE","surface",-68.5139,17.8909,2314
"2026-09-09 18:00:00","2026-09-10 09:00:00","CAPE","surface",-68.4899,17.8909,2281
"2026-09-09 18:00:00","2026-09-10 09:00:00","CAPE","surface",-68.466,17.8909,2319
"2026-09-09 18:00:00","2026-09-10 09:00:00","CAPE","surface",-68.4421,17.8909,2332
"2026-09-09 18:00:00","2026-09-10 09:00:00","CAPE","surface",-68.4182,17.8909,2254
"2026-09-09 18:00:00","2026-09-10 09:00:00","CAPE","surface",-68.3942,17.8909,2225
"2026-09-09 18:00:00","2026-09-10 09:00:00","CAPE","surface",-68.3703,17.8909,2222
"2026-09-09 18:00:00","2026-09-10 09:00:00","CAPE","surface",-68.3464,17.8909,2301
"2026-09-09 18:00:00","2026-09-10 09:00:00","CAPE","surface",-68.3225,17.8909,2301
"2026-09-09 18:00:00","2026-09-10 09:00:00","CAPE","surface",-68.2985,17.8909,2321
"2026-09-09 18:00:00","2026-09-10 09:00:00","CAPE","surface",-68.2746,17.8909,2301
"2026-09-09 18:00:00","2026-09-10 09:00:00","CAPE","surface",-68.2507,17.8909,2210
"2026-09-09 18:00:00","2026-09-10 09:00:00","CAPE","surface",-68.2268,17.8909,2071
"2026-09-09 18:00:00","2026-09-10 09:00:00","CAPE","surface",-68.2028,17.8909,2054
"2026-09-09 18:00:00","2026-09-10 09:00:00","CAPE","surface",-68.1789,17.8909,1925
"2026-09-09 18:00:00","2026-09-10 09:00:00","CAPE","surface",-68.155,17.8909,1980
"2026-09-09 18:00:00","2026-09-10 09:00:00","CAPE","surface",-68.1311,17.8909,2029
"2026-09-09 18:00:00","2026-09-10 09:00:00","CAPE","surface",-68.1071,17.8909,2029
"2026-09-09 18:00:00","2026-09-10 09:00:00","CAPE","surface",-68.0832,17.8909,2130
"2026-09-09 18:00:00","2026-09-10 09:00:00","CAPE","surface",-68.0593,17.8909,2304
"2026-09-09 18:00:00","2026-09-10 09:00:00","CAPE","surface",-68.0354,17.8909,2432
"2026-09-09 18:00:00","2026-09-10 09:00:00","CAPE","surface",-68.0114,17.8909,2558
"2026-09-09 18:00:00","2026-09-10 09:00:00","CAPE","surface",-67.9875,17.8909,2680
"2026-09-09 18:00:00","2026-09-10 09:00:00","CAPE","surface",-67.9636,17.8909,2999
"2026-09-09 18:00:00","2026-09-10 09:00:00","CAPE","surface",-67.9397,17.8909,3134
"2026-09-09 18:00:00","2026-09-10 09:00:00","CAPE","surface",-67.9157,17.8909,3114
"2026-09-09 18:00:00","2026-09-10 09:00:00","CAPE","surface",-67.8918,17.8909,2687
"2026-09-09 18:00:00","2026-09-10 09:00:00","CAPE","surface",-67.8679,17.8909,2607
"2026-09-09 18:00:00","2026-09-10 09:00:00","CAPE","surface",-67.844,17.8909,2501
"2026-09-09 18:00:00","2026-09-10 09:00:00","CAPE","surface",-67.82,17.8909,2501
"2026-09-09 18:00:00","2026-09-10 09:00:00","CAPE","surface",-67.7961,17.8909,2411
"2026-09-09 18:00:00","2026-09-10 09:00:00","CAPE","surface",-67.7722,17.8909,2463
"2026-09-09 18:00:00","2026-09-10 09:00:00","CAPE","surface",-67.7483,17.8909,2374
"2026-09-09 18:00:00","2026-09-10 09:00:00","CAPE","surface",-67.7243,17.8909,2361
"2026-09-09 18:00:00","2026-09-10 09:00:00","CAPE","surface",-67.7004,17.8909,2361
"2026-09-09 18:00:00","2026-09-10 09:00:00","CAPE","surface",-67.6765,17.8909,2432
"2026-09-09 18:00:00","2026-09-10 09:00:00","CAPE","surface",-67.6526,17.8909,2566
"2026-09-09 18:00:00","2026-09-10 09:00:00","CAPE","surface",-67.6286,17.8909,2777
"2026-09-09 18:00:00","2026-09-10 09:00:00","CAPE","surface",-67.6047,17.8909,2777
"2026-09-09 18:00:00","2026-09-10 09:00:00","CAPE","surface",-67.5808,17.8909,2937
"2026-09-09 18:00:00","2026-09-10 09:00:00","CAPE","surface",-67.5569,17.8909,2935
"2026-09-09 18:00:00","2026-09-10 09:00:00","CAPE","surface",-67.5329,17.8909,2774
"2026-09-09 18:00:00","2026-09-10 09:00:00","CAPE","surface",-67.509,17.8909,2814
"2026-09-09 18:00:00","2026-09-10 09:00:00","CAPE","surface",-67.4851,17.8909,2664
"2026-09-09 18:00:00","2026-09-10 09:00:00","CAPE","surface",-67.4612,17.8909,2749
"2026-09-09 18:00:00","2026-09-10 09:00:00","CAPE","surface",-67.4372,17.8909,2729
"2026-09-09 18:00:00","2026-09-10 09:00:00","CAPE","surface",-67.4133,17.8909,2913
"2026-09-09 18:00:00","2026-09-10 09:00:00","CAPE","surface",-67.3894,17.8909,3090
"2026-09-09 18:00:00","2026-09-10 09:00:00","CAPE","surface",-67.3655,17.8909,3017
"2026-09-09 18:00:00","2026-09-10 09:00:00","CAPE","surface",-67.3415,17.8909,3069
"2026-09-09 18:00:00","2026-09-10 09:00:00","CAPE","surface",-67.3176,17.8909,3069
"2026-09-09 18:00:00","2026-09-10 09:00:00","CAPE","surface",-67.2937,17.8909,3152
"2026-09-09 18:00:00","2026-09-10 09:00:00","CAPE","surface",-67.2698,17.8909,3095
"2026-09-09 18:00:00","2026-09-10 09:00:00","CAPE","surface",-67.2458,17.8909,2997
"2026-09-09 18:00:00","2026-09-10 09:00:00","CAPE","surface",-67.2219,17.8909,2619
"2026-09-09 18:00:00","2026-09-10 09:00:00","CAPE","surface",-67.198,17.8909,2619
"2026-09-09 18:00:00","2026-09-10 09:00:00","CAPE","surface",-67.1741,17.8909,2150
"2026-09-09 18:00:00","2026-09-10 09:00:00","CAPE","surface",-67.1501,17.8909,2123
"2026-09-09 18:00:00","2026-09-10 09:00:00","CAPE","surface",-67.1262,17.8909,2004
"2026-09-09 18:00:00","2026-09-10 09:00:00","CAPE","surface",-67.1023,17.8909,2004
"2026-09-09 18:00:00","2026-09-10 09:00:00","CAPE","surface",-67.0784,17.8909,2005
"2026-09-09 18:00:00","2026-09-10 09:00:00","CAPE","surface",-67.0544,17.8909,1953
"2026-09-09 18:00:00","2026-09-10 09:00:00","CAPE","surface",-67.0305,17.8909,2152
"2026-09-09 18:00:00","2026-09-10 09:00:00","CAPE","surface",-67.0066,17.8909,1757
"2026-09-09 18:00:00","2026-09-10 09:00:00","CAPE","surface",-74.7822,17.9136,1937
"2026-09-09 18:00:00","2026-09-10 09:00:00","CAPE","surface",-74.7583,17.9136,1962
"2026-09-09 18:00:00","2026-09-10 09:00:00","CAPE","surface",-74.7344,17.9136,2054
"2026-09-09 18:00:00","2026-09-10 09:00:00","CAPE","surface",-74.7105,17.9136,2089
"2026-09-09 18:00:00","2026-09-10 09:00:00","CAPE","surface",-74.6865,17.9136,2089
"2026-09-09 18:00:00","2026-09-10 09:00:00","CAPE","surface",-74.6626,17.9136,2169
"2026-09-09 18:00:00","2026-09-10 09:00:00","CAPE","surface",-74.6387,17.9136,2222
"2026-09-09 18:00:00","2026-09-10 09:00:00","CAPE","surface",-74.6148,17.9136,2227
"2026-09-09 18:00:00","2026-09-10 09:00:00","CAPE","surface",-74.5908,17.9136,2238
"2026-09-09 18:00:00","2026-09-10 09:00:00","CAPE","surface",-74.5669,17.9136,2215
"2026-09-09 18:00:00","2026-09-10 09:00:00","CAPE","surface",-74.543,17.9136,2215
"2026-09-09 18:00:00","2026-09-10 09:00:00","CAPE","surface",-74.5191,17.9136,2276
"2026-09-09 18:00:00","2026-09-10 09:00:00","CAPE","surface",-74.4951,17.9136,2354
"2026-09-09 18:00:00","2026-09-10 09:00:00","CAPE","surface",-74.4712,17.9136,2427
"2026-09-09 18:00:00","2026-09-10 09:00:00","CAPE","surface",-74.4473,17.9136,2455
"2026-09-09 18:00:00","2026-09-10 09:00:00","CAPE","surface",-74.4234,17.9136,2457
"2026-09-09 18:00:00","2026-09-10 09:00:00","CAPE","surface",-74.3994,17.9136,2457
"2026-09-09 18:00:00","2026-09-10 09:00:00","CAPE","surface",-74.3755,17.9136,2458
"2026-09-09 18:00:00","2026-09-10 09:00:00","CAPE","surface",-74.3516,17.9136,2520
"2026-09-09 18:00:00","2026-09-10 09:00:00","CAPE","surface",-74.3277,17.9136,2562
"2026-09-09 18:00:00","2026-09-10 09:00:00","CAPE","surface",-74.3037,17.9136,2635
"2026-09-09 18:00:00","2026-09-10 09:00:00","CAPE","surface",-74.2798,17.9136,2671
"2026-09-09 18:00:00","2026-09-10 09:00:00","CAPE","surface",-74.2559,17.9136,2671
"2026-09-09 18:00:00","2026-09-10 09:00:00","CAPE","surface",-74.232,17.9136,2651
"2026-09-09 18:00:00","2026-09-10 09:00:00","CAPE","surface",-74.208,17.9136,2547
"2026-09-09 18:00:00","2026-09-10 09:00:00","CAPE","surface",-74.1841,17.9136,2678
"2026-09-09 18:00:00","2026-09-10 09:00:00","CAPE","surface",-74.1602,17.9136,2529
"2026-09-09 18:00:00","2026-09-10 09:00:00","CAPE","surface",-74.1363,17.9136,2714
"2026-09-09 18:00:00","2026-09-10 09:00:00","CAPE","surface",-74.1123,17.9136,2433
"2026-09-09 18:00:00","2026-09-10 09:00:00","CAPE","surface",-74.0884,17.9136,2590
"2026-09-09 18:00:00","2026-09-10 09:00:00","CAPE","surface",-74.0645,17.9136,2513
"2026-09-09 18:00:00","2026-09-10 09:00:00","CAPE","surface",-74.0406,17.9136,2638
"2026-09-09 18:00:00","2026-09-10 09:00:00","CAPE","surface",-74.0166,17.9136,2564
"2026-09-09 18:00:00","2026-09-10 09:00:00","CAPE","surface",-73.9927,17.9136,2564
"2026-09-09 18:00:00","2026-09-10 09:00:00","CAPE","surface",-73.9688,17.9136,2566
"2026-09-09 18:00:00","2026-09-10 09:00:00","CAPE","surface",-73.9449,17.9136,2637
"2026-09-09 18:00:00","2026-09-10 09:00:00","CAPE","surface",-73.9209,17.9136,2578
"2026-09-09 18:00:00","2026-09-10 09:00:00","CAPE","surface",-73.897,17.9136,2486
"2026-09-09 18:00:00","2026-09-10 09:00:00","CAPE","surface",-73.8731,17.9136,2273
"2026-09-09 18:00:00","2026-09-10 09:00:00","CAPE","surface",-73.8492,17.9136,2273
"2026-09-09 18:00:00","2026-09-10 09:00:00","CAPE","surface",-73.8252,17.9136,2175
"2026-09-09 18:00:00","2026-09-10 09:00:00","CAPE","surface",-73.8013,17.9136,2125
"2026-09-09 18:00:00","2026-09-10 09:00:00","CAPE","surface",-73.7774,17.9136,2149
"2026-09-09 18:00:00","2026-09-10 09:00:00","CAPE","surface",-73.7535,17.9136,2151
"2026-09-09 18:00:00","2026-09-10 09:00:00","CAPE","surface",-73.7295,17.9136,2160
"2026-09-09 18:00:00","2026-09-10 09:00:00","CAPE","surface",-73.7056,17.9136,2160
"2026-09-09 18:00:00","2026-09-10 09:00:00","CAPE","surface",-73.6817,17.9136,2209
"2026-09-09 18:00:00","2026-09-10 09:00:00","CAPE","surface",-73.6578,17.9136,2212
"2026-09-09 18:00:00","2026-09-10 09:00:00","CAPE","surface",-73.6338,17.9136,2301
"2026-09-09 18:00:00","2026-09-10 09:00:00","CAPE","surface",-73.6099,17.9136,2347
"2026-09-09 18:00:00","2026-09-10 09:00:00","CAPE","surface",-73.586,17.9136,2336
"2026-09-09 18:00:00","2026-09-10 09:00:00","CAPE","surface",-73.5621,17.9136,2360
"2026-09-09 18:00:00","2026-09-10 09:00:00","CAPE","surface",-73.5381,17.9136,2343
"2026-09-09 18:00:00","2026-09-10 09:00:00","CAPE","surface",-73.5142,17.9136,2397
"2026-09-09 18:00:00","2026-09-10 09:00:00","CAPE","surface",-73.4903,17.9136,2445
"2026-09-09 18:00:00","2026-09-10 09:00:00","CAPE","surface",-73.4664,17.9136,2499
"2026-09-09 18:00:00","2026-09-10 09:00:00","CAPE","surface",-73.4424,17.9136,2499
"2026-09-09 18:00:00","2026-09-10 09:00:00","CAPE","surface",-73.4185,17.9136,2509
"2026-09-09 18:00:00","2026-09-10 09:00:00","CAPE","surface",-73.3946,17.9136,2486
"2026-09-09 18:00:00","2026-09-10 09:00:00","CAPE","surface",-73.3707,17.9136,2478
"2026-09-09 18:00:00","2026-09-10 09:00:00","CAPE","surface",-73.3467,17.9136,2483
"2026-09-09 18:00:00","2026-09-10 09:00:00","CAPE","surface",-73.3228,17.9136,2472
"2026-09-09 18:00:00","2026-09-10 09:00:00","CAPE","surface",-73.2989,17.9136,2472
"2026-09-09 18:00:00","2026-09-10 09:00:00","CAPE","surface",-73.275,17.9136,2451
"2026-09-09 18:00:00","2026-09-10 09:00:00","CAPE","surface",-73.251,17.9136,2435
"2026-09-09 18:00:00","2026-09-10 09:00:00","CAPE","surface",-73.2271,17.9136,2485
"2026-09-09 18:00:00","2026-09-10 09:00:00","CAPE","surface",-73.2032,17.9136,2501
"2026-09-09 18:00:00","2026-09-10 09:00:00","CAPE","surface",-73.1793,17.9136,2536
"2026-09-09 18:00:00","2026-09-10 09:00:00","CAPE","surface",-73.1553,17.9136,2600
"2026-09-09 18:00:00","2026-09-10 09:00:00","CAPE","surface",-73.1314,17.9136,2614
"2026-09-09 18:00:00","2026-09-10 09:00:00","CAPE","surface",-73.1075,17.9136,2620
"2026-09-09 18:00:00","2026-09-10 09:00:00","CAPE","surface",-73.0836,17.9136,2564
"2026-09-09 18:00:00","2026-09-10 09:00:00","CAPE","surface",-73.0596,17.9136,2453
"2026-09-09 18:00:00","2026-09-10 09:00:00","CAPE","surface",-73.0357,17.9136,2453
"2026-09-09 18:00:00","2026-09-10 09:00:00","CAPE","surface",-73.0118,17.9136,2387
"2026-09-09 18:00:00","2026-09-10 09:00:00","CAPE","surface",-72.9879,17.9136,2368
"2026-09-09 18:00:00","2026-09-10 09:00:00","CAPE","surface",-72.9639,17.9136,2317
"2026-09-09 18:00:00","2026-09-10 09:00:00","CAPE","surface",-72.94,17.9136,2256
"2026-09-09 18:00:00","2026-09-10 09:00:00","CAPE","surface",-72.9161,17.9136,2250
"2026-09-09 18:00:00","2026-09-10 09:00:00","CAPE","surface",-72.8922,17.9136,2193
"2026-09-09 18:00:00","2026-09-10 09:00:00","CAPE","surface",-72.8682,17.9136,2181
"2026-09-09 18:00:00","2026-09-10 09:00:00","CAPE","surface",-72.8443,17.9136,2119
"2026-09-09 18:00:00","2026-09-10 09:00:00","CAPE","surface",-72.8204,17.9136,2034
"2026-09-09 18:00:00","2026-09-10 09:00:00","CAPE","surface",-72.7965,17.9136,1996
"2026-09-09 18:00:00","2026-09-10 09:00:00","CAPE","surface",-72.7725,17.9136,2010
"2026-09-09 18:00:00","2026-09-10 09:00:00","CAPE","surface",-72.7486,17.9136,2019
"2026-09-09 18:00:00","2026-09-10 09:00:00","CAPE","surface",-72.7247,17.9136,2007
"2026-09-09 18:00:00","2026-09-10 09:00:00","CAPE","surface",-72.7008,17.9136,2040
"2026-09-09 18:00:00","2026-09-10 09:00:00","CAPE","surface",-72.6768,17.9136,2116
"2026-09-09 18:00:00","2026-09-10 09:00:00","CAPE","surface",-72.6529,17.9136,2100
"2026-09-09 18:00:00","2026-09-10 09:00:00","CAPE","surface",-72.629,17.9136,2191
"2026-09-09 18:00:00","2026-09-10 09:00:00","CAPE","surface",-72.6051,17.9136,2202
"2026-09-09 18:00:00","2026-09-10 09:00:00","CAPE","surface",-72.5811,17.9136,2238
"2026-09-09 18:00:00","2026-09-10 09:00:00","CAPE","surface",-72.5572,17.9136,2220
"2026-09-09 18:00:00","2026-09-10 09:00:00","CAPE","surface",-72.5333,17.9136,2238
"2026-09-09 18:00:00","2026-09-10 09:00:00","CAPE","surface",-72.5094,17.9136,2193
"2026-09-09 18:00:00","2026-09-10 09:00:00","CAPE","surface",-72.4854,17.9136,2223
"2026-09-09 18:00:00","2026-09-10 09:00:00","CAPE","surface",-72.4615,17.9136,2217
"2026-09-09 18:00:00","2026-09-10 09:00:00","CAPE","surface",-72.4376,17.9136,2254
"2026-09-09 18:00:00","2026-09-10 09:00:00","CAPE","surface",-72.4137,17.9136,2202
"2026-09-09 18:00:00","2026-09-10 09:00:00","CAPE","surface",-72.3897,17.9136,2202
"2026-09-09 18:00:00","2026-09-10 09:00:00","CAPE","surface",-72.3658,17.9136,2075
"2026-09-09 18:00:00","2026-09-10 09:00:00","CAPE","surface",-72.3419,17.9136,1970
"2026-09-09 18:00:00","2026-09-10 09:00:00","CAPE","surface",-72.318,17.9136,2016
"2026-09-09 18:00:00","2026-09-10 09:00:00","CAPE","surface",-72.294,17.9136,1913
"2026-09-09 18:00:00","2026-09-10 09:00:00","CAPE","surface",-72.2701,17.9136,1913
"2026-09-09 18:00:00","2026-09-10 09:00:00","CAPE","surface",-72.2462,17.9136,1826
"2026-09-09 18:00:00","2026-09-10 09:00:00","CAPE","surface",-72.2223,17.9136,1871
"2026-09-09 18:00:00","2026-09-10 09:00:00","CAPE","surface",-72.1983,17.9136,1775
"2026-09-09 18:00:00","2026-09-10 09:00:00","CAPE","surface",-72.1744,17.9136,1827
"2026-09-09 18:00:00","2026-09-10 09:00:00","CAPE","surface",-72.1505,17.9136,1683
"2026-09-09 18:00:00","2026-09-10 09:00:00","CAPE","surface",-72.1266,17.9136,1698
"2026-09-09 18:00:00","2026-09-10 09:00:00","CAPE","surface",-72.1026,17.9136,1602
"2026-09-09 18:00:00","2026-09-10 09:00:00","CAPE","surface",-72.0787,17.9136,1623
"2026-09-09 18:00:00","2026-09-10 09:00:00","CAPE","surface",-72.0548,17.9136,1550
"2026-09-09 18:00:00","2026-09-10 09:00:00","CAPE","surface",-72.0309,17.9136,1483
"2026-09-09 18:00:00","2026-09-10 09:00:00","CAPE","surface",-72.0069,17.9136,1483
"2026-09-09 18:00:00","2026-09-10 09:00:00","CAPE","surface",-71.983,17.9136,1487
"2026-09-09 18:00:00","2026-09-10 09:00:00","CAPE","surface",-71.9591,17.9136,1431
"2026-09-09 18:00:00","2026-09-10 09:00:00","CAPE","surface",-71.9352,17.9136,1389
"2026-09-09 18:00:00","2026-09-10 09:00:00","CAPE","surface",-71.9112,17.9136,1361
"2026-09-09 18:00:00","2026-09-10 09:00:00","CAPE","surface",-71.8873,17.9136,1336
"2026-09-09 18:00:00","2026-09-10 09:00:00","CAPE","surface",-71.8634,17.9136,1306
"2026-09-09 18:00:00","2026-09-10 09:00:00","CAPE","surface",-71.8395,17.9136,1235
"2026-09-09 18:00:00","2026-09-10 09:00:00","CAPE","surface",-71.8155,17.9136,1228
"2026-09-09 18:00:00","2026-09-10 09:00:00","CAPE","surface",-71.7916,17.9136,1143
"2026-09-09 18:00:00","2026-09-10 09:00:00","CAPE","surface",-71.7677,17.9136,1143
"2026-09-09 18:00:00","2026-09-10 09:00:00","CAPE","surface",-71.7438,17.9136,1045
"2026-09-09 18:00:00","2026-09-10 09:00:00","CAPE","surface",-71.7198,17.9136,925
"2026-09-09 18:00:00","2026-09-10 09:00:00","CAPE","surface",-71.6959,17.9136,890
"2026-09-09 18:00:00","2026-09-10 09:00:00","CAPE","surface",-71.672,17.9136,595
"2026-09-09 18:00:00","2026-09-10 09:00:00","CAPE","surface",-71.6481,17.9136,595
"2026-09-09 18:00:00","2026-09-10 09:00:00","CAPE","surface",-71.6241,17.9136,560
"2026-09-09 18:00:00","2026-09-10 09:00:00","CAPE","surface",-71.6002,17.9136,703
"2026-09-09 18:00:00","2026-09-10 09:00:00","CAPE","surface",-71.5763,17.9136,759
"2026-09-09 18:00:00","2026-09-10 09:00:00","CAPE","surface",-71.5524,17.9136,838
"2026-09-09 18:00:00","2026-09-10 09:00:00","CAPE","surface",-71.5284,17.9136,839
"2026-09-09 18:00:00","2026-09-10 09:00:00","CAPE","surface",-71.5045,17.9136,919
"2026-09-09 18:00:00","2026-09-10 09:00:00","CAPE","surface",-71.4806,17.9136,958
"2026-09-09 18:00:00","2026-09-10 09:00:00","CAPE","surface",-71.4567,17.9136,1015
"2026-09-09 18:00:00","2026-09-10 09:00:00","CAPE","surface",-71.4327,17.9136,1041
"2026-09-09 18:00:00","2026-09-10 09:00:00","CAPE","surface",-71.4088,17.9136,994
"2026-09-09 18:00:00","2026-09-10 09:00:00","CAPE","surface",-71.3849,17.9136,1063
"2026-09-09 18:00:00","2026-09-10 09:00:00","CAPE","surface",-71.361,17.9136,1121
"2026-09-09 18:00:00","2026-09-10 09:00:00","CAPE","surface",-71.337,17.9136,1259
"2026-09-09 18:00:00","2026-09-10 09:00:00","CAPE","surface",-71.3131,17.9136,1315
"2026-09-09 18:00:00","2026-09-10 09:00:00","CAPE","surface",-71.2892,17.9136,1315
"2026-09-09 18:00:00","2026-09-10 09:00:00","CAPE","surface",-71.2653,17.9136,1334
"2026-09-09 18:00:00","2026-09-10 09:00:00","CAPE","surface",-71.2413,17.9136,1481
"2026-09-09 18:00:00","2026-09-10 09:00:00","CAPE","surface",-71.2174,17.9136,1807
"2026-09-09 18:00:00","2026-09-10 09:00:00","CAPE","surface",-71.1935,17.9136,2320
"2026-09-09 18:00:00","2026-09-10 09:00:00","CAPE","surface",-71.1696,17.9136,2258
"2026-09-09 18:00:00","2026-09-10 09:00:00","CAPE","surface",-71.1456,17.9136,2127
"2026-09-09 18:00:00","2026-09-10 09:00:00","CAPE","surface",-71.1217,17.9136,2190
"2026-09-09 18:00:00","2026-09-10 09:00:00","CAPE","surface",-71.0978,17.9136,2224
"2026-09-09 18:00:00","2026-09-10 09:00:00","CAPE","surface",-71.0739,17.9136,2228
"2026-09-09 18:00:00","2026-09-10 09:00:00","CAPE","surface",-71.0499,17.9136,2163
"2026-09-09 18:00:00","2026-09-10 09:00:00","CAPE","surface",-71.026,17.9136,2224
"2026-09-09 18:00:00","2026-09-10 09:00:00","CAPE","surface",-71.0021,17.9136,2235
"2026-09-09 18:00:00","2026-09-10 09:00:00","CAPE","surface",-70.9782,17.9136,2184
"2026-09-09 18:00:00","2026-09-10 09:00:00","CAPE","surface",-70.9542,17.9136,2087
"2026-09-09 18:00:00","2026-09-10 09:00:00","CAPE","surface",-70.9303,17.9136,2087
"2026-09-09 18:00:00","2026-09-10 09:00:00","CAPE","surface",-70.9064,17.9136,2077
"2026-09-09 18:00:00","2026-09-10 09:00:00","CAPE","surface",-70.8825,17.9136,2163
"2026-09-09 18:00:00","2026-09-10 09:00:00","CAPE","surface",-70.8585,17.9136,2177
"2026-09-09 18:00:00","2026-09-10 09:00:00","CAPE","surface",-70.8346,17.9136,2175
"2026-09-09 18:00:00","2026-09-10 09:00:00","CAPE","surface",-70.8107,17.9136,2175
"2026-09-09 18:00:00","2026-09-10 09:00:00","CAPE","surface",-70.7868,17.9136,2152
"2026-09-09 18:00:00","2026-09-10 09:00:00","CAPE","surface",-70.7628,17.9136,2168
"2026-09-09 18:00:00","2026-09-10 09:00:00","CAPE","surface",-70.7389,17.9136,2163
"2026-09-09 18:00:00","2026-09-10 09:00:00","CAPE","surface",-70.715,17.9136,2239
"2026-09-09 18:00:00","2026-09-10 09:00:00","CAPE","surface",-70.6911,17.9136,2174
"2026-09-09 18:00:00","2026-09-10 09:00:00","CAPE","surface",-70.6671,17.9136,2280
"2026-09-09 18:00:00","2026-09-10 09:00:00","CAPE","surface",-70.6432,17.9136,2318
"2026-09-09 18:00:00","2026-09-10 09:00:00","CAPE","surface",-70.6193,17.9136,2345
"2026-09-09 18:00:00","2026-09-10 09:00:00","CAPE","surface",-70.5954,17.9136,2508
"2026-09-09 18:00:00","2026-09-10 09:00:00","CAPE","surface",-70.5714,17.9136,2432
"2026-09-09 18:00:00","2026-09-10 09:00:00","CAPE","surface",-70.5475,17.9136,2587
"2026-09-09 18:00:00","2026-09-10 09:00:00","CAPE","surface",-70.5236,17.9136,2643
"2026-09-09 18:00:00","2026-09-10 09:00:00","CAPE","surface",-70.4997,17.9136,2697
"2026-09-09 18:00:00","2026-09-10 09:00:00","CAPE","surface",-70.4757,17.9136,2678
"2026-09-09 18:00:00","2026-09-10 09:00:00","CAPE","surface",-70.4518,17.9136,2676
"2026-09-09 18:00:00","2026-09-10 09:00:00","CAPE","surface",-70.4279,17.9136,2631
"2026-09-09 18:00:00","2026-09-10 09:00:00","CAPE","surface",-70.404,17.9136,2559
"2026-09-09 18:00:00","2026-09-10 09:00:00","CAPE","surface",-70.38,17.9136,2508
"2026-09-09 18:00:00","2026-09-10 09:00:00","CAPE","surface",-70.3561,17.9136,2540
"2026-09-09 18:00:00","2026-09-10 09:00:00","CAPE","surface",-70.3322,17.9136,2500
"2026-09-09 18:00:00","2026-09-10 09:00:00","CAPE","surface",-70.3083,17.9136,2514
"2026-09-09 18:00:00","2026-09-10 09:00:00","CAPE","surface",-70.2843,17.9136,2514
"2026-09-09 18:00:00","2026-09-10 09:00:00","CAPE","surface",-70.2604,17.9136,2577
"2026-09-09 18:00:00","2026-09-10 09:00:00","CAPE","surface",-70.2365,17.9136,2577
"2026-09-09 18:00:00","2026-09-10 09:00:00","CAPE","surface",-70.2126,17.9136,2635
"2026-09-09 18:00:00","2026-09-10 09:00:00","CAPE","surface",-70.1886,17.9136,2634
"2026-09-09 18:00:00","2026-09-10 09:00:00","CAPE","surface",-70.1647,17.9136,2707
"2026-09-09 18:00:00","2026-09-10 09:00:00","CAPE","surface",-70.1408,17.9136,2787
"2026-09-09 18:00:00","2026-09-10 09:00:00","CAPE","surface",-70.1169,17.9136,2787
"2026-09-09 18:00:00","2026-09-10 09:00:00","CAPE","surface",-70.0929,17.9136,2951
"2026-09-09 18:00:00","2026-09-10 09:00:00","CAPE","surface",-70.069,17.9136,3001
"2026-09-09 18:00:00","2026-09-10 09:00:00","CAPE","surface",-70.0451,17.9136,3137
"2026-09-09 18:00:00","2026-09-10 09:00:00","CAPE","surface",-70.0212,17.9136,3137
"2026-09-09 18:00:00","2026-09-10 09:00:00","CAPE","surface",-69.9972,17.9136,3197
"2026-09-09 18:00:00","2026-09-10 09:00:00","CAPE","surface",-69.9733,17.9136,3188
"2026-09-09 18:00:00","2026-09-10 09:00:00","CAPE","surface",-69.9494,17.9136,3131
"2026-09-09 18:00:00","2026-09-10 09:00:00","CAPE","surface",-69.9255,17.9136,2978
"2026-09-09 18:00:00","2026-09-10 09:00:00","CAPE","surface",-69.9015,17.9136,2978
"2026-09-09 18:00:00","2026-09-10 09:00:00","CAPE","surface",-69.8776,17.9136,2880
"2026-09-09 18:00:00","2026-09-10 09:00:00","CAPE","surface",-69.8537,17.9136,2669
"2026-09-09 18:00:00","2026-09-10 09:00:00","CAPE","surface",-69.8298,17.9136,2652
"2026-09-09 18:00:00","2026-09-10 09:00:00","CAPE","surface",-69.8058,17.9136,2652
"2026-09-09 18:00:00","2026-09-10 09:00:00","CAPE","surface",-69.7819,17.9136,2661
"2026-09-09 18:00:00","2026-09-10 09:00:00","CAPE","surface",-69.758,17.9136,2659
"2026-09-09 18:00:00","2026-09-10 09:00:00","CAPE","surface",-69.7341,17.9136,2787
"2026-09-09 18:00:00","2026-09-10 09:00:00","CAPE","surface",-69.7101,17.9136,2840
"2026-09-09 18:00:00","2026-09-10 09:00:00","CAPE","surface",-69.6862,17.9136,2840
"2026-09-09 18:00:00","2026-09-10 09:00:00","CAPE","surface",-69.6623,17.9136,2797
"2026-09-09 18:00:00","2026-09-10 09:00:00","CAPE","surface",-69.6384,17.9136,2718
"2026-09-09 18:00:00","2026-09-10 09:00:00","CAPE","surface",-69.6144,17.9136,2663
"2026-09-09 18:00:00","2026-09-10 09:00:00","CAPE","surface",-69.5905,17.9136,2603
"2026-09-09 18:00:00","2026-09-10 09:00:00","CAPE","surface",-69.5666,17.9136,2641
"2026-09-09 18:00:00","2026-09-10 09:00:00","CAPE","surface",-69.5427,17.9136,2621
"2026-09-09 18:00:00","2026-09-10 09:00:00","CAPE","surface",-69.5187,17.9136,2632
"2026-09-09 18:00:00","2026-09-10 09:00:00","CAPE","surface",-69.4948,17.9136,2740
"2026-09-09 18:00:00","2026-09-10 09:00:00","CAPE","surface",-69.4709,17.9136,2895
"2026-09-09 18:00:00","2026-09-10 09:00:00","CAPE","surface",-69.447,17.9136,2929
"2026-09-09 18:00:00","2026-09-10 09:00:00","CAPE","surface",-69.423,17.9136,2981
"2026-09-09 18:00:00","2026-09-10 09:00:00","CAPE","surface",-69.3991,17.9136,2837
"2026-09-09 18:00:00","2026-09-10 09:00:00","CAPE","surface",-69.3752,17.9136,2515
"2026-09-09 18:00:00","2026-09-10 09:00:00","CAPE","surface",-69.3513,17.9136,2514
"2026-09-09 18:00:00","2026-09-10 09:00:00","CAPE","surface",-69.3273,17.9136,2297
"2026-09-09 18:00:00","2026-09-10 09:00:00","CAPE","surface",-69.3034,17.9136,2215
"2026-09-09 18:00:00","2026-09-10 09:00:00","CAPE","surface",-69.2795,17.9136,2143
"2026-09-09 18:00:00","2026-09-10 09:00:00","CAPE","surface",-69.2556,17.9136,2192
"2026-09-09 18:00:00","2026-09-10 09:00:00","CAPE","surface",-69.2316,17.9136,2140
"2026-09-09 18:00:00","2026-09-10 09:00:00","CAPE","surface",-69.2077,17.9136,2207
"2026-09-09 18:00:00","2026-09-10 09:00:00","CAPE","surface",-69.1838,17.9136,2262
"2026-09-09 18:00:00","2026-09-10 09:00:00","CAPE","surface",-69.1599,17.9136,2286
"2026-09-09 18:00:00","2026-09-10 09:00:00","CAPE","surface",-69.1359,17.9136,2321
"2026-09-09 18:00:00","2026-09-10 09:00:00","CAPE","surface",-69.112,17.9136,2373
"2026-09-09 18:00:00","2026-09-10 09:00:00","CAPE","surface",-69.0881,17.9136,2488
"2026-09-09 18:00:00","2026-09-10 09:00:00","CAPE","surface",-69.0642,17.9136,2618
"2026-09-09 18:00:00","2026-09-10 09:00:00","CAPE","surface",-69.0402,17.9136,2767
"2026-09-09 18:00:00","2026-09-10 09:00:00","CAPE","surface",-69.0163,17.9136,2689
"2026-09-09 18:00:00","2026-09-10 09:00:00","CAPE","surface",-68.9924,17.9136,2825
"2026-09-09 18:00:00","2026-09-10 09:00:00","CAPE","surface",-68.9685,17.9136,2706
"2026-09-09 18:00:00","2026-09-10 09:00:00","CAPE","surface",-68.9445,17.9136,2816
"2026-09-09 18:00:00","2026-09-10 09:00:00","CAPE","surface",-68.9206,17.9136,2651
"2026-09-09 18:00:00","2026-09-10 09:00:00","CAPE","surface",-68.8967,17.9136,2657
"2026-09-09 18:00:00","2026-09-10 09:00:00","CAPE","surface",-68.8728,17.9136,2752
"2026-09-09 18:00:00","2026-09-10 09:00:00","CAPE","surface",-68.8488,17.9136,2745
"2026-09-09 18:00:00","2026-09-10 09:00:00","CAPE","surface",-68.8249,17.9136,2861
"2026-09-09 18:00:00","2026-09-10 09:00:00","CAPE","surface",-68.801,17.9136,2795
"2026-09-09 18:00:00","2026-09-10 09:00:00","CAPE","surface",-68.7771,17.9136,2887
"2026-09-09 18:00:00","2026-09-10 09:00:00","CAPE","surface",-68.7531,17.9136,2982
"2026-09-09 18:00:00","2026-09-10 09:00:00","CAPE","surface",-68.7292,17.9136,3089
"2026-09-09 18:00:00","2026-09-10 09:00:00","CAPE","surface",-68.7053,17.9136,3030
"2026-09-09 18:00:00","2026-09-10 09:00:00","CAPE","surface",-68.6813,17.9136,2919
"2026-09-09 18:00:00","2026-09-10 09:00:00","CAPE","surface",-68.6574,17.9136,2993
"2026-09-09 18:00:00","2026-09-10 09:00:00","CAPE","surface",-68.6335,17.9136,2728
"2026-09-09 18:00:00","2026-09-10 09:00:00","CAPE","surface",-68.6096,17.9136,2728
"2026-09-09 18:00:00","2026-09-10 09:00:00","CAPE","surface",-68.5856,17.9136,2583
"2026-09-09 18:00:00","2026-09-10 09:00:00","CAPE","surface",-68.5617,17.9136,2510
"2026-09-09 18:00:00","2026-09-10 09:00:00","CAPE","surface",-68.5378,17.9136,2418
"2026-09-09 18:00:00","2026-09-10 09:00:00","CAPE","surface",-68.5139,17.9136,2477
"2026-09-09 18:00:00","2026-09-10 09:00:00","CAPE","surface",-68.4899,17.9136,2477
"2026-09-09 18:00:00","2026-09-10 09:00:00","CAPE","surface",-68.466,17.9136,2451
"2026-09-09 18:00:00","2026-09-10 09:00:00","CAPE","surface",-68.4421,17.9136,2332
"2026-09-09 18:00:00","2026-09-10 09:00:00","CAPE","surface",-68.4182,17.9136,2266
"2026-09-09 18:00:00","2026-09-10 09:00:00","CAPE","surface",-68.3942,17.9136,2266
"2026-09-09 18:00:00","2026-09-10 09:00:00","CAPE","surface",-68.3703,17.9136,2302
"2026-09-09 18:00:00","2026-09-10 09:00:00","CAPE","surface",-68.3464,17.9136,2284
"2026-09-09 18:00:00","2026-09-10 09:00:00","CAPE","surface",-68.3225,17.9136,2375
"2026-09-09 18:00:00","2026-09-10 09:00:00","CAPE","surface",-68.2985,17.9136,2303
"2026-09-09 18:00:00","2026-09-10 09:00:00","CAPE","surface",-68.2746,17.9136,2303
"2026-09-09 18:00:00","2026-09-10 09:00:00","CAPE","surface",-68.2507,17.9136,2123
"2026-09-09 18:00:00","2026-09-10 09:00:00","CAPE","surface",-68.2268,17.9136,2071
"2026-09-09 18:00:00","2026-09-10 09:00:00","CAPE","surface",-68.2028,17.9136,1922
"2026-09-09 18:00:00","2026-09-10 09:00:00","CAPE","surface",-68.1789,17.9136,1922
"2026-09-09 18:00:00","2026-09-10 09:00:00","CAPE","surface",-68.155,17.9136,1883
"2026-09-09 18:00:00","2026-09-10 09:00:00","CAPE","surface",-68.1311,17.9136,1932
"2026-09-09 18:00:00","2026-09-10 09:00:00","CAPE","surface",-68.1071,17.9136,2025
"2026-09-09 18:00:00","2026-09-10 09:00:00","CAPE","surface",-68.0832,17.9136,2078
"2026-09-09 18:00:00","2026-09-10 09:00:00","CAPE","surface",-68.0593,17.9136,2177
"2026-09-09 18:00:00","2026-09-10 09:00:00","CAPE","surface",-68.0354,17.9136,2443
"2026-09-09 18:00:00","2026-09-10 09:00:00","CAPE","surface",-68.0114,17.9136,2558
"2026-09-09 18:00:00","2026-09-10 09:00:00","CAPE","surface",-67.9875,17.9136,2748
"2026-09-09 18:00:00","2026-09-10 09:00:00","CAPE","surface",-67.9636,17.9136,2998
"2026-09-09 18:00:00","2026-09-10 09:00:00","CAPE","surface",-67.9397,17.9136,3080
"2026-09-09 18:00:00","2026-09-10 09:00:00","CAPE","surface",-67.9157,17.9136,2823
"2026-09-09 18:00:00","2026-09-10 09:00:00","CAPE","surface",-67.8918,17.9136,2687
"2026-09-09 18:00:00","2026-09-10 09:00:00","CAPE","surface",-67.8679,17.9136,2429
"2026-09-09 18:00:00","2026-09-10 09:00:00","CAPE","surface",-67.844,17.9136,2448
"2026-09-09 18:00:00","2026-09-10 09:00:00","CAPE","surface",-67.82,17.9136,2321
"2026-09-09 18:00:00","2026-09-10 09:00:00","CAPE","surface",-67.7961,17.9136,2239
"2026-09-09 18:00:00","2026-09-10 09:00:00","CAPE","surface",-67.7722,17.9136,2239
"2026-09-09 18:00:00","2026-09-10 09:00:00","CAPE","surface",-67.7483,17.9136,2229
"2026-09-09 18:00:00","2026-09-10 09:00:00","CAPE","surface",-67.7243,17.9136,2307
"2026-09-09 18:00:00","2026-09-10 09:00:00","CAPE","surface",-67.7004,17.9136,2349
"2026-09-09 18:00:00","2026-09-10 09:00:00","CAPE","surface",-67.6765,17.9136,2349
"2026-09-09 18:00:00","2026-09-10 09:00:00","CAPE","surface",-67.6526,17.9136,2495
"2026-09-09 18:00:00","2026-09-10 09:00:00","CAPE","surface",-67.6286,17.9136,2747
"2026-09-09 18:00:00","2026-09-10 09:00:00","CAPE","surface",-67.6047,17.9136,2864
"2026-09-09 18:00:00","2026-09-10 09:00:00","CAPE","surface",-67.5808,17.9136,2944
"2026-09-09 18:00:00","2026-09-10 09:00:00","CAPE","surface",-67.5569,17.9136,2998
"2026-09-09 18:00:00","2026-09-10 09:00:00","CAPE","surface",-67.5329,17.9136,3002
"2026-09-09 18:00:00","2026-09-10 09:00:00","CAPE","surface",-67.509,17.9136,2814
"2026-09-09 18:00:00","2026-09-10 09:00:00","CAPE","surface",-67.4851,17.9136,2826
"2026-09-09 18:00:00","2026-09-10 09:00:00","CAPE","surface",-67.4612,17.9136,3046
"2026-09-09 18:00:00","2026-09-10 09:00:00","CAPE","surface",-67.4372,17.9136,2966
"2026-09-09 18:00:00","2026-09-10 09:00:00","CAPE","surface",-67.4133,17.9136,3144
"2026-09-09 18:00:00","2026-09-10 09:00:00","CAPE","surface",-67.3894,17.9136,3090
"2026-09-09 18:00:00","2026-09-10 09:00:00","CAPE","surface",-67.3655,17.9136,3233
"2026-09-09 18:00:00","2026-09-10 09:00:00","CAPE","surface",-67.3415,17.9136,3158
"2026-09-09 18:00:00","2026-09-10 09:00:00","CAPE","surface",-67.3176,17.9136,3200
"2026-09-09 18:00:00","2026-09-10 09:00:00","CAPE","surface",-67.2937,17.9136,3116
"2026-09-09 18:00:00","2026-09-10 09:00:00","CAPE","surface",-67.2698,17.9136,3116
"2026-09-09 18:00:00","2026-09-10 09:00:00","CAPE","surface",-67.2458,17.9136,2751
"2026-09-09 18:00:00","2026-09-10 09:00:00","CAPE","surface",-67.2219,17.9136,2701
"2026-09-09 18:00:00","2026-09-10 09:00:00","CAPE","surface",-67.198,17.9136,2188
"2026-09-09 18:00:00","2026-09-10 09:00:00","CAPE","surface",-67.1741,17.9136,2188
"2026-09-09 18:00:00","2026-09-10 09:00:00","CAPE","surface",-67.1501,17.9136,1967
"2026-09-09 18:00:00","2026-09-10 09:00:00","CAPE","surface",-67.1262,17.9136,1898
"2026-09-09 18:00:00","2026-09-10 09:00:00","CAPE","surface",-67.1023,17.9136,1944
"2026-09-09 18:00:00","2026-09-10 09:00:00","CAPE","surface",-67.0784,17.9136,1723
"2026-09-09 18:00:00","2026-09-10 09:00:00","CAPE","surface",-67.0544,17.9136,1801
"2026-09-09 18:00:00","2026-09-10 09:00:00","CAPE","surface",-67.0305,17.9136,1505
"2026-09-09 18:00:00","2026-09-10 09:00:00","CAPE","surface",-67.0066,17.9136,1757
"2026-09-09 18:00:00","2026-09-10 09:00:00","CAPE","surface",-74.7822,17.9364,1981
"2026-09-09 18:00:00","2026-09-10 09:00:00","CAPE","surface",-74.7583,17.9364,1929
"2026-09-09 18:00:00","2026-09-10 09:00:00","CAPE","surface",-74.7344,17.9364,1909
"2026-09-09 18:00:00","2026-09-10 09:00:00","CAPE","surface",-74.7105,17.9364,1969
"2026-09-09 18:00:00","2026-09-10 09:00:00","CAPE","surface",-74.6865,17.9364,2050
"2026-09-09 18:00:00","2026-09-10 09:00:00","CAPE","surface",-74.6626,17.9364,2169
"2026-09-09 18:00:00","2026-09-10 09:00:00","CAPE","surface",-74.6387,17.9364,2185
"2026-09-09 18:00:00","2026-09-10 09:00:00","CAPE","surface",-74.6148,17.9364,2220
"2026-09-09 18:00:00","2026-09-10 09:00:00","CAPE","surface",-74.5908,17.9364,2197
"2026-09-09 18:00:00","2026-09-10 09:00:00","CAPE","surface",-74.5669,17.9364,2165
"2026-09-09 18:00:00","2026-09-10 09:00:00","CAPE","surface",-74.543,17.9364,2212
"2026-09-09 18:00:00","2026-09-10 09:00:00","CAPE","surface",-74.5191,17.9364,2285
"2026-09-09 18:00:00","2026-09-10 09:00:00","CAPE","surface",-74.4951,17.9364,2285
"2026-09-09 18:00:00","2026-09-10 09:00:00","CAPE","surface",-74.4712,17.9364,2372
"2026-09-09 18:00:00","2026-09-10 09:00:00","CAPE","surface",-74.4473,17.9364,2432
"2026-09-09 18:00:00","2026-09-10 09:00:00","CAPE","surface",-74.4234,17.9364,2421
"2026-09-09 18:00:00","2026-09-10 09:00:00","CAPE","surface",-74.3994,17.9364,2428
"2026-09-09 18:00:00","2026-09-10 09:00:00","CAPE","surface",-74.3755,17.9364,2376
"2026-09-09 18:00:00","2026-09-10 09:00:00","CAPE","surface",-74.3516,17.9364,2376
"2026-09-09 18:00:00","2026-09-10 09:00:00","CAPE","surface",-74.3277,17.9364,2399
"2026-09-09 18:00:00","2026-09-10 09:00:00","CAPE","surface",-74.3037,17.9364,2498
"2026-09-09 18:00:00","2026-09-10 09:00:00","CAPE","surface",-74.2798,17.9364,2436
"2026-09-09 18:00:00","2026-09-10 09:00:00","CAPE","surface",-74.2559,17.9364,2528
"2026-09-09 18:00:00","2026-09-10 09:00:00","CAPE","surface",-74.232,17.9364,2433
"2026-09-09 18:00:00","2026-09-10 09:00:00","CAPE","surface",-74.208,17.9364,2433
"2026-09-09 18:00:00","2026-09-10 09:00:00","CAPE","surface",-74.1841,17.9364,2332
"2026-09-09 18:00:00","2026-09-10 09:00:00","CAPE","surface",-74.1602,17.9364,2403
"2026-09-09 18:00:00","2026-09-10 09:00:00","CAPE","surface",-74.1363,17.9364,2310
"2026-09-09 18:00:00","2026-09-10 09:00:00","CAPE","surface",-74.1123,17.9364,2433
"2026-09-09 18:00:00","2026-09-10 09:00:00","CAPE","surface",-74.0884,17.9364,2376
"2026-09-09 18:00:00","2026-09-10 09:00:00","CAPE","surface",-74.0645,17.9364,2376
"2026-09-09 18:00:00","2026-09-10 09:00:00","CAPE","surface",-74.0406,17.9364,2365
"2026-09-09 18:00:00","2026-09-10 09:00:00","CAPE","surface",-74.0166,17.9364,2443
"2026-09-09 18:00:00","2026-09-10 09:00:00","CAPE","surface",-73.9927,17.9364,2434
"2026-09-09 18:00:00","2026-09-10 09:00:00","CAPE","surface",-73.9688,17.9364,2566
"2026-09-09 18:00:00","2026-09-10 09:00:00","CAPE","surface",-73.9449,17.9364,2526
"2026-09-09 18:00:00","2026-09-10 09:00:00","CAPE","surface",-73.9209,17.9364,2526
"2026-09-09 18:00:00","2026-09-10 09:00:00","CAPE","surface",-73.897,17.9364,2426
"2026-09-09 18:00:00","2026-09-10 09:00:00","CAPE","surface",-73.8731,17.9364,2349
"2026-09-09 18:00:00","2026-09-10 09:00:00","CAPE","surface",-73.8492,17.9364,2267
"2026-09-09 18:00:00","2026-09-10 09:00:00","CAPE","surface",-73.8252,17.9364,2244
"2026-09-09 18:00:00","2026-09-10 09:00:00","CAPE","surface",-73.8013,17.9364,2174
"2026-09-09 18:00:00","2026-09-10 09:00:00","CAPE","surface",-73.7774,17.9364,2263
"2026-09-09 18:00:00","2026-09-10 09:00:00","CAPE","surface",-73.7535,17.9364,2204
"2026-09-09 18:00:00","2026-09-10 09:00:00","CAPE","surface",-73.7295,17.9364,2226
"2026-09-09 18:00:00","2026-09-10 09:00:00","CAPE","surface",-73.7056,17.9364,2210
"2026-09-09 18:00:00","2026-09-10 09:00:00","CAPE","surface",-73.6817,17.9364,2262
"2026-09-09 18:00:00","2026-09-10 09:00:00","CAPE","surface",-73.6578,17.9364,2262
"2026-09-09 18:00:00","2026-09-10 09:00:00","CAPE","surface",-73.6338,17.9364,2316
"2026-09-09 18:00:00","2026-09-10 09:00:00","CAPE","surface",-73.6099,17.9364,2342
"2026-09-09 18:00:00","2026-09-10 09:00:00","CAPE","surface",-73.586,17.9364,2369
"2026-09-09 18:00:00","2026-09-10 09:00:00","CAPE","surface",-73.5621,17.9364,2360
"2026-09-09 18:00:00","2026-09-10 09:00:00","CAPE","surface",-73.5381,17.9364,2387
"2026-09-09 18:00:00","2026-09-10 09:00:00","CAPE","surface",-73.5142,17.9364,2387
"2026-09-09 18:00:00","2026-09-10 09:00:00","CAPE","surface",-73.4903,17.9364,2461
"2026-09-09 18:00:00","2026-09-10 09:00:00","CAPE","surface",-73.4664,17.9364,2480
"2026-09-09 18:00:00","2026-09-10 09:00:00","CAPE","surface",-73.4424,17.9364,2519
"2026-09-09 18:00:00","2026-09-10 09:00:00","CAPE","surface",-73.4185,17.9364,2509
"2026-09-09 18:00:00","2026-09-10 09:00:00","CAPE","surface",-73.3946,17.9364,2503
"2026-09-09 18:00:00","2026-09-10 09:00:00","CAPE","surface",-73.3707,17.9364,2538
"2026-09-09 18:00:00","2026-09-10 09:00:00","CAPE","surface",-73.3467,17.9364,2514
"2026-09-09 18:00:00","2026-09-10 09:00:00","CAPE","surface",-73.3228,17.9364,2524
"2026-09-09 18:00:00","2026-09-10 09:00:00","CAPE","surface",-73.2989,17.9364,2491
"2026-09-09 18:00:00","2026-09-10 09:00:00","CAPE","surface",-73.275,17.9364,2489
"2026-09-09 18:00:00","2026-09-10 09:00:00","CAPE","surface",-73.251,17.9364,2489
"2026-09-09 18:00:00","2026-09-10 09:00:00","CAPE","surface",-73.2271,17.9364,2519
"2026-09-09 18:00:00","2026-09-10 09:00:00","CAPE","surface",-73.2032,17.9364,2523
"2026-09-09 18:00:00","2026-09-10 09:00:00","CAPE","surface",-73.1793,17.9364,2571
"2026-09-09 18:00:00","2026-09-10 09:00:00","CAPE","surface",-73.1553,17.9364,2600
"2026-09-09 18:00:00","2026-09-10 09:00:00","CAPE","surface",-73.1314,17.9364,2612
"2026-09-09 18:00:00","2026-09-10 09:00:00","CAPE","surface",-73.1075,17.9364,2612
"2026-09-09 18:00:00","2026-09-10 09:00:00","CAPE","surface",-73.0836,17.9364,2512
"2026-09-09 18:00:00","2026-09-10 09:00:00","CAPE","surface",-73.0596,17.9364,2492
"2026-09-09 18:00:00","2026-09-10 09:00:00","CAPE","surface",-73.0357,17.9364,2404
"2026-09-09 18:00:00","2026-09-10 09:00:00","CAPE","surface",-73.0118,17.9364,2387
"2026-09-09 18:00:00","2026-09-10 09:00:00","CAPE","surface",-72.9879,17.9364,2385
"2026-09-09 18:00:00","2026-09-10 09:00:00","CAPE","surface",-72.9639,17.9364,2365
"2026-09-09 18:00:00","2026-09-10 09:00:00","CAPE","surface",-72.94,17.9364,2317
"2026-09-09 18:00:00","2026-09-10 09:00:00","CAPE","surface",-72.9161,17.9364,2276
"2026-09-09 18:00:00","2026-09-10 09:00:00","CAPE","surface",-72.8922,17.9364,2238
"2026-09-09 18:00:00","2026-09-10 09:00:00","CAPE","surface",-72.8682,17.9364,2199
"2026-09-09 18:00:00","2026-09-10 09:00:00","CAPE","surface",-72.8443,17.9364,2199
"2026-09-09 18:00:00","2026-09-10 09:00:00","CAPE","surface",-72.8204,17.9364,2155
"2026-09-09 18:00:00","2026-09-10 09:00:00","CAPE","surface",-72.7965,17.9364,2060
"2026-09-09 18:00:00","2026-09-10 09:00:00","CAPE","surface",-72.7725,17.9364,2069
"2026-09-09 18:00:00","2026-09-10 09:00:00","CAPE","surface",-72.7486,17.9364,2019
"2026-09-09 18:00:00","2026-09-10 09:00:00","CAPE","surface",-72.7247,17.9364,2062
"2026-09-09 18:00:00","2026-09-10 09:00:00","CAPE","surface",-72.7008,17.9364,2020
"2026-09-09 18:00:00","2026-09-10 09:00:00","CAPE","surface",-72.6768,17.9364,2042
"2026-09-09 18:00:00","2026-09-10 09:00:00","CAPE","surface",-72.6529,17.9364,2100
"2026-09-09 18:00:00","2026-09-10 09:00:00","CAPE","surface",-72.629,17.9364,2125
"2026-09-09 18:00:00","2026-09-10 09:00:00","CAPE","surface",-72.6051,17.9364,2125
"2026-09-09 18:00:00","2026-09-10 09:00:00","CAPE","surface",-72.5811,17.9364,2125
"2026-09-09 18:00:00","2026-09-10 09:00:00","CAPE","surface",-72.5572,17.9364,2188
"2026-09-09 18:00:00","2026-09-10 09:00:00","CAPE","surface",-72.5333,17.9364,2164
"2026-09-09 18:00:00","2026-09-10 09:00:00","CAPE","surface",-72.5094,17.9364,2144
"2026-09-09 18:00:00","2026-09-10 09:00:00","CAPE","surface",-72.4854,17.9364,2176
"2026-09-09 18:00:00","2026-09-10 09:00:00","CAPE","surface",-72.4615,17.9364,2104
"2026-09-09 18:00:00","2026-09-10 09:00:00","CAPE","surface",-72.4376,17.9364,2134
"2026-09-09 18:00:00","2026-09-10 09:00:00","CAPE","surface",-72.4137,17.9364,2043
"2026-09-09 18:00:00","2026-09-10 09:00:00","CAPE","surface",-72.3897,17.9364,2057
"2026-09-09 18:00:00","2026-09-10 09:00:00","CAPE","surface",-72.3658,17.9364,1945
"2026-09-09 18:00:00","2026-09-10 09:00:00","CAPE","surface",-72.3419,17.9364,1945
"2026-09-09 18:00:00","2026-09-10 09:00:00","CAPE","surface",-72.318,17.9364,1849
"2026-09-09 18:00:00","2026-09-10 09:00:00","CAPE","surface",-72.294,17.9364,1880
"2026-09-09 18:00:00","2026-09-10 09:00:00","CAPE","surface",-72.2701,17.9364,1786
"2026-09-09 18:00:00","2026-09-10 09:00:00","CAPE","surface",-72.2462,17.9364,1826
"2026-09-09 18:00:00","2026-09-10 09:00:00","CAPE","surface",-72.2223,17.9364,1714
"2026-09-09 18:00:00","2026-09-10 09:00:00","CAPE","surface",-72.1983,17.9364,1737
"2026-09-09 18:00:00","2026-09-10 09:00:00","CAPE","surface",-72.1744,17.9364,1675
"2026-09-09 18:00:00","2026-09-10 09:00:00","CAPE","surface",-72.1505,17.9364,1643
"2026-09-09 18:00:00","2026-09-10 09:00:00","CAPE","surface",-72.1266,17.9364,1605
"2026-09-09 18:00:00","2026-09-10 09:00:00","CAPE","surface",-72.1026,17.9364,1567
"2026-09-09 18:00:00","2026-09-10 09:00:00","CAPE","surface",-72.0787,17.9364,1567
"2026-09-09 18:00:00","2026-09-10 09:00:00","CAPE","surface",-72.0548,17.9364,1671
"2026-09-09 18:00:00","2026-09-10 09:00:00","CAPE","surface",-72.0309,17.9364,1536
"2026-09-09 18:00:00","2026-09-10 09:00:00","CAPE","surface",-72.0069,17.9364,1626
"2026-09-09 18:00:00","2026-09-10 09:00:00","CAPE","surface",-71.983,17.9364,1487
"2026-09-09 18:00:00","2026-09-10 09:00:00","CAPE","surface",-71.9591,17.9364,1762
"2026-09-09 18:00:00","2026-09-10 09:00:00","CAPE","surface",-71.9352,17.9364,1508
"2026-09-09 18:00:00","2026-09-10 09:00:00","CAPE","surface",-71.9112,17.9364,1505
"2026-09-09 18:00:00","2026-09-10 09:00:00","CAPE","surface",-71.8873,17.9364,1336
"2026-09-09 18:00:00","2026-09-10 09:00:00","CAPE","surface",-71.8634,17.9364,1323
"2026-09-09 18:00:00","2026-09-10 09:00:00","CAPE","surface",-71.8395,17.9364,1820
"2026-09-09 18:00:00","2026-09-10 09:00:00","CAPE","surface",-71.8155,17.9364,1341
"2026-09-09 18:00:00","2026-09-10 09:00:00","CAPE","surface",-71.7916,17.9364,1390
"2026-09-09 18:00:00","2026-09-10 09:00:00","CAPE","surface",-71.7677,17.9364,1154
"2026-09-09 18:00:00","2026-09-10 09:00:00","CAPE","surface",-71.7438,17.9364,1046
"2026-09-09 18:00:00","2026-09-10 09:00:00","CAPE","surface",-71.7198,17.9364,1046
"2026-09-09 18:00:00","2026-09-10 09:00:00","CAPE","surface",-71.6959,17.9364,918
"2026-09-09 18:00:00","2026-09-10 09:00:00","CAPE","surface",-71.672,17.9364,754
"2026-09-09 18:00:00","2026-09-10 09:00:00","CAPE","surface",-71.6481,17.9364,423
"2026-09-09 18:00:00","2026-09-10 09:00:00","CAPE","surface",-71.6241,17.9364,560
"2026-09-09 18:00:00","2026-09-10 09:00:00","CAPE","surface",-71.6002,17.9364,484
"2026-09-09 18:00:00","2026-09-10 09:00:00","CAPE","surface",-71.5763,17.9364,647
"2026-09-09 18:00:00","2026-09-10 09:00:00","CAPE","surface",-71.5524,17.9364,738
"2026-09-09 18:00:00","2026-09-10 09:00:00","CAPE","surface",-71.5284,17.9364,850
"2026-09-09 18:00:00","2026-09-10 09:00:00","CAPE","surface",-71.5045,17.9364,916
"2026-09-09 18:00:00","2026-09-10 09:00:00","CAPE","surface",-71.4806,17.9364,933
"2026-09-09 18:00:00","2026-09-10 09:00:00","CAPE","surface",-71.4567,17.9364,959
"2026-09-09 18:00:00","2026-09-10 09:00:00","CAPE","surface",-71.4327,17.9364,970
"2026-09-09 18:00:00","2026-09-10 09:00:00","CAPE","surface",-71.4088,17.9364,994
"2026-09-09 18:00:00","2026-09-10 09:00:00","CAPE","surface",-71.3849,17.9364,1035
"2026-09-09 18:00:00","2026-09-10 09:00:00","CAPE","surface",-71.361,17.9364,1035
"2026-09-09 18:00:00","2026-09-10 09:00:00","CAPE","surface",-71.337,17.9364,1075
"2026-09-09 18:00:00","2026-09-10 09:00:00","CAPE","surface",-71.3131,17.9364,1192
"2026-09-09 18:00:00","2026-09-10 09:00:00","CAPE","surface",-71.2892,17.9364,1256
"2026-09-09 18:00:00","2026-09-10 09:00:00","CAPE","surface",-71.2653,17.9364,1328
"2026-09-09 18:00:00","2026-09-10 09:00:00","CAPE","surface",-71.2413,17.9364,1328
"2026-09-09 18:00:00","2026-09-10 09:00:00","CAPE","surface",-71.2174,17.9364,1537
"2026-09-09 18:00:00","2026-09-10 09:00:00","CAPE","surface",-71.1935,17.9364,1820
"2026-09-09 18:00:00","2026-09-10 09:00:00","CAPE","surface",-71.1696,17.9364,2106
"2026-09-09 18:00:00","2026-09-10 09:00:00","CAPE","surface",-71.1456,17.9364,2127
"2026-09-09 18:00:00","2026-09-10 09:00:00","CAPE","surface",-71.1217,17.9364,2033
"2026-09-09 18:00:00","2026-09-10 09:00:00","CAPE","surface",-71.0978,17.9364,2101
"2026-09-09 18:00:00","2026-09-10 09:00:00","CAPE","surface",-71.0739,17.9364,2146
"2026-09-09 18:00:00","2026-09-10 09:00:00","CAPE","surface",-71.0499,17.9364,2163
"2026-09-09 18:00:00","2026-09-10 09:00:00","CAPE","surface",-71.026,17.9364,2217
"2026-09-09 18:00:00","2026-09-10 09:00:00","CAPE","surface",-71.0021,17.9364,2160
"2026-09-09 18:00:00","2026-09-10 09:00:00","CAPE","surface",-70.9782,17.9364,2182
"2026-09-09 18:00:00","2026-09-10 09:00:00","CAPE","surface",-70.9542,17.9364,2122
"2026-09-09 18:00:00","2026-09-10 09:00:00","CAPE","surface",-70.9303,17.9364,2092
"2026-09-09 18:00:00","2026-09-10 09:00:00","CAPE","surface",-70.9064,17.9364,2137
"2026-09-09 18:00:00","2026-09-10 09:00:00","CAPE","surface",-70.8825,17.9364,2137
"2026-09-09 18:00:00","2026-09-10 09:00:00","CAPE","surface",-70.8585,17.9364,2139
"2026-09-09 18:00:00","2026-09-10 09:00:00","CAPE","surface",-70.8346,17.9364,2145
"2026-09-09 18:00:00","2026-09-10 09:00:00","CAPE","surface",-70.8107,17.9364,2116
"2026-09-09 18:00:00","2026-09-10 09:00:00","CAPE","surface",-70.7868,17.9364,2152
"2026-09-09 18:00:00","2026-09-10 09:00:00","CAPE","surface",-70.7628,17.9364,2098
"2026-09-09 18:00:00","2026-09-10 09:00:00","CAPE","surface",-70.7389,17.9364,2065
"2026-09-09 18:00:00","2026-09-10 09:00:00","CAPE","surface",-70.715,17.9364,2100
"2026-09-09 18:00:00","2026-09-10 09:00:00","CAPE","surface",-70.6911,17.9364,2103
"2026-09-09 18:00:00","2026-09-10 09:00:00","CAPE","surface",-70.6671,17.9364,2201
"2026-09-09 18:00:00","2026-09-10 09:00:00","CAPE","surface",-70.6432,17.9364,2099
"2026-09-09 18:00:00","2026-09-10 09:00:00","CAPE","surface",-70.6193,17.9364,2192
"2026-09-09 18:00:00","2026-09-10 09:00:00","CAPE","surface",-70.5954,17.9364,2250
"2026-09-09 18:00:00","2026-09-10 09:00:00","CAPE","surface",-70.5714,17.9364,2432
"2026-09-09 18:00:00","2026-09-10 09:00:00","CAPE","surface",-70.5475,17.9364,2506
"2026-09-09 18:00:00","2026-09-10 09:00:00","CAPE","surface",-70.5236,17.9364,2506
"2026-09-09 18:00:00","2026-09-10 09:00:00","CAPE","surface",-70.4997,17.9364,2568
"2026-09-09 18:00:00","2026-09-10 09:00:00","CAPE","surface",-70.4757,17.9364,2632
"2026-09-09 18:00:00","2026-09-10 09:00:00","CAPE","surface",-70.4518,17.9364,2684
"2026-09-09 18:00:00","2026-09-10 09:00:00","CAPE","surface",-70.4279,17.9364,2686
"2026-09-09 18:00:00","2026-09-10 09:00:00","CAPE","surface",-70.404,17.9364,2644
"2026-09-09 18:00:00","2026-09-10 09:00:00","CAPE","surface",-70.38,17.9364,2618
"2026-09-09 18:00:00","2026-09-10 09:00:00","CAPE","surface",-70.3561,17.9364,2540
"2026-09-09 18:00:00","2026-09-10 09:00:00","CAPE","surface",-70.3322,17.9364,2551
"2026-09-09 18:00:00","2026-09-10 09:00:00","CAPE","surface",-70.3083,17.9364,2551
"2026-09-09 18:00:00","2026-09-10 09:00:00","CAPE","surface",-70.2843,17.9364,2603
"2026-09-09 18:00:00","2026-09-10 09:00:00","CAPE","surface",-70.2604,17.9364,2654
"2026-09-09 18:00:00","2026-09-10 09:00:00","CAPE","surface",-70.2365,17.9364,2635
"2026-09-09 18:00:00","2026-09-10 09:00:00","CAPE","surface",-70.2126,17.9364,2700
"2026-09-09 18:00:00","2026-09-10 09:00:00","CAPE","surface",-70.1886,17.9364,2700
"2026-09-09 18:00:00","2026-09-10 09:00:00","CAPE","surface",-70.1647,17.9364,2819
"2026-09-09 18:00:00","2026-09-10 09:00:00","CAPE","surface",-70.1408,17.9364,2797
"2026-09-09 18:00:00","2026-09-10 09:00:00","CAPE","surface",-70.1169,17.9364,2912
"2026-09-09 18:00:00","2026-09-10 09:00:00","CAPE","surface",-70.0929,17.9364,2951
"2026-09-09 18:00:00","2026-09-10 09:00:00","CAPE","surface",-70.069,17.9364,3007
"2026-09-09 18:00:00","2026-09-10 09:00:00","CAPE","surface",-70.0451,17.9364,3066
"2026-09-09 18:00:00","2026-09-10 09:00:00","CAPE","surface",-70.0212,17.9364,3166
"2026-09-09 18:00:00","2026-09-10 09:00:00","CAPE","surface",-69.9972,17.9364,3163
"2026-09-09 18:00:00","2026-09-10 09:00:00","CAPE","surface",-69.9733,17.9364,3163
"2026-09-09 18:00:00","2026-09-10 09:00:00","CAPE","surface",-69.9494,17.9364,3182
"2026-09-09 18:00:00","2026-09-10 09:00:00","CAPE","surface",-69.9255,17.9364,3160
"2026-09-09 18:00:00","2026-09-10 09:00:00","CAPE","surface",-69.9015,17.9364,3100
"2026-09-09 18:00:00","2026-09-10 09:00:00","CAPE","surface",-69.8776,17.9364,2880
"2026-09-09 18:00:00","2026-09-10 09:00:00","CAPE","surface",-69.8537,17.9364,3102
"2026-09-09 18:00:00","2026-09-10 09:00:00","CAPE","surface",-69.8298,17.9364,2848
"2026-09-09 18:00:00","2026-09-10 09:00:00","CAPE","surface",-69.8058,17.9364,2747
"2026-09-09 18:00:00","2026-09-10 09:00:00","CAPE","surface",-69.7819,17.9364,2700
"2026-09-09 18:00:00","2026-09-10 09:00:00","CAPE","surface",-69.758,17.9364,2663
"2026-09-09 18:00:00","2026-09-10 09:00:00","CAPE","surface",-69.7341,17.9364,2736
"2026-09-09 18:00:00","2026-09-10 09:00:00","CAPE","surface",-69.7101,17.9364,2794
"2026-09-09 18:00:00","2026-09-10 09:00:00","CAPE","surface",-69.6862,17.9364,2809
"2026-09-09 18:00:00","2026-09-10 09:00:00","CAPE","surface",-69.6623,17.9364,2797
"2026-09-09 18:00:00","2026-09-10 09:00:00","CAPE","surface",-69.6384,17.9364,2777
"2026-09-09 18:00:00","2026-09-10 09:00:00","CAPE","surface",-69.6144,17.9364,2751
"2026-09-09 18:00:00","2026-09-10 09:00:00","CAPE","surface",-69.5905,17.9364,2702
"2026-09-09 18:00:00","2026-09-10 09:00:00","CAPE","surface",-69.5666,17.9364,2665
"2026-09-09 18:00:00","2026-09-10 09:00:00","CAPE","surface",-69.5427,17.9364,2619
"2026-09-09 18:00:00","2026-09-10 09:00:00","CAPE","surface",-69.5187,17.9364,2670
"2026-09-09 18:00:00","2026-09-10 09:00:00","CAPE","surface",-69.4948,17.9364,2646
"2026-09-09 18:00:00","2026-09-10 09:00:00","CAPE","surface",-69.4709,17.9364,2742
"2026-09-09 18:00:00","2026-09-10 09:00:00","CAPE","surface",-69.447,17.9364,2929
"2026-09-09 18:00:00","2026-09-10 09:00:00","CAPE","surface",-69.423,17.9364,2834
"2026-09-09 18:00:00","2026-09-10 09:00:00","CAPE","surface",-69.3991,17.9364,2907
"2026-09-09 18:00:00","2026-09-10 09:00:00","CAPE","surface",-69.3752,17.9364,2771
"2026-09-09 18:00:00","2026-09-10 09:00:00","CAPE","surface",-69.3513,17.9364,2571
"2026-09-09 18:00:00","2026-09-10 09:00:00","CAPE","surface",-69.3273,17.9364,2339
"2026-09-09 18:00:00","2026-09-10 09:00:00","CAPE","surface",-69.3034,17.9364,2316
"2026-09-09 18:00:00","2026-09-10 09:00:00","CAPE","surface",-69.2795,17.9364,2166
"2026-09-09 18:00:00","2026-09-10 09:00:00","CAPE","surface",-69.2556,17.9364,2083
"2026-09-09 18:00:00","2026-09-10 09:00:00","CAPE","surface",-69.2316,17.9364,2140
"2026-09-09 18:00:00","2026-09-10 09:00:00","CAPE","surface",-69.2077,17.9364,2145
"2026-09-09 18:00:00","2026-09-10 09:00:00","CAPE","surface",-69.1838,17.9364,2207
"2026-09-09 18:00:00","2026-09-10 09:00:00","CAPE","surface",-69.1599,17.9364,2288
"2026-09-09 18:00:00","2026-09-10 09:00:00","CAPE","surface",-69.1359,17.9364,2378
"2026-09-09 18:00:00","2026-09-10 09:00:00","CAPE","surface",-69.112,17.9364,2405
"2026-09-09 18:00:00","2026-09-10 09:00:00","CAPE","surface",-69.0881,17.9364,2429
"2026-09-09 18:00:00","2026-09-10 09:00:00","CAPE","surface",-69.0642,17.9364,2510
"2026-09-09 18:00:00","2026-09-10 09:00:00","CAPE","surface",-69.0402,17.9364,2563
"2026-09-09 18:00:00","2026-09-10 09:00:00","CAPE","surface",-69.0163,17.9364,2689
"2026-09-09 18:00:00","2026-09-10 09:00:00","CAPE","surface",-68.9924,17.9364,2523
"2026-09-09 18:00:00","2026-09-10 09:00:00","CAPE","surface",-68.9685,17.9364,2536
"2026-09-09 18:00:00","2026-09-10 09:00:00","CAPE","surface",-68.9445,17.9364,2584
"2026-09-09 18:00:00","2026-09-10 09:00:00","CAPE","surface",-68.9206,17.9364,2603
"2026-09-09 18:00:00","2026-09-10 09:00:00","CAPE","surface",-68.8967,17.9364,2657
"2026-09-09 18:00:00","2026-09-10 09:00:00","CAPE","surface",-68.8728,17.9364,2625
"2026-09-09 18:00:00","2026-09-10 09:00:00","CAPE","surface",-68.8488,17.9364,2669
"2026-09-09 18:00:00","2026-09-10 09:00:00","CAPE","surface",-68.8249,17.9364,2721
"2026-09-09 18:00:00","2026-09-10 09:00:00","CAPE","surface",-68.801,17.9364,2795
"2026-09-09 18:00:00","2026-09-10 09:00:00","CAPE","surface",-68.7771,17.9364,2799
"2026-09-09 18:00:00","2026-09-10 09:00:00","CAPE","surface",-68.7531,17.9364,2823
"2026-09-09 18:00:00","2026-09-10 09:00:00","CAPE","surface",-68.7292,17.9364,2924
"2026-09-09 18:00:00","2026-09-10 09:00:00","CAPE","surface",-68.7053,17.9364,2855
"2026-09-09 18:00:00","2026-09-10 09:00:00","CAPE","surface",-68.6813,17.9364,2919
"2026-09-09 18:00:00","2026-09-10 09:00:00","CAPE","surface",-68.6574,17.9364,2645
"2026-09-09 18:00:00","2026-09-10 09:00:00","CAPE","surface",-68.6335,17.9364,2684
"2026-09-09 18:00:00","2026-09-10 09:00:00","CAPE","surface",-68.6096,17.9364,2573
"2026-09-09 18:00:00","2026-09-10 09:00:00","CAPE","surface",-68.5856,17.9364,2596
"2026-09-09 18:00:00","2026-09-10 09:00:00","CAPE","surface",-68.5617,17.9364,2596
"2026-09-09 18:00:00","2026-09-10 09:00:00","CAPE","surface",-68.5378,17.9364,2681
"2026-09-09 18:00:00","2026-09-10 09:00:00","CAPE","surface",-68.5139,17.9364,2589
"2026-09-09 18:00:00","2026-09-10 09:00:00","CAPE","surface",-68.4899,17.9364,2618
"2026-09-09 18:00:00","2026-09-10 09:00:00","CAPE","surface",-68.466,17.9364,2451
"2026-09-09 18:00:00","2026-09-10 09:00:00","CAPE","surface",-68.4421,17.9364,2492
"2026-09-09 18:00:00","2026-09-10 09:00:00","CAPE","surface",-68.4182,17.9364,2440
"2026-09-09 18:00:00","2026-09-10 09:00:00","CAPE","surface",-68.3942,17.9364,2345
"2026-09-09 18:00:00","2026-09-10 09:00:00","CAPE","surface",-68.3703,17.9364,2439
"2026-09-09 18:00:00","2026-09-10 09:00:00","CAPE","surface",-68.3464,17.9364,2439
"2026-09-09 18:00:00","2026-09-10 09:00:00","CAPE","surface",-68.3225,17.9364,2528
"2026-09-09 18:00:00","2026-09-10 09:00:00","CAPE","surface",-68.2985,17.9364,2436
"2026-09-09 18:00:00","2026-09-10 09:00:00","CAPE","surface",-68.2746,17.9364,2260
"2026-09-09 18:00:00","2026-09-10 09:00:00","CAPE","surface",-68.2507,17.9364,2260
"2026-09-09 18:00:00","2026-09-10 09:00:00","CAPE","surface",-68.2268,17.9364,2057
"2026-09-09 18:00:00","2026-09-10 09:00:00","CAPE","surface",-68.2028,17.9364,1927
"2026-09-09 18:00:00","2026-09-10 09:00:00","CAPE","surface",-68.1789,17.9364,1894
"2026-09-09 18:00:00","2026-09-10 09:00:00","CAPE","surface",-68.155,17.9364,1894
"2026-09-09 18:00:00","2026-09-10 09:00:00","CAPE","surface",-68.1311,17.9364,1894
"2026-09-09 18:00:00","2026-09-10 09:00:00","CAPE","surface",-68.1071,17.9364,2002
"2026-09-09 18:00:00","2026-09-10 09:00:00","CAPE","surface",-68.0832,17.9364,2078
"2026-09-09 18:00:00","2026-09-10 09:00:00","CAPE","surface",-68.0593,17.9364,2320
"2026-09-09 18:00:00","2026-09-10 09:00:00","CAPE","surface",-68.0354,17.9364,2481
"2026-09-09 18:00:00","2026-09-10 09:00:00","CAPE","surface",-68.0114,17.9364,2615
"2026-09-09 18:00:00","2026-09-10 09:00:00","CAPE","surface",-67.9875,17.9364,2886
"2026-09-09 18:00:00","2026-09-10 09:00:00","CAPE","surface",-67.9636,17.9364,2998
"2026-09-09 18:00:00","2026-09-10 09:00:00","CAPE","surface",-67.9397,17.9364,2866
"2026-09-09 18:00:00","2026-09-10 09:00:00","CAPE","surface",-67.9157,17.9364,2883
"2026-09-09 18:00:00","2026-09-10 09:00:00","CAPE","surface",-67.8918,17.9364,2443
"2026-09-09 18:00:00","2026-09-10 09:00:00","CAPE","surface",-67.8679,17.9364,2205
"2026-09-09 18:00:00","2026-09-10 09:00:00","CAPE","surface",-67.844,17.9364,2205
"2026-09-09 18:00:00","2026-09-10 09:00:00","CAPE","surface",-67.82,17.9364,2021
"2026-09-09 18:00:00","2026-09-10 09:00:00","CAPE","surface",-67.7961,17.9364,2103
"2026-09-09 18:00:00","2026-09-10 09:00:00","CAPE","surface",-67.7722,17.9364,2127
"2026-09-09 18:00:00","2026-09-10 09:00:00","CAPE","surface",-67.7483,17.9364,2229
"2026-09-09 18:00:00","2026-09-10 09:00:00","CAPE","surface",-67.7243,17.9364,2194
"2026-09-09 18:00:00","2026-09-10 09:00:00","CAPE","surface",-67.7004,17.9364,2290
"2026-09-09 18:00:00","2026-09-10 09:00:00","CAPE","surface",-67.6765,17.9364,2380
"2026-09-09 18:00:00","2026-09-10 09:00:00","CAPE","surface",-67.6526,17.9364,2586
"2026-09-09 18:00:00","2026-09-10 09:00:00","CAPE","surface",-67.6286,17.9364,2586
"2026-09-09 18:00:00","2026-09-10 09:00:00","CAPE","surface",-67.6047,17.9364,2820
"2026-09-09 18:00:00","2026-09-10 09:00:00","CAPE","surface",-67.5808,17.9364,2944
"2026-09-09 18:00:00","2026-09-10 09:00:00","CAPE","surface",-67.5569,17.9364,3056
"2026-09-09 18:00:00","2026-09-10 09:00:00","CAPE","surface",-67.5329,17.9364,3077
"2026-09-09 18:00:00","2026-09-10 09:00:00","CAPE","surface",-67.509,17.9364,3108
"2026-09-09 18:00:00","2026-09-10 09:00:00","CAPE","surface",-67.4851,17.9364,3121
"2026-09-09 18:00:00","2026-09-10 09:00:00","CAPE","surface",-67.4612,17.9364,3046
"2026-09-09 18:00:00","2026-09-10 09:00:00","CAPE","surface",-67.4372,17.9364,3138
"2026-09-09 18:00:00","2026-09-10 09:00:00","CAPE","surface",-67.4133,17.9364,3157
"2026-09-09 18:00:00","2026-09-10 09:00:00","CAPE","surface",-67.3894,17.9364,3229
"2026-09-09 18:00:00","2026-09-10 09:00:00","CAPE","surface",-67.3655,17.9364,3178
"2026-09-09 18:00:00","2026-09-10 09:00:00","CAPE","surface",-67.3415,17.9364,3178
"2026-09-09 18:00:00","2026-09-10 09:00:00","CAPE","surface",-67.3176,17.9364,3018
"2026-09-09 18:00:00","2026-09-10 09:00:00","CAPE","surface",-67.2937,17.9364,3118
"2026-09-09 18:00:00","2026-09-10 09:00:00","CAPE","surface",-67.2698,17.9364,2752
"2026-09-09 18:00:00","2026-09-10 09:00:00","CAPE","surface",-67.2458,17.9364,2751
"2026-09-09 18:00:00","2026-09-10 09:00:00","CAPE","surface",-67.2219,17.9364,2143
"2026-09-09 18:00:00","2026-09-10 09:00:00","CAPE","surface",-67.198,17.9364,1836
"2026-09-09 18:00:00","2026-09-10 09:00:00","CAPE","surface",-67.1741,17.9364,1931
"2026-09-09 18:00:00","2026-09-10 09:00:00","CAPE","surface",-67.1501,17.9364,1843
"2026-09-09 18:00:00","2026-09-10 09:00:00","CAPE","surface",-67.1262,17.9364,1843
"2026-09-09 18:00:00","2026-09-10 09:00:00","CAPE","surface",-67.1023,17.9364,1622
"2026-09-09 18:00:00","2026-09-10 09:00:00","CAPE","surface",-67.0784,17.9364,1723
"2026-09-09 18:00:00","2026-09-10 09:00:00","CAPE","surface",-67.0544,17.9364,1391
"2026-09-09 18:00:00","2026-09-10 09:00:00","CAPE","surface",-67.0305,17.9364,952
"2026-09-09 18:00:00","2026-09-10 09:00:00","CAPE","surface",-67.0066,17.9364,1018
"2026-09-09 18:00:00","2026-09-10 09:00:00","CAPE","surface",-74.7822,17.9592,2026
"2026-09-09 18:00:00","2026-09-10 09:00:00","CAPE","surface",-74.7583,17.9592,1924
"2026-09-09 18:00:00","2026-09-10 09:00:00","CAPE","surface",-74.7344,17.9592,1893
"2026-09-09 18:00:00","2026-09-10 09:00:00","CAPE","surface",-74.7105,17.9592,1893
"2026-09-09 18:00:00","2026-09-10 09:00:00","CAPE","surface",-74.6865,17.9592,1926
"2026-09-09 18:00:00","2026-09-10 09:00:00","CAPE","surface",-74.6626,17.9592,2058
"2026-09-09 18:00:00","2026-09-10 09:00:00","CAPE","surface",-74.6387,17.9592,2182
"2026-09-09 18:00:00","2026-09-10 09:00:00","CAPE","surface",-74.6148,17.9592,2203
"2026-09-09 18:00:00","2026-09-10 09:00:00","CAPE","surface",-74.5908,17.9592,2153
"2026-09-09 18:00:00","2026-09-10 09:00:00","CAPE","surface",-74.5669,17.9592,2153
"2026-09-09 18:00:00","2026-09-10 09:00:00","CAPE","surface",-74.543,17.9592,2140
"2026-09-09 18:00:00","2026-09-10 09:00:00","CAPE","surface",-74.5191,17.9592,2221
"2026-09-09 18:00:00","2026-09-10 09:00:00","CAPE","surface",-74.4951,17.9592,2298
"2026-09-09 18:00:00","2026-09-10 09:00:00","CAPE","surface",-74.4712,17.9592,2372
"2026-09-09 18:00:00","2026-09-10 09:00:00","CAPE","surface",-74.4473,17.9592,2415
"2026-09-09 18:00:00","2026-09-10 09:00:00","CAPE","surface",-74.4234,17.9592,2415
"2026-09-09 18:00:00","2026-09-10 09:00:00","CAPE","surface",-74.3994,17.9592,2290
"2026-09-09 18:00:00","2026-09-10 09:00:00","CAPE","surface",-74.3755,17.9592,2303
"2026-09-09 18:00:00","2026-09-10 09:00:00","CAPE","surface",-74.3516,17.9592,2293
"2026-09-09 18:00:00","2026-09-10 09:00:00","CAPE","surface",-74.3277,17.9592,2399
"2026-09-09 18:00:00","2026-09-10 09:00:00","CAPE","surface",-74.3037,17.9592,2376
"2026-09-09 18:00:00","2026-09-10 09:00:00","CAPE","surface",-74.2798,17.9592,2376
"2026-09-09 18:00:00","2026-09-10 09:00:00","CAPE","surface",-74.2559,17.9592,2300
"2026-09-09 18:00:00","2026-09-10 09:00:00","CAPE","surface",-74.232,17.9592,2277
"2026-09-09 18:00:00","2026-09-10 09:00:00","CAPE","surface",-74.208,17.9592,2294
"2026-09-09 18:00:00","2026-09-10 09:00:00","CAPE","surface",-74.1841,17.9592,2244
"2026-09-09 18:00:00","2026-09-10 09:00:00","CAPE","surface",-74.1602,17.9592,2260
"2026-09-09 18:00:00","2026-09-10 09:00:00","CAPE","surface",-74.1363,17.9592,2225
"2026-09-09 18:00:00","2026-09-10 09:00:00","CAPE","surface",-74.1123,17.9592,2250
"2026-09-09 18:00:00","2026-09-10 09:00:00","CAPE","surface",-74.0884,17.9592,2297
"2026-09-09 18:00:00","2026-09-10 09:00:00","CAPE","surface",-74.0645,17.9592,2334
"2026-09-09 18:00:00","2026-09-10 09:00:00","CAPE","surface",-74.0406,17.9592,2339
"2026-09-09 18:00:00","2026-09-10 09:00:00","CAPE","surface",-74.0166,17.9592,2352
"2026-09-09 18:00:00","2026-09-10 09:00:00","CAPE","surface",-73.9927,17.9592,2322
"2026-09-09 18:00:00","2026-09-10 09:00:00","CAPE","surface",-73.9688,17.9592,2329
"2026-09-09 18:00:00","2026-09-10 09:00:00","CAPE","surface",-73.9449,17.9592,2275
"2026-09-09 18:00:00","2026-09-10 09:00:00","CAPE","surface",-73.9209,17.9592,2343
"2026-09-09 18:00:00","2026-09-10 09:00:00","CAPE","surface",-73.897,17.9592,2301
"2026-09-09 18:00:00","2026-09-10 09:00:00","CAPE","surface",-73.8731,17.9592,2301
"2026-09-09 18:00:00","2026-09-10 09:00:00","CAPE","surface",-73.8492,17.9592,2321
"2026-09-09 18:00:00","2026-09-10 09:00:00","CAPE","surface",-73.8252,17.9592,2329
"2026-09-09 18:00:00","2026-09-10 09:00:00","CAPE","surface",-73.8013,17.9592,2384
"2026-09-09 18:00:00","2026-09-10 09:00:00","CAPE","surface",-73.7774,17.9592,2263
"2026-09-09 18:00:00","2026-09-10 09:00:00","CAPE","surface",-73.7535,17.9592,2280
"2026-09-09 18:00:00","2026-09-10 09:00:00","CAPE","surface",-73.7295,17.9592,2280
"2026-09-09 18:00:00","2026-09-10 09:00:00","CAPE","surface",-73.7056,17.9592,2271
"2026-09-09 18:00:00","2026-09-10 09:00:00","CAPE","surface",-73.6817,17.9592,2258
"2026-09-09 18:00:00","2026-09-10 09:00:00","CAPE","surface",-73.6578,17.9592,2276
"2026-09-09 18:00:00","2026-09-10 09:00:00","CAPE","surface",-73.6338,17.9592,2326
"2026-09-09 18:00:00","2026-09-10 09:00:00","CAPE","surface",-73.6099,17.9592,2361
"2026-09-09 18:00:00","2026-09-10 09:00:00","CAPE","surface",-73.586,17.9592,2380
"2026-09-09 18:00:00","2026-09-10 09:00:00","CAPE","surface",-73.5621,17.9592,2393
"2026-09-09 18:00:00","2026-09-10 09:00:00","CAPE","surface",-73.5381,17.9592,2443
"2026-09-09 18:00:00","2026-09-10 09:00:00","CAPE","surface",-73.5142,17.9592,2453
"2026-09-09 18:00:00","2026-09-10 09:00:00","CAPE","surface",-73.4903,17.9592,2519
"2026-09-09 18:00:00","2026-09-10 09:00:00","CAPE","surface",-73.4664,17.9592,2519
"2026-09-09 18:00:00","2026-09-10 09:00:00","CAPE","surface",-73.4424,17.9592,2543
"2026-09-09 18:00:00","2026-09-10 09:00:00","CAPE","surface",-73.4185,17.9592,2542
"2026-09-09 18:00:00","2026-09-10 09:00:00","CAPE","surface",-73.3946,17.9592,2559
"2026-09-09 18:00:00","2026-09-10 09:00:00","CAPE","surface",-73.3707,17.9592,2538
"2026-09-09 18:00:00","2026-09-10 09:00:00","CAPE","surface",-73.3467,17.9592,2562
"2026-09-09 18:00:00","2026-09-10 09:00:00","CAPE","surface",-73.3228,17.9592,2562
"2026-09-09 18:00:00","2026-09-10 09:00:00","CAPE","surface",-73.2989,17.9592,2592
"2026-09-09 18:00:00","2026-09-10 09:00:00","CAPE","surface",-73.275,17.9592,2531
"2026-09-09 18:00:00","2026-09-10 09:00:00","CAPE","surface",-73.251,17.9592,2534
"2026-09-09 18:00:00","2026-09-10 09:00:00","CAPE","surface",-73.2271,17.9592,2519
"2026-09-09 18:00:00","2026-09-10 09:00:00","CAPE","surface",-73.2032,17.9592,2555
"2026-09-09 18:00:00","2026-09-10 09:00:00","CAPE","surface",-73.1793,17.9592,2555
"2026-09-09 18:00:00","2026-09-10 09:00:00","CAPE","surface",-73.1553,17.9592,2574
"2026-09-09 18:00:00","2026-09-10 09:00:00","CAPE","surface",-73.1314,17.9592,2500
"2026-09-09 18:00:00","2026-09-10 09:00:00","CAPE","surface",-73.1075,17.9592,2504
"2026-09-09 18:00:00","2026-09-10 09:00:00","CAPE","surface",-73.0836,17.9592,2362
"2026-09-09 18:00:00","2026-09-10 09:00:00","CAPE","surface",-73.0596,17.9592,2362
"2026-09-09 18:00:00","2026-09-10 09:00:00","CAPE","surface",-73.0357,17.9592,2359
"2026-09-09 18:00:00","2026-09-10 09:00:00","CAPE","surface",-73.0118,17.9592,2384
"2026-09-09 18:00:00","2026-09-10 09:00:00","CAPE","surface",-72.9879,17.9592,2396
"2026-09-09 18:00:00","2026-09-10 09:00:00","CAPE","surface",-72.9639,17.9592,2378
"2026-09-09 18:00:00","2026-09-10 09:00:00","CAPE","surface",-72.94,17.9592,2381
"2026-09-09 18:00:00","2026-09-10 09:00:00","CAPE","surface",-72.9161,17.9592,2332
"2026-09-09 18:00:00","2026-09-10 09:00:00","CAPE","surface",-72.8922,17.9592,2332
"2026-09-09 18:00:00","2026-09-10 09:00:00","CAPE","surface",-72.8682,17.9592,2295
"2026-09-09 18:00:00","2026-09-10 09:00:00","CAPE","surface",-72.8443,17.9592,2268
"2026-09-09 18:00:00","2026-09-10 09:00:00","CAPE","surface",-72.8204,17.9592,2155
"2026-09-09 18:00:00","2026-09-10 09:00:00","CAPE","surface",-72.7965,17.9592,2260
"2026-09-09 18:00:00","2026-09-10 09:00:00","CAPE","surface",-72.7725,17.9592,2168
"2026-09-09 18:00:00","2026-09-10 09:00:00","CAPE","surface",-72.7486,17.9592,2152
"2026-09-09 18:00:00","2026-09-10 09:00:00","CAPE","surface",-72.7247,17.9592,2128
"2026-09-09 18:00:00","2026-09-10 09:00:00","CAPE","surface",-72.7008,17.9592,2056
"2026-09-09 18:00:00","2026-09-10 09:00:00","CAPE","surface",-72.6768,17.9592,2101
"2026-09-09 18:00:00","2026-09-10 09:00:00","CAPE","surface",-72.6529,17.9592,2051
"2026-09-09 18:00:00","2026-09-10 09:00:00","CAPE","surface",-72.629,17.9592,2038
"2026-09-09 18:00:00","2026-09-10 09:00:00","CAPE","surface",-72.6051,17.9592,2051
"2026-09-09 18:00:00","2026-09-10 09:00:00","CAPE","surface",-72.5811,17.9592,2045
"2026-09-09 18:00:00","2026-09-10 09:00:00","CAPE","surface",-72.5572,17.9592,2114
"2026-09-09 18:00:00","2026-09-10 09:00:00","CAPE","surface",-72.5333,17.9592,2035
"2026-09-09 18:00:00","2026-09-10 09:00:00","CAPE","surface",-72.5094,17.9592,2101
"2026-09-09 18:00:00","2026-09-10 09:00:00","CAPE","surface",-72.4854,17.9592,2071
"2026-09-09 18:00:00","2026-09-10 09:00:00","CAPE","surface",-72.4615,17.9592,2104
"2026-09-09 18:00:00","2026-09-10 09:00:00","CAPE","surface",-72.4376,17.9592,2030
"2026-09-09 18:00:00","2026-09-10 09:00:00","CAPE","surface",-72.4137,17.9592,2030
"2026-09-09 18:00:00","2026-09-10 09:00:00","CAPE","surface",-72.3897,17.9592,1959
"2026-09-09 18:00:00","2026-09-10 09:00:00","CAPE","surface",-72.3658,17.9592,1946
"2026-09-09 18:00:00","2026-09-10 09:00:00","CAPE","surface",-72.3419,17.9592,1850
"2026-09-09 18:00:00","2026-09-10 09:00:00","CAPE","surface",-72.318,17.9592,1784
"2026-09-09 18:00:00","2026-09-10 09:00:00","CAPE","surface",-72.294,17.9592,1784
"2026-09-09 18:00:00","2026-09-10 09:00:00","CAPE","surface",-72.2701,17.9592,1724
"2026-09-09 18:00:00","2026-09-10 09:00:00","CAPE","surface",-72.2462,17.9592,1708
"2026-09-09 18:00:00","2026-09-10 09:00:00","CAPE","surface",-72.2223,17.9592,1680
"2026-09-09 18:00:00","2026-09-10 09:00:00","CAPE","surface",-72.1983,17.9592,1673
"2026-09-09 18:00:00","2026-09-10 09:00:00","CAPE","surface",-72.1744,17.9592,1698
"2026-09-09 18:00:00","2026-09-10 09:00:00","CAPE","surface",-72.1505,17.9592,1673
"2026-09-09 18:00:00","2026-09-10 09:00:00","CAPE","surface",-72.1266,17.9592,1731
"2026-09-09 18:00:00","2026-09-10 09:00:00","CAPE","surface",-72.1026,17.9592,1643
"2026-09-09 18:00:00","2026-09-10 09:00:00","CAPE","surface",-72.0787,17.9592,1765
"2026-09-09 18:00:00","2026-09-10 09:00:00","CAPE","surface",-72.0548,17.9592,1671
"2026-09-09 18:00:00","2026-09-10 09:00:00","CAPE","surface",-72.0309,17.9592,1950
"2026-09-09 18:00:00","2026-09-10 09:00:00","CAPE","surface",-72.0069,17.9592,2079
"2026-09-09 18:00:00","2026-09-10 09:00:00","CAPE","surface",-71.983,17.9592,1977
"2026-09-09 18:00:00","2026-09-10 09:00:00","CAPE","surface",-71.9591,17.9592,2207
"2026-09-09 18:00:00","2026-09-10 09:00:00","CAPE","surface",-71.9352,17.9592,1904
"2026-09-09 18:00:00","2026-09-10 09:00:00","CAPE","surface",-71.9112,17.9592,2366
"2026-09-09 18:00:00","2026-09-10 09:00:00","CAPE","surface",-71.8873,17.9592,2177
"2026-09-09 18:00:00","2026-09-10 09:00:00","CAPE","surface",-71.8634,17.9592,2203
"2026-09-09 18:00:00","2026-09-10 09:00:00","CAPE","surface",-71.8395,17.9592,1820
"2026-09-09 18:00:00","2026-09-10 09:00:00","CAPE","surface",-71.8155,17.9592,1762
"2026-09-09 18:00:00","2026-09-10 09:00:00","CAPE","surface",-71.7916,17.9592,1762
"2026-09-09 18:00:00","2026-09-10 09:00:00","CAPE","surface",-71.7677,17.9592,1664
"2026-09-09 18:00:00","2026-09-10 09:00:00","CAPE","surface",-71.7438,17.9592,1338
"2026-09-09 18:00:00","2026-09-10 09:00:00","CAPE","surface",-71.7198,17.9592,1139
"2026-09-09 18:00:00","2026-09-10 09:00:00","CAPE","surface",-71.6959,17.9592,1026
"2026-09-09 18:00:00","2026-09-10 09:00:00","CAPE","surface",-71.672,17.9592,1026
"2026-09-09 18:00:00","2026-09-10 09:00:00","CAPE","surface",-71.6481,17.9592,564
"2026-09-09 18:00:00","2026-09-10 09:00:00","CAPE","surface",-71.6241,17.9592,392
"2026-09-09 18:00:00","2026-09-10 09:00:00","CAPE","surface",-71.6002,17.9592,373
"2026-09-09 18:00:00","2026-09-10 09:00:00","CAPE","surface",-71.5763,17.9592,576
"2026-09-09 18:00:00","2026-09-10 09:00:00","CAPE","surface",-71.5524,17.9592,519
"2026-09-09 18:00:00","2026-09-10 09:00:00","CAPE","surface",-71.5284,17.9592,715
"2026-09-09 18:00:00","2026-09-10 09:00:00","CAPE","surface",-71.5045,17.9592,828
"2026-09-09 18:00:00","2026-09-10 09:00:00","CAPE","surface",-71.4806,17.9592,933
"2026-09-09 18:00:00","2026-09-10 09:00:00","CAPE","surface",-71.4567,17.9592,970
"2026-09-09 18:00:00","2026-09-10 09:00:00","CAPE","surface",-71.4327,17.9592,970
"2026-09-09 18:00:00","2026-09-10 09:00:00","CAPE","surface",-71.4088,17.9592,981
"2026-09-09 18:00:00","2026-09-10 09:00:00","CAPE","surface",-71.3849,17.9592,982
"2026-09-09 18:00:00","2026-09-10 09:00:00","CAPE","surface",-71.361,17.9592,1015
"2026-09-09 18:00:00","2026-09-10 09:00:00","CAPE","surface",-71.337,17.9592,1016
"2026-09-09 18:00:00","2026-09-10 09:00:00","CAPE","surface",-71.3131,17.9592,1016
"2026-09-09 18:00:00","2026-09-10 09:00:00","CAPE","surface",-71.2892,17.9592,1098
"2026-09-09 18:00:00","2026-09-10 09:00:00","CAPE","surface",-71.2653,17.9592,1212
"2026-09-09 18:00:00","2026-09-10 09:00:00","CAPE","surface",-71.2413,17.9592,1391
"2026-09-09 18:00:00","2026-09-10 09:00:00","CAPE","surface",-71.2174,17.9592,1537
"2026-09-09 18:00:00","2026-09-10 09:00:00","CAPE","surface",-71.1935,17.9592,1560
"2026-09-09 18:00:00","2026-09-10 09:00:00","CAPE","surface",-71.1696,17.9592,1840
"2026-09-09 18:00:00","2026-09-10 09:00:00","CAPE","surface",-71.1456,17.9592,1941
"2026-09-09 18:00:00","2026-09-10 09:00:00","CAPE","surface",-71.1217,17.9592,1935
"2026-09-09 18:00:00","2026-09-10 09:00:00","CAPE","surface",-71.0978,17.9592,2017
"2026-09-09 18:00:00","2026-09-10 09:00:00","CAPE","surface",-71.0739,17.9592,1961
"2026-09-09 18:00:00","2026-09-10 09:00:00","CAPE","surface",-71.0499,17.9592,2068
"2026-09-09 18:00:00","2026-09-10 09:00:00","CAPE","surface",-71.026,17.9592,2081
"2026-09-09 18:00:00","2026-09-10 09:00:00","CAPE","surface",-71.0021,17.9592,2160
"2026-09-09 18:00:00","2026-09-10 09:00:00","CAPE","surface",-70.9782,17.9592,2130
"2026-09-09 18:00:00","2026-09-10 09:00:00","CAPE","surface",-70.9542,17.9592,2130
"2026-09-09 18:00:00","2026-09-10 09:00:00","CAPE","surface",-70.9303,17.9592,2102
"2026-09-09 18:00:00","2026-09-10 09:00:00","CAPE","surface",-70.9064,17.9592,2121
"2026-09-09 18:00:00","2026-09-10 09:00:00","CAPE","surface",-70.8825,17.9592,2105
"2026-09-09 18:00:00","2026-09-10 09:00:00","CAPE","surface",-70.8585,17.9592,2084
"2026-09-09 18:00:00","2026-09-10 09:00:00","CAPE","surface",-70.8346,17.9592,2084
"2026-09-09 18:00:00","2026-09-10 09:00:00","CAPE","surface",-70.8107,17.9592,2058
"2026-09-09 18:00:00","2026-09-10 09:00:00","CAPE","surface",-70.7868,17.9592,2064
"2026-09-09 18:00:00","2026-09-10 09:00:00","CAPE","surface",-70.7628,17.9592,2043
"2026-09-09 18:00:00","2026-09-10 09:00:00","CAPE","surface",-70.7389,17.9592,2065
"2026-09-09 18:00:00","2026-09-10 09:00:00","CAPE","surface",-70.715,17.9592,2020
"2026-09-09 18:00:00","2026-09-10 09:00:00","CAPE","surface",-70.6911,17.9592,2051
"2026-09-09 18:00:00","2026-09-10 09:00:00","CAPE","surface",-70.6671,17.9592,2058
"2026-09-09 18:00:00","2026-09-10 09:00:00","CAPE","surface",-70.6432,17.9592,2099
"2026-09-09 18:00:00","2026-09-10 09:00:00","CAPE","surface",-70.6193,17.9592,2118
"2026-09-09 18:00:00","2026-09-10 09:00:00","CAPE","surface",-70.5954,17.9592,2103
"2026-09-09 18:00:00","2026-09-10 09:00:00","CAPE","surface",-70.5714,17.9592,2177
"2026-09-09 18:00:00","2026-09-10 09:00:00","CAPE","surface",-70.5475,17.9592,2210
"2026-09-09 18:00:00","2026-09-10 09:00:00","CAPE","surface",-70.5236,17.9592,2391
"2026-09-09 18:00:00","2026-09-10 09:00:00","CAPE","surface",-70.4997,17.9592,2264
"2026-09-09 18:00:00","2026-09-10 09:00:00","CAPE","surface",-70.4757,17.9592,2472
"2026-09-09 18:00:00","2026-09-10 09:00:00","CAPE","surface",-70.4518,17.9592,2553
"2026-09-09 18:00:00","2026-09-10 09:00:00","CAPE","surface",-70.4279,17.9592,2686
"2026-09-09 18:00:00","2026-09-10 09:00:00","CAPE","surface",-70.404,17.9592,2703
"2026-09-09 18:00:00","2026-09-10 09:00:00","CAPE","surface",-70.38,17.9592,2703
"2026-09-09 18:00:00","2026-09-10 09:00:00","CAPE","surface",-70.3561,17.9592,2728
"2026-09-09 18:00:00","2026-09-10 09:00:00","CAPE","surface",-70.3322,17.9592,2728
"2026-09-09 18:00:00","2026-09-10 09:00:00","CAPE","surface",-70.3083,17.9592,2656
"2026-09-09 18:00:00","2026-09-10 09:00:00","CAPE","surface",-70.2843,17.9592,2689
"2026-09-09 18:00:00","2026-09-10 09:00:00","CAPE","surface",-70.2604,17.9592,2689
"2026-09-09 18:00:00","2026-09-10 09:00:00","CAPE","surface",-70.2365,17.9592,2746
"2026-09-09 18:00:00","2026-09-10 09:00:00","CAPE","surface",-70.2126,17.9592,2719
"2026-09-09 18:00:00","2026-09-10 09:00:00","CAPE","surface",-70.1886,17.9592,2819
"2026-09-09 18:00:00","2026-09-10 09:00:00","CAPE","surface",-70.1647,17.9592,2819
"2026-09-09 18:00:00","2026-09-10 09:00:00","CAPE","surface",-70.1408,17.9592,2877
"2026-09-09 18:00:00","2026-09-10 09:00:00","CAPE","surface",-70.1169,17.9592,2926
"2026-09-09 18:00:00","2026-09-10 09:00:00","CAPE","surface",-70.0929,17.9592,2968
"2026-09-09 18:00:00","2026-09-10 09:00:00","CAPE","surface",-70.069,17.9592,3002
"2026-09-09 18:00:00","2026-09-10 09:00:00","CAPE","surface",-70.0451,17.9592,3002
"2026-09-09 18:00:00","2026-09-10 09:00:00","CAPE","surface",-70.0212,17.9592,3041
"2026-09-09 18:00:00","2026-09-10 09:00:00","CAPE","surface",-69.9972,17.9592,3101
"2026-09-09 18:00:00","2026-09-10 09:00:00","CAPE","surface",-69.9733,17.9592,3083
"2026-09-09 18:00:00","2026-09-10 09:00:00","CAPE","surface",-69.9494,17.9592,3182
"2026-09-09 18:00:00","2026-09-10 09:00:00","CAPE","surface",-69.9255,17.9592,3175
"2026-09-09 18:00:00","2026-09-10 09:00:00","CAPE","surface",-69.9015,17.9592,3246
"2026-09-09 18:00:00","2026-09-10 09:00:00","CAPE","surface",-69.8776,17.9592,3241
"2026-09-09 18:00:00","2026-09-10 09:00:00","CAPE","surface",-69.8537,17.9592,3255
"2026-09-09 18:00:00","2026-09-10 09:00:00","CAPE","surface",-69.8298,17.9592,3029
"2026-09-09 18:00:00","2026-09-10 09:00:00","CAPE","surface",-69.8058,17.9592,3158
"2026-09-09 18:00:00","2026-09-10 09:00:00","CAPE","surface",-69.7819,17.9592,2892
"2026-09-09 18:00:00","2026-09-10 09:00:00","CAPE","surface",-69.758,17.9592,2829
"2026-09-09 18:00:00","2026-09-10 09:00:00","CAPE","surface",-69.7341,17.9592,2736
"2026-09-09 18:00:00","2026-09-10 09:00:00","CAPE","surface",-69.7101,17.9592,2876
"2026-09-09 18:00:00","2026-09-10 09:00:00","CAPE","surface",-69.6862,17.9592,2850
"2026-09-09 18:00:00","2026-09-10 09:00:00","CAPE","surface",-69.6623,17.9592,2782
"2026-09-09 18:00:00","2026-09-10 09:00:00","CAPE","surface",-69.6384,17.9592,2749
"2026-09-09 18:00:00","2026-09-10 09:00:00","CAPE","surface",-69.6144,17.9592,2738
"2026-09-09 18:00:00","2026-09-10 09:00:00","CAPE","surface",-69.5905,17.9592,2745
"2026-09-09 18:00:00","2026-09-10 09:00:00","CAPE","surface",-69.5666,17.9592,2711
"2026-09-09 18:00:00","2026-09-10 09:00:00","CAPE","surface",-69.5427,17.9592,2724
"2026-09-09 18:00:00","2026-09-10 09:00:00","CAPE","surface",-69.5187,17.9592,2670
"2026-09-09 18:00:00","2026-09-10 09:00:00","CAPE","surface",-69.4948,17.9592,2672
"2026-09-09 18:00:00","2026-09-10 09:00:00","CAPE","surface",-69.4709,17.9592,2618
"2026-09-09 18:00:00","2026-09-10 09:00:00","CAPE","surface",-69.447,17.9592,2682
"2026-09-09 18:00:00","2026-09-10 09:00:00","CAPE","surface",-69.423,17.9592,2603
"2026-09-09 18:00:00","2026-09-10 09:00:00","CAPE","surface",-69.3991,17.9592,2732
"2026-09-09 18:00:00","2026-09-10 09:00:00","CAPE","surface",-69.3752,17.9592,2556
"2026-09-09 18:00:00","2026-09-10 09:00:00","CAPE","surface",-69.3513,17.9592,2637
"2026-09-09 18:00:00","2026-09-10 09:00:00","CAPE","surface",-69.3273,17.9592,2529
"2026-09-09 18:00:00","2026-09-10 09:00:00","CAPE","surface",-69.3034,17.9592,2316
"2026-09-09 18:00:00","2026-09-10 09:00:00","CAPE","surface",-69.2795,17.9592,2106
"2026-09-09 18:00:00","2026-09-10 09:00:00","CAPE","surface",-69.2556,17.9592,2112
"2026-09-09 18:00:00","2026-09-10 09:00:00","CAPE","surface",-69.2316,17.9592,2099
"2026-09-09 18:00:00","2026-09-10 09:00:00","CAPE","surface",-69.2077,17.9592,2148
"2026-09-09 18:00:00","2026-09-10 09:00:00","CAPE","surface",-69.1838,17.9592,2197
"2026-09-09 18:00:00","2026-09-10 09:00:00","CAPE","surface",-69.1599,17.9592,2193
"2026-09-09 18:00:00","2026-09-10 09:00:00","CAPE","surface",-69.1359,17.9592,2292
"2026-09-09 18:00:00","2026-09-10 09:00:00","CAPE","surface",-69.112,17.9592,2417
"2026-09-09 18:00:00","2026-09-10 09:00:00","CAPE","surface",-69.0881,17.9592,2429
"2026-09-09 18:00:00","2026-09-10 09:00:00","CAPE","surface",-69.0642,17.9592,2502
"2026-09-09 18:00:00","2026-09-10 09:00:00","CAPE","surface",-69.0402,17.9592,2467
"2026-09-09 18:00:00","2026-09-10 09:00:00","CAPE","surface",-69.0163,17.9592,2474
"2026-09-09 18:00:00","2026-09-10 09:00:00","CAPE","surface",-68.9924,17.9592,2472
"2026-09-09 18:00:00","2026-09-10 09:00:00","CAPE","surface",-68.9685,17.9592,2536
"2026-09-09 18:00:00","2026-09-10 09:00:00","CAPE","surface",-68.9445,17.9592,2514
"2026-09-09 18:00:00","2026-09-10 09:00:00","CAPE","surface",-68.9206,17.9592,2558
"2026-09-09 18:00:00","2026-09-10 09:00:00","CAPE","surface",-68.8967,17.9592,2592
"2026-09-09 18:00:00","2026-09-10 09:00:00","CAPE","surface",-68.8728,17.9592,2633
"2026-09-09 18:00:00","2026-09-10 09:00:00","CAPE","surface",-68.8488,17.9592,2667
"2026-09-09 18:00:00","2026-09-10 09:00:00","CAPE","surface",-68.8249,17.9592,2687
"2026-09-09 18:00:00","2026-09-10 09:00:00","CAPE","surface",-68.801,17.9592,2729
"2026-09-09 18:00:00","2026-09-10 09:00:00","CAPE","surface",-68.7771,17.9592,2742
"2026-09-09 18:00:00","2026-09-10 09:00:00","CAPE","surface",-68.7531,17.9592,2823
"2026-09-09 18:00:00","2026-09-10 09:00:00","CAPE","surface",-68.7292,17.9592,2746
"2026-09-09 18:00:00","2026-09-10 09:00:00","CAPE","surface",-68.7053,17.9592,2803
"2026-09-09 18:00:00","2026-09-10 09:00:00","CAPE","surface",-68.6813,17.9592,2626
"2026-09-09 18:00:00","2026-09-10 09:00:00","CAPE","surface",-68.6574,17.9592,2489
"2026-09-09 18:00:00","2026-09-10 09:00:00","CAPE","surface",-68.6335,17.9592,2489
"2026-09-09 18:00:00","2026-09-10 09:00:00","CAPE","surface",-68.6096,17.9592,2504
"2026-09-09 18:00:00","2026-09-10 09:00:00","CAPE","surface",-68.5856,17.9592,2577
"2026-09-09 18:00:00","2026-09-10 09:00:00","CAPE","surface",-68.5617,17.9592,2706
"2026-09-09 18:00:00","2026-09-10 09:00:00","CAPE","surface",-68.5378,17.9592,2681
"2026-09-09 18:00:00","2026-09-10 09:00:00","CAPE","surface",-68.5139,17.9592,2854
"2026-09-09 18:00:00","2026-09-10 09:00:00","CAPE","surface",-68.4899,17.9592,2893
"2026-09-09 18:00:00","2026-09-10 09:00:00","CAPE","surface",-68.466,17.9592,2709
"2026-09-09 18:00:00","2026-09-10 09:00:00","CAPE","surface",-68.4421,17.9592,2613
"2026-09-09 18:00:00","2026-09-10 09:00:00","CAPE","surface",-68.4182,17.9592,2613
"2026-09-09 18:00:00","2026-09-10 09:00:00","CAPE","surface",-68.3942,17.9592,2643
"2026-09-09 18:00:00","2026-09-10 09:00:00","CAPE","surface",-68.3703,17.9592,2498
"2026-09-09 18:00:00","2026-09-10 09:00:00","CAPE","surface",-68.3464,17.9592,2592
"2026-09-09 18:00:00","2026-09-10 09:00:00","CAPE","surface",-68.3225,17.9592,2528
"2026-09-09 18:00:00","2026-09-10 09:00:00","CAPE","surface",-68.2985,17.9592,2585
"2026-09-09 18:00:00","2026-09-10 09:00:00","CAPE","surface",-68.2746,17.9592,2378
"2026-09-09 18:00:00","2026-09-10 09:00:00","CAPE","surface",-68.2507,17.9592,2199
"2026-09-09 18:00:00","2026-09-10 09:00:00","CAPE","surface",-68.2268,17.9592,2005
"2026-09-09 18:00:00","2026-09-10 09:00:00","CAPE","surface",-68.2028,17.9592,2005
"2026-09-09 18:00:00","2026-09-10 09:00:00","CAPE","surface",-68.1789,17.9592,1924
"2026-09-09 18:00:00","2026-09-10 09:00:00","CAPE","surface",-68.155,17.9592,1896
"2026-09-09 18:00:00","2026-09-10 09:00:00","CAPE","surface",-68.1311,17.9592,1954
"2026-09-09 18:00:00","2026-09-10 09:00:00","CAPE","surface",-68.1071,17.9592,2078
"2026-09-09 18:00:00","2026-09-10 09:00:00","CAPE","surface",-68.0832,17.9592,2151
"2026-09-09 18:00:00","2026-09-10 09:00:00","CAPE","surface",-68.0593,17.9592,2372
"2026-09-09 18:00:00","2026-09-10 09:00:00","CAPE","surface",-68.0354,17.9592,2481
"2026-09-09 18:00:00","2026-09-10 09:00:00","CAPE","surface",-68.0114,17.9592,2738
"2026-09-09 18:00:00","2026-09-10 09:00:00","CAPE","surface",-67.9875,17.9592,2738
"2026-09-09 18:00:00","2026-09-10 09:00:00","CAPE","surface",-67.9636,17.9592,2806
"2026-09-09 18:00:00","2026-09-10 09:00:00","CAPE","surface",-67.9397,17.9592,2508
"2026-09-09 18:00:00","2026-09-10 09:00:00","CAPE","surface",-67.9157,17.9592,2484
"2026-09-09 18:00:00","2026-09-10 09:00:00","CAPE","surface",-67.8918,17.9592,2194
"2026-09-09 18:00:00","2026-09-10 09:00:00","CAPE","surface",-67.8679,17.9592,2175
"2026-09-09 18:00:00","2026-09-10 09:00:00","CAPE","surface",-67.844,17.9592,1983
"2026-09-09 18:00:00","2026-09-10 09:00:00","CAPE","surface",-67.82,17.9592,2021
"2026-09-09 18:00:00","2026-09-10 09:00:00","CAPE","surface",-67.7961,17.9592,1888
"2026-09-09 18:00:00","2026-09-10 09:00:00","CAPE","surface",-67.7722,17.9592,1982
"2026-09-09 18:00:00","2026-09-10 09:00:00","CAPE","surface",-67.7483,17.9592,2092
"2026-09-09 18:00:00","2026-09-10 09:00:00","CAPE","surface",-67.7243,17.9592,2190
"2026-09-09 18:00:00","2026-09-10 09:00:00","CAPE","surface",-67.7004,17.9592,2190
"2026-09-09 18:00:00","2026-09-10 09:00:00","CAPE","surface",-67.6765,17.9592,2309
"2026-09-09 18:00:00","2026-09-10 09:00:00","CAPE","surface",-67.6526,17.9592,2430
"2026-09-09 18:00:00","2026-09-10 09:00:00","CAPE","surface",-67.6286,17.9592,2656
"2026-09-09 18:00:00","2026-09-10 09:00:00","CAPE","surface",-67.6047,17.9592,2863
"2026-09-09 18:00:00","2026-09-10 09:00:00","CAPE","surface",-67.5808,17.9592,2863
"2026-09-09 18:00:00","2026-09-10 09:00:00","CAPE","surface",-67.5569,17.9592,2977
"2026-09-09 18:00:00","2026-09-10 09:00:00","CAPE","surface",-67.5329,17.9592,3077
"2026-09-09 18:00:00","2026-09-10 09:00:00","CAPE","surface",-67.509,17.9592,3097
"2026-09-09 18:00:00","2026-09-10 09:00:00","CAPE","surface",-67.4851,17.9592,3097
"2026-09-09 18:00:00","2026-09-10 09:00:00","CAPE","surface",-67.4612,17.9592,3037
"2026-09-09 18:00:00","2026-09-10 09:00:00","CAPE","surface",-67.4372,17.9592,2872
"2026-09-09 18:00:00","2026-09-10 09:00:00","CAPE","surface",-67.4133,17.9592,3129
"2026-09-09 18:00:00","2026-09-10 09:00:00","CAPE","surface",-67.3894,17.9592,2669
"2026-09-09 18:00:00","2026-09-10 09:00:00","CAPE","surface",-67.3655,17.9592,3002
"2026-09-09 18:00:00","2026-09-10 09:00:00","CAPE","surface",-67.3415,17.9592,2794
"2026-09-09 18:00:00","2026-09-10 09:00:00","CAPE","surface",-67.3176,17.9592,3018
"2026-09-09 18:00:00","2026-09-10 09:00:00","CAPE","surface",-67.2937,17.9592,2413
"2026-09-09 18:00:00","2026-09-10 09:00:00","CAPE","surface",-67.2698,17.9592,1957
"2026-09-09 18:00:00","2026-09-10 09:00:00","CAPE","surface",-67.2458,17.9592,2036
"2026-09-09 18:00:00","2026-09-10 09:00:00","CAPE","surface",-67.2219,17.9592,1737
"2026-09-09 18:00:00","2026-09-10 09:00:00","CAPE","surface",-67.198,17.9592,1737
"2026-09-09 18:00:00","2026-09-10 09:00:00","CAPE","surface",-67.1741,17.9592,1463
"2026-09-09 18:00:00","2026-09-10 09:00:00","CAPE","surface",-67.1501,17.9592,1786
"2026-09-09 18:00:00","2026-09-10 09:00:00","CAPE","surface",-67.1262,17.9592,1364
"2026-09-09 18:00:00","2026-09-10 09:00:00","CAPE","surface",-67.1023,17.9592,829
"2026-09-09 18:00:00","2026-09-10 09:00:00","CAPE","surface",-67.0784,17.9592,1055
"2026-09-09 18:00:00","2026-09-10 09:00:00","CAPE","surface",-67.0544,17.9592,769
"2026-09-09 18:00:00","2026-09-10 09:00:00","CAPE","surface",-67.0305,17.9592,952
"2026-09-09 18:00:00","2026-09-10 09:00:00","CAPE","surface",-67.0066,17.9592,676
"2026-09-09 18:00:00","2026-09-10 09:00:00","CAPE","surface",-74.7822,17.9819,2239
"2026-09-09 18:00:00","2026-09-10 09:00:00","CAPE","surface",-74.7583,17.9819,2106
"2026-09-09 18:00:00","2026-09-10 09:00:00","CAPE","surface",-74.7344,17.9819,1938
"2026-09-09 18:00:00","2026-09-10 09:00:00","CAPE","surface",-74.7105,17.9819,1916
"2026-09-09 18:00:00","2026-09-10 09:00:00","CAPE","surface",-74.6865,17.9819,1926
"2026-09-09 18:00:00","2026-09-10 09:00:00","CAPE","surface",-74.6626,17.9819,2018
"2026-09-09 18:00:00","2026-09-10 09:00:00","CAPE","surface",-74.6387,17.9819,2095
"2026-09-09 18:00:00","2026-09-10 09:00:00","CAPE","surface",-74.6148,17.9819,2161
"2026-09-09 18:00:00","2026-09-10 09:00:00","CAPE","surface",-74.5908,17.9819,2132
"2026-09-09 18:00:00","2026-09-10 09:00:00","CAPE","surface",-74.5669,17.9819,2124
"2026-09-09 18:00:00","2026-09-10 09:00:00","CAPE","surface",-74.543,17.9819,2149
"2026-09-09 18:00:00","2026-09-10 09:00:00","CAPE","surface",-74.5191,17.9819,2149
"2026-09-09 18:00:00","2026-09-10 09:00:00","CAPE","surface",-74.4951,17.9819,2277
"2026-09-09 18:00:00","2026-09-10 09:00:00","CAPE","surface",-74.4712,17.9819,2345
"2026-09-09 18:00:00","2026-09-10 09:00:00","CAPE","surface",-74.4473,17.9819,2379
"2026-09-09 18:00:00","2026-09-10 09:00:00","CAPE","surface",-74.4234,17.9819,2315
"2026-09-09 18:00:00","2026-09-10 09:00:00","CAPE","surface",-74.3994,17.9819,2217
"2026-09-09 18:00:00","2026-09-10 09:00:00","CAPE","surface",-74.3755,17.9819,2217
"2026-09-09 18:00:00","2026-09-10 09:00:00","CAPE","surface",-74.3516,17.9819,2227
"2026-09-09 18:00:00","2026-09-10 09:00:00","CAPE","surface",-74.3277,17.9819,2273
"2026-09-09 18:00:00","2026-09-10 09:00:00","CAPE","surface",-74.3037,17.9819,2288
"2026-09-09 18:00:00","2026-09-10 09:00:00","CAPE","surface",-74.2798,17.9819,2296
"2026-09-09 18:00:00","2026-09-10 09:00:00","CAPE","surface",-74.2559,17.9819,2272
"2026-09-09 18:00:00","2026-09-10 09:00:00","CAPE","surface",-74.232,17.9819,2272
"2026-09-09 18:00:00","2026-09-10 09:00:00","CAPE","surface",-74.208,17.9819,2251
"2026-09-09 18:00:00","2026-09-10 09:00:00","CAPE","surface",-74.1841,17.9819,2240
"2026-09-09 18:00:00","2026-09-10 09:00:00","CAPE","surface",-74.1602,17.9819,2219
"2026-09-09 18:00:00","2026-09-10 09:00:00","CAPE","surface",-74.1363,17.9819,2225
"2026-09-09 18:00:00","2026-09-10 09:00:00","CAPE","surface",-74.1123,17.9819,2255
"2026-09-09 18:00:00","2026-09-10 09:00:00","CAPE","surface",-74.0884,17.9819,2255
"2026-09-09 18:00:00","2026-09-10 09:00:00","CAPE","surface",-74.0645,17.9819,2322
"2026-09-09 18:00:00","2026-09-10 09:00:00","CAPE","surface",-74.0406,17.9819,2339
"2026-09-09 18:00:00","2026-09-10 09:00:00","CAPE","surface",-74.0166,17.9819,2346
"2026-09-09 18:00:00","2026-09-10 09:00:00","CAPE","surface",-73.9927,17.9819,2322
"2026-09-09 18:00:00","2026-09-10 09:00:00","CAPE","surface",-73.9688,17.9819,2267
"2026-09-09 18:00:00","2026-09-10 09:00:00","CAPE","surface",-73.9449,17.9819,2267
"2026-09-09 18:00:00","2026-09-10 09:00:00","CAPE","surface",-73.9209,17.9819,2228
"2026-09-09 18:00:00","2026-09-10 09:00:00","CAPE","surface",-73.897,17.9819,2218
"2026-09-09 18:00:00","2026-09-10 09:00:00","CAPE","surface",-73.8731,17.9819,2264
"2026-09-09 18:00:00","2026-09-10 09:00:00","CAPE","surface",-73.8492,17.9819,2326
"2026-09-09 18:00:00","2026-09-10 09:00:00","CAPE","surface",-73.8252,17.9819,2378
"2026-09-09 18:00:00","2026-09-10 09:00:00","CAPE","surface",-73.8013,17.9819,2339
"2026-09-09 18:00:00","2026-09-10 09:00:00","CAPE","surface",-73.7774,17.9819,2426
"2026-09-09 18:00:00","2026-09-10 09:00:00","CAPE","surface",-73.7535,17.9819,2400
"2026-09-09 18:00:00","2026-09-10 09:00:00","CAPE","surface",-73.7295,17.9819,2333
"2026-09-09 18:00:00","2026-09-10 09:00:00","CAPE","surface",-73.7056,17.9819,2293
"2026-09-09 18:00:00","2026-09-10 09:00:00","CAPE","surface",-73.6817,17.9819,2293
"2026-09-09 18:00:00","2026-09-10 09:00:00","CAPE","surface",-73.6578,17.9819,2285
"2026-09-09 18:00:00","2026-09-10 09:00:00","CAPE","surface",-73.6338,17.9819,2284
"2026-09-09 18:00:00","2026-09-10 09:00:00","CAPE","surface",-73.6099,17.9819,2326
"2026-09-09 18:00:00","2026-09-10 09:00:00","CAPE","surface",-73.586,17.9819,2380
"2026-09-09 18:00:00","2026-09-10 09:00:00","CAPE","surface",-73.5621,17.9819,2411
"2026-09-09 18:00:00","2026-09-10 09:00:00","CAPE","surface",-73.5381,17.9819,2411
"2026-09-09 18:00:00","2026-09-10 09:00:00","CAPE","surface",-73.5142,17.9819,2465
"2026-09-09 18:00:00","2026-09-10 09:00:00","CAPE","surface",-73.4903,17.9819,2496
"2026-09-09 18:00:00","2026-09-10 09:00:00","CAPE","surface",-73.4664,17.9819,2545
"2026-09-09 18:00:00","2026-09-10 09:00:00","CAPE","surface",-73.4424,17.9819,2543
"2026-09-09 18:00:00","2026-09-10 09:00:00","CAPE","surface",-73.4185,17.9819,2568
"2026-09-09 18:00:00","2026-09-10 09:00:00","CAPE","surface",-73.3946,17.9819,2568
"2026-09-09 18:00:00","2026-09-10 09:00:00","CAPE","surface",-73.3707,17.9819,2607
"2026-09-09 18:00:00","2026-09-10 09:00:00","CAPE","surface",-73.3467,17.9819,2664
"2026-09-09 18:00:00","2026-09-10 09:00:00","CAPE","surface",-73.3228,17.9819,2645
"2026-09-09 18:00:00","2026-09-10 09:00:00","CAPE","surface",-73.2989,17.9819,2648
"2026-09-09 18:00:00","2026-09-10 09:00:00","CAPE","surface",-73.275,17.9819,2648
"2026-09-09 18:00:00","2026-09-10 09:00:00","CAPE","surface",-73.251,17.9819,2597
"2026-09-09 18:00:00","2026-09-10 09:00:00","CAPE","surface",-73.2271,17.9819,2564
"2026-09-09 18:00:00","2026-09-10 09:00:00","CAPE","surface",-73.2032,17.9819,2565
"2026-09-09 18:00:00","2026-09-10 09:00:00","CAPE","surface",-73.1793,17.9819,2567
"2026-09-09 18:00:00","2026-09-10 09:00:00","CAPE","surface",-73.1553,17.9819,2510
"2026-09-09 18:00:00","2026-09-10 09:00:00","CAPE","surface",-73.1314,17.9819,2510
"2026-09-09 18:00:00","2026-09-10 09:00:00","CAPE","surface",-73.1075,17.9819,2369
"2026-09-09 18:00:00","2026-09-10 09:00:00","CAPE","surface",-73.0836,17.9819,2353
"2026-09-09 18:00:00","2026-09-10 09:00:00","CAPE","surface",-73.0596,17.9819,2333
"2026-09-09 18:00:00","2026-09-10 09:00:00","CAPE","surface",-73.0357,17.9819,2359
"2026-09-09 18:00:00","2026-09-10 09:00:00","CAPE","surface",-73.0118,17.9819,2359
"2026-09-09 18:00:00","2026-09-10 09:00:00","CAPE","surface",-72.9879,17.9819,2387
"2026-09-09 18:00:00","2026-09-10 09:00:00","CAPE","surface",-72.9639,17.9819,2398
"2026-09-09 18:00:00","2026-09-10 09:00:00","CAPE","surface",-72.94,17.9819,2381
"2026-09-09 18:00:00","2026-09-10 09:00:00","CAPE","surface",-72.9161,17.9819,2355
"2026-09-09 18:00:00","2026-09-10 09:00:00","CAPE","surface",-72.8922,17.9819,2356
"2026-09-09 18:00:00","2026-09-10 09:00:00","CAPE","surface",-72.8682,17.9819,2356
"2026-09-09 18:00:00","2026-09-10 09:00:00","CAPE","surface",-72.8443,17.9819,2339
"2026-09-09 18:00:00","2026-09-10 09:00:00","CAPE","surface",-72.8204,17.9819,2321
"2026-09-09 18:00:00","2026-09-10 09:00:00","CAPE","surface",-72.7965,17.9819,2316
"2026-09-09 18:00:00","2026-09-10 09:00:00","CAPE","surface",-72.7725,17.9819,2261
"2026-09-09 18:00:00","2026-09-10 09:00:00","CAPE","surface",-72.7486,17.9819,2309
"2026-09-09 18:00:00","2026-09-10 09:00:00","CAPE","surface",-72.7247,17.9819,2243
"2026-09-09 18:00:00","2026-09-10 09:00:00","CAPE","surface",-72.7008,17.9819,2217
"2026-09-09 18:00:00","2026-09-10 09:00:00","CAPE","surface",-72.6768,17.9819,2101
"2026-09-09 18:00:00","2026-09-10 09:00:00","CAPE","surface",-72.6529,17.9819,2090
"2026-09-09 18:00:00","2026-09-10 09:00:00","CAPE","surface",-72.629,17.9819,2038
"2026-09-09 18:00:00","2026-09-10 09:00:00","CAPE","surface",-72.6051,17.9819,2068
"2026-09-09 18:00:00","2026-09-10 09:00:00","CAPE","surface",-72.5811,17.9819,2027
"2026-09-09 18:00:00","2026-09-10 09:00:00","CAPE","surface",-72.5572,17.9819,2001
"2026-09-09 18:00:00","2026-09-10 09:00:00","CAPE","surface",-72.5333,17.9819,1988
"2026-09-09 18:00:00","2026-09-10 09:00:00","CAPE","surface",-72.5094,17.9819,2023
"2026-09-09 18:00:00","2026-09-10 09:00:00","CAPE","surface",-72.4854,17.9819,1963
"2026-09-09 18:00:00","2026-09-10 09:00:00","CAPE","surface",-72.4615,17.9819,1991
"2026-09-09 18:00:00","2026-09-10 09:00:00","CAPE","surface",-72.4376,17.9819,1948
"2026-09-09 18:00:00","2026-09-10 09:00:00","CAPE","surface",-72.4137,17.9819,1960
"2026-09-09 18:00:00","2026-09-10 09:00:00","CAPE","surface",-72.3897,17.9819,1917
"2026-09-09 18:00:00","2026-09-10 09:00:00","CAPE","surface",-72.3658,17.9819,1917
"2026-09-09 18:00:00","2026-09-10 09:00:00","CAPE","surface",-72.3419,17.9819,1831
"2026-09-09 18:00:00","2026-09-10 09:00:00","CAPE","surface",-72.318,17.9819,1806
"2026-09-09 18:00:00","2026-09-10 09:00:00","CAPE","surface",-72.294,17.9819,1757
"2026-09-09 18:00:00","2026-09-10 09:00:00","CAPE","surface",-72.2701,17.9819,1724
"2026-09-09 18:00:00","2026-09-10 09:00:00","CAPE","surface",-72.2462,17.9819,1737
"2026-09-09 18:00:00","2026-09-10 09:00:00","CAPE","surface",-72.2223,17.9819,1700
"2026-09-09 18:00:00","2026-09-10 09:00:00","CAPE","surface",-72.1983,17.9819,1723
"2026-09-09 18:00:00","2026-09-10 09:00:00","CAPE","surface",-72.1744,17.9819,1791
"2026-09-09 18:00:00","2026-09-10 09:00:00","CAPE","surface",-72.1505,17.9819,1782
"2026-09-09 18:00:00","2026-09-10 09:00:00","CAPE","surface",-72.1266,17.9819,1902
"2026-09-09 18:00:00","2026-09-10 09:00:00","CAPE","surface",-72.1026,17.9819,1902
"2026-09-09 18:00:00","2026-09-10 09:00:00","CAPE","surface",-72.0787,17.9819,1952
"2026-09-09 18:00:00","2026-09-10 09:00:00","CAPE","surface",-72.0548,17.9819,1988
"2026-09-09 18:00:00","2026-09-10 09:00:00","CAPE","surface",-72.0309,17.9819,2089
"2026-09-09 18:00:00","2026-09-10 09:00:00","CAPE","surface",-72.0069,17.9819,2079
"2026-09-09 18:00:00","2026-09-10 09:00:00","CAPE","surface",-71.983,17.9819,2167
"2026-09-09 18:00:00","2026-09-10 09:00:00","CAPE","surface",-71.9591,17.9819,2238
"2026-09-09 18:00:00","2026-09-10 09:00:00","CAPE","surface",-71.9352,17.9819,2366
"2026-09-09 18:00:00","2026-09-10 09:00:00","CAPE","surface",-71.9112,17.9819,2366
"2026-09-09 18:00:00","2026-09-10 09:00:00","CAPE","surface",-71.8873,17.9819,2376
"2026-09-09 18:00:00","2026-09-10 09:00:00","CAPE","surface",-71.8634,17.9819,2376
"2026-09-09 18:00:00","2026-09-10 09:00:00","CAPE","surface",-71.8395,17.9819,2255
"2026-09-09 18:00:00","2026-09-10 09:00:00","CAPE","surface",-71.8155,17.9819,2046
"2026-09-09 18:00:00","2026-09-10 09:00:00","CAPE","surface",-71.7916,17.9819,1930
"2026-09-09 18:00:00","2026-09-10 09:00:00","CAPE","surface",-71.7677,17.9819,1702
"2026-09-09 18:00:00","2026-09-10 09:00:00","CAPE","surface",-71.7438,17.9819,1702
"2026-09-09 18:00:00","2026-09-10 09:00:00","CAPE","surface",-71.7198,17.9819,1093
"2026-09-09 18:00:00","2026-09-10 09:00:00","CAPE","surface",-71.6959,17.9819,1086
"2026-09-09 18:00:00","2026-09-10 09:00:00","CAPE","surface",-71.672,17.9819,878
"2026-09-09 18:00:00","2026-09-10 09:00:00","CAPE","surface",-71.6481,17.9819,564
"2026-09-09 18:00:00","2026-09-10 09:00:00","CAPE","surface",-71.6241,17.9819,726
"2026-09-09 18:00:00","2026-09-10 09:00:00","CAPE","surface",-71.6002,17.9819,434
"2026-09-09 18:00:00","2026-09-10 09:00:00","CAPE","surface",-71.5763,17.9819,363
"2026-09-09 18:00:00","2026-09-10 09:00:00","CAPE","surface",-71.5524,17.9819,519
"2026-09-09 18:00:00","2026-09-10 09:00:00","CAPE","surface",-71.5284,17.9819,645
"2026-09-09 18:00:00","2026-09-10 09:00:00","CAPE","surface",-71.5045,17.9819,610
"2026-09-09 18:00:00","2026-09-10 09:00:00","CAPE","surface",-71.4806,17.9819,746
"2026-09-09 18:00:00","2026-09-10 09:00:00","CAPE","surface",-71.4567,17.9819,847
"2026-09-09 18:00:00","2026-09-10 09:00:00","CAPE","surface",-71.4327,17.9819,991
"2026-09-09 18:00:00","2026-09-10 09:00:00","CAPE","surface",-71.4088,17.9819,969
"2026-09-09 18:00:00","2026-09-10 09:00:00","CAPE","surface",-71.3849,17.9819,969
"2026-09-09 18:00:00","2026-09-10 09:00:00","CAPE","surface",-71.361,17.9819,940
"2026-09-09 18:00:00","2026-09-10 09:00:00","CAPE","surface",-71.337,17.9819,987
"2026-09-09 18:00:00","2026-09-10 09:00:00","CAPE","surface",-71.3131,17.9819,1007
"2026-09-09 18:00:00","2026-09-10 09:00:00","CAPE","surface",-71.2892,17.9819,1098
"2026-09-09 18:00:00","2026-09-10 09:00:00","CAPE","surface",-71.2653,17.9819,1144
"2026-09-09 18:00:00","2026-09-10 09:00:00","CAPE","surface",-71.2413,17.9819,1398
"2026-09-09 18:00:00","2026-09-10 09:00:00","CAPE","surface",-71.2174,17.9819,1439
"2026-09-09 18:00:00","2026-09-10 09:00:00","CAPE","surface",-71.1935,17.9819,1540
"2026-09-09 18:00:00","2026-09-10 09:00:00","CAPE","surface",-71.1696,17.9819,1747
"2026-09-09 18:00:00","2026-09-10 09:00:00","CAPE","surface",-71.1456,17.9819,1575
"2026-09-09 18:00:00","2026-09-10 09:00:00","CAPE","surface",-71.1217,17.9819,1855
"2026-09-09 18:00:00","2026-09-10 09:00:00","CAPE","surface",-71.0978,17.9819,1886
"2026-09-09 18:00:00","2026-09-10 09:00:00","CAPE","surface",-71.0739,17.9819,1961
"2026-09-09 18:00:00","2026-09-10 09:00:00","CAPE","surface",-71.0499,17.9819,1966
"2026-09-09 18:00:00","2026-09-10 09:00:00","CAPE","surface",-71.026,17.9819,1966
"2026-09-09 18:00:00","2026-09-10 09:00:00","CAPE","surface",-71.0021,17.9819,2009
"2026-09-09 18:00:00","2026-09-10 09:00:00","CAPE","surface",-70.9782,17.9819,2050
"2026-09-09 18:00:00","2026-09-10 09:00:00","CAPE","surface",-70.9542,17.9819,2078
"2026-09-09 18:00:00","2026-09-10 09:00:00","CAPE","surface",-70.9303,17.9819,2041
"2026-09-09 18:00:00","2026-09-10 09:00:00","CAPE","surface",-70.9064,17.9819,2041
"2026-09-09 18:00:00","2026-09-10 09:00:00","CAPE","surface",-70.8825,17.9819,2062
"2026-09-09 18:00:00","2026-09-10 09:00:00","CAPE","surface",-70.8585,17.9819,2078
"2026-09-09 18:00:00","2026-09-10 09:00:00","CAPE","surface",-70.8346,17.9819,2060
"2026-09-09 18:00:00","2026-09-10 09:00:00","CAPE","surface",-70.8107,17.9819,2058
"2026-09-09 18:00:00","2026-09-10 09:00:00","CAPE","surface",-70.7868,17.9819,2009
"2026-09-09 18:00:00","2026-09-10 09:00:00","CAPE","surface",-70.7628,17.9819,2025
"2026-09-09 18:00:00","2026-09-10 09:00:00","CAPE","surface",-70.7389,17.9819,2006
"2026-09-09 18:00:00","2026-09-10 09:00:00","CAPE","surface",-70.715,17.9819,1997
"2026-09-09 18:00:00","2026-09-10 09:00:00","CAPE","surface",-70.6911,17.9819,2024
"2026-09-09 18:00:00","2026-09-10 09:00:00","CAPE","surface",-70.6671,17.9819,2000
"2026-09-09 18:00:00","2026-09-10 09:00:00","CAPE","surface",-70.6432,17.9819,2040
"2026-09-09 18:00:00","2026-09-10 09:00:00","CAPE","surface",-70.6193,17.9819,2052
"2026-09-09 18:00:00","2026-09-10 09:00:00","CAPE","surface",-70.5954,17.9819,2103
"2026-09-09 18:00:00","2026-09-10 09:00:00","CAPE","surface",-70.5714,17.9819,2109
"2026-09-09 18:00:00","2026-09-10 09:00:00","CAPE","surface",-70.5475,17.9819,2109
"2026-09-09 18:00:00","2026-09-10 09:00:00","CAPE","surface",-70.5236,17.9819,2117
"2026-09-09 18:00:00","2026-09-10 09:00:00","CAPE","surface",-70.4997,17.9819,2264
"2026-09-09 18:00:00","2026-09-10 09:00:00","CAPE","surface",-70.4757,17.9819,2337
"2026-09-09 18:00:00","2026-09-10 09:00:00","CAPE","surface",-70.4518,17.9819,2207
"2026-09-09 18:00:00","2026-09-10 09:00:00","CAPE","surface",-70.4279,17.9819,2428
"2026-09-09 18:00:00","2026-09-10 09:00:00","CAPE","surface",-70.404,17.9819,2522
"2026-09-09 18:00:00","2026-09-10 09:00:00","CAPE","surface",-70.38,17.9819,2700
"2026-09-09 18:00:00","2026-09-10 09:00:00","CAPE","surface",-70.3561,17.9819,2742
"2026-09-09 18:00:00","2026-09-10 09:00:00","CAPE","surface",-70.3322,17.9819,2742
"2026-09-09 18:00:00","2026-09-10 09:00:00","CAPE","surface",-70.3083,17.9819,2736
"2026-09-09 18:00:00","2026-09-10 09:00:00","CAPE","surface",-70.2843,17.9819,2713
"2026-09-09 18:00:00","2026-09-10 09:00:00","CAPE","surface",-70.2604,17.9819,2734
"2026-09-09 18:00:00","2026-09-10 09:00:00","CAPE","surface",-70.2365,17.9819,2793
"2026-09-09 18:00:00","2026-09-10 09:00:00","CAPE","surface",-70.2126,17.9819,2793
"2026-09-09 18:00:00","2026-09-10 09:00:00","CAPE","surface",-70.1886,17.9819,2838
"2026-09-09 18:00:00","2026-09-10 09:00:00","CAPE","surface",-70.1647,17.9819,2861
"2026-09-09 18:00:00","2026-09-10 09:00:00","CAPE","surface",-70.1408,17.9819,2888
"2026-09-09 18:00:00","2026-09-10 09:00:00","CAPE","surface",-70.1169,17.9819,2926
"2026-09-09 18:00:00","2026-09-10 09:00:00","CAPE","surface",-70.0929,17.9819,2923
"2026-09-09 18:00:00","2026-09-10 09:00:00","CAPE","surface",-70.069,17.9819,2970
"2026-09-09 18:00:00","2026-09-10 09:00:00","CAPE","surface",-70.0451,17.9819,2994
"2026-09-09 18:00:00","2026-09-10 09:00:00","CAPE","surface",-70.0212,17.9819,3041
"2026-09-09 18:00:00","2026-09-10 09:00:00","CAPE","surface",-69.9972,17.9819,2896
"2026-09-09 18:00:00","2026-09-10 09:00:00","CAPE","surface",-69.9733,17.9819,2854
"2026-09-09 18:00:00","2026-09-10 09:00:00","CAPE","surface",-69.9494,17.9819,3025
"2026-09-09 18:00:00","2026-09-10 09:00:00","CAPE","surface",-69.9255,17.9819,3155
"2026-09-09 18:00:00","2026-09-10 09:00:00","CAPE","surface",-69.9015,17.9819,3246
"2026-09-09 18:00:00","2026-09-10 09:00:00","CAPE","surface",-69.8776,17.9819,3207
"2026-09-09 18:00:00","2026-09-10 09:00:00","CAPE","surface",-69.8537,17.9819,3288
"2026-09-09 18:00:00","2026-09-10 09:00:00","CAPE","surface",-69.8298,17.9819,3316
"2026-09-09 18:00:00","2026-09-10 09:00:00","CAPE","surface",-69.8058,17.9819,3158
"2026-09-09 18:00:00","2026-09-10 09:00:00","CAPE","surface",-69.7819,17.9819,3057
"2026-09-09 18:00:00","2026-09-10 09:00:00","CAPE","surface",-69.758,17.9819,3227
"2026-09-09 18:00:00","2026-09-10 09:00:00","CAPE","surface",-69.7341,17.9819,3039
"2026-09-09 18:00:00","2026-09-10 09:00:00","CAPE","surface",-69.7101,17.9819,3019
"2026-09-09 18:00:00","2026-09-10 09:00:00","CAPE","surface",-69.6862,17.9819,2850
"2026-09-09 18:00:00","2026-09-10 09:00:00","CAPE","surface",-69.6623,17.9819,2931
"2026-09-09 18:00:00","2026-09-10 09:00:00","CAPE","surface",-69.6384,17.9819,2788
"2026-09-09 18:00:00","2026-09-10 09:00:00","CAPE","surface",-69.6144,17.9819,2791
"2026-09-09 18:00:00","2026-09-10 09:00:00","CAPE","surface",-69.5905,17.9819,2745
"2026-09-09 18:00:00","2026-09-10 09:00:00","CAPE","surface",-69.5666,17.9819,2766
"2026-09-09 18:00:00","2026-09-10 09:00:00","CAPE","surface",-69.5427,17.9819,2828
"2026-09-09 18:00:00","2026-09-10 09:00:00","CAPE","surface",-69.5187,17.9819,2760
"2026-09-09 18:00:00","2026-09-10 09:00:00","CAPE","surface",-69.4948,17.9819,2652
"2026-09-09 18:00:00","2026-09-10 09:00:00","CAPE","surface",-69.4709,17.9819,2618
"2026-09-09 18:00:00","2026-09-10 09:00:00","CAPE","surface",-69.447,17.9819,2462
"2026-09-09 18:00:00","2026-09-10 09:00:00","CAPE","surface",-69.423,17.9819,2496
"2026-09-09 18:00:00","2026-09-10 09:00:00","CAPE","surface",-69.3991,17.9819,2409
"2026-09-09 18:00:00","2026-09-10 09:00:00","CAPE","surface",-69.3752,17.9819,2556
"2026-09-09 18:00:00","2026-09-10 09:00:00","CAPE","surface",-69.3513,17.9819,2563
"2026-09-09 18:00:00","2026-09-10 09:00:00","CAPE","surface",-69.3273,17.9819,2477
"2026-09-09 18:00:00","2026-09-10 09:00:00","CAPE","surface",-69.3034,17.9819,2430
"2026-09-09 18:00:00","2026-09-10 09:00:00","CAPE","surface",-69.2795,17.9819,2211
"2026-09-09 18:00:00","2026-09-10 09:00:00","CAPE","surface",-69.2556,17.9819,2112
"2026-09-09 18:00:00","2026-09-10 09:00:00","CAPE","surface",-69.2316,17.9819,2140
"2026-09-09 18:00:00","2026-09-10 09:00:00","CAPE","surface",-69.2077,17.9819,2128
"2026-09-09 18:00:00","2026-09-10 09:00:00","CAPE","surface",-69.1838,17.9819,2166
"2026-09-09 18:00:00","2026-09-10 09:00:00","CAPE","surface",-69.1599,17.9819,2193
"2026-09-09 18:00:00","2026-09-10 09:00:00","CAPE","surface",-69.1359,17.9819,2290
"2026-09-09 18:00:00","2026-09-10 09:00:00","CAPE","surface",-69.112,17.9819,2320
"2026-09-09 18:00:00","2026-09-10 09:00:00","CAPE","surface",-69.0881,17.9819,2432
"2026-09-09 18:00:00","2026-09-10 09:00:00","CAPE","surface",-69.0642,17.9819,2462
"2026-09-09 18:00:00","2026-09-10 09:00:00","CAPE","surface",-69.0402,17.9819,2467
"2026-09-09 18:00:00","2026-09-10 09:00:00","CAPE","surface",-69.0163,17.9819,2403
"2026-09-09 18:00:00","2026-09-10 09:00:00","CAPE","surface",-68.9924,17.9819,2425
"2026-09-09 18:00:00","2026-09-10 09:00:00","CAPE","surface",-68.9685,17.9819,2458
"2026-09-09 18:00:00","2026-09-10 09:00:00","CAPE","surface",-68.9445,17.9819,2502
"2026-09-09 18:00:00","2026-09-10 09:00:00","CAPE","surface",-68.9206,17.9819,2555
"2026-09-09 18:00:00","2026-09-10 09:00:00","CAPE","surface",-68.8967,17.9819,2513
"2026-09-09 18:00:00","2026-09-10 09:00:00","CAPE","surface",-68.8728,17.9819,2581
"2026-09-09 18:00:00","2026-09-10 09:00:00","CAPE","surface",-68.8488,17.9819,2625
"2026-09-09 18:00:00","2026-09-10 09:00:00","CAPE","surface",-68.8249,17.9819,2687
"2026-09-09 18:00:00","2026-09-10 09:00:00","CAPE","surface",-68.801,17.9819,2622
"2026-09-09 18:00:00","2026-09-10 09:00:00","CAPE","surface",-68.7771,17.9819,2683
"2026-09-09 18:00:00","2026-09-10 09:00:00","CAPE","surface",-68.7531,17.9819,2653
"2026-09-09 18:00:00","2026-09-10 09:00:00","CAPE","surface",-68.7292,17.9819,2599
"2026-09-09 18:00:00","2026-09-10 09:00:00","CAPE","surface",-68.7053,17.9819,2623
"2026-09-09 18:00:00","2026-09-10 09:00:00","CAPE","surface",-68.6813,17.9819,2449
"2026-09-09 18:00:00","2026-09-10 09:00:00","CAPE","surface",-68.6574,17.9819,2468
"2026-09-09 18:00:00","2026-09-10 09:00:00","CAPE","surface",-68.6335,17.9819,2420
"2026-09-09 18:00:00","2026-09-10 09:00:00","CAPE","surface",-68.6096,17.9819,2504
"2026-09-09 18:00:00","2026-09-10 09:00:00","CAPE","surface",-68.5856,17.9819,2521
"2026-09-09 18:00:00","2026-09-10 09:00:00","CAPE","surface",-68.5617,17.9819,2707
"2026-09-09 18:00:00","2026-09-10 09:00:00","CAPE","surface",-68.5378,17.9819,2846
"2026-09-09 18:00:00","2026-09-10 09:00:00","CAPE","surface",-68.5139,17.9819,2919
"2026-09-09 18:00:00","2026-09-10 09:00:00","CAPE","surface",-68.4899,17.9819,2893
"2026-09-09 18:00:00","2026-09-10 09:00:00","CAPE","surface",-68.466,17.9819,2975
"2026-09-09 18:00:00","2026-09-10 09:00:00","CAPE","surface",-68.4421,17.9819,2848
"2026-09-09 18:00:00","2026-09-10 09:00:00","CAPE","surface",-68.4182,17.9819,2886
"2026-09-09 18:00:00","2026-09-10 09:00:00","CAPE","surface",-68.3942,17.9819,2643
"2026-09-09 18:00:00","2026-09-10 09:00:00","CAPE","surface",-68.3703,17.9819,2875
"2026-09-09 18:00:00","2026-09-10 09:00:00","CAPE","surface",-68.3464,17.9819,2788
"2026-09-09 18:00:00","2026-09-10 09:00:00","CAPE","surface",-68.3225,17.9819,2681
"2026-09-09 18:00:00","2026-09-10 09:00:00","CAPE","surface",-68.2985,17.9819,2586
"2026-09-09 18:00:00","2026-09-10 09:00:00","CAPE","surface",-68.2746,17.9819,2586
"2026-09-09 18:00:00","2026-09-10 09:00:00","CAPE","surface",-68.2507,17.9819,2320
"2026-09-09 18:00:00","2026-09-10 09:00:00","CAPE","surface",-68.2268,17.9819,2133
"2026-09-09 18:00:00","2026-09-10 09:00:00","CAPE","surface",-68.2028,17.9819,1973
"2026-09-09 18:00:00","2026-09-10 09:00:00","CAPE","surface",-68.1789,17.9819,1947
"2026-09-09 18:00:00","2026-09-10 09:00:00","CAPE","surface",-68.155,17.9819,1947
"2026-09-09 18:00:00","2026-09-10 09:00:00","CAPE","surface",-68.1311,17.9819,2026
"2026-09-09 18:00:00","2026-09-10 09:00:00","CAPE","surface",-68.1071,17.9819,2078
"2026-09-09 18:00:00","2026-09-10 09:00:00","CAPE","surface",-68.0832,17.9819,2264
"2026-09-09 18:00:00","2026-09-10 09:00:00","CAPE","surface",-68.0593,17.9819,2264
"2026-09-09 18:00:00","2026-09-10 09:00:00","CAPE","surface",-68.0354,17.9819,2446
"2026-09-09 18:00:00","2026-09-10 09:00:00","CAPE","surface",-68.0114,17.9819,2613
"2026-09-09 18:00:00","2026-09-10 09:00:00","CAPE","surface",-67.9875,17.9819,2719
"2026-09-09 18:00:00","2026-09-10 09:00:00","CAPE","surface",-67.9636,17.9819,2520
"2026-09-09 18:00:00","2026-09-10 09:00:00","CAPE","surface",-67.9397,17.9819,2521
"2026-09-09 18:00:00","2026-09-10 09:00:00","CAPE","surface",-67.9157,17.9819,2255
"2026-09-09 18:00:00","2026-09-10 09:00:00","CAPE","surface",-67.8918,17.9819,2194
"2026-09-09 18:00:00","2026-09-10 09:00:00","CAPE","surface",-67.8679,17.9819,2022
"2026-09-09 18:00:00","2026-09-10 09:00:00","CAPE","surface",-67.844,17.9819,1813
"2026-09-09 18:00:00","2026-09-10 09:00:00","CAPE","surface",-67.82,17.9819,1823
"2026-09-09 18:00:00","2026-09-10 09:00:00","CAPE","surface",-67.7961,17.9819,1878
"2026-09-09 18:00:00","2026-09-10 09:00:00","CAPE","surface",-67.7722,17.9819,1982
"2026-09-09 18:00:00","2026-09-10 09:00:00","CAPE","surface",-67.7483,17.9819,2015
"2026-09-09 18:00:00","2026-09-10 09:00:00","CAPE","surface",-67.7243,17.9819,2101
"2026-09-09 18:00:00","2026-09-10 09:00:00","CAPE","surface",-67.7004,17.9819,2210
"2026-09-09 18:00:00","2026-09-10 09:00:00","CAPE","surface",-67.6765,17.9819,2345
"2026-09-09 18:00:00","2026-09-10 09:00:00","CAPE","surface",-67.6526,17.9819,2345
"2026-09-09 18:00:00","2026-09-10 09:00:00","CAPE","surface",-67.6286,17.9819,2487
"2026-09-09 18:00:00","2026-09-10 09:00:00","CAPE","surface",-67.6047,17.9819,2677
"2026-09-09 18:00:00","2026-09-10 09:00:00","CAPE","surface",-67.5808,17.9819,2792
"2026-09-09 18:00:00","2026-09-10 09:00:00","CAPE","surface",-67.5569,17.9819,2792
"2026-09-09 18:00:00","2026-09-10 09:00:00","CAPE","surface",-67.5329,17.9819,2761
"2026-09-09 18:00:00","2026-09-10 09:00:00","CAPE","surface",-67.509,17.9819,2534
"2026-09-09 18:00:00","2026-09-10 09:00:00","CAPE","surface",-67.4851,17.9819,2817
"2026-09-09 18:00:00","2026-09-10 09:00:00","CAPE","surface",-67.4612,17.9819,2222
"2026-09-09 18:00:00","2026-09-10 09:00:00","CAPE","surface",-67.4372,17.9819,2531
"2026-09-09 18:00:00","2026-09-10 09:00:00","CAPE","surface",-67.4133,17.9819,2333
"2026-09-09 18:00:00","2026-09-10 09:00:00","CAPE","surface",-67.3894,17.9819,2669
"2026-09-09 18:00:00","2026-09-10 09:00:00","CAPE","surface",-67.3655,17.9819,2484
"2026-09-09 18:00:00","2026-09-10 09:00:00","CAPE","surface",-67.3415,17.9819,2084
"2026-09-09 18:00:00","2026-09-10 09:00:00","CAPE","surface",-67.3176,17.9819,2205
"2026-09-09 18:00:00","2026-09-10 09:00:00","CAPE","surface",-67.2937,17.9819,1937
"2026-09-09 18:00:00","2026-09-10 09:00:00","CAPE","surface",-67.2698,17.9819,1957
"2026-09-09 18:00:00","2026-09-10 09:00:00","CAPE","surface",-67.2458,17.9819,1759
"2026-09-09 18:00:00","2026-09-10 09:00:00","CAPE","surface",-67.2219,17.9819,1708
"2026-09-09 18:00:00","2026-09-10 09:00:00","CAPE","surface",-67.198,17.9819,1506
"2026-09-09 18:00:00","2026-09-10 09:00:00","CAPE","surface",-67.1741,17.9819,1112
"2026-09-09 18:00:00","2026-09-10 09:00:00","CAPE","surface",-67.1501,17.9819,1112
"2026-09-09 18:00:00","2026-09-10 09:00:00","CAPE","surface",-67.1262,17.9819,788
"2026-09-09 18:00:00","2026-09-10 09:00:00","CAPE","surface",-67.1023,17.9819,829
"2026-09-09 18:00:00","2026-09-10 09:00:00","CAPE","surface",-67.0784,17.9819,505
"2026-09-09 18:00:00","2026-09-10 09:00:00","CAPE","surface",-67.0544,17.9819,505
"2026-09-09 18:00:00","2026-09-10 09:00:00","CAPE","surface",-67.0305,17.9819,337
"2026-09-09 18:00:00","2026-09-10 09:00:00","CAPE","surface",-67.0066,17.9819,270
"2026-09-09 18:00:00","2026-09-10 09:00:00","CAPE","surface",-74.7822,18.0047,2361
"2026-09-09 18:00:00","2026-09-10 09:00:00","CAPE","surface",-74.7583,18.0047,2223
"2026-09-09 18:00:00","2026-09-10 09:00:00","CAPE","surface",-74.7344,18.0047,2223
"2026-09-09 18:00:00","2026-09-10 09:00:00","CAPE","surface",-74.7105,18.0047,2167
"2026-09-09 18:00:00","2026-09-10 09:00:00","CAPE","surface",-74.6865,18.0047,2028
"2026-09-09 18:00:00","2026-09-10 09:00:00","CAPE","surface",-74.6626,18.0047,2142
"2026-09-09 18:00:00","2026-09-10 09:00:00","CAPE","surface",-74.6387,18.0047,2142
"2026-09-09 18:00:00","2026-09-10 09:00:00","CAPE","surface",-74.6148,18.0047,2172
"2026-09-09 18:00:00","2026-09-10 09:00:00","CAPE","surface",-74.5908,18.0047,2172
"2026-09-09 18:00:00","2026-09-10 09:00:00","CAPE","surface",-74.5669,18.0047,2162
"2026-09-09 18:00:00","2026-09-10 09:00:00","CAPE","surface",-74.543,18.0047,2129
"2026-09-09 18:00:00","2026-09-10 09:00:00","CAPE","surface",-74.5191,18.0047,2236
"2026-09-09 18:00:00","2026-09-10 09:00:00","CAPE","surface",-74.4951,18.0047,2277
"2026-09-09 18:00:00","2026-09-10 09:00:00","CAPE","surface",-74.4712,18.0047,2414
"2026-09-09 18:00:00","2026-09-10 09:00:00","CAPE","surface",-74.4473,18.0047,2414
"2026-09-09 18:00:00","2026-09-10 09:00:00","CAPE","surface",-74.4234,18.0047,2375
"2026-09-09 18:00:00","2026-09-10 09:00:00","CAPE","surface",-74.3994,18.0047,2269
"2026-09-09 18:00:00","2026-09-10 09:00:00","CAPE","surface",-74.3755,18.0047,2238
"2026-09-09 18:00:00","2026-09-10 09:00:00","CAPE","surface",-74.3516,18.0047,2227
"2026-09-09 18:00:00","2026-09-10 09:00:00","CAPE","surface",-74.3277,18.0047,2275
"2026-09-09 18:00:00","2026-09-10 09:00:00","CAPE","surface",-74.3037,18.0047,2275
"2026-09-09 18:00:00","2026-09-10 09:00:00","CAPE","surface",-74.2798,18.0047,2274
"2026-09-09 18:00:00","2026-09-10 09:00:00","CAPE","surface",-74.2559,18.0047,2270
"2026-09-09 18:00:00","2026-09-10 09:00:00","CAPE","surface",-74.232,18.0047,2264
"2026-09-09 18:00:00","2026-09-10 09:00:00","CAPE","surface",-74.208,18.0047,2249
"2026-09-09 18:00:00","2026-09-10 09:00:00","CAPE","surface",-74.1841,18.0047,2233
"2026-09-09 18:00:00","2026-09-10 09:00:00","CAPE","surface",-74.1602,18.0047,2259
"2026-09-09 18:00:00","2026-09-10 09:00:00","CAPE","surface",-74.1363,18.0047,2221
"2026-09-09 18:00:00","2026-09-10 09:00:00","CAPE","surface",-74.1123,18.0047,2276
"2026-09-09 18:00:00","2026-09-10 09:00:00","CAPE","surface",-74.0884,18.0047,2291
"2026-09-09 18:00:00","2026-09-10 09:00:00","CAPE","surface",-74.0645,18.0047,2368
"2026-09-09 18:00:00","2026-09-10 09:00:00","CAPE","surface",-74.0406,18.0047,2367
"2026-09-09 18:00:00","2026-09-10 09:00:00","CAPE","surface",-74.0166,18.0047,2431
"2026-09-09 18:00:00","2026-09-10 09:00:00","CAPE","surface",-73.9927,18.0047,2403
"2026-09-09 18:00:00","2026-09-10 09:00:00","CAPE","surface",-73.9688,18.0047,2371
"2026-09-09 18:00:00","2026-09-10 09:00:00","CAPE","surface",-73.9449,18.0047,2266
"2026-09-09 18:00:00","2026-09-10 09:00:00","CAPE","surface",-73.9209,18.0047,2217
"2026-09-09 18:00:00","2026-09-10 09:00:00","CAPE","surface",-73.897,18.0047,2217
"2026-09-09 18:00:00","2026-09-10 09:00:00","CAPE","surface",-73.8731,18.0047,2028
"2026-09-09 18:00:00","2026-09-10 09:00:00","CAPE","surface",-73.8492,18.0047,2189
"2026-09-09 18:00:00","2026-09-10 09:00:00","CAPE","surface",-73.8252,18.0047,2171
"2026-09-09 18:00:00","2026-09-10 09:00:00","CAPE","surface",-73.8013,18.0047,2339
"2026-09-09 18:00:00","2026-09-10 09:00:00","CAPE","surface",-73.7774,18.0047,2392
"2026-09-09 18:00:00","2026-09-10 09:00:00","CAPE","surface",-73.7535,18.0047,2392
"2026-09-09 18:00:00","2026-09-10 09:00:00","CAPE","surface",-73.7295,18.0047,2354
"2026-09-09 18:00:00","2026-09-10 09:00:00","CAPE","surface",-73.7056,18.0047,2335
"2026-09-09 18:00:00","2026-09-10 09:00:00","CAPE","surface",-73.6817,18.0047,2298
"2026-09-09 18:00:00","2026-09-10 09:00:00","CAPE","surface",-73.6578,18.0047,2285
"2026-09-09 18:00:00","2026-09-10 09:00:00","CAPE","surface",-73.6338,18.0047,2291
"2026-09-09 18:00:00","2026-09-10 09:00:00","CAPE","surface",-73.6099,18.0047,2275
"2026-09-09 18:00:00","2026-09-10 09:00:00","CAPE","surface",-73.586,18.0047,2312
"2026-09-09 18:00:00","2026-09-10 09:00:00","CAPE","surface",-73.5621,18.0047,2340
"2026-09-09 18:00:00","2026-09-10 09:00:00","CAPE","surface",-73.5381,18.0047,2396
"2026-09-09 18:00:00","2026-09-10 09:00:00","CAPE","surface",-73.5142,18.0047,2440
"2026-09-09 18:00:00","2026-09-10 09:00:00","CAPE","surface",-73.4903,18.0047,2440
"2026-09-09 18:00:00","2026-09-10 09:00:00","CAPE","surface",-73.4664,18.0047,2497
"2026-09-09 18:00:00","2026-09-10 09:00:00","CAPE","surface",-73.4424,18.0047,2545
"2026-09-09 18:00:00","2026-09-10 09:00:00","CAPE","surface",-73.4185,18.0047,2571
"2026-09-09 18:00:00","2026-09-10 09:00:00","CAPE","surface",-73.3946,18.0047,2605
"2026-09-09 18:00:00","2026-09-10 09:00:00","CAPE","surface",-73.3707,18.0047,2664
"2026-09-09 18:00:00","2026-09-10 09:00:00","CAPE","surface",-73.3467,18.0047,2664
"2026-09-09 18:00:00","2026-09-10 09:00:00","CAPE","surface",-73.3228,18.0047,2709
"2026-09-09 18:00:00","2026-09-10 09:00:00","CAPE","surface",-73.2989,18.0047,2705
"2026-09-09 18:00:00","2026-09-10 09:00:00","CAPE","surface",-73.275,18.0047,2670
"2026-09-09 18:00:00","2026-09-10 09:00:00","CAPE","surface",-73.251,18.0047,2597
"2026-09-09 18:00:00","2026-09-10 09:00:00","CAPE","surface",-73.2271,18.0047,2566
"2026-09-09 18:00:00","2026-09-10 09:00:00","CAPE","surface",-73.2032,18.0047,2566
"2026-09-09 18:00:00","2026-09-10 09:00:00","CAPE","surface",-73.1793,18.0047,2540
"2026-09-09 18:00:00","2026-09-10 09:00:00","CAPE","surface",-73.1553,18.0047,2528
"2026-09-09 18:00:00","2026-09-10 09:00:00","CAPE","surface",-73.1314,18.0047,2401
"2026-09-09 18:00:00","2026-09-10 09:00:00","CAPE","surface",-73.1075,18.0047,2324
"2026-09-09 18:00:00","2026-09-10 09:00:00","CAPE","surface",-73.0836,18.0047,2324
"2026-09-09 18:00:00","2026-09-10 09:00:00","CAPE","surface",-73.0596,18.0047,2317
"2026-09-09 18:00:00","2026-09-10 09:00:00","CAPE","surface",-73.0357,18.0047,2330
"2026-09-09 18:00:00","2026-09-10 09:00:00","CAPE","surface",-73.0118,18.0047,2375
"2026-09-09 18:00:00","2026-09-10 09:00:00","CAPE","surface",-72.9879,18.0047,2392
"2026-09-09 18:00:00","2026-09-10 09:00:00","CAPE","surface",-72.9639,18.0047,2387
"2026-09-09 18:00:00","2026-09-10 09:00:00","CAPE","surface",-72.94,18.0047,2387
"2026-09-09 18:00:00","2026-09-10 09:00:00","CAPE","surface",-72.9161,18.0047,2355
"2026-09-09 18:00:00","2026-09-10 09:00:00","CAPE","surface",-72.8922,18.0047,2360
"2026-09-09 18:00:00","2026-09-10 09:00:00","CAPE","surface",-72.8682,18.0047,2335
"2026-09-09 18:00:00","2026-09-10 09:00:00","CAPE","surface",-72.8443,18.0047,2339
"2026-09-09 18:00:00","2026-09-10 09:00:00","CAPE","surface",-72.8204,18.0047,2311
"2026-09-09 18:00:00","2026-09-10 09:00:00","CAPE","surface",-72.7965,18.0047,2329
"2026-09-09 18:00:00","2026-09-10 09:00:00","CAPE","surface",-72.7725,18.0047,2318
"2026-09-09 18:00:00","2026-09-10 09:00:00","CAPE","surface",-72.7486,18.0047,2309
"2026-09-09 18:00:00","2026-09-10 09:00:00","CAPE","surface",-72.7247,18.0047,2290
"2026-09-09 18:00:00","2026-09-10 09:00:00","CAPE","surface",-72.7008,18.0047,2292
"2026-09-09 18:00:00","2026-09-10 09:00:00","CAPE","surface",-72.6768,18.0047,2269
"2026-09-09 18:00:00","2026-09-10 09:00:00","CAPE","surface",-72.6529,18.0047,2250
"2026-09-09 18:00:00","2026-09-10 09:00:00","CAPE","surface",-72.629,18.0047,2156
"2026-09-09 18:00:00","2026-09-10 09:00:00","CAPE","surface",-72.6051,18.0047,2115
"2026-09-09 18:00:00","2026-09-10 09:00:00","CAPE","surface",-72.5811,18.0047,2028
"2026-09-09 18:00:00","2026-09-10 09:00:00","CAPE","surface",-72.5572,18.0047,2074
"2026-09-09 18:00:00","2026-09-10 09:00:00","CAPE","surface",-72.5333,18.0047,1998
"2026-09-09 18:00:00","2026-09-10 09:00:00","CAPE","surface",-72.5094,18.0047,1958
"2026-09-09 18:00:00","2026-09-10 09:00:00","CAPE","surface",-72.4854,18.0047,1963
"2026-09-09 18:00:00","2026-09-10 09:00:00","CAPE","surface",-72.4615,18.0047,1935
"2026-09-09 18:00:00","2026-09-10 09:00:00","CAPE","surface",-72.4376,18.0047,1935
"2026-09-09 18:00:00","2026-09-10 09:00:00","CAPE","surface",-72.4137,18.0047,1917
"2026-09-09 18:00:00","2026-09-10 09:00:00","CAPE","surface",-72.3897,18.0047,1930
"2026-09-09 18:00:00","2026-09-10 09:00:00","CAPE","surface",-72.3658,18.0047,1874
"2026-09-09 18:00:00","2026-09-10 09:00:00","CAPE","surface",-72.3419,18.0047,1783
"2026-09-09 18:00:00","2026-09-10 09:00:00","CAPE","surface",-72.318,18.0047,1783
"2026-09-09 18:00:00","2026-09-10 09:00:00","CAPE","surface",-72.294,18.0047,1761
"2026-09-09 18:00:00","2026-09-10 09:00:00","CAPE","surface",-72.2701,18.0047,1762
"2026-09-09 18:00:00","2026-09-10 09:00:00","CAPE","surface",-72.2462,18.0047,1775
"2026-09-09 18:00:00","2026-09-10 09:00:00","CAPE","surface",-72.2223,18.0047,1751
"2026-09-09 18:00:00","2026-09-10 09:00:00","CAPE","surface",-72.1983,18.0047,1787
"2026-09-09 18:00:00","2026-09-10 09:00:00","CAPE","surface",-72.1744,18.0047,1787
"2026-09-09 18:00:00","2026-09-10 09:00:00","CAPE","surface",-72.1505,18.0047,1813
"2026-09-09 18:00:00","2026-09-10 09:00:00","CAPE","surface",-72.1266,18.0047,1883
"2026-09-09 18:00:00","2026-09-10 09:00:00","CAPE","surface",-72.1026,18.0047,1891
"2026-09-09 18:00:00","2026-09-10 09:00:00","CAPE","surface",-72.0787,18.0047,1952
"2026-09-09 18:00:00","2026-09-10 09:00:00","CAPE","surface",-72.0548,18.0047,1929
"2026-09-09 18:00:00","2026-09-10 09:00:00","CAPE","surface",-72.0309,18.0047,2034
"2026-09-09 18:00:00","2026-09-10 09:00:00","CAPE","surface",-72.0069,18.0047,2101
"2026-09-09 18:00:00","2026-09-10 09:00:00","CAPE","surface",-71.983,18.0047,2157
"2026-09-09 18:00:00","2026-09-10 09:00:00","CAPE","surface",-71.9591,18.0047,2279
"2026-09-09 18:00:00","2026-09-10 09:00:00","CAPE","surface",-71.9352,18.0047,2279
"2026-09-09 18:00:00","2026-09-10 09:00:00","CAPE","surface",-71.9112,18.0047,2404
"2026-09-09 18:00:00","2026-09-10 09:00:00","CAPE","surface",-71.8873,18.0047,2395
"2026-09-09 18:00:00","2026-09-10 09:00:00","CAPE","surface",-71.8634,18.0047,2317
"2026-09-09 18:00:00","2026-09-10 09:00:00","CAPE","surface",-71.8395,18.0047,2061
"2026-09-09 18:00:00","2026-09-10 09:00:00","CAPE","surface",-71.8155,18.0047,2061
"2026-09-09 18:00:00","2026-09-10 09:00:00","CAPE","surface",-71.7916,18.0047,1752
"2026-09-09 18:00:00","2026-09-10 09:00:00","CAPE","surface",-71.7677,18.0047,1781
"2026-09-09 18:00:00","2026-09-10 09:00:00","CAPE","surface",-71.7438,18.0047,1080
"2026-09-09 18:00:00","2026-09-10 09:00:00","CAPE","surface",-71.7198,18.0047,1093
"2026-09-09 18:00:00","2026-09-10 09:00:00","CAPE","surface",-71.6959,18.0047,787
"2026-09-09 18:00:00","2026-09-10 09:00:00","CAPE","surface",-71.672,18.0047,894
"2026-09-09 18:00:00","2026-09-10 09:00:00","CAPE","surface",-71.6481,18.0047,916
"2026-09-09 18:00:00","2026-09-10 09:00:00","CAPE","surface",-71.6241,18.0047,739
"2026-09-09 18:00:00","2026-09-10 09:00:00","CAPE","surface",-71.6002,18.0047,538
"2026-09-09 18:00:00","2026-09-10 09:00:00","CAPE","surface",-71.5763,18.0047,496
"2026-09-09 18:00:00","2026-09-10 09:00:00","CAPE","surface",-71.5524,18.0047,413
"2026-09-09 18:00:00","2026-09-10 09:00:00","CAPE","surface",-71.5284,18.0047,562
"2026-09-09 18:00:00","2026-09-10 09:00:00","CAPE","surface",-71.5045,18.0047,610
"2026-09-09 18:00:00","2026-09-10 09:00:00","CAPE","surface",-71.4806,18.0047,701
"2026-09-09 18:00:00","2026-09-10 09:00:00","CAPE","surface",-71.4567,18.0047,701
"2026-09-09 18:00:00","2026-09-10 09:00:00","CAPE","surface",-71.4327,18.0047,812
"2026-09-09 18:00:00","2026-09-10 09:00:00","CAPE","surface",-71.4088,18.0047,973
"2026-09-09 18:00:00","2026-09-10 09:00:00","CAPE","surface",-71.3849,18.0047,952
"2026-09-09 18:00:00","2026-09-10 09:00:00","CAPE","surface",-71.361,18.0047,883
"2026-09-09 18:00:00","2026-09-10 09:00:00","CAPE","surface",-71.337,18.0047,883
"2026-09-09 18:00:00","2026-09-10 09:00:00","CAPE","surface",-71.3131,18.0047,915
"2026-09-09 18:00:00","2026-09-10 09:00:00","CAPE","surface",-71.2892,18.0047,1081
"2026-09-09 18:00:00","2026-09-10 09:00:00","CAPE","surface",-71.2653,18.0047,1191
"2026-09-09 18:00:00","2026-09-10 09:00:00","CAPE","surface",-71.2413,18.0047,1398
"2026-09-09 18:00:00","2026-09-10 09:00:00","CAPE","surface",-71.2174,18.0047,1342
"2026-09-09 18:00:00","2026-09-10 09:00:00","CAPE","surface",-71.1935,18.0047,1369
"2026-09-09 18:00:00","2026-09-10 09:00:00","CAPE","surface",-71.1696,18.0047,1497
"2026-09-09 18:00:00","2026-09-10 09:00:00","CAPE","surface",-71.1456,18.0047,1575
"2026-09-09 18:00:00","2026-09-10 09:00:00","CAPE","surface",-71.1217,18.0047,1932
"2026-09-09 18:00:00","2026-09-10 09:00:00","CAPE","surface",-71.0978,18.0047,1879
"2026-09-09 18:00:00","2026-09-10 09:00:00","CAPE","surface",-71.0739,18.0047,1811
"2026-09-09 18:00:00","2026-09-10 09:00:00","CAPE","surface",-71.0499,18.0047,1790
"2026-09-09 18:00:00","2026-09-10 09:00:00","CAPE","surface",-71.026,18.0047,1857
"2026-09-09 18:00:00","2026-09-10 09:00:00","CAPE","surface",-71.0021,18.0047,1985
"2026-09-09 18:00:00","2026-09-10 09:00:00","CAPE","surface",-70.9782,18.0047,1985
"2026-09-09 18:00:00","2026-09-10 09:00:00","CAPE","surface",-70.9542,18.0047,1971
"2026-09-09 18:00:00","2026-09-10 09:00:00","CAPE","surface",-70.9303,18.0047,1992
"2026-09-09 18:00:00","2026-09-10 09:00:00","CAPE","surface",-70.9064,18.0047,2000
"2026-09-09 18:00:00","2026-09-10 09:00:00","CAPE","surface",-70.8825,18.0047,2062
"2026-09-09 18:00:00","2026-09-10 09:00:00","CAPE","surface",-70.8585,18.0047,2000
"2026-09-09 18:00:00","2026-09-10 09:00:00","CAPE","surface",-70.8346,18.0047,1947
"2026-09-09 18:00:00","2026-09-10 09:00:00","CAPE","surface",-70.8107,18.0047,1988
"2026-09-09 18:00:00","2026-09-10 09:00:00","CAPE","surface",-70.7868,18.0047,1972
"2026-09-09 18:00:00","2026-09-10 09:00:00","CAPE","surface",-70.7628,18.0047,1993
"2026-09-09 18:00:00","2026-09-10 09:00:00","CAPE","surface",-70.7389,18.0047,1943
"2026-09-09 18:00:00","2026-09-10 09:00:00","CAPE","surface",-70.715,18.0047,1973
"2026-09-09 18:00:00","2026-09-10 09:00:00","CAPE","surface",-70.6911,18.0047,1959
"2026-09-09 18:00:00","2026-09-10 09:00:00","CAPE","surface",-70.6671,18.0047,2000
"2026-09-09 18:00:00","2026-09-10 09:00:00","CAPE","surface",-70.6432,18.0047,2011
"2026-09-09 18:00:00","2026-09-10 09:00:00","CAPE","surface",-70.6193,18.0047,2011
"2026-09-09 18:00:00","2026-09-10 09:00:00","CAPE","surface",-70.5954,18.0047,2004
"2026-09-09 18:00:00","2026-09-10 09:00:00","CAPE","surface",-70.5714,18.0047,1995
"2026-09-09 18:00:00","2026-09-10 09:00:00","CAPE","surface",-70.5475,18.0047,2037
"2026-09-09 18:00:00","2026-09-10 09:00:00","CAPE","surface",-70.5236,18.0047,1970
"2026-09-09 18:00:00","2026-09-10 09:00:00","CAPE","surface",-70.4997,18.0047,2025
"2026-09-09 18:00:00","2026-09-10 09:00:00","CAPE","surface",-70.4757,18.0047,2047
"2026-09-09 18:00:00","2026-09-10 09:00:00","CAPE","surface",-70.4518,18.0047,2207
"2026-09-09 18:00:00","2026-09-10 09:00:00","CAPE","surface",-70.4279,18.0047,2289
"2026-09-09 18:00:00","2026-09-10 09:00:00","CAPE","surface",-70.404,18.0047,2289
"2026-09-09 18:00:00","2026-09-10 09:00:00","CAPE","surface",-70.38,18.0047,2388
"2026-09-09 18:00:00","2026-09-10 09:00:00","CAPE","surface",-70.3561,18.0047,2621
"2026-09-09 18:00:00","2026-09-10 09:00:00","CAPE","surface",-70.3322,18.0047,2686
"2026-09-09 18:00:00","2026-09-10 09:00:00","CAPE","surface",-70.3083,18.0047,2722
"2026-09-09 18:00:00","2026-09-10 09:00:00","CAPE","surface",-70.2843,18.0047,2722
"2026-09-09 18:00:00","2026-09-10 09:00:00","CAPE","surface",-70.2604,18.0047,2715
"2026-09-09 18:00:00","2026-09-10 09:00:00","CAPE","surface",-70.2365,18.0047,2737
"2026-09-09 18:00:00","2026-09-10 09:00:00","CAPE","surface",-70.2126,18.0047,2788
"2026-09-09 18:00:00","2026-09-10 09:00:00","CAPE","surface",-70.1886,18.0047,2838
"2026-09-09 18:00:00","2026-09-10 09:00:00","CAPE","surface",-70.1647,18.0047,2825
"2026-09-09 18:00:00","2026-09-10 09:00:00","CAPE","surface",-70.1408,18.0047,2866
"2026-09-09 18:00:00","2026-09-10 09:00:00","CAPE","surface",-70.1169,18.0047,2886
"2026-09-09 18:00:00","2026-09-10 09:00:00","CAPE","surface",-70.0929,18.0047,2922
"2026-09-09 18:00:00","2026-09-10 09:00:00","CAPE","surface",-70.069,18.0047,2922
"2026-09-09 18:00:00","2026-09-10 09:00:00","CAPE","surface",-70.0451,18.0047,2912
"2026-09-09 18:00:00","2026-09-10 09:00:00","CAPE","surface",-70.0212,18.0047,2903
"2026-09-09 18:00:00","2026-09-10 09:00:00","CAPE","surface",-69.9972,18.0047,2823
"2026-09-09 18:00:00","2026-09-10 09:00:00","CAPE","surface",-69.9733,18.0047,2854
"2026-09-09 18:00:00","2026-09-10 09:00:00","CAPE","surface",-69.9494,18.0047,2864
"2026-09-09 18:00:00","2026-09-10 09:00:00","CAPE","surface",-69.9255,18.0047,2996
"2026-09-09 18:00:00","2026-09-10 09:00:00","CAPE","surface",-69.9015,18.0047,3079
"2026-09-09 18:00:00","2026-09-10 09:00:00","CAPE","surface",-69.8776,18.0047,3110
"2026-09-09 18:00:00","2026-09-10 09:00:00","CAPE","surface",-69.8537,18.0047,3276
"2026-09-09 18:00:00","2026-09-10 09:00:00","CAPE","surface",-69.8298,18.0047,3209
"2026-09-09 18:00:00","2026-09-10 09:00:00","CAPE","surface",-69.8058,18.0047,3309
"2026-09-09 18:00:00","2026-09-10 09:00:00","CAPE","surface",-69.7819,18.0047,3281
"2026-09-09 18:00:00","2026-09-10 09:00:00","CAPE","surface",-69.758,18.0047,3227
"2026-09-09 18:00:00","2026-09-10 09:00:00","CAPE","surface",-69.7341,18.0047,3275
"2026-09-09 18:00:00","2026-09-10 09:00:00","CAPE","surface",-69.7101,18.0047,3212
"2026-09-09 18:00:00","2026-09-10 09:00:00","CAPE","surface",-69.6862,18.0047,3191
"2026-09-09 18:00:00","2026-09-10 09:00:00","CAPE","surface",-69.6623,18.0047,3086
"2026-09-09 18:00:00","2026-09-10 09:00:00","CAPE","surface",-69.6384,18.0047,2889
"2026-09-09 18:00:00","2026-09-10 09:00:00","CAPE","surface",-69.6144,18.0047,3057
"2026-09-09 18:00:00","2026-09-10 09:00:00","CAPE","surface",-69.5905,18.0047,2939
"2026-09-09 18:00:00","2026-09-10 09:00:00","CAPE","surface",-69.5666,18.0047,2939
"2026-09-09 18:00:00","2026-09-10 09:00:00","CAPE","surface",-69.5427,18.0047,2828
"2026-09-09 18:00:00","2026-09-10 09:00:00","CAPE","surface",-69.5187,18.0047,2742
"2026-09-09 18:00:00","2026-09-10 09:00:00","CAPE","surface",-69.4948,18.0047,2742
"2026-09-09 18:00:00","2026-09-10 09:00:00","CAPE","surface",-69.4709,18.0047,2514
"2026-09-09 18:00:00","2026-09-10 09:00:00","CAPE","surface",-69.447,18.0047,2297
"2026-09-09 18:00:00","2026-09-10 09:00:00","CAPE","surface",-69.423,18.0047,2300
"2026-09-09 18:00:00","2026-09-10 09:00:00","CAPE","surface",-69.3991,18.0047,2161
"2026-09-09 18:00:00","2026-09-10 09:00:00","CAPE","surface",-69.3752,18.0047,2271
"2026-09-09 18:00:00","2026-09-10 09:00:00","CAPE","surface",-69.3513,18.0047,2357
"2026-09-09 18:00:00","2026-09-10 09:00:00","CAPE","surface",-69.3273,18.0047,2477
"2026-09-09 18:00:00","2026-09-10 09:00:00","CAPE","surface",-69.3034,18.0047,2336
"2026-09-09 18:00:00","2026-09-10 09:00:00","CAPE","surface",-69.2795,18.0047,2336
"2026-09-09 18:00:00","2026-09-10 09:00:00","CAPE","surface",-69.2556,18.0047,2204
"2026-09-09 18:00:00","2026-09-10 09:00:00","CAPE","surface",-69.2316,18.0047,2186
"2026-09-09 18:00:00","2026-09-10 09:00:00","CAPE","surface",-69.2077,18.0047,2171
"2026-09-09 18:00:00","2026-09-10 09:00:00","CAPE","surface",-69.1838,18.0047,2207
"2026-09-09 18:00:00","2026-09-10 09:00:00","CAPE","surface",-69.1599,18.0047,2187
"2026-09-09 18:00:00","2026-09-10 09:00:00","CAPE","surface",-69.1359,18.0047,2227
"2026-09-09 18:00:00","2026-09-10 09:00:00","CAPE","surface",-69.112,18.0047,2320
"2026-09-09 18:00:00","2026-09-10 09:00:00","CAPE","surface",-69.0881,18.0047,2429
"2026-09-09 18:00:00","2026-09-10 09:00:00","CAPE","surface",-69.0642,18.0047,2429
"2026-09-09 18:00:00","2026-09-10 09:00:00","CAPE","surface",-69.0402,18.0047,2396
"2026-09-09 18:00:00","2026-09-10 09:00:00","CAPE","surface",-69.0163,18.0047,2353
"2026-09-09 18:00:00","2026-09-10 09:00:00","CAPE","surface",-68.9924,18.0047,2399
"2026-09-09 18:00:00","2026-09-10 09:00:00","CAPE","surface",-68.9685,18.0047,2378
"2026-09-09 18:00:00","2026-09-10 09:00:00","CAPE","surface",-68.9445,18.0047,2445
"2026-09-09 18:00:00","2026-09-10 09:00:00","CAPE","surface",-68.9206,18.0047,2447
"2026-09-09 18:00:00","2026-09-10 09:00:00","CAPE","surface",-68.8967,18.0047,2513
"2026-09-09 18:00:00","2026-09-10 09:00:00","CAPE","surface",-68.8728,18.0047,2546
"2026-09-09 18:00:00","2026-09-10 09:00:00","CAPE","surface",-68.8488,18.0047,2546
"2026-09-09 18:00:00","2026-09-10 09:00:00","CAPE","surface",-68.8249,18.0047,2542
"2026-09-09 18:00:00","2026-09-10 09:00:00","CAPE","surface",-68.801,18.0047,2469
"2026-09-09 18:00:00","2026-09-10 09:00:00","CAPE","surface",-68.7771,18.0047,2565
"2026-09-09 18:00:00","2026-09-10 09:00:00","CAPE","surface",-68.7531,18.0047,2423
"2026-09-09 18:00:00","2026-09-10 09:00:00","CAPE","surface",-68.7292,18.0047,2525
"2026-09-09 18:00:00","2026-09-10 09:00:00","CAPE","surface",-68.7053,18.0047,2427
"2026-09-09 18:00:00","2026-09-10 09:00:00","CAPE","surface",-68.6813,18.0047,2449
"2026-09-09 18:00:00","2026-09-10 09:00:00","CAPE","surface",-68.6574,18.0047,2404
"2026-09-09 18:00:00","2026-09-10 09:00:00","CAPE","surface",-68.6335,18.0047,2399
"2026-09-09 18:00:00","2026-09-10 09:00:00","CAPE","surface",-68.6096,18.0047,2426
"2026-09-09 18:00:00","2026-09-10 09:00:00","CAPE","surface",-68.5856,18.0047,2535
"2026-09-09 18:00:00","2026-09-10 09:00:00","CAPE","surface",-68.5617,18.0047,2707
"2026-09-09 18:00:00","2026-09-10 09:00:00","CAPE","surface",-68.5378,18.0047,2719
"2026-09-09 18:00:00","2026-09-10 09:00:00","CAPE","surface",-68.5139,18.0047,2861
"2026-09-09 18:00:00","2026-09-10 09:00:00","CAPE","surface",-68.4899,18.0047,2970
"2026-09-09 18:00:00","2026-09-10 09:00:00","CAPE","surface",-68.466,18.0047,3097
"2026-09-09 18:00:00","2026-09-10 09:00:00","CAPE","surface",-68.4421,18.0047,3097
"2026-09-09 18:00:00","2026-09-10 09:00:00","CAPE","surface",-68.4182,18.0047,3203
"2026-09-09 18:00:00","2026-09-10 09:00:00","CAPE","surface",-68.3942,18.0047,3104
"2026-09-09 18:00:00","2026-09-10 09:00:00","CAPE","surface",-68.3703,18.0047,3013
"2026-09-09 18:00:00","2026-09-10 09:00:00","CAPE","surface",-68.3464,18.0047,2788
"2026-09-09 18:00:00","2026-09-10 09:00:00","CAPE","surface",-68.3225,18.0047,2941
"2026-09-09 18:00:00","2026-09-10 09:00:00","CAPE","surface",-68.2985,18.0047,2778
"2026-09-09 18:00:00","2026-09-10 09:00:00","CAPE","surface",-68.2746,18.0047,2560
"2026-09-09 18:00:00","2026-09-10 09:00:00","CAPE","surface",-68.2507,18.0047,2218
"2026-09-09 18:00:00","2026-09-10 09:00:00","CAPE","surface",-68.2268,18.0047,2218
"2026-09-09 18:00:00","2026-09-10 09:00:00","CAPE","surface",-68.2028,18.0047,2027
"2026-09-09 18:00:00","2026-09-10 09:00:00","CAPE","surface",-68.1789,18.0047,1979
"2026-09-09 18:00:00","2026-09-10 09:00:00","CAPE","surface",-68.155,18.0047,2024
"2026-09-09 18:00:00","2026-09-10 09:00:00","CAPE","surface",-68.1311,18.0047,2024
"2026-09-09 18:00:00","2026-09-10 09:00:00","CAPE","surface",-68.1071,18.0047,2116
"2026-09-09 18:00:00","2026-09-10 09:00:00","CAPE","surface",-68.0832,18.0047,2214
"2026-09-09 18:00:00","2026-09-10 09:00:00","CAPE","surface",-68.0593,18.0047,2289
"2026-09-09 18:00:00","2026-09-10 09:00:00","CAPE","surface",-68.0354,18.0047,2492
"2026-09-09 18:00:00","2026-09-10 09:00:00","CAPE","surface",-68.0114,18.0047,2492
"2026-09-09 18:00:00","2026-09-10 09:00:00","CAPE","surface",-67.9875,18.0047,2496
"2026-09-09 18:00:00","2026-09-10 09:00:00","CAPE","surface",-67.9636,18.0047,2520
"2026-09-09 18:00:00","2026-09-10 09:00:00","CAPE","surface",-67.9397,18.0047,2330
"2026-09-09 18:00:00","2026-09-10 09:00:00","CAPE","surface",-67.9157,18.0047,2277
"2026-09-09 18:00:00","2026-09-10 09:00:00","CAPE","surface",-67.8918,18.0047,2123
"2026-09-09 18:00:00","2026-09-10 09:00:00","CAPE","surface",-67.8679,18.0047,1855
"2026-09-09 18:00:00","2026-09-10 09:00:00","CAPE","surface",-67.844,18.0047,1813
"2026-09-09 18:00:00","2026-09-10 09:00:00","CAPE","surface",-67.82,18.0047,1712
"2026-09-09 18:00:00","2026-09-10 09:00:00","CAPE","surface",-67.7961,18.0047,1785
"2026-09-09 18:00:00","2026-09-10 09:00:00","CAPE","surface",-67.7722,18.0047,1924
"2026-09-09 18:00:00","2026-09-10 09:00:00","CAPE","surface",-67.7483,18.0047,2056
"2026-09-09 18:00:00","2026-09-10 09:00:00","CAPE","surface",-67.7243,18.0047,2056
"2026-09-09 18:00:00","2026-09-10 09:00:00","CAPE","surface",-67.7004,18.0047,2144
"2026-09-09 18:00:00","2026-09-10 09:00:00","CAPE","surface",-67.6765,18.0047,2229
"2026-09-09 18:00:00","2026-09-10 09:00:00","CAPE","surface",-67.6526,18.0047,2328
"2026-09-09 18:00:00","2026-09-10 09:00:00","CAPE","surface",-67.6286,18.0047,2487
"2026-09-09 18:00:00","2026-09-10 09:00:00","CAPE","surface",-67.6047,18.0047,2370
"2026-09-09 18:00:00","2026-09-10 09:00:00","CAPE","surface",-67.5808,18.0047,2292
"2026-09-09 18:00:00","2026-09-10 09:00:00","CAPE","surface",-67.5569,18.0047,2504
"2026-09-09 18:00:00","2026-09-10 09:00:00","CAPE","surface",-67.5329,18.0047,2276
"2026-09-09 18:00:00","2026-09-10 09:00:00","CAPE","surface",-67.509,18.0047,2276
"2026-09-09 18:00:00","2026-09-10 09:00:00","CAPE","surface",-67.4851,18.0047,2013
"2026-09-09 18:00:00","2026-09-10 09:00:00","CAPE","surface",-67.4612,18.0047,2222
"2026-09-09 18:00:00","2026-09-10 09:00:00","CAPE","surface",-67.4372,18.0047,2088
"2026-09-09 18:00:00","2026-09-10 09:00:00","CAPE","surface",-67.4133,18.0047,1963
"2026-09-09 18:00:00","2026-09-10 09:00:00","CAPE","surface",-67.3894,18.0047,2038
"2026-09-09 18:00:00","2026-09-10 09:00:00","CAPE","surface",-67.3655,18.0047,2029
"2026-09-09 18:00:00","2026-09-10 09:00:00","CAPE","surface",-67.3415,18.0047,2084
"2026-09-09 18:00:00","2026-09-10 09:00:00","CAPE","surface",-67.3176,18.0047,1973
"2026-09-09 18:00:00","2026-09-10 09:00:00","CAPE","surface",-67.2937,18.0047,1952
"2026-09-09 18:00:00","2026-09-10 09:00:00","CAPE","surface",-67.2698,18.0047,1827
"2026-09-09 18:00:00","2026-09-10 09:00:00","CAPE","surface",-67.2458,18.0047,1668
"2026-09-09 18:00:00","2026-09-10 09:00:00","CAPE","surface",-67.2219,18.0047,1668
"2026-09-09 18:00:00","2026-09-10 09:00:00","CAPE","surface",-67.198,18.0047,1442
"2026-09-09 18:00:00","2026-09-10 09:00:00","CAPE","surface",-67.1741,18.0047,1237
"2026-09-09 18:00:00","2026-09-10 09:00:00","CAPE","surface",-67.1501,18.0047,804
"2026-09-09 18:00:00","2026-09-10 09:00:00","CAPE","surface",-67.1262,18.0047,804
"2026-09-09 18:00:00","2026-09-10 09:00:00","CAPE","surface",-67.1023,18.0047,447
"2026-09-09 18:00:00","2026-09-10 09:00:00","CAPE","surface",-67.0784,18.0047,172
"2026-09-09 18:00:00","2026-09-10 09:00:00","CAPE","surface",-67.0544,18.0047,188
"2026-09-09 18:00:00","2026-09-10 09:00:00","CAPE","surface",-67.0305,18.0047,132
"2026-09-09 18:00:00","2026-09-10 09:00:00","CAPE","surface",-67.0066,18.0047,132
"2026-09-09 18:00:00","2026-09-10 09:00:00","CAPE","surface",-74.7822,18.0274,2605
"2026-09-09 18:00:00","2026-09-10 09:00:00","CAPE","surface",-74.7583,18.0274,2505
"2026-09-09 18:00:00","2026-09-10 09:00:00","CAPE","surface",-74.7344,18.0274,2404
"2026-09-09 18:00:00","2026-09-10 09:00:00","CAPE","surface",-74.7105,18.0274,2167
"2026-09-09 18:00:00","2026-09-10 09:00:00","CAPE","surface",-74.6865,18.0274,2221
"2026-09-09 18:00:00","2026-09-10 09:00:00","CAPE","surface",-74.6626,18.0274,2221
"2026-09-09 18:00:00","2026-09-10 09:00:00","CAPE","surface",-74.6387,18.0274,2333
"2026-09-09 18:00:00","2026-09-10 09:00:00","CAPE","surface",-74.6148,18.0274,2447
"2026-09-09 18:00:00","2026-09-10 09:00:00","CAPE","surface",-74.5908,18.0274,2267
"2026-09-09 18:00:00","2026-09-10 09:00:00","CAPE","surface",-74.5669,18.0274,2349
"2026-09-09 18:00:00","2026-09-10 09:00:00","CAPE","surface",-74.543,18.0274,2251
"2026-09-09 18:00:00","2026-09-10 09:00:00","CAPE","surface",-74.5191,18.0274,2502
"2026-09-09 18:00:00","2026-09-10 09:00:00","CAPE","surface",-74.4951,18.0274,2451
"2026-09-09 18:00:00","2026-09-10 09:00:00","CAPE","surface",-74.4712,18.0274,2614
"2026-09-09 18:00:00","2026-09-10 09:00:00","CAPE","surface",-74.4473,18.0274,2507
"2026-09-09 18:00:00","2026-09-10 09:00:00","CAPE","surface",-74.4234,18.0274,2444
"2026-09-09 18:00:00","2026-09-10 09:00:00","CAPE","surface",-74.3994,18.0274,2301
"2026-09-09 18:00:00","2026-09-10 09:00:00","CAPE","surface",-74.3755,18.0274,2417
"2026-09-09 18:00:00","2026-09-10 09:00:00","CAPE","surface",-74.3516,18.0274,2300
"2026-09-09 18:00:00","2026-09-10 09:00:00","CAPE","surface",-74.3277,18.0274,2331
"2026-09-09 18:00:00","2026-09-10 09:00:00","CAPE","surface",-74.3037,18.0274,2286
"2026-09-09 18:00:00","2026-09-10 09:00:00","CAPE","surface",-74.2798,18.0274,2323
"2026-09-09 18:00:00","2026-09-10 09:00:00","CAPE","surface",-74.2559,18.0274,2323
"2026-09-09 18:00:00","2026-09-10 09:00:00","CAPE","surface",-74.232,18.0274,2382
"2026-09-09 18:00:00","2026-09-10 09:00:00","CAPE","surface",-74.208,18.0274,2291
"2026-09-09 18:00:00","2026-09-10 09:00:00","CAPE","surface",-74.1841,18.0274,2354
"2026-09-09 18:00:00","2026-09-10 09:00:00","CAPE","surface",-74.1602,18.0274,2259
"2026-09-09 18:00:00","2026-09-10 09:00:00","CAPE","surface",-74.1363,18.0274,2291
"2026-09-09 18:00:00","2026-09-10 09:00:00","CAPE","surface",-74.1123,18.0274,2291
"2026-09-09 18:00:00","2026-09-10 09:00:00","CAPE","surface",-74.0884,18.0274,2373
"2026-09-09 18:00:00","2026-09-10 09:00:00","CAPE","surface",-74.0645,18.0274,2363
"2026-09-09 18:00:00","2026-09-10 09:00:00","CAPE","surface",-74.0406,18.0274,2432
"2026-09-09 18:00:00","2026-09-10 09:00:00","CAPE","surface",-74.0166,18.0274,2431
"2026-09-09 18:00:00","2026-09-10 09:00:00","CAPE","surface",-73.9927,18.0274,2429
"2026-09-09 18:00:00","2026-09-10 09:00:00","CAPE","surface",-73.9688,18.0274,2429
"2026-09-09 18:00:00","2026-09-10 09:00:00","CAPE","surface",-73.9449,18.0274,2347
"2026-09-09 18:00:00","2026-09-10 09:00:00","CAPE","surface",-73.9209,18.0274,2265
"2026-09-09 18:00:00","2026-09-10 09:00:00","CAPE","surface",-73.897,18.0274,2100
"2026-09-09 18:00:00","2026-09-10 09:00:00","CAPE","surface",-73.8731,18.0274,1794
"2026-09-09 18:00:00","2026-09-10 09:00:00","CAPE","surface",-73.8492,18.0274,1989
"2026-09-09 18:00:00","2026-09-10 09:00:00","CAPE","surface",-73.8252,18.0274,1772
"2026-09-09 18:00:00","2026-09-10 09:00:00","CAPE","surface",-73.8013,18.0274,1875
"2026-09-09 18:00:00","2026-09-10 09:00:00","CAPE","surface",-73.7774,18.0274,2021
"2026-09-09 18:00:00","2026-09-10 09:00:00","CAPE","surface",-73.7535,18.0274,2250
"2026-09-09 18:00:00","2026-09-10 09:00:00","CAPE","surface",-73.7295,18.0274,2268
"2026-09-09 18:00:00","2026-09-10 09:00:00","CAPE","surface",-73.7056,18.0274,2304
"2026-09-09 18:00:00","2026-09-10 09:00:00","CAPE","surface",-73.6817,18.0274,2251
"2026-09-09 18:00:00","2026-09-10 09:00:00","CAPE","surface",-73.6578,18.0274,2279
"2026-09-09 18:00:00","2026-09-10 09:00:00","CAPE","surface",-73.6338,18.0274,2192
"2026-09-09 18:00:00","2026-09-10 09:00:00","CAPE","surface",-73.6099,18.0274,2275
"2026-09-09 18:00:00","2026-09-10 09:00:00","CAPE","surface",-73.586,18.0274,2249
"2026-09-09 18:00:00","2026-09-10 09:00:00","CAPE","surface",-73.5621,18.0274,2249
"2026-09-09 18:00:00","2026-09-10 09:00:00","CAPE","surface",-73.5381,18.0274,2290
"2026-09-09 18:00:00","2026-09-10 09:00:00","CAPE","surface",-73.5142,18.0274,2355
"2026-09-09 18:00:00","2026-09-10 09:00:00","CAPE","surface",-73.4903,18.0274,2429
"2026-09-09 18:00:00","2026-09-10 09:00:00","CAPE","surface",-73.4664,18.0274,2497
"2026-09-09 18:00:00","2026-09-10 09:00:00","CAPE","surface",-73.4424,18.0274,2527
"2026-09-09 18:00:00","2026-09-10 09:00:00","CAPE","surface",-73.4185,18.0274,2527
"2026-09-09 18:00:00","2026-09-10 09:00:00","CAPE","surface",-73.3946,18.0274,2575
"2026-09-09 18:00:00","2026-09-10 09:00:00","CAPE","surface",-73.3707,18.0274,2636
"2026-09-09 18:00:00","2026-09-10 09:00:00","CAPE","surface",-73.3467,18.0274,2694
"2026-09-09 18:00:00","2026-09-10 09:00:00","CAPE","surface",-73.3228,18.0274,2705
"2026-09-09 18:00:00","2026-09-10 09:00:00","CAPE","surface",-73.2989,18.0274,2705
"2026-09-09 18:00:00","2026-09-10 09:00:00","CAPE","surface",-73.275,18.0274,2664
"2026-09-09 18:00:00","2026-09-10 09:00:00","CAPE","surface",-73.251,18.0274,2645
"2026-09-09 18:00:00","2026-09-10 09:00:00","CAPE","surface",-73.2271,18.0274,2531
"2026-09-09 18:00:00","2026-09-10 09:00:00","CAPE","surface",-73.2032,18.0274,2525
"2026-09-09 18:00:00","2026-09-10 09:00:00","CAPE","surface",-73.1793,18.0274,2466
"2026-09-09 18:00:00","2026-09-10 09:00:00","CAPE","surface",-73.1553,18.0274,2466
"2026-09-09 18:00:00","2026-09-10 09:00:00","CAPE","surface",-73.1314,18.0274,2366
"2026-09-09 18:00:00","2026-09-10 09:00:00","CAPE","surface",-73.1075,18.0274,2336
"2026-09-09 18:00:00","2026-09-10 09:00:00","CAPE","surface",-73.0836,18.0274,2316
"2026-09-09 18:00:00","2026-09-10 09:00:00","CAPE","surface",-73.0596,18.0274,2317
"2026-09-09 18:00:00","2026-09-10 09:00:00","CAPE","surface",-73.0357,18.0274,2337
"2026-09-09 18:00:00","2026-09-10 09:00:00","CAPE","surface",-73.0118,18.0274,2349
"2026-09-09 18:00:00","2026-09-10 09:00:00","CAPE","surface",-72.9879,18.0274,2382
"2026-09-09 18:00:00","2026-09-10 09:00:00","CAPE","surface",-72.9639,18.0274,2384
"2026-09-09 18:00:00","2026-09-10 09:00:00","CAPE","surface",-72.94,18.0274,2349
"2026-09-09 18:00:00","2026-09-10 09:00:00","CAPE","surface",-72.9161,18.0274,2355
"2026-09-09 18:00:00","2026-09-10 09:00:00","CAPE","surface",-72.8922,18.0274,2310
"2026-09-09 18:00:00","2026-09-10 09:00:00","CAPE","surface",-72.8682,18.0274,2277
"2026-09-09 18:00:00","2026-09-10 09:00:00","CAPE","surface",-72.8443,18.0274,2288
"2026-09-09 18:00:00","2026-09-10 09:00:00","CAPE","surface",-72.8204,18.0274,2250
"2026-09-09 18:00:00","2026-09-10 09:00:00","CAPE","surface",-72.7965,18.0274,2289
"2026-09-09 18:00:00","2026-09-10 09:00:00","CAPE","surface",-72.7725,18.0274,2223
"2026-09-09 18:00:00","2026-09-10 09:00:00","CAPE","surface",-72.7486,18.0274,2271
"2026-09-09 18:00:00","2026-09-10 09:00:00","CAPE","surface",-72.7247,18.0274,2266
"2026-09-09 18:00:00","2026-09-10 09:00:00","CAPE","surface",-72.7008,18.0274,2292
"2026-09-09 18:00:00","2026-09-10 09:00:00","CAPE","surface",-72.6768,18.0274,2282
"2026-09-09 18:00:00","2026-09-10 09:00:00","CAPE","surface",-72.6529,18.0274,2250
"2026-09-09 18:00:00","2026-09-10 09:00:00","CAPE","surface",-72.629,18.0274,2272
"2026-09-09 18:00:00","2026-09-10 09:00:00","CAPE","surface",-72.6051,18.0274,2229
"2026-09-09 18:00:00","2026-09-10 09:00:00","CAPE","surface",-72.5811,18.0274,2183
"2026-09-09 18:00:00","2026-09-10 09:00:00","CAPE","surface",-72.5572,18.0274,2074
"2026-09-09 18:00:00","2026-09-10 09:00:00","CAPE","surface",-72.5333,18.0274,2004
"2026-09-09 18:00:00","2026-09-10 09:00:00","CAPE","surface",-72.5094,18.0274,2004
"2026-09-09 18:00:00","2026-09-10 09:00:00","CAPE","surface",-72.4854,18.0274,1954
"2026-09-09 18:00:00","2026-09-10 09:00:00","CAPE","surface",-72.4615,18.0274,1906
"2026-09-09 18:00:00","2026-09-10 09:00:00","CAPE","surface",-72.4376,18.0274,1907
"2026-09-09 18:00:00","2026-09-10 09:00:00","CAPE","surface",-72.4137,18.0274,1881
"2026-09-09 18:00:00","2026-09-10 09:00:00","CAPE","surface",-72.3897,18.0274,1881
"2026-09-09 18:00:00","2026-09-10 09:00:00","CAPE","surface",-72.3658,18.0274,1824
"2026-09-09 18:00:00","2026-09-10 09:00:00","CAPE","surface",-72.3419,18.0274,1813
"2026-09-09 18:00:00","2026-09-10 09:00:00","CAPE","surface",-72.318,18.0274,1760
"2026-09-09 18:00:00","2026-09-10 09:00:00","CAPE","surface",-72.294,18.0274,1761
"2026-09-09 18:00:00","2026-09-10 09:00:00","CAPE","surface",-72.2701,18.0274,1774
"2026-09-09 18:00:00","2026-09-10 09:00:00","CAPE","surface",-72.2462,18.0274,1773
"2026-09-09 18:00:00","2026-09-10 09:00:00","CAPE","surface",-72.2223,18.0274,1773
"2026-09-09 18:00:00","2026-09-10 09:00:00","CAPE","surface",-72.1983,18.0274,1786
"2026-09-09 18:00:00","2026-09-10 09:00:00","CAPE","surface",-72.1744,18.0274,1770
"2026-09-09 18:00:00","2026-09-10 09:00:00","CAPE","surface",-72.1505,18.0274,1778
"2026-09-09 18:00:00","2026-09-10 09:00:00","CAPE","surface",-72.1266,18.0274,1778
"2026-09-09 18:00:00","2026-09-10 09:00:00","CAPE","surface",-72.1026,18.0274,1839
"2026-09-09 18:00:00","2026-09-10 09:00:00","CAPE","surface",-72.0787,18.0274,1894
"2026-09-09 18:00:00","2026-09-10 09:00:00","CAPE","surface",-72.0548,18.0274,1838
"2026-09-09 18:00:00","2026-09-10 09:00:00","CAPE","surface",-72.0309,18.0274,2039
"2026-09-09 18:00:00","2026-09-10 09:00:00","CAPE","surface",-72.0069,18.0274,1812
"2026-09-09 18:00:00","2026-09-10 09:00:00","CAPE","surface",-71.983,18.0274,1998
"2026-09-09 18:00:00","2026-09-10 09:00:00","CAPE","surface",-71.9591,18.0274,2034
"2026-09-09 18:00:00","2026-09-10 09:00:00","CAPE","surface",-71.9352,18.0274,2279
"2026-09-09 18:00:00","2026-09-10 09:00:00","CAPE","surface",-71.9112,18.0274,2448
"2026-09-09 18:00:00","2026-09-10 09:00:00","CAPE","surface",-71.8873,18.0274,2448
"2026-09-09 18:00:00","2026-09-10 09:00:00","CAPE","surface",-71.8634,18.0274,2213
"2026-09-09 18:00:00","2026-09-10 09:00:00","CAPE","surface",-71.8395,18.0274,2079
"2026-09-09 18:00:00","2026-09-10 09:00:00","CAPE","surface",-71.8155,18.0274,1716
"2026-09-09 18:00:00","2026-09-10 09:00:00","CAPE","surface",-71.7916,18.0274,1344
"2026-09-09 18:00:00","2026-09-10 09:00:00","CAPE","surface",-71.7677,18.0274,1344
"2026-09-09 18:00:00","2026-09-10 09:00:00","CAPE","surface",-71.7438,18.0274,958
"2026-09-09 18:00:00","2026-09-10 09:00:00","CAPE","surface",-71.7198,18.0274,781
"2026-09-09 18:00:00","2026-09-10 09:00:00","CAPE","surface",-71.6959,18.0274,791
"2026-09-09 18:00:00","2026-09-10 09:00:00","CAPE","surface",-71.672,18.0274,894
"2026-09-09 18:00:00","2026-09-10 09:00:00","CAPE","surface",-71.6481,18.0274,963
"2026-09-09 18:00:00","2026-09-10 09:00:00","CAPE","surface",-71.6241,18.0274,867
"2026-09-09 18:00:00","2026-09-10 09:00:00","CAPE","surface",-71.6002,18.0274,675
"2026-09-09 18:00:00","2026-09-10 09:00:00","CAPE","surface",-71.5763,18.0274,496
"2026-09-09 18:00:00","2026-09-10 09:00:00","CAPE","surface",-71.5524,18.0274,524
"2026-09-09 18:00:00","2026-09-10 09:00:00","CAPE","surface",-71.5284,18.0274,524
"2026-09-09 18:00:00","2026-09-10 09:00:00","CAPE","surface",-71.5045,18.0274,593
"2026-09-09 18:00:00","2026-09-10 09:00:00","CAPE","surface",-71.4806,18.0274,618
"2026-09-09 18:00:00","2026-09-10 09:00:00","CAPE","surface",-71.4567,18.0274,684
"2026-09-09 18:00:00","2026-09-10 09:00:00","CAPE","surface",-71.4327,18.0274,831
"2026-09-09 18:00:00","2026-09-10 09:00:00","CAPE","surface",-71.4088,18.0274,831
"2026-09-09 18:00:00","2026-09-10 09:00:00","CAPE","surface",-71.3849,18.0274,940
"2026-09-09 18:00:00","2026-09-10 09:00:00","CAPE","surface",-71.361,18.0274,938
"2026-09-09 18:00:00","2026-09-10 09:00:00","CAPE","surface",-71.337,18.0274,863
"2026-09-09 18:00:00","2026-09-10 09:00:00","CAPE","surface",-71.3131,18.0274,915
"2026-09-09 18:00:00","2026-09-10 09:00:00","CAPE","surface",-71.2892,18.0274,933
"2026-09-09 18:00:00","2026-09-10 09:00:00","CAPE","surface",-71.2653,18.0274,1065
"2026-09-09 18:00:00","2026-09-10 09:00:00","CAPE","surface",-71.2413,18.0274,1080
"2026-09-09 18:00:00","2026-09-10 09:00:00","CAPE","surface",-71.2174,18.0274,1149
"2026-09-09 18:00:00","2026-09-10 09:00:00","CAPE","surface",-71.1935,18.0274,1306
"2026-09-09 18:00:00","2026-09-10 09:00:00","CAPE","surface",-71.1696,18.0274,1266
"2026-09-09 18:00:00","2026-09-10 09:00:00","CAPE","surface",-71.1456,18.0274,1479
"2026-09-09 18:00:00","2026-09-10 09:00:00","CAPE","surface",-71.1217,18.0274,1715
"2026-09-09 18:00:00","2026-09-10 09:00:00","CAPE","surface",-71.0978,18.0274,1879
"2026-09-09 18:00:00","2026-09-10 09:00:00","CAPE","surface",-71.0739,18.0274,1811
"2026-09-09 18:00:00","2026-09-10 09:00:00","CAPE","surface",-71.0499,18.0274,1811
"2026-09-09 18:00:00","2026-09-10 09:00:00","CAPE","surface",-71.026,18.0274,1764
"2026-09-09 18:00:00","2026-09-10 09:00:00","CAPE","surface",-71.0021,18.0274,1823
"2026-09-09 18:00:00","2026-09-10 09:00:00","CAPE","surface",-70.9782,18.0274,1918
"2026-09-09 18:00:00","2026-09-10 09:00:00","CAPE","surface",-70.9542,18.0274,1866
"2026-09-09 18:00:00","2026-09-10 09:00:00","CAPE","surface",-70.9303,18.0274,1866
"2026-09-09 18:00:00","2026-09-10 09:00:00","CAPE","surface",-70.9064,18.0274,1827
"2026-09-09 18:00:00","2026-09-10 09:00:00","CAPE","surface",-70.8825,18.0274,1913
"2026-09-09 18:00:00","2026-09-10 09:00:00","CAPE","surface",-70.8585,18.0274,1864
"2026-09-09 18:00:00","2026-09-10 09:00:00","CAPE","surface",-70.8346,18.0274,1947
"2026-09-09 18:00:00","2026-09-10 09:00:00","CAPE","surface",-70.8107,18.0274,1887
"2026-09-09 18:00:00","2026-09-10 09:00:00","CAPE","surface",-70.7868,18.0274,1944
"2026-09-09 18:00:00","2026-09-10 09:00:00","CAPE","surface",-70.7628,18.0274,1918
"2026-09-09 18:00:00","2026-09-10 09:00:00","CAPE","surface",-70.7389,18.0274,1943
"2026-09-09 18:00:00","2026-09-10 09:00:00","CAPE","surface",-70.715,18.0274,1931
"2026-09-09 18:00:00","2026-09-10 09:00:00","CAPE","surface",-70.6911,18.0274,1877
"2026-09-09 18:00:00","2026-09-10 09:00:00","CAPE","surface",-70.6671,18.0274,1910
"2026-09-09 18:00:00","2026-09-10 09:00:00","CAPE","surface",-70.6432,18.0274,1936
"2026-09-09 18:00:00","2026-09-10 09:00:00","CAPE","surface",-70.6193,18.0274,1963
"2026-09-09 18:00:00","2026-09-10 09:00:00","CAPE","surface",-70.5954,18.0274,1959
"2026-09-09 18:00:00","2026-09-10 09:00:00","CAPE","surface",-70.5714,18.0274,1959
"2026-09-09 18:00:00","2026-09-10 09:00:00","CAPE","surface",-70.5475,18.0274,1946
"2026-09-09 18:00:00","2026-09-10 09:00:00","CAPE","surface",-70.5236,18.0274,1970
"2026-09-09 18:00:00","2026-09-10 09:00:00","CAPE","surface",-70.4997,18.0274,1965
"2026-09-09 18:00:00","2026-09-10 09:00:00","CAPE","surface",-70.4757,18.0274,1965
"2026-09-09 18:00:00","2026-09-10 09:00:00","CAPE","surface",-70.4518,18.0274,1963
"2026-09-09 18:00:00","2026-09-10 09:00:00","CAPE","surface",-70.4279,18.0274,1994
"2026-09-09 18:00:00","2026-09-10 09:00:00","CAPE","surface",-70.404,18.0274,2149
"2026-09-09 18:00:00","2026-09-10 09:00:00","CAPE","surface",-70.38,18.0274,2249
"2026-09-09 18:00:00","2026-09-10 09:00:00","CAPE","surface",-70.3561,18.0274,2249
"2026-09-09 18:00:00","2026-09-10 09:00:00","CAPE","surface",-70.3322,18.0274,2388
"2026-09-09 18:00:00","2026-09-10 09:00:00","CAPE","surface",-70.3083,18.0274,2615
"2026-09-09 18:00:00","2026-09-10 09:00:00","CAPE","surface",-70.2843,18.0274,2670
"2026-09-09 18:00:00","2026-09-10 09:00:00","CAPE","surface",-70.2604,18.0274,2715
"2026-09-09 18:00:00","2026-09-10 09:00:00","CAPE","surface",-70.2365,18.0274,2664
"2026-09-09 18:00:00","2026-09-10 09:00:00","CAPE","surface",-70.2126,18.0274,2669
"2026-09-09 18:00:00","2026-09-10 09:00:00","CAPE","surface",-70.1886,18.0274,2747
"2026-09-09 18:00:00","2026-09-10 09:00:00","CAPE","surface",-70.1647,18.0274,2788
"2026-09-09 18:00:00","2026-09-10 09:00:00","CAPE","surface",-70.1408,18.0274,2850
"2026-09-09 18:00:00","2026-09-10 09:00:00","CAPE","surface",-70.1169,18.0274,2832
"2026-09-09 18:00:00","2026-09-10 09:00:00","CAPE","surface",-70.0929,18.0274,2883
"2026-09-09 18:00:00","2026-09-10 09:00:00","CAPE","surface",-70.069,18.0274,2907
"2026-09-09 18:00:00","2026-09-10 09:00:00","CAPE","surface",-70.0451,18.0274,2912
"2026-09-09 18:00:00","2026-09-10 09:00:00","CAPE","surface",-70.0212,18.0274,2879
"2026-09-09 18:00:00","2026-09-10 09:00:00","CAPE","surface",-69.9972,18.0274,2845
"2026-09-09 18:00:00","2026-09-10 09:00:00","CAPE","surface",-69.9733,18.0274,2824
"2026-09-09 18:00:00","2026-09-10 09:00:00","CAPE","surface",-69.9494,18.0274,2912
"2026-09-09 18:00:00","2026-09-10 09:00:00","CAPE","surface",-69.9255,18.0274,2986
"2026-09-09 18:00:00","2026-09-10 09:00:00","CAPE","surface",-69.9015,18.0274,2967
"2026-09-09 18:00:00","2026-09-10 09:00:00","CAPE","surface",-69.8776,18.0274,3016
"2026-09-09 18:00:00","2026-09-10 09:00:00","CAPE","surface",-69.8537,18.0274,3060
"2026-09-09 18:00:00","2026-09-10 09:00:00","CAPE","surface",-69.8298,18.0274,3209
"2026-09-09 18:00:00","2026-09-10 09:00:00","CAPE","surface",-69.8058,18.0274,3201
"2026-09-09 18:00:00","2026-09-10 09:00:00","CAPE","surface",-69.7819,18.0274,3201
"2026-09-09 18:00:00","2026-09-10 09:00:00","CAPE","surface",-69.758,18.0274,3189
"2026-09-09 18:00:00","2026-09-10 09:00:00","CAPE","surface",-69.7341,18.0274,3191
"2026-09-09 18:00:00","2026-09-10 09:00:00","CAPE","surface",-69.7101,18.0274,3261
"2026-09-09 18:00:00","2026-09-10 09:00:00","CAPE","surface",-69.6862,18.0274,3223
"2026-09-09 18:00:00","2026-09-10 09:00:00","CAPE","surface",-69.6623,18.0274,3249
"2026-09-09 18:00:00","2026-09-10 09:00:00","CAPE","surface",-69.6384,18.0274,3172
"2026-09-09 18:00:00","2026-09-10 09:00:00","CAPE","surface",-69.6144,18.0274,3057
"2026-09-09 18:00:00","2026-09-10 09:00:00","CAPE","surface",-69.5905,18.0274,3099
"2026-09-09 18:00:00","2026-09-10 09:00:00","CAPE","surface",-69.5666,18.0274,3099
"2026-09-09 18:00:00","2026-09-10 09:00:00","CAPE","surface",-69.5427,18.0274,3040
"2026-09-09 18:00:00","2026-09-10 09:00:00","CAPE","surface",-69.5187,18.0274,2880
"2026-09-09 18:00:00","2026-09-10 09:00:00","CAPE","surface",-69.4948,18.0274,2668
"2026-09-09 18:00:00","2026-09-10 09:00:00","CAPE","surface",-69.4709,18.0274,2649
"2026-09-09 18:00:00","2026-09-10 09:00:00","CAPE","surface",-69.447,18.0274,2387
"2026-09-09 18:00:00","2026-09-10 09:00:00","CAPE","surface",-69.423,18.0274,2173
"2026-09-09 18:00:00","2026-09-10 09:00:00","CAPE","surface",-69.3991,18.0274,2161
"2026-09-09 18:00:00","2026-09-10 09:00:00","CAPE","surface",-69.3752,18.0274,2171
"2026-09-09 18:00:00","2026-09-10 09:00:00","CAPE","surface",-69.3513,18.0274,2171
"2026-09-09 18:00:00","2026-09-10 09:00:00","CAPE","surface",-69.3273,18.0274,2281
"2026-09-09 18:00:00","2026-09-10 09:00:00","CAPE","surface",-69.3034,18.0274,2361
"2026-09-09 18:00:00","2026-09-10 09:00:00","CAPE","surface",-69.2795,18.0274,2317
"2026-09-09 18:00:00","2026-09-10 09:00:00","CAPE","surface",-69.2556,18.0274,2360
"2026-09-09 18:00:00","2026-09-10 09:00:00","CAPE","surface",-69.2316,18.0274,2242
"2026-09-09 18:00:00","2026-09-10 09:00:00","CAPE","surface",-69.2077,18.0274,2226
"2026-09-09 18:00:00","2026-09-10 09:00:00","CAPE","surface",-69.1838,18.0274,2207
"2026-09-09 18:00:00","2026-09-10 09:00:00","CAPE","surface",-69.1599,18.0274,2211
"2026-09-09 18:00:00","2026-09-10 09:00:00","CAPE","surface",-69.1359,18.0274,2211
"2026-09-09 18:00:00","2026-09-10 09:00:00","CAPE","surface",-69.112,18.0274,2254
"2026-09-09 18:00:00","2026-09-10 09:00:00","CAPE","surface",-69.0881,18.0274,2346
"2026-09-09 18:00:00","2026-09-10 09:00:00","CAPE","surface",-69.0642,18.0274,2385
"2026-09-09 18:00:00","2026-09-10 09:00:00","CAPE","surface",-69.0402,18.0274,2312
"2026-09-09 18:00:00","2026-09-10 09:00:00","CAPE","surface",-69.0163,18.0274,2326
"2026-09-09 18:00:00","2026-09-10 09:00:00","CAPE","surface",-68.9924,18.0274,2309
"2026-09-09 18:00:00","2026-09-10 09:00:00","CAPE","surface",-68.9685,18.0274,2378
"2026-09-09 18:00:00","2026-09-10 09:00:00","CAPE","surface",-68.9445,18.0274,2385
"2026-09-09 18:00:00","2026-09-10 09:00:00","CAPE","surface",-68.9206,18.0274,2306
"2026-09-09 18:00:00","2026-09-10 09:00:00","CAPE","surface",-68.8967,18.0274,2394
"2026-09-09 18:00:00","2026-09-10 09:00:00","CAPE","surface",-68.8728,18.0274,2404
"2026-09-09 18:00:00","2026-09-10 09:00:00","CAPE","surface",-68.8488,18.0274,2466
"2026-09-09 18:00:00","2026-09-10 09:00:00","CAPE","surface",-68.8249,18.0274,2396
"2026-09-09 18:00:00","2026-09-10 09:00:00","CAPE","surface",-68.801,18.0274,2415
"2026-09-09 18:00:00","2026-09-10 09:00:00","CAPE","surface",-68.7771,18.0274,2347
"2026-09-09 18:00:00","2026-09-10 09:00:00","CAPE","surface",-68.7531,18.0274,2423
"2026-09-09 18:00:00","2026-09-10 09:00:00","CAPE","surface",-68.7292,18.0274,2380
"2026-09-09 18:00:00","2026-09-10 09:00:00","CAPE","surface",-68.7053,18.0274,2365
"2026-09-09 18:00:00","2026-09-10 09:00:00","CAPE","surface",-68.6813,18.0274,2392
"2026-09-09 18:00:00","2026-09-10 09:00:00","CAPE","surface",-68.6574,18.0274,2392
"2026-09-09 18:00:00","2026-09-10 09:00:00","CAPE","surface",-68.6335,18.0274,2399
"2026-09-09 18:00:00","2026-09-10 09:00:00","CAPE","surface",-68.6096,18.0274,2364
"2026-09-09 18:00:00","2026-09-10 09:00:00","CAPE","surface",-68.5856,18.0274,2417
"2026-09-09 18:00:00","2026-09-10 09:00:00","CAPE","surface",-68.5617,18.0274,2552
"2026-09-09 18:00:00","2026-09-10 09:00:00","CAPE","surface",-68.5378,18.0274,2754
"2026-09-09 18:00:00","2026-09-10 09:00:00","CAPE","surface",-68.5139,18.0274,2894
"2026-09-09 18:00:00","2026-09-10 09:00:00","CAPE","surface",-68.4899,18.0274,2987
"2026-09-09 18:00:00","2026-09-10 09:00:00","CAPE","surface",-68.466,18.0274,3084
"2026-09-09 18:00:00","2026-09-10 09:00:00","CAPE","surface",-68.4421,18.0274,3226
"2026-09-09 18:00:00","2026-09-10 09:00:00","CAPE","surface",-68.4182,18.0274,3203
"2026-09-09 18:00:00","2026-09-10 09:00:00","CAPE","surface",-68.3942,18.0274,3265
"2026-09-09 18:00:00","2026-09-10 09:00:00","CAPE","surface",-68.3703,18.0274,3195
"2026-09-09 18:00:00","2026-09-10 09:00:00","CAPE","surface",-68.3464,18.0274,3096
"2026-09-09 18:00:00","2026-09-10 09:00:00","CAPE","surface",-68.3225,18.0274,3022
"2026-09-09 18:00:00","2026-09-10 09:00:00","CAPE","surface",-68.2985,18.0274,3022
"2026-09-09 18:00:00","2026-09-10 09:00:00","CAPE","surface",-68.2746,18.0274,2782
"2026-09-09 18:00:00","2026-09-10 09:00:00","CAPE","surface",-68.2507,18.0274,2487
"2026-09-09 18:00:00","2026-09-10 09:00:00","CAPE","surface",-68.2268,18.0274,2115
"2026-09-09 18:00:00","2026-09-10 09:00:00","CAPE","surface",-68.2028,18.0274,2027
"2026-09-09 18:00:00","2026-09-10 09:00:00","CAPE","surface",-68.1789,18.0274,2056
"2026-09-09 18:00:00","2026-09-10 09:00:00","CAPE","surface",-68.155,18.0274,2091
"2026-09-09 18:00:00","2026-09-10 09:00:00","CAPE","surface",-68.1311,18.0274,2089
"2026-09-09 18:00:00","2026-09-10 09:00:00","CAPE","surface",-68.1071,18.0274,2192
"2026-09-09 18:00:00","2026-09-10 09:00:00","CAPE","surface",-68.0832,18.0274,2192
"2026-09-09 18:00:00","2026-09-10 09:00:00","CAPE","surface",-68.0593,18.0274,2311
"2026-09-09 18:00:00","2026-09-10 09:00:00","CAPE","surface",-68.0354,18.0274,2387
"2026-09-09 18:00:00","2026-09-10 09:00:00","CAPE","surface",-68.0114,18.0274,2451
"2026-09-09 18:00:00","2026-09-10 09:00:00","CAPE","surface",-67.9875,18.0274,2380
"2026-09-09 18:00:00","2026-09-10 09:00:00","CAPE","surface",-67.9636,18.0274,2386
"2026-09-09 18:00:00","2026-09-10 09:00:00","CAPE","surface",-67.9397,18.0274,2351
"2026-09-09 18:00:00","2026-09-10 09:00:00","CAPE","surface",-67.9157,18.0274,2277
"2026-09-09 18:00:00","2026-09-10 09:00:00","CAPE","surface",-67.8918,18.0274,2167
"2026-09-09 18:00:00","2026-09-10 09:00:00","CAPE","surface",-67.8679,18.0274,1949
"2026-09-09 18:00:00","2026-09-10 09:00:00","CAPE","surface",-67.844,18.0274,1711
"2026-09-09 18:00:00","2026-09-10 09:00:00","CAPE","surface",-67.82,18.0274,1720
"2026-09-09 18:00:00","2026-09-10 09:00:00","CAPE","surface",-67.7961,18.0274,1829
"2026-09-09 18:00:00","2026-09-10 09:00:00","CAPE","surface",-67.7722,18.0274,1869
"2026-09-09 18:00:00","2026-09-10 09:00:00","CAPE","surface",-67.7483,18.0274,1970
"2026-09-09 18:00:00","2026-09-10 09:00:00","CAPE","surface",-67.7243,18.0274,2077
"2026-09-09 18:00:00","2026-09-10 09:00:00","CAPE","surface",-67.7004,18.0274,2144
"2026-09-09 18:00:00","2026-09-10 09:00:00","CAPE","surface",-67.6765,18.0274,2104
"2026-09-09 18:00:00","2026-09-10 09:00:00","CAPE","surface",-67.6526,18.0274,2100
"2026-09-09 18:00:00","2026-09-10 09:00:00","CAPE","surface",-67.6286,18.0274,2214
"2026-09-09 18:00:00","2026-09-10 09:00:00","CAPE","surface",-67.6047,18.0274,2142
"2026-09-09 18:00:00","2026-09-10 09:00:00","CAPE","surface",-67.5808,18.0274,2142
"2026-09-09 18:00:00","2026-09-10 09:00:00","CAPE","surface",-67.5569,18.0274,1998
"2026-09-09 18:00:00","2026-09-10 09:00:00","CAPE","surface",-67.5329,18.0274,2111
"2026-09-09 18:00:00","2026-09-10 09:00:00","CAPE","surface",-67.509,18.0274,1932
"2026-09-09 18:00:00","2026-09-10 09:00:00","CAPE","surface",-67.4851,18.0274,1866
"2026-09-09 18:00:00","2026-09-10 09:00:00","CAPE","surface",-67.4612,18.0274,1894
"2026-09-09 18:00:00","2026-09-10 09:00:00","CAPE","surface",-67.4372,18.0274,1918
"2026-09-09 18:00:00","2026-09-10 09:00:00","CAPE","surface",-67.4133,18.0274,1963
"2026-09-09 18:00:00","2026-09-10 09:00:00","CAPE","surface",-67.3894,18.0274,1999
"2026-09-09 18:00:00","2026-09-10 09:00:00","CAPE","surface",-67.3655,18.0274,1999
"2026-09-09 18:00:00","2026-09-10 09:00:00","CAPE","surface",-67.3415,18.0274,1981
"2026-09-09 18:00:00","2026-09-10 09:00:00","CAPE","surface",-67.3176,18.0274,1900
"2026-09-09 18:00:00","2026-09-10 09:00:00","CAPE","surface",-67.2937,18.0274,1878
"2026-09-09 18:00:00","2026-09-10 09:00:00","CAPE","surface",-67.2698,18.0274,1773
"2026-09-09 18:00:00","2026-09-10 09:00:00","CAPE","surface",-67.2458,18.0274,1736
"2026-09-09 18:00:00","2026-09-10 09:00:00","CAPE","surface",-67.2219,18.0274,1537
"2026-09-09 18:00:00","2026-09-10 09:00:00","CAPE","surface",-67.198,18.0274,1442
"2026-09-09 18:00:00","2026-09-10 09:00:00","CAPE","surface",-67.1741,18.0274,1147
"2026-09-09 18:00:00","2026-09-10 09:00:00","CAPE","surface",-67.1501,18.0274,623
"2026-09-09 18:00:00","2026-09-10 09:00:00","CAPE","surface",-67.1262,18.0274,512
"2026-09-09 18:00:00","2026-09-10 09:00:00","CAPE","surface",-67.1023,18.0274,198
"2026-09-09 18:00:00","2026-09-10 09:00:00","CAPE","surface",-67.0784,18.0274,198
"2026-09-09 18:00:00","2026-09-10 09:00:00","CAPE","surface",-67.0544,18.0274,53
"2026-09-09 18:00:00","2026-09-10 09:00:00","CAPE","surface",-67.0305,18.0274,68
"2026-09-09 18:00:00","2026-09-10 09:00:00","CAPE","surface",-67.0066,18.0274,48
"2026-09-09 18:00:00","2026-09-10 09:00:00","CAPE","surface",-74.7822,18.0502,2563
"2026-09-09 18:00:00","2026-09-10 09:00:00","CAPE","surface",-74.7583,18.0502,2563
"2026-09-09 18:00:00","2026-09-10 09:00:00","CAPE","surface",-74.7344,18.0502,2518
"2026-09-09 18:00:00","2026-09-10 09:00:00","CAPE","surface",-74.7105,18.0502,2523
"2026-09-09 18:00:00","2026-09-10 09:00:00","CAPE","surface",-74.6865,18.0502,2546
"2026-09-09 18:00:00","2026-09-10 09:00:00","CAPE","surface",-74.6626,18.0502,2482
"2026-09-09 18:00:00","2026-09-10 09:00:00","CAPE","surface",-74.6387,18.0502,2599
"2026-09-09 18:00:00","2026-09-10 09:00:00","CAPE","surface",-74.6148,18.0502,2599
"2026-09-09 18:00:00","2026-09-10 09:00:00","CAPE","surface",-74.5908,18.0502,2641
"2026-09-09 18:00:00","2026-09-10 09:00:00","CAPE","surface",-74.5669,18.0502,2535
"2026-09-09 18:00:00","2026-09-10 09:00:00","CAPE","surface",-74.543,18.0502,2597
"2026-09-09 18:00:00","2026-09-10 09:00:00","CAPE","surface",-74.5191,18.0502,2502
"2026-09-09 18:00:00","2026-09-10 09:00:00","CAPE","surface",-74.4951,18.0502,2657
"2026-09-09 18:00:00","2026-09-10 09:00:00","CAPE","surface",-74.4712,18.0502,2657
"2026-09-09 18:00:00","2026-09-10 09:00:00","CAPE","surface",-74.4473,18.0502,2720
"2026-09-09 18:00:00","2026-09-10 09:00:00","CAPE","surface",-74.4234,18.0502,2630
"2026-09-09 18:00:00","2026-09-10 09:00:00","CAPE","surface",-74.3994,18.0502,2590
"2026-09-09 18:00:00","2026-09-10 09:00:00","CAPE","surface",-74.3755,18.0502,2417
"2026-09-09 18:00:00","2026-09-10 09:00:00","CAPE","surface",-74.3516,18.0502,2441
"2026-09-09 18:00:00","2026-09-10 09:00:00","CAPE","surface",-74.3277,18.0502,2441
"2026-09-09 18:00:00","2026-09-10 09:00:00","CAPE","surface",-74.3037,18.0502,2500
"2026-09-09 18:00:00","2026-09-10 09:00:00","CAPE","surface",-74.2798,18.0502,2394
"2026-09-09 18:00:00","2026-09-10 09:00:00","CAPE","surface",-74.2559,18.0502,2477
"2026-09-09 18:00:00","2026-09-10 09:00:00","CAPE","surface",-74.232,18.0502,2382
"2026-09-09 18:00:00","2026-09-10 09:00:00","CAPE","surface",-74.208,18.0502,2486
"2026-09-09 18:00:00","2026-09-10 09:00:00","CAPE","surface",-74.1841,18.0502,2634
"2026-09-09 18:00:00","2026-09-10 09:00:00","CAPE","surface",-74.1602,18.0502,2503
"2026-09-09 18:00:00","2026-09-10 09:00:00","CAPE","surface",-74.1363,18.0502,2496
"2026-09-09 18:00:00","2026-09-10 09:00:00","CAPE","surface",-74.1123,18.0502,2417
"2026-09-09 18:00:00","2026-09-10 09:00:00","CAPE","surface",-74.0884,18.0502,2458
"2026-09-09 18:00:00","2026-09-10 09:00:00","CAPE","surface",-74.0645,18.0502,2437
"2026-09-09 18:00:00","2026-09-10 09:00:00","CAPE","surface",-74.0406,18.0502,2447
"2026-09-09 18:00:00","2026-09-10 09:00:00","CAPE","surface",-74.0166,18.0502,2439
"2026-09-09 18:00:00","2026-09-10 09:00:00","CAPE","surface",-73.9927,18.0502,2405
"2026-09-09 18:00:00","2026-09-10 09:00:00","CAPE","surface",-73.9688,18.0502,2397
"2026-09-09 18:00:00","2026-09-10 09:00:00","CAPE","surface",-73.9449,18.0502,2293
"2026-09-09 18:00:00","2026-09-10 09:00:00","CAPE","surface",-73.9209,18.0502,2215
"2026-09-09 18:00:00","2026-09-10 09:00:00","CAPE","surface",-73.897,18.0502,2074
"2026-09-09 18:00:00","2026-09-10 09:00:00","CAPE","surface",-73.8731,18.0502,1847
"2026-09-09 18:00:00","2026-09-10 09:00:00","CAPE","surface",-73.8492,18.0502,1791
"2026-09-09 18:00:00","2026-09-10 09:00:00","CAPE","surface",-73.8252,18.0502,1772
"2026-09-09 18:00:00","2026-09-10 09:00:00","CAPE","surface",-73.8013,18.0502,1930
"2026-09-09 18:00:00","2026-09-10 09:00:00","CAPE","surface",-73.7774,18.0502,1930
"2026-09-09 18:00:00","2026-09-10 09:00:00","CAPE","surface",-73.7535,18.0502,2157
"2026-09-09 18:00:00","2026-09-10 09:00:00","CAPE","surface",-73.7295,18.0502,2182
"2026-09-09 18:00:00","2026-09-10 09:00:00","CAPE","surface",-73.7056,18.0502,2190
"2026-09-09 18:00:00","2026-09-10 09:00:00","CAPE","surface",-73.6817,18.0502,2251
"2026-09-09 18:00:00","2026-09-10 09:00:00","CAPE","surface",-73.6578,18.0502,2003
"2026-09-09 18:00:00","2026-09-10 09:00:00","CAPE","surface",-73.6338,18.0502,2003
"2026-09-09 18:00:00","2026-09-10 09:00:00","CAPE","surface",-73.6099,18.0502,1980
"2026-09-09 18:00:00","2026-09-10 09:00:00","CAPE","surface",-73.586,18.0502,1933
"2026-09-09 18:00:00","2026-09-10 09:00:00","CAPE","surface",-73.5621,18.0502,2189
"2026-09-09 18:00:00","2026-09-10 09:00:00","CAPE","surface",-73.5381,18.0502,2273
"2026-09-09 18:00:00","2026-09-10 09:00:00","CAPE","surface",-73.5142,18.0502,2354
"2026-09-09 18:00:00","2026-09-10 09:00:00","CAPE","surface",-73.4903,18.0502,2355
"2026-09-09 18:00:00","2026-09-10 09:00:00","CAPE","surface",-73.4664,18.0502,2429
"2026-09-09 18:00:00","2026-09-10 09:00:00","CAPE","surface",-73.4424,18.0502,2463
"2026-09-09 18:00:00","2026-09-10 09:00:00","CAPE","surface",-73.4185,18.0502,2511
"2026-09-09 18:00:00","2026-09-10 09:00:00","CAPE","surface",-73.3946,18.0502,2557
"2026-09-09 18:00:00","2026-09-10 09:00:00","CAPE","surface",-73.3707,18.0502,2557
"2026-09-09 18:00:00","2026-09-10 09:00:00","CAPE","surface",-73.3467,18.0502,2605
"2026-09-09 18:00:00","2026-09-10 09:00:00","CAPE","surface",-73.3228,18.0502,2678
"2026-09-09 18:00:00","2026-09-10 09:00:00","CAPE","surface",-73.2989,18.0502,2650
"2026-09-09 18:00:00","2026-09-10 09:00:00","CAPE","surface",-73.275,18.0502,2664
"2026-09-09 18:00:00","2026-09-10 09:00:00","CAPE","surface",-73.251,18.0502,2552
"2026-09-09 18:00:00","2026-09-10 09:00:00","CAPE","surface",-73.2271,18.0502,2552
"2026-09-09 18:00:00","2026-09-10 09:00:00","CAPE","surface",-73.2032,18.0502,2448
"2026-09-09 18:00:00","2026-09-10 09:00:00","CAPE","surface",-73.1793,18.0502,2457
"2026-09-09 18:00:00","2026-09-10 09:00:00","CAPE","surface",-73.1553,18.0502,2388
"2026-09-09 18:00:00","2026-09-10 09:00:00","CAPE","surface",-73.1314,18.0502,2366
"2026-09-09 18:00:00","2026-09-10 09:00:00","CAPE","surface",-73.1075,18.0502,2326
"2026-09-09 18:00:00","2026-09-10 09:00:00","CAPE","surface",-73.0836,18.0502,2331
"2026-09-09 18:00:00","2026-09-10 09:00:00","CAPE","surface",-73.0596,18.0502,2339
"2026-09-09 18:00:00","2026-09-10 09:00:00","CAPE","surface",-73.0357,18.0502,2374
"2026-09-09 18:00:00","2026-09-10 09:00:00","CAPE","surface",-73.0118,18.0502,2378
"2026-09-09 18:00:00","2026-09-10 09:00:00","CAPE","surface",-72.9879,18.0502,2349
"2026-09-09 18:00:00","2026-09-10 09:00:00","CAPE","surface",-72.9639,18.0502,2349
"2026-09-09 18:00:00","2026-09-10 09:00:00","CAPE","surface",-72.94,18.0502,2309
"2026-09-09 18:00:00","2026-09-10 09:00:00","CAPE","surface",-72.9161,18.0502,2302
"2026-09-09 18:00:00","2026-09-10 09:00:00","CAPE","surface",-72.8922,18.0502,2278
"2026-09-09 18:00:00","2026-09-10 09:00:00","CAPE","surface",-72.8682,18.0502,2277
"2026-09-09 18:00:00","2026-09-10 09:00:00","CAPE","surface",-72.8443,18.0502,2247
"2026-09-09 18:00:00","2026-09-10 09:00:00","CAPE","surface",-72.8204,18.0502,2232
"2026-09-09 18:00:00","2026-09-10 09:00:00","CAPE","surface",-72.7965,18.0502,2199
"2026-09-09 18:00:00","2026-09-10 09:00:00","CAPE","surface",-72.7725,18.0502,2223
"2026-09-09 18:00:00","2026-09-10 09:00:00","CAPE","surface",-72.7486,18.0502,2236
"2026-09-09 18:00:00","2026-09-10 09:00:00","CAPE","surface",-72.7247,18.0502,2266
"2026-09-09 18:00:00","2026-09-10 09:00:00","CAPE","surface",-72.7008,18.0502,2230
"2026-09-09 18:00:00","2026-09-10 09:00:00","CAPE","surface",-72.6768,18.0502,2206
"2026-09-09 18:00:00","2026-09-10 09:00:00","CAPE","surface",-72.6529,18.0502,2229
"2026-09-09 18:00:00","2026-09-10 09:00:00","CAPE","surface",-72.629,18.0502,2170
"2026-09-09 18:00:00","2026-09-10 09:00:00","CAPE","surface",-72.6051,18.0502,2229
"2026-09-09 18:00:00","2026-09-10 09:00:00","CAPE","surface",-72.5811,18.0502,2084
"2026-09-09 18:00:00","2026-09-10 09:00:00","CAPE","surface",-72.5572,18.0502,2172
"2026-09-09 18:00:00","2026-09-10 09:00:00","CAPE","surface",-72.5333,18.0502,2046
"2026-09-09 18:00:00","2026-09-10 09:00:00","CAPE","surface",-72.5094,18.0502,2004
"2026-09-09 18:00:00","2026-09-10 09:00:00","CAPE","surface",-72.4854,18.0502,1928
"2026-09-09 18:00:00","2026-09-10 09:00:00","CAPE","surface",-72.4615,18.0502,1928
"2026-09-09 18:00:00","2026-09-10 09:00:00","CAPE","surface",-72.4376,18.0502,1866
"2026-09-09 18:00:00","2026-09-10 09:00:00","CAPE","surface",-72.4137,18.0502,1867
"2026-09-09 18:00:00","2026-09-10 09:00:00","CAPE","surface",-72.3897,18.0502,1811
"2026-09-09 18:00:00","2026-09-10 09:00:00","CAPE","surface",-72.3658,18.0502,1824
"2026-09-09 18:00:00","2026-09-10 09:00:00","CAPE","surface",-72.3419,18.0502,1760
"2026-09-09 18:00:00","2026-09-10 09:00:00","CAPE","surface",-72.318,18.0502,1722
"2026-09-09 18:00:00","2026-09-10 09:00:00","CAPE","surface",-72.294,18.0502,1764
"2026-09-09 18:00:00","2026-09-10 09:00:00","CAPE","surface",-72.2701,18.0502,1725
"2026-09-09 18:00:00","2026-09-10 09:00:00","CAPE","surface",-72.2462,18.0502,1757
"2026-09-09 18:00:00","2026-09-10 09:00:00","CAPE","surface",-72.2223,18.0502,1732
"2026-09-09 18:00:00","2026-09-10 09:00:00","CAPE","surface",-72.1983,18.0502,1732
"2026-09-09 18:00:00","2026-09-10 09:00:00","CAPE","surface",-72.1744,18.0502,1698
"2026-09-09 18:00:00","2026-09-10 09:00:00","CAPE","surface",-72.1505,18.0502,1723
"2026-09-09 18:00:00","2026-09-10 09:00:00","CAPE","surface",-72.1266,18.0502,1749
"2026-09-09 18:00:00","2026-09-10 09:00:00","CAPE","surface",-72.1026,18.0502,1839
"2026-09-09 18:00:00","2026-09-10 09:00:00","CAPE","surface",-72.0787,18.0502,1718
"2026-09-09 18:00:00","2026-09-10 09:00:00","CAPE","surface",-72.0548,18.0502,1768
"2026-09-09 18:00:00","2026-09-10 09:00:00","CAPE","surface",-72.0309,18.0502,1772
"2026-09-09 18:00:00","2026-09-10 09:00:00","CAPE","surface",-72.0069,18.0502,1812
"2026-09-09 18:00:00","2026-09-10 09:00:00","CAPE","surface",-71.983,18.0502,1798
"2026-09-09 18:00:00","2026-09-10 09:00:00","CAPE","surface",-71.9591,18.0502,1793
"2026-09-09 18:00:00","2026-09-10 09:00:00","CAPE","surface",-71.9352,18.0502,2013
"2026-09-09 18:00:00","2026-09-10 09:00:00","CAPE","surface",-71.9112,18.0502,2363
"2026-09-09 18:00:00","2026-09-10 09:00:00","CAPE","surface",-71.8873,18.0502,2363
"2026-09-09 18:00:00","2026-09-10 09:00:00","CAPE","surface",-71.8634,18.0502,1857
"2026-09-09 18:00:00","2026-09-10 09:00:00","CAPE","surface",-71.8395,18.0502,1857
"2026-09-09 18:00:00","2026-09-10 09:00:00","CAPE","surface",-71.8155,18.0502,1698
"2026-09-09 18:00:00","2026-09-10 09:00:00","CAPE","surface",-71.7916,18.0502,1693
"2026-09-09 18:00:00","2026-09-10 09:00:00","CAPE","surface",-71.7677,18.0502,1157
"2026-09-09 18:00:00","2026-09-10 09:00:00","CAPE","surface",-71.7438,18.0502,958
"2026-09-09 18:00:00","2026-09-10 09:00:00","CAPE","surface",-71.7198,18.0502,789
"2026-09-09 18:00:00","2026-09-10 09:00:00","CAPE","surface",-71.6959,18.0502,729
"2026-09-09 18:00:00","2026-09-10 09:00:00","CAPE","surface",-71.672,18.0502,930
"2026-09-09 18:00:00","2026-09-10 09:00:00","CAPE","surface",-71.6481,18.0502,874
"2026-09-09 18:00:00","2026-09-10 09:00:00","CAPE","surface",-71.6241,18.0502,766
"2026-09-09 18:00:00","2026-09-10 09:00:00","CAPE","surface",-71.6002,18.0502,682
"2026-09-09 18:00:00","2026-09-10 09:00:00","CAPE","surface",-71.5763,18.0502,546
"2026-09-09 18:00:00","2026-09-10 09:00:00","CAPE","surface",-71.5524,18.0502,542
"2026-09-09 18:00:00","2026-09-10 09:00:00","CAPE","surface",-71.5284,18.0502,592
"2026-09-09 18:00:00","2026-09-10 09:00:00","CAPE","surface",-71.5045,18.0502,640
"2026-09-09 18:00:00","2026-09-10 09:00:00","CAPE","surface",-71.4806,18.0502,640
"2026-09-09 18:00:00","2026-09-10 09:00:00","CAPE","surface",-71.4567,18.0502,642
"2026-09-09 18:00:00","2026-09-10 09:00:00","CAPE","surface",-71.4327,18.0502,696
"2026-09-09 18:00:00","2026-09-10 09:00:00","CAPE","surface",-71.4088,18.0502,847
"2026-09-09 18:00:00","2026-09-10 09:00:00","CAPE","surface",-71.3849,18.0502,940
"2026-09-09 18:00:00","2026-09-10 09:00:00","CAPE","surface",-71.361,18.0502,945
"2026-09-09 18:00:00","2026-09-10 09:00:00","CAPE","surface",-71.337,18.0502,959
"2026-09-09 18:00:00","2026-09-10 09:00:00","CAPE","surface",-71.3131,18.0502,886
"2026-09-09 18:00:00","2026-09-10 09:00:00","CAPE","surface",-71.2892,18.0502,964
"2026-09-09 18:00:00","2026-09-10 09:00:00","CAPE","surface",-71.2653,18.0502,942
"2026-09-09 18:00:00","2026-09-10 09:00:00","CAPE","surface",-71.2413,18.0502,1054
"2026-09-09 18:00:00","2026-09-10 09:00:00","CAPE","surface",-71.2174,18.0502,1048
"2026-09-09 18:00:00","2026-09-10 09:00:00","CAPE","surface",-71.1935,18.0502,1114
"2026-09-09 18:00:00","2026-09-10 09:00:00","CAPE","surface",-71.1696,18.0502,1266
"2026-09-09 18:00:00","2026-09-10 09:00:00","CAPE","surface",-71.1456,18.0502,1532
"2026-09-09 18:00:00","2026-09-10 09:00:00","CAPE","surface",-71.1217,18.0502,1532
"2026-09-09 18:00:00","2026-09-10 09:00:00","CAPE","surface",-71.0978,18.0502,1781
"2026-09-09 18:00:00","2026-09-10 09:00:00","CAPE","surface",-71.0739,18.0502,1824
"2026-09-09 18:00:00","2026-09-10 09:00:00","CAPE","surface",-71.0499,18.0502,1779
"2026-09-09 18:00:00","2026-09-10 09:00:00","CAPE","surface",-71.026,18.0502,1758
"2026-09-09 18:00:00","2026-09-10 09:00:00","CAPE","surface",-71.0021,18.0502,1758
"2026-09-09 18:00:00","2026-09-10 09:00:00","CAPE","surface",-70.9782,18.0502,1775
"2026-09-09 18:00:00","2026-09-10 09:00:00","CAPE","surface",-70.9542,18.0502,1825
"2026-09-09 18:00:00","2026-09-10 09:00:00","CAPE","surface",-70.9303,18.0502,1791
"2026-09-09 18:00:00","2026-09-10 09:00:00","CAPE","surface",-70.9064,18.0502,1827
"2026-09-09 18:00:00","2026-09-10 09:00:00","CAPE","surface",-70.8825,18.0502,1804
"2026-09-09 18:00:00","2026-09-10 09:00:00","CAPE","surface",-70.8585,18.0502,1832
"2026-09-09 18:00:00","2026-09-10 09:00:00","CAPE","surface",-70.8346,18.0502,1826
"2026-09-09 18:00:00","2026-09-10 09:00:00","CAPE","surface",-70.8107,18.0502,1794
"2026-09-09 18:00:00","2026-09-10 09:00:00","CAPE","surface",-70.7868,18.0502,1858
"2026-09-09 18:00:00","2026-09-10 09:00:00","CAPE","surface",-70.7628,18.0502,1790
"2026-09-09 18:00:00","2026-09-10 09:00:00","CAPE","surface",-70.7389,18.0502,1853
"2026-09-09 18:00:00","2026-09-10 09:00:00","CAPE","surface",-70.715,18.0502,1835
"2026-09-09 18:00:00","2026-09-10 09:00:00","CAPE","surface",-70.6911,18.0502,1877
"2026-09-09 18:00:00","2026-09-10 09:00:00","CAPE","surface",-70.6671,18.0502,1874
"2026-09-09 18:00:00","2026-09-10 09:00:00","CAPE","surface",-70.6432,18.0502,1874
"2026-09-09 18:00:00","2026-09-10 09:00:00","CAPE","surface",-70.6193,18.0502,1886
"2026-09-09 18:00:00","2026-09-10 09:00:00","CAPE","surface",-70.5954,18.0502,1918
"2026-09-09 18:00:00","2026-09-10 09:00:00","CAPE","surface",-70.5714,18.0502,1912
"2026-09-09 18:00:00","2026-09-10 09:00:00","CAPE","surface",-70.5475,18.0502,1899
"2026-09-09 18:00:00","2026-09-10 09:00:00","CAPE","surface",-70.5236,18.0502,1899
"2026-09-09 18:00:00","2026-09-10 09:00:00","CAPE","surface",-70.4997,18.0502,1882
"2026-09-09 18:00:00","2026-09-10 09:00:00","CAPE","surface",-70.4757,18.0502,1911
"2026-09-09 18:00:00","2026-09-10 09:00:00","CAPE","surface",-70.4518,18.0502,1907
"2026-09-09 18:00:00","2026-09-10 09:00:00","CAPE","surface",-70.4279,18.0502,1907
"2026-09-09 18:00:00","2026-09-10 09:00:00","CAPE","surface",-70.404,18.0502,1935
"2026-09-09 18:00:00","2026-09-10 09:00:00","CAPE","surface",-70.38,18.0502,2042
"2026-09-09 18:00:00","2026-09-10 09:00:00","CAPE","surface",-70.3561,18.0502,2129
"2026-09-09 18:00:00","2026-09-10 09:00:00","CAPE","surface",-70.3322,18.0502,2388
"2026-09-09 18:00:00","2026-09-10 09:00:00","CAPE","surface",-70.3083,18.0502,2270
"2026-09-09 18:00:00","2026-09-10 09:00:00","CAPE","surface",-70.2843,18.0502,2470
"2026-09-09 18:00:00","2026-09-10 09:00:00","CAPE","surface",-70.2604,18.0502,2622
"2026-09-09 18:00:00","2026-09-10 09:00:00","CAPE","surface",-70.2365,18.0502,2637
"2026-09-09 18:00:00","2026-09-10 09:00:00","CAPE","surface",-70.2126,18.0502,2669
"2026-09-09 18:00:00","2026-09-10 09:00:00","CAPE","surface",-70.1886,18.0502,2630
"2026-09-09 18:00:00","2026-09-10 09:00:00","CAPE","surface",-70.1647,18.0502,2703
"2026-09-09 18:00:00","2026-09-10 09:00:00","CAPE","surface",-70.1408,18.0502,2757
"2026-09-09 18:00:00","2026-09-10 09:00:00","CAPE","surface",-70.1169,18.0502,2832
"2026-09-09 18:00:00","2026-09-10 09:00:00","CAPE","surface",-70.0929,18.0502,2877
"2026-09-09 18:00:00","2026-09-10 09:00:00","CAPE","surface",-70.069,18.0502,2871
"2026-09-09 18:00:00","2026-09-10 09:00:00","CAPE","surface",-70.0451,18.0502,2895
"2026-09-09 18:00:00","2026-09-10 09:00:00","CAPE","surface",-70.0212,18.0502,2839
"2026-09-09 18:00:00","2026-09-10 09:00:00","CAPE","surface",-69.9972,18.0502,2819
"2026-09-09 18:00:00","2026-09-10 09:00:00","CAPE","surface",-69.9733,18.0502,2889
"2026-09-09 18:00:00","2026-09-10 09:00:00","CAPE","surface",-69.9494,18.0502,2883
"2026-09-09 18:00:00","2026-09-10 09:00:00","CAPE","surface",-69.9255,18.0502,2941
"2026-09-09 18:00:00","2026-09-10 09:00:00","CAPE","surface",-69.9015,18.0502,2967
"2026-09-09 18:00:00","2026-09-10 09:00:00","CAPE","surface",-69.8776,18.0502,2976
"2026-09-09 18:00:00","2026-09-10 09:00:00","CAPE","surface",-69.8537,18.0502,2960
"2026-09-09 18:00:00","2026-09-10 09:00:00","CAPE","surface",-69.8298,18.0502,3023
"2026-09-09 18:00:00","2026-09-10 09:00:00","CAPE","surface",-69.8058,18.0502,2980
"2026-09-09 18:00:00","2026-09-10 09:00:00","CAPE","surface",-69.7819,18.0502,3054
"2026-09-09 18:00:00","2026-09-10 09:00:00","CAPE","surface",-69.758,18.0502,2889
"2026-09-09 18:00:00","2026-09-10 09:00:00","CAPE","surface",-69.7341,18.0502,3014
"2026-09-09 18:00:00","2026-09-10 09:00:00","CAPE","surface",-69.7101,18.0502,3043
"2026-09-09 18:00:00","2026-09-10 09:00:00","CAPE","surface",-69.6862,18.0502,3223
"2026-09-09 18:00:00","2026-09-10 09:00:00","CAPE","surface",-69.6623,18.0502,3137
"2026-09-09 18:00:00","2026-09-10 09:00:00","CAPE","surface",-69.6384,18.0502,2856
"2026-09-09 18:00:00","2026-09-10 09:00:00","CAPE","surface",-69.6144,18.0502,3070
"2026-09-09 18:00:00","2026-09-10 09:00:00","CAPE","surface",-69.5905,18.0502,3032
"2026-09-09 18:00:00","2026-09-10 09:00:00","CAPE","surface",-69.5666,18.0502,3104
"2026-09-09 18:00:00","2026-09-10 09:00:00","CAPE","surface",-69.5427,18.0502,3007
"2026-09-09 18:00:00","2026-09-10 09:00:00","CAPE","surface",-69.5187,18.0502,3007
"2026-09-09 18:00:00","2026-09-10 09:00:00","CAPE","surface",-69.4948,18.0502,2863
"2026-09-09 18:00:00","2026-09-10 09:00:00","CAPE","surface",-69.4709,18.0502,2649
"2026-09-09 18:00:00","2026-09-10 09:00:00","CAPE","surface",-69.447,18.0502,2322
"2026-09-09 18:00:00","2026-09-10 09:00:00","CAPE","surface",-69.423,18.0502,2327
"2026-09-09 18:00:00","2026-09-10 09:00:00","CAPE","surface",-69.3991,18.0502,2114
"2026-09-09 18:00:00","2026-09-10 09:00:00","CAPE","surface",-69.3752,18.0502,2058
"2026-09-09 18:00:00","2026-09-10 09:00:00","CAPE","surface",-69.3513,18.0502,2115
"2026-09-09 18:00:00","2026-09-10 09:00:00","CAPE","surface",-69.3273,18.0502,2257
"2026-09-09 18:00:00","2026-09-10 09:00:00","CAPE","surface",-69.3034,18.0502,2257
"2026-09-09 18:00:00","2026-09-10 09:00:00","CAPE","surface",-69.2795,18.0502,2371
"2026-09-09 18:00:00","2026-09-10 09:00:00","CAPE","surface",-69.2556,18.0502,2360
"2026-09-09 18:00:00","2026-09-10 09:00:00","CAPE","surface",-69.2316,18.0502,2355
"2026-09-09 18:00:00","2026-09-10 09:00:00","CAPE","surface",-69.2077,18.0502,2482
"2026-09-09 18:00:00","2026-09-10 09:00:00","CAPE","surface",-69.1838,18.0502,2332
"2026-09-09 18:00:00","2026-09-10 09:00:00","CAPE","surface",-69.1599,18.0502,2302
"2026-09-09 18:00:00","2026-09-10 09:00:00","CAPE","surface",-69.1359,18.0502,2247
"2026-09-09 18:00:00","2026-09-10 09:00:00","CAPE","surface",-69.112,18.0502,2266
"2026-09-09 18:00:00","2026-09-10 09:00:00","CAPE","surface",-69.0881,18.0502,2266
"2026-09-09 18:00:00","2026-09-10 09:00:00","CAPE","surface",-69.0642,18.0502,2292
"2026-09-09 18:00:00","2026-09-10 09:00:00","CAPE","surface",-69.0402,18.0502,2312
"2026-09-09 18:00:00","2026-09-10 09:00:00","CAPE","surface",-69.0163,18.0502,2249
"2026-09-09 18:00:00","2026-09-10 09:00:00","CAPE","surface",-68.9924,18.0502,2190
"2026-09-09 18:00:00","2026-09-10 09:00:00","CAPE","surface",-68.9685,18.0502,2245
"2026-09-09 18:00:00","2026-09-10 09:00:00","CAPE","surface",-68.9445,18.0502,2229
"2026-09-09 18:00:00","2026-09-10 09:00:00","CAPE","surface",-68.9206,18.0502,2306
"2026-09-09 18:00:00","2026-09-10 09:00:00","CAPE","surface",-68.8967,18.0502,2339
"2026-09-09 18:00:00","2026-09-10 09:00:00","CAPE","surface",-68.8728,18.0502,2339
"2026-09-09 18:00:00","2026-09-10 09:00:00","CAPE","surface",-68.8488,18.0502,2374
"2026-09-09 18:00:00","2026-09-10 09:00:00","CAPE","surface",-68.8249,18.0502,2396
"2026-09-09 18:00:00","2026-09-10 09:00:00","CAPE","surface",-68.801,18.0502,2317
"2026-09-09 18:00:00","2026-09-10 09:00:00","CAPE","surface",-68.7771,18.0502,2292
"2026-09-09 18:00:00","2026-09-10 09:00:00","CAPE","surface",-68.7531,18.0502,2287
"2026-09-09 18:00:00","2026-09-10 09:00:00","CAPE","surface",-68.7292,18.0502,2298
"2026-09-09 18:00:00","2026-09-10 09:00:00","CAPE","surface",-68.7053,18.0502,2365
"2026-09-09 18:00:00","2026-09-10 09:00:00","CAPE","surface",-68.6813,18.0502,2369
"2026-09-09 18:00:00","2026-09-10 09:00:00","CAPE","surface",-68.6574,18.0502,2369
"2026-09-09 18:00:00","2026-09-10 09:00:00","CAPE","surface",-68.6335,18.0502,2350
"2026-09-09 18:00:00","2026-09-10 09:00:00","CAPE","surface",-68.6096,18.0502,2301
"2026-09-09 18:00:00","2026-09-10 09:00:00","CAPE","surface",-68.5856,18.0502,2409
"2026-09-09 18:00:00","2026-09-10 09:00:00","CAPE","surface",-68.5617,18.0502,2405
"2026-09-09 18:00:00","2026-09-10 09:00:00","CAPE","surface",-68.5378,18.0502,2572
"2026-09-09 18:00:00","2026-09-10 09:00:00","CAPE","surface",-68.5139,18.0502,2816
"2026-09-09 18:00:00","2026-09-10 09:00:00","CAPE","surface",-68.4899,18.0502,2987
"2026-09-09 18:00:00","2026-09-10 09:00:00","CAPE","surface",-68.466,18.0502,3050
"2026-09-09 18:00:00","2026-09-10 09:00:00","CAPE","surface",-68.4421,18.0502,3212
"2026-09-09 18:00:00","2026-09-10 09:00:00","CAPE","surface",-68.4182,18.0502,3266
"2026-09-09 18:00:00","2026-09-10 09:00:00","CAPE","surface",-68.3942,18.0502,3252
"2026-09-09 18:00:00","2026-09-10 09:00:00","CAPE","surface",-68.3703,18.0502,3208
"2026-09-09 18:00:00","2026-09-10 09:00:00","CAPE","surface",-68.3464,18.0502,3158
"2026-09-09 18:00:00","2026-09-10 09:00:00","CAPE","surface",-68.3225,18.0502,3131
"2026-09-09 18:00:00","2026-09-10 09:00:00","CAPE","surface",-68.2985,18.0502,2979
"2026-09-09 18:00:00","2026-09-10 09:00:00","CAPE","surface",-68.2746,18.0502,2782
"2026-09-09 18:00:00","2026-09-10 09:00:00","CAPE","surface",-68.2507,18.0502,2499
"2026-09-09 18:00:00","2026-09-10 09:00:00","CAPE","surface",-68.2268,18.0502,2171
"2026-09-09 18:00:00","2026-09-10 09:00:00","CAPE","surface",-68.2028,18.0502,2105
"2026-09-09 18:00:00","2026-09-10 09:00:00","CAPE","surface",-68.1789,18.0502,2098
"2026-09-09 18:00:00","2026-09-10 09:00:00","CAPE","surface",-68.155,18.0502,2098
"2026-09-09 18:00:00","2026-09-10 09:00:00","CAPE","surface",-68.1311,18.0502,2131
"2026-09-09 18:00:00","2026-09-10 09:00:00","CAPE","surface",-68.1071,18.0502,2155
"2026-09-09 18:00:00","2026-09-10 09:00:00","CAPE","surface",-68.0832,18.0502,2242
"2026-09-09 18:00:00","2026-09-10 09:00:00","CAPE","surface",-68.0593,18.0502,2333
"2026-09-09 18:00:00","2026-09-10 09:00:00","CAPE","surface",-68.0354,18.0502,2333
"2026-09-09 18:00:00","2026-09-10 09:00:00","CAPE","surface",-68.0114,18.0502,2360
"2026-09-09 18:00:00","2026-09-10 09:00:00","CAPE","surface",-67.9875,18.0502,2380
"2026-09-09 18:00:00","2026-09-10 09:00:00","CAPE","surface",-67.9636,18.0502,2355
"2026-09-09 18:00:00","2026-09-10 09:00:00","CAPE","surface",-67.9397,18.0502,2355
"2026-09-09 18:00:00","2026-09-10 09:00:00","CAPE","surface",-67.9157,18.0502,2239
"2026-09-09 18:00:00","2026-09-10 09:00:00","CAPE","surface",-67.8918,18.0502,1747
"2026-09-09 18:00:00","2026-09-10 09:00:00","CAPE","surface",-67.8679,18.0502,1695
"2026-09-09 18:00:00","2026-09-10 09:00:00","CAPE","surface",-67.844,18.0502,1514
"2026-09-09 18:00:00","2026-09-10 09:00:00","CAPE","surface",-67.82,18.0502,1656
"2026-09-09 18:00:00","2026-09-10 09:00:00","CAPE","surface",-67.7961,18.0502,1756
"2026-09-09 18:00:00","2026-09-10 09:00:00","CAPE","surface",-67.7722,18.0502,1869
"2026-09-09 18:00:00","2026-09-10 09:00:00","CAPE","surface",-67.7483,18.0502,1893
"2026-09-09 18:00:00","2026-09-10 09:00:00","CAPE","surface",-67.7243,18.0502,1968
"2026-09-09 18:00:00","2026-09-10 09:00:00","CAPE","surface",-67.7004,18.0502,2035
"2026-09-09 18:00:00","2026-09-10 09:00:00","CAPE","surface",-67.6765,18.0502,2022
"2026-09-09 18:00:00","2026-09-10 09:00:00","CAPE","surface",-67.6526,18.0502,2100
"2026-09-09 18:00:00","2026-09-10 09:00:00","CAPE","surface",-67.6286,18.0502,1974
"2026-09-09 18:00:00","2026-09-10 09:00:00","CAPE","surface",-67.6047,18.0502,2040
"2026-09-09 18:00:00","2026-09-10 09:00:00","CAPE","surface",-67.5808,18.0502,1942
"2026-09-09 18:00:00","2026-09-10 09:00:00","CAPE","surface",-67.5569,18.0502,1873
"2026-09-09 18:00:00","2026-09-10 09:00:00","CAPE","surface",-67.5329,18.0502,1873
"2026-09-09 18:00:00","2026-09-10 09:00:00","CAPE","surface",-67.509,18.0502,1857
"2026-09-09 18:00:00","2026-09-10 09:00:00","CAPE","surface",-67.4851,18.0502,1866
"2026-09-09 18:00:00","2026-09-10 09:00:00","CAPE","surface",-67.4612,18.0502,1887
"2026-09-09 18:00:00","2026-09-10 09:00:00","CAPE","surface",-67.4372,18.0502,1887
"2026-09-09 18:00:00","2026-09-10 09:00:00","CAPE","surface",-67.4133,18.0502,1923
"2026-09-09 18:00:00","2026-09-10 09:00:00","CAPE","surface",-67.3894,18.0502,1938
"2026-09-09 18:00:00","2026-09-10 09:00:00","CAPE","surface",-67.3655,18.0502,1962
"2026-09-09 18:00:00","2026-09-10 09:00:00","CAPE","surface",-67.3415,18.0502,1893
"2026-09-09 18:00:00","2026-09-10 09:00:00","CAPE","surface",-67.3176,18.0502,1911
"2026-09-09 18:00:00","2026-09-10 09:00:00","CAPE","surface",-67.2937,18.0502,1792
"2026-09-09 18:00:00","2026-09-10 09:00:00","CAPE","surface",-67.2698,18.0502,1773
"2026-09-09 18:00:00","2026-09-10 09:00:00","CAPE","surface",-67.2458,18.0502,1629
"2026-09-09 18:00:00","2026-09-10 09:00:00","CAPE","surface",-67.2219,18.0502,1400
"2026-09-09 18:00:00","2026-09-10 09:00:00","CAPE","surface",-67.198,18.0502,1282
"2026-09-09 18:00:00","2026-09-10 09:00:00","CAPE","surface",-67.1741,18.0502,657
"2026-09-09 18:00:00","2026-09-10 09:00:00","CAPE","surface",-67.1501,18.0502,657
"2026-09-09 18:00:00","2026-09-10 09:00:00","CAPE","surface",-67.1262,18.0502,374
"2026-09-09 18:00:00","2026-09-10 09:00:00","CAPE","surface",-67.1023,18.0502,250
"2026-09-09 18:00:00","2026-09-10 09:00:00","CAPE","surface",-67.0784,18.0502,61
"2026-09-09 18:00:00","2026-09-10 09:00:00","CAPE","surface",-67.0544,18.0502,23
"2026-09-09 18:00:00","2026-09-10 09:00:00","CAPE","surface",-67.0305,18.0502,23
"2026-09-09 18:00:00","2026-09-10 09:00:00","CAPE","surface",-67.0066,18.0502,17
"2026-09-09 18:00:00","2026-09-10 09:00:00","CAPE","surface",-74.7822,18.0729,2509
"2026-09-09 18:00:00","2026-09-10 09:00:00","CAPE","surface",-74.7583,18.0729,2439
"2026-09-09 18:00:00","2026-09-10 09:00:00","CAPE","surface",-74.7344,18.0729,2518
"2026-09-09 18:00:00","2026-09-10 09:00:00","CAPE","surface",-74.7105,18.0729,2499
"2026-09-09 18:00:00","2026-09-10 09:00:00","CAPE","surface",-74.6865,18.0729,2499
"2026-09-09 18:00:00","2026-09-10 09:00:00","CAPE","surface",-74.6626,18.0729,2522
"2026-09-09 18:00:00","2026-09-10 09:00:00","CAPE","surface",-74.6387,18.0729,2612
"2026-09-09 18:00:00","2026-09-10 09:00:00","CAPE","surface",-74.6148,18.0729,2648
"2026-09-09 18:00:00","2026-09-10 09:00:00","CAPE","surface",-74.5908,18.0729,2649
"2026-09-09 18:00:00","2026-09-10 09:00:00","CAPE","surface",-74.5669,18.0729,2685
"2026-09-09 18:00:00","2026-09-10 09:00:00","CAPE","surface",-74.543,18.0729,2585
"2026-09-09 18:00:00","2026-09-10 09:00:00","CAPE","surface",-74.5191,18.0729,2689
"2026-09-09 18:00:00","2026-09-10 09:00:00","CAPE","surface",-74.4951,18.0729,2635
"2026-09-09 18:00:00","2026-09-10 09:00:00","CAPE","surface",-74.4712,18.0729,2713
"2026-09-09 18:00:00","2026-09-10 09:00:00","CAPE","surface",-74.4473,18.0729,2670
"2026-09-09 18:00:00","2026-09-10 09:00:00","CAPE","surface",-74.4234,18.0729,2714
"2026-09-09 18:00:00","2026-09-10 09:00:00","CAPE","surface",-74.3994,18.0729,2657
"2026-09-09 18:00:00","2026-09-10 09:00:00","CAPE","surface",-74.3755,18.0729,2686
"2026-09-09 18:00:00","2026-09-10 09:00:00","CAPE","surface",-74.3516,18.0729,2676
"2026-09-09 18:00:00","2026-09-10 09:00:00","CAPE","surface",-74.3277,18.0729,2613
"2026-09-09 18:00:00","2026-09-10 09:00:00","CAPE","surface",-74.3037,18.0729,2659
"2026-09-09 18:00:00","2026-09-10 09:00:00","CAPE","surface",-74.2798,18.0729,2570
"2026-09-09 18:00:00","2026-09-10 09:00:00","CAPE","surface",-74.2559,18.0729,2686
"2026-09-09 18:00:00","2026-09-10 09:00:00","CAPE","surface",-74.232,18.0729,2658
"2026-09-09 18:00:00","2026-09-10 09:00:00","CAPE","surface",-74.208,18.0729,2666
"2026-09-09 18:00:00","2026-09-10 09:00:00","CAPE","surface",-74.1841,18.0729,2634
"2026-09-09 18:00:00","2026-09-10 09:00:00","CAPE","surface",-74.1602,18.0729,2579
"2026-09-09 18:00:00","2026-09-10 09:00:00","CAPE","surface",-74.1363,18.0729,2579
"2026-09-09 18:00:00","2026-09-10 09:00:00","CAPE","surface",-74.1123,18.0729,2525
"2026-09-09 18:00:00","2026-09-10 09:00:00","CAPE","surface",-74.0884,18.0729,2495
"2026-09-09 18:00:00","2026-09-10 09:00:00","CAPE","surface",-74.0645,18.0729,2452
"2026-09-09 18:00:00","2026-09-10 09:00:00","CAPE","surface",-74.0406,18.0729,2447
"2026-09-09 18:00:00","2026-09-10 09:00:00","CAPE","surface",-74.0166,18.0729,2403
"2026-09-09 18:00:00","2026-09-10 09:00:00","CAPE","surface",-73.9927,18.0729,2403
"2026-09-09 18:00:00","2026-09-10 09:00:00","CAPE","surface",-73.9688,18.0729,2352
"2026-09-09 18:00:00","2026-09-10 09:00:00","CAPE","surface",-73.9449,18.0729,2361
"2026-09-09 18:00:00","2026-09-10 09:00:00","CAPE","surface",-73.9209,18.0729,2232
"2026-09-09 18:00:00","2026-09-10 09:00:00","CAPE","surface",-73.897,18.0729,2074
"2026-09-09 18:00:00","2026-09-10 09:00:00","CAPE","surface",-73.8731,18.0729,1871
"2026-09-09 18:00:00","2026-09-10 09:00:00","CAPE","surface",-73.8492,18.0729,2092
"2026-09-09 18:00:00","2026-09-10 09:00:00","CAPE","surface",-73.8252,18.0729,2003
"2026-09-09 18:00:00","2026-09-10 09:00:00","CAPE","surface",-73.8013,18.0729,2228
"2026-09-09 18:00:00","2026-09-10 09:00:00","CAPE","surface",-73.7774,18.0729,2167
"2026-09-09 18:00:00","2026-09-10 09:00:00","CAPE","surface",-73.7535,18.0729,2163
"2026-09-09 18:00:00","2026-09-10 09:00:00","CAPE","surface",-73.7295,18.0729,2138
"2026-09-09 18:00:00","2026-09-10 09:00:00","CAPE","surface",-73.7056,18.0729,2159
"2026-09-09 18:00:00","2026-09-10 09:00:00","CAPE","surface",-73.6817,18.0729,2121
"2026-09-09 18:00:00","2026-09-10 09:00:00","CAPE","surface",-73.6578,18.0729,2005
"2026-09-09 18:00:00","2026-09-10 09:00:00","CAPE","surface",-73.6338,18.0729,1783
"2026-09-09 18:00:00","2026-09-10 09:00:00","CAPE","surface",-73.6099,18.0729,1841
"2026-09-09 18:00:00","2026-09-10 09:00:00","CAPE","surface",-73.586,18.0729,1841
"2026-09-09 18:00:00","2026-09-10 09:00:00","CAPE","surface",-73.5621,18.0729,2052
"2026-09-09 18:00:00","2026-09-10 09:00:00","CAPE","surface",-73.5381,18.0729,2205
"2026-09-09 18:00:00","2026-09-10 09:00:00","CAPE","surface",-73.5142,18.0729,2253
"2026-09-09 18:00:00","2026-09-10 09:00:00","CAPE","surface",-73.4903,18.0729,2355
"2026-09-09 18:00:00","2026-09-10 09:00:00","CAPE","surface",-73.4664,18.0729,2421
"2026-09-09 18:00:00","2026-09-10 09:00:00","CAPE","surface",-73.4424,18.0729,2421
"2026-09-09 18:00:00","2026-09-10 09:00:00","CAPE","surface",-73.4185,18.0729,2424
"2026-09-09 18:00:00","2026-09-10 09:00:00","CAPE","surface",-73.3946,18.0729,2473
"2026-09-09 18:00:00","2026-09-10 09:00:00","CAPE","surface",-73.3707,18.0729,2491
"2026-09-09 18:00:00","2026-09-10 09:00:00","CAPE","surface",-73.3467,18.0729,2530
"2026-09-09 18:00:00","2026-09-10 09:00:00","CAPE","surface",-73.3228,18.0729,2609
"2026-09-09 18:00:00","2026-09-10 09:00:00","CAPE","surface",-73.2989,18.0729,2501
"2026-09-09 18:00:00","2026-09-10 09:00:00","CAPE","surface",-73.275,18.0729,2533
"2026-09-09 18:00:00","2026-09-10 09:00:00","CAPE","surface",-73.251,18.0729,2447
"2026-09-09 18:00:00","2026-09-10 09:00:00","CAPE","surface",-73.2271,18.0729,2447
"2026-09-09 18:00:00","2026-09-10 09:00:00","CAPE","surface",-73.2032,18.0729,2389
"2026-09-09 18:00:00","2026-09-10 09:00:00","CAPE","surface",-73.1793,18.0729,2389
"2026-09-09 18:00:00","2026-09-10 09:00:00","CAPE","surface",-73.1553,18.0729,2315
"2026-09-09 18:00:00","2026-09-10 09:00:00","CAPE","surface",-73.1314,18.0729,2325
"2026-09-09 18:00:00","2026-09-10 09:00:00","CAPE","surface",-73.1075,18.0729,2312
"2026-09-09 18:00:00","2026-09-10 09:00:00","CAPE","surface",-73.0836,18.0729,2331
"2026-09-09 18:00:00","2026-09-10 09:00:00","CAPE","surface",-73.0596,18.0729,2368
"2026-09-09 18:00:00","2026-09-10 09:00:00","CAPE","surface",-73.0357,18.0729,2368
"2026-09-09 18:00:00","2026-09-10 09:00:00","CAPE","surface",-73.0118,18.0729,2381
"2026-09-09 18:00:00","2026-09-10 09:00:00","CAPE","surface",-72.9879,18.0729,2370
"2026-09-09 18:00:00","2026-09-10 09:00:00","CAPE","surface",-72.9639,18.0729,2315
"2026-09-09 18:00:00","2026-09-10 09:00:00","CAPE","surface",-72.94,18.0729,2309
"2026-09-09 18:00:00","2026-09-10 09:00:00","CAPE","surface",-72.9161,18.0729,2289
"2026-09-09 18:00:00","2026-09-10 09:00:00","CAPE","surface",-72.8922,18.0729,2288
"2026-09-09 18:00:00","2026-09-10 09:00:00","CAPE","surface",-72.8682,18.0729,2270
"2026-09-09 18:00:00","2026-09-10 09:00:00","CAPE","surface",-72.8443,18.0729,2242
"2026-09-09 18:00:00","2026-09-10 09:00:00","CAPE","surface",-72.8204,18.0729,2207
"2026-09-09 18:00:00","2026-09-10 09:00:00","CAPE","surface",-72.7965,18.0729,2218
"2026-09-09 18:00:00","2026-09-10 09:00:00","CAPE","surface",-72.7725,18.0729,2199
"2026-09-09 18:00:00","2026-09-10 09:00:00","CAPE","surface",-72.7486,18.0729,2182
"2026-09-09 18:00:00","2026-09-10 09:00:00","CAPE","surface",-72.7247,18.0729,2194
"2026-09-09 18:00:00","2026-09-10 09:00:00","CAPE","surface",-72.7008,18.0729,2150
"2026-09-09 18:00:00","2026-09-10 09:00:00","CAPE","surface",-72.6768,18.0729,2206
"2026-09-09 18:00:00","2026-09-10 09:00:00","CAPE","surface",-72.6529,18.0729,2017
"2026-09-09 18:00:00","2026-09-10 09:00:00","CAPE","surface",-72.629,18.0729,2058
"2026-09-09 18:00:00","2026-09-10 09:00:00","CAPE","surface",-72.6051,18.0729,1939
"2026-09-09 18:00:00","2026-09-10 09:00:00","CAPE","surface",-72.5811,18.0729,2084
"2026-09-09 18:00:00","2026-09-10 09:00:00","CAPE","surface",-72.5572,18.0729,2023
"2026-09-09 18:00:00","2026-09-10 09:00:00","CAPE","surface",-72.5333,18.0729,2023
"2026-09-09 18:00:00","2026-09-10 09:00:00","CAPE","surface",-72.5094,18.0729,1865
"2026-09-09 18:00:00","2026-09-10 09:00:00","CAPE","surface",-72.4854,18.0729,1806
"2026-09-09 18:00:00","2026-09-10 09:00:00","CAPE","surface",-72.4615,18.0729,1873
"2026-09-09 18:00:00","2026-09-10 09:00:00","CAPE","surface",-72.4376,18.0729,1789
"2026-09-09 18:00:00","2026-09-10 09:00:00","CAPE","surface",-72.4137,18.0729,1789
"2026-09-09 18:00:00","2026-09-10 09:00:00","CAPE","surface",-72.3897,18.0729,1699
"2026-09-09 18:00:00","2026-09-10 09:00:00","CAPE","surface",-72.3658,18.0729,1727
"2026-09-09 18:00:00","2026-09-10 09:00:00","CAPE","surface",-72.3419,18.0729,1670
"2026-09-09 18:00:00","2026-09-10 09:00:00","CAPE","surface",-72.318,18.0729,1722
"2026-09-09 18:00:00","2026-09-10 09:00:00","CAPE","surface",-72.294,18.0729,1670
"2026-09-09 18:00:00","2026-09-10 09:00:00","CAPE","surface",-72.2701,18.0729,1670
"2026-09-09 18:00:00","2026-09-10 09:00:00","CAPE","surface",-72.2462,18.0729,1623
"2026-09-09 18:00:00","2026-09-10 09:00:00","CAPE","surface",-72.2223,18.0729,1688
"2026-09-09 18:00:00","2026-09-10 09:00:00","CAPE","surface",-72.1983,18.0729,1675
"2026-09-09 18:00:00","2026-09-10 09:00:00","CAPE","surface",-72.1744,18.0729,1698
"2026-09-09 18:00:00","2026-09-10 09:00:00","CAPE","surface",-72.1505,18.0729,1615
"2026-09-09 18:00:00","2026-09-10 09:00:00","CAPE","surface",-72.1266,18.0729,1609
"2026-09-09 18:00:00","2026-09-10 09:00:00","CAPE","surface",-72.1026,18.0729,1661
"2026-09-09 18:00:00","2026-09-10 09:00:00","CAPE","surface",-72.0787,18.0729,1667
"2026-09-09 18:00:00","2026-09-10 09:00:00","CAPE","surface",-72.0548,18.0729,1755
"2026-09-09 18:00:00","2026-09-10 09:00:00","CAPE","surface",-72.0309,18.0729,1587
"2026-09-09 18:00:00","2026-09-10 09:00:00","CAPE","surface",-72.0069,18.0729,1612
"2026-09-09 18:00:00","2026-09-10 09:00:00","CAPE","surface",-71.983,18.0729,1692
"2026-09-09 18:00:00","2026-09-10 09:00:00","CAPE","surface",-71.9591,18.0729,1793
"2026-09-09 18:00:00","2026-09-10 09:00:00","CAPE","surface",-71.9352,18.0729,2258
"2026-09-09 18:00:00","2026-09-10 09:00:00","CAPE","surface",-71.9112,18.0729,2258
"2026-09-09 18:00:00","2026-09-10 09:00:00","CAPE","surface",-71.8873,18.0729,2252
"2026-09-09 18:00:00","2026-09-10 09:00:00","CAPE","surface",-71.8634,18.0729,2074
"2026-09-09 18:00:00","2026-09-10 09:00:00","CAPE","surface",-71.8395,18.0729,1709
"2026-09-09 18:00:00","2026-09-10 09:00:00","CAPE","surface",-71.8155,18.0729,1698
"2026-09-09 18:00:00","2026-09-10 09:00:00","CAPE","surface",-71.7916,18.0729,1131
"2026-09-09 18:00:00","2026-09-10 09:00:00","CAPE","surface",-71.7677,18.0729,1058
"2026-09-09 18:00:00","2026-09-10 09:00:00","CAPE","surface",-71.7438,18.0729,977
"2026-09-09 18:00:00","2026-09-10 09:00:00","CAPE","surface",-71.7198,18.0729,713
"2026-09-09 18:00:00","2026-09-10 09:00:00","CAPE","surface",-71.6959,18.0729,789
"2026-09-09 18:00:00","2026-09-10 09:00:00","CAPE","surface",-71.672,18.0729,867
"2026-09-09 18:00:00","2026-09-10 09:00:00","CAPE","surface",-71.6481,18.0729,883
"2026-09-09 18:00:00","2026-09-10 09:00:00","CAPE","surface",-71.6241,18.0729,732
"2026-09-09 18:00:00","2026-09-10 09:00:00","CAPE","surface",-71.6002,18.0729,682
"2026-09-09 18:00:00","2026-09-10 09:00:00","CAPE","surface",-71.5763,18.0729,497
"2026-09-09 18:00:00","2026-09-10 09:00:00","CAPE","surface",-71.5524,18.0729,497
"2026-09-09 18:00:00","2026-09-10 09:00:00","CAPE","surface",-71.5284,18.0729,530
"2026-09-09 18:00:00","2026-09-10 09:00:00","CAPE","surface",-71.5045,18.0729,638
"2026-09-09 18:00:00","2026-09-10 09:00:00","CAPE","surface",-71.4806,18.0729,609
"2026-09-09 18:00:00","2026-09-10 09:00:00","CAPE","surface",-71.4567,18.0729,669
"2026-09-09 18:00:00","2026-09-10 09:00:00","CAPE","surface",-71.4327,18.0729,669
"2026-09-09 18:00:00","2026-09-10 09:00:00","CAPE","surface",-71.4088,18.0729,747
"2026-09-09 18:00:00","2026-09-10 09:00:00","CAPE","surface",-71.3849,18.0729,847
"2026-09-09 18:00:00","2026-09-10 09:00:00","CAPE","surface",-71.361,18.0729,959
"2026-09-09 18:00:00","2026-09-10 09:00:00","CAPE","surface",-71.337,18.0729,959
"2026-09-09 18:00:00","2026-09-10 09:00:00","CAPE","surface",-71.3131,18.0729,998
"2026-09-09 18:00:00","2026-09-10 09:00:00","CAPE","surface",-71.2892,18.0729,1015
"2026-09-09 18:00:00","2026-09-10 09:00:00","CAPE","surface",-71.2653,18.0729,1107
"2026-09-09 18:00:00","2026-09-10 09:00:00","CAPE","surface",-71.2413,18.0729,1054
"2026-09-09 18:00:00","2026-09-10 09:00:00","CAPE","surface",-71.2174,18.0729,1127
"2026-09-09 18:00:00","2026-09-10 09:00:00","CAPE","surface",-71.1935,18.0729,1187
"2026-09-09 18:00:00","2026-09-10 09:00:00","CAPE","surface",-71.1696,18.0729,1164
"2026-09-09 18:00:00","2026-09-10 09:00:00","CAPE","surface",-71.1456,18.0729,1447
"2026-09-09 18:00:00","2026-09-10 09:00:00","CAPE","surface",-71.1217,18.0729,1622
"2026-09-09 18:00:00","2026-09-10 09:00:00","CAPE","surface",-71.0978,18.0729,1792
"2026-09-09 18:00:00","2026-09-10 09:00:00","CAPE","surface",-71.0739,18.0729,1792
"2026-09-09 18:00:00","2026-09-10 09:00:00","CAPE","surface",-71.0499,18.0729,1758
"2026-09-09 18:00:00","2026-09-10 09:00:00","CAPE","surface",-71.026,18.0729,1759
"2026-09-09 18:00:00","2026-09-10 09:00:00","CAPE","surface",-71.0021,18.0729,1746
"2026-09-09 18:00:00","2026-09-10 09:00:00","CAPE","surface",-70.9782,18.0729,1775
"2026-09-09 18:00:00","2026-09-10 09:00:00","CAPE","surface",-70.9542,18.0729,1731
"2026-09-09 18:00:00","2026-09-10 09:00:00","CAPE","surface",-70.9303,18.0729,1738
"2026-09-09 18:00:00","2026-09-10 09:00:00","CAPE","surface",-70.9064,18.0729,1776
"2026-09-09 18:00:00","2026-09-10 09:00:00","CAPE","surface",-70.8825,18.0729,1802
"2026-09-09 18:00:00","2026-09-10 09:00:00","CAPE","surface",-70.8585,18.0729,1805
"2026-09-09 18:00:00","2026-09-10 09:00:00","CAPE","surface",-70.8346,18.0729,1801
"2026-09-09 18:00:00","2026-09-10 09:00:00","CAPE","surface",-70.8107,18.0729,1784
"2026-09-09 18:00:00","2026-09-10 09:00:00","CAPE","surface",-70.7868,18.0729,1757
"2026-09-09 18:00:00","2026-09-10 09:00:00","CAPE","surface",-70.7628,18.0729,1790
"2026-09-09 18:00:00","2026-09-10 09:00:00","CAPE","surface",-70.7389,18.0729,1777
"2026-09-09 18:00:00","2026-09-10 09:00:00","CAPE","surface",-70.715,18.0729,1777
"2026-09-09 18:00:00","2026-09-10 09:00:00","CAPE","surface",-70.6911,18.0729,1752
"2026-09-09 18:00:00","2026-09-10 09:00:00","CAPE","surface",-70.6671,18.0729,1763
"2026-09-09 18:00:00","2026-09-10 09:00:00","CAPE","surface",-70.6432,18.0729,1838
"2026-09-09 18:00:00","2026-09-10 09:00:00","CAPE","surface",-70.6193,18.0729,1851
"2026-09-09 18:00:00","2026-09-10 09:00:00","CAPE","surface",-70.5954,18.0729,1851
"2026-09-09 18:00:00","2026-09-10 09:00:00","CAPE","surface",-70.5714,18.0729,1847
"2026-09-09 18:00:00","2026-09-10 09:00:00","CAPE","surface",-70.5475,18.0729,1870
"2026-09-09 18:00:00","2026-09-10 09:00:00","CAPE","surface",-70.5236,18.0729,1848
"2026-09-09 18:00:00","2026-09-10 09:00:00","CAPE","surface",-70.4997,18.0729,1848
"2026-09-09 18:00:00","2026-09-10 09:00:00","CAPE","surface",-70.4757,18.0729,1846
"2026-09-09 18:00:00","2026-09-10 09:00:00","CAPE","surface",-70.4518,18.0729,1872
"2026-09-09 18:00:00","2026-09-10 09:00:00","CAPE","surface",-70.4279,18.0729,1876
"2026-09-09 18:00:00","2026-09-10 09:00:00","CAPE","surface",-70.404,18.0729,1888
"2026-09-09 18:00:00","2026-09-10 09:00:00","CAPE","surface",-70.38,18.0729,1888
"2026-09-09 18:00:00","2026-09-10 09:00:00","CAPE","surface",-70.3561,18.0729,1922
"2026-09-09 18:00:00","2026-09-10 09:00:00","CAPE","surface",-70.3322,18.0729,2065
"2026-09-09 18:00:00","2026-09-10 09:00:00","CAPE","surface",-70.3083,18.0729,2187
"2026-09-09 18:00:00","2026-09-10 09:00:00","CAPE","surface",-70.2843,18.0729,2470
"2026-09-09 18:00:00","2026-09-10 09:00:00","CAPE","surface",-70.2604,18.0729,2360
"2026-09-09 18:00:00","2026-09-10 09:00:00","CAPE","surface",-70.2365,18.0729,2581
"2026-09-09 18:00:00","2026-09-10 09:00:00","CAPE","surface",-70.2126,18.0729,2622
"2026-09-09 18:00:00","2026-09-10 09:00:00","CAPE","surface",-70.1886,18.0729,2621
"2026-09-09 18:00:00","2026-09-10 09:00:00","CAPE","surface",-70.1647,18.0729,2665
"2026-09-09 18:00:00","2026-09-10 09:00:00","CAPE","surface",-70.1408,18.0729,2649
"2026-09-09 18:00:00","2026-09-10 09:00:00","CAPE","surface",-70.1169,18.0729,2723
"2026-09-09 18:00:00","2026-09-10 09:00:00","CAPE","surface",-70.0929,18.0729,2814
"2026-09-09 18:00:00","2026-09-10 09:00:00","CAPE","surface",-70.069,18.0729,2871
"2026-09-09 18:00:00","2026-09-10 09:00:00","CAPE","surface",-70.0451,18.0729,2855
"2026-09-09 18:00:00","2026-09-10 09:00:00","CAPE","surface",-70.0212,18.0729,2894
"2026-09-09 18:00:00","2026-09-10 09:00:00","CAPE","surface",-69.9972,18.0729,2893
"2026-09-09 18:00:00","2026-09-10 09:00:00","CAPE","surface",-69.9733,18.0729,2889
"2026-09-09 18:00:00","2026-09-10 09:00:00","CAPE","surface",-69.9494,18.0729,2920
"2026-09-09 18:00:00","2026-09-10 09:00:00","CAPE","surface",-69.9255,18.0729,2920
"2026-09-09 18:00:00","2026-09-10 09:00:00","CAPE","surface",-69.9015,18.0729,2936
"2026-09-09 18:00:00","2026-09-10 09:00:00","CAPE","surface",-69.8776,18.0729,2937
"2026-09-09 18:00:00","2026-09-10 09:00:00","CAPE","surface",-69.8537,18.0729,2960
"2026-09-09 18:00:00","2026-09-10 09:00:00","CAPE","surface",-69.8298,18.0729,2947
"2026-09-09 18:00:00","2026-09-10 09:00:00","CAPE","surface",-69.8058,18.0729,2947
"2026-09-09 18:00:00","2026-09-10 09:00:00","CAPE","surface",-69.7819,18.0729,2872
"2026-09-09 18:00:00","2026-09-10 09:00:00","CAPE","surface",-69.758,18.0729,2889
"2026-09-09 18:00:00","2026-09-10 09:00:00","CAPE","surface",-69.7341,18.0729,2832
"2026-09-09 18:00:00","2026-09-10 09:00:00","CAPE","surface",-69.7101,18.0729,2623
"2026-09-09 18:00:00","2026-09-10 09:00:00","CAPE","surface",-69.6862,18.0729,2713
"2026-09-09 18:00:00","2026-09-10 09:00:00","CAPE","surface",-69.6623,18.0729,2622
"2026-09-09 18:00:00","2026-09-10 09:00:00","CAPE","surface",-69.6384,18.0729,2856
"2026-09-09 18:00:00","2026-09-10 09:00:00","CAPE","surface",-69.6144,18.0729,2821
"2026-09-09 18:00:00","2026-09-10 09:00:00","CAPE","surface",-69.5905,18.0729,2821
"2026-09-09 18:00:00","2026-09-10 09:00:00","CAPE","surface",-69.5666,18.0729,2809
"2026-09-09 18:00:00","2026-09-10 09:00:00","CAPE","surface",-69.5427,18.0729,2987
"2026-09-09 18:00:00","2026-09-10 09:00:00","CAPE","surface",-69.5187,18.0729,2921
"2026-09-09 18:00:00","2026-09-10 09:00:00","CAPE","surface",-69.4948,18.0729,2804
"2026-09-09 18:00:00","2026-09-10 09:00:00","CAPE","surface",-69.4709,18.0729,2808
"2026-09-09 18:00:00","2026-09-10 09:00:00","CAPE","surface",-69.447,18.0729,2615
"2026-09-09 18:00:00","2026-09-10 09:00:00","CAPE","surface",-69.423,18.0729,2327
"2026-09-09 18:00:00","2026-09-10 09:00:00","CAPE","surface",-69.3991,18.0729,2119
"2026-09-09 18:00:00","2026-09-10 09:00:00","CAPE","surface",-69.3752,18.0729,2119
"2026-09-09 18:00:00","2026-09-10 09:00:00","CAPE","surface",-69.3513,18.0729,2056
"2026-09-09 18:00:00","2026-09-10 09:00:00","CAPE","surface",-69.3273,18.0729,2115
"2026-09-09 18:00:00","2026-09-10 09:00:00","CAPE","surface",-69.3034,18.0729,2266
"2026-09-09 18:00:00","2026-09-10 09:00:00","CAPE","surface",-69.2795,18.0729,2405
"2026-09-09 18:00:00","2026-09-10 09:00:00","CAPE","surface",-69.2556,18.0729,2405
"2026-09-09 18:00:00","2026-09-10 09:00:00","CAPE","surface",-69.2316,18.0729,2523
"2026-09-09 18:00:00","2026-09-10 09:00:00","CAPE","surface",-69.2077,18.0729,2482
"2026-09-09 18:00:00","2026-09-10 09:00:00","CAPE","surface",-69.1838,18.0729,2452
"2026-09-09 18:00:00","2026-09-10 09:00:00","CAPE","surface",-69.1599,18.0729,2452
"2026-09-09 18:00:00","2026-09-10 09:00:00","CAPE","surface",-69.1359,18.0729,2370
"2026-09-09 18:00:00","2026-09-10 09:00:00","CAPE","surface",-69.112,18.0729,2280
"2026-09-09 18:00:00","2026-09-10 09:00:00","CAPE","surface",-69.0881,18.0729,2255
"2026-09-09 18:00:00","2026-09-10 09:00:00","CAPE","surface",-69.0642,18.0729,2235
"2026-09-09 18:00:00","2026-09-10 09:00:00","CAPE","surface",-69.0402,18.0729,2235
"2026-09-09 18:00:00","2026-09-10 09:00:00","CAPE","surface",-69.0163,18.0729,2189
"2026-09-09 18:00:00","2026-09-10 09:00:00","CAPE","surface",-68.9924,18.0729,2190
"2026-09-09 18:00:00","2026-09-10 09:00:00","CAPE","surface",-68.9685,18.0729,2165
"2026-09-09 18:00:00","2026-09-10 09:00:00","CAPE","surface",-68.9445,18.0729,2165
"2026-09-09 18:00:00","2026-09-10 09:00:00","CAPE","surface",-68.9206,18.0729,2146
"2026-09-09 18:00:00","2026-09-10 09:00:00","CAPE","surface",-68.8967,18.0729,2202
"2026-09-09 18:00:00","2026-09-10 09:00:00","CAPE","surface",-68.8728,18.0729,2317
"2026-09-09 18:00:00","2026-09-10 09:00:00","CAPE","surface",-68.8488,18.0729,2261
"2026-09-09 18:00:00","2026-09-10 09:00:00","CAPE","surface",-68.8249,18.0729,2317
"2026-09-09 18:00:00","2026-09-10 09:00:00","CAPE","surface",-68.801,18.0729,2286
"2026-09-09 18:00:00","2026-09-10 09:00:00","CAPE","surface",-68.7771,18.0729,2292
"2026-09-09 18:00:00","2026-09-10 09:00:00","CAPE","surface",-68.7531,18.0729,2263
"2026-09-09 18:00:00","2026-09-10 09:00:00","CAPE","surface",-68.7292,18.0729,2263
"2026-09-09 18:00:00","2026-09-10 09:00:00","CAPE","surface",-68.7053,18.0729,2229
"2026-09-09 18:00:00","2026-09-10 09:00:00","CAPE","surface",-68.6813,18.0729,2183
"2026-09-09 18:00:00","2026-09-10 09:00:00","CAPE","surface",-68.6574,18.0729,2315
"2026-09-09 18:00:00","2026-09-10 09:00:00","CAPE","surface",-68.6335,18.0729,2214
"2026-09-09 18:00:00","2026-09-10 09:00:00","CAPE","surface",-68.6096,18.0729,2256
"2026-09-09 18:00:00","2026-09-10 09:00:00","CAPE","surface",-68.5856,18.0729,2275
"2026-09-09 18:00:00","2026-09-10 09:00:00","CAPE","surface",-68.5617,18.0729,2405
"2026-09-09 18:00:00","2026-09-10 09:00:00","CAPE","surface",-68.5378,18.0729,2618
"2026-09-09 18:00:00","2026-09-10 09:00:00","CAPE","surface",-68.5139,18.0729,2632
"2026-09-09 18:00:00","2026-09-10 09:00:00","CAPE","surface",-68.4899,18.0729,2853
"2026-09-09 18:00:00","2026-09-10 09:00:00","CAPE","surface",-68.466,18.0729,3052
"2026-09-09 18:00:00","2026-09-10 09:00:00","CAPE","surface",-68.4421,18.0729,3212
"2026-09-09 18:00:00","2026-09-10 09:00:00","CAPE","surface",-68.4182,18.0729,3060
"2026-09-09 18:00:00","2026-09-10 09:00:00","CAPE","surface",-68.3942,18.0729,3201
"2026-09-09 18:00:00","2026-09-10 09:00:00","CAPE","surface",-68.3703,18.0729,3103
"2026-09-09 18:00:00","2026-09-10 09:00:00","CAPE","surface",-68.3464,18.0729,3158
"2026-09-09 18:00:00","2026-09-10 09:00:00","CAPE","surface",-68.3225,18.0729,2891
"2026-09-09 18:00:00","2026-09-10 09:00:00","CAPE","surface",-68.2985,18.0729,2446
"2026-09-09 18:00:00","2026-09-10 09:00:00","CAPE","surface",-68.2746,18.0729,2532
"2026-09-09 18:00:00","2026-09-10 09:00:00","CAPE","surface",-68.2507,18.0729,2171
"2026-09-09 18:00:00","2026-09-10 09:00:00","CAPE","surface",-68.2268,18.0729,2171
"2026-09-09 18:00:00","2026-09-10 09:00:00","CAPE","surface",-68.2028,18.0729,2111
"2026-09-09 18:00:00","2026-09-10 09:00:00","CAPE","surface",-68.1789,18.0729,2110
"2026-09-09 18:00:00","2026-09-10 09:00:00","CAPE","surface",-68.155,18.0729,2118
"2026-09-09 18:00:00","2026-09-10 09:00:00","CAPE","surface",-68.1311,18.0729,2154
"2026-09-09 18:00:00","2026-09-10 09:00:00","CAPE","surface",-68.1071,18.0729,2154
"2026-09-09 18:00:00","2026-09-10 09:00:00","CAPE","surface",-68.0832,18.0729,2228
"2026-09-09 18:00:00","2026-09-10 09:00:00","CAPE","surface",-68.0593,18.0729,2276
"2026-09-09 18:00:00","2026-09-10 09:00:00","CAPE","surface",-68.0354,18.0729,2327
"2026-09-09 18:00:00","2026-09-10 09:00:00","CAPE","surface",-68.0114,18.0729,2327
"2026-09-09 18:00:00","2026-09-10 09:00:00","CAPE","surface",-67.9875,18.0729,2324
"2026-09-09 18:00:00","2026-09-10 09:00:00","CAPE","surface",-67.9636,18.0729,2249
"2026-09-09 18:00:00","2026-09-10 09:00:00","CAPE","surface",-67.9397,18.0729,2233
"2026-09-09 18:00:00","2026-09-10 09:00:00","CAPE","surface",-67.9157,18.0729,1771
"2026-09-09 18:00:00","2026-09-10 09:00:00","CAPE","surface",-67.8918,18.0729,1771
"2026-09-09 18:00:00","2026-09-10 09:00:00","CAPE","surface",-67.8679,18.0729,1391
"2026-09-09 18:00:00","2026-09-10 09:00:00","CAPE","surface",-67.844,18.0729,1514
"2026-09-09 18:00:00","2026-09-10 09:00:00","CAPE","surface",-67.82,18.0729,1669
"2026-09-09 18:00:00","2026-09-10 09:00:00","CAPE","surface",-67.7961,18.0729,1690
"2026-09-09 18:00:00","2026-09-10 09:00:00","CAPE","surface",-67.7722,18.0729,1783
"2026-09-09 18:00:00","2026-09-10 09:00:00","CAPE","surface",-67.7483,18.0729,1893
"2026-09-09 18:00:00","2026-09-10 09:00:00","CAPE","surface",-67.7243,18.0729,1968
"2026-09-09 18:00:00","2026-09-10 09:00:00","CAPE","surface",-67.7004,18.0729,1941
"2026-09-09 18:00:00","2026-09-10 09:00:00","CAPE","surface",-67.6765,18.0729,1976
"2026-09-09 18:00:00","2026-09-10 09:00:00","CAPE","surface",-67.6526,18.0729,1938
"2026-09-09 18:00:00","2026-09-10 09:00:00","CAPE","surface",-67.6286,18.0729,1888
"2026-09-09 18:00:00","2026-09-10 09:00:00","CAPE","surface",-67.6047,18.0729,1888
"2026-09-09 18:00:00","2026-09-10 09:00:00","CAPE","surface",-67.5808,18.0729,1861
"2026-09-09 18:00:00","2026-09-10 09:00:00","CAPE","surface",-67.5569,18.0729,1862
"2026-09-09 18:00:00","2026-09-10 09:00:00","CAPE","surface",-67.5329,18.0729,1852
"2026-09-09 18:00:00","2026-09-10 09:00:00","CAPE","surface",-67.509,18.0729,1852
"2026-09-09 18:00:00","2026-09-10 09:00:00","CAPE","surface",-67.4851,18.0729,1853
"2026-09-09 18:00:00","2026-09-10 09:00:00","CAPE","surface",-67.4612,18.0729,1876
"2026-09-09 18:00:00","2026-09-10 09:00:00","CAPE","surface",-67.4372,18.0729,1891
"2026-09-09 18:00:00","2026-09-10 09:00:00","CAPE","surface",-67.4133,18.0729,1905
"2026-09-09 18:00:00","2026-09-10 09:00:00","CAPE","surface",-67.3894,18.0729,1905
"2026-09-09 18:00:00","2026-09-10 09:00:00","CAPE","surface",-67.3655,18.0729,1889
"2026-09-09 18:00:00","2026-09-10 09:00:00","CAPE","surface",-67.3415,18.0729,1893
"2026-09-09 18:00:00","2026-09-10 09:00:00","CAPE","surface",-67.3176,18.0729,1810
"2026-09-09 18:00:00","2026-09-10 09:00:00","CAPE","surface",-67.2937,18.0729,1706
"2026-09-09 18:00:00","2026-09-10 09:00:00","CAPE","surface",-67.2698,18.0729,1664
"2026-09-09 18:00:00","2026-09-10 09:00:00","CAPE","surface",-67.2458,18.0729,1493
"2026-09-09 18:00:00","2026-09-10 09:00:00","CAPE","surface",-67.2219,18.0729,1400
"2026-09-09 18:00:00","2026-09-10 09:00:00","CAPE","surface",-67.198,18.0729,1254
"2026-09-09 18:00:00","2026-09-10 09:00:00","CAPE","surface",-67.1741,18.0729,1010
"2026-09-09 18:00:00","2026-09-10 09:00:00","CAPE","surface",-67.1501,18.0729,552
"2026-09-09 18:00:00","2026-09-10 09:00:00","CAPE","surface",-67.1262,18.0729,240
"2026-09-09 18:00:00","2026-09-10 09:00:00","CAPE","surface",-67.1023,18.0729,240
"2026-09-09 18:00:00","2026-09-10 09:00:00","CAPE","surface",-67.0784,18.0729,59
"2026-09-09 18:00:00","2026-09-10 09:00:00","CAPE","surface",-67.0544,18.0729,30
"2026-09-09 18:00:00","2026-09-10 09:00:00","CAPE","surface",-67.0305,18.0729,21
"2026-09-09 18:00:00","2026-09-10 09:00:00","CAPE","surface",-67.0066,18.0729,21
"2026-09-09 18:00:00","2026-09-10 09:00:00","CAPE","surface",-74.7822,18.0957,2304
"2026-09-09 18:00:00","2026-09-10 09:00:00","CAPE","surface",-74.7583,18.0957,2196
"2026-09-09 18:00:00","2026-09-10 09:00:00","CAPE","surface",-74.7344,18.0957,2271
"2026-09-09 18:00:00","2026-09-10 09:00:00","CAPE","surface",-74.7105,18.0957,2229
"2026-09-09 18:00:00","2026-09-10 09:00:00","CAPE","surface",-74.6865,18.0957,2371
"2026-09-09 18:00:00","2026-09-10 09:00:00","CAPE","surface",-74.6626,18.0957,2352
"2026-09-09 18:00:00","2026-09-10 09:00:00","CAPE","surface",-74.6387,18.0957,2352
"2026-09-09 18:00:00","2026-09-10 09:00:00","CAPE","surface",-74.6148,18.0957,2294
"2026-09-09 18:00:00","2026-09-10 09:00:00","CAPE","surface",-74.5908,18.0957,2494
"2026-09-09 18:00:00","2026-09-10 09:00:00","CAPE","surface",-74.5669,18.0957,2430
"2026-09-09 18:00:00","2026-09-10 09:00:00","CAPE","surface",-74.543,18.0957,2585
"2026-09-09 18:00:00","2026-09-10 09:00:00","CAPE","surface",-74.5191,18.0957,2515
"2026-09-09 18:00:00","2026-09-10 09:00:00","CAPE","surface",-74.4951,18.0957,2515
"2026-09-09 18:00:00","2026-09-10 09:00:00","CAPE","surface",-74.4712,18.0957,2444
"2026-09-09 18:00:00","2026-09-10 09:00:00","CAPE","surface",-74.4473,18.0957,2572
"2026-09-09 18:00:00","2026-09-10 09:00:00","CAPE","surface",-74.4234,18.0957,2525
"2026-09-09 18:00:00","2026-09-10 09:00:00","CAPE","surface",-74.3994,18.0957,2657
"2026-09-09 18:00:00","2026-09-10 09:00:00","CAPE","surface",-74.3755,18.0957,2627
"2026-09-09 18:00:00","2026-09-10 09:00:00","CAPE","surface",-74.3516,18.0957,2627
"2026-09-09 18:00:00","2026-09-10 09:00:00","CAPE","surface",-74.3277,18.0957,2602
"2026-09-09 18:00:00","2026-09-10 09:00:00","CAPE","surface",-74.3037,18.0957,2674
"2026-09-09 18:00:00","2026-09-10 09:00:00","CAPE","surface",-74.2798,18.0957,2659
"2026-09-09 18:00:00","2026-09-10 09:00:00","CAPE","surface",-74.2559,18.0957,2686
"2026-09-09 18:00:00","2026-09-10 09:00:00","CAPE","surface",-74.232,18.0957,2658
"2026-09-09 18:00:00","2026-09-10 09:00:00","CAPE","surface",-74.208,18.0957,2514
"2026-09-09 18:00:00","2026-09-10 09:00:00","CAPE","surface",-74.1841,18.0957,2584
"2026-09-09 18:00:00","2026-09-10 09:00:00","CAPE","surface",-74.1602,18.0957,2469
"2026-09-09 18:00:00","2026-09-10 09:00:00","CAPE","surface",-74.1363,18.0957,2523
"2026-09-09 18:00:00","2026-09-10 09:00:00","CAPE","surface",-74.1123,18.0957,2395
"2026-09-09 18:00:00","2026-09-10 09:00:00","CAPE","surface",-74.0884,18.0957,2444
"2026-09-09 18:00:00","2026-09-10 09:00:00","CAPE","surface",-74.0645,18.0957,2265
"2026-09-09 18:00:00","2026-09-10 09:00:00","CAPE","surface",-74.0406,18.0957,2339
"2026-09-09 18:00:00","2026-09-10 09:00:00","CAPE","surface",-74.0166,18.0957,2209
"2026-09-09 18:00:00","2026-09-10 09:00:00","CAPE","surface",-73.9927,18.0957,2274
"2026-09-09 18:00:00","2026-09-10 09:00:00","CAPE","surface",-73.9688,18.0957,2181
"2026-09-09 18:00:00","2026-09-10 09:00:00","CAPE","surface",-73.9449,18.0957,2278
"2026-09-09 18:00:00","2026-09-10 09:00:00","CAPE","surface",-73.9209,18.0957,1846
"2026-09-09 18:00:00","2026-09-10 09:00:00","CAPE","surface",-73.897,18.0957,2038
"2026-09-09 18:00:00","2026-09-10 09:00:00","CAPE","surface",-73.8731,18.0957,2137
"2026-09-09 18:00:00","2026-09-10 09:00:00","CAPE","surface",-73.8492,18.0957,2092
"2026-09-09 18:00:00","2026-09-10 09:00:00","CAPE","surface",-73.8252,18.0957,2311
"2026-09-09 18:00:00","2026-09-10 09:00:00","CAPE","surface",-73.8013,18.0957,2311
"2026-09-09 18:00:00","2026-09-10 09:00:00","CAPE","surface",-73.7774,18.0957,2345
"2026-09-09 18:00:00","2026-09-10 09:00:00","CAPE","surface",-73.7535,18.0957,2233
"2026-09-09 18:00:00","2026-09-10 09:00:00","CAPE","surface",-73.7295,18.0957,2273
"2026-09-09 18:00:00","2026-09-10 09:00:00","CAPE","surface",-73.7056,18.0957,2159
"2026-09-09 18:00:00","2026-09-10 09:00:00","CAPE","surface",-73.6817,18.0957,2172
"2026-09-09 18:00:00","2026-09-10 09:00:00","CAPE","surface",-73.6578,18.0957,2172
"2026-09-09 18:00:00","2026-09-10 09:00:00","CAPE","surface",-73.6338,18.0957,2145
"2026-09-09 18:00:00","2026-09-10 09:00:00","CAPE","surface",-73.6099,18.0957,1944
"2026-09-09 18:00:00","2026-09-10 09:00:00","CAPE","surface",-73.586,18.0957,2021
"2026-09-09 18:00:00","2026-09-10 09:00:00","CAPE","surface",-73.5621,18.0957,2176
"2026-09-09 18:00:00","2026-09-10 09:00:00","CAPE","surface",-73.5381,18.0957,2177
"2026-09-09 18:00:00","2026-09-10 09:00:00","CAPE","surface",-73.5142,18.0957,2203
"2026-09-09 18:00:00","2026-09-10 09:00:00","CAPE","surface",-73.4903,18.0957,2240
"2026-09-09 18:00:00","2026-09-10 09:00:00","CAPE","surface",-73.4664,18.0957,2299
"2026-09-09 18:00:00","2026-09-10 09:00:00","CAPE","surface",-73.4424,18.0957,2388
"2026-09-09 18:00:00","2026-09-10 09:00:00","CAPE","surface",-73.4185,18.0957,2360
"2026-09-09 18:00:00","2026-09-10 09:00:00","CAPE","surface",-73.3946,18.0957,2360
"2026-09-09 18:00:00","2026-09-10 09:00:00","CAPE","surface",-73.3707,18.0957,2338
"2026-09-09 18:00:00","2026-09-10 09:00:00","CAPE","surface",-73.3467,18.0957,2423
"2026-09-09 18:00:00","2026-09-10 09:00:00","CAPE","surface",-73.3228,18.0957,2449
"2026-09-09 18:00:00","2026-09-10 09:00:00","CAPE","surface",-73.2989,18.0957,2501
"2026-09-09 18:00:00","2026-09-10 09:00:00","CAPE","surface",-73.275,18.0957,2436
"2026-09-09 18:00:00","2026-09-10 09:00:00","CAPE","surface",-73.251,18.0957,2436
"2026-09-09 18:00:00","2026-09-10 09:00:00","CAPE","surface",-73.2271,18.0957,2391
"2026-09-09 18:00:00","2026-09-10 09:00:00","CAPE","surface",-73.2032,18.0957,2399
"2026-09-09 18:00:00","2026-09-10 09:00:00","CAPE","surface",-73.1793,18.0957,2306
"2026-09-09 18:00:00","2026-09-10 09:00:00","CAPE","surface",-73.1553,18.0957,2315
"2026-09-09 18:00:00","2026-09-10 09:00:00","CAPE","surface",-73.1314,18.0957,2264
"2026-09-09 18:00:00","2026-09-10 09:00:00","CAPE","surface",-73.1075,18.0957,2302
"2026-09-09 18:00:00","2026-09-10 09:00:00","CAPE","surface",-73.0836,18.0957,2332
"2026-09-09 18:00:00","2026-09-10 09:00:00","CAPE","surface",-73.0596,18.0957,2373
"2026-09-09 18:00:00","2026-09-10 09:00:00","CAPE","surface",-73.0357,18.0957,2378
"2026-09-09 18:00:00","2026-09-10 09:00:00","CAPE","surface",-73.0118,18.0957,2352
"2026-09-09 18:00:00","2026-09-10 09:00:00","CAPE","surface",-72.9879,18.0957,2352
"2026-09-09 18:00:00","2026-09-10 09:00:00","CAPE","surface",-72.9639,18.0957,2314
"2026-09-09 18:00:00","2026-09-10 09:00:00","CAPE","surface",-72.94,18.0957,2300
"2026-09-09 18:00:00","2026-09-10 09:00:00","CAPE","surface",-72.9161,18.0957,2299
"2026-09-09 18:00:00","2026-09-10 09:00:00","CAPE","surface",-72.8922,18.0957,2288
"2026-09-09 18:00:00","2026-09-10 09:00:00","CAPE","surface",-72.8682,18.0957,2256
"2026-09-09 18:00:00","2026-09-10 09:00:00","CAPE","surface",-72.8443,18.0957,2269
"2026-09-09 18:00:00","2026-09-10 09:00:00","CAPE","surface",-72.8204,18.0957,2235
"2026-09-09 18:00:00","2026-09-10 09:00:00","CAPE","surface",-72.7965,18.0957,2218
"2026-09-09 18:00:00","2026-09-10 09:00:00","CAPE","surface",-72.7725,18.0957,2199
"2026-09-09 18:00:00","2026-09-10 09:00:00","CAPE","surface",-72.7486,18.0957,2182
"2026-09-09 18:00:00","2026-09-10 09:00:00","CAPE","surface",-72.7247,18.0957,2129
"2026-09-09 18:00:00","2026-09-10 09:00:00","CAPE","surface",-72.7008,18.0957,2125
"2026-09-09 18:00:00","2026-09-10 09:00:00","CAPE","surface",-72.6768,18.0957,1992
"2026-09-09 18:00:00","2026-09-10 09:00:00","CAPE","surface",-72.6529,18.0957,1835
"2026-09-09 18:00:00","2026-09-10 09:00:00","CAPE","surface",-72.629,18.0957,1831
"2026-09-09 18:00:00","2026-09-10 09:00:00","CAPE","surface",-72.6051,18.0957,1700
"2026-09-09 18:00:00","2026-09-10 09:00:00","CAPE","surface",-72.5811,18.0957,1720
"2026-09-09 18:00:00","2026-09-10 09:00:00","CAPE","surface",-72.5572,18.0957,1858
"2026-09-09 18:00:00","2026-09-10 09:00:00","CAPE","surface",-72.5333,18.0957,1772
"2026-09-09 18:00:00","2026-09-10 09:00:00","CAPE","surface",-72.5094,18.0957,1708
"2026-09-09 18:00:00","2026-09-10 09:00:00","CAPE","surface",-72.4854,18.0957,1708
"2026-09-09 18:00:00","2026-09-10 09:00:00","CAPE","surface",-72.4615,18.0957,1657
"2026-09-09 18:00:00","2026-09-10 09:00:00","CAPE","surface",-72.4376,18.0957,1763
"2026-09-09 18:00:00","2026-09-10 09:00:00","CAPE","surface",-72.4137,18.0957,1716
"2026-09-09 18:00:00","2026-09-10 09:00:00","CAPE","surface",-72.3897,18.0957,1699
"2026-09-09 18:00:00","2026-09-10 09:00:00","CAPE","surface",-72.3658,18.0957,1638
"2026-09-09 18:00:00","2026-09-10 09:00:00","CAPE","surface",-72.3419,18.0957,1638
"2026-09-09 18:00:00","2026-09-10 09:00:00","CAPE","surface",-72.318,18.0957,1569
"2026-09-09 18:00:00","2026-09-10 09:00:00","CAPE","surface",-72.294,18.0957,1507
"2026-09-09 18:00:00","2026-09-10 09:00:00","CAPE","surface",-72.2701,18.0957,1546
"2026-09-09 18:00:00","2026-09-10 09:00:00","CAPE","surface",-72.2462,18.0957,1516
"2026-09-09 18:00:00","2026-09-10 09:00:00","CAPE","surface",-72.2223,18.0957,1516
"2026-09-09 18:00:00","2026-09-10 09:00:00","CAPE","surface",-72.1983,18.0957,1518
"2026-09-09 18:00:00","2026-09-10 09:00:00","CAPE","surface",-72.1744,18.0957,1564
"2026-09-09 18:00:00","2026-09-10 09:00:00","CAPE","surface",-72.1505,18.0957,1568
"2026-09-09 18:00:00","2026-09-10 09:00:00","CAPE","surface",-72.1266,18.0957,1609
"2026-09-09 18:00:00","2026-09-10 09:00:00","CAPE","surface",-72.1026,18.0957,1584
"2026-09-09 18:00:00","2026-09-10 09:00:00","CAPE","surface",-72.0787,18.0957,1586
"2026-09-09 18:00:00","2026-09-10 09:00:00","CAPE","surface",-72.0548,18.0957,1628
"2026-09-09 18:00:00","2026-09-10 09:00:00","CAPE","surface",-72.0309,18.0957,1587
"2026-09-09 18:00:00","2026-09-10 09:00:00","CAPE","surface",-72.0069,18.0957,1676
"2026-09-09 18:00:00","2026-09-10 09:00:00","CAPE","surface",-71.983,18.0957,1676
"2026-09-09 18:00:00","2026-09-10 09:00:00","CAPE","surface",-71.9591,18.0957,2024
"2026-09-09 18:00:00","2026-09-10 09:00:00","CAPE","surface",-71.9352,18.0957,2330
"2026-09-09 18:00:00","2026-09-10 09:00:00","CAPE","surface",-71.9112,18.0957,2344
"2026-09-09 18:00:00","2026-09-10 09:00:00","CAPE","surface",-71.8873,18.0957,1843
"2026-09-09 18:00:00","2026-09-10 09:00:00","CAPE","surface",-71.8634,18.0957,1843
"2026-09-09 18:00:00","2026-09-10 09:00:00","CAPE","surface",-71.8395,18.0957,1237
"2026-09-09 18:00:00","2026-09-10 09:00:00","CAPE","surface",-71.8155,18.0957,1170
"2026-09-09 18:00:00","2026-09-10 09:00:00","CAPE","surface",-71.7916,18.0957,1044
"2026-09-09 18:00:00","2026-09-10 09:00:00","CAPE","surface",-71.7677,18.0957,1058
"2026-09-09 18:00:00","2026-09-10 09:00:00","CAPE","surface",-71.7438,18.0957,812
"2026-09-09 18:00:00","2026-09-10 09:00:00","CAPE","surface",-71.7198,18.0957,743
"2026-09-09 18:00:00","2026-09-10 09:00:00","CAPE","surface",-71.6959,18.0957,785
"2026-09-09 18:00:00","2026-09-10 09:00:00","CAPE","surface",-71.672,18.0957,867
"2026-09-09 18:00:00","2026-09-10 09:00:00","CAPE","surface",-71.6481,18.0957,758
"2026-09-09 18:00:00","2026-09-10 09:00:00","CAPE","surface",-71.6241,18.0957,520
"2026-09-09 18:00:00","2026-09-10 09:00:00","CAPE","surface",-71.6002,18.0957,547
"2026-09-09 18:00:00","2026-09-10 09:00:00","CAPE","surface",-71.5763,18.0957,566
"2026-09-09 18:00:00","2026-09-10 09:00:00","CAPE","surface",-71.5524,18.0957,526
"2026-09-09 18:00:00","2026-09-10 09:00:00","CAPE","surface",-71.5284,18.0957,529
"2026-09-09 18:00:00","2026-09-10 09:00:00","CAPE","surface",-71.5045,18.0957,529
"2026-09-09 18:00:00","2026-09-10 09:00:00","CAPE","surface",-71.4806,18.0957,565
"2026-09-09 18:00:00","2026-09-10 09:00:00","CAPE","surface",-71.4567,18.0957,598
"2026-09-09 18:00:00","2026-09-10 09:00:00","CAPE","surface",-71.4327,18.0957,684
"2026-09-09 18:00:00","2026-09-10 09:00:00","CAPE","surface",-71.4088,18.0957,747
"2026-09-09 18:00:00","2026-09-10 09:00:00","CAPE","surface",-71.3849,18.0957,764
"2026-09-09 18:00:00","2026-09-10 09:00:00","CAPE","surface",-71.361,18.0957,858
"2026-09-09 18:00:00","2026-09-10 09:00:00","CAPE","surface",-71.337,18.0957,954
"2026-09-09 18:00:00","2026-09-10 09:00:00","CAPE","surface",-71.3131,18.0957,1019
"2026-09-09 18:00:00","2026-09-10 09:00:00","CAPE","surface",-71.2892,18.0957,1146
"2026-09-09 18:00:00","2026-09-10 09:00:00","CAPE","surface",-71.2653,18.0957,1077
"2026-09-09 18:00:00","2026-09-10 09:00:00","CAPE","surface",-71.2413,18.0957,1243
"2026-09-09 18:00:00","2026-09-10 09:00:00","CAPE","surface",-71.2174,18.0957,1110
"2026-09-09 18:00:00","2026-09-10 09:00:00","CAPE","surface",-71.1935,18.0957,1187
"2026-09-09 18:00:00","2026-09-10 09:00:00","CAPE","surface",-71.1696,18.0957,1303
"2026-09-09 18:00:00","2026-09-10 09:00:00","CAPE","surface",-71.1456,18.0957,1303
"2026-09-09 18:00:00","2026-09-10 09:00:00","CAPE","surface",-71.1217,18.0957,1597
"2026-09-09 18:00:00","2026-09-10 09:00:00","CAPE","surface",-71.0978,18.0957,1680
"2026-09-09 18:00:00","2026-09-10 09:00:00","CAPE","surface",-71.0739,18.0957,1648
"2026-09-09 18:00:00","2026-09-10 09:00:00","CAPE","surface",-71.0499,18.0957,1780
"2026-09-09 18:00:00","2026-09-10 09:00:00","CAPE","surface",-71.026,18.0957,1780
"2026-09-09 18:00:00","2026-09-10 09:00:00","CAPE","surface",-71.0021,18.0957,1697
"2026-09-09 18:00:00","2026-09-10 09:00:00","CAPE","surface",-70.9782,18.0957,1703
"2026-09-09 18:00:00","2026-09-10 09:00:00","CAPE","surface",-70.9542,18.0957,1678
"2026-09-09 18:00:00","2026-09-10 09:00:00","CAPE","surface",-70.9303,18.0957,1738
"2026-09-09 18:00:00","2026-09-10 09:00:00","CAPE","surface",-70.9064,18.0957,1740
"2026-09-09 18:00:00","2026-09-10 09:00:00","CAPE","surface",-70.8825,18.0957,1789
"2026-09-09 18:00:00","2026-09-10 09:00:00","CAPE","surface",-70.8585,18.0957,1812
"2026-09-09 18:00:00","2026-09-10 09:00:00","CAPE","surface",-70.8346,18.0957,1801
"2026-09-09 18:00:00","2026-09-10 09:00:00","CAPE","surface",-70.8107,18.0957,1772
"2026-09-09 18:00:00","2026-09-10 09:00:00","CAPE","surface",-70.7868,18.0957,1758
"2026-09-09 18:00:00","2026-09-10 09:00:00","CAPE","surface",-70.7628,18.0957,1740
"2026-09-09 18:00:00","2026-09-10 09:00:00","CAPE","surface",-70.7389,18.0957,1703
"2026-09-09 18:00:00","2026-09-10 09:00:00","CAPE","surface",-70.715,18.0957,1704
"2026-09-09 18:00:00","2026-09-10 09:00:00","CAPE","surface",-70.6911,18.0957,1688
"2026-09-09 18:00:00","2026-09-10 09:00:00","CAPE","surface",-70.6671,18.0957,1688
"2026-09-09 18:00:00","2026-09-10 09:00:00","CAPE","surface",-70.6432,18.0957,1709
"2026-09-09 18:00:00","2026-09-10 09:00:00","CAPE","surface",-70.6193,18.0957,1793
"2026-09-09 18:00:00","2026-09-10 09:00:00","CAPE","surface",-70.5954,18.0957,1813
"2026-09-09 18:00:00","2026-09-10 09:00:00","CAPE","surface",-70.5714,18.0957,1847
"2026-09-09 18:00:00","2026-09-10 09:00:00","CAPE","surface",-70.5475,18.0957,1794
"2026-09-09 18:00:00","2026-09-10 09:00:00","CAPE","surface",-70.5236,18.0957,1792
"2026-09-09 18:00:00","2026-09-10 09:00:00","CAPE","surface",-70.4997,18.0957,1824
"2026-09-09 18:00:00","2026-09-10 09:00:00","CAPE","surface",-70.4757,18.0957,1817
"2026-09-09 18:00:00","2026-09-10 09:00:00","CAPE","surface",-70.4518,18.0957,1817
"2026-09-09 18:00:00","2026-09-10 09:00:00","CAPE","surface",-70.4279,18.0957,1817
"2026-09-09 18:00:00","2026-09-10 09:00:00","CAPE","surface",-70.404,18.0957,1843
"2026-09-09 18:00:00","2026-09-10 09:00:00","CAPE","surface",-70.38,18.0957,1844
"2026-09-09 18:00:00","2026-09-10 09:00:00","CAPE","surface",-70.3561,18.0957,1922
"2026-09-09 18:00:00","2026-09-10 09:00:00","CAPE","surface",-70.3322,18.0957,1866
"2026-09-09 18:00:00","2026-09-10 09:00:00","CAPE","surface",-70.3083,18.0957,1980
"2026-09-09 18:00:00","2026-09-10 09:00:00","CAPE","surface",-70.2843,18.0957,2091
"2026-09-09 18:00:00","2026-09-10 09:00:00","CAPE","surface",-70.2604,18.0957,2252
"2026-09-09 18:00:00","2026-09-10 09:00:00","CAPE","surface",-70.2365,18.0957,2511
"2026-09-09 18:00:00","2026-09-10 09:00:00","CAPE","surface",-70.2126,18.0957,2421
"2026-09-09 18:00:00","2026-09-10 09:00:00","CAPE","surface",-70.1886,18.0957,2586
"2026-09-09 18:00:00","2026-09-10 09:00:00","CAPE","surface",-70.1647,18.0957,2621
"2026-09-09 18:00:00","2026-09-10 09:00:00","CAPE","surface",-70.1408,18.0957,2649
"2026-09-09 18:00:00","2026-09-10 09:00:00","CAPE","surface",-70.1169,18.0957,2702
"2026-09-09 18:00:00","2026-09-10 09:00:00","CAPE","surface",-70.0929,18.0957,2702
"2026-09-09 18:00:00","2026-09-10 09:00:00","CAPE","surface",-70.069,18.0957,2774
"2026-09-09 18:00:00","2026-09-10 09:00:00","CAPE","surface",-70.0451,18.0957,2811
"2026-09-09 18:00:00","2026-09-10 09:00:00","CAPE","surface",-70.0212,18.0957,2884
"2026-09-09 18:00:00","2026-09-10 09:00:00","CAPE","surface",-69.9972,18.0957,2838
"2026-09-09 18:00:00","2026-09-10 09:00:00","CAPE","surface",-69.9733,18.0957,2887
"2026-09-09 18:00:00","2026-09-10 09:00:00","CAPE","surface",-69.9494,18.0957,2906
"2026-09-09 18:00:00","2026-09-10 09:00:00","CAPE","surface",-69.9255,18.0957,2920
"2026-09-09 18:00:00","2026-09-10 09:00:00","CAPE","surface",-69.9015,18.0957,2908
"2026-09-09 18:00:00","2026-09-10 09:00:00","CAPE","surface",-69.8776,18.0957,2908
"2026-09-09 18:00:00","2026-09-10 09:00:00","CAPE","surface",-69.8537,18.0957,2895
"2026-09-09 18:00:00","2026-09-10 09:00:00","CAPE","surface",-69.8298,18.0957,2820
"2026-09-09 18:00:00","2026-09-10 09:00:00","CAPE","surface",-69.8058,18.0957,2843
"2026-09-09 18:00:00","2026-09-10 09:00:00","CAPE","surface",-69.7819,18.0957,2762
"2026-09-09 18:00:00","2026-09-10 09:00:00","CAPE","surface",-69.758,18.0957,2762
"2026-09-09 18:00:00","2026-09-10 09:00:00","CAPE","surface",-69.7341,18.0957,2665
"2026-09-09 18:00:00","2026-09-10 09:00:00","CAPE","surface",-69.7101,18.0957,2623
"2026-09-09 18:00:00","2026-09-10 09:00:00","CAPE","surface",-69.6862,18.0957,2547
"2026-09-09 18:00:00","2026-09-10 09:00:00","CAPE","surface",-69.6623,18.0957,2547
"2026-09-09 18:00:00","2026-09-10 09:00:00","CAPE","surface",-69.6384,18.0957,2485
"2026-09-09 18:00:00","2026-09-10 09:00:00","CAPE","surface",-69.6144,18.0957,2593
"2026-09-09 18:00:00","2026-09-10 09:00:00","CAPE","surface",-69.5905,18.0957,2582
"2026-09-09 18:00:00","2026-09-10 09:00:00","CAPE","surface",-69.5666,18.0957,2606
"2026-09-09 18:00:00","2026-09-10 09:00:00","CAPE","surface",-69.5427,18.0957,2606
"2026-09-09 18:00:00","2026-09-10 09:00:00","CAPE","surface",-69.5187,18.0957,2690
"2026-09-09 18:00:00","2026-09-10 09:00:00","CAPE","surface",-69.4948,18.0957,2804
"2026-09-09 18:00:00","2026-09-10 09:00:00","CAPE","surface",-69.4709,18.0957,2791
"2026-09-09 18:00:00","2026-09-10 09:00:00","CAPE","surface",-69.447,18.0957,2791
"2026-09-09 18:00:00","2026-09-10 09:00:00","CAPE","surface",-69.423,18.0957,2697
"2026-09-09 18:00:00","2026-09-10 09:00:00","CAPE","surface",-69.3991,18.0957,2425
"2026-09-09 18:00:00","2026-09-10 09:00:00","CAPE","surface",-69.3752,18.0957,2150
"2026-09-09 18:00:00","2026-09-10 09:00:00","CAPE","surface",-69.3513,18.0957,2097
"2026-09-09 18:00:00","2026-09-10 09:00:00","CAPE","surface",-69.3273,18.0957,2097
"2026-09-09 18:00:00","2026-09-10 09:00:00","CAPE","surface",-69.3034,18.0957,2195
"2026-09-09 18:00:00","2026-09-10 09:00:00","CAPE","surface",-69.2795,18.0957,2296
"2026-09-09 18:00:00","2026-09-10 09:00:00","CAPE","surface",-69.2556,18.0957,2448
"2026-09-09 18:00:00","2026-09-10 09:00:00","CAPE","surface",-69.2316,18.0957,2448
"2026-09-09 18:00:00","2026-09-10 09:00:00","CAPE","surface",-69.2077,18.0957,2546
"2026-09-09 18:00:00","2026-09-10 09:00:00","CAPE","surface",-69.1838,18.0957,2568
"2026-09-09 18:00:00","2026-09-10 09:00:00","CAPE","surface",-69.1599,18.0957,2498
"2026-09-09 18:00:00","2026-09-10 09:00:00","CAPE","surface",-69.1359,18.0957,2378
"2026-09-09 18:00:00","2026-09-10 09:00:00","CAPE","surface",-69.112,18.0957,2378
"2026-09-09 18:00:00","2026-09-10 09:00:00","CAPE","surface",-69.0881,18.0957,2297
"2026-09-09 18:00:00","2026-09-10 09:00:00","CAPE","surface",-69.0642,18.0957,2236
"2026-09-09 18:00:00","2026-09-10 09:00:00","CAPE","surface",-69.0402,18.0957,2207
"2026-09-09 18:00:00","2026-09-10 09:00:00","CAPE","surface",-69.0163,18.0957,2207
"2026-09-09 18:00:00","2026-09-10 09:00:00","CAPE","surface",-68.9924,18.0957,2164
"2026-09-09 18:00:00","2026-09-10 09:00:00","CAPE","surface",-68.9685,18.0957,2121
"2026-09-09 18:00:00","2026-09-10 09:00:00","CAPE","surface",-68.9445,18.0957,2117
"2026-09-09 18:00:00","2026-09-10 09:00:00","CAPE","surface",-68.9206,18.0957,2122
"2026-09-09 18:00:00","2026-09-10 09:00:00","CAPE","surface",-68.8967,18.0957,2122
"2026-09-09 18:00:00","2026-09-10 09:00:00","CAPE","surface",-68.8728,18.0957,2163
"2026-09-09 18:00:00","2026-09-10 09:00:00","CAPE","surface",-68.8488,18.0957,2261
"2026-09-09 18:00:00","2026-09-10 09:00:00","CAPE","surface",-68.8249,18.0957,2216
"2026-09-09 18:00:00","2026-09-10 09:00:00","CAPE","surface",-68.801,18.0957,2216
"2026-09-09 18:00:00","2026-09-10 09:00:00","CAPE","surface",-68.7771,18.0957,2229
"2026-09-09 18:00:00","2026-09-10 09:00:00","CAPE","surface",-68.7531,18.0957,2145
"2026-09-09 18:00:00","2026-09-10 09:00:00","CAPE","surface",-68.7292,18.0957,2202
"2026-09-09 18:00:00","2026-09-10 09:00:00","CAPE","surface",-68.7053,18.0957,2095
"2026-09-09 18:00:00","2026-09-10 09:00:00","CAPE","surface",-68.6813,18.0957,2095
"2026-09-09 18:00:00","2026-09-10 09:00:00","CAPE","surface",-68.6574,18.0957,2014
"2026-09-09 18:00:00","2026-09-10 09:00:00","CAPE","surface",-68.6335,18.0957,2214
"2026-09-09 18:00:00","2026-09-10 09:00:00","CAPE","surface",-68.6096,18.0957,2208
"2026-09-09 18:00:00","2026-09-10 09:00:00","CAPE","surface",-68.5856,18.0957,2139
"2026-09-09 18:00:00","2026-09-10 09:00:00","CAPE","surface",-68.5617,18.0957,2264
"2026-09-09 18:00:00","2026-09-10 09:00:00","CAPE","surface",-68.5378,18.0957,2471
"2026-09-09 18:00:00","2026-09-10 09:00:00","CAPE","surface",-68.5139,18.0957,2632
"2026-09-09 18:00:00","2026-09-10 09:00:00","CAPE","surface",-68.4899,18.0957,2604
"2026-09-09 18:00:00","2026-09-10 09:00:00","CAPE","surface",-68.466,18.0957,2831
"2026-09-09 18:00:00","2026-09-10 09:00:00","CAPE","surface",-68.4421,18.0957,2850
"2026-09-09 18:00:00","2026-09-10 09:00:00","CAPE","surface",-68.4182,18.0957,3060
"2026-09-09 18:00:00","2026-09-10 09:00:00","CAPE","surface",-68.3942,18.0957,2915
"2026-09-09 18:00:00","2026-09-10 09:00:00","CAPE","surface",-68.3703,18.0957,2449
"2026-09-09 18:00:00","2026-09-10 09:00:00","CAPE","surface",-68.3464,18.0957,2674
"2026-09-09 18:00:00","2026-09-10 09:00:00","CAPE","surface",-68.3225,18.0957,2377
"2026-09-09 18:00:00","2026-09-10 09:00:00","CAPE","surface",-68.2985,18.0957,2446
"2026-09-09 18:00:00","2026-09-10 09:00:00","CAPE","surface",-68.2746,18.0957,2028
"2026-09-09 18:00:00","2026-09-10 09:00:00","CAPE","surface",-68.2507,18.0957,2078
"2026-09-09 18:00:00","2026-09-10 09:00:00","CAPE","surface",-68.2268,18.0957,2041
"2026-09-09 18:00:00","2026-09-10 09:00:00","CAPE","surface",-68.2028,18.0957,2078
"2026-09-09 18:00:00","2026-09-10 09:00:00","CAPE","surface",-68.1789,18.0957,2078
"2026-09-09 18:00:00","2026-09-10 09:00:00","CAPE","surface",-68.155,18.0957,2094
"2026-09-09 18:00:00","2026-09-10 09:00:00","CAPE","surface",-68.1311,18.0957,2106
"2026-09-09 18:00:00","2026-09-10 09:00:00","CAPE","surface",-68.1071,18.0957,2171
"2026-09-09 18:00:00","2026-09-10 09:00:00","CAPE","surface",-68.0832,18.0957,2228
"2026-09-09 18:00:00","2026-09-10 09:00:00","CAPE","surface",-68.0593,18.0957,2264
"2026-09-09 18:00:00","2026-09-10 09:00:00","CAPE","surface",-68.0354,18.0957,2298
"2026-09-09 18:00:00","2026-09-10 09:00:00","CAPE","surface",-68.0114,18.0957,2305
"2026-09-09 18:00:00","2026-09-10 09:00:00","CAPE","surface",-67.9875,18.0957,2283
"2026-09-09 18:00:00","2026-09-10 09:00:00","CAPE","surface",-67.9636,18.0957,2283
"2026-09-09 18:00:00","2026-09-10 09:00:00","CAPE","surface",-67.9397,18.0957,2065
"2026-09-09 18:00:00","2026-09-10 09:00:00","CAPE","surface",-67.9157,18.0957,1828
"2026-09-09 18:00:00","2026-09-10 09:00:00","CAPE","surface",-67.8918,18.0957,1441
"2026-09-09 18:00:00","2026-09-10 09:00:00","CAPE","surface",-67.8679,18.0957,1458
"2026-09-09 18:00:00","2026-09-10 09:00:00","CAPE","surface",-67.844,18.0957,1345
"2026-09-09 18:00:00","2026-09-10 09:00:00","CAPE","surface",-67.82,18.0957,1598
"2026-09-09 18:00:00","2026-09-10 09:00:00","CAPE","surface",-67.7961,18.0957,1690
"2026-09-09 18:00:00","2026-09-10 09:00:00","CAPE","surface",-67.7722,18.0957,1712
"2026-09-09 18:00:00","2026-09-10 09:00:00","CAPE","surface",-67.7483,18.0957,1805
"2026-09-09 18:00:00","2026-09-10 09:00:00","CAPE","surface",-67.7243,18.0957,1895
"2026-09-09 18:00:00","2026-09-10 09:00:00","CAPE","surface",-67.7004,18.0957,1912
"2026-09-09 18:00:00","2026-09-10 09:00:00","CAPE","surface",-67.6765,18.0957,1922
"2026-09-09 18:00:00","2026-09-10 09:00:00","CAPE","surface",-67.6526,18.0957,1895
"2026-09-09 18:00:00","2026-09-10 09:00:00","CAPE","surface",-67.6286,18.0957,1888
"2026-09-09 18:00:00","2026-09-10 09:00:00","CAPE","surface",-67.6047,18.0957,1871
"2026-09-09 18:00:00","2026-09-10 09:00:00","CAPE","surface",-67.5808,18.0957,1861
"2026-09-09 18:00:00","2026-09-10 09:00:00","CAPE","surface",-67.5569,18.0957,1868
"2026-09-09 18:00:00","2026-09-10 09:00:00","CAPE","surface",-67.5329,18.0957,1870
"2026-09-09 18:00:00","2026-09-10 09:00:00","CAPE","surface",-67.509,18.0957,1854
"2026-09-09 18:00:00","2026-09-10 09:00:00","CAPE","surface",-67.4851,18.0957,1876
"2026-09-09 18:00:00","2026-09-10 09:00:00","CAPE","surface",-67.4612,18.0957,1876
"2026-09-09 18:00:00","2026-09-10 09:00:00","CAPE","surface",-67.4372,18.0957,1907
"2026-09-09 18:00:00","2026-09-10 09:00:00","CAPE","surface",-67.4133,18.0957,1892
"2026-09-09 18:00:00","2026-09-10 09:00:00","CAPE","surface",-67.3894,18.0957,1898
"2026-09-09 18:00:00","2026-09-10 09:00:00","CAPE","surface",-67.3655,18.0957,1902
"2026-09-09 18:00:00","2026-09-10 09:00:00","CAPE","surface",-67.3415,18.0957,1860
"2026-09-09 18:00:00","2026-09-10 09:00:00","CAPE","surface",-67.3176,18.0957,1759
"2026-09-09 18:00:00","2026-09-10 09:00:00","CAPE","surface",-67.2937,18.0957,1706
"2026-09-09 18:00:00","2026-09-10 09:00:00","CAPE","surface",-67.2698,18.0957,1630
"2026-09-09 18:00:00","2026-09-10 09:00:00","CAPE","surface",-67.2458,18.0957,1566
"2026-09-09 18:00:00","2026-09-10 09:00:00","CAPE","surface",-67.2219,18.0957,1402
"2026-09-09 18:00:00","2026-09-10 09:00:00","CAPE","surface",-67.198,18.0957,1229
"2026-09-09 18:00:00","2026-09-10 09:00:00","CAPE","surface",-67.1741,18.0957,1229
"2026-09-09 18:00:00","2026-09-10 09:00:00","CAPE","surface",-67.1501,18.0957,889
"2026-09-09 18:00:00","2026-09-10 09:00:00","CAPE","surface",-67.1262,18.0957,527
"2026-09-09 18:00:00","2026-09-10 09:00:00","CAPE","surface",-67.1023,18.0957,299
"2026-09-09 18:00:00","2026-09-10 09:00:00","CAPE","surface",-67.0784,18.0957,59
"2026-09-09 18:00:00","2026-09-10 09:00:00","CAPE","surface",-67.0544,18.0957,111
"2026-09-09 18:00:00","2026-09-10 09:00:00","CAPE","surface",-67.0305,18.0957,40
"2026-09-09 18:00:00","2026-09-10 09:00:00","CAPE","surface",-67.0066,18.0957,41
"2026-09-09 18:00:00","2026-09-10 09:00:00","CAPE","surface",-74.7822,18.1184,2171
"2026-09-09 18:00:00","2026-09-10 09:00:00","CAPE","surface",-74.7583,18.1184,2196
"2026-09-09 18:00:00","2026-09-10 09:00:00","CAPE","surface",-74.7344,18.1184,2156
"2026-09-09 18:00:00","2026-09-10 09:00:00","CAPE","surface",-74.7105,18.1184,2156
"2026-09-09 18:00:00","2026-09-10 09:00:00","CAPE","surface",-74.6865,18.1184,2148
"2026-09-09 18:00:00","2026-09-10 09:00:00","CAPE","surface",-74.6626,18.1184,2207
"2026-09-09 18:00:00","2026-09-10 09:00:00","CAPE","surface",-74.6387,18.1184,2177
"2026-09-09 18:00:00","2026-09-10 09:00:00","CAPE","surface",-74.6148,18.1184,2171
"2026-09-09 18:00:00","2026-09-10 09:00:00","CAPE","surface",-74.5908,18.1184,2270
"2026-09-09 18:00:00","2026-09-10 09:00:00","CAPE","surface",-74.5669,18.1184,2184
"2026-09-09 18:00:00","2026-09-10 09:00:00","CAPE","surface",-74.543,18.1184,2251
"2026-09-09 18:00:00","2026-09-10 09:00:00","CAPE","surface",-74.5191,18.1184,2224
"2026-09-09 18:00:00","2026-09-10 09:00:00","CAPE","surface",-74.4951,18.1184,2316
"2026-09-09 18:00:00","2026-09-10 09:00:00","CAPE","surface",-74.4712,18.1184,2261
"2026-09-09 18:00:00","2026-09-10 09:00:00","CAPE","surface",-74.4473,18.1184,2370
"2026-09-09 18:00:00","2026-09-10 09:00:00","CAPE","surface",-74.4234,18.1184,2242
"2026-09-09 18:00:00","2026-09-10 09:00:00","CAPE","surface",-74.3994,18.1184,2325
"2026-09-09 18:00:00","2026-09-10 09:00:00","CAPE","surface",-74.3755,18.1184,2336
"2026-09-09 18:00:00","2026-09-10 09:00:00","CAPE","surface",-74.3516,18.1184,2472
"2026-09-09 18:00:00","2026-09-10 09:00:00","CAPE","surface",-74.3277,18.1184,2452
"2026-09-09 18:00:00","2026-09-10 09:00:00","CAPE","surface",-74.3037,18.1184,2568
"2026-09-09 18:00:00","2026-09-10 09:00:00","CAPE","surface",-74.2798,18.1184,2417
"2026-09-09 18:00:00","2026-09-10 09:00:00","CAPE","surface",-74.2559,18.1184,2518
"2026-09-09 18:00:00","2026-09-10 09:00:00","CAPE","surface",-74.232,18.1184,2439
"2026-09-09 18:00:00","2026-09-10 09:00:00","CAPE","surface",-74.208,18.1184,2514
"2026-09-09 18:00:00","2026-09-10 09:00:00","CAPE","surface",-74.1841,18.1184,2391
"2026-09-09 18:00:00","2026-09-10 09:00:00","CAPE","surface",-74.1602,18.1184,2469
"2026-09-09 18:00:00","2026-09-10 09:00:00","CAPE","surface",-74.1363,18.1184,2262
"2026-09-09 18:00:00","2026-09-10 09:00:00","CAPE","surface",-74.1123,18.1184,2324
"2026-09-09 18:00:00","2026-09-10 09:00:00","CAPE","surface",-74.0884,18.1184,2202
"2026-09-09 18:00:00","2026-09-10 09:00:00","CAPE","surface",-74.0645,18.1184,2265
"2026-09-09 18:00:00","2026-09-10 09:00:00","CAPE","surface",-74.0406,18.1184,2123
"2026-09-09 18:00:00","2026-09-10 09:00:00","CAPE","surface",-74.0166,18.1184,2123
"2026-09-09 18:00:00","2026-09-10 09:00:00","CAPE","surface",-73.9927,18.1184,1922
"2026-09-09 18:00:00","2026-09-10 09:00:00","CAPE","surface",-73.9688,18.1184,1984
"2026-09-09 18:00:00","2026-09-10 09:00:00","CAPE","surface",-73.9449,18.1184,1695
"2026-09-09 18:00:00","2026-09-10 09:00:00","CAPE","surface",-73.9209,18.1184,1846
"2026-09-09 18:00:00","2026-09-10 09:00:00","CAPE","surface",-73.897,18.1184,1970
"2026-09-09 18:00:00","2026-09-10 09:00:00","CAPE","surface",-73.8731,18.1184,1623
"2026-09-09 18:00:00","2026-09-10 09:00:00","CAPE","surface",-73.8492,18.1184,2080
"2026-09-09 18:00:00","2026-09-10 09:00:00","CAPE","surface",-73.8252,18.1184,2260
"2026-09-09 18:00:00","2026-09-10 09:00:00","CAPE","surface",-73.8013,18.1184,2424
"2026-09-09 18:00:00","2026-09-10 09:00:00","CAPE","surface",-73.7774,18.1184,2400
"2026-09-09 18:00:00","2026-09-10 09:00:00","CAPE","surface",-73.7535,18.1184,2389
"2026-09-09 18:00:00","2026-09-10 09:00:00","CAPE","surface",-73.7295,18.1184,2405
"2026-09-09 18:00:00","2026-09-10 09:00:00","CAPE","surface",-73.7056,18.1184,2423
"2026-09-09 18:00:00","2026-09-10 09:00:00","CAPE","surface",-73.6817,18.1184,2444
"2026-09-09 18:00:00","2026-09-10 09:00:00","CAPE","surface",-73.6578,18.1184,2306
"2026-09-09 18:00:00","2026-09-10 09:00:00","CAPE","surface",-73.6338,18.1184,2289
"2026-09-09 18:00:00","2026-09-10 09:00:00","CAPE","surface",-73.6099,18.1184,2147
"2026-09-09 18:00:00","2026-09-10 09:00:00","CAPE","surface",-73.586,18.1184,2284
"2026-09-09 18:00:00","2026-09-10 09:00:00","CAPE","surface",-73.5621,18.1184,2212
"2026-09-09 18:00:00","2026-09-10 09:00:00","CAPE","surface",-73.5381,18.1184,2219
"2026-09-09 18:00:00","2026-09-10 09:00:00","CAPE","surface",-73.5142,18.1184,2203
"2026-09-09 18:00:00","2026-09-10 09:00:00","CAPE","surface",-73.4903,18.1184,2256
"2026-09-09 18:00:00","2026-09-10 09:00:00","CAPE","surface",-73.4664,18.1184,2256
"2026-09-09 18:00:00","2026-09-10 09:00:00","CAPE","surface",-73.4424,18.1184,2297
"2026-09-09 18:00:00","2026-09-10 09:00:00","CAPE","surface",-73.4185,18.1184,2321
"2026-09-09 18:00:00","2026-09-10 09:00:00","CAPE","surface",-73.3946,18.1184,2305
"2026-09-09 18:00:00","2026-09-10 09:00:00","CAPE","surface",-73.3707,18.1184,2338
"2026-09-09 18:00:00","2026-09-10 09:00:00","CAPE","surface",-73.3467,18.1184,2381
"2026-09-09 18:00:00","2026-09-10 09:00:00","CAPE","surface",-73.3228,18.1184,2375
"2026-09-09 18:00:00","2026-09-10 09:00:00","CAPE","surface",-73.2989,18.1184,2399
"2026-09-09 18:00:00","2026-09-10 09:00:00","CAPE","surface",-73.275,18.1184,2384
"2026-09-09 18:00:00","2026-09-10 09:00:00","CAPE","surface",-73.251,18.1184,2387
"2026-09-09 18:00:00","2026-09-10 09:00:00","CAPE","surface",-73.2271,18.1184,2338
"2026-09-09 18:00:00","2026-09-10 09:00:00","CAPE","surface",-73.2032,18.1184,2338
"2026-09-09 18:00:00","2026-09-10 09:00:00","CAPE","surface",-73.1793,18.1184,2280
"2026-09-09 18:00:00","2026-09-10 09:00:00","CAPE","surface",-73.1553,18.1184,2255
"2026-09-09 18:00:00","2026-09-10 09:00:00","CAPE","surface",-73.1314,18.1184,2287
"2026-09-09 18:00:00","2026-09-10 09:00:00","CAPE","surface",-73.1075,18.1184,2302
"2026-09-09 18:00:00","2026-09-10 09:00:00","CAPE","surface",-73.0836,18.1184,2361
"2026-09-09 18:00:00","2026-09-10 09:00:00","CAPE","surface",-73.0596,18.1184,2361
"2026-09-09 18:00:00","2026-09-10 09:00:00","CAPE","surface",-73.0357,18.1184,2352
"2026-09-09 18:00:00","2026-09-10 09:00:00","CAPE","surface",-73.0118,18.1184,2366
"2026-09-09 18:00:00","2026-09-10 09:00:00","CAPE","surface",-72.9879,18.1184,2342
"2026-09-09 18:00:00","2026-09-10 09:00:00","CAPE","surface",-72.9639,18.1184,2314
"2026-09-09 18:00:00","2026-09-10 09:00:00","CAPE","surface",-72.94,18.1184,2252
"2026-09-09 18:00:00","2026-09-10 09:00:00","CAPE","surface",-72.9161,18.1184,2293
"2026-09-09 18:00:00","2026-09-10 09:00:00","CAPE","surface",-72.8922,18.1184,2193
"2026-09-09 18:00:00","2026-09-10 09:00:00","CAPE","surface",-72.8682,18.1184,1977
"2026-09-09 18:00:00","2026-09-10 09:00:00","CAPE","surface",-72.8443,18.1184,2182
"2026-09-09 18:00:00","2026-09-10 09:00:00","CAPE","surface",-72.8204,18.1184,1543
"2026-09-09 18:00:00","2026-09-10 09:00:00","CAPE","surface",-72.7965,18.1184,1958
"2026-09-09 18:00:00","2026-09-10 09:00:00","CAPE","surface",-72.7725,18.1184,1901
"2026-09-09 18:00:00","2026-09-10 09:00:00","CAPE","surface",-72.7486,18.1184,2116
"2026-09-09 18:00:00","2026-09-10 09:00:00","CAPE","surface",-72.7247,18.1184,2013
"2026-09-09 18:00:00","2026-09-10 09:00:00","CAPE","surface",-72.7008,18.1184,1998
"2026-09-09 18:00:00","2026-09-10 09:00:00","CAPE","surface",-72.6768,18.1184,2004
"2026-09-09 18:00:00","2026-09-10 09:00:00","CAPE","surface",-72.6529,18.1184,1909
"2026-09-09 18:00:00","2026-09-10 09:00:00","CAPE","surface",-72.629,18.1184,1820
"2026-09-09 18:00:00","2026-09-10 09:00:00","CAPE","surface",-72.6051,18.1184,1700
"2026-09-09 18:00:00","2026-09-10 09:00:00","CAPE","surface",-72.5811,18.1184,1828
"2026-09-09 18:00:00","2026-09-10 09:00:00","CAPE","surface",-72.5572,18.1184,1828
"2026-09-09 18:00:00","2026-09-10 09:00:00","CAPE","surface",-72.5333,18.1184,1869
"2026-09-09 18:00:00","2026-09-10 09:00:00","CAPE","surface",-72.5094,18.1184,1706
"2026-09-09 18:00:00","2026-09-10 09:00:00","CAPE","surface",-72.4854,18.1184,1662
"2026-09-09 18:00:00","2026-09-10 09:00:00","CAPE","surface",-72.4615,18.1184,1596
"2026-09-09 18:00:00","2026-09-10 09:00:00","CAPE","surface",-72.4376,18.1184,1596
"2026-09-09 18:00:00","2026-09-10 09:00:00","CAPE","surface",-72.4137,18.1184,1590
"2026-09-09 18:00:00","2026-09-10 09:00:00","CAPE","surface",-72.3897,18.1184,1660
"2026-09-09 18:00:00","2026-09-10 09:00:00","CAPE","surface",-72.3658,18.1184,1662
"2026-09-09 18:00:00","2026-09-10 09:00:00","CAPE","surface",-72.3419,18.1184,1605
"2026-09-09 18:00:00","2026-09-10 09:00:00","CAPE","surface",-72.318,18.1184,1569
"2026-09-09 18:00:00","2026-09-10 09:00:00","CAPE","surface",-72.294,18.1184,1569
"2026-09-09 18:00:00","2026-09-10 09:00:00","CAPE","surface",-72.2701,18.1184,1548
"2026-09-09 18:00:00","2026-09-10 09:00:00","CAPE","surface",-72.2462,18.1184,1484
"2026-09-09 18:00:00","2026-09-10 09:00:00","CAPE","surface",-72.2223,18.1184,1614
"2026-09-09 18:00:00","2026-09-10 09:00:00","CAPE","surface",-72.1983,18.1184,1518
"2026-09-09 18:00:00","2026-09-10 09:00:00","CAPE","surface",-72.1744,18.1184,1567
"2026-09-09 18:00:00","2026-09-10 09:00:00","CAPE","surface",-72.1505,18.1184,1568
"2026-09-09 18:00:00","2026-09-10 09:00:00","CAPE","surface",-72.1266,18.1184,1629
"2026-09-09 18:00:00","2026-09-10 09:00:00","CAPE","surface",-72.1026,18.1184,1819
"2026-09-09 18:00:00","2026-09-10 09:00:00","CAPE","surface",-72.0787,18.1184,1708
"2026-09-09 18:00:00","2026-09-10 09:00:00","CAPE","surface",-72.0548,18.1184,1960
"2026-09-09 18:00:00","2026-09-10 09:00:00","CAPE","surface",-72.0309,18.1184,1876
"2026-09-09 18:00:00","2026-09-10 09:00:00","CAPE","surface",-72.0069,18.1184,1860
"2026-09-09 18:00:00","2026-09-10 09:00:00","CAPE","surface",-71.983,18.1184,1872
"2026-09-09 18:00:00","2026-09-10 09:00:00","CAPE","surface",-71.9591,18.1184,2233
"2026-09-09 18:00:00","2026-09-10 09:00:00","CAPE","surface",-71.9352,18.1184,2233
"2026-09-09 18:00:00","2026-09-10 09:00:00","CAPE","surface",-71.9112,18.1184,2118
"2026-09-09 18:00:00","2026-09-10 09:00:00","CAPE","surface",-71.8873,18.1184,1942
"2026-09-09 18:00:00","2026-09-10 09:00:00","CAPE","surface",-71.8634,18.1184,1413
"2026-09-09 18:00:00","2026-09-10 09:00:00","CAPE","surface",-71.8395,18.1184,1237
"2026-09-09 18:00:00","2026-09-10 09:00:00","CAPE","surface",-71.8155,18.1184,928
"2026-09-09 18:00:00","2026-09-10 09:00:00","CAPE","surface",-71.7916,18.1184,983
"2026-09-09 18:00:00","2026-09-10 09:00:00","CAPE","surface",-71.7677,18.1184,855
"2026-09-09 18:00:00","2026-09-10 09:00:00","CAPE","surface",-71.7438,18.1184,656
"2026-09-09 18:00:00","2026-09-10 09:00:00","CAPE","surface",-71.7198,18.1184,688
"2026-09-09 18:00:00","2026-09-10 09:00:00","CAPE","surface",-71.6959,18.1184,568
"2026-09-09 18:00:00","2026-09-10 09:00:00","CAPE","surface",-71.672,18.1184,636
"2026-09-09 18:00:00","2026-09-10 09:00:00","CAPE","surface",-71.6481,18.1184,435
"2026-09-09 18:00:00","2026-09-10 09:00:00","CAPE","surface",-71.6241,18.1184,520
"2026-09-09 18:00:00","2026-09-10 09:00:00","CAPE","surface",-71.6002,18.1184,559
"2026-09-09 18:00:00","2026-09-10 09:00:00","CAPE","surface",-71.5763,18.1184,559
"2026-09-09 18:00:00","2026-09-10 09:00:00","CAPE","surface",-71.5524,18.1184,639
"2026-09-09 18:00:00","2026-09-10 09:00:00","CAPE","surface",-71.5284,18.1184,560
"2026-09-09 18:00:00","2026-09-10 09:00:00","CAPE","surface",-71.5045,18.1184,544
"2026-09-09 18:00:00","2026-09-10 09:00:00","CAPE","surface",-71.4806,18.1184,578
"2026-09-09 18:00:00","2026-09-10 09:00:00","CAPE","surface",-71.4567,18.1184,578
"2026-09-09 18:00:00","2026-09-10 09:00:00","CAPE","surface",-71.4327,18.1184,601
"2026-09-09 18:00:00","2026-09-10 09:00:00","CAPE","surface",-71.4088,18.1184,683
"2026-09-09 18:00:00","2026-09-10 09:00:00","CAPE","surface",-71.3849,18.1184,753
"2026-09-09 18:00:00","2026-09-10 09:00:00","CAPE","surface",-71.361,18.1184,840
"2026-09-09 18:00:00","2026-09-10 09:00:00","CAPE","surface",-71.337,18.1184,810
"2026-09-09 18:00:00","2026-09-10 09:00:00","CAPE","surface",-71.3131,18.1184,917
"2026-09-09 18:00:00","2026-09-10 09:00:00","CAPE","surface",-71.2892,18.1184,925
"2026-09-09 18:00:00","2026-09-10 09:00:00","CAPE","surface",-71.2653,18.1184,1077
"2026-09-09 18:00:00","2026-09-10 09:00:00","CAPE","surface",-71.2413,18.1184,1026
"2026-09-09 18:00:00","2026-09-10 09:00:00","CAPE","surface",-71.2174,18.1184,1026
"2026-09-09 18:00:00","2026-09-10 09:00:00","CAPE","surface",-71.1935,18.1184,1097
"2026-09-09 18:00:00","2026-09-10 09:00:00","CAPE","surface",-71.1696,18.1184,1184
"2026-09-09 18:00:00","2026-09-10 09:00:00","CAPE","surface",-71.1456,18.1184,1427
"2026-09-09 18:00:00","2026-09-10 09:00:00","CAPE","surface",-71.1217,18.1184,1694
"2026-09-09 18:00:00","2026-09-10 09:00:00","CAPE","surface",-71.0978,18.1184,1694
"2026-09-09 18:00:00","2026-09-10 09:00:00","CAPE","surface",-71.0739,18.1184,1731
"2026-09-09 18:00:00","2026-09-10 09:00:00","CAPE","surface",-71.0499,18.1184,1694
"2026-09-09 18:00:00","2026-09-10 09:00:00","CAPE","surface",-71.026,18.1184,1730
"2026-09-09 18:00:00","2026-09-10 09:00:00","CAPE","surface",-71.0021,18.1184,1697
"2026-09-09 18:00:00","2026-09-10 09:00:00","CAPE","surface",-70.9782,18.1184,1650
"2026-09-09 18:00:00","2026-09-10 09:00:00","CAPE","surface",-70.9542,18.1184,1656
"2026-09-09 18:00:00","2026-09-10 09:00:00","CAPE","surface",-70.9303,18.1184,1675
"2026-09-09 18:00:00","2026-09-10 09:00:00","CAPE","surface",-70.9064,18.1184,1716
"2026-09-09 18:00:00","2026-09-10 09:00:00","CAPE","surface",-70.8825,18.1184,1803
"2026-09-09 18:00:00","2026-09-10 09:00:00","CAPE","surface",-70.8585,18.1184,1751
"2026-09-09 18:00:00","2026-09-10 09:00:00","CAPE","surface",-70.8346,18.1184,1807
"2026-09-09 18:00:00","2026-09-10 09:00:00","CAPE","surface",-70.8107,18.1184,1779
"2026-09-09 18:00:00","2026-09-10 09:00:00","CAPE","surface",-70.7868,18.1184,1758
"2026-09-09 18:00:00","2026-09-10 09:00:00","CAPE","surface",-70.7628,18.1184,1745
"2026-09-09 18:00:00","2026-09-10 09:00:00","CAPE","surface",-70.7389,18.1184,1745
"2026-09-09 18:00:00","2026-09-10 09:00:00","CAPE","surface",-70.715,18.1184,1700
"2026-09-09 18:00:00","2026-09-10 09:00:00","CAPE","surface",-70.6911,18.1184,1655
"2026-09-09 18:00:00","2026-09-10 09:00:00","CAPE","surface",-70.6671,18.1184,1640
"2026-09-09 18:00:00","2026-09-10 09:00:00","CAPE","surface",-70.6432,18.1184,1656
"2026-09-09 18:00:00","2026-09-10 09:00:00","CAPE","surface",-70.6193,18.1184,1656
"2026-09-09 18:00:00","2026-09-10 09:00:00","CAPE","surface",-70.5954,18.1184,1679
"2026-09-09 18:00:00","2026-09-10 09:00:00","CAPE","surface",-70.5714,18.1184,1753
"2026-09-09 18:00:00","2026-09-10 09:00:00","CAPE","surface",-70.5475,18.1184,1744
"2026-09-09 18:00:00","2026-09-10 09:00:00","CAPE","surface",-70.5236,18.1184,1792
"2026-09-09 18:00:00","2026-09-10 09:00:00","CAPE","surface",-70.4997,18.1184,1741
"2026-09-09 18:00:00","2026-09-10 09:00:00","CAPE","surface",-70.4757,18.1184,1783
"2026-09-09 18:00:00","2026-09-10 09:00:00","CAPE","surface",-70.4518,18.1184,1785
"2026-09-09 18:00:00","2026-09-10 09:00:00","CAPE","surface",-70.4279,18.1184,1817
"2026-09-09 18:00:00","2026-09-10 09:00:00","CAPE","surface",-70.404,18.1184,1787
"2026-09-09 18:00:00","2026-09-10 09:00:00","CAPE","surface",-70.38,18.1184,1779
"2026-09-09 18:00:00","2026-09-10 09:00:00","CAPE","surface",-70.3561,18.1184,1813
"2026-09-09 18:00:00","2026-09-10 09:00:00","CAPE","surface",-70.3322,18.1184,1817
"2026-09-09 18:00:00","2026-09-10 09:00:00","CAPE","surface",-70.3083,18.1184,1903
"2026-09-09 18:00:00","2026-09-10 09:00:00","CAPE","surface",-70.2843,18.1184,1836
"2026-09-09 18:00:00","2026-09-10 09:00:00","CAPE","surface",-70.2604,18.1184,1991
"2026-09-09 18:00:00","2026-09-10 09:00:00","CAPE","surface",-70.2365,18.1184,2138
"2026-09-09 18:00:00","2026-09-10 09:00:00","CAPE","surface",-70.2126,18.1184,2421
"2026-09-09 18:00:00","2026-09-10 09:00:00","CAPE","surface",-70.1886,18.1184,2545
"2026-09-09 18:00:00","2026-09-10 09:00:00","CAPE","surface",-70.1647,18.1184,2545
"2026-09-09 18:00:00","2026-09-10 09:00:00","CAPE","surface",-70.1408,18.1184,2621
"2026-09-09 18:00:00","2026-09-10 09:00:00","CAPE","surface",-70.1169,18.1184,2643
"2026-09-09 18:00:00","2026-09-10 09:00:00","CAPE","surface",-70.0929,18.1184,2690
"2026-09-09 18:00:00","2026-09-10 09:00:00","CAPE","surface",-70.069,18.1184,2665
"2026-09-09 18:00:00","2026-09-10 09:00:00","CAPE","surface",-70.0451,18.1184,2724
"2026-09-09 18:00:00","2026-09-10 09:00:00","CAPE","surface",-70.0212,18.1184,2742
"2026-09-09 18:00:00","2026-09-10 09:00:00","CAPE","surface",-69.9972,18.1184,2838
"2026-09-09 18:00:00","2026-09-10 09:00:00","CAPE","surface",-69.9733,18.1184,2859
"2026-09-09 18:00:00","2026-09-10 09:00:00","CAPE","surface",-69.9494,18.1184,2859
"2026-09-09 18:00:00","2026-09-10 09:00:00","CAPE","surface",-69.9255,18.1184,2868
"2026-09-09 18:00:00","2026-09-10 09:00:00","CAPE","surface",-69.9015,18.1184,2821
"2026-09-09 18:00:00","2026-09-10 09:00:00","CAPE","surface",-69.8776,18.1184,2873
"2026-09-09 18:00:00","2026-09-10 09:00:00","CAPE","surface",-69.8537,18.1184,2826
"2026-09-09 18:00:00","2026-09-10 09:00:00","CAPE","surface",-69.8298,18.1184,2826
"2026-09-09 18:00:00","2026-09-10 09:00:00","CAPE","surface",-69.8058,18.1184,2747
"2026-09-09 18:00:00","2026-09-10 09:00:00","CAPE","surface",-69.7819,18.1184,2749
"2026-09-09 18:00:00","2026-09-10 09:00:00","CAPE","surface",-69.758,18.1184,2695
"2026-09-09 18:00:00","2026-09-10 09:00:00","CAPE","surface",-69.7341,18.1184,2695
"2026-09-09 18:00:00","2026-09-10 09:00:00","CAPE","surface",-69.7101,18.1184,2622
"2026-09-09 18:00:00","2026-09-10 09:00:00","CAPE","surface",-69.6862,18.1184,2533
"2026-09-09 18:00:00","2026-09-10 09:00:00","CAPE","surface",-69.6623,18.1184,2493
"2026-09-09 18:00:00","2026-09-10 09:00:00","CAPE","surface",-69.6384,18.1184,2485
"2026-09-09 18:00:00","2026-09-10 09:00:00","CAPE","surface",-69.6144,18.1184,2485
"2026-09-09 18:00:00","2026-09-10 09:00:00","CAPE","surface",-69.5905,18.1184,2476
"2026-09-09 18:00:00","2026-09-10 09:00:00","CAPE","surface",-69.5666,18.1184,2467
"2026-09-09 18:00:00","2026-09-10 09:00:00","CAPE","surface",-69.5427,18.1184,2490
"2026-09-09 18:00:00","2026-09-10 09:00:00","CAPE","surface",-69.5187,18.1184,2690
"2026-09-09 18:00:00","2026-09-10 09:00:00","CAPE","surface",-69.4948,18.1184,2608
"2026-09-09 18:00:00","2026-09-10 09:00:00","CAPE","surface",-69.4709,18.1184,2738
"2026-09-09 18:00:00","2026-09-10 09:00:00","CAPE","surface",-69.447,18.1184,2795
"2026-09-09 18:00:00","2026-09-10 09:00:00","CAPE","surface",-69.423,18.1184,2795
"2026-09-09 18:00:00","2026-09-10 09:00:00","CAPE","surface",-69.3991,18.1184,2795
"2026-09-09 18:00:00","2026-09-10 09:00:00","CAPE","surface",-69.3752,18.1184,2565
"2026-09-09 18:00:00","2026-09-10 09:00:00","CAPE","surface",-69.3513,18.1184,2218
"2026-09-09 18:00:00","2026-09-10 09:00:00","CAPE","surface",-69.3273,18.1184,2199
"2026-09-09 18:00:00","2026-09-10 09:00:00","CAPE","surface",-69.3034,18.1184,2195
"2026-09-09 18:00:00","2026-09-10 09:00:00","CAPE","surface",-69.2795,18.1184,2257
"2026-09-09 18:00:00","2026-09-10 09:00:00","CAPE","surface",-69.2556,18.1184,2319
"2026-09-09 18:00:00","2026-09-10 09:00:00","CAPE","surface",-69.2316,18.1184,2455
"2026-09-09 18:00:00","2026-09-10 09:00:00","CAPE","surface",-69.2077,18.1184,2517
"2026-09-09 18:00:00","2026-09-10 09:00:00","CAPE","surface",-69.1838,18.1184,2517
"2026-09-09 18:00:00","2026-09-10 09:00:00","CAPE","surface",-69.1599,18.1184,2566
"2026-09-09 18:00:00","2026-09-10 09:00:00","CAPE","surface",-69.1359,18.1184,2550
"2026-09-09 18:00:00","2026-09-10 09:00:00","CAPE","surface",-69.112,18.1184,2444
"2026-09-09 18:00:00","2026-09-10 09:00:00","CAPE","surface",-69.0881,18.1184,2297
"2026-09-09 18:00:00","2026-09-10 09:00:00","CAPE","surface",-69.0642,18.1184,2367
"2026-09-09 18:00:00","2026-09-10 09:00:00","CAPE","surface",-69.0402,18.1184,2321
"2026-09-09 18:00:00","2026-09-10 09:00:00","CAPE","surface",-69.0163,18.1184,2217
"2026-09-09 18:00:00","2026-09-10 09:00:00","CAPE","surface",-68.9924,18.1184,2156
"2026-09-09 18:00:00","2026-09-10 09:00:00","CAPE","surface",-68.9685,18.1184,2156
"2026-09-09 18:00:00","2026-09-10 09:00:00","CAPE","surface",-68.9445,18.1184,2107
"2026-09-09 18:00:00","2026-09-10 09:00:00","CAPE","surface",-68.9206,18.1184,2092
"2026-09-09 18:00:00","2026-09-10 09:00:00","CAPE","surface",-68.8967,18.1184,2072
"2026-09-09 18:00:00","2026-09-10 09:00:00","CAPE","surface",-68.8728,18.1184,1996
"2026-09-09 18:00:00","2026-09-10 09:00:00","CAPE","surface",-68.8488,18.1184,2025
"2026-09-09 18:00:00","2026-09-10 09:00:00","CAPE","surface",-68.8249,18.1184,1969
"2026-09-09 18:00:00","2026-09-10 09:00:00","CAPE","surface",-68.801,18.1184,2110
"2026-09-09 18:00:00","2026-09-10 09:00:00","CAPE","surface",-68.7771,18.1184,2044
"2026-09-09 18:00:00","2026-09-10 09:00:00","CAPE","surface",-68.7531,18.1184,2044
"2026-09-09 18:00:00","2026-09-10 09:00:00","CAPE","surface",-68.7292,18.1184,1842
"2026-09-09 18:00:00","2026-09-10 09:00:00","CAPE","surface",-68.7053,18.1184,1986
"2026-09-09 18:00:00","2026-09-10 09:00:00","CAPE","surface",-68.6813,18.1184,1852
"2026-09-09 18:00:00","2026-09-10 09:00:00","CAPE","surface",-68.6574,18.1184,1656
"2026-09-09 18:00:00","2026-09-10 09:00:00","CAPE","surface",-68.6335,18.1184,1852
"2026-09-09 18:00:00","2026-09-10 09:00:00","CAPE","surface",-68.6096,18.1184,1938
"2026-09-09 18:00:00","2026-09-10 09:00:00","CAPE","surface",-68.5856,18.1184,2139
"2026-09-09 18:00:00","2026-09-10 09:00:00","CAPE","surface",-68.5617,18.1184,2204
"2026-09-09 18:00:00","2026-09-10 09:00:00","CAPE","surface",-68.5378,18.1184,2204
"2026-09-09 18:00:00","2026-09-10 09:00:00","CAPE","surface",-68.5139,18.1184,2423
"2026-09-09 18:00:00","2026-09-10 09:00:00","CAPE","surface",-68.4899,18.1184,2469
"2026-09-09 18:00:00","2026-09-10 09:00:00","CAPE","surface",-68.466,18.1184,2643
"2026-09-09 18:00:00","2026-09-10 09:00:00","CAPE","surface",-68.4421,18.1184,2324
"2026-09-09 18:00:00","2026-09-10 09:00:00","CAPE","surface",-68.4182,18.1184,2448
"2026-09-09 18:00:00","2026-09-10 09:00:00","CAPE","surface",-68.3942,18.1184,2265
"2026-09-09 18:00:00","2026-09-10 09:00:00","CAPE","surface",-68.3703,18.1184,2449
"2026-09-09 18:00:00","2026-09-10 09:00:00","CAPE","surface",-68.3464,18.1184,2176
"2026-09-09 18:00:00","2026-09-10 09:00:00","CAPE","surface",-68.3225,18.1184,2275
"2026-09-09 18:00:00","2026-09-10 09:00:00","CAPE","surface",-68.2985,18.1184,2043
"2026-09-09 18:00:00","2026-09-10 09:00:00","CAPE","surface",-68.2746,18.1184,1970
"2026-09-09 18:00:00","2026-09-10 09:00:00","CAPE","surface",-68.2507,18.1184,1973
"2026-09-09 18:00:00","2026-09-10 09:00:00","CAPE","surface",-68.2268,18.1184,2010
"2026-09-09 18:00:00","2026-09-10 09:00:00","CAPE","surface",-68.2028,18.1184,2040
"2026-09-09 18:00:00","2026-09-10 09:00:00","CAPE","surface",-68.1789,18.1184,2085
"2026-09-09 18:00:00","2026-09-10 09:00:00","CAPE","surface",-68.155,18.1184,2094
"2026-09-09 18:00:00","2026-09-10 09:00:00","CAPE","surface",-68.1311,18.1184,2100
"2026-09-09 18:00:00","2026-09-10 09:00:00","CAPE","surface",-68.1071,18.1184,2180
"2026-09-09 18:00:00","2026-09-10 09:00:00","CAPE","surface",-68.0832,18.1184,2223
"2026-09-09 18:00:00","2026-09-10 09:00:00","CAPE","surface",-68.0593,18.1184,2292
"2026-09-09 18:00:00","2026-09-10 09:00:00","CAPE","surface",-68.0354,18.1184,2292
"2026-09-09 18:00:00","2026-09-10 09:00:00","CAPE","surface",-68.0114,18.1184,2299
"2026-09-09 18:00:00","2026-09-10 09:00:00","CAPE","surface",-67.9875,18.1184,2302
"2026-09-09 18:00:00","2026-09-10 09:00:00","CAPE","surface",-67.9636,18.1184,2141
"2026-09-09 18:00:00","2026-09-10 09:00:00","CAPE","surface",-67.9397,18.1184,1827
"2026-09-09 18:00:00","2026-09-10 09:00:00","CAPE","surface",-67.9157,18.1184,1827
"2026-09-09 18:00:00","2026-09-10 09:00:00","CAPE","surface",-67.8918,18.1184,1578
"2026-09-09 18:00:00","2026-09-10 09:00:00","CAPE","surface",-67.8679,18.1184,1458
"2026-09-09 18:00:00","2026-09-10 09:00:00","CAPE","surface",-67.844,18.1184,1440
"2026-09-09 18:00:00","2026-09-10 09:00:00","CAPE","surface",-67.82,18.1184,1440
"2026-09-09 18:00:00","2026-09-10 09:00:00","CAPE","surface",-67.7961,18.1184,1624
"2026-09-09 18:00:00","2026-09-10 09:00:00","CAPE","surface",-67.7722,18.1184,1748
"2026-09-09 18:00:00","2026-09-10 09:00:00","CAPE","surface",-67.7483,18.1184,1826
"2026-09-09 18:00:00","2026-09-10 09:00:00","CAPE","surface",-67.7243,18.1184,1838
"2026-09-09 18:00:00","2026-09-10 09:00:00","CAPE","surface",-67.7004,18.1184,1894
"2026-09-09 18:00:00","2026-09-10 09:00:00","CAPE","surface",-67.6765,18.1184,1905
"2026-09-09 18:00:00","2026-09-10 09:00:00","CAPE","surface",-67.6526,18.1184,1895
"2026-09-09 18:00:00","2026-09-10 09:00:00","CAPE","surface",-67.6286,18.1184,1913
"2026-09-09 18:00:00","2026-09-10 09:00:00","CAPE","surface",-67.6047,18.1184,1940
"2026-09-09 18:00:00","2026-09-10 09:00:00","CAPE","surface",-67.5808,18.1184,1909
"2026-09-09 18:00:00","2026-09-10 09:00:00","CAPE","surface",-67.5569,18.1184,1899
"2026-09-09 18:00:00","2026-09-10 09:00:00","CAPE","surface",-67.5329,18.1184,1899
"2026-09-09 18:00:00","2026-09-10 09:00:00","CAPE","surface",-67.509,18.1184,1916
"2026-09-09 18:00:00","2026-09-10 09:00:00","CAPE","surface",-67.4851,18.1184,1887
"2026-09-09 18:00:00","2026-09-10 09:00:00","CAPE","surface",-67.4612,18.1184,1926
"2026-09-09 18:00:00","2026-09-10 09:00:00","CAPE","surface",-67.4372,18.1184,1945
"2026-09-09 18:00:00","2026-09-10 09:00:00","CAPE","surface",-67.4133,18.1184,1945
"2026-09-09 18:00:00","2026-09-10 09:00:00","CAPE","surface",-67.3894,18.1184,1929
"2026-09-09 18:00:00","2026-09-10 09:00:00","CAPE","surface",-67.3655,18.1184,1902
"2026-09-09 18:00:00","2026-09-10 09:00:00","CAPE","surface",-67.3415,18.1184,1818
"2026-09-09 18:00:00","2026-09-10 09:00:00","CAPE","surface",-67.3176,18.1184,1818
"2026-09-09 18:00:00","2026-09-10 09:00:00","CAPE","surface",-67.2937,18.1184,1692
"2026-09-09 18:00:00","2026-09-10 09:00:00","CAPE","surface",-67.2698,18.1184,1587
"2026-09-09 18:00:00","2026-09-10 09:00:00","CAPE","surface",-67.2458,18.1184,1503
"2026-09-09 18:00:00","2026-09-10 09:00:00","CAPE","surface",-67.2219,18.1184,1471
"2026-09-09 18:00:00","2026-09-10 09:00:00","CAPE","surface",-67.198,18.1184,1374
"2026-09-09 18:00:00","2026-09-10 09:00:00","CAPE","surface",-67.1741,18.1184,1187
"2026-09-09 18:00:00","2026-09-10 09:00:00","CAPE","surface",-67.1501,18.1184,889
"2026-09-09 18:00:00","2026-09-10 09:00:00","CAPE","surface",-67.1262,18.1184,1006
"2026-09-09 18:00:00","2026-09-10 09:00:00","CAPE","surface",-67.1023,18.1184,1009
"2026-09-09 18:00:00","2026-09-10 09:00:00","CAPE","surface",-67.0784,18.1184,520
"2026-09-09 18:00:00","2026-09-10 09:00:00","CAPE","surface",-67.0544,18.1184,223
"2026-09-09 18:00:00","2026-09-10 09:00:00","CAPE","surface",-67.0305,18.1184,223
"2026-09-09 18:00:00","2026-09-10 09:00:00","CAPE","surface",-67.0066,18.1184,340
"2026-09-09 18:00:00","2026-09-10 09:00:00","CAPE","surface",-74.7822,18.1411,2139
"2026-09-09 18:00:00","2026-09-10 09:00:00","CAPE","surface",-74.7583,18.1411,2124
"2026-09-09 18:00:00","2026-09-10 09:00:00","CAPE","surface",-74.7344,18.1411,2125
"2026-09-09 18:00:00","2026-09-10 09:00:00","CAPE","surface",-74.7105,18.1411,2136
"2026-09-09 18:00:00","2026-09-10 09:00:00","CAPE","surface",-74.6865,18.1411,2139
"2026-09-09 18:00:00","2026-09-10 09:00:00","CAPE","surface",-74.6626,18.1411,2144
"2026-09-09 18:00:00","2026-09-10 09:00:00","CAPE","surface",-74.6387,18.1411,2143
"2026-09-09 18:00:00","2026-09-10 09:00:00","CAPE","surface",-74.6148,18.1411,2142
"2026-09-09 18:00:00","2026-09-10 09:00:00","CAPE","surface",-74.5908,18.1411,2150
"2026-09-09 18:00:00","2026-09-10 09:00:00","CAPE","surface",-74.5669,18.1411,2184
"2026-09-09 18:00:00","2026-09-10 09:00:00","CAPE","surface",-74.543,18.1411,2188
"2026-09-09 18:00:00","2026-09-10 09:00:00","CAPE","surface",-74.5191,18.1411,2224
"2026-09-09 18:00:00","2026-09-10 09:00:00","CAPE","surface",-74.4951,18.1411,2199
"2026-09-09 18:00:00","2026-09-10 09:00:00","CAPE","surface",-74.4712,18.1411,2215
"2026-09-09 18:00:00","2026-09-10 09:00:00","CAPE","surface",-74.4473,18.1411,2218
"2026-09-09 18:00:00","2026-09-10 09:00:00","CAPE","surface",-74.4234,18.1411,2242
"2026-09-09 18:00:00","2026-09-10 09:00:00","CAPE","surface",-74.3994,18.1411,2260
"2026-09-09 18:00:00","2026-09-10 09:00:00","CAPE","surface",-74.3755,18.1411,2260
"2026-09-09 18:00:00","2026-09-10 09:00:00","CAPE","surface",-74.3516,18.1411,2284
"2026-09-09 18:00:00","2026-09-10 09:00:00","CAPE","surface",-74.3277,18.1411,2347
"2026-09-09 18:00:00","2026-09-10 09:00:00","CAPE","surface",-74.3037,18.1411,2341
"2026-09-09 18:00:00","2026-09-10 09:00:00","CAPE","surface",-74.2798,18.1411,2417
"2026-09-09 18:00:00","2026-09-10 09:00:00","CAPE","surface",-74.2559,18.1411,2362
"2026-09-09 18:00:00","2026-09-10 09:00:00","CAPE","surface",-74.232,18.1411,2362
"2026-09-09 18:00:00","2026-09-10 09:00:00","CAPE","surface",-74.208,18.1411,2283
"2026-09-09 18:00:00","2026-09-10 09:00:00","CAPE","surface",-74.1841,18.1411,2234
"2026-09-09 18:00:00","2026-09-10 09:00:00","CAPE","surface",-74.1602,18.1411,2231
"2026-09-09 18:00:00","2026-09-10 09:00:00","CAPE","surface",-74.1363,18.1411,2190
"2026-09-09 18:00:00","2026-09-10 09:00:00","CAPE","surface",-74.1123,18.1411,2185
"2026-09-09 18:00:00","2026-09-10 09:00:00","CAPE","surface",-74.0884,18.1411,2140
"2026-09-09 18:00:00","2026-09-10 09:00:00","CAPE","surface",-74.0645,18.1411,2098
"2026-09-09 18:00:00","2026-09-10 09:00:00","CAPE","surface",-74.0406,18.1411,1983
"2026-09-09 18:00:00","2026-09-10 09:00:00","CAPE","surface",-74.0166,18.1411,1934
"2026-09-09 18:00:00","2026-09-10 09:00:00","CAPE","surface",-73.9927,18.1411,1666
"2026-09-09 18:00:00","2026-09-10 09:00:00","CAPE","surface",-73.9688,18.1411,1561
"2026-09-09 18:00:00","2026-09-10 09:00:00","CAPE","surface",-73.9449,18.1411,1544
"2026-09-09 18:00:00","2026-09-10 09:00:00","CAPE","surface",-73.9209,18.1411,1532
"2026-09-09 18:00:00","2026-09-10 09:00:00","CAPE","surface",-73.897,18.1411,1519
"2026-09-09 18:00:00","2026-09-10 09:00:00","CAPE","surface",-73.8731,18.1411,1623
"2026-09-09 18:00:00","2026-09-10 09:00:00","CAPE","surface",-73.8492,18.1411,1686
"2026-09-09 18:00:00","2026-09-10 09:00:00","CAPE","surface",-73.8252,18.1411,2260
"2026-09-09 18:00:00","2026-09-10 09:00:00","CAPE","surface",-73.8013,18.1411,1716
"2026-09-09 18:00:00","2026-09-10 09:00:00","CAPE","surface",-73.7774,18.1411,2150
"2026-09-09 18:00:00","2026-09-10 09:00:00","CAPE","surface",-73.7535,18.1411,2177
"2026-09-09 18:00:00","2026-09-10 09:00:00","CAPE","surface",-73.7295,18.1411,2405
"2026-09-09 18:00:00","2026-09-10 09:00:00","CAPE","surface",-73.7056,18.1411,2425
"2026-09-09 18:00:00","2026-09-10 09:00:00","CAPE","surface",-73.6817,18.1411,2425
"2026-09-09 18:00:00","2026-09-10 09:00:00","CAPE","surface",-73.6578,18.1411,2405
"2026-09-09 18:00:00","2026-09-10 09:00:00","CAPE","surface",-73.6338,18.1411,2376
"2026-09-09 18:00:00","2026-09-10 09:00:00","CAPE","surface",-73.6099,18.1411,2369
"2026-09-09 18:00:00","2026-09-10 09:00:00","CAPE","surface",-73.586,18.1411,2314
"2026-09-09 18:00:00","2026-09-10 09:00:00","CAPE","surface",-73.5621,18.1411,2267
"2026-09-09 18:00:00","2026-09-10 09:00:00","CAPE","surface",-73.5381,18.1411,2280
"2026-09-09 18:00:00","2026-09-10 09:00:00","CAPE","surface",-73.5142,18.1411,2276
"2026-09-09 18:00:00","2026-09-10 09:00:00","CAPE","surface",-73.4903,18.1411,2292
"2026-09-09 18:00:00","2026-09-10 09:00:00","CAPE","surface",-73.4664,18.1411,2299
"2026-09-09 18:00:00","2026-09-10 09:00:00","CAPE","surface",-73.4424,18.1411,2322
"2026-09-09 18:00:00","2026-09-10 09:00:00","CAPE","surface",-73.4185,18.1411,2322
"2026-09-09 18:00:00","2026-09-10 09:00:00","CAPE","surface",-73.3946,18.1411,2321
"2026-09-09 18:00:00","2026-09-10 09:00:00","CAPE","surface",-73.3707,18.1411,2315
"2026-09-09 18:00:00","2026-09-10 09:00:00","CAPE","surface",-73.3467,18.1411,2349
"2026-09-09 18:00:00","2026-09-10 09:00:00","CAPE","surface",-73.3228,18.1411,2375
"2026-09-09 18:00:00","2026-09-10 09:00:00","CAPE","surface",-73.2989,18.1411,2381
"2026-09-09 18:00:00","2026-09-10 09:00:00","CAPE","surface",-73.275,18.1411,2381
"2026-09-09 18:00:00","2026-09-10 09:00:00","CAPE","surface",-73.251,18.1411,2368
"2026-09-09 18:00:00","2026-09-10 09:00:00","CAPE","surface",-73.2271,18.1411,2359
"2026-09-09 18:00:00","2026-09-10 09:00:00","CAPE","surface",-73.2032,18.1411,2315
"2026-09-09 18:00:00","2026-09-10 09:00:00","CAPE","surface",-73.1793,18.1411,2280
"2026-09-09 18:00:00","2026-09-10 09:00:00","CAPE","surface",-73.1553,18.1411,2298
"2026-09-09 18:00:00","2026-09-10 09:00:00","CAPE","surface",-73.1314,18.1411,2287
"2026-09-09 18:00:00","2026-09-10 09:00:00","CAPE","surface",-73.1075,18.1411,2328
"2026-09-09 18:00:00","2026-09-10 09:00:00","CAPE","surface",-73.0836,18.1411,2181
"2026-09-09 18:00:00","2026-09-10 09:00:00","CAPE","surface",-73.0596,18.1411,2313
"2026-09-09 18:00:00","2026-09-10 09:00:00","CAPE","surface",-73.0357,18.1411,2144
"2026-09-09 18:00:00","2026-09-10 09:00:00","CAPE","surface",-73.0118,18.1411,2144
"2026-09-09 18:00:00","2026-09-10 09:00:00","CAPE","surface",-72.9879,18.1411,1737
"2026-09-09 18:00:00","2026-09-10 09:00:00","CAPE","surface",-72.9639,18.1411,2091
"2026-09-09 18:00:00","2026-09-10 09:00:00","CAPE","surface",-72.94,18.1411,1824
"2026-09-09 18:00:00","2026-09-10 09:00:00","CAPE","surface",-72.9161,18.1411,2022
"2026-09-09 18:00:00","2026-09-10 09:00:00","CAPE","surface",-72.8922,18.1411,1499
"2026-09-09 18:00:00","2026-09-10 09:00:00","CAPE","surface",-72.8682,18.1411,1615
"2026-09-09 18:00:00","2026-09-10 09:00:00","CAPE","surface",-72.8443,18.1411,1467
"2026-09-09 18:00:00","2026-09-10 09:00:00","CAPE","surface",-72.8204,18.1411,1543
"2026-09-09 18:00:00","2026-09-10 09:00:00","CAPE","surface",-72.7965,18.1411,1394
"2026-09-09 18:00:00","2026-09-10 09:00:00","CAPE","surface",-72.7725,18.1411,1901
"2026-09-09 18:00:00","2026-09-10 09:00:00","CAPE","surface",-72.7486,18.1411,1422
"2026-09-09 18:00:00","2026-09-10 09:00:00","CAPE","surface",-72.7247,18.1411,1938
"2026-09-09 18:00:00","2026-09-10 09:00:00","CAPE","surface",-72.7008,18.1411,2043
"2026-09-09 18:00:00","2026-09-10 09:00:00","CAPE","surface",-72.6768,18.1411,2004
"2026-09-09 18:00:00","2026-09-10 09:00:00","CAPE","surface",-72.6529,18.1411,1962
"2026-09-09 18:00:00","2026-09-10 09:00:00","CAPE","surface",-72.629,18.1411,1952
"2026-09-09 18:00:00","2026-09-10 09:00:00","CAPE","surface",-72.6051,18.1411,1927
"2026-09-09 18:00:00","2026-09-10 09:00:00","CAPE","surface",-72.5811,18.1411,1910
"2026-09-09 18:00:00","2026-09-10 09:00:00","CAPE","surface",-72.5572,18.1411,1990
"2026-09-09 18:00:00","2026-09-10 09:00:00","CAPE","surface",-72.5333,18.1411,1741
"2026-09-09 18:00:00","2026-09-10 09:00:00","CAPE","surface",-72.5094,18.1411,1741
"2026-09-09 18:00:00","2026-09-10 09:00:00","CAPE","surface",-72.4854,18.1411,1554
"2026-09-09 18:00:00","2026-09-10 09:00:00","CAPE","surface",-72.4615,18.1411,1595
"2026-09-09 18:00:00","2026-09-10 09:00:00","CAPE","surface",-72.4376,18.1411,1519
"2026-09-09 18:00:00","2026-09-10 09:00:00","CAPE","surface",-72.4137,18.1411,1590
"2026-09-09 18:00:00","2026-09-10 09:00:00","CAPE","surface",-72.3897,18.1411,1609
"2026-09-09 18:00:00","2026-09-10 09:00:00","CAPE","surface",-72.3658,18.1411,1609
"2026-09-09 18:00:00","2026-09-10 09:00:00","CAPE","surface",-72.3419,18.1411,1702
"2026-09-09 18:00:00","2026-09-10 09:00:00","CAPE","surface",-72.318,18.1411,1671
"2026-09-09 18:00:00","2026-09-10 09:00:00","CAPE","surface",-72.294,18.1411,1666
"2026-09-09 18:00:00","2026-09-10 09:00:00","CAPE","surface",-72.2701,18.1411,1731
"2026-09-09 18:00:00","2026-09-10 09:00:00","CAPE","surface",-72.2462,18.1411,1731
"2026-09-09 18:00:00","2026-09-10 09:00:00","CAPE","surface",-72.2223,18.1411,1726
"2026-09-09 18:00:00","2026-09-10 09:00:00","CAPE","surface",-72.1983,18.1411,1645
"2026-09-09 18:00:00","2026-09-10 09:00:00","CAPE","surface",-72.1744,18.1411,1743
"2026-09-09 18:00:00","2026-09-10 09:00:00","CAPE","surface",-72.1505,18.1411,1691
"2026-09-09 18:00:00","2026-09-10 09:00:00","CAPE","surface",-72.1266,18.1411,1913
"2026-09-09 18:00:00","2026-09-10 09:00:00","CAPE","surface",-72.1026,18.1411,1867
"2026-09-09 18:00:00","2026-09-10 09:00:00","CAPE","surface",-72.0787,18.1411,2025
"2026-09-09 18:00:00","2026-09-10 09:00:00","CAPE","surface",-72.0548,18.1411,1960
"2026-09-09 18:00:00","2026-09-10 09:00:00","CAPE","surface",-72.0309,18.1411,1934
"2026-09-09 18:00:00","2026-09-10 09:00:00","CAPE","surface",-72.0069,18.1411,1934
"2026-09-09 18:00:00","2026-09-10 09:00:00","CAPE","surface",-71.983,18.1411,2139
"2026-09-09 18:00:00","2026-09-10 09:00:00","CAPE","surface",-71.9591,18.1411,2170
"2026-09-09 18:00:00","2026-09-10 09:00:00","CAPE","surface",-71.9352,18.1411,2116
"2026-09-09 18:00:00","2026-09-10 09:00:00","CAPE","surface",-71.9112,18.1411,1433
"2026-09-09 18:00:00","2026-09-10 09:00:00","CAPE","surface",-71.8873,18.1411,1433
"2026-09-09 18:00:00","2026-09-10 09:00:00","CAPE","surface",-71.8634,18.1411,978
"2026-09-09 18:00:00","2026-09-10 09:00:00","CAPE","surface",-71.8395,18.1411,956
"2026-09-09 18:00:00","2026-09-10 09:00:00","CAPE","surface",-71.8155,18.1411,830
"2026-09-09 18:00:00","2026-09-10 09:00:00","CAPE","surface",-71.7916,18.1411,825
"2026-09-09 18:00:00","2026-09-10 09:00:00","CAPE","surface",-71.7677,18.1411,754
"2026-09-09 18:00:00","2026-09-10 09:00:00","CAPE","surface",-71.7438,18.1411,722
"2026-09-09 18:00:00","2026-09-10 09:00:00","CAPE","surface",-71.7198,18.1411,596
"2026-09-09 18:00:00","2026-09-10 09:00:00","CAPE","surface",-71.6959,18.1411,568
"2026-09-09 18:00:00","2026-09-10 09:00:00","CAPE","surface",-71.672,18.1411,449
"2026-09-09 18:00:00","2026-09-10 09:00:00","CAPE","surface",-71.6481,18.1411,435
"2026-09-09 18:00:00","2026-09-10 09:00:00","CAPE","surface",-71.6241,18.1411,382
"2026-09-09 18:00:00","2026-09-10 09:00:00","CAPE","surface",-71.6002,18.1411,580
"2026-09-09 18:00:00","2026-09-10 09:00:00","CAPE","surface",-71.5763,18.1411,651
"2026-09-09 18:00:00","2026-09-10 09:00:00","CAPE","surface",-71.5524,18.1411,749
"2026-09-09 18:00:00","2026-09-10 09:00:00","CAPE","surface",-71.5284,18.1411,588
"2026-09-09 18:00:00","2026-09-10 09:00:00","CAPE","surface",-71.5045,18.1411,737
"2026-09-09 18:00:00","2026-09-10 09:00:00","CAPE","surface",-71.4806,18.1411,618
"2026-09-09 18:00:00","2026-09-10 09:00:00","CAPE","surface",-71.4567,18.1411,550
"2026-09-09 18:00:00","2026-09-10 09:00:00","CAPE","surface",-71.4327,18.1411,601
"2026-09-09 18:00:00","2026-09-10 09:00:00","CAPE","surface",-71.4088,18.1411,717
"2026-09-09 18:00:00","2026-09-10 09:00:00","CAPE","surface",-71.3849,18.1411,717
"2026-09-09 18:00:00","2026-09-10 09:00:00","CAPE","surface",-71.361,18.1411,746
"2026-09-09 18:00:00","2026-09-10 09:00:00","CAPE","surface",-71.337,18.1411,810
"2026-09-09 18:00:00","2026-09-10 09:00:00","CAPE","surface",-71.3131,18.1411,831
"2026-09-09 18:00:00","2026-09-10 09:00:00","CAPE","surface",-71.2892,18.1411,802
"2026-09-09 18:00:00","2026-09-10 09:00:00","CAPE","surface",-71.2653,18.1411,859
"2026-09-09 18:00:00","2026-09-10 09:00:00","CAPE","surface",-71.2413,18.1411,855
"2026-09-09 18:00:00","2026-09-10 09:00:00","CAPE","surface",-71.2174,18.1411,961
"2026-09-09 18:00:00","2026-09-10 09:00:00","CAPE","surface",-71.1935,18.1411,991
"2026-09-09 18:00:00","2026-09-10 09:00:00","CAPE","surface",-71.1696,18.1411,991
"2026-09-09 18:00:00","2026-09-10 09:00:00","CAPE","surface",-71.1456,18.1411,1309
"2026-09-09 18:00:00","2026-09-10 09:00:00","CAPE","surface",-71.1217,18.1411,1546
"2026-09-09 18:00:00","2026-09-10 09:00:00","CAPE","surface",-71.0978,18.1411,1736
"2026-09-09 18:00:00","2026-09-10 09:00:00","CAPE","surface",-71.0739,18.1411,1731
"2026-09-09 18:00:00","2026-09-10 09:00:00","CAPE","surface",-71.0499,18.1411,1770
"2026-09-09 18:00:00","2026-09-10 09:00:00","CAPE","surface",-71.026,18.1411,1713
"2026-09-09 18:00:00","2026-09-10 09:00:00","CAPE","surface",-71.0021,18.1411,1679
"2026-09-09 18:00:00","2026-09-10 09:00:00","CAPE","surface",-70.9782,18.1411,1634
"2026-09-09 18:00:00","2026-09-10 09:00:00","CAPE","surface",-70.9542,18.1411,1639
"2026-09-09 18:00:00","2026-09-10 09:00:00","CAPE","surface",-70.9303,18.1411,1626
"2026-09-09 18:00:00","2026-09-10 09:00:00","CAPE","surface",-70.9064,18.1411,1650
"2026-09-09 18:00:00","2026-09-10 09:00:00","CAPE","surface",-70.8825,18.1411,1646
"2026-09-09 18:00:00","2026-09-10 09:00:00","CAPE","surface",-70.8585,18.1411,1751
"2026-09-09 18:00:00","2026-09-10 09:00:00","CAPE","surface",-70.8346,18.1411,1741
"2026-09-09 18:00:00","2026-09-10 09:00:00","CAPE","surface",-70.8107,18.1411,1741
"2026-09-09 18:00:00","2026-09-10 09:00:00","CAPE","surface",-70.7868,18.1411,1716
"2026-09-09 18:00:00","2026-09-10 09:00:00","CAPE","surface",-70.7628,18.1411,1685
"2026-09-09 18:00:00","2026-09-10 09:00:00","CAPE","surface",-70.7389,18.1411,1712
"2026-09-09 18:00:00","2026-09-10 09:00:00","CAPE","surface",-70.715,18.1411,1661
"2026-09-09 18:00:00","2026-09-10 09:00:00","CAPE","surface",-70.6911,18.1411,1661
"2026-09-09 18:00:00","2026-09-10 09:00:00","CAPE","surface",-70.6671,18.1411,1607
"2026-09-09 18:00:00","2026-09-10 09:00:00","CAPE","surface",-70.6432,18.1411,1616
"2026-09-09 18:00:00","2026-09-10 09:00:00","CAPE","surface",-70.6193,18.1411,1608
"2026-09-09 18:00:00","2026-09-10 09:00:00","CAPE","surface",-70.5954,18.1411,1679
"2026-09-09 18:00:00","2026-09-10 09:00:00","CAPE","surface",-70.5714,18.1411,1594
"2026-09-09 18:00:00","2026-09-10 09:00:00","CAPE","surface",-70.5475,18.1411,1684
"2026-09-09 18:00:00","2026-09-10 09:00:00","CAPE","surface",-70.5236,18.1411,1670
"2026-09-09 18:00:00","2026-09-10 09:00:00","CAPE","surface",-70.4997,18.1411,1671
"2026-09-09 18:00:00","2026-09-10 09:00:00","CAPE","surface",-70.4757,18.1411,1671
"2026-09-09 18:00:00","2026-09-10 09:00:00","CAPE","surface",-70.4518,18.1411,1668
"2026-09-09 18:00:00","2026-09-10 09:00:00","CAPE","surface",-70.4279,18.1411,1745
"2026-09-09 18:00:00","2026-09-10 09:00:00","CAPE","surface",-70.404,18.1411,1753
"2026-09-09 18:00:00","2026-09-10 09:00:00","CAPE","surface",-70.38,18.1411,1779
"2026-09-09 18:00:00","2026-09-10 09:00:00","CAPE","surface",-70.3561,18.1411,1737
"2026-09-09 18:00:00","2026-09-10 09:00:00","CAPE","surface",-70.3322,18.1411,1783
"2026-09-09 18:00:00","2026-09-10 09:00:00","CAPE","surface",-70.3083,18.1411,1774
"2026-09-09 18:00:00","2026-09-10 09:00:00","CAPE","surface",-70.2843,18.1411,1836
"2026-09-09 18:00:00","2026-09-10 09:00:00","CAPE","surface",-70.2604,18.1411,1886
"2026-09-09 18:00:00","2026-09-10 09:00:00","CAPE","surface",-70.2365,18.1411,1842
"2026-09-09 18:00:00","2026-09-10 09:00:00","CAPE","surface",-70.2126,18.1411,2021
"2026-09-09 18:00:00","2026-09-10 09:00:00","CAPE","surface",-70.1886,18.1411,2256
"2026-09-09 18:00:00","2026-09-10 09:00:00","CAPE","surface",-70.1647,18.1411,2518
"2026-09-09 18:00:00","2026-09-10 09:00:00","CAPE","surface",-70.1408,18.1411,2596
"2026-09-09 18:00:00","2026-09-10 09:00:00","CAPE","surface",-70.1169,18.1411,2596
"2026-09-09 18:00:00","2026-09-10 09:00:00","CAPE","surface",-70.0929,18.1411,2626
"2026-09-09 18:00:00","2026-09-10 09:00:00","CAPE","surface",-70.069,18.1411,2665
"2026-09-09 18:00:00","2026-09-10 09:00:00","CAPE","surface",-70.0451,18.1411,2663
"2026-09-09 18:00:00","2026-09-10 09:00:00","CAPE","surface",-70.0212,18.1411,2610
"2026-09-09 18:00:00","2026-09-10 09:00:00","CAPE","surface",-69.9972,18.1411,2679
"2026-09-09 18:00:00","2026-09-10 09:00:00","CAPE","surface",-69.9733,18.1411,2711
"2026-09-09 18:00:00","2026-09-10 09:00:00","CAPE","surface",-69.9494,18.1411,2798
"2026-09-09 18:00:00","2026-09-10 09:00:00","CAPE","surface",-69.9255,18.1411,2765
"2026-09-09 18:00:00","2026-09-10 09:00:00","CAPE","surface",-69.9015,18.1411,2765
"2026-09-09 18:00:00","2026-09-10 09:00:00","CAPE","surface",-69.8776,18.1411,2787
"2026-09-09 18:00:00","2026-09-10 09:00:00","CAPE","surface",-69.8537,18.1411,2821
"2026-09-09 18:00:00","2026-09-10 09:00:00","CAPE","surface",-69.8298,18.1411,2774
"2026-09-09 18:00:00","2026-09-10 09:00:00","CAPE","surface",-69.8058,18.1411,2716
"2026-09-09 18:00:00","2026-09-10 09:00:00","CAPE","surface",-69.7819,18.1411,2716
"2026-09-09 18:00:00","2026-09-10 09:00:00","CAPE","surface",-69.758,18.1411,2691
"2026-09-09 18:00:00","2026-09-10 09:00:00","CAPE","surface",-69.7341,18.1411,2667
"2026-09-09 18:00:00","2026-09-10 09:00:00","CAPE","surface",-69.7101,18.1411,2608
"2026-09-09 18:00:00","2026-09-10 09:00:00","CAPE","surface",-69.6862,18.1411,2608
"2026-09-09 18:00:00","2026-09-10 09:00:00","CAPE","surface",-69.6623,18.1411,2561
"2026-09-09 18:00:00","2026-09-10 09:00:00","CAPE","surface",-69.6384,18.1411,2507
"2026-09-09 18:00:00","2026-09-10 09:00:00","CAPE","surface",-69.6144,18.1411,2500
"2026-09-09 18:00:00","2026-09-10 09:00:00","CAPE","surface",-69.5905,18.1411,2476
"2026-09-09 18:00:00","2026-09-10 09:00:00","CAPE","surface",-69.5666,18.1411,2467
"2026-09-09 18:00:00","2026-09-10 09:00:00","CAPE","surface",-69.5427,18.1411,2432
"2026-09-09 18:00:00","2026-09-10 09:00:00","CAPE","surface",-69.5187,18.1411,2475
"2026-09-09 18:00:00","2026-09-10 09:00:00","CAPE","surface",-69.4948,18.1411,2604
"2026-09-09 18:00:00","2026-09-10 09:00:00","CAPE","surface",-69.4709,18.1411,2604
"2026-09-09 18:00:00","2026-09-10 09:00:00","CAPE","surface",-69.447,18.1411,2735
"2026-09-09 18:00:00","2026-09-10 09:00:00","CAPE","surface",-69.423,18.1411,2810
"2026-09-09 18:00:00","2026-09-10 09:00:00","CAPE","surface",-69.3991,18.1411,2773
"2026-09-09 18:00:00","2026-09-10 09:00:00","CAPE","surface",-69.3752,18.1411,2565
"2026-09-09 18:00:00","2026-09-10 09:00:00","CAPE","surface",-69.3513,18.1411,2599
"2026-09-09 18:00:00","2026-09-10 09:00:00","CAPE","surface",-69.3273,18.1411,2439
"2026-09-09 18:00:00","2026-09-10 09:00:00","CAPE","surface",-69.3034,18.1411,2297
"2026-09-09 18:00:00","2026-09-10 09:00:00","CAPE","surface",-69.2795,18.1411,2314
"2026-09-09 18:00:00","2026-09-10 09:00:00","CAPE","surface",-69.2556,18.1411,2314
"2026-09-09 18:00:00","2026-09-10 09:00:00","CAPE","surface",-69.2316,18.1411,2316
"2026-09-09 18:00:00","2026-09-10 09:00:00","CAPE","surface",-69.2077,18.1411,2379
"2026-09-09 18:00:00","2026-09-10 09:00:00","CAPE","surface",-69.1838,18.1411,2453
"2026-09-09 18:00:00","2026-09-10 09:00:00","CAPE","surface",-69.1599,18.1411,2530
"2026-09-09 18:00:00","2026-09-10 09:00:00","CAPE","surface",-69.1359,18.1411,2530
"2026-09-09 18:00:00","2026-09-10 09:00:00","CAPE","surface",-69.112,18.1411,2533
"2026-09-09 18:00:00","2026-09-10 09:00:00","CAPE","surface",-69.0881,18.1411,2510
"2026-09-09 18:00:00","2026-09-10 09:00:00","CAPE","surface",-69.0642,18.1411,2464
"2026-09-09 18:00:00","2026-09-10 09:00:00","CAPE","surface",-69.0402,18.1411,2464
"2026-09-09 18:00:00","2026-09-10 09:00:00","CAPE","surface",-69.0163,18.1411,2413
"2026-09-09 18:00:00","2026-09-10 09:00:00","CAPE","surface",-68.9924,18.1411,2238
"2026-09-09 18:00:00","2026-09-10 09:00:00","CAPE","surface",-68.9685,18.1411,2152
"2026-09-09 18:00:00","2026-09-10 09:00:00","CAPE","surface",-68.9445,18.1411,2103
"2026-09-09 18:00:00","2026-09-10 09:00:00","CAPE","surface",-68.9206,18.1411,2103
"2026-09-09 18:00:00","2026-09-10 09:00:00","CAPE","surface",-68.8967,18.1411,2021
"2026-09-09 18:00:00","2026-09-10 09:00:00","CAPE","surface",-68.8728,18.1411,1996
"2026-09-09 18:00:00","2026-09-10 09:00:00","CAPE","surface",-68.8488,18.1411,1920
"2026-09-09 18:00:00","2026-09-10 09:00:00","CAPE","surface",-68.8249,18.1411,1920
"2026-09-09 18:00:00","2026-09-10 09:00:00","CAPE","surface",-68.801,18.1411,1877
"2026-09-09 18:00:00","2026-09-10 09:00:00","CAPE","surface",-68.7771,18.1411,1932
"2026-09-09 18:00:00","2026-09-10 09:00:00","CAPE","surface",-68.7531,18.1411,1752
"2026-09-09 18:00:00","2026-09-10 09:00:00","CAPE","surface",-68.7292,18.1411,1689
"2026-09-09 18:00:00","2026-09-10 09:00:00","CAPE","surface",-68.7053,18.1411,1689
"2026-09-09 18:00:00","2026-09-10 09:00:00","CAPE","surface",-68.6813,18.1411,1657
"2026-09-09 18:00:00","2026-09-10 09:00:00","CAPE","surface",-68.6574,18.1411,1656
"2026-09-09 18:00:00","2026-09-10 09:00:00","CAPE","surface",-68.6335,18.1411,1751
"2026-09-09 18:00:00","2026-09-10 09:00:00","CAPE","surface",-68.6096,18.1411,1751
"2026-09-09 18:00:00","2026-09-10 09:00:00","CAPE","surface",-68.5856,18.1411,1927
"2026-09-09 18:00:00","2026-09-10 09:00:00","CAPE","surface",-68.5617,18.1411,2282
"2026-09-09 18:00:00","2026-09-10 09:00:00","CAPE","surface",-68.5378,18.1411,2317
"2026-09-09 18:00:00","2026-09-10 09:00:00","CAPE","surface",-68.5139,18.1411,2268
"2026-09-09 18:00:00","2026-09-10 09:00:00","CAPE","surface",-68.4899,18.1411,2352
"2026-09-09 18:00:00","2026-09-10 09:00:00","CAPE","surface",-68.466,18.1411,2264
"2026-09-09 18:00:00","2026-09-10 09:00:00","CAPE","surface",-68.4421,18.1411,2324
"2026-09-09 18:00:00","2026-09-10 09:00:00","CAPE","surface",-68.4182,18.1411,2163
"2026-09-09 18:00:00","2026-09-10 09:00:00","CAPE","surface",-68.3942,18.1411,2163
"2026-09-09 18:00:00","2026-09-10 09:00:00","CAPE","surface",-68.3703,18.1411,2114
"2026-09-09 18:00:00","2026-09-10 09:00:00","CAPE","surface",-68.3464,18.1411,2102
"2026-09-09 18:00:00","2026-09-10 09:00:00","CAPE","surface",-68.3225,18.1411,2078
"2026-09-09 18:00:00","2026-09-10 09:00:00","CAPE","surface",-68.2985,18.1411,2033
"2026-09-09 18:00:00","2026-09-10 09:00:00","CAPE","surface",-68.2746,18.1411,2001
"2026-09-09 18:00:00","2026-09-10 09:00:00","CAPE","surface",-68.2507,18.1411,2004
"2026-09-09 18:00:00","2026-09-10 09:00:00","CAPE","surface",-68.2268,18.1411,2010
"2026-09-09 18:00:00","2026-09-10 09:00:00","CAPE","surface",-68.2028,18.1411,2068
"2026-09-09 18:00:00","2026-09-10 09:00:00","CAPE","surface",-68.1789,18.1411,2093
"2026-09-09 18:00:00","2026-09-10 09:00:00","CAPE","surface",-68.155,18.1411,2093
"2026-09-09 18:00:00","2026-09-10 09:00:00","CAPE","surface",-68.1311,18.1411,2144
"2026-09-09 18:00:00","2026-09-10 09:00:00","CAPE","surface",-68.1071,18.1411,2180
"2026-09-09 18:00:00","2026-09-10 09:00:00","CAPE","surface",-68.0832,18.1411,2241
"2026-09-09 18:00:00","2026-09-10 09:00:00","CAPE","surface",-68.0593,18.1411,2275
"2026-09-09 18:00:00","2026-09-10 09:00:00","CAPE","surface",-68.0354,18.1411,2296
"2026-09-09 18:00:00","2026-09-10 09:00:00","CAPE","surface",-68.0114,18.1411,2194
"2026-09-09 18:00:00","2026-09-10 09:00:00","CAPE","surface",-67.9875,18.1411,2194
"2026-09-09 18:00:00","2026-09-10 09:00:00","CAPE","surface",-67.9636,18.1411,1906
"2026-09-09 18:00:00","2026-09-10 09:00:00","CAPE","surface",-67.9397,18.1411,1851
"2026-09-09 18:00:00","2026-09-10 09:00:00","CAPE","surface",-67.9157,18.1411,1590
"2026-09-09 18:00:00","2026-09-10 09:00:00","CAPE","surface",-67.8918,18.1411,1590
"2026-09-09 18:00:00","2026-09-10 09:00:00","CAPE","surface",-67.8679,18.1411,1514
"2026-09-09 18:00:00","2026-09-10 09:00:00","CAPE","surface",-67.844,18.1411,1525
"2026-09-09 18:00:00","2026-09-10 09:00:00","CAPE","surface",-67.82,18.1411,1563
"2026-09-09 18:00:00","2026-09-10 09:00:00","CAPE","surface",-67.7961,18.1411,1648
"2026-09-09 18:00:00","2026-09-10 09:00:00","CAPE","surface",-67.7722,18.1411,1688
"2026-09-09 18:00:00","2026-09-10 09:00:00","CAPE","surface",-67.7483,18.1411,1800
"2026-09-09 18:00:00","2026-09-10 09:00:00","CAPE","surface",-67.7243,18.1411,1838
"2026-09-09 18:00:00","2026-09-10 09:00:00","CAPE","surface",-67.7004,18.1411,1883
"2026-09-09 18:00:00","2026-09-10 09:00:00","CAPE","surface",-67.6765,18.1411,1912
"2026-09-09 18:00:00","2026-09-10 09:00:00","CAPE","surface",-67.6526,18.1411,1924
"2026-09-09 18:00:00","2026-09-10 09:00:00","CAPE","surface",-67.6286,18.1411,1968
"2026-09-09 18:00:00","2026-09-10 09:00:00","CAPE","surface",-67.6047,18.1411,1940
"2026-09-09 18:00:00","2026-09-10 09:00:00","CAPE","surface",-67.5808,18.1411,2026
"2026-09-09 18:00:00","2026-09-10 09:00:00","CAPE","surface",-67.5569,18.1411,1981
"2026-09-09 18:00:00","2026-09-10 09:00:00","CAPE","surface",-67.5329,18.1411,1950
"2026-09-09 18:00:00","2026-09-10 09:00:00","CAPE","surface",-67.509,18.1411,1916
"2026-09-09 18:00:00","2026-09-10 09:00:00","CAPE","surface",-67.4851,18.1411,1953
"2026-09-09 18:00:00","2026-09-10 09:00:00","CAPE","surface",-67.4612,18.1411,1955
"2026-09-09 18:00:00","2026-09-10 09:00:00","CAPE","surface",-67.4372,18.1411,1949
"2026-09-09 18:00:00","2026-09-10 09:00:00","CAPE","surface",-67.4133,18.1411,1945
"2026-09-09 18:00:00","2026-09-10 09:00:00","CAPE","surface",-67.3894,18.1411,1945
"2026-09-09 18:00:00","2026-09-10 09:00:00","CAPE","surface",-67.3655,18.1411,1904
"2026-09-09 18:00:00","2026-09-10 09:00:00","CAPE","surface",-67.3415,18.1411,1864
"2026-09-09 18:00:00","2026-09-10 09:00:00","CAPE","surface",-67.3176,18.1411,1757
"2026-09-09 18:00:00","2026-09-10 09:00:00","CAPE","surface",-67.2937,18.1411,1711
"2026-09-09 18:00:00","2026-09-10 09:00:00","CAPE","surface",-67.2698,18.1411,1635
"2026-09-09 18:00:00","2026-09-10 09:00:00","CAPE","surface",-67.2458,18.1411,1559
"2026-09-09 18:00:00","2026-09-10 09:00:00","CAPE","surface",-67.2219,18.1411,1471
"2026-09-09 18:00:00","2026-09-10 09:00:00","CAPE","surface",-67.198,18.1411,1403
"2026-09-09 18:00:00","2026-09-10 09:00:00","CAPE","surface",-67.1741,18.1411,1347
"2026-09-09 18:00:00","2026-09-10 09:00:00","CAPE","surface",-67.1501,18.1411,1030
"2026-09-09 18:00:00","2026-09-10 09:00:00","CAPE","surface",-67.1262,18.1411,1006
"2026-09-09 18:00:00","2026-09-10 09:00:00","CAPE","surface",-67.1023,18.1411,1009
"2026-09-09 18:00:00","2026-09-10 09:00:00","CAPE","surface",-67.0784,18.1411,923
"2026-09-09 18:00:00","2026-09-10 09:00:00","CAPE","surface",-67.0544,18.1411,862
"2026-09-09 18:00:00","2026-09-10 09:00:00","CAPE","surface",-67.0305,18.1411,209
"2026-09-09 18:00:00","2026-09-10 09:00:00","CAPE","surface",-67.0066,18.1411,777
"2026-09-09 18:00:00","2026-09-10 09:00:00","CAPE","surface",-74.7822,18.1639,2139
"2026-09-09 18:00:00","2026-09-10 09:00:00","CAPE","surface",-74.7583,18.1639,2123
"2026-09-09 18:00:00","2026-09-10 09:00:00","CAPE","surface",-74.7344,18.1639,2123
"2026-09-09 18:00:00","2026-09-10 09:00:00","CAPE","surface",-74.7105,18.1639,2144
"2026-09-09 18:00:00","2026-09-10 09:00:00","CAPE","surface",-74.6865,18.1639,2140
"2026-09-09 18:00:00","2026-09-10 09:00:00","CAPE","surface",-74.6626,18.1639,2147
"2026-09-09 18:00:00","2026-09-10 09:00:00","CAPE","surface",-74.6387,18.1639,2143
"2026-09-09 18:00:00","2026-09-10 09:00:00","CAPE","surface",-74.6148,18.1639,2144
"2026-09-09 18:00:00","2026-09-10 09:00:00","CAPE","surface",-74.5908,18.1639,2144
"2026-09-09 18:00:00","2026-09-10 09:00:00","CAPE","surface",-74.5669,18.1639,2153
"2026-09-09 18:00:00","2026-09-10 09:00:00","CAPE","surface",-74.543,18.1639,2166
"2026-09-09 18:00:00","2026-09-10 09:00:00","CAPE","surface",-74.5191,18.1639,2183
"2026-09-09 18:00:00","2026-09-10 09:00:00","CAPE","surface",-74.4951,18.1639,2192
"2026-09-09 18:00:00","2026-09-10 09:00:00","CAPE","surface",-74.4712,18.1639,2205
"2026-09-09 18:00:00","2026-09-10 09:00:00","CAPE","surface",-74.4473,18.1639,2210
"2026-09-09 18:00:00","2026-09-10 09:00:00","CAPE","surface",-74.4234,18.1639,2222
"2026-09-09 18:00:00","2026-09-10 09:00:00","CAPE","surface",-74.3994,18.1639,2234
"2026-09-09 18:00:00","2026-09-10 09:00:00","CAPE","surface",-74.3755,18.1639,2253
"2026-09-09 18:00:00","2026-09-10 09:00:00","CAPE","surface",-74.3516,18.1639,2272
"2026-09-09 18:00:00","2026-09-10 09:00:00","CAPE","surface",-74.3277,18.1639,2302
"2026-09-09 18:00:00","2026-09-10 09:00:00","CAPE","surface",-74.3037,18.1639,2279
"2026-09-09 18:00:00","2026-09-10 09:00:00","CAPE","surface",-74.2798,18.1639,2291
"2026-09-09 18:00:00","2026-09-10 09:00:00","CAPE","surface",-74.2559,18.1639,2271
"2026-09-09 18:00:00","2026-09-10 09:00:00","CAPE","surface",-74.232,18.1639,2270
"2026-09-09 18:00:00","2026-09-10 09:00:00","CAPE","surface",-74.208,18.1639,2249
"2026-09-09 18:00:00","2026-09-10 09:00:00","CAPE","surface",-74.1841,18.1639,2234
"2026-09-09 18:00:00","2026-09-10 09:00:00","CAPE","surface",-74.1602,18.1639,2213
"2026-09-09 18:00:00","2026-09-10 09:00:00","CAPE","surface",-74.1363,18.1639,2203
"2026-09-09 18:00:00","2026-09-10 09:00:00","CAPE","surface",-74.1123,18.1639,2169
"2026-09-09 18:00:00","2026-09-10 09:00:00","CAPE","surface",-74.0884,18.1639,2140
"2026-09-09 18:00:00","2026-09-10 09:00:00","CAPE","surface",-74.0645,18.1639,2019
"2026-09-09 18:00:00","2026-09-10 09:00:00","CAPE","surface",-74.0406,18.1639,1983
"2026-09-09 18:00:00","2026-09-10 09:00:00","CAPE","surface",-74.0166,18.1639,1841
"2026-09-09 18:00:00","2026-09-10 09:00:00","CAPE","surface",-73.9927,18.1639,1803
"2026-09-09 18:00:00","2026-09-10 09:00:00","CAPE","surface",-73.9688,18.1639,1556
"2026-09-09 18:00:00","2026-09-10 09:00:00","CAPE","surface",-73.9449,18.1639,1544
"2026-09-09 18:00:00","2026-09-10 09:00:00","CAPE","surface",-73.9209,18.1639,1553
"2026-09-09 18:00:00","2026-09-10 09:00:00","CAPE","surface",-73.897,18.1639,1553
"2026-09-09 18:00:00","2026-09-10 09:00:00","CAPE","surface",-73.8731,18.1639,1499
"2026-09-09 18:00:00","2026-09-10 09:00:00","CAPE","surface",-73.8492,18.1639,1457
"2026-09-09 18:00:00","2026-09-10 09:00:00","CAPE","surface",-73.8252,18.1639,1503
"2026-09-09 18:00:00","2026-09-10 09:00:00","CAPE","surface",-73.8013,18.1639,1469
"2026-09-09 18:00:00","2026-09-10 09:00:00","CAPE","surface",-73.7774,18.1639,1609
"2026-09-09 18:00:00","2026-09-10 09:00:00","CAPE","surface",-73.7535,18.1639,1424
"2026-09-09 18:00:00","2026-09-10 09:00:00","CAPE","surface",-73.7295,18.1639,1698
"2026-09-09 18:00:00","2026-09-10 09:00:00","CAPE","surface",-73.7056,18.1639,1862
"2026-09-09 18:00:00","2026-09-10 09:00:00","CAPE","surface",-73.6817,18.1639,2106
"2026-09-09 18:00:00","2026-09-10 09:00:00","CAPE","surface",-73.6578,18.1639,2134
"2026-09-09 18:00:00","2026-09-10 09:00:00","CAPE","surface",-73.6338,18.1639,2350
"2026-09-09 18:00:00","2026-09-10 09:00:00","CAPE","surface",-73.6099,18.1639,2098
"2026-09-09 18:00:00","2026-09-10 09:00:00","CAPE","surface",-73.586,18.1639,2248
"2026-09-09 18:00:00","2026-09-10 09:00:00","CAPE","surface",-73.5621,18.1639,2198
"2026-09-09 18:00:00","2026-09-10 09:00:00","CAPE","surface",-73.5381,18.1639,2280
"2026-09-09 18:00:00","2026-09-10 09:00:00","CAPE","surface",-73.5142,18.1639,2251
"2026-09-09 18:00:00","2026-09-10 09:00:00","CAPE","surface",-73.4903,18.1639,2251
"2026-09-09 18:00:00","2026-09-10 09:00:00","CAPE","surface",-73.4664,18.1639,2196
"2026-09-09 18:00:00","2026-09-10 09:00:00","CAPE","surface",-73.4424,18.1639,2301
"2026-09-09 18:00:00","2026-09-10 09:00:00","CAPE","surface",-73.4185,18.1639,2292
"2026-09-09 18:00:00","2026-09-10 09:00:00","CAPE","surface",-73.3946,18.1639,2321
"2026-09-09 18:00:00","2026-09-10 09:00:00","CAPE","surface",-73.3707,18.1639,2310
"2026-09-09 18:00:00","2026-09-10 09:00:00","CAPE","surface",-73.3467,18.1639,2310
"2026-09-09 18:00:00","2026-09-10 09:00:00","CAPE","surface",-73.3228,18.1639,2296
"2026-09-09 18:00:00","2026-09-10 09:00:00","CAPE","surface",-73.2989,18.1639,2267
"2026-09-09 18:00:00","2026-09-10 09:00:00","CAPE","surface",-73.275,18.1639,2351
"2026-09-09 18:00:00","2026-09-10 09:00:00","CAPE","surface",-73.251,18.1639,2332
"2026-09-09 18:00:00","2026-09-10 09:00:00","CAPE","surface",-73.2271,18.1639,2332
"2026-09-09 18:00:00","2026-09-10 09:00:00","CAPE","surface",-73.2032,18.1639,2299
"2026-09-09 18:00:00","2026-09-10 09:00:00","CAPE","surface",-73.1793,18.1639,2317
"2026-09-09 18:00:00","2026-09-10 09:00:00","CAPE","surface",-73.1553,18.1639,2242
"2026-09-09 18:00:00","2026-09-10 09:00:00","CAPE","surface",-73.1314,18.1639,2298
"2026-09-09 18:00:00","2026-09-10 09:00:00","CAPE","surface",-73.1075,18.1639,2030
"2026-09-09 18:00:00","2026-09-10 09:00:00","CAPE","surface",-73.0836,18.1639,2030
"2026-09-09 18:00:00","2026-09-10 09:00:00","CAPE","surface",-73.0596,18.1639,1667
"2026-09-09 18:00:00","2026-09-10 09:00:00","CAPE","surface",-73.0357,18.1639,1951
"2026-09-09 18:00:00","2026-09-10 09:00:00","CAPE","surface",-73.0118,18.1639,1492
"2026-09-09 18:00:00","2026-09-10 09:00:00","CAPE","surface",-72.9879,18.1639,1737
"2026-09-09 18:00:00","2026-09-10 09:00:00","CAPE","surface",-72.9639,18.1639,1404
"2026-09-09 18:00:00","2026-09-10 09:00:00","CAPE","surface",-72.94,18.1639,1451
"2026-09-09 18:00:00","2026-09-10 09:00:00","CAPE","surface",-72.9161,18.1639,1448
"2026-09-09 18:00:00","2026-09-10 09:00:00","CAPE","surface",-72.8922,18.1639,1499
"2026-09-09 18:00:00","2026-09-10 09:00:00","CAPE","surface",-72.8682,18.1639,1449
"2026-09-09 18:00:00","2026-09-10 09:00:00","CAPE","surface",-72.8443,18.1639,1405
"2026-09-09 18:00:00","2026-09-10 09:00:00","CAPE","surface",-72.8204,18.1639,1405
"2026-09-09 18:00:00","2026-09-10 09:00:00","CAPE","surface",-72.7965,18.1639,1389
"2026-09-09 18:00:00","2026-09-10 09:00:00","CAPE","surface",-72.7725,18.1639,1352
"2026-09-09 18:00:00","2026-09-10 09:00:00","CAPE","surface",-72.7486,18.1639,1384
"2026-09-09 18:00:00","2026-09-10 09:00:00","CAPE","surface",-72.7247,18.1639,1864
"2026-09-09 18:00:00","2026-09-10 09:00:00","CAPE","surface",-72.7008,18.1639,1424
"2026-09-09 18:00:00","2026-09-10 09:00:00","CAPE","surface",-72.6768,18.1639,1842
"2026-09-09 18:00:00","2026-09-10 09:00:00","CAPE","surface",-72.6529,18.1639,1827
"2026-09-09 18:00:00","2026-09-10 09:00:00","CAPE","surface",-72.629,18.1639,1952
"2026-09-09 18:00:00","2026-09-10 09:00:00","CAPE","surface",-72.6051,18.1639,1851
"2026-09-09 18:00:00","2026-09-10 09:00:00","CAPE","surface",-72.5811,18.1639,1851
"2026-09-09 18:00:00","2026-09-10 09:00:00","CAPE","surface",-72.5572,18.1639,1568
"2026-09-09 18:00:00","2026-09-10 09:00:00","CAPE","surface",-72.5333,18.1639,1639
"2026-09-09 18:00:00","2026-09-10 09:00:00","CAPE","surface",-72.5094,18.1639,1429
"2026-09-09 18:00:00","2026-09-10 09:00:00","CAPE","surface",-72.4854,18.1639,1554
"2026-09-09 18:00:00","2026-09-10 09:00:00","CAPE","surface",-72.4615,18.1639,1455
"2026-09-09 18:00:00","2026-09-10 09:00:00","CAPE","surface",-72.4376,18.1639,1505
"2026-09-09 18:00:00","2026-09-10 09:00:00","CAPE","surface",-72.4137,18.1639,1477
"2026-09-09 18:00:00","2026-09-10 09:00:00","CAPE","surface",-72.3897,18.1639,1524
"2026-09-09 18:00:00","2026-09-10 09:00:00","CAPE","surface",-72.3658,18.1639,1627
"2026-09-09 18:00:00","2026-09-10 09:00:00","CAPE","surface",-72.3419,18.1639,1745
"2026-09-09 18:00:00","2026-09-10 09:00:00","CAPE","surface",-72.318,18.1639,1745
"2026-09-09 18:00:00","2026-09-10 09:00:00","CAPE","surface",-72.294,18.1639,1863
"2026-09-09 18:00:00","2026-09-10 09:00:00","CAPE","surface",-72.2701,18.1639,1804
"2026-09-09 18:00:00","2026-09-10 09:00:00","CAPE","surface",-72.2462,18.1639,1799
"2026-09-09 18:00:00","2026-09-10 09:00:00","CAPE","surface",-72.2223,18.1639,1726
"2026-09-09 18:00:00","2026-09-10 09:00:00","CAPE","surface",-72.1983,18.1639,1870
"2026-09-09 18:00:00","2026-09-10 09:00:00","CAPE","surface",-72.1744,18.1639,1802
"2026-09-09 18:00:00","2026-09-10 09:00:00","CAPE","surface",-72.1505,18.1639,1983
"2026-09-09 18:00:00","2026-09-10 09:00:00","CAPE","surface",-72.1266,18.1639,1913
"2026-09-09 18:00:00","2026-09-10 09:00:00","CAPE","surface",-72.1026,18.1639,2041
"2026-09-09 18:00:00","2026-09-10 09:00:00","CAPE","surface",-72.0787,18.1639,2041
"2026-09-09 18:00:00","2026-09-10 09:00:00","CAPE","surface",-72.0548,18.1639,2023
"2026-09-09 18:00:00","2026-09-10 09:00:00","CAPE","surface",-72.0309,18.1639,1983
"2026-09-09 18:00:00","2026-09-10 09:00:00","CAPE","surface",-72.0069,18.1639,2048
"2026-09-09 18:00:00","2026-09-10 09:00:00","CAPE","surface",-71.983,18.1639,1911
"2026-09-09 18:00:00","2026-09-10 09:00:00","CAPE","surface",-71.9591,18.1639,1911
"2026-09-09 18:00:00","2026-09-10 09:00:00","CAPE","surface",-71.9352,18.1639,1502
"2026-09-09 18:00:00","2026-09-10 09:00:00","CAPE","surface",-71.9112,18.1639,1469
"2026-09-09 18:00:00","2026-09-10 09:00:00","CAPE","surface",-71.8873,18.1639,1014
"2026-09-09 18:00:00","2026-09-10 09:00:00","CAPE","surface",-71.8634,18.1639,978
"2026-09-09 18:00:00","2026-09-10 09:00:00","CAPE","surface",-71.8395,18.1639,881
"2026-09-09 18:00:00","2026-09-10 09:00:00","CAPE","surface",-71.8155,18.1639,846
"2026-09-09 18:00:00","2026-09-10 09:00:00","CAPE","surface",-71.7916,18.1639,687
"2026-09-09 18:00:00","2026-09-10 09:00:00","CAPE","surface",-71.7677,18.1639,556
"2026-09-09 18:00:00","2026-09-10 09:00:00","CAPE","surface",-71.7438,18.1639,602
"2026-09-09 18:00:00","2026-09-10 09:00:00","CAPE","surface",-71.7198,18.1639,542
"2026-09-09 18:00:00","2026-09-10 09:00:00","CAPE","surface",-71.6959,18.1639,542
"2026-09-09 18:00:00","2026-09-10 09:00:00","CAPE","surface",-71.672,18.1639,194
"2026-09-09 18:00:00","2026-09-10 09:00:00","CAPE","surface",-71.6481,18.1639,274
"2026-09-09 18:00:00","2026-09-10 09:00:00","CAPE","surface",-71.6241,18.1639,445
"2026-09-09 18:00:00","2026-09-10 09:00:00","CAPE","surface",-71.6002,18.1639,580
"2026-09-09 18:00:00","2026-09-10 09:00:00","CAPE","surface",-71.5763,18.1639,758
"2026-09-09 18:00:00","2026-09-10 09:00:00","CAPE","surface",-71.5524,18.1639,829
"2026-09-09 18:00:00","2026-09-10 09:00:00","CAPE","surface",-71.5284,18.1639,886
"2026-09-09 18:00:00","2026-09-10 09:00:00","CAPE","surface",-71.5045,18.1639,737
"2026-09-09 18:00:00","2026-09-10 09:00:00","CAPE","surface",-71.4806,18.1639,659
"2026-09-09 18:00:00","2026-09-10 09:00:00","CAPE","surface",-71.4567,18.1639,900
"2026-09-09 18:00:00","2026-09-10 09:00:00","CAPE","surface",-71.4327,18.1639,660
"2026-09-09 18:00:00","2026-09-10 09:00:00","CAPE","surface",-71.4088,18.1639,782
"2026-09-09 18:00:00","2026-09-10 09:00:00","CAPE","surface",-71.3849,18.1639,761
"2026-09-09 18:00:00","2026-09-10 09:00:00","CAPE","surface",-71.361,18.1639,747
"2026-09-09 18:00:00","2026-09-10 09:00:00","CAPE","surface",-71.337,18.1639,747
"2026-09-09 18:00:00","2026-09-10 09:00:00","CAPE","surface",-71.3131,18.1639,707
"2026-09-09 18:00:00","2026-09-10 09:00:00","CAPE","surface",-71.2892,18.1639,802
"2026-09-09 18:00:00","2026-09-10 09:00:00","CAPE","surface",-71.2653,18.1639,782
"2026-09-09 18:00:00","2026-09-10 09:00:00","CAPE","surface",-71.2413,18.1639,855
"2026-09-09 18:00:00","2026-09-10 09:00:00","CAPE","surface",-71.2174,18.1639,886
"2026-09-09 18:00:00","2026-09-10 09:00:00","CAPE","surface",-71.1935,18.1639,911
"2026-09-09 18:00:00","2026-09-10 09:00:00","CAPE","surface",-71.1696,18.1639,1110
"2026-09-09 18:00:00","2026-09-10 09:00:00","CAPE","surface",-71.1456,18.1639,1510
"2026-09-09 18:00:00","2026-09-10 09:00:00","CAPE","surface",-71.1217,18.1639,1510
"2026-09-09 18:00:00","2026-09-10 09:00:00","CAPE","surface",-71.0978,18.1639,1725
"2026-09-09 18:00:00","2026-09-10 09:00:00","CAPE","surface",-71.0739,18.1639,1771
"2026-09-09 18:00:00","2026-09-10 09:00:00","CAPE","surface",-71.0499,18.1639,1744
"2026-09-09 18:00:00","2026-09-10 09:00:00","CAPE","surface",-71.026,18.1639,1713
"2026-09-09 18:00:00","2026-09-10 09:00:00","CAPE","surface",-71.0021,18.1639,1689
"2026-09-09 18:00:00","2026-09-10 09:00:00","CAPE","surface",-70.9782,18.1639,1655
"2026-09-09 18:00:00","2026-09-10 09:00:00","CAPE","surface",-70.9542,18.1639,1631
"2026-09-09 18:00:00","2026-09-10 09:00:00","CAPE","surface",-70.9303,18.1639,1626
"2026-09-09 18:00:00","2026-09-10 09:00:00","CAPE","surface",-70.9064,18.1639,1594
"2026-09-09 18:00:00","2026-09-10 09:00:00","CAPE","surface",-70.8825,18.1639,1534
"2026-09-09 18:00:00","2026-09-10 09:00:00","CAPE","surface",-70.8585,18.1639,1553
"2026-09-09 18:00:00","2026-09-10 09:00:00","CAPE","surface",-70.8346,18.1639,1533
"2026-09-09 18:00:00","2026-09-10 09:00:00","CAPE","surface",-70.8107,18.1639,1629
"2026-09-09 18:00:00","2026-09-10 09:00:00","CAPE","surface",-70.7868,18.1639,1610
"2026-09-09 18:00:00","2026-09-10 09:00:00","CAPE","surface",-70.7628,18.1639,1610
"2026-09-09 18:00:00","2026-09-10 09:00:00","CAPE","surface",-70.7389,18.1639,1565
"2026-09-09 18:00:00","2026-09-10 09:00:00","CAPE","surface",-70.715,18.1639,1634
"2026-09-09 18:00:00","2026-09-10 09:00:00","CAPE","surface",-70.6911,18.1639,1596
"2026-09-09 18:00:00","2026-09-10 09:00:00","CAPE","surface",-70.6671,18.1639,1607
"2026-09-09 18:00:00","2026-09-10 09:00:00","CAPE","surface",-70.6432,18.1639,1544
"2026-09-09 18:00:00","2026-09-10 09:00:00","CAPE","surface",-70.6193,18.1639,1509
"2026-09-09 18:00:00","2026-09-10 09:00:00","CAPE","surface",-70.5954,18.1639,1549
"2026-09-09 18:00:00","2026-09-10 09:00:00","CAPE","surface",-70.5714,18.1639,1512
"2026-09-09 18:00:00","2026-09-10 09:00:00","CAPE","surface",-70.5475,18.1639,1579
"2026-09-09 18:00:00","2026-09-10 09:00:00","CAPE","surface",-70.5236,18.1639,1460
"2026-09-09 18:00:00","2026-09-10 09:00:00","CAPE","surface",-70.4997,18.1639,1559
"2026-09-09 18:00:00","2026-09-10 09:00:00","CAPE","surface",-70.4757,18.1639,1583
"2026-09-09 18:00:00","2026-09-10 09:00:00","CAPE","surface",-70.4518,18.1639,1668
"2026-09-09 18:00:00","2026-09-10 09:00:00","CAPE","surface",-70.4279,18.1639,1578
"2026-09-09 18:00:00","2026-09-10 09:00:00","CAPE","surface",-70.404,18.1639,1688
"2026-09-09 18:00:00","2026-09-10 09:00:00","CAPE","surface",-70.38,18.1639,1687
"2026-09-09 18:00:00","2026-09-10 09:00:00","CAPE","surface",-70.3561,18.1639,1662
"2026-09-09 18:00:00","2026-09-10 09:00:00","CAPE","surface",-70.3322,18.1639,1728
"2026-09-09 18:00:00","2026-09-10 09:00:00","CAPE","surface",-70.3083,18.1639,1648
"2026-09-09 18:00:00","2026-09-10 09:00:00","CAPE","surface",-70.2843,18.1639,1717
"2026-09-09 18:00:00","2026-09-10 09:00:00","CAPE","surface",-70.2604,18.1639,1709
"2026-09-09 18:00:00","2026-09-10 09:00:00","CAPE","surface",-70.2365,18.1639,1842
"2026-09-09 18:00:00","2026-09-10 09:00:00","CAPE","surface",-70.2126,18.1639,1949
"2026-09-09 18:00:00","2026-09-10 09:00:00","CAPE","surface",-70.1886,18.1639,1949
"2026-09-09 18:00:00","2026-09-10 09:00:00","CAPE","surface",-70.1647,18.1639,2112
"2026-09-09 18:00:00","2026-09-10 09:00:00","CAPE","surface",-70.1408,18.1639,2456
"2026-09-09 18:00:00","2026-09-10 09:00:00","CAPE","surface",-70.1169,18.1639,2541
"2026-09-09 18:00:00","2026-09-10 09:00:00","CAPE","surface",-70.0929,18.1639,2601
"2026-09-09 18:00:00","2026-09-10 09:00:00","CAPE","surface",-70.069,18.1639,2601
"2026-09-09 18:00:00","2026-09-10 09:00:00","CAPE","surface",-70.0451,18.1639,2604
"2026-09-09 18:00:00","2026-09-10 09:00:00","CAPE","surface",-70.0212,18.1639,2610
"2026-09-09 18:00:00","2026-09-10 09:00:00","CAPE","surface",-69.9972,18.1639,2653
"2026-09-09 18:00:00","2026-09-10 09:00:00","CAPE","surface",-69.9733,18.1639,2653
"2026-09-09 18:00:00","2026-09-10 09:00:00","CAPE","surface",-69.9494,18.1639,2684
"2026-09-09 18:00:00","2026-09-10 09:00:00","CAPE","surface",-69.9255,18.1639,2726
"2026-09-09 18:00:00","2026-09-10 09:00:00","CAPE","surface",-69.9015,18.1639,2742
"2026-09-09 18:00:00","2026-09-10 09:00:00","CAPE","surface",-69.8776,18.1639,2765
"2026-09-09 18:00:00","2026-09-10 09:00:00","CAPE","surface",-69.8537,18.1639,2765
"2026-09-09 18:00:00","2026-09-10 09:00:00","CAPE","surface",-69.8298,18.1639,2743
"2026-09-09 18:00:00","2026-09-10 09:00:00","CAPE","surface",-69.8058,18.1639,2734
"2026-09-09 18:00:00","2026-09-10 09:00:00","CAPE","surface",-69.7819,18.1639,2707
"2026-09-09 18:00:00","2026-09-10 09:00:00","CAPE","surface",-69.758,18.1639,2707
"2026-09-09 18:00:00","2026-09-10 09:00:00","CAPE","surface",-69.7341,18.1639,2697
"2026-09-09 18:00:00","2026-09-10 09:00:00","CAPE","surface",-69.7101,18.1639,2671
"2026-09-09 18:00:00","2026-09-10 09:00:00","CAPE","surface",-69.6862,18.1639,2643
"2026-09-09 18:00:00","2026-09-10 09:00:00","CAPE","surface",-69.6623,18.1639,2648
"2026-09-09 18:00:00","2026-09-10 09:00:00","CAPE","surface",-69.6384,18.1639,2648
"2026-09-09 18:00:00","2026-09-10 09:00:00","CAPE","surface",-69.6144,18.1639,2624
"2026-09-09 18:00:00","2026-09-10 09:00:00","CAPE","surface",-69.5905,18.1639,2522
"2026-09-09 18:00:00","2026-09-10 09:00:00","CAPE","surface",-69.5666,18.1639,2456
"2026-09-09 18:00:00","2026-09-10 09:00:00","CAPE","surface",-69.5427,18.1639,2432
"2026-09-09 18:00:00","2026-09-10 09:00:00","CAPE","surface",-69.5187,18.1639,2416
"2026-09-09 18:00:00","2026-09-10 09:00:00","CAPE","surface",-69.4948,18.1639,2476
"2026-09-09 18:00:00","2026-09-10 09:00:00","CAPE","surface",-69.4709,18.1639,2618
"2026-09-09 18:00:00","2026-09-10 09:00:00","CAPE","surface",-69.447,18.1639,2725
"2026-09-09 18:00:00","2026-09-10 09:00:00","CAPE","surface",-69.423,18.1639,2725
"2026-09-09 18:00:00","2026-09-10 09:00:00","CAPE","surface",-69.3991,18.1639,2696
"2026-09-09 18:00:00","2026-09-10 09:00:00","CAPE","surface",-69.3752,18.1639,2708
"2026-09-09 18:00:00","2026-09-10 09:00:00","CAPE","surface",-69.3513,18.1639,2559
"2026-09-09 18:00:00","2026-09-10 09:00:00","CAPE","surface",-69.3273,18.1639,2439
"2026-09-09 18:00:00","2026-09-10 09:00:00","CAPE","surface",-69.3034,18.1639,2462
"2026-09-09 18:00:00","2026-09-10 09:00:00","CAPE","surface",-69.2795,18.1639,2373
"2026-09-09 18:00:00","2026-09-10 09:00:00","CAPE","surface",-69.2556,18.1639,2329
"2026-09-09 18:00:00","2026-09-10 09:00:00","CAPE","surface",-69.2316,18.1639,2275
"2026-09-09 18:00:00","2026-09-10 09:00:00","CAPE","surface",-69.2077,18.1639,2275
"2026-09-09 18:00:00","2026-09-10 09:00:00","CAPE","surface",-69.1838,18.1639,2291
"2026-09-09 18:00:00","2026-09-10 09:00:00","CAPE","surface",-69.1599,18.1639,2394
"2026-09-09 18:00:00","2026-09-10 09:00:00","CAPE","surface",-69.1359,18.1639,2481
"2026-09-09 18:00:00","2026-09-10 09:00:00","CAPE","surface",-69.112,18.1639,2533
"2026-09-09 18:00:00","2026-09-10 09:00:00","CAPE","surface",-69.0881,18.1639,2497
"2026-09-09 18:00:00","2026-09-10 09:00:00","CAPE","surface",-69.0642,18.1639,2510
"2026-09-09 18:00:00","2026-09-10 09:00:00","CAPE","surface",-69.0402,18.1639,2501
"2026-09-09 18:00:00","2026-09-10 09:00:00","CAPE","surface",-69.0163,18.1639,2441
"2026-09-09 18:00:00","2026-09-10 09:00:00","CAPE","surface",-68.9924,18.1639,2441
"2026-09-09 18:00:00","2026-09-10 09:00:00","CAPE","surface",-68.9685,18.1639,2344
"2026-09-09 18:00:00","2026-09-10 09:00:00","CAPE","surface",-68.9445,18.1639,2204
"2026-09-09 18:00:00","2026-09-10 09:00:00","CAPE","surface",-68.9206,18.1639,2105
"2026-09-09 18:00:00","2026-09-10 09:00:00","CAPE","surface",-68.8967,18.1639,2021
"2026-09-09 18:00:00","2026-09-10 09:00:00","CAPE","surface",-68.8728,18.1639,2018
"2026-09-09 18:00:00","2026-09-10 09:00:00","CAPE","surface",-68.8488,18.1639,1953
"2026-09-09 18:00:00","2026-09-10 09:00:00","CAPE","surface",-68.8249,18.1639,1891
"2026-09-09 18:00:00","2026-09-10 09:00:00","CAPE","surface",-68.801,18.1639,1866
"2026-09-09 18:00:00","2026-09-10 09:00:00","CAPE","surface",-68.7771,18.1639,1866
"2026-09-09 18:00:00","2026-09-10 09:00:00","CAPE","surface",-68.7531,18.1639,1755
"2026-09-09 18:00:00","2026-09-10 09:00:00","CAPE","surface",-68.7292,18.1639,1700
"2026-09-09 18:00:00","2026-09-10 09:00:00","CAPE","surface",-68.7053,18.1639,1813
"2026-09-09 18:00:00","2026-09-10 09:00:00","CAPE","surface",-68.6813,18.1639,1813
"2026-09-09 18:00:00","2026-09-10 09:00:00","CAPE","surface",-68.6574,18.1639,1832
"2026-09-09 18:00:00","2026-09-10 09:00:00","CAPE","surface",-68.6335,18.1639,2019
"2026-09-09 18:00:00","2026-09-10 09:00:00","CAPE","surface",-68.6096,18.1639,1907
"2026-09-09 18:00:00","2026-09-10 09:00:00","CAPE","surface",-68.5856,18.1639,2230
"2026-09-09 18:00:00","2026-09-10 09:00:00","CAPE","surface",-68.5617,18.1639,2230
"2026-09-09 18:00:00","2026-09-10 09:00:00","CAPE","surface",-68.5378,18.1639,2165
"2026-09-09 18:00:00","2026-09-10 09:00:00","CAPE","surface",-68.5139,18.1639,2268
"2026-09-09 18:00:00","2026-09-10 09:00:00","CAPE","surface",-68.4899,18.1639,2239
"2026-09-09 18:00:00","2026-09-10 09:00:00","CAPE","surface",-68.466,18.1639,2150
"2026-09-09 18:00:00","2026-09-10 09:00:00","CAPE","surface",-68.4421,18.1639,2143
"2026-09-09 18:00:00","2026-09-10 09:00:00","CAPE","surface",-68.4182,18.1639,2109
"2026-09-09 18:00:00","2026-09-10 09:00:00","CAPE","surface",-68.3942,18.1639,2098
"2026-09-09 18:00:00","2026-09-10 09:00:00","CAPE","surface",-68.3703,18.1639,2091
"2026-09-09 18:00:00","2026-09-10 09:00:00","CAPE","surface",-68.3464,18.1639,2098
"2026-09-09 18:00:00","2026-09-10 09:00:00","CAPE","surface",-68.3225,18.1639,2059
"2026-09-09 18:00:00","2026-09-10 09:00:00","CAPE","surface",-68.2985,18.1639,2033
"2026-09-09 18:00:00","2026-09-10 09:00:00","CAPE","surface",-68.2746,18.1639,2015
"2026-09-09 18:00:00","2026-09-10 09:00:00","CAPE","surface",-68.2507,18.1639,2045
"2026-09-09 18:00:00","2026-09-10 09:00:00","CAPE","surface",-68.2268,18.1639,2058
"2026-09-09 18:00:00","2026-09-10 09:00:00","CAPE","surface",-68.2028,18.1639,2101
"2026-09-09 18:00:00","2026-09-10 09:00:00","CAPE","surface",-68.1789,18.1639,2093
"2026-09-09 18:00:00","2026-09-10 09:00:00","CAPE","surface",-68.155,18.1639,2087
"2026-09-09 18:00:00","2026-09-10 09:00:00","CAPE","surface",-68.1311,18.1639,2111
"2026-09-09 18:00:00","2026-09-10 09:00:00","CAPE","surface",-68.1071,18.1639,2191
"2026-09-09 18:00:00","2026-09-10 09:00:00","CAPE","surface",-68.0832,18.1639,2259
"2026-09-09 18:00:00","2026-09-10 09:00:00","CAPE","surface",-68.0593,18.1639,2259
"2026-09-09 18:00:00","2026-09-10 09:00:00","CAPE","surface",-68.0354,18.1639,2228
"2026-09-09 18:00:00","2026-09-10 09:00:00","CAPE","surface",-68.0114,18.1639,2219
"2026-09-09 18:00:00","2026-09-10 09:00:00","CAPE","surface",-67.9875,18.1639,1995
"2026-09-09 18:00:00","2026-09-10 09:00:00","CAPE","surface",-67.9636,18.1639,1906
"2026-09-09 18:00:00","2026-09-10 09:00:00","CAPE","surface",-67.9397,18.1639,1714
"2026-09-09 18:00:00","2026-09-10 09:00:00","CAPE","surface",-67.9157,18.1639,1584
"2026-09-09 18:00:00","2026-09-10 09:00:00","CAPE","surface",-67.8918,18.1639,1534
"2026-09-09 18:00:00","2026-09-10 09:00:00","CAPE","surface",-67.8679,18.1639,1518
"2026-09-09 18:00:00","2026-09-10 09:00:00","CAPE","surface",-67.844,18.1639,1518
"2026-09-09 18:00:00","2026-09-10 09:00:00","CAPE","surface",-67.82,18.1639,1632
"2026-09-09 18:00:00","2026-09-10 09:00:00","CAPE","surface",-67.7961,18.1639,1648
"2026-09-09 18:00:00","2026-09-10 09:00:00","CAPE","surface",-67.7722,18.1639,1786
"2026-09-09 18:00:00","2026-09-10 09:00:00","CAPE","surface",-67.7483,18.1639,1892
"2026-09-09 18:00:00","2026-09-10 09:00:00","CAPE","surface",-67.7243,18.1639,1859
"2026-09-09 18:00:00","2026-09-10 09:00:00","CAPE","surface",-67.7004,18.1639,1902
"2026-09-09 18:00:00","2026-09-10 09:00:00","CAPE","surface",-67.6765,18.1639,1912
"2026-09-09 18:00:00","2026-09-10 09:00:00","CAPE","surface",-67.6526,18.1639,1957
"2026-09-09 18:00:00","2026-09-10 09:00:00","CAPE","surface",-67.6286,18.1639,1971
"2026-09-09 18:00:00","2026-09-10 09:00:00","CAPE","surface",-67.6047,18.1639,2055
"2026-09-09 18:00:00","2026-09-10 09:00:00","CAPE","surface",-67.5808,18.1639,2026
"2026-09-09 18:00:00","2026-09-10 09:00:00","CAPE","surface",-67.5569,18.1639,2059
"2026-09-09 18:00:00","2026-09-10 09:00:00","CAPE","surface",-67.5329,18.1639,2025
"2026-09-09 18:00:00","2026-09-10 09:00:00","CAPE","surface",-67.509,18.1639,1986
"2026-09-09 18:00:00","2026-09-10 09:00:00","CAPE","surface",-67.4851,18.1639,1972
"2026-09-09 18:00:00","2026-09-10 09:00:00","CAPE","surface",-67.4612,18.1639,1955
"2026-09-09 18:00:00","2026-09-10 09:00:00","CAPE","surface",-67.4372,18.1639,1965
"2026-09-09 18:00:00","2026-09-10 09:00:00","CAPE","surface",-67.4133,18.1639,1955
"2026-09-09 18:00:00","2026-09-10 09:00:00","CAPE","surface",-67.3894,18.1639,1926
"2026-09-09 18:00:00","2026-09-10 09:00:00","CAPE","surface",-67.3655,18.1639,1853
"2026-09-09 18:00:00","2026-09-10 09:00:00","CAPE","surface",-67.3415,18.1639,1853
"2026-09-09 18:00:00","2026-09-10 09:00:00","CAPE","surface",-67.3176,18.1639,1773
"2026-09-09 18:00:00","2026-09-10 09:00:00","CAPE","surface",-67.2937,18.1639,1711
"2026-09-09 18:00:00","2026-09-10 09:00:00","CAPE","surface",-67.2698,18.1639,1619
"2026-09-09 18:00:00","2026-09-10 09:00:00","CAPE","surface",-67.2458,18.1639,1619
"2026-09-09 18:00:00","2026-09-10 09:00:00","CAPE","surface",-67.2219,18.1639,1555
"2026-09-09 18:00:00","2026-09-10 09:00:00","CAPE","surface",-67.198,18.1639,1464
"2026-09-09 18:00:00","2026-09-10 09:00:00","CAPE","surface",-67.1741,18.1639,1347
"2026-09-09 18:00:00","2026-09-10 09:00:00","CAPE","surface",-67.1501,18.1639,1300
"2026-09-09 18:00:00","2026-09-10 09:00:00","CAPE","surface",-67.1262,18.1639,1000
"2026-09-09 18:00:00","2026-09-10 09:00:00","CAPE","surface",-67.1023,18.1639,983
"2026-09-09 18:00:00","2026-09-10 09:00:00","CAPE","surface",-67.0784,18.1639,878
"2026-09-09 18:00:00","2026-09-10 09:00:00","CAPE","surface",-67.0544,18.1639,878
"2026-09-09 18:00:00","2026-09-10 09:00:00","CAPE","surface",-67.0305,18.1639,251
"2026-09-09 18:00:00","2026-09-10 09:00:00","CAPE","surface",-67.0066,18.1639,499
"2026-09-09 18:00:00","2026-09-10 09:00:00","CAPE","surface",-74.7822,18.1866,2158
"2026-09-09 18:00:00","2026-09-10 09:00:00","CAPE","surface",-74.7583,18.1866,2170
"2026-09-09 18:00:00","2026-09-10 09:00:00","CAPE","surface",-74.7344,18.1866,2153
"2026-09-09 18:00:00","2026-09-10 09:00:00","CAPE","surface",-74.7105,18.1866,2169
"2026-09-09 18:00:00","2026-09-10 09:00:00","CAPE","surface",-74.6865,18.1866,2154
"2026-09-09 18:00:00","2026-09-10 09:00:00","CAPE","surface",-74.6626,18.1866,2168
"2026-09-09 18:00:00","2026-09-10 09:00:00","CAPE","surface",-74.6387,18.1866,2145
"2026-09-09 18:00:00","2026-09-10 09:00:00","CAPE","surface",-74.6148,18.1866,2137
"2026-09-09 18:00:00","2026-09-10 09:00:00","CAPE","surface",-74.5908,18.1866,2144
"2026-09-09 18:00:00","2026-09-10 09:00:00","CAPE","surface",-74.5669,18.1866,2151
"2026-09-09 18:00:00","2026-09-10 09:00:00","CAPE","surface",-74.543,18.1866,2166
"2026-09-09 18:00:00","2026-09-10 09:00:00","CAPE","surface",-74.5191,18.1866,2155
"2026-09-09 18:00:00","2026-09-10 09:00:00","CAPE","surface",-74.4951,18.1866,2172
"2026-09-09 18:00:00","2026-09-10 09:00:00","CAPE","surface",-74.4712,18.1866,2193
"2026-09-09 18:00:00","2026-09-10 09:00:00","CAPE","surface",-74.4473,18.1866,2210
"2026-09-09 18:00:00","2026-09-10 09:00:00","CAPE","surface",-74.4234,18.1866,2230
"2026-09-09 18:00:00","2026-09-10 09:00:00","CAPE","surface",-74.3994,18.1866,2234
"2026-09-09 18:00:00","2026-09-10 09:00:00","CAPE","surface",-74.3755,18.1866,2237
"2026-09-09 18:00:00","2026-09-10 09:00:00","CAPE","surface",-74.3516,18.1866,2249
"2026-09-09 18:00:00","2026-09-10 09:00:00","CAPE","surface",-74.3277,18.1866,2257
"2026-09-09 18:00:00","2026-09-10 09:00:00","CAPE","surface",-74.3037,18.1866,2279
"2026-09-09 18:00:00","2026-09-10 09:00:00","CAPE","surface",-74.2798,18.1866,2261
"2026-09-09 18:00:00","2026-09-10 09:00:00","CAPE","surface",-74.2559,18.1866,2261
"2026-09-09 18:00:00","2026-09-10 09:00:00","CAPE","surface",-74.232,18.1866,2243
"2026-09-09 18:00:00","2026-09-10 09:00:00","CAPE","surface",-74.208,18.1866,2199
"2026-09-09 18:00:00","2026-09-10 09:00:00","CAPE","surface",-74.1841,18.1866,2210
"2026-09-09 18:00:00","2026-09-10 09:00:00","CAPE","surface",-74.1602,18.1866,2145
"2026-09-09 18:00:00","2026-09-10 09:00:00","CAPE","surface",-74.1363,18.1866,2177
"2026-09-09 18:00:00","2026-09-10 09:00:00","CAPE","surface",-74.1123,18.1866,1968
"2026-09-09 18:00:00","2026-09-10 09:00:00","CAPE","surface",-74.0884,18.1866,1992
"2026-09-09 18:00:00","2026-09-10 09:00:00","CAPE","surface",-74.0645,18.1866,1768
"2026-09-09 18:00:00","2026-09-10 09:00:00","CAPE","surface",-74.0406,18.1866,1804
"2026-09-09 18:00:00","2026-09-10 09:00:00","CAPE","surface",-74.0166,18.1866,1507
"2026-09-09 18:00:00","2026-09-10 09:00:00","CAPE","surface",-73.9927,18.1866,1549
"2026-09-09 18:00:00","2026-09-10 09:00:00","CAPE","surface",-73.9688,18.1866,1488
"2026-09-09 18:00:00","2026-09-10 09:00:00","CAPE","surface",-73.9449,18.1866,1549
"2026-09-09 18:00:00","2026-09-10 09:00:00","CAPE","surface",-73.9209,18.1866,1533
"2026-09-09 18:00:00","2026-09-10 09:00:00","CAPE","surface",-73.897,18.1866,1526
"2026-09-09 18:00:00","2026-09-10 09:00:00","CAPE","surface",-73.8731,18.1866,1456
"2026-09-09 18:00:00","2026-09-10 09:00:00","CAPE","surface",-73.8492,18.1866,1457
"2026-09-09 18:00:00","2026-09-10 09:00:00","CAPE","surface",-73.8252,18.1866,1468
"2026-09-09 18:00:00","2026-09-10 09:00:00","CAPE","surface",-73.8013,18.1866,1466
"2026-09-09 18:00:00","2026-09-10 09:00:00","CAPE","surface",-73.7774,18.1866,1437
"2026-09-09 18:00:00","2026-09-10 09:00:00","CAPE","surface",-73.7535,18.1866,1424
"2026-09-09 18:00:00","2026-09-10 09:00:00","CAPE","surface",-73.7295,18.1866,1518
"2026-09-09 18:00:00","2026-09-10 09:00:00","CAPE","surface",-73.7056,18.1866,1518
"2026-09-09 18:00:00","2026-09-10 09:00:00","CAPE","surface",-73.6817,18.1866,1747
"2026-09-09 18:00:00","2026-09-10 09:00:00","CAPE","surface",-73.6578,18.1866,1900
"2026-09-09 18:00:00","2026-09-10 09:00:00","CAPE","surface",-73.6338,18.1866,1950
"2026-09-09 18:00:00","2026-09-10 09:00:00","CAPE","surface",-73.6099,18.1866,2098
"2026-09-09 18:00:00","2026-09-10 09:00:00","CAPE","surface",-73.586,18.1866,2023
"2026-09-09 18:00:00","2026-09-10 09:00:00","CAPE","surface",-73.5621,18.1866,1876
"2026-09-09 18:00:00","2026-09-10 09:00:00","CAPE","surface",-73.5381,18.1866,1987
"2026-09-09 18:00:00","2026-09-10 09:00:00","CAPE","surface",-73.5142,18.1866,1907
"2026-09-09 18:00:00","2026-09-10 09:00:00","CAPE","surface",-73.4903,18.1866,2045
"2026-09-09 18:00:00","2026-09-10 09:00:00","CAPE","surface",-73.4664,18.1866,1938
"2026-09-09 18:00:00","2026-09-10 09:00:00","CAPE","surface",-73.4424,18.1866,2149
"2026-09-09 18:00:00","2026-09-10 09:00:00","CAPE","surface",-73.4185,18.1866,1868
"2026-09-09 18:00:00","2026-09-10 09:00:00","CAPE","surface",-73.3946,18.1866,2068
"2026-09-09 18:00:00","2026-09-10 09:00:00","CAPE","surface",-73.3707,18.1866,1973
"2026-09-09 18:00:00","2026-09-10 09:00:00","CAPE","surface",-73.3467,18.1866,2056
"2026-09-09 18:00:00","2026-09-10 09:00:00","CAPE","surface",-73.3228,18.1866,2036
"2026-09-09 18:00:00","2026-09-10 09:00:00","CAPE","surface",-73.2989,18.1866,2036
"2026-09-09 18:00:00","2026-09-10 09:00:00","CAPE","surface",-73.275,18.1866,1963
"2026-09-09 18:00:00","2026-09-10 09:00:00","CAPE","surface",-73.251,18.1866,2207
"2026-09-09 18:00:00","2026-09-10 09:00:00","CAPE","surface",-73.2271,18.1866,2158
"2026-09-09 18:00:00","2026-09-10 09:00:00","CAPE","surface",-73.2032,18.1866,2299
"2026-09-09 18:00:00","2026-09-10 09:00:00","CAPE","surface",-73.1793,18.1866,2149
"2026-09-09 18:00:00","2026-09-10 09:00:00","CAPE","surface",-73.1553,18.1866,2149
"2026-09-09 18:00:00","2026-09-10 09:00:00","CAPE","surface",-73.1314,18.1866,1715
"2026-09-09 18:00:00","2026-09-10 09:00:00","CAPE","surface",-73.1075,18.1866,1899
"2026-09-09 18:00:00","2026-09-10 09:00:00","CAPE","surface",-73.0836,18.1866,1492
"2026-09-09 18:00:00","2026-09-10 09:00:00","CAPE","surface",-73.0596,18.1866,1394
"2026-09-09 18:00:00","2026-09-10 09:00:00","CAPE","surface",-73.0357,18.1866,1394
"2026-09-09 18:00:00","2026-09-10 09:00:00","CAPE","surface",-73.0118,18.1866,1413
"2026-09-09 18:00:00","2026-09-10 09:00:00","CAPE","surface",-72.9879,18.1866,1408
"2026-09-09 18:00:00","2026-09-10 09:00:00","CAPE","surface",-72.9639,18.1866,1470
"2026-09-09 18:00:00","2026-09-10 09:00:00","CAPE","surface",-72.94,18.1866,1445
"2026-09-09 18:00:00","2026-09-10 09:00:00","CAPE","surface",-72.9161,18.1866,1488
"2026-09-09 18:00:00","2026-09-10 09:00:00","CAPE","surface",-72.8922,18.1866,1479
"2026-09-09 18:00:00","2026-09-10 09:00:00","CAPE","surface",-72.8682,18.1866,1467
"2026-09-09 18:00:00","2026-09-10 09:00:00","CAPE","surface",-72.8443,18.1866,1444
"2026-09-09 18:00:00","2026-09-10 09:00:00","CAPE","surface",-72.8204,18.1866,1417
"2026-09-09 18:00:00","2026-09-10 09:00:00","CAPE","surface",-72.7965,18.1866,1389
"2026-09-09 18:00:00","2026-09-10 09:00:00","CAPE","surface",-72.7725,18.1866,1407
"2026-09-09 18:00:00","2026-09-10 09:00:00","CAPE","surface",-72.7486,18.1866,1408
"2026-09-09 18:00:00","2026-09-10 09:00:00","CAPE","surface",-72.7247,18.1866,1446
"2026-09-09 18:00:00","2026-09-10 09:00:00","CAPE","surface",-72.7008,18.1866,1424
"2026-09-09 18:00:00","2026-09-10 09:00:00","CAPE","surface",-72.6768,18.1866,1414
"2026-09-09 18:00:00","2026-09-10 09:00:00","CAPE","surface",-72.6529,18.1866,1414
"2026-09-09 18:00:00","2026-09-10 09:00:00","CAPE","surface",-72.629,18.1866,1323
"2026-09-09 18:00:00","2026-09-10 09:00:00","CAPE","surface",-72.6051,18.1866,1241
"2026-09-09 18:00:00","2026-09-10 09:00:00","CAPE","surface",-72.5811,18.1866,1400
"2026-09-09 18:00:00","2026-09-10 09:00:00","CAPE","surface",-72.5572,18.1866,1146
"2026-09-09 18:00:00","2026-09-10 09:00:00","CAPE","surface",-72.5333,18.1866,1146
"2026-09-09 18:00:00","2026-09-10 09:00:00","CAPE","surface",-72.5094,18.1866,1101
"2026-09-09 18:00:00","2026-09-10 09:00:00","CAPE","surface",-72.4854,18.1866,1312
"2026-09-09 18:00:00","2026-09-10 09:00:00","CAPE","surface",-72.4615,18.1866,1445
"2026-09-09 18:00:00","2026-09-10 09:00:00","CAPE","surface",-72.4376,18.1866,1505
"2026-09-09 18:00:00","2026-09-10 09:00:00","CAPE","surface",-72.4137,18.1866,1401
"2026-09-09 18:00:00","2026-09-10 09:00:00","CAPE","surface",-72.3897,18.1866,1401
"2026-09-09 18:00:00","2026-09-10 09:00:00","CAPE","surface",-72.3658,18.1866,1271
"2026-09-09 18:00:00","2026-09-10 09:00:00","CAPE","surface",-72.3419,18.1866,1567
"2026-09-09 18:00:00","2026-09-10 09:00:00","CAPE","surface",-72.318,18.1866,1787
"2026-09-09 18:00:00","2026-09-10 09:00:00","CAPE","surface",-72.294,18.1866,1863
"2026-09-09 18:00:00","2026-09-10 09:00:00","CAPE","surface",-72.2701,18.1866,1778
"2026-09-09 18:00:00","2026-09-10 09:00:00","CAPE","surface",-72.2462,18.1866,1739
"2026-09-09 18:00:00","2026-09-10 09:00:00","CAPE","surface",-72.2223,18.1866,1916
"2026-09-09 18:00:00","2026-09-10 09:00:00","CAPE","surface",-72.1983,18.1866,1894
"2026-09-09 18:00:00","2026-09-10 09:00:00","CAPE","surface",-72.1744,18.1866,2043
"2026-09-09 18:00:00","2026-09-10 09:00:00","CAPE","surface",-72.1505,18.1866,2034
"2026-09-09 18:00:00","2026-09-10 09:00:00","CAPE","surface",-72.1266,18.1866,2015
"2026-09-09 18:00:00","2026-09-10 09:00:00","CAPE","surface",-72.1026,18.1866,2049
"2026-09-09 18:00:00","2026-09-10 09:00:00","CAPE","surface",-72.0787,18.1866,2041
"2026-09-09 18:00:00","2026-09-10 09:00:00","CAPE","surface",-72.0548,18.1866,1955
"2026-09-09 18:00:00","2026-09-10 09:00:00","CAPE","surface",-72.0309,18.1866,1955
"2026-09-09 18:00:00","2026-09-10 09:00:00","CAPE","surface",-72.0069,18.1866,1604
"2026-09-09 18:00:00","2026-09-10 09:00:00","CAPE","surface",-71.983,18.1866,1681
"2026-09-09 18:00:00","2026-09-10 09:00:00","CAPE","surface",-71.9591,18.1866,1456
"2026-09-09 18:00:00","2026-09-10 09:00:00","CAPE","surface",-71.9352,18.1866,1502
"2026-09-09 18:00:00","2026-09-10 09:00:00","CAPE","surface",-71.9112,18.1866,1081
"2026-09-09 18:00:00","2026-09-10 09:00:00","CAPE","surface",-71.8873,18.1866,928
"2026-09-09 18:00:00","2026-09-10 09:00:00","CAPE","surface",-71.8634,18.1866,916
"2026-09-09 18:00:00","2026-09-10 09:00:00","CAPE","surface",-71.8395,18.1866,527
"2026-09-09 18:00:00","2026-09-10 09:00:00","CAPE","surface",-71.8155,18.1866,617
"2026-09-09 18:00:00","2026-09-10 09:00:00","CAPE","surface",-71.7916,18.1866,460
"2026-09-09 18:00:00","2026-09-10 09:00:00","CAPE","surface",-71.7677,18.1866,460
"2026-09-09 18:00:00","2026-09-10 09:00:00","CAPE","surface",-71.7438,18.1866,449
"2026-09-09 18:00:00","2026-09-10 09:00:00","CAPE","surface",-71.7198,18.1866,520
"2026-09-09 18:00:00","2026-09-10 09:00:00","CAPE","surface",-71.6959,18.1866,112
"2026-09-09 18:00:00","2026-09-10 09:00:00","CAPE","surface",-71.672,18.1866,194
"2026-09-09 18:00:00","2026-09-10 09:00:00","CAPE","surface",-71.6481,18.1866,205
"2026-09-09 18:00:00","2026-09-10 09:00:00","CAPE","surface",-71.6241,18.1866,295
"2026-09-09 18:00:00","2026-09-10 09:00:00","CAPE","surface",-71.6002,18.1866,628
"2026-09-09 18:00:00","2026-09-10 09:00:00","CAPE","surface",-71.5763,18.1866,915
"2026-09-09 18:00:00","2026-09-10 09:00:00","CAPE","surface",-71.5524,18.1866,960
"2026-09-09 18:00:00","2026-09-10 09:00:00","CAPE","surface",-71.5284,18.1866,1094
"2026-09-09 18:00:00","2026-09-10 09:00:00","CAPE","surface",-71.5045,18.1866,1038
"2026-09-09 18:00:00","2026-09-10 09:00:00","CAPE","surface",-71.4806,18.1866,1050
"2026-09-09 18:00:00","2026-09-10 09:00:00","CAPE","surface",-71.4567,18.1866,900
"2026-09-09 18:00:00","2026-09-10 09:00:00","CAPE","surface",-71.4327,18.1866,960
"2026-09-09 18:00:00","2026-09-10 09:00:00","CAPE","surface",-71.4088,18.1866,960
"2026-09-09 18:00:00","2026-09-10 09:00:00","CAPE","surface",-71.3849,18.1866,745
"2026-09-09 18:00:00","2026-09-10 09:00:00","CAPE","surface",-71.361,18.1866,778
"2026-09-09 18:00:00","2026-09-10 09:00:00","CAPE","surface",-71.337,18.1866,740
"2026-09-09 18:00:00","2026-09-10 09:00:00","CAPE","surface",-71.3131,18.1866,707
"2026-09-09 18:00:00","2026-09-10 09:00:00","CAPE","surface",-71.2892,18.1866,778
"2026-09-09 18:00:00","2026-09-10 09:00:00","CAPE","surface",-71.2653,18.1866,911
"2026-09-09 18:00:00","2026-09-10 09:00:00","CAPE","surface",-71.2413,18.1866,899
"2026-09-09 18:00:00","2026-09-10 09:00:00","CAPE","surface",-71.2174,18.1866,989
"2026-09-09 18:00:00","2026-09-10 09:00:00","CAPE","surface",-71.1935,18.1866,1000
"2026-09-09 18:00:00","2026-09-10 09:00:00","CAPE","surface",-71.1696,18.1866,1276
"2026-09-09 18:00:00","2026-09-10 09:00:00","CAPE","surface",-71.1456,18.1866,1340
"2026-09-09 18:00:00","2026-09-10 09:00:00","CAPE","surface",-71.1217,18.1866,1645
"2026-09-09 18:00:00","2026-09-10 09:00:00","CAPE","surface",-71.0978,18.1866,1725
"2026-09-09 18:00:00","2026-09-10 09:00:00","CAPE","surface",-71.0739,18.1866,1786
"2026-09-09 18:00:00","2026-09-10 09:00:00","CAPE","surface",-71.0499,18.1866,1770
"2026-09-09 18:00:00","2026-09-10 09:00:00","CAPE","surface",-71.026,18.1866,1701
"2026-09-09 18:00:00","2026-09-10 09:00:00","CAPE","surface",-71.0021,18.1866,1651
"2026-09-09 18:00:00","2026-09-10 09:00:00","CAPE","surface",-70.9782,18.1866,1643
"2026-09-09 18:00:00","2026-09-10 09:00:00","CAPE","surface",-70.9542,18.1866,1619
"2026-09-09 18:00:00","2026-09-10 09:00:00","CAPE","surface",-70.9303,18.1866,1615
"2026-09-09 18:00:00","2026-09-10 09:00:00","CAPE","surface",-70.9064,18.1866,1544
"2026-09-09 18:00:00","2026-09-10 09:00:00","CAPE","surface",-70.8825,18.1866,1534
"2026-09-09 18:00:00","2026-09-10 09:00:00","CAPE","surface",-70.8585,18.1866,1494
"2026-09-09 18:00:00","2026-09-10 09:00:00","CAPE","surface",-70.8346,18.1866,1494
"2026-09-09 18:00:00","2026-09-10 09:00:00","CAPE","surface",-70.8107,18.1866,1467
"2026-09-09 18:00:00","2026-09-10 09:00:00","CAPE","surface",-70.7868,18.1866,1517
"2026-09-09 18:00:00","2026-09-10 09:00:00","CAPE","surface",-70.7628,18.1866,1475
"2026-09-09 18:00:00","2026-09-10 09:00:00","CAPE","surface",-70.7389,18.1866,1418
"2026-09-09 18:00:00","2026-09-10 09:00:00","CAPE","surface",-70.715,18.1866,1418
"2026-09-09 18:00:00","2026-09-10 09:00:00","CAPE","surface",-70.6911,18.1866,1384
"2026-09-09 18:00:00","2026-09-10 09:00:00","CAPE","surface",-70.6671,18.1866,1483
"2026-09-09 18:00:00","2026-09-10 09:00:00","CAPE","surface",-70.6432,18.1866,1445
"2026-09-09 18:00:00","2026-09-10 09:00:00","CAPE","surface",-70.6193,18.1866,1509
"2026-09-09 18:00:00","2026-09-10 09:00:00","CAPE","surface",-70.5954,18.1866,1422
"2026-09-09 18:00:00","2026-09-10 09:00:00","CAPE","surface",-70.5714,18.1866,1473
"2026-09-09 18:00:00","2026-09-10 09:00:00","CAPE","surface",-70.5475,18.1866,1406
"2026-09-09 18:00:00","2026-09-10 09:00:00","CAPE","surface",-70.5236,18.1866,1460
"2026-09-09 18:00:00","2026-09-10 09:00:00","CAPE","surface",-70.4997,18.1866,1397
"2026-09-09 18:00:00","2026-09-10 09:00:00","CAPE","surface",-70.4757,18.1866,1187
"2026-09-09 18:00:00","2026-09-10 09:00:00","CAPE","surface",-70.4518,18.1866,1437
"2026-09-09 18:00:00","2026-09-10 09:00:00","CAPE","surface",-70.4279,18.1866,1467
"2026-09-09 18:00:00","2026-09-10 09:00:00","CAPE","surface",-70.404,18.1866,1589
"2026-09-09 18:00:00","2026-09-10 09:00:00","CAPE","surface",-70.38,18.1866,1481
"2026-09-09 18:00:00","2026-09-10 09:00:00","CAPE","surface",-70.3561,18.1866,1593
"2026-09-09 18:00:00","2026-09-10 09:00:00","CAPE","surface",-70.3322,18.1866,1575
"2026-09-09 18:00:00","2026-09-10 09:00:00","CAPE","surface",-70.3083,18.1866,1648
"2026-09-09 18:00:00","2026-09-10 09:00:00","CAPE","surface",-70.2843,18.1866,1633
"2026-09-09 18:00:00","2026-09-10 09:00:00","CAPE","surface",-70.2604,18.1866,1633
"2026-09-09 18:00:00","2026-09-10 09:00:00","CAPE","surface",-70.2365,18.1866,1607
"2026-09-09 18:00:00","2026-09-10 09:00:00","CAPE","surface",-70.2126,18.1866,1669
"2026-09-09 18:00:00","2026-09-10 09:00:00","CAPE","surface",-70.1886,18.1866,1868
"2026-09-09 18:00:00","2026-09-10 09:00:00","CAPE","surface",-70.1647,18.1866,2108
"2026-09-09 18:00:00","2026-09-10 09:00:00","CAPE","surface",-70.1408,18.1866,2108
"2026-09-09 18:00:00","2026-09-10 09:00:00","CAPE","surface",-70.1169,18.1866,2298
"2026-09-09 18:00:00","2026-09-10 09:00:00","CAPE","surface",-70.0929,18.1866,2466
"2026-09-09 18:00:00","2026-09-10 09:00:00","CAPE","surface",-70.069,18.1866,2532
"2026-09-09 18:00:00","2026-09-10 09:00:00","CAPE","surface",-70.0451,18.1866,2532
"2026-09-09 18:00:00","2026-09-10 09:00:00","CAPE","surface",-70.0212,18.1866,2560
"2026-09-09 18:00:00","2026-09-10 09:00:00","CAPE","surface",-69.9972,18.1866,2582
"2026-09-09 18:00:00","2026-09-10 09:00:00","CAPE","surface",-69.9733,18.1866,2645
"2026-09-09 18:00:00","2026-09-10 09:00:00","CAPE","surface",-69.9494,18.1866,2663
"2026-09-09 18:00:00","2026-09-10 09:00:00","CAPE","surface",-69.9255,18.1866,2663
"2026-09-09 18:00:00","2026-09-10 09:00:00","CAPE","surface",-69.9015,18.1866,2697
"2026-09-09 18:00:00","2026-09-10 09:00:00","CAPE","surface",-69.8776,18.1866,2753
"2026-09-09 18:00:00","2026-09-10 09:00:00","CAPE","surface",-69.8537,18.1866,2762
"2026-09-09 18:00:00","2026-09-10 09:00:00","CAPE","surface",-69.8298,18.1866,2743
"2026-09-09 18:00:00","2026-09-10 09:00:00","CAPE","surface",-69.8058,18.1866,2749
"2026-09-09 18:00:00","2026-09-10 09:00:00","CAPE","surface",-69.7819,18.1866,2766
"2026-09-09 18:00:00","2026-09-10 09:00:00","CAPE","surface",-69.758,18.1866,2714
"2026-09-09 18:00:00","2026-09-10 09:00:00","CAPE","surface",-69.7341,18.1866,2740
"2026-09-09 18:00:00","2026-09-10 09:00:00","CAPE","surface",-69.7101,18.1866,2740
"2026-09-09 18:00:00","2026-09-10 09:00:00","CAPE","surface",-69.6862,18.1866,2791
"2026-09-09 18:00:00","2026-09-10 09:00:00","CAPE","surface",-69.6623,18.1866,2749
"2026-09-09 18:00:00","2026-09-10 09:00:00","CAPE","surface",-69.6384,18.1866,2781
"2026-09-09 18:00:00","2026-09-10 09:00:00","CAPE","surface",-69.6144,18.1866,2624
"2026-09-09 18:00:00","2026-09-10 09:00:00","CAPE","surface",-69.5905,18.1866,2706
"2026-09-09 18:00:00","2026-09-10 09:00:00","CAPE","surface",-69.5666,18.1866,2539
"2026-09-09 18:00:00","2026-09-10 09:00:00","CAPE","surface",-69.5427,18.1866,2455
"2026-09-09 18:00:00","2026-09-10 09:00:00","CAPE","surface",-69.5187,18.1866,2460
"2026-09-09 18:00:00","2026-09-10 09:00:00","CAPE","surface",-69.4948,18.1866,2460
"2026-09-09 18:00:00","2026-09-10 09:00:00","CAPE","surface",-69.4709,18.1866,2588
"2026-09-09 18:00:00","2026-09-10 09:00:00","CAPE","surface",-69.447,18.1866,2645
"2026-09-09 18:00:00","2026-09-10 09:00:00","CAPE","surface",-69.423,18.1866,2675
"2026-09-09 18:00:00","2026-09-10 09:00:00","CAPE","surface",-69.3991,18.1866,2696
"2026-09-09 18:00:00","2026-09-10 09:00:00","CAPE","surface",-69.3752,18.1866,2592
"2026-09-09 18:00:00","2026-09-10 09:00:00","CAPE","surface",-69.3513,18.1866,2591
"2026-09-09 18:00:00","2026-09-10 09:00:00","CAPE","surface",-69.3273,18.1866,2506
"2026-09-09 18:00:00","2026-09-10 09:00:00","CAPE","surface",-69.3034,18.1866,2416
"2026-09-09 18:00:00","2026-09-10 09:00:00","CAPE","surface",-69.2795,18.1866,2416
"2026-09-09 18:00:00","2026-09-10 09:00:00","CAPE","surface",-69.2556,18.1866,2328
"2026-09-09 18:00:00","2026-09-10 09:00:00","CAPE","surface",-69.2316,18.1866,2302
"2026-09-09 18:00:00","2026-09-10 09:00:00","CAPE","surface",-69.2077,18.1866,2253
"2026-09-09 18:00:00","2026-09-10 09:00:00","CAPE","surface",-69.1838,18.1866,2291
"2026-09-09 18:00:00","2026-09-10 09:00:00","CAPE","surface",-69.1599,18.1866,2316
"2026-09-09 18:00:00","2026-09-10 09:00:00","CAPE","surface",-69.1359,18.1866,2402
"2026-09-09 18:00:00","2026-09-10 09:00:00","CAPE","surface",-69.112,18.1866,2452
"2026-09-09 18:00:00","2026-09-10 09:00:00","CAPE","surface",-69.0881,18.1866,2471
"2026-09-09 18:00:00","2026-09-10 09:00:00","CAPE","surface",-69.0642,18.1866,2471
"2026-09-09 18:00:00","2026-09-10 09:00:00","CAPE","surface",-69.0402,18.1866,2511
"2026-09-09 18:00:00","2026-09-10 09:00:00","CAPE","surface",-69.0163,18.1866,2505
"2026-09-09 18:00:00","2026-09-10 09:00:00","CAPE","surface",-68.9924,18.1866,2448
"2026-09-09 18:00:00","2026-09-10 09:00:00","CAPE","surface",-68.9685,18.1866,2344
"2026-09-09 18:00:00","2026-09-10 09:00:00","CAPE","surface",-68.9445,18.1866,2350
"2026-09-09 18:00:00","2026-09-10 09:00:00","CAPE","surface",-68.9206,18.1866,2217
"2026-09-09 18:00:00","2026-09-10 09:00:00","CAPE","surface",-68.8967,18.1866,2110
"2026-09-09 18:00:00","2026-09-10 09:00:00","CAPE","surface",-68.8728,18.1866,2044
"2026-09-09 18:00:00","2026-09-10 09:00:00","CAPE","surface",-68.8488,18.1866,2044
"2026-09-09 18:00:00","2026-09-10 09:00:00","CAPE","surface",-68.8249,18.1866,2023
"2026-09-09 18:00:00","2026-09-10 09:00:00","CAPE","surface",-68.801,18.1866,1938
"2026-09-09 18:00:00","2026-09-10 09:00:00","CAPE","surface",-68.7771,18.1866,1904
"2026-09-09 18:00:00","2026-09-10 09:00:00","CAPE","surface",-68.7531,18.1866,1755
"2026-09-09 18:00:00","2026-09-10 09:00:00","CAPE","surface",-68.7292,18.1866,1888
"2026-09-09 18:00:00","2026-09-10 09:00:00","CAPE","surface",-68.7053,18.1866,1999
"2026-09-09 18:00:00","2026-09-10 09:00:00","CAPE","surface",-68.6813,18.1866,1951
"2026-09-09 18:00:00","2026-09-10 09:00:00","CAPE","surface",-68.6574,18.1866,2066
"2026-09-09 18:00:00","2026-09-10 09:00:00","CAPE","surface",-68.6335,18.1866,2066
"2026-09-09 18:00:00","2026-09-10 09:00:00","CAPE","surface",-68.6096,18.1866,2162
"2026-09-09 18:00:00","2026-09-10 09:00:00","CAPE","surface",-68.5856,18.1866,2178
"2026-09-09 18:00:00","2026-09-10 09:00:00","CAPE","surface",-68.5617,18.1866,2152
"2026-09-09 18:00:00","2026-09-10 09:00:00","CAPE","surface",-68.5378,18.1866,2164
"2026-09-09 18:00:00","2026-09-10 09:00:00","CAPE","surface",-68.5139,18.1866,2162
"2026-09-09 18:00:00","2026-09-10 09:00:00","CAPE","surface",-68.4899,18.1866,2153
"2026-09-09 18:00:00","2026-09-10 09:00:00","CAPE","surface",-68.466,18.1866,2150
"2026-09-09 18:00:00","2026-09-10 09:00:00","CAPE","surface",-68.4421,18.1866,2134
"2026-09-09 18:00:00","2026-09-10 09:00:00","CAPE","surface",-68.4182,18.1866,2134
"2026-09-09 18:00:00","2026-09-10 09:00:00","CAPE","surface",-68.3942,18.1866,2099
"2026-09-09 18:00:00","2026-09-10 09:00:00","CAPE","surface",-68.3703,18.1866,2091
"2026-09-09 18:00:00","2026-09-10 09:00:00","CAPE","surface",-68.3464,18.1866,2051
"2026-09-09 18:00:00","2026-09-10 09:00:00","CAPE","surface",-68.3225,18.1866,2012
"2026-09-09 18:00:00","2026-09-10 09:00:00","CAPE","surface",-68.2985,18.1866,2019
"2026-09-09 18:00:00","2026-09-10 09:00:00","CAPE","surface",-68.2746,18.1866,2031
"2026-09-09 18:00:00","2026-09-10 09:00:00","CAPE","surface",-68.2507,18.1866,2045
"2026-09-09 18:00:00","2026-09-10 09:00:00","CAPE","surface",-68.2268,18.1866,2070
"2026-09-09 18:00:00","2026-09-10 09:00:00","CAPE","surface",-68.2028,18.1866,2091
"2026-09-09 18:00:00","2026-09-10 09:00:00","CAPE","surface",-68.1789,18.1866,2087
"2026-09-09 18:00:00","2026-09-10 09:00:00","CAPE","surface",-68.155,18.1866,2086
"2026-09-09 18:00:00","2026-09-10 09:00:00","CAPE","surface",-68.1311,18.1866,2136
"2026-09-09 18:00:00","2026-09-10 09:00:00","CAPE","surface",-68.1071,18.1866,2145
"2026-09-09 18:00:00","2026-09-10 09:00:00","CAPE","surface",-68.0832,18.1866,2210
"2026-09-09 18:00:00","2026-09-10 09:00:00","CAPE","surface",-68.0593,18.1866,2227
"2026-09-09 18:00:00","2026-09-10 09:00:00","CAPE","surface",-68.0354,18.1866,2228
"2026-09-09 18:00:00","2026-09-10 09:00:00","CAPE","surface",-68.0114,18.1866,2134
"2026-09-09 18:00:00","2026-09-10 09:00:00","CAPE","surface",-67.9875,18.1866,1931
"2026-09-09 18:00:00","2026-09-10 09:00:00","CAPE","surface",-67.9636,18.1866,1824
"2026-09-09 18:00:00","2026-09-10 09:00:00","CAPE","surface",-67.9397,18.1866,1680
"2026-09-09 18:00:00","2026-09-10 09:00:00","CAPE","surface",-67.9157,18.1866,1680
"2026-09-09 18:00:00","2026-09-10 09:00:00","CAPE","surface",-67.8918,18.1866,1580
"2026-09-09 18:00:00","2026-09-10 09:00:00","CAPE","surface",-67.8679,18.1866,1538
"2026-09-09 18:00:00","2026-09-10 09:00:00","CAPE","surface",-67.844,18.1866,1639
"2026-09-09 18:00:00","2026-09-10 09:00:00","CAPE","surface",-67.82,18.1866,1890
"2026-09-09 18:00:00","2026-09-10 09:00:00","CAPE","surface",-67.7961,18.1866,1832
"2026-09-09 18:00:00","2026-09-10 09:00:00","CAPE","surface",-67.7722,18.1866,1949
"2026-09-09 18:00:00","2026-09-10 09:00:00","CAPE","surface",-67.7483,18.1866,1892
"2026-09-09 18:00:00","2026-09-10 09:00:00","CAPE","surface",-67.7243,18.1866,1918
"2026-09-09 18:00:00","2026-09-10 09:00:00","CAPE","surface",-67.7004,18.1866,1918
"2026-09-09 18:00:00","2026-09-10 09:00:00","CAPE","surface",-67.6765,18.1866,1948
"2026-09-09 18:00:00","2026-09-10 09:00:00","CAPE","surface",-67.6526,18.1866,1957
"2026-09-09 18:00:00","2026-09-10 09:00:00","CAPE","surface",-67.6286,18.1866,2042
"2026-09-09 18:00:00","2026-09-10 09:00:00","CAPE","surface",-67.6047,18.1866,2064
"2026-09-09 18:00:00","2026-09-10 09:00:00","CAPE","surface",-67.5808,18.1866,2082
"2026-09-09 18:00:00","2026-09-10 09:00:00","CAPE","surface",-67.5569,18.1866,2060
"2026-09-09 18:00:00","2026-09-10 09:00:00","CAPE","surface",-67.5329,18.1866,2025
"2026-09-09 18:00:00","2026-09-10 09:00:00","CAPE","surface",-67.509,18.1866,2023
"2026-09-09 18:00:00","2026-09-10 09:00:00","CAPE","surface",-67.4851,18.1866,1998
"2026-09-09 18:00:00","2026-09-10 09:00:00","CAPE","surface",-67.4612,18.1866,1976
"2026-09-09 18:00:00","2026-09-10 09:00:00","CAPE","surface",-67.4372,18.1866,1959
"2026-09-09 18:00:00","2026-09-10 09:00:00","CAPE","surface",-67.4133,18.1866,1959
"2026-09-09 18:00:00","2026-09-10 09:00:00","CAPE","surface",-67.3894,18.1866,1915
"2026-09-09 18:00:00","2026-09-10 09:00:00","CAPE","surface",-67.3655,18.1866,1891
"2026-09-09 18:00:00","2026-09-10 09:00:00","CAPE","surface",-67.3415,18.1866,1825
"2026-09-09 18:00:00","2026-09-10 09:00:00","CAPE","surface",-67.3176,18.1866,1825
"2026-09-09 18:00:00","2026-09-10 09:00:00","CAPE","surface",-67.2937,18.1866,1771
"2026-09-09 18:00:00","2026-09-10 09:00:00","CAPE","surface",-67.2698,18.1866,1689
"2026-09-09 18:00:00","2026-09-10 09:00:00","CAPE","surface",-67.2458,18.1866,1626
"2026-09-09 18:00:00","2026-09-10 09:00:00","CAPE","surface",-67.2219,18.1866,1553
"2026-09-09 18:00:00","2026-09-10 09:00:00","CAPE","surface",-67.198,18.1866,1553
"2026-09-09 18:00:00","2026-09-10 09:00:00","CAPE","surface",-67.1741,18.1866,1503
"2026-09-09 18:00:00","2026-09-10 09:00:00","CAPE","surface",-67.1501,18.1866,1300
"2026-09-09 18:00:00","2026-09-10 09:00:00","CAPE","surface",-67.1262,18.1866,1009
"2026-09-09 18:00:00","2026-09-10 09:00:00","CAPE","surface",-67.1023,18.1866,1014
"2026-09-09 18:00:00","2026-09-10 09:00:00","CAPE","surface",-67.0784,18.1866,960
"2026-09-09 18:00:00","2026-09-10 09:00:00","CAPE","surface",-67.0544,18.1866,573
"2026-09-09 18:00:00","2026-09-10 09:00:00","CAPE","surface",-67.0305,18.1866,251
"2026-09-09 18:00:00","2026-09-10 09:00:00","CAPE","surface",-67.0066,18.1866,331
"2026-09-09 18:00:00","2026-09-10 09:00:00","CAPE","surface",-74.7822,18.2093,2203
"2026-09-09 18:00:00","2026-09-10 09:00:00","CAPE","surface",-74.7583,18.2093,2203
"2026-09-09 18:00:00","2026-09-10 09:00:00","CAPE","surface",-74.7344,18.2093,2219
"2026-09-09 18:00:00","2026-09-10 09:00:00","CAPE","surface",-74.7105,18.2093,2198
"2026-09-09 18:00:00","2026-09-10 09:00:00","CAPE","surface",-74.6865,18.2093,2190
"2026-09-09 18:00:00","2026-09-10 09:00:00","CAPE","surface",-74.6626,18.2093,2168
"2026-09-09 18:00:00","2026-09-10 09:00:00","CAPE","surface",-74.6387,18.2093,2143
"2026-09-09 18:00:00","2026-09-10 09:00:00","CAPE","surface",-74.6148,18.2093,2170
"2026-09-09 18:00:00","2026-09-10 09:00:00","CAPE","surface",-74.5908,18.2093,2147
"2026-09-09 18:00:00","2026-09-10 09:00:00","CAPE","surface",-74.5669,18.2093,2143
"2026-09-09 18:00:00","2026-09-10 09:00:00","CAPE","surface",-74.543,18.2093,2144
"2026-09-09 18:00:00","2026-09-10 09:00:00","CAPE","surface",-74.5191,18.2093,2156
"2026-09-09 18:00:00","2026-09-10 09:00:00","CAPE","surface",-74.4951,18.2093,2172
"2026-09-09 18:00:00","2026-09-10 09:00:00","CAPE","surface",-74.4712,18.2093,2190
"2026-09-09 18:00:00","2026-09-10 09:00:00","CAPE","surface",-74.4473,18.2093,2207
"2026-09-09 18:00:00","2026-09-10 09:00:00","CAPE","surface",-74.4234,18.2093,2220
"2026-09-09 18:00:00","2026-09-10 09:00:00","CAPE","surface",-74.3994,18.2093,2229
"2026-09-09 18:00:00","2026-09-10 09:00:00","CAPE","surface",-74.3755,18.2093,2226
"2026-09-09 18:00:00","2026-09-10 09:00:00","CAPE","surface",-74.3516,18.2093,2235
"2026-09-09 18:00:00","2026-09-10 09:00:00","CAPE","surface",-74.3277,18.2093,2230
"2026-09-09 18:00:00","2026-09-10 09:00:00","CAPE","surface",-74.3037,18.2093,2235
"2026-09-09 18:00:00","2026-09-10 09:00:00","CAPE","surface",-74.2798,18.2093,2194
"2026-09-09 18:00:00","2026-09-10 09:00:00","CAPE","surface",-74.2559,18.2093,2219
"2026-09-09 18:00:00","2026-09-10 09:00:00","CAPE","surface",-74.232,18.2093,2182
"2026-09-09 18:00:00","2026-09-10 09:00:00","CAPE","surface",-74.208,18.2093,2199
"2026-09-09 18:00:00","2026-09-10 09:00:00","CAPE","surface",-74.1841,18.2093,2090
"2026-09-09 18:00:00","2026-09-10 09:00:00","CAPE","surface",-74.1602,18.2093,2119
"2026-09-09 18:00:00","2026-09-10 09:00:00","CAPE","surface",-74.1363,18.2093,1949
"2026-09-09 18:00:00","2026-09-10 09:00:00","CAPE","surface",-74.1123,18.2093,1968
"2026-09-09 18:00:00","2026-09-10 09:00:00","CAPE","surface",-74.0884,18.2093,1751
"2026-09-09 18:00:00","2026-09-10 09:00:00","CAPE","surface",-74.0645,18.2093,1768
"2026-09-09 18:00:00","2026-09-10 09:00:00","CAPE","surface",-74.0406,18.2093,1530
"2026-09-09 18:00:00","2026-09-10 09:00:00","CAPE","surface",-74.0166,18.2093,1440
"2026-09-09 18:00:00","2026-09-10 09:00:00","CAPE","surface",-73.9927,18.2093,1479
"2026-09-09 18:00:00","2026-09-10 09:00:00","CAPE","surface",-73.9688,18.2093,1488
"2026-09-09 18:00:00","2026-09-10 09:00:00","CAPE","surface",-73.9449,18.2093,1548
"2026-09-09 18:00:00","2026-09-10 09:00:00","CAPE","surface",-73.9209,18.2093,1548
"2026-09-09 18:00:00","2026-09-10 09:00:00","CAPE","surface",-73.897,18.2093,1514
"2026-09-09 18:00:00","2026-09-10 09:00:00","CAPE","surface",-73.8731,18.2093,1469
"2026-09-09 18:00:00","2026-09-10 09:00:00","CAPE","surface",-73.8492,18.2093,1440
"2026-09-09 18:00:00","2026-09-10 09:00:00","CAPE","surface",-73.8252,18.2093,1469
"2026-09-09 18:00:00","2026-09-10 09:00:00","CAPE","surface",-73.8013,18.2093,1480
"2026-09-09 18:00:00","2026-09-10 09:00:00","CAPE","surface",-73.7774,18.2093,1482
"2026-09-09 18:00:00","2026-09-10 09:00:00","CAPE","surface",-73.7535,18.2093,1450
"2026-09-09 18:00:00","2026-09-10 09:00:00","CAPE","surface",-73.7295,18.2093,1471
"2026-09-09 18:00:00","2026-09-10 09:00:00","CAPE","surface",-73.7056,18.2093,1498
"2026-09-09 18:00:00","2026-09-10 09:00:00","CAPE","surface",-73.6817,18.2093,1571
"2026-09-09 18:00:00","2026-09-10 09:00:00","CAPE","surface",-73.6578,18.2093,1801
"2026-09-09 18:00:00","2026-09-10 09:00:00","CAPE","surface",-73.6338,18.2093,1743
"2026-09-09 18:00:00","2026-09-10 09:00:00","CAPE","surface",-73.6099,18.2093,1869
"2026-09-09 18:00:00","2026-09-10 09:00:00","CAPE","surface",-73.586,18.2093,1820
"2026-09-09 18:00:00","2026-09-10 09:00:00","CAPE","surface",-73.5621,18.2093,1876
"2026-09-09 18:00:00","2026-09-10 09:00:00","CAPE","surface",-73.5381,18.2093,1838
"2026-09-09 18:00:00","2026-09-10 09:00:00","CAPE","surface",-73.5142,18.2093,1838
"2026-09-09 18:00:00","2026-09-10 09:00:00","CAPE","surface",-73.4903,18.2093,1623
"2026-09-09 18:00:00","2026-09-10 09:00:00","CAPE","surface",-73.4664,18.2093,1801
"2026-09-09 18:00:00","2026-09-10 09:00:00","CAPE","surface",-73.4424,18.2093,1749
"2026-09-09 18:00:00","2026-09-10 09:00:00","CAPE","surface",-73.4185,18.2093,1868
"2026-09-09 18:00:00","2026-09-10 09:00:00","CAPE","surface",-73.3946,18.2093,1905
"2026-09-09 18:00:00","2026-09-10 09:00:00","CAPE","surface",-73.3707,18.2093,1905
"2026-09-09 18:00:00","2026-09-10 09:00:00","CAPE","surface",-73.3467,18.2093,1795
"2026-09-09 18:00:00","2026-09-10 09:00:00","CAPE","surface",-73.3228,18.2093,1687
"2026-09-09 18:00:00","2026-09-10 09:00:00","CAPE","surface",-73.2989,18.2093,1719
"2026-09-09 18:00:00","2026-09-10 09:00:00","CAPE","surface",-73.275,18.2093,1529
"2026-09-09 18:00:00","2026-09-10 09:00:00","CAPE","surface",-73.251,18.2093,1529
"2026-09-09 18:00:00","2026-09-10 09:00:00","CAPE","surface",-73.2271,18.2093,1500
"2026-09-09 18:00:00","2026-09-10 09:00:00","CAPE","surface",-73.2032,18.2093,1647
"2026-09-09 18:00:00","2026-09-10 09:00:00","CAPE","surface",-73.1793,18.2093,1523
"2026-09-09 18:00:00","2026-09-10 09:00:00","CAPE","surface",-73.1553,18.2093,1653
"2026-09-09 18:00:00","2026-09-10 09:00:00","CAPE","surface",-73.1314,18.2093,1471
"2026-09-09 18:00:00","2026-09-10 09:00:00","CAPE","surface",-73.1075,18.2093,1471
"2026-09-09 18:00:00","2026-09-10 09:00:00","CAPE","surface",-73.0836,18.2093,1407
"2026-09-09 18:00:00","2026-09-10 09:00:00","CAPE","surface",-73.0596,18.2093,1367
"2026-09-09 18:00:00","2026-09-10 09:00:00","CAPE","surface",-73.0357,18.2093,1419
"2026-09-09 18:00:00","2026-09-10 09:00:00","CAPE","surface",-73.0118,18.2093,1413
"2026-09-09 18:00:00","2026-09-10 09:00:00","CAPE","surface",-72.9879,18.2093,1455
"2026-09-09 18:00:00","2026-09-10 09:00:00","CAPE","surface",-72.9639,18.2093,1474
"2026-09-09 18:00:00","2026-09-10 09:00:00","CAPE","surface",-72.94,18.2093,1493
"2026-09-09 18:00:00","2026-09-10 09:00:00","CAPE","surface",-72.9161,18.2093,1488
"2026-09-09 18:00:00","2026-09-10 09:00:00","CAPE","surface",-72.8922,18.2093,1474
"2026-09-09 18:00:00","2026-09-10 09:00:00","CAPE","surface",-72.8682,18.2093,1467
"2026-09-09 18:00:00","2026-09-10 09:00:00","CAPE","surface",-72.8443,18.2093,1435
"2026-09-09 18:00:00","2026-09-10 09:00:00","CAPE","surface",-72.8204,18.2093,1202
"2026-09-09 18:00:00","2026-09-10 09:00:00","CAPE","surface",-72.7965,18.2093,1352
"2026-09-09 18:00:00","2026-09-10 09:00:00","CAPE","surface",-72.7725,18.2093,1277
"2026-09-09 18:00:00","2026-09-10 09:00:00","CAPE","surface",-72.7486,18.2093,1415
"2026-09-09 18:00:00","2026-09-10 09:00:00","CAPE","surface",-72.7247,18.2093,1131
"2026-09-09 18:00:00","2026-09-10 09:00:00","CAPE","surface",-72.7008,18.2093,1366
"2026-09-09 18:00:00","2026-09-10 09:00:00","CAPE","surface",-72.6768,18.2093,1156
"2026-09-09 18:00:00","2026-09-10 09:00:00","CAPE","surface",-72.6529,18.2093,1294
"2026-09-09 18:00:00","2026-09-10 09:00:00","CAPE","surface",-72.629,18.2093,1088
"2026-09-09 18:00:00","2026-09-10 09:00:00","CAPE","surface",-72.6051,18.2093,1088
"2026-09-09 18:00:00","2026-09-10 09:00:00","CAPE","surface",-72.5811,18.2093,1171
"2026-09-09 18:00:00","2026-09-10 09:00:00","CAPE","surface",-72.5572,18.2093,1233
"2026-09-09 18:00:00","2026-09-10 09:00:00","CAPE","surface",-72.5333,18.2093,907
"2026-09-09 18:00:00","2026-09-10 09:00:00","CAPE","surface",-72.5094,18.2093,1101
"2026-09-09 18:00:00","2026-09-10 09:00:00","CAPE","surface",-72.4854,18.2093,1130
"2026-09-09 18:00:00","2026-09-10 09:00:00","CAPE","surface",-72.4615,18.2093,1130
"2026-09-09 18:00:00","2026-09-10 09:00:00","CAPE","surface",-72.4376,18.2093,1341
"2026-09-09 18:00:00","2026-09-10 09:00:00","CAPE","surface",-72.4137,18.2093,762
"2026-09-09 18:00:00","2026-09-10 09:00:00","CAPE","surface",-72.3897,18.2093,1051
"2026-09-09 18:00:00","2026-09-10 09:00:00","CAPE","surface",-72.3658,18.2093,1007
"2026-09-09 18:00:00","2026-09-10 09:00:00","CAPE","surface",-72.3419,18.2093,1007
"2026-09-09 18:00:00","2026-09-10 09:00:00","CAPE","surface",-72.318,18.2093,1016
"2026-09-09 18:00:00","2026-09-10 09:00:00","CAPE","surface",-72.294,18.2093,1448
"2026-09-09 18:00:00","2026-09-10 09:00:00","CAPE","surface",-72.2701,18.2093,1368
"2026-09-09 18:00:00","2026-09-10 09:00:00","CAPE","surface",-72.2462,18.2093,1739
"2026-09-09 18:00:00","2026-09-10 09:00:00","CAPE","surface",-72.2223,18.2093,1230
"2026-09-09 18:00:00","2026-09-10 09:00:00","CAPE","surface",-72.1983,18.2093,1680
"2026-09-09 18:00:00","2026-09-10 09:00:00","CAPE","surface",-72.1744,18.2093,1601
"2026-09-09 18:00:00","2026-09-10 09:00:00","CAPE","surface",-72.1505,18.2093,2034
"2026-09-09 18:00:00","2026-09-10 09:00:00","CAPE","surface",-72.1266,18.2093,1883
"2026-09-09 18:00:00","2026-09-10 09:00:00","CAPE","surface",-72.1026,18.2093,1883
"2026-09-09 18:00:00","2026-09-10 09:00:00","CAPE","surface",-72.0787,18.2093,1797
"2026-09-09 18:00:00","2026-09-10 09:00:00","CAPE","surface",-72.0548,18.2093,1420
"2026-09-09 18:00:00","2026-09-10 09:00:00","CAPE","surface",-72.0309,18.2093,1578
"2026-09-09 18:00:00","2026-09-10 09:00:00","CAPE","surface",-72.0069,18.2093,1258
"2026-09-09 18:00:00","2026-09-10 09:00:00","CAPE","surface",-71.983,18.2093,1258
"2026-09-09 18:00:00","2026-09-10 09:00:00","CAPE","surface",-71.9591,18.2093,1109
"2026-09-09 18:00:00","2026-09-10 09:00:00","CAPE","surface",-71.9352,18.2093,1102
"2026-09-09 18:00:00","2026-09-10 09:00:00","CAPE","surface",-71.9112,18.2093,940
"2026-09-09 18:00:00","2026-09-10 09:00:00","CAPE","surface",-71.8873,18.2093,928
"2026-09-09 18:00:00","2026-09-10 09:00:00","CAPE","surface",-71.8634,18.2093,479
"2026-09-09 18:00:00","2026-09-10 09:00:00","CAPE","surface",-71.8395,18.2093,479
"2026-09-09 18:00:00","2026-09-10 09:00:00","CAPE","surface",-71.8155,18.2093,247
"2026-09-09 18:00:00","2026-09-10 09:00:00","CAPE","surface",-71.7916,18.2093,337
"2026-09-09 18:00:00","2026-09-10 09:00:00","CAPE","surface",-71.7677,18.2093,327
"2026-09-09 18:00:00","2026-09-10 09:00:00","CAPE","surface",-71.7438,18.2093,121
"2026-09-09 18:00:00","2026-09-10 09:00:00","CAPE","surface",-71.7198,18.2093,121
"2026-09-09 18:00:00","2026-09-10 09:00:00","CAPE","surface",-71.6959,18.2093,124
"2026-09-09 18:00:00","2026-09-10 09:00:00","CAPE","surface",-71.672,18.2093,155
"2026-09-09 18:00:00","2026-09-10 09:00:00","CAPE","surface",-71.6481,18.2093,340
"2026-09-09 18:00:00","2026-09-10 09:00:00","CAPE","surface",-71.6241,18.2093,473
"2026-09-09 18:00:00","2026-09-10 09:00:00","CAPE","surface",-71.6002,18.2093,857
"2026-09-09 18:00:00","2026-09-10 09:00:00","CAPE","surface",-71.5763,18.2093,865
"2026-09-09 18:00:00","2026-09-10 09:00:00","CAPE","surface",-71.5524,18.2093,1080
"2026-09-09 18:00:00","2026-09-10 09:00:00","CAPE","surface",-71.5284,18.2093,1094
"2026-09-09 18:00:00","2026-09-10 09:00:00","CAPE","surface",-71.5045,18.2093,1115
"2026-09-09 18:00:00","2026-09-10 09:00:00","CAPE","surface",-71.4806,18.2093,1115
"2026-09-09 18:00:00","2026-09-10 09:00:00","CAPE","surface",-71.4567,18.2093,1169
"2026-09-09 18:00:00","2026-09-10 09:00:00","CAPE","surface",-71.4327,18.2093,881
"2026-09-09 18:00:00","2026-09-10 09:00:00","CAPE","surface",-71.4088,18.2093,788
"2026-09-09 18:00:00","2026-09-10 09:00:00","CAPE","surface",-71.3849,18.2093,777
"2026-09-09 18:00:00","2026-09-10 09:00:00","CAPE","surface",-71.361,18.2093,777
"2026-09-09 18:00:00","2026-09-10 09:00:00","CAPE","surface",-71.337,18.2093,841
"2026-09-09 18:00:00","2026-09-10 09:00:00","CAPE","surface",-71.3131,18.2093,814
"2026-09-09 18:00:00","2026-09-10 09:00:00","CAPE","surface",-71.2892,18.2093,953
"2026-09-09 18:00:00","2026-09-10 09:00:00","CAPE","surface",-71.2653,18.2093,911
"2026-09-09 18:00:00","2026-09-10 09:00:00","CAPE","surface",-71.2413,18.2093,1054
"2026-09-09 18:00:00","2026-09-10 09:00:00","CAPE","surface",-71.2174,18.2093,1027
"2026-09-09 18:00:00","2026-09-10 09:00:00","CAPE","surface",-71.1935,18.2093,1266
"2026-09-09 18:00:00","2026-09-10 09:00:00","CAPE","surface",-71.1696,18.2093,1276
"2026-09-09 18:00:00","2026-09-10 09:00:00","CAPE","surface",-71.1456,18.2093,1556
"2026-09-09 18:00:00","2026-09-10 09:00:00","CAPE","surface",-71.1217,18.2093,1686
"2026-09-09 18:00:00","2026-09-10 09:00:00","CAPE","surface",-71.0978,18.2093,1738
"2026-09-09 18:00:00","2026-09-10 09:00:00","CAPE","surface",-71.0739,18.2093,1693
"2026-09-09 18:00:00","2026-09-10 09:00:00","CAPE","surface",-71.0499,18.2093,1689
"2026-09-09 18:00:00","2026-09-10 09:00:00","CAPE","surface",-71.026,18.2093,1530
"2026-09-09 18:00:00","2026-09-10 09:00:00","CAPE","surface",-71.0021,18.2093,1565
"2026-09-09 18:00:00","2026-09-10 09:00:00","CAPE","surface",-70.9782,18.2093,1571
"2026-09-09 18:00:00","2026-09-10 09:00:00","CAPE","surface",-70.9542,18.2093,1619
"2026-09-09 18:00:00","2026-09-10 09:00:00","CAPE","surface",-70.9303,18.2093,1564
"2026-09-09 18:00:00","2026-09-10 09:00:00","CAPE","surface",-70.9064,18.2093,1564
"2026-09-09 18:00:00","2026-09-10 09:00:00","CAPE","surface",-70.8825,18.2093,1510
"2026-09-09 18:00:00","2026-09-10 09:00:00","CAPE","surface",-70.8585,18.2093,1470
"2026-09-09 18:00:00","2026-09-10 09:00:00","CAPE","surface",-70.8346,18.2093,1476
"2026-09-09 18:00:00","2026-09-10 09:00:00","CAPE","surface",-70.8107,18.2093,1448
"2026-09-09 18:00:00","2026-09-10 09:00:00","CAPE","surface",-70.7868,18.2093,1448
"2026-09-09 18:00:00","2026-09-10 09:00:00","CAPE","surface",-70.7628,18.2093,1380
"2026-09-09 18:00:00","2026-09-10 09:00:00","CAPE","surface",-70.7389,18.2093,1350
"2026-09-09 18:00:00","2026-09-10 09:00:00","CAPE","surface",-70.715,18.2093,1289
"2026-09-09 18:00:00","2026-09-10 09:00:00","CAPE","surface",-70.6911,18.2093,1384
"2026-09-09 18:00:00","2026-09-10 09:00:00","CAPE","surface",-70.6671,18.2093,1221
"2026-09-09 18:00:00","2026-09-10 09:00:00","CAPE","surface",-70.6432,18.2093,1347
"2026-09-09 18:00:00","2026-09-10 09:00:00","CAPE","surface",-70.6193,18.2093,1318
"2026-09-09 18:00:00","2026-09-10 09:00:00","CAPE","surface",-70.5954,18.2093,1289
"2026-09-09 18:00:00","2026-09-10 09:00:00","CAPE","surface",-70.5714,18.2093,1370
"2026-09-09 18:00:00","2026-09-10 09:00:00","CAPE","surface",-70.5475,18.2093,1251
"2026-09-09 18:00:00","2026-09-10 09:00:00","CAPE","surface",-70.5236,18.2093,1269
"2026-09-09 18:00:00","2026-09-10 09:00:00","CAPE","surface",-70.4997,18.2093,988
"2026-09-09 18:00:00","2026-09-10 09:00:00","CAPE","surface",-70.4757,18.2093,1187
"2026-09-09 18:00:00","2026-09-10 09:00:00","CAPE","surface",-70.4518,18.2093,1020
"2026-09-09 18:00:00","2026-09-10 09:00:00","CAPE","surface",-70.4279,18.2093,1236
"2026-09-09 18:00:00","2026-09-10 09:00:00","CAPE","surface",-70.404,18.2093,1274
"2026-09-09 18:00:00","2026-09-10 09:00:00","CAPE","surface",-70.38,18.2093,1481
"2026-09-09 18:00:00","2026-09-10 09:00:00","CAPE","surface",-70.3561,18.2093,1481
"2026-09-09 18:00:00","2026-09-10 09:00:00","CAPE","surface",-70.3322,18.2093,1316
"2026-09-09 18:00:00","2026-09-10 09:00:00","CAPE","surface",-70.3083,18.2093,1442
"2026-09-09 18:00:00","2026-09-10 09:00:00","CAPE","surface",-70.2843,18.2093,1400
"2026-09-09 18:00:00","2026-09-10 09:00:00","CAPE","surface",-70.2604,18.2093,1517
"2026-09-09 18:00:00","2026-09-10 09:00:00","CAPE","surface",-70.2365,18.2093,1477
"2026-09-09 18:00:00","2026-09-10 09:00:00","CAPE","surface",-70.2126,18.2093,1477
"2026-09-09 18:00:00","2026-09-10 09:00:00","CAPE","surface",-70.1886,18.2093,1542
"2026-09-09 18:00:00","2026-09-10 09:00:00","CAPE","surface",-70.1647,18.2093,1793
"2026-09-09 18:00:00","2026-09-10 09:00:00","CAPE","surface",-70.1408,18.2093,2005
"2026-09-09 18:00:00","2026-09-10 09:00:00","CAPE","surface",-70.1169,18.2093,2298
"2026-09-09 18:00:00","2026-09-10 09:00:00","CAPE","surface",-70.0929,18.2093,2260
"2026-09-09 18:00:00","2026-09-10 09:00:00","CAPE","surface",-70.069,18.2093,2389
"2026-09-09 18:00:00","2026-09-10 09:00:00","CAPE","surface",-70.0451,18.2093,2486
"2026-09-09 18:00:00","2026-09-10 09:00:00","CAPE","surface",-70.0212,18.2093,2521
"2026-09-09 18:00:00","2026-09-10 09:00:00","CAPE","surface",-69.9972,18.2093,2521
"2026-09-09 18:00:00","2026-09-10 09:00:00","CAPE","surface",-69.9733,18.2093,2537
"2026-09-09 18:00:00","2026-09-10 09:00:00","CAPE","surface",-69.9494,18.2093,2610
"2026-09-09 18:00:00","2026-09-10 09:00:00","CAPE","surface",-69.9255,18.2093,2636
"2026-09-09 18:00:00","2026-09-10 09:00:00","CAPE","surface",-69.9015,18.2093,2697
"2026-09-09 18:00:00","2026-09-10 09:00:00","CAPE","surface",-69.8776,18.2093,2667
"2026-09-09 18:00:00","2026-09-10 09:00:00","CAPE","surface",-69.8537,18.2093,2706
"2026-09-09 18:00:00","2026-09-10 09:00:00","CAPE","surface",-69.8298,18.2093,2733
"2026-09-09 18:00:00","2026-09-10 09:00:00","CAPE","surface",-69.8058,18.2093,2755
"2026-09-09 18:00:00","2026-09-10 09:00:00","CAPE","surface",-69.7819,18.2093,2766
"2026-09-09 18:00:00","2026-09-10 09:00:00","CAPE","surface",-69.758,18.2093,2782
"2026-09-09 18:00:00","2026-09-10 09:00:00","CAPE","surface",-69.7341,18.2093,2769
"2026-09-09 18:00:00","2026-09-10 09:00:00","CAPE","surface",-69.7101,18.2093,2817
"2026-09-09 18:00:00","2026-09-10 09:00:00","CAPE","surface",-69.6862,18.2093,2791
"2026-09-09 18:00:00","2026-09-10 09:00:00","CAPE","surface",-69.6623,18.2093,2862
"2026-09-09 18:00:00","2026-09-10 09:00:00","CAPE","surface",-69.6384,18.2093,2882
"2026-09-09 18:00:00","2026-09-10 09:00:00","CAPE","surface",-69.6144,18.2093,2852
"2026-09-09 18:00:00","2026-09-10 09:00:00","CAPE","surface",-69.5905,18.2093,2764
"2026-09-09 18:00:00","2026-09-10 09:00:00","CAPE","surface",-69.5666,18.2093,2557
"2026-09-09 18:00:00","2026-09-10 09:00:00","CAPE","surface",-69.5427,18.2093,2614
"2026-09-09 18:00:00","2026-09-10 09:00:00","CAPE","surface",-69.5187,18.2093,2498
"2026-09-09 18:00:00","2026-09-10 09:00:00","CAPE","surface",-69.4948,18.2093,2585
"2026-09-09 18:00:00","2026-09-10 09:00:00","CAPE","surface",-69.4709,18.2093,2588
"2026-09-09 18:00:00","2026-09-10 09:00:00","CAPE","surface",-69.447,18.2093,2692
"2026-09-09 18:00:00","2026-09-10 09:00:00","CAPE","surface",-69.423,18.2093,2727
"2026-09-09 18:00:00","2026-09-10 09:00:00","CAPE","surface",-69.3991,18.2093,2633
"2026-09-09 18:00:00","2026-09-10 09:00:00","CAPE","surface",-69.3752,18.2093,2494
"2026-09-09 18:00:00","2026-09-10 09:00:00","CAPE","surface",-69.3513,18.2093,2481
"2026-09-09 18:00:00","2026-09-10 09:00:00","CAPE","surface",-69.3273,18.2093,2339
"2026-09-09 18:00:00","2026-09-10 09:00:00","CAPE","surface",-69.3034,18.2093,2379
"2026-09-09 18:00:00","2026-09-10 09:00:00","CAPE","surface",-69.2795,18.2093,2280
"2026-09-09 18:00:00","2026-09-10 09:00:00","CAPE","surface",-69.2556,18.2093,2328
"2026-09-09 18:00:00","2026-09-10 09:00:00","CAPE","surface",-69.2316,18.2093,2223
"2026-09-09 18:00:00","2026-09-10 09:00:00","CAPE","surface",-69.2077,18.2093,2244
"2026-09-09 18:00:00","2026-09-10 09:00:00","CAPE","surface",-69.1838,18.2093,2267
"2026-09-09 18:00:00","2026-09-10 09:00:00","CAPE","surface",-69.1599,18.2093,2350
"2026-09-09 18:00:00","2026-09-10 09:00:00","CAPE","surface",-69.1359,18.2093,2402
"2026-09-09 18:00:00","2026-09-10 09:00:00","CAPE","surface",-69.112,18.2093,2398
"2026-09-09 18:00:00","2026-09-10 09:00:00","CAPE","surface",-69.0881,18.2093,2433
"2026-09-09 18:00:00","2026-09-10 09:00:00","CAPE","surface",-69.0642,18.2093,2486
"2026-09-09 18:00:00","2026-09-10 09:00:00","CAPE","surface",-69.0402,18.2093,2511
"2026-09-09 18:00:00","2026-09-10 09:00:00","CAPE","surface",-69.0163,18.2093,2521
"2026-09-09 18:00:00","2026-09-10 09:00:00","CAPE","surface",-68.9924,18.2093,2502
"2026-09-09 18:00:00","2026-09-10 09:00:00","CAPE","surface",-68.9685,18.2093,2439
"2026-09-09 18:00:00","2026-09-10 09:00:00","CAPE","surface",-68.9445,18.2093,2331
"2026-09-09 18:00:00","2026-09-10 09:00:00","CAPE","surface",-68.9206,18.2093,2217
"2026-09-09 18:00:00","2026-09-10 09:00:00","CAPE","surface",-68.8967,18.2093,2220
"2026-09-09 18:00:00","2026-09-10 09:00:00","CAPE","surface",-68.8728,18.2093,2132
"2026-09-09 18:00:00","2026-09-10 09:00:00","CAPE","surface",-68.8488,18.2093,2100
"2026-09-09 18:00:00","2026-09-10 09:00:00","CAPE","surface",-68.8249,18.2093,2096
"2026-09-09 18:00:00","2026-09-10 09:00:00","CAPE","surface",-68.801,18.2093,2096
"2026-09-09 18:00:00","2026-09-10 09:00:00","CAPE","surface",-68.7771,18.2093,2079
"2026-09-09 18:00:00","2026-09-10 09:00:00","CAPE","surface",-68.7531,18.2093,2015
"2026-09-09 18:00:00","2026-09-10 09:00:00","CAPE","surface",-68.7292,18.2093,1965
"2026-09-09 18:00:00","2026-09-10 09:00:00","CAPE","surface",-68.7053,18.2093,1965
"2026-09-09 18:00:00","2026-09-10 09:00:00","CAPE","surface",-68.6813,18.2093,1867
"2026-09-09 18:00:00","2026-09-10 09:00:00","CAPE","surface",-68.6574,18.2093,1981
"2026-09-09 18:00:00","2026-09-10 09:00:00","CAPE","surface",-68.6335,18.2093,2111
"2026-09-09 18:00:00","2026-09-10 09:00:00","CAPE","surface",-68.6096,18.2093,2216
"2026-09-09 18:00:00","2026-09-10 09:00:00","CAPE","surface",-68.5856,18.2093,2216
"2026-09-09 18:00:00","2026-09-10 09:00:00","CAPE","surface",-68.5617,18.2093,2205
"2026-09-09 18:00:00","2026-09-10 09:00:00","CAPE","surface",-68.5378,18.2093,2164
"2026-09-09 18:00:00","2026-09-10 09:00:00","CAPE","surface",-68.5139,18.2093,2158
"2026-09-09 18:00:00","2026-09-10 09:00:00","CAPE","surface",-68.4899,18.2093,2158
"2026-09-09 18:00:00","2026-09-10 09:00:00","CAPE","surface",-68.466,18.2093,2153
"2026-09-09 18:00:00","2026-09-10 09:00:00","CAPE","surface",-68.4421,18.2093,2145
"2026-09-09 18:00:00","2026-09-10 09:00:00","CAPE","surface",-68.4182,18.2093,2120
"2026-09-09 18:00:00","2026-09-10 09:00:00","CAPE","surface",-68.3942,18.2093,2077
"2026-09-09 18:00:00","2026-09-10 09:00:00","CAPE","surface",-68.3703,18.2093,2052
"2026-09-09 18:00:00","2026-09-10 09:00:00","CAPE","surface",-68.3464,18.2093,2015
"2026-09-09 18:00:00","2026-09-10 09:00:00","CAPE","surface",-68.3225,18.2093,2012
"2026-09-09 18:00:00","2026-09-10 09:00:00","CAPE","surface",-68.2985,18.2093,2024
"2026-09-09 18:00:00","2026-09-10 09:00:00","CAPE","surface",-68.2746,18.2093,2024
"2026-09-09 18:00:00","2026-09-10 09:00:00","CAPE","surface",-68.2507,18.2093,2049
"2026-09-09 18:00:00","2026-09-10 09:00:00","CAPE","surface",-68.2268,18.2093,2053
"2026-09-09 18:00:00","2026-09-10 09:00:00","CAPE","surface",-68.2028,18.2093,2077
"2026-09-09 18:00:00","2026-09-10 09:00:00","CAPE","surface",-68.1789,18.2093,2020
"2026-09-09 18:00:00","2026-09-10 09:00:00","CAPE","surface",-68.155,18.2093,2046
"2026-09-09 18:00:00","2026-09-10 09:00:00","CAPE","surface",-68.1311,18.2093,2090
"2026-09-09 18:00:00","2026-09-10 09:00:00","CAPE","surface",-68.1071,18.2093,2145
"2026-09-09 18:00:00","2026-09-10 09:00:00","CAPE","surface",-68.0832,18.2093,2163
"2026-09-09 18:00:00","2026-09-10 09:00:00","CAPE","surface",-68.0593,18.2093,2180
"2026-09-09 18:00:00","2026-09-10 09:00:00","CAPE","surface",-68.0354,18.2093,2160
"2026-09-09 18:00:00","2026-09-10 09:00:00","CAPE","surface",-68.0114,18.2093,2007
"2026-09-09 18:00:00","2026-09-10 09:00:00","CAPE","surface",-67.9875,18.2093,1931
"2026-09-09 18:00:00","2026-09-10 09:00:00","CAPE","surface",-67.9636,18.2093,1872
"2026-09-09 18:00:00","2026-09-10 09:00:00","CAPE","surface",-67.9397,18.2093,1786
"2026-09-09 18:00:00","2026-09-10 09:00:00","CAPE","surface",-67.9157,18.2093,1696
"2026-09-09 18:00:00","2026-09-10 09:00:00","CAPE","surface",-67.8918,18.2093,1757
"2026-09-09 18:00:00","2026-09-10 09:00:00","CAPE","surface",-67.8679,18.2093,1757
"2026-09-09 18:00:00","2026-09-10 09:00:00","CAPE","surface",-67.844,18.2093,1963
"2026-09-09 18:00:00","2026-09-10 09:00:00","CAPE","surface",-67.82,18.2093,1890
"2026-09-09 18:00:00","2026-09-10 09:00:00","CAPE","surface",-67.7961,18.2093,2004
"2026-09-09 18:00:00","2026-09-10 09:00:00","CAPE","surface",-67.7722,18.2093,2004
"2026-09-09 18:00:00","2026-09-10 09:00:00","CAPE","surface",-67.7483,18.2093,2013
"2026-09-09 18:00:00","2026-09-10 09:00:00","CAPE","surface",-67.7243,18.2093,1959
"2026-09-09 18:00:00","2026-09-10 09:00:00","CAPE","surface",-67.7004,18.2093,1954
"2026-09-09 18:00:00","2026-09-10 09:00:00","CAPE","surface",-67.6765,18.2093,1945
"2026-09-09 18:00:00","2026-09-10 09:00:00","CAPE","surface",-67.6526,18.2093,1971
"2026-09-09 18:00:00","2026-09-10 09:00:00","CAPE","surface",-67.6286,18.2093,2008
"2026-09-09 18:00:00","2026-09-10 09:00:00","CAPE","surface",-67.6047,18.2093,2064
"2026-09-09 18:00:00","2026-09-10 09:00:00","CAPE","surface",-67.5808,18.2093,2080
"2026-09-09 18:00:00","2026-09-10 09:00:00","CAPE","surface",-67.5569,18.2093,2080
"2026-09-09 18:00:00","2026-09-10 09:00:00","CAPE","surface",-67.5329,18.2093,2034
"2026-09-09 18:00:00","2026-09-10 09:00:00","CAPE","surface",-67.509,18.2093,1984
"2026-09-09 18:00:00","2026-09-10 09:00:00","CAPE","surface",-67.4851,18.2093,1985
"2026-09-09 18:00:00","2026-09-10 09:00:00","CAPE","surface",-67.4612,18.2093,1937
"2026-09-09 18:00:00","2026-09-10 09:00:00","CAPE","surface",-67.4372,18.2093,1961
"2026-09-09 18:00:00","2026-09-10 09:00:00","CAPE","surface",-67.4133,18.2093,1930
"2026-09-09 18:00:00","2026-09-10 09:00:00","CAPE","surface",-67.3894,18.2093,1915
"2026-09-09 18:00:00","2026-09-10 09:00:00","CAPE","surface",-67.3655,18.2093,1874
"2026-09-09 18:00:00","2026-09-10 09:00:00","CAPE","surface",-67.3415,18.2093,1819
"2026-09-09 18:00:00","2026-09-10 09:00:00","CAPE","surface",-67.3176,18.2093,1815
"2026-09-09 18:00:00","2026-09-10 09:00:00","CAPE","surface",-67.2937,18.2093,1740
"2026-09-09 18:00:00","2026-09-10 09:00:00","CAPE","surface",-67.2698,18.2093,1740
"2026-09-09 18:00:00","2026-09-10 09:00:00","CAPE","surface",-67.2458,18.2093,1650
"2026-09-09 18:00:00","2026-09-10 09:00:00","CAPE","surface",-67.2219,18.2093,1625
"2026-09-09 18:00:00","2026-09-10 09:00:00","CAPE","surface",-67.198,18.2093,1537
"2026-09-09 18:00:00","2026-09-10 09:00:00","CAPE","surface",-67.1741,18.2093,1388
"2026-09-09 18:00:00","2026-09-10 09:00:00","CAPE","surface",-67.1501,18.2093,1492
"2026-09-09 18:00:00","2026-09-10 09:00:00","CAPE","surface",-67.1262,18.2093,1018
"2026-09-09 18:00:00","2026-09-10 09:00:00","CAPE","surface",-67.1023,18.2093,1014
"2026-09-09 18:00:00","2026-09-10 09:00:00","CAPE","surface",-67.0784,18.2093,942
"2026-09-09 18:00:00","2026-09-10 09:00:00","CAPE","surface",-67.0544,18.2093,880
"2026-09-09 18:00:00","2026-09-10 09:00:00","CAPE","surface",-67.0305,18.2093,414
"2026-09-09 18:00:00","2026-09-10 09:00:00","CAPE","surface",-67.0066,18.2093,392
"2026-09-09 18:00:00","2026-09-10 09:00:00","CAPE","surface",-74.7822,18.2321,2394
"2026-09-09 18:00:00","2026-09-10 09:00:00","CAPE","surface",-74.7583,18.2321,2282
"2026-09-09 18:00:00","2026-09-10 09:00:00","CAPE","surface",-74.7344,18.2321,2257
"2026-09-09 18:00:00","2026-09-10 09:00:00","CAPE","surface",-74.7105,18.2321,2220
"2026-09-09 18:00:00","2026-09-10 09:00:00","CAPE","surface",-74.6865,18.2321,2240
"2026-09-09 18:00:00","2026-09-10 09:00:00","CAPE","surface",-74.6626,18.2321,2222
"2026-09-09 18:00:00","2026-09-10 09:00:00","CAPE","surface",-74.6387,18.2321,2220
"2026-09-09 18:00:00","2026-09-10 09:00:00","CAPE","surface",-74.6148,18.2321,2170
"2026-09-09 18:00:00","2026-09-10 09:00:00","CAPE","surface",-74.5908,18.2321,2169
"2026-09-09 18:00:00","2026-09-10 09:00:00","CAPE","surface",-74.5669,18.2321,2143
"2026-09-09 18:00:00","2026-09-10 09:00:00","CAPE","surface",-74.543,18.2321,2170
"2026-09-09 18:00:00","2026-09-10 09:00:00","CAPE","surface",-74.5191,18.2321,2155
"2026-09-09 18:00:00","2026-09-10 09:00:00","CAPE","surface",-74.4951,18.2321,2183
"2026-09-09 18:00:00","2026-09-10 09:00:00","CAPE","surface",-74.4712,18.2321,2190
"2026-09-09 18:00:00","2026-09-10 09:00:00","CAPE","surface",-74.4473,18.2321,2210
"2026-09-09 18:00:00","2026-09-10 09:00:00","CAPE","surface",-74.4234,18.2321,2220
"2026-09-09 18:00:00","2026-09-10 09:00:00","CAPE","surface",-74.3994,18.2321,2207
"2026-09-09 18:00:00","2026-09-10 09:00:00","CAPE","surface",-74.3755,18.2321,2219
"2026-09-09 18:00:00","2026-09-10 09:00:00","CAPE","surface",-74.3516,18.2321,2197
"2026-09-09 18:00:00","2026-09-10 09:00:00","CAPE","surface",-74.3277,18.2321,2230
"2026-09-09 18:00:00","2026-09-10 09:00:00","CAPE","surface",-74.3037,18.2321,2148
"2026-09-09 18:00:00","2026-09-10 09:00:00","CAPE","surface",-74.2798,18.2321,2194
"2026-09-09 18:00:00","2026-09-10 09:00:00","CAPE","surface",-74.2559,18.2321,2100
"2026-09-09 18:00:00","2026-09-10 09:00:00","CAPE","surface",-74.232,18.2321,2156
"2026-09-09 18:00:00","2026-09-10 09:00:00","CAPE","surface",-74.208,18.2321,2070
"2026-09-09 18:00:00","2026-09-10 09:00:00","CAPE","surface",-74.1841,18.2321,1922
"2026-09-09 18:00:00","2026-09-10 09:00:00","CAPE","surface",-74.1602,18.2321,1936
"2026-09-09 18:00:00","2026-09-10 09:00:00","CAPE","surface",-74.1363,18.2321,1697
"2026-09-09 18:00:00","2026-09-10 09:00:00","CAPE","surface",-74.1123,18.2321,1755
"2026-09-09 18:00:00","2026-09-10 09:00:00","CAPE","surface",-74.0884,18.2321,1559
"2026-09-09 18:00:00","2026-09-10 09:00:00","CAPE","surface",-74.0645,18.2321,1577
"2026-09-09 18:00:00","2026-09-10 09:00:00","CAPE","surface",-74.0406,18.2321,1324
"2026-09-09 18:00:00","2026-09-10 09:00:00","CAPE","surface",-74.0166,18.2321,1391
"2026-09-09 18:00:00","2026-09-10 09:00:00","CAPE","surface",-73.9927,18.2321,1334
"2026-09-09 18:00:00","2026-09-10 09:00:00","CAPE","surface",-73.9688,18.2321,1457
"2026-09-09 18:00:00","2026-09-10 09:00:00","CAPE","surface",-73.9449,18.2321,1482
"2026-09-09 18:00:00","2026-09-10 09:00:00","CAPE","surface",-73.9209,18.2321,1546
"2026-09-09 18:00:00","2026-09-10 09:00:00","CAPE","surface",-73.897,18.2321,1489
"2026-09-09 18:00:00","2026-09-10 09:00:00","CAPE","surface",-73.8731,18.2321,1468
"2026-09-09 18:00:00","2026-09-10 09:00:00","CAPE","surface",-73.8492,18.2321,1439
"2026-09-09 18:00:00","2026-09-10 09:00:00","CAPE","surface",-73.8252,18.2321,1443
"2026-09-09 18:00:00","2026-09-10 09:00:00","CAPE","surface",-73.8013,18.2321,1462
"2026-09-09 18:00:00","2026-09-10 09:00:00","CAPE","surface",-73.7774,18.2321,1482
"2026-09-09 18:00:00","2026-09-10 09:00:00","CAPE","surface",-73.7535,18.2321,1468
"2026-09-09 18:00:00","2026-09-10 09:00:00","CAPE","surface",-73.7295,18.2321,1471
"2026-09-09 18:00:00","2026-09-10 09:00:00","CAPE","surface",-73.7056,18.2321,1491
"2026-09-09 18:00:00","2026-09-10 09:00:00","CAPE","surface",-73.6817,18.2321,1448
"2026-09-09 18:00:00","2026-09-10 09:00:00","CAPE","surface",-73.6578,18.2321,1421
"2026-09-09 18:00:00","2026-09-10 09:00:00","CAPE","surface",-73.6338,18.2321,1743
"2026-09-09 18:00:00","2026-09-10 09:00:00","CAPE","surface",-73.6099,18.2321,1685
"2026-09-09 18:00:00","2026-09-10 09:00:00","CAPE","surface",-73.586,18.2321,1685
"2026-09-09 18:00:00","2026-09-10 09:00:00","CAPE","surface",-73.5621,18.2321,1649
"2026-09-09 18:00:00","2026-09-10 09:00:00","CAPE","surface",-73.5381,18.2321,1409
"2026-09-09 18:00:00","2026-09-10 09:00:00","CAPE","surface",-73.5142,18.2321,1455
"2026-09-09 18:00:00","2026-09-10 09:00:00","CAPE","surface",-73.4903,18.2321,1444
"2026-09-09 18:00:00","2026-09-10 09:00:00","CAPE","surface",-73.4664,18.2321,1633
"2026-09-09 18:00:00","2026-09-10 09:00:00","CAPE","surface",-73.4424,18.2321,1454
"2026-09-09 18:00:00","2026-09-10 09:00:00","CAPE","surface",-73.4185,18.2321,1641
"2026-09-09 18:00:00","2026-09-10 09:00:00","CAPE","surface",-73.3946,18.2321,1445
"2026-09-09 18:00:00","2026-09-10 09:00:00","CAPE","surface",-73.3707,18.2321,1813
"2026-09-09 18:00:00","2026-09-10 09:00:00","CAPE","surface",-73.3467,18.2321,1419
"2026-09-09 18:00:00","2026-09-10 09:00:00","CAPE","surface",-73.3228,18.2321,1419
"2026-09-09 18:00:00","2026-09-10 09:00:00","CAPE","surface",-73.2989,18.2321,1368
"2026-09-09 18:00:00","2026-09-10 09:00:00","CAPE","surface",-73.275,18.2321,1432
"2026-09-09 18:00:00","2026-09-10 09:00:00","CAPE","surface",-73.251,18.2321,1482
"2026-09-09 18:00:00","2026-09-10 09:00:00","CAPE","surface",-73.2271,18.2321,1500
"2026-09-09 18:00:00","2026-09-10 09:00:00","CAPE","surface",-73.2032,18.2321,1500
"2026-09-09 18:00:00","2026-09-10 09:00:00","CAPE","surface",-73.1793,18.2321,1500
"2026-09-09 18:00:00","2026-09-10 09:00:00","CAPE","surface",-73.1553,18.2321,1503
"2026-09-09 18:00:00","2026-09-10 09:00:00","CAPE","surface",-73.1314,18.2321,1497
"2026-09-09 18:00:00","2026-09-10 09:00:00","CAPE","surface",-73.1075,18.2321,1463
"2026-09-09 18:00:00","2026-09-10 09:00:00","CAPE","surface",-73.0836,18.2321,1407
"2026-09-09 18:00:00","2026-09-10 09:00:00","CAPE","surface",-73.0596,18.2321,1384
"2026-09-09 18:00:00","2026-09-10 09:00:00","CAPE","surface",-73.0357,18.2321,1297
"2026-09-09 18:00:00","2026-09-10 09:00:00","CAPE","surface",-73.0118,18.2321,1420
"2026-09-09 18:00:00","2026-09-10 09:00:00","CAPE","surface",-72.9879,18.2321,1443
"2026-09-09 18:00:00","2026-09-10 09:00:00","CAPE","surface",-72.9639,18.2321,1468
"2026-09-09 18:00:00","2026-09-10 09:00:00","CAPE","surface",-72.94,18.2321,1455
"2026-09-09 18:00:00","2026-09-10 09:00:00","CAPE","surface",-72.9161,18.2321,1455
"2026-09-09 18:00:00","2026-09-10 09:00:00","CAPE","surface",-72.8922,18.2321,1428
"2026-09-09 18:00:00","2026-09-10 09:00:00","CAPE","surface",-72.8682,18.2321,1435
"2026-09-09 18:00:00","2026-09-10 09:00:00","CAPE","surface",-72.8443,18.2321,1129
"2026-09-09 18:00:00","2026-09-10 09:00:00","CAPE","surface",-72.8204,18.2321,1202
"2026-09-09 18:00:00","2026-09-10 09:00:00","CAPE","surface",-72.7965,18.2321,599
"2026-09-09 18:00:00","2026-09-10 09:00:00","CAPE","surface",-72.7725,18.2321,976
"2026-09-09 18:00:00","2026-09-10 09:00:00","CAPE","surface",-72.7486,18.2321,821
"2026-09-09 18:00:00","2026-09-10 09:00:00","CAPE","surface",-72.7247,18.2321,1131
"2026-09-09 18:00:00","2026-09-10 09:00:00","CAPE","surface",-72.7008,18.2321,812
"2026-09-09 18:00:00","2026-09-10 09:00:00","CAPE","surface",-72.6768,18.2321,812
"2026-09-09 18:00:00","2026-09-10 09:00:00","CAPE","surface",-72.6529,18.2321,738
"2026-09-09 18:00:00","2026-09-10 09:00:00","CAPE","surface",-72.629,18.2321,876
"2026-09-09 18:00:00","2026-09-10 09:00:00","CAPE","surface",-72.6051,18.2321,969
"2026-09-09 18:00:00","2026-09-10 09:00:00","CAPE","surface",-72.5811,18.2321,1085
"2026-09-09 18:00:00","2026-09-10 09:00:00","CAPE","surface",-72.5572,18.2321,971
"2026-09-09 18:00:00","2026-09-10 09:00:00","CAPE","surface",-72.5333,18.2321,726
"2026-09-09 18:00:00","2026-09-10 09:00:00","CAPE","surface",-72.5094,18.2321,785
"2026-09-09 18:00:00","2026-09-10 09:00:00","CAPE","surface",-72.4854,18.2321,870
"2026-09-09 18:00:00","2026-09-10 09:00:00","CAPE","surface",-72.4615,18.2321,984
"2026-09-09 18:00:00","2026-09-10 09:00:00","CAPE","surface",-72.4376,18.2321,652
"2026-09-09 18:00:00","2026-09-10 09:00:00","CAPE","surface",-72.4137,18.2321,652
"2026-09-09 18:00:00","2026-09-10 09:00:00","CAPE","surface",-72.3897,18.2321,571
"2026-09-09 18:00:00","2026-09-10 09:00:00","CAPE","surface",-72.3658,18.2321,617
"2026-09-09 18:00:00","2026-09-10 09:00:00","CAPE","surface",-72.3419,18.2321,670
"2026-09-09 18:00:00","2026-09-10 09:00:00","CAPE","surface",-72.318,18.2321,1016
"2026-09-09 18:00:00","2026-09-10 09:00:00","CAPE","surface",-72.294,18.2321,859
"2026-09-09 18:00:00","2026-09-10 09:00:00","CAPE","surface",-72.2701,18.2321,1133
"2026-09-09 18:00:00","2026-09-10 09:00:00","CAPE","surface",-72.2462,18.2321,980
"2026-09-09 18:00:00","2026-09-10 09:00:00","CAPE","surface",-72.2223,18.2321,511
"2026-09-09 18:00:00","2026-09-10 09:00:00","CAPE","surface",-72.1983,18.2321,944
"2026-09-09 18:00:00","2026-09-10 09:00:00","CAPE","surface",-72.1744,18.2321,227
"2026-09-09 18:00:00","2026-09-10 09:00:00","CAPE","surface",-72.1505,18.2321,642
"2026-09-09 18:00:00","2026-09-10 09:00:00","CAPE","surface",-72.1266,18.2321,645
"2026-09-09 18:00:00","2026-09-10 09:00:00","CAPE","surface",-72.1026,18.2321,1160
"2026-09-09 18:00:00","2026-09-10 09:00:00","CAPE","surface",-72.0787,18.2321,1094
"2026-09-09 18:00:00","2026-09-10 09:00:00","CAPE","surface",-72.0548,18.2321,1094
"2026-09-09 18:00:00","2026-09-10 09:00:00","CAPE","surface",-72.0309,18.2321,995
"2026-09-09 18:00:00","2026-09-10 09:00:00","CAPE","surface",-72.0069,18.2321,1191
"2026-09-09 18:00:00","2026-09-10 09:00:00","CAPE","surface",-71.983,18.2321,1061
"2026-09-09 18:00:00","2026-09-10 09:00:00","CAPE","surface",-71.9591,18.2321,1109
"2026-09-09 18:00:00","2026-09-10 09:00:00","CAPE","surface",-71.9352,18.2321,862
"2026-09-09 18:00:00","2026-09-10 09:00:00","CAPE","surface",-71.9112,18.2321,862
"2026-09-09 18:00:00","2026-09-10 09:00:00","CAPE","surface",-71.8873,18.2321,59
"2026-09-09 18:00:00","2026-09-10 09:00:00","CAPE","surface",-71.8634,18.2321,40
"2026-09-09 18:00:00","2026-09-10 09:00:00","CAPE","surface",-71.8395,18.2321,142
"2026-09-09 18:00:00","2026-09-10 09:00:00","CAPE","surface",-71.8155,18.2321,93
"2026-09-09 18:00:00","2026-09-10 09:00:00","CAPE","surface",-71.7916,18.2321,93
"2026-09-09 18:00:00","2026-09-10 09:00:00","CAPE","surface",-71.7677,18.2321,89
"2026-09-09 18:00:00","2026-09-10 09:00:00","CAPE","surface",-71.7438,18.2321,116
"2026-09-09 18:00:00","2026-09-10 09:00:00","CAPE","surface",-71.7198,18.2321,116
"2026-09-09 18:00:00","2026-09-10 09:00:00","CAPE","surface",-71.6959,18.2321,124
"2026-09-09 18:00:00","2026-09-10 09:00:00","CAPE","surface",-71.672,18.2321,172
"2026-09-09 18:00:00","2026-09-10 09:00:00","CAPE","surface",-71.6481,18.2321,255
"2026-09-09 18:00:00","2026-09-10 09:00:00","CAPE","surface",-71.6241,18.2321,799
"2026-09-09 18:00:00","2026-09-10 09:00:00","CAPE","surface",-71.6002,18.2321,857
"2026-09-09 18:00:00","2026-09-10 09:00:00","CAPE","surface",-71.5763,18.2321,1082
"2026-09-09 18:00:00","2026-09-10 09:00:00","CAPE","surface",-71.5524,18.2321,1125
"2026-09-09 18:00:00","2026-09-10 09:00:00","CAPE","surface",-71.5284,18.2321,1147
"2026-09-09 18:00:00","2026-09-10 09:00:00","CAPE","surface",-71.5045,18.2321,1094
"2026-09-09 18:00:00","2026-09-10 09:00:00","CAPE","surface",-71.4806,18.2321,1148
"2026-09-09 18:00:00","2026-09-10 09:00:00","CAPE","surface",-71.4567,18.2321,964
"2026-09-09 18:00:00","2026-09-10 09:00:00","CAPE","surface",-71.4327,18.2321,964
"2026-09-09 18:00:00","2026-09-10 09:00:00","CAPE","surface",-71.4088,18.2321,810
"2026-09-09 18:00:00","2026-09-10 09:00:00","CAPE","surface",-71.3849,18.2321,784
"2026-09-09 18:00:00","2026-09-10 09:00:00","CAPE","surface",-71.361,18.2321,833
"2026-09-09 18:00:00","2026-09-10 09:00:00","CAPE","surface",-71.337,18.2321,841
"2026-09-09 18:00:00","2026-09-10 09:00:00","CAPE","surface",-71.3131,18.2321,961
"2026-09-09 18:00:00","2026-09-10 09:00:00","CAPE","surface",-71.2892,18.2321,967
"2026-09-09 18:00:00","2026-09-10 09:00:00","CAPE","surface",-71.2653,18.2321,1088
"2026-09-09 18:00:00","2026-09-10 09:00:00","CAPE","surface",-71.2413,18.2321,1257
"2026-09-09 18:00:00","2026-09-10 09:00:00","CAPE","surface",-71.2174,18.2321,1278
"2026-09-09 18:00:00","2026-09-10 09:00:00","CAPE","surface",-71.1935,18.2321,1389
"2026-09-09 18:00:00","2026-09-10 09:00:00","CAPE","surface",-71.1696,18.2321,1503
"2026-09-09 18:00:00","2026-09-10 09:00:00","CAPE","surface",-71.1456,18.2321,1611
"2026-09-09 18:00:00","2026-09-10 09:00:00","CAPE","surface",-71.1217,18.2321,1686
"2026-09-09 18:00:00","2026-09-10 09:00:00","CAPE","surface",-71.0978,18.2321,1687
"2026-09-09 18:00:00","2026-09-10 09:00:00","CAPE","surface",-71.0739,18.2321,1687
"2026-09-09 18:00:00","2026-09-10 09:00:00","CAPE","surface",-71.0499,18.2321,1500
"2026-09-09 18:00:00","2026-09-10 09:00:00","CAPE","surface",-71.026,18.2321,1530
"2026-09-09 18:00:00","2026-09-10 09:00:00","CAPE","surface",-71.0021,18.2321,1481
"2026-09-09 18:00:00","2026-09-10 09:00:00","CAPE","surface",-70.9782,18.2321,1399
"2026-09-09 18:00:00","2026-09-10 09:00:00","CAPE","surface",-70.9542,18.2321,1528
"2026-09-09 18:00:00","2026-09-10 09:00:00","CAPE","surface",-70.9303,18.2321,1514
"2026-09-09 18:00:00","2026-09-10 09:00:00","CAPE","surface",-70.9064,18.2321,1557
"2026-09-09 18:00:00","2026-09-10 09:00:00","CAPE","surface",-70.8825,18.2321,1515
"2026-09-09 18:00:00","2026-09-10 09:00:00","CAPE","surface",-70.8585,18.2321,1515
"2026-09-09 18:00:00","2026-09-10 09:00:00","CAPE","surface",-70.8346,18.2321,1488
"2026-09-09 18:00:00","2026-09-10 09:00:00","CAPE","surface",-70.8107,18.2321,1453
"2026-09-09 18:00:00","2026-09-10 09:00:00","CAPE","surface",-70.7868,18.2321,1436
"2026-09-09 18:00:00","2026-09-10 09:00:00","CAPE","surface",-70.7628,18.2321,1380
"2026-09-09 18:00:00","2026-09-10 09:00:00","CAPE","surface",-70.7389,18.2321,1368
"2026-09-09 18:00:00","2026-09-10 09:00:00","CAPE","surface",-70.715,18.2321,1319
"2026-09-09 18:00:00","2026-09-10 09:00:00","CAPE","surface",-70.6911,18.2321,1269
"2026-09-09 18:00:00","2026-09-10 09:00:00","CAPE","surface",-70.6671,18.2321,1173
"2026-09-09 18:00:00","2026-09-10 09:00:00","CAPE","surface",-70.6432,18.2321,1180
"2026-09-09 18:00:00","2026-09-10 09:00:00","CAPE","surface",-70.6193,18.2321,1097
"2026-09-09 18:00:00","2026-09-10 09:00:00","CAPE","surface",-70.5954,18.2321,1152
"2026-09-09 18:00:00","2026-09-10 09:00:00","CAPE","surface",-70.5714,18.2321,1102
"2026-09-09 18:00:00","2026-09-10 09:00:00","CAPE","surface",-70.5475,18.2321,1251
"2026-09-09 18:00:00","2026-09-10 09:00:00","CAPE","surface",-70.5236,18.2321,1038
"2026-09-09 18:00:00","2026-09-10 09:00:00","CAPE","surface",-70.4997,18.2321,1038
"2026-09-09 18:00:00","2026-09-10 09:00:00","CAPE","surface",-70.4757,18.2321,963
"2026-09-09 18:00:00","2026-09-10 09:00:00","CAPE","surface",-70.4518,18.2321,1031
"2026-09-09 18:00:00","2026-09-10 09:00:00","CAPE","surface",-70.4279,18.2321,1044
"2026-09-09 18:00:00","2026-09-10 09:00:00","CAPE","surface",-70.404,18.2321,1071
"2026-09-09 18:00:00","2026-09-10 09:00:00","CAPE","surface",-70.38,18.2321,1037
"2026-09-09 18:00:00","2026-09-10 09:00:00","CAPE","surface",-70.3561,18.2321,1055
"2026-09-09 18:00:00","2026-09-10 09:00:00","CAPE","surface",-70.3322,18.2321,1316
"2026-09-09 18:00:00","2026-09-10 09:00:00","CAPE","surface",-70.3083,18.2321,1184
"2026-09-09 18:00:00","2026-09-10 09:00:00","CAPE","surface",-70.2843,18.2321,1184
"2026-09-09 18:00:00","2026-09-10 09:00:00","CAPE","surface",-70.2604,18.2321,1211
"2026-09-09 18:00:00","2026-09-10 09:00:00","CAPE","surface",-70.2365,18.2321,1299
"2026-09-09 18:00:00","2026-09-10 09:00:00","CAPE","surface",-70.2126,18.2321,1315
"2026-09-09 18:00:00","2026-09-10 09:00:00","CAPE","surface",-70.1886,18.2321,1380
"2026-09-09 18:00:00","2026-09-10 09:00:00","CAPE","surface",-70.1647,18.2321,1380
"2026-09-09 18:00:00","2026-09-10 09:00:00","CAPE","surface",-70.1408,18.2321,1489
"2026-09-09 18:00:00","2026-09-10 09:00:00","CAPE","surface",-70.1169,18.2321,1950
"2026-09-09 18:00:00","2026-09-10 09:00:00","CAPE","surface",-70.0929,18.2321,2231
"2026-09-09 18:00:00","2026-09-10 09:00:00","CAPE","surface",-70.069,18.2321,2231
"2026-09-09 18:00:00","2026-09-10 09:00:00","CAPE","surface",-70.0451,18.2321,2350
"2026-09-09 18:00:00","2026-09-10 09:00:00","CAPE","surface",-70.0212,18.2321,2447
"2026-09-09 18:00:00","2026-09-10 09:00:00","CAPE","surface",-69.9972,18.2321,2455
"2026-09-09 18:00:00","2026-09-10 09:00:00","CAPE","surface",-69.9733,18.2321,2478
"2026-09-09 18:00:00","2026-09-10 09:00:00","CAPE","surface",-69.9494,18.2321,2478
"2026-09-09 18:00:00","2026-09-10 09:00:00","CAPE","surface",-69.9255,18.2321,2512
"2026-09-09 18:00:00","2026-09-10 09:00:00","CAPE","surface",-69.9015,18.2321,2589
"2026-09-09 18:00:00","2026-09-10 09:00:00","CAPE","surface",-69.8776,18.2321,2637
"2026-09-09 18:00:00","2026-09-10 09:00:00","CAPE","surface",-69.8537,18.2321,2706
"2026-09-09 18:00:00","2026-09-10 09:00:00","CAPE","surface",-69.8298,18.2321,2678
"2026-09-09 18:00:00","2026-09-10 09:00:00","CAPE","surface",-69.8058,18.2321,2726
"2026-09-09 18:00:00","2026-09-10 09:00:00","CAPE","surface",-69.7819,18.2321,2750
"2026-09-09 18:00:00","2026-09-10 09:00:00","CAPE","surface",-69.758,18.2321,2782
"2026-09-09 18:00:00","2026-09-10 09:00:00","CAPE","surface",-69.7341,18.2321,2792
"2026-09-09 18:00:00","2026-09-10 09:00:00","CAPE","surface",-69.7101,18.2321,2827
"2026-09-09 18:00:00","2026-09-10 09:00:00","CAPE","surface",-69.6862,18.2321,2855
"2026-09-09 18:00:00","2026-09-10 09:00:00","CAPE","surface",-69.6623,18.2321,2879
"2026-09-09 18:00:00","2026-09-10 09:00:00","CAPE","surface",-69.6384,18.2321,2882
"2026-09-09 18:00:00","2026-09-10 09:00:00","CAPE","surface",-69.6144,18.2321,2881
"2026-09-09 18:00:00","2026-09-10 09:00:00","CAPE","surface",-69.5905,18.2321,2858
"2026-09-09 18:00:00","2026-09-10 09:00:00","CAPE","surface",-69.5666,18.2321,2769
"2026-09-09 18:00:00","2026-09-10 09:00:00","CAPE","surface",-69.5427,18.2321,2614
"2026-09-09 18:00:00","2026-09-10 09:00:00","CAPE","surface",-69.5187,18.2321,2679
"2026-09-09 18:00:00","2026-09-10 09:00:00","CAPE","surface",-69.4948,18.2321,2701
"2026-09-09 18:00:00","2026-09-10 09:00:00","CAPE","surface",-69.4709,18.2321,2691
"2026-09-09 18:00:00","2026-09-10 09:00:00","CAPE","surface",-69.447,18.2321,2754
"2026-09-09 18:00:00","2026-09-10 09:00:00","CAPE","surface",-69.423,18.2321,2727
"2026-09-09 18:00:00","2026-09-10 09:00:00","CAPE","surface",-69.3991,18.2321,2729
"2026-09-09 18:00:00","2026-09-10 09:00:00","CAPE","surface",-69.3752,18.2321,2611
"2026-09-09 18:00:00","2026-09-10 09:00:00","CAPE","surface",-69.3513,18.2321,2405
"2026-09-09 18:00:00","2026-09-10 09:00:00","CAPE","surface",-69.3273,18.2321,2339
"2026-09-09 18:00:00","2026-09-10 09:00:00","CAPE","surface",-69.3034,18.2321,2189
"2026-09-09 18:00:00","2026-09-10 09:00:00","CAPE","surface",-69.2795,18.2321,1989
"2026-09-09 18:00:00","2026-09-10 09:00:00","CAPE","surface",-69.2556,18.2321,2086
"2026-09-09 18:00:00","2026-09-10 09:00:00","CAPE","surface",-69.2316,18.2321,2131
"2026-09-09 18:00:00","2026-09-10 09:00:00","CAPE","surface",-69.2077,18.2321,2244
"2026-09-09 18:00:00","2026-09-10 09:00:00","CAPE","surface",-69.1838,18.2321,2213
"2026-09-09 18:00:00","2026-09-10 09:00:00","CAPE","surface",-69.1599,18.2321,2284
"2026-09-09 18:00:00","2026-09-10 09:00:00","CAPE","surface",-69.1359,18.2321,2334
"2026-09-09 18:00:00","2026-09-10 09:00:00","CAPE","surface",-69.112,18.2321,2377
"2026-09-09 18:00:00","2026-09-10 09:00:00","CAPE","surface",-69.0881,18.2321,2377
"2026-09-09 18:00:00","2026-09-10 09:00:00","CAPE","surface",-69.0642,18.2321,2445
"2026-09-09 18:00:00","2026-09-10 09:00:00","CAPE","surface",-69.0402,18.2321,2493
"2026-09-09 18:00:00","2026-09-10 09:00:00","CAPE","surface",-69.0163,18.2321,2511
"2026-09-09 18:00:00","2026-09-10 09:00:00","CAPE","surface",-68.9924,18.2321,2502
"2026-09-09 18:00:00","2026-09-10 09:00:00","CAPE","surface",-68.9685,18.2321,2491
"2026-09-09 18:00:00","2026-09-10 09:00:00","CAPE","surface",-68.9445,18.2321,2446
"2026-09-09 18:00:00","2026-09-10 09:00:00","CAPE","surface",-68.9206,18.2321,2341
"2026-09-09 18:00:00","2026-09-10 09:00:00","CAPE","surface",-68.8967,18.2321,2255
"2026-09-09 18:00:00","2026-09-10 09:00:00","CAPE","surface",-68.8728,18.2321,2255
"2026-09-09 18:00:00","2026-09-10 09:00:00","CAPE","surface",-68.8488,18.2321,2207
"2026-09-09 18:00:00","2026-09-10 09:00:00","CAPE","surface",-68.8249,18.2321,2140
"2026-09-09 18:00:00","2026-09-10 09:00:00","CAPE","surface",-68.801,18.2321,2129
"2026-09-09 18:00:00","2026-09-10 09:00:00","CAPE","surface",-68.7771,18.2321,2079
"2026-09-09 18:00:00","2026-09-10 09:00:00","CAPE","surface",-68.7531,18.2321,1976
"2026-09-09 18:00:00","2026-09-10 09:00:00","CAPE","surface",-68.7292,18.2321,1885
"2026-09-09 18:00:00","2026-09-10 09:00:00","CAPE","surface",-68.7053,18.2321,1818
"2026-09-09 18:00:00","2026-09-10 09:00:00","CAPE","surface",-68.6813,18.2321,1851
"2026-09-09 18:00:00","2026-09-10 09:00:00","CAPE","surface",-68.6574,18.2321,1851
"2026-09-09 18:00:00","2026-09-10 09:00:00","CAPE","surface",-68.6335,18.2321,2047
"2026-09-09 18:00:00","2026-09-10 09:00:00","CAPE","surface",-68.6096,18.2321,2198
"2026-09-09 18:00:00","2026-09-10 09:00:00","CAPE","surface",-68.5856,18.2321,2266
"2026-09-09 18:00:00","2026-09-10 09:00:00","CAPE","surface",-68.5617,18.2321,2205
"2026-09-09 18:00:00","2026-09-10 09:00:00","CAPE","surface",-68.5378,18.2321,2224
"2026-09-09 18:00:00","2026-09-10 09:00:00","CAPE","surface",-68.5139,18.2321,2181
"2026-09-09 18:00:00","2026-09-10 09:00:00","CAPE","surface",-68.4899,18.2321,2161
"2026-09-09 18:00:00","2026-09-10 09:00:00","CAPE","surface",-68.466,18.2321,2158
"2026-09-09 18:00:00","2026-09-10 09:00:00","CAPE","surface",-68.4421,18.2321,2158
"2026-09-09 18:00:00","2026-09-10 09:00:00","CAPE","surface",-68.4182,18.2321,2114
"2026-09-09 18:00:00","2026-09-10 09:00:00","CAPE","surface",-68.3942,18.2321,2077
"2026-09-09 18:00:00","2026-09-10 09:00:00","CAPE","surface",-68.3703,18.2321,2037
"2026-09-09 18:00:00","2026-09-10 09:00:00","CAPE","surface",-68.3464,18.2321,2037
"2026-09-09 18:00:00","2026-09-10 09:00:00","CAPE","surface",-68.3225,18.2321,2024
"2026-09-09 18:00:00","2026-09-10 09:00:00","CAPE","surface",-68.2985,18.2321,2033
"2026-09-09 18:00:00","2026-09-10 09:00:00","CAPE","surface",-68.2746,18.2321,2039
"2026-09-09 18:00:00","2026-09-10 09:00:00","CAPE","surface",-68.2507,18.2321,2043
"2026-09-09 18:00:00","2026-09-10 09:00:00","CAPE","surface",-68.2268,18.2321,2041
"2026-09-09 18:00:00","2026-09-10 09:00:00","CAPE","surface",-68.2028,18.2321,2013
"2026-09-09 18:00:00","2026-09-10 09:00:00","CAPE","surface",-68.1789,18.2321,2020
"2026-09-09 18:00:00","2026-09-10 09:00:00","CAPE","surface",-68.155,18.2321,2042
"2026-09-09 18:00:00","2026-09-10 09:00:00","CAPE","surface",-68.1311,18.2321,2061
"2026-09-09 18:00:00","2026-09-10 09:00:00","CAPE","surface",-68.1071,18.2321,2112
"2026-09-09 18:00:00","2026-09-10 09:00:00","CAPE","surface",-68.0832,18.2321,2177
"2026-09-09 18:00:00","2026-09-10 09:00:00","CAPE","surface",-68.0593,18.2321,2180
"2026-09-09 18:00:00","2026-09-10 09:00:00","CAPE","surface",-68.0354,18.2321,2133
"2026-09-09 18:00:00","2026-09-10 09:00:00","CAPE","surface",-68.0114,18.2321,2077
"2026-09-09 18:00:00","2026-09-10 09:00:00","CAPE","surface",-67.9875,18.2321,1944
"2026-09-09 18:00:00","2026-09-10 09:00:00","CAPE","surface",-67.9636,18.2321,1916
"2026-09-09 18:00:00","2026-09-10 09:00:00","CAPE","surface",-67.9397,18.2321,1916
"2026-09-09 18:00:00","2026-09-10 09:00:00","CAPE","surface",-67.9157,18.2321,1979
"2026-09-09 18:00:00","2026-09-10 09:00:00","CAPE","surface",-67.8918,18.2321,1889
"2026-09-09 18:00:00","2026-09-10 09:00:00","CAPE","surface",-67.8679,18.2321,2044
"2026-09-09 18:00:00","2026-09-10 09:00:00","CAPE","surface",-67.844,18.2321,1963
"2026-09-09 18:00:00","2026-09-10 09:00:00","CAPE","surface",-67.82,18.2321,2082
"2026-09-09 18:00:00","2026-09-10 09:00:00","CAPE","surface",-67.7961,18.2321,2048
"2026-09-09 18:00:00","2026-09-10 09:00:00","CAPE","surface",-67.7722,18.2321,2062
"2026-09-09 18:00:00","2026-09-10 09:00:00","CAPE","surface",-67.7483,18.2321,2009
"2026-09-09 18:00:00","2026-09-10 09:00:00","CAPE","surface",-67.7243,18.2321,2009
"2026-09-09 18:00:00","2026-09-10 09:00:00","CAPE","surface",-67.7004,18.2321,1946
"2026-09-09 18:00:00","2026-09-10 09:00:00","CAPE","surface",-67.6765,18.2321,1945
"2026-09-09 18:00:00","2026-09-10 09:00:00","CAPE","surface",-67.6526,18.2321,1949
"2026-09-09 18:00:00","2026-09-10 09:00:00","CAPE","surface",-67.6286,18.2321,1949
"2026-09-09 18:00:00","2026-09-10 09:00:00","CAPE","surface",-67.6047,18.2321,1964
"2026-09-09 18:00:00","2026-09-10 09:00:00","CAPE","surface",-67.5808,18.2321,1929
"2026-09-09 18:00:00","2026-09-10 09:00:00","CAPE","surface",-67.5569,18.2321,2003
"2026-09-09 18:00:00","2026-09-10 09:00:00","CAPE","surface",-67.5329,18.2321,1883
"2026-09-09 18:00:00","2026-09-10 09:00:00","CAPE","surface",-67.509,18.2321,1943
"2026-09-09 18:00:00","2026-09-10 09:00:00","CAPE","surface",-67.4851,18.2321,1915
"2026-09-09 18:00:00","2026-09-10 09:00:00","CAPE","surface",-67.4612,18.2321,1937
"2026-09-09 18:00:00","2026-09-10 09:00:00","CAPE","surface",-67.4372,18.2321,1867
"2026-09-09 18:00:00","2026-09-10 09:00:00","CAPE","surface",-67.4133,18.2321,1849
"2026-09-09 18:00:00","2026-09-10 09:00:00","CAPE","surface",-67.3894,18.2321,1871
"2026-09-09 18:00:00","2026-09-10 09:00:00","CAPE","surface",-67.3655,18.2321,1810
"2026-09-09 18:00:00","2026-09-10 09:00:00","CAPE","surface",-67.3415,18.2321,1810
"2026-09-09 18:00:00","2026-09-10 09:00:00","CAPE","surface",-67.3176,18.2321,1779
"2026-09-09 18:00:00","2026-09-10 09:00:00","CAPE","surface",-67.2937,18.2321,1794
"2026-09-09 18:00:00","2026-09-10 09:00:00","CAPE","surface",-67.2698,18.2321,1686
"2026-09-09 18:00:00","2026-09-10 09:00:00","CAPE","surface",-67.2458,18.2321,1632
"2026-09-09 18:00:00","2026-09-10 09:00:00","CAPE","surface",-67.2219,18.2321,1632
"2026-09-09 18:00:00","2026-09-10 09:00:00","CAPE","surface",-67.198,18.2321,1528
"2026-09-09 18:00:00","2026-09-10 09:00:00","CAPE","surface",-67.1741,18.2321,1388
"2026-09-09 18:00:00","2026-09-10 09:00:00","CAPE","surface",-67.1501,18.2321,971
"2026-09-09 18:00:00","2026-09-10 09:00:00","CAPE","surface",-67.1262,18.2321,971
"2026-09-09 18:00:00","2026-09-10 09:00:00","CAPE","surface",-67.1023,18.2321,959
"2026-09-09 18:00:00","2026-09-10 09:00:00","CAPE","surface",-67.0784,18.2321,909
"2026-09-09 18:00:00","2026-09-10 09:00:00","CAPE","surface",-67.0544,18.2321,701
"2026-09-09 18:00:00","2026-09-10 09:00:00","CAPE","surface",-67.0305,18.2321,712
"2026-09-09 18:00:00","2026-09-10 09:00:00","CAPE","surface",-67.0066,18.2321,522
"2026-09-09 18:00:00","2026-09-10 09:00:00","CAPE","surface",-74.7822,18.2548,2394
"2026-09-09 18:00:00","2026-09-10 09:00:00","CAPE","surface",-74.7583,18.2548,2455
"2026-09-09 18:00:00","2026-09-10 09:00:00","CAPE","surface",-74.7344,18.2548,2346
"2026-09-09 18:00:00","2026-09-10 09:00:00","CAPE","surface",-74.7105,18.2548,2292
"2026-09-09 18:00:00","2026-09-10 09:00:00","CAPE","surface",-74.6865,18.2548,2240
"2026-09-09 18:00:00","2026-09-10 09:00:00","CAPE","surface",-74.6626,18.2548,2253
"2026-09-09 18:00:00","2026-09-10 09:00:00","CAPE","surface",-74.6387,18.2548,2254
"2026-09-09 18:00:00","2026-09-10 09:00:00","CAPE","surface",-74.6148,18.2548,2254
"2026-09-09 18:00:00","2026-09-10 09:00:00","CAPE","surface",-74.5908,18.2548,2244
"2026-09-09 18:00:00","2026-09-10 09:00:00","CAPE","surface",-74.5669,18.2548,2207
"2026-09-09 18:00:00","2026-09-10 09:00:00","CAPE","surface",-74.543,18.2548,2214
"2026-09-09 18:00:00","2026-09-10 09:00:00","CAPE","surface",-74.5191,18.2548,2193
"2026-09-09 18:00:00","2026-09-10 09:00:00","CAPE","surface",-74.4951,18.2548,2223
"2026-09-09 18:00:00","2026-09-10 09:00:00","CAPE","surface",-74.4712,18.2548,2214
"2026-09-09 18:00:00","2026-09-10 09:00:00","CAPE","surface",-74.4473,18.2548,2204
"2026-09-09 18:00:00","2026-09-10 09:00:00","CAPE","surface",-74.4234,18.2548,2196
"2026-09-09 18:00:00","2026-09-10 09:00:00","CAPE","surface",-74.3994,18.2548,2125
"2026-09-09 18:00:00","2026-09-10 09:00:00","CAPE","surface",-74.3755,18.2548,2149
"2026-09-09 18:00:00","2026-09-10 09:00:00","CAPE","surface",-74.3516,18.2548,1922
"2026-09-09 18:00:00","2026-09-10 09:00:00","CAPE","surface",-74.3277,18.2548,1996
"2026-09-09 18:00:00","2026-09-10 09:00:00","CAPE","surface",-74.3037,18.2548,1935
"2026-09-09 18:00:00","2026-09-10 09:00:00","CAPE","surface",-74.2798,18.2548,2003
"2026-09-09 18:00:00","2026-09-10 09:00:00","CAPE","surface",-74.2559,18.2548,1953
"2026-09-09 18:00:00","2026-09-10 09:00:00","CAPE","surface",-74.232,18.2548,2037
"2026-09-09 18:00:00","2026-09-10 09:00:00","CAPE","surface",-74.208,18.2548,1838
"2026-09-09 18:00:00","2026-09-10 09:00:00","CAPE","surface",-74.1841,18.2548,1899
"2026-09-09 18:00:00","2026-09-10 09:00:00","CAPE","surface",-74.1602,18.2548,1533
"2026-09-09 18:00:00","2026-09-10 09:00:00","CAPE","surface",-74.1363,18.2548,1697
"2026-09-09 18:00:00","2026-09-10 09:00:00","CAPE","surface",-74.1123,18.2548,1470
"2026-09-09 18:00:00","2026-09-10 09:00:00","CAPE","surface",-74.0884,18.2548,1559
"2026-09-09 18:00:00","2026-09-10 09:00:00","CAPE","surface",-74.0645,18.2548,1110
"2026-09-09 18:00:00","2026-09-10 09:00:00","CAPE","surface",-74.0406,18.2548,1240
"2026-09-09 18:00:00","2026-09-10 09:00:00","CAPE","surface",-74.0166,18.2548,1211
"2026-09-09 18:00:00","2026-09-10 09:00:00","CAPE","surface",-73.9927,18.2548,1334
"2026-09-09 18:00:00","2026-09-10 09:00:00","CAPE","surface",-73.9688,18.2548,1399
"2026-09-09 18:00:00","2026-09-10 09:00:00","CAPE","surface",-73.9449,18.2548,1482
"2026-09-09 18:00:00","2026-09-10 09:00:00","CAPE","surface",-73.9209,18.2548,1427
"2026-09-09 18:00:00","2026-09-10 09:00:00","CAPE","surface",-73.897,18.2548,1503
"2026-09-09 18:00:00","2026-09-10 09:00:00","CAPE","surface",-73.8731,18.2548,1451
"2026-09-09 18:00:00","2026-09-10 09:00:00","CAPE","surface",-73.8492,18.2548,1407
"2026-09-09 18:00:00","2026-09-10 09:00:00","CAPE","surface",-73.8252,18.2548,1426
"2026-09-09 18:00:00","2026-09-10 09:00:00","CAPE","surface",-73.8013,18.2548,1422
"2026-09-09 18:00:00","2026-09-10 09:00:00","CAPE","surface",-73.7774,18.2548,1463
"2026-09-09 18:00:00","2026-09-10 09:00:00","CAPE","surface",-73.7535,18.2548,1502
"2026-09-09 18:00:00","2026-09-10 09:00:00","CAPE","surface",-73.7295,18.2548,1508
"2026-09-09 18:00:00","2026-09-10 09:00:00","CAPE","surface",-73.7056,18.2548,1519
"2026-09-09 18:00:00","2026-09-10 09:00:00","CAPE","surface",-73.6817,18.2548,1459
"2026-09-09 18:00:00","2026-09-10 09:00:00","CAPE","surface",-73.6578,18.2548,1433
"2026-09-09 18:00:00","2026-09-10 09:00:00","CAPE","surface",-73.6338,18.2548,1394
"2026-09-09 18:00:00","2026-09-10 09:00:00","CAPE","surface",-73.6099,18.2548,1508
"2026-09-09 18:00:00","2026-09-10 09:00:00","CAPE","surface",-73.586,18.2548,1441
"2026-09-09 18:00:00","2026-09-10 09:00:00","CAPE","surface",-73.5621,18.2548,1432
"2026-09-09 18:00:00","2026-09-10 09:00:00","CAPE","surface",-73.5381,18.2548,1409
"2026-09-09 18:00:00","2026-09-10 09:00:00","CAPE","surface",-73.5142,18.2548,1381
"2026-09-09 18:00:00","2026-09-10 09:00:00","CAPE","surface",-73.4903,18.2548,1374
"2026-09-09 18:00:00","2026-09-10 09:00:00","CAPE","surface",-73.4664,18.2548,1331
"2026-09-09 18:00:00","2026-09-10 09:00:00","CAPE","surface",-73.4424,18.2548,1454
"2026-09-09 18:00:00","2026-09-10 09:00:00","CAPE","surface",-73.4185,18.2548,1397
"2026-09-09 18:00:00","2026-09-10 09:00:00","CAPE","surface",-73.3946,18.2548,1397
"2026-09-09 18:00:00","2026-09-10 09:00:00","CAPE","surface",-73.3707,18.2548,1441
"2026-09-09 18:00:00","2026-09-10 09:00:00","CAPE","surface",-73.3467,18.2548,1466
"2026-09-09 18:00:00","2026-09-10 09:00:00","CAPE","surface",-73.3228,18.2548,1333
"2026-09-09 18:00:00","2026-09-10 09:00:00","CAPE","surface",-73.2989,18.2548,1368
"2026-09-09 18:00:00","2026-09-10 09:00:00","CAPE","surface",-73.275,18.2548,1470
"2026-09-09 18:00:00","2026-09-10 09:00:00","CAPE","surface",-73.251,18.2548,1511
"2026-09-09 18:00:00","2026-09-10 09:00:00","CAPE","surface",-73.2271,18.2548,1516
"2026-09-09 18:00:00","2026-09-10 09:00:00","CAPE","surface",-73.2032,18.2548,1520
"2026-09-09 18:00:00","2026-09-10 09:00:00","CAPE","surface",-73.1793,18.2548,1512
"2026-09-09 18:00:00","2026-09-10 09:00:00","CAPE","surface",-73.1553,18.2548,1519
"2026-09-09 18:00:00","2026-09-10 09:00:00","CAPE","surface",-73.1314,18.2548,1519
"2026-09-09 18:00:00","2026-09-10 09:00:00","CAPE","surface",-73.1075,18.2548,1450
"2026-09-09 18:00:00","2026-09-10 09:00:00","CAPE","surface",-73.0836,18.2548,1417
"2026-09-09 18:00:00","2026-09-10 09:00:00","CAPE","surface",-73.0596,18.2548,1229
"2026-09-09 18:00:00","2026-09-10 09:00:00","CAPE","surface",-73.0357,18.2548,1297
"2026-09-09 18:00:00","2026-09-10 09:00:00","CAPE","surface",-73.0118,18.2548,1412
"2026-09-09 18:00:00","2026-09-10 09:00:00","CAPE","surface",-72.9879,18.2548,1412
"2026-09-09 18:00:00","2026-09-10 09:00:00","CAPE","surface",-72.9639,18.2548,1399
"2026-09-09 18:00:00","2026-09-10 09:00:00","CAPE","surface",-72.94,18.2548,1422
"2026-09-09 18:00:00","2026-09-10 09:00:00","CAPE","surface",-72.9161,18.2548,1361
"2026-09-09 18:00:00","2026-09-10 09:00:00","CAPE","surface",-72.8922,18.2548,1428
"2026-09-09 18:00:00","2026-09-10 09:00:00","CAPE","surface",-72.8682,18.2548,975
"2026-09-09 18:00:00","2026-09-10 09:00:00","CAPE","surface",-72.8443,18.2548,1098
"2026-09-09 18:00:00","2026-09-10 09:00:00","CAPE","surface",-72.8204,18.2548,535
"2026-09-09 18:00:00","2026-09-10 09:00:00","CAPE","surface",-72.7965,18.2548,270
"2026-09-09 18:00:00","2026-09-10 09:00:00","CAPE","surface",-72.7725,18.2548,432
"2026-09-09 18:00:00","2026-09-10 09:00:00","CAPE","surface",-72.7486,18.2548,181
"2026-09-09 18:00:00","2026-09-10 09:00:00","CAPE","surface",-72.7247,18.2548,302
"2026-09-09 18:00:00","2026-09-10 09:00:00","CAPE","surface",-72.7008,18.2548,329
"2026-09-09 18:00:00","2026-09-10 09:00:00","CAPE","surface",-72.6768,18.2548,388
"2026-09-09 18:00:00","2026-09-10 09:00:00","CAPE","surface",-72.6529,18.2548,518
"2026-09-09 18:00:00","2026-09-10 09:00:00","CAPE","surface",-72.629,18.2548,876
"2026-09-09 18:00:00","2026-09-10 09:00:00","CAPE","surface",-72.6051,18.2548,686
"2026-09-09 18:00:00","2026-09-10 09:00:00","CAPE","surface",-72.5811,18.2548,890
"2026-09-09 18:00:00","2026-09-10 09:00:00","CAPE","surface",-72.5572,18.2548,821
"2026-09-09 18:00:00","2026-09-10 09:00:00","CAPE","surface",-72.5333,18.2548,726
"2026-09-09 18:00:00","2026-09-10 09:00:00","CAPE","surface",-72.5094,18.2548,926
"2026-09-09 18:00:00","2026-09-10 09:00:00","CAPE","surface",-72.4854,18.2548,926
"2026-09-09 18:00:00","2026-09-10 09:00:00","CAPE","surface",-72.4615,18.2548,708
"2026-09-09 18:00:00","2026-09-10 09:00:00","CAPE","surface",-72.4376,18.2548,699
"2026-09-09 18:00:00","2026-09-10 09:00:00","CAPE","surface",-72.4137,18.2548,651
"2026-09-09 18:00:00","2026-09-10 09:00:00","CAPE","surface",-72.3897,18.2548,462
"2026-09-09 18:00:00","2026-09-10 09:00:00","CAPE","surface",-72.3658,18.2548,462
"2026-09-09 18:00:00","2026-09-10 09:00:00","CAPE","surface",-72.3419,18.2548,490
"2026-09-09 18:00:00","2026-09-10 09:00:00","CAPE","surface",-72.318,18.2548,627
"2026-09-09 18:00:00","2026-09-10 09:00:00","CAPE","surface",-72.294,18.2548,393
"2026-09-09 18:00:00","2026-09-10 09:00:00","CAPE","surface",-72.2701,18.2548,684
"2026-09-09 18:00:00","2026-09-10 09:00:00","CAPE","surface",-72.2462,18.2548,81
"2026-09-09 18:00:00","2026-09-10 09:00:00","CAPE","surface",-72.2223,18.2548,228
"2026-09-09 18:00:00","2026-09-10 09:00:00","CAPE","surface",-72.1983,18.2548,28
"2026-09-09 18:00:00","2026-09-10 09:00:00","CAPE","surface",-72.1744,18.2548,227
"2026-09-09 18:00:00","2026-09-10 09:00:00","CAPE","surface",-72.1505,18.2548,165
"2026-09-09 18:00:00","2026-09-10 09:00:00","CAPE","surface",-72.1266,18.2548,165
"2026-09-09 18:00:00","2026-09-10 09:00:00","CAPE","surface",-72.1026,18.2548,191
"2026-09-09 18:00:00","2026-09-10 09:00:00","CAPE","surface",-72.0787,18.2548,624
"2026-09-09 18:00:00","2026-09-10 09:00:00","CAPE","surface",-72.0548,18.2548,569
"2026-09-09 18:00:00","2026-09-10 09:00:00","CAPE","surface",-72.0309,18.2548,426
"2026-09-09 18:00:00","2026-09-10 09:00:00","CAPE","surface",-72.0069,18.2548,865
"2026-09-09 18:00:00","2026-09-10 09:00:00","CAPE","surface",-71.983,18.2548,270
"2026-09-09 18:00:00","2026-09-10 09:00:00","CAPE","surface",-71.9591,18.2548,643
"2026-09-09 18:00:00","2026-09-10 09:00:00","CAPE","surface",-71.9352,18.2548,38
"2026-09-09 18:00:00","2026-09-10 09:00:00","CAPE","surface",-71.9112,18.2548,23
"2026-09-09 18:00:00","2026-09-10 09:00:00","CAPE","surface",-71.8873,18.2548,23
"2026-09-09 18:00:00","2026-09-10 09:00:00","CAPE","surface",-71.8634,18.2548,23
"2026-09-09 18:00:00","2026-09-10 09:00:00","CAPE","surface",-71.8395,18.2548,23
"2026-09-09 18:00:00","2026-09-10 09:00:00","CAPE","surface",-71.8155,18.2548,53
"2026-09-09 18:00:00","2026-09-10 09:00:00","CAPE","surface",-71.7916,18.2548,60
"2026-09-09 18:00:00","2026-09-10 09:00:00","CAPE","surface",-71.7677,18.2548,89
"2026-09-09 18:00:00","2026-09-10 09:00:00","CAPE","surface",-71.7438,18.2548,62
"2026-09-09 18:00:00","2026-09-10 09:00:00","CAPE","surface",-71.7198,18.2548,90
"2026-09-09 18:00:00","2026-09-10 09:00:00","CAPE","surface",-71.6959,18.2548,137
"2026-09-09 18:00:00","2026-09-10 09:00:00","CAPE","surface",-71.672,18.2548,305
"2026-09-09 18:00:00","2026-09-10 09:00:00","CAPE","surface",-71.6481,18.2548,541
"2026-09-09 18:00:00","2026-09-10 09:00:00","CAPE","surface",-71.6241,18.2548,825
"2026-09-09 18:00:00","2026-09-10 09:00:00","CAPE","surface",-71.6002,18.2548,1010
"2026-09-09 18:00:00","2026-09-10 09:00:00","CAPE","surface",-71.5763,18.2548,1030
"2026-09-09 18:00:00","2026-09-10 09:00:00","CAPE","surface",-71.5524,18.2548,1125
"2026-09-09 18:00:00","2026-09-10 09:00:00","CAPE","surface",-71.5284,18.2548,924
"2026-09-09 18:00:00","2026-09-10 09:00:00","CAPE","surface",-71.5045,18.2548,924
"2026-09-09 18:00:00","2026-09-10 09:00:00","CAPE","surface",-71.4806,18.2548,789
"2026-09-09 18:00:00","2026-09-10 09:00:00","CAPE","surface",-71.4567,18.2548,897
"2026-09-09 18:00:00","2026-09-10 09:00:00","CAPE","surface",-71.4327,18.2548,813
"2026-09-09 18:00:00","2026-09-10 09:00:00","CAPE","surface",-71.4088,18.2548,823
"2026-09-09 18:00:00","2026-09-10 09:00:00","CAPE","surface",-71.3849,18.2548,823
"2026-09-09 18:00:00","2026-09-10 09:00:00","CAPE","surface",-71.361,18.2548,825
"2026-09-09 18:00:00","2026-09-10 09:00:00","CAPE","surface",-71.337,18.2548,885
"2026-09-09 18:00:00","2026-09-10 09:00:00","CAPE","surface",-71.3131,18.2548,1123
"2026-09-09 18:00:00","2026-09-10 09:00:00","CAPE","surface",-71.2892,18.2548,1130
"2026-09-09 18:00:00","2026-09-10 09:00:00","CAPE","surface",-71.2653,18.2548,1299
"2026-09-09 18:00:00","2026-09-10 09:00:00","CAPE","surface",-71.2413,18.2548,1220
"2026-09-09 18:00:00","2026-09-10 09:00:00","CAPE","surface",-71.2174,18.2548,1187
"2026-09-09 18:00:00","2026-09-10 09:00:00","CAPE","surface",-71.1935,18.2548,1389
"2026-09-09 18:00:00","2026-09-10 09:00:00","CAPE","surface",-71.1696,18.2548,1429
"2026-09-09 18:00:00","2026-09-10 09:00:00","CAPE","surface",-71.1456,18.2548,1429
"2026-09-09 18:00:00","2026-09-10 09:00:00","CAPE","surface",-71.1217,18.2548,1346
"2026-09-09 18:00:00","2026-09-10 09:00:00","CAPE","surface",-71.0978,18.2548,1345
"2026-09-09 18:00:00","2026-09-10 09:00:00","CAPE","surface",-71.0739,18.2548,1461
"2026-09-09 18:00:00","2026-09-10 09:00:00","CAPE","surface",-71.0499,18.2548,1341
"2026-09-09 18:00:00","2026-09-10 09:00:00","CAPE","surface",-71.026,18.2548,1341
"2026-09-09 18:00:00","2026-09-10 09:00:00","CAPE","surface",-71.0021,18.2548,1252
"2026-09-09 18:00:00","2026-09-10 09:00:00","CAPE","surface",-70.9782,18.2548,1399
"2026-09-09 18:00:00","2026-09-10 09:00:00","CAPE","surface",-70.9542,18.2548,1342
"2026-09-09 18:00:00","2026-09-10 09:00:00","CAPE","surface",-70.9303,18.2548,1342
"2026-09-09 18:00:00","2026-09-10 09:00:00","CAPE","surface",-70.9064,18.2548,1361
"2026-09-09 18:00:00","2026-09-10 09:00:00","CAPE","surface",-70.8825,18.2548,1547
"2026-09-09 18:00:00","2026-09-10 09:00:00","CAPE","surface",-70.8585,18.2548,1545
"2026-09-09 18:00:00","2026-09-10 09:00:00","CAPE","surface",-70.8346,18.2548,1515
"2026-09-09 18:00:00","2026-09-10 09:00:00","CAPE","surface",-70.8107,18.2548,1515
"2026-09-09 18:00:00","2026-09-10 09:00:00","CAPE","surface",-70.7868,18.2548,1504
"2026-09-09 18:00:00","2026-09-10 09:00:00","CAPE","surface",-70.7628,18.2548,1446
"2026-09-09 18:00:00","2026-09-10 09:00:00","CAPE","surface",-70.7389,18.2548,1405
"2026-09-09 18:00:00","2026-09-10 09:00:00","CAPE","surface",-70.715,18.2548,1319
"2026-09-09 18:00:00","2026-09-10 09:00:00","CAPE","surface",-70.6911,18.2548,1372
"2026-09-09 18:00:00","2026-09-10 09:00:00","CAPE","surface",-70.6671,18.2548,1263
"2026-09-09 18:00:00","2026-09-10 09:00:00","CAPE","surface",-70.6432,18.2548,1144
"2026-09-09 18:00:00","2026-09-10 09:00:00","CAPE","surface",-70.6193,18.2548,1097
"2026-09-09 18:00:00","2026-09-10 09:00:00","CAPE","surface",-70.5954,18.2548,1054
"2026-09-09 18:00:00","2026-09-10 09:00:00","CAPE","surface",-70.5714,18.2548,856
"2026-09-09 18:00:00","2026-09-10 09:00:00","CAPE","surface",-70.5475,18.2548,831
"2026-09-09 18:00:00","2026-09-10 09:00:00","CAPE","surface",-70.5236,18.2548,908
"2026-09-09 18:00:00","2026-09-10 09:00:00","CAPE","surface",-70.4997,18.2548,933
"2026-09-09 18:00:00","2026-09-10 09:00:00","CAPE","surface",-70.4757,18.2548,935
"2026-09-09 18:00:00","2026-09-10 09:00:00","CAPE","surface",-70.4518,18.2548,935
"2026-09-09 18:00:00","2026-09-10 09:00:00","CAPE","surface",-70.4279,18.2548,1003
"2026-09-09 18:00:00","2026-09-10 09:00:00","CAPE","surface",-70.404,18.2548,1071
"2026-09-09 18:00:00","2026-09-10 09:00:00","CAPE","surface",-70.38,18.2548,1050
"2026-09-09 18:00:00","2026-09-10 09:00:00","CAPE","surface",-70.3561,18.2548,1050
"2026-09-09 18:00:00","2026-09-10 09:00:00","CAPE","surface",-70.3322,18.2548,1053
"2026-09-09 18:00:00","2026-09-10 09:00:00","CAPE","surface",-70.3083,18.2548,1069
"2026-09-09 18:00:00","2026-09-10 09:00:00","CAPE","surface",-70.2843,18.2548,1125
"2026-09-09 18:00:00","2026-09-10 09:00:00","CAPE","surface",-70.2604,18.2548,1139
"2026-09-09 18:00:00","2026-09-10 09:00:00","CAPE","surface",-70.2365,18.2548,1139
"2026-09-09 18:00:00","2026-09-10 09:00:00","CAPE","surface",-70.2126,18.2548,1189
"2026-09-09 18:00:00","2026-09-10 09:00:00","CAPE","surface",-70.1886,18.2548,1204
"2026-09-09 18:00:00","2026-09-10 09:00:00","CAPE","surface",-70.1647,18.2548,1240
"2026-09-09 18:00:00","2026-09-10 09:00:00","CAPE","surface",-70.1408,18.2548,1489
"2026-09-09 18:00:00","2026-09-10 09:00:00","CAPE","surface",-70.1169,18.2548,1301
"2026-09-09 18:00:00","2026-09-10 09:00:00","CAPE","surface",-70.0929,18.2548,1903
"2026-09-09 18:00:00","2026-09-10 09:00:00","CAPE","surface",-70.069,18.2548,2205
"2026-09-09 18:00:00","2026-09-10 09:00:00","CAPE","surface",-70.0451,18.2548,2309
"2026-09-09 18:00:00","2026-09-10 09:00:00","CAPE","surface",-70.0212,18.2548,2309
"2026-09-09 18:00:00","2026-09-10 09:00:00","CAPE","surface",-69.9972,18.2548,2295
"2026-09-09 18:00:00","2026-09-10 09:00:00","CAPE","surface",-69.9733,18.2548,2385
"2026-09-09 18:00:00","2026-09-10 09:00:00","CAPE","surface",-69.9494,18.2548,2434
"2026-09-09 18:00:00","2026-09-10 09:00:00","CAPE","surface",-69.9255,18.2548,2512
"2026-09-09 18:00:00","2026-09-10 09:00:00","CAPE","surface",-69.9015,18.2548,2462
"2026-09-09 18:00:00","2026-09-10 09:00:00","CAPE","surface",-69.8776,18.2548,2539
"2026-09-09 18:00:00","2026-09-10 09:00:00","CAPE","surface",-69.8537,18.2548,2595
"2026-09-09 18:00:00","2026-09-10 09:00:00","CAPE","surface",-69.8298,18.2548,2635
"2026-09-09 18:00:00","2026-09-10 09:00:00","CAPE","surface",-69.8058,18.2548,2698
"2026-09-09 18:00:00","2026-09-10 09:00:00","CAPE","surface",-69.7819,18.2548,2694
"2026-09-09 18:00:00","2026-09-10 09:00:00","CAPE","surface",-69.758,18.2548,2751
"2026-09-09 18:00:00","2026-09-10 09:00:00","CAPE","surface",-69.7341,18.2548,2785
"2026-09-09 18:00:00","2026-09-10 09:00:00","CAPE","surface",-69.7101,18.2548,2827
"2026-09-09 18:00:00","2026-09-10 09:00:00","CAPE","surface",-69.6862,18.2548,2821
"2026-09-09 18:00:00","2026-09-10 09:00:00","CAPE","surface",-69.6623,18.2548,2857
"2026-09-09 18:00:00","2026-09-10 09:00:00","CAPE","surface",-69.6384,18.2548,2876
"2026-09-09 18:00:00","2026-09-10 09:00:00","CAPE","surface",-69.6144,18.2548,2880
"2026-09-09 18:00:00","2026-09-10 09:00:00","CAPE","surface",-69.5905,18.2548,2857
"2026-09-09 18:00:00","2026-09-10 09:00:00","CAPE","surface",-69.5666,18.2548,2860
"2026-09-09 18:00:00","2026-09-10 09:00:00","CAPE","surface",-69.5427,18.2548,2774
"2026-09-09 18:00:00","2026-09-10 09:00:00","CAPE","surface",-69.5187,18.2548,2730
"2026-09-09 18:00:00","2026-09-10 09:00:00","CAPE","surface",-69.4948,18.2548,2701
"2026-09-09 18:00:00","2026-09-10 09:00:00","CAPE","surface",-69.4709,18.2548,2781
"2026-09-09 18:00:00","2026-09-10 09:00:00","CAPE","surface",-69.447,18.2548,2767
"2026-09-09 18:00:00","2026-09-10 09:00:00","CAPE","surface",-69.423,18.2548,2791
"2026-09-09 18:00:00","2026-09-10 09:00:00","CAPE","surface",-69.3991,18.2548,2722
"2026-09-09 18:00:00","2026-09-10 09:00:00","CAPE","surface",-69.3752,18.2548,2579
"2026-09-09 18:00:00","2026-09-10 09:00:00","CAPE","surface",-69.3513,18.2548,2496
"2026-09-09 18:00:00","2026-09-10 09:00:00","CAPE","surface",-69.3273,18.2548,2286
"2026-09-09 18:00:00","2026-09-10 09:00:00","CAPE","surface",-69.3034,18.2548,1975
"2026-09-09 18:00:00","2026-09-10 09:00:00","CAPE","surface",-69.2795,18.2548,1989
"2026-09-09 18:00:00","2026-09-10 09:00:00","CAPE","surface",-69.2556,18.2548,1884
"2026-09-09 18:00:00","2026-09-10 09:00:00","CAPE","surface",-69.2316,18.2548,1985
"2026-09-09 18:00:00","2026-09-10 09:00:00","CAPE","surface",-69.2077,18.2548,2097
"2026-09-09 18:00:00","2026-09-10 09:00:00","CAPE","surface",-69.1838,18.2548,2146
"2026-09-09 18:00:00","2026-09-10 09:00:00","CAPE","surface",-69.1599,18.2548,2249
"2026-09-09 18:00:00","2026-09-10 09:00:00","CAPE","surface",-69.1359,18.2548,2178
"2026-09-09 18:00:00","2026-09-10 09:00:00","CAPE","surface",-69.112,18.2548,2281
"2026-09-09 18:00:00","2026-09-10 09:00:00","CAPE","surface",-69.0881,18.2548,2342
"2026-09-09 18:00:00","2026-09-10 09:00:00","CAPE","surface",-69.0642,18.2548,2445
"2026-09-09 18:00:00","2026-09-10 09:00:00","CAPE","surface",-69.0402,18.2548,2403
"2026-09-09 18:00:00","2026-09-10 09:00:00","CAPE","surface",-69.0163,18.2548,2465
"2026-09-09 18:00:00","2026-09-10 09:00:00","CAPE","surface",-68.9924,18.2548,2458
"2026-09-09 18:00:00","2026-09-10 09:00:00","CAPE","surface",-68.9685,18.2548,2441
"2026-09-09 18:00:00","2026-09-10 09:00:00","CAPE","surface",-68.9445,18.2548,2444
"2026-09-09 18:00:00","2026-09-10 09:00:00","CAPE","surface",-68.9206,18.2548,2425
"2026-09-09 18:00:00","2026-09-10 09:00:00","CAPE","surface",-68.8967,18.2548,2378
"2026-09-09 18:00:00","2026-09-10 09:00:00","CAPE","surface",-68.8728,18.2548,2309
"2026-09-09 18:00:00","2026-09-10 09:00:00","CAPE","surface",-68.8488,18.2548,2207
"2026-09-09 18:00:00","2026-09-10 09:00:00","CAPE","surface",-68.8249,18.2548,2249
"2026-09-09 18:00:00","2026-09-10 09:00:00","CAPE","surface",-68.801,18.2548,2180
"2026-09-09 18:00:00","2026-09-10 09:00:00","CAPE","surface",-68.7771,18.2548,2087
"2026-09-09 18:00:00","2026-09-10 09:00:00","CAPE","surface",-68.7531,18.2548,1867
"2026-09-09 18:00:00","2026-09-10 09:00:00","CAPE","surface",-68.7292,18.2548,1867
"2026-09-09 18:00:00","2026-09-10 09:00:00","CAPE","surface",-68.7053,18.2548,1868
"2026-09-09 18:00:00","2026-09-10 09:00:00","CAPE","surface",-68.6813,18.2548,1825
"2026-09-09 18:00:00","2026-09-10 09:00:00","CAPE","surface",-68.6574,18.2548,1957
"2026-09-09 18:00:00","2026-09-10 09:00:00","CAPE","surface",-68.6335,18.2548,2047
"2026-09-09 18:00:00","2026-09-10 09:00:00","CAPE","surface",-68.6096,18.2548,2276
"2026-09-09 18:00:00","2026-09-10 09:00:00","CAPE","surface",-68.5856,18.2548,2332
"2026-09-09 18:00:00","2026-09-10 09:00:00","CAPE","surface",-68.5617,18.2548,2273
"2026-09-09 18:00:00","2026-09-10 09:00:00","CAPE","surface",-68.5378,18.2548,2225
"2026-09-09 18:00:00","2026-09-10 09:00:00","CAPE","surface",-68.5139,18.2548,2225
"2026-09-09 18:00:00","2026-09-10 09:00:00","CAPE","surface",-68.4899,18.2548,2200
"2026-09-09 18:00:00","2026-09-10 09:00:00","CAPE","surface",-68.466,18.2548,2169
"2026-09-09 18:00:00","2026-09-10 09:00:00","CAPE","surface",-68.4421,18.2548,2145
"2026-09-09 18:00:00","2026-09-10 09:00:00","CAPE","surface",-68.4182,18.2548,2114
"2026-09-09 18:00:00","2026-09-10 09:00:00","CAPE","surface",-68.3942,18.2548,2114
"2026-09-09 18:00:00","2026-09-10 09:00:00","CAPE","surface",-68.3703,18.2548,2103
"2026-09-09 18:00:00","2026-09-10 09:00:00","CAPE","surface",-68.3464,18.2548,2056
"2026-09-09 18:00:00","2026-09-10 09:00:00","CAPE","surface",-68.3225,18.2548,2041
"2026-09-09 18:00:00","2026-09-10 09:00:00","CAPE","surface",-68.2985,18.2548,2041
"2026-09-09 18:00:00","2026-09-10 09:00:00","CAPE","surface",-68.2746,18.2548,2053
"2026-09-09 18:00:00","2026-09-10 09:00:00","CAPE","surface",-68.2507,18.2548,2043
"2026-09-09 18:00:00","2026-09-10 09:00:00","CAPE","surface",-68.2268,18.2548,2023
"2026-09-09 18:00:00","2026-09-10 09:00:00","CAPE","surface",-68.2028,18.2548,2017
"2026-09-09 18:00:00","2026-09-10 09:00:00","CAPE","surface",-68.1789,18.2548,2002
"2026-09-09 18:00:00","2026-09-10 09:00:00","CAPE","surface",-68.155,18.2548,2023
"2026-09-09 18:00:00","2026-09-10 09:00:00","CAPE","surface",-68.1311,18.2548,2061
"2026-09-09 18:00:00","2026-09-10 09:00:00","CAPE","surface",-68.1071,18.2548,2099
"2026-09-09 18:00:00","2026-09-10 09:00:00","CAPE","surface",-68.0832,18.2548,2148
"2026-09-09 18:00:00","2026-09-10 09:00:00","CAPE","surface",-68.0593,18.2548,2155
"2026-09-09 18:00:00","2026-09-10 09:00:00","CAPE","surface",-68.0354,18.2548,2086
"2026-09-09 18:00:00","2026-09-10 09:00:00","CAPE","surface",-68.0114,18.2548,2023
"2026-09-09 18:00:00","2026-09-10 09:00:00","CAPE","surface",-67.9875,18.2548,2018
"2026-09-09 18:00:00","2026-09-10 09:00:00","CAPE","surface",-67.9636,18.2548,1976
"2026-09-09 18:00:00","2026-09-10 09:00:00","CAPE","surface",-67.9397,18.2548,2021
"2026-09-09 18:00:00","2026-09-10 09:00:00","CAPE","surface",-67.9157,18.2548,1979
"2026-09-09 18:00:00","2026-09-10 09:00:00","CAPE","surface",-67.8918,18.2548,2068
"2026-09-09 18:00:00","2026-09-10 09:00:00","CAPE","surface",-67.8679,18.2548,2070
"2026-09-09 18:00:00","2026-09-10 09:00:00","CAPE","surface",-67.844,18.2548,2099
"2026-09-09 18:00:00","2026-09-10 09:00:00","CAPE","surface",-67.82,18.2548,2084
"2026-09-09 18:00:00","2026-09-10 09:00:00","CAPE","surface",-67.7961,18.2548,2084
"2026-09-09 18:00:00","2026-09-10 09:00:00","CAPE","surface",-67.7722,18.2548,2007
"2026-09-09 18:00:00","2026-09-10 09:00:00","CAPE","surface",-67.7483,18.2548,2026
"2026-09-09 18:00:00","2026-09-10 09:00:00","CAPE","surface",-67.7243,18.2548,1944
"2026-09-09 18:00:00","2026-09-10 09:00:00","CAPE","surface",-67.7004,18.2548,1944
"2026-09-09 18:00:00","2026-09-10 09:00:00","CAPE","surface",-67.6765,18.2548,1897
"2026-09-09 18:00:00","2026-09-10 09:00:00","CAPE","surface",-67.6526,18.2548,1876
"2026-09-09 18:00:00","2026-09-10 09:00:00","CAPE","surface",-67.6286,18.2548,1907
"2026-09-09 18:00:00","2026-09-10 09:00:00","CAPE","surface",-67.6047,18.2548,1872
"2026-09-09 18:00:00","2026-09-10 09:00:00","CAPE","surface",-67.5808,18.2548,1872
"2026-09-09 18:00:00","2026-09-10 09:00:00","CAPE","surface",-67.5569,18.2548,1837
"2026-09-09 18:00:00","2026-09-10 09:00:00","CAPE","surface",-67.5329,18.2548,1883
"2026-09-09 18:00:00","2026-09-10 09:00:00","CAPE","surface",-67.509,18.2548,1850
"2026-09-09 18:00:00","2026-09-10 09:00:00","CAPE","surface",-67.4851,18.2548,1808
"2026-09-09 18:00:00","2026-09-10 09:00:00","CAPE","surface",-67.4612,18.2548,1834
"2026-09-09 18:00:00","2026-09-10 09:00:00","CAPE","surface",-67.4372,18.2548,1823
"2026-09-09 18:00:00","2026-09-10 09:00:00","CAPE","surface",-67.4133,18.2548,1849
"2026-09-09 18:00:00","2026-09-10 09:00:00","CAPE","surface",-67.3894,18.2548,1816
"2026-09-09 18:00:00","2026-09-10 09:00:00","CAPE","surface",-67.3655,18.2548,1816
"2026-09-09 18:00:00","2026-09-10 09:00:00","CAPE","surface",-67.3415,18.2548,1771
"2026-09-09 18:00:00","2026-09-10 09:00:00","CAPE","surface",-67.3176,18.2548,1775
"2026-09-09 18:00:00","2026-09-10 09:00:00","CAPE","surface",-67.2937,18.2548,1775
"2026-09-09 18:00:00","2026-09-10 09:00:00","CAPE","surface",-67.2698,18.2548,1706
"2026-09-09 18:00:00","2026-09-10 09:00:00","CAPE","surface",-67.2458,18.2548,1674
"2026-09-09 18:00:00","2026-09-10 09:00:00","CAPE","surface",-67.2219,18.2548,1499
"2026-09-09 18:00:00","2026-09-10 09:00:00","CAPE","surface",-67.198,18.2548,1499
"2026-09-09 18:00:00","2026-09-10 09:00:00","CAPE","surface",-67.1741,18.2548,1224
"2026-09-09 18:00:00","2026-09-10 09:00:00","CAPE","surface",-67.1501,18.2548,909
"2026-09-09 18:00:00","2026-09-10 09:00:00","CAPE","surface",-67.1262,18.2548,936
"2026-09-09 18:00:00","2026-09-10 09:00:00","CAPE","surface",-67.1023,18.2548,930
"2026-09-09 18:00:00","2026-09-10 09:00:00","CAPE","surface",-67.0784,18.2548,908
"2026-09-09 18:00:00","2026-09-10 09:00:00","CAPE","surface",-67.0544,18.2548,874
"2026-09-09 18:00:00","2026-09-10 09:00:00","CAPE","surface",-67.0305,18.2548,712
"2026-09-09 18:00:00","2026-09-10 09:00:00","CAPE","surface",-67.0066,18.2548,827
"2026-09-09 18:00:00","2026-09-10 09:00:00","CAPE","surface",-74.7822,18.2775,2552
"2026-09-09 18:00:00","2026-09-10 09:00:00","CAPE","surface",-74.7583,18.2775,2519
"2026-09-09 18:00:00","2026-09-10 09:00:00","CAPE","surface",-74.7344,18.2775,2400
"2026-09-09 18:00:00","2026-09-10 09:00:00","CAPE","surface",-74.7105,18.2775,2415
"2026-09-09 18:00:00","2026-09-10 09:00:00","CAPE","surface",-74.6865,18.2775,2337
"2026-09-09 18:00:00","2026-09-10 09:00:00","CAPE","surface",-74.6626,18.2775,2307
"2026-09-09 18:00:00","2026-09-10 09:00:00","CAPE","surface",-74.6387,18.2775,2278
"2026-09-09 18:00:00","2026-09-10 09:00:00","CAPE","surface",-74.6148,18.2775,2277
"2026-09-09 18:00:00","2026-09-10 09:00:00","CAPE","surface",-74.5908,18.2775,2244
"2026-09-09 18:00:00","2026-09-10 09:00:00","CAPE","surface",-74.5669,18.2775,2250
"2026-09-09 18:00:00","2026-09-10 09:00:00","CAPE","surface",-74.543,18.2775,2229
"2026-09-09 18:00:00","2026-09-10 09:00:00","CAPE","surface",-74.5191,18.2775,2232
"2026-09-09 18:00:00","2026-09-10 09:00:00","CAPE","surface",-74.4951,18.2775,2223
"2026-09-09 18:00:00","2026-09-10 09:00:00","CAPE","surface",-74.4712,18.2775,2206
"2026-09-09 18:00:00","2026-09-10 09:00:00","CAPE","surface",-74.4473,18.2775,2204
"2026-09-09 18:00:00","2026-09-10 09:00:00","CAPE","surface",-74.4234,18.2775,1974
"2026-09-09 18:00:00","2026-09-10 09:00:00","CAPE","surface",-74.3994,18.2775,2081
"2026-09-09 18:00:00","2026-09-10 09:00:00","CAPE","surface",-74.3755,18.2775,1754
"2026-09-09 18:00:00","2026-09-10 09:00:00","CAPE","surface",-74.3516,18.2775,1922
"2026-09-09 18:00:00","2026-09-10 09:00:00","CAPE","surface",-74.3277,18.2775,1733
"2026-09-09 18:00:00","2026-09-10 09:00:00","CAPE","surface",-74.3037,18.2775,1935
"2026-09-09 18:00:00","2026-09-10 09:00:00","CAPE","surface",-74.2798,18.2775,1537
"2026-09-09 18:00:00","2026-09-10 09:00:00","CAPE","surface",-74.2559,18.2775,1823
"2026-09-09 18:00:00","2026-09-10 09:00:00","CAPE","surface",-74.232,18.2775,1586
"2026-09-09 18:00:00","2026-09-10 09:00:00","CAPE","surface",-74.208,18.2775,1838
"2026-09-09 18:00:00","2026-09-10 09:00:00","CAPE","surface",-74.1841,18.2775,1438
"2026-09-09 18:00:00","2026-09-10 09:00:00","CAPE","surface",-74.1602,18.2775,1232
"2026-09-09 18:00:00","2026-09-10 09:00:00","CAPE","surface",-74.1363,18.2775,1232
"2026-09-09 18:00:00","2026-09-10 09:00:00","CAPE","surface",-74.1123,18.2775,942
"2026-09-09 18:00:00","2026-09-10 09:00:00","CAPE","surface",-74.0884,18.2775,972
"2026-09-09 18:00:00","2026-09-10 09:00:00","CAPE","surface",-74.0645,18.2775,843
"2026-09-09 18:00:00","2026-09-10 09:00:00","CAPE","surface",-74.0406,18.2775,1087
"2026-09-09 18:00:00","2026-09-10 09:00:00","CAPE","surface",-74.0166,18.2775,959
"2026-09-09 18:00:00","2026-09-10 09:00:00","CAPE","surface",-73.9927,18.2775,1121
"2026-09-09 18:00:00","2026-09-10 09:00:00","CAPE","surface",-73.9688,18.2775,1223
"2026-09-09 18:00:00","2026-09-10 09:00:00","CAPE","surface",-73.9449,18.2775,1302
"2026-09-09 18:00:00","2026-09-10 09:00:00","CAPE","surface",-73.9209,18.2775,1401
"2026-09-09 18:00:00","2026-09-10 09:00:00","CAPE","surface",-73.897,18.2775,1462
"2026-09-09 18:00:00","2026-09-10 09:00:00","CAPE","surface",-73.8731,18.2775,1406
"2026-09-09 18:00:00","2026-09-10 09:00:00","CAPE","surface",-73.8492,18.2775,1404
"2026-09-09 18:00:00","2026-09-10 09:00:00","CAPE","surface",-73.8252,18.2775,1379
"2026-09-09 18:00:00","2026-09-10 09:00:00","CAPE","surface",-73.8013,18.2775,1422
"2026-09-09 18:00:00","2026-09-10 09:00:00","CAPE","surface",-73.7774,18.2775,1472
"2026-09-09 18:00:00","2026-09-10 09:00:00","CAPE","surface",-73.7535,18.2775,1502
"2026-09-09 18:00:00","2026-09-10 09:00:00","CAPE","surface",-73.7295,18.2775,1534
"2026-09-09 18:00:00","2026-09-10 09:00:00","CAPE","surface",-73.7056,18.2775,1546
"2026-09-09 18:00:00","2026-09-10 09:00:00","CAPE","surface",-73.6817,18.2775,1509
"2026-09-09 18:00:00","2026-09-10 09:00:00","CAPE","surface",-73.6578,18.2775,1433
"2026-09-09 18:00:00","2026-09-10 09:00:00","CAPE","surface",-73.6338,18.2775,1472
"2026-09-09 18:00:00","2026-09-10 09:00:00","CAPE","surface",-73.6099,18.2775,1472
"2026-09-09 18:00:00","2026-09-10 09:00:00","CAPE","surface",-73.586,18.2775,1436
"2026-09-09 18:00:00","2026-09-10 09:00:00","CAPE","surface",-73.5621,18.2775,1439
"2026-09-09 18:00:00","2026-09-10 09:00:00","CAPE","surface",-73.5381,18.2775,1387
"2026-09-09 18:00:00","2026-09-10 09:00:00","CAPE","surface",-73.5142,18.2775,1276
"2026-09-09 18:00:00","2026-09-10 09:00:00","CAPE","surface",-73.4903,18.2775,1289
"2026-09-09 18:00:00","2026-09-10 09:00:00","CAPE","surface",-73.4664,18.2775,1207
"2026-09-09 18:00:00","2026-09-10 09:00:00","CAPE","surface",-73.4424,18.2775,1288
"2026-09-09 18:00:00","2026-09-10 09:00:00","CAPE","surface",-73.4185,18.2775,1344
"2026-09-09 18:00:00","2026-09-10 09:00:00","CAPE","surface",-73.3946,18.2775,1377
"2026-09-09 18:00:00","2026-09-10 09:00:00","CAPE","surface",-73.3707,18.2775,1394
"2026-09-09 18:00:00","2026-09-10 09:00:00","CAPE","surface",-73.3467,18.2775,1394
"2026-09-09 18:00:00","2026-09-10 09:00:00","CAPE","surface",-73.3228,18.2775,1325
"2026-09-09 18:00:00","2026-09-10 09:00:00","CAPE","surface",-73.2989,18.2775,1182
"2026-09-09 18:00:00","2026-09-10 09:00:00","CAPE","surface",-73.275,18.2775,1400
"2026-09-09 18:00:00","2026-09-10 09:00:00","CAPE","surface",-73.251,18.2775,1511
"2026-09-09 18:00:00","2026-09-10 09:00:00","CAPE","surface",-73.2271,18.2775,1519
"2026-09-09 18:00:00","2026-09-10 09:00:00","CAPE","surface",-73.2032,18.2775,1519
"2026-09-09 18:00:00","2026-09-10 09:00:00","CAPE","surface",-73.1793,18.2775,1516
"2026-09-09 18:00:00","2026-09-10 09:00:00","CAPE","surface",-73.1553,18.2775,1517
"2026-09-09 18:00:00","2026-09-10 09:00:00","CAPE","surface",-73.1314,18.2775,1457
"2026-09-09 18:00:00","2026-09-10 09:00:00","CAPE","surface",-73.1075,18.2775,1450
"2026-09-09 18:00:00","2026-09-10 09:00:00","CAPE","surface",-73.0836,18.2775,1415
"2026-09-09 18:00:00","2026-09-10 09:00:00","CAPE","surface",-73.0596,18.2775,1288
"2026-09-09 18:00:00","2026-09-10 09:00:00","CAPE","surface",-73.0357,18.2775,1101
"2026-09-09 18:00:00","2026-09-10 09:00:00","CAPE","surface",-73.0118,18.2775,1347
"2026-09-09 18:00:00","2026-09-10 09:00:00","CAPE","surface",-72.9879,18.2775,1383
"2026-09-09 18:00:00","2026-09-10 09:00:00","CAPE","surface",-72.9639,18.2775,1125
"2026-09-09 18:00:00","2026-09-10 09:00:00","CAPE","surface",-72.94,18.2775,1125
"2026-09-09 18:00:00","2026-09-10 09:00:00","CAPE","surface",-72.9161,18.2775,603
"2026-09-09 18:00:00","2026-09-10 09:00:00","CAPE","surface",-72.8922,18.2775,767
"2026-09-09 18:00:00","2026-09-10 09:00:00","CAPE","surface",-72.8682,18.2775,270
"2026-09-09 18:00:00","2026-09-10 09:00:00","CAPE","surface",-72.8443,18.2775,389
"2026-09-09 18:00:00","2026-09-10 09:00:00","CAPE","surface",-72.8204,18.2775,330
"2026-09-09 18:00:00","2026-09-10 09:00:00","CAPE","surface",-72.7965,18.2775,329
"2026-09-09 18:00:00","2026-09-10 09:00:00","CAPE","surface",-72.7725,18.2775,219
"2026-09-09 18:00:00","2026-09-10 09:00:00","CAPE","surface",-72.7486,18.2775,181
"2026-09-09 18:00:00","2026-09-10 09:00:00","CAPE","surface",-72.7247,18.2775,233
"2026-09-09 18:00:00","2026-09-10 09:00:00","CAPE","surface",-72.7008,18.2775,233
"2026-09-09 18:00:00","2026-09-10 09:00:00","CAPE","surface",-72.6768,18.2775,380
"2026-09-09 18:00:00","2026-09-10 09:00:00","CAPE","surface",-72.6529,18.2775,409
"2026-09-09 18:00:00","2026-09-10 09:00:00","CAPE","surface",-72.629,18.2775,578
"2026-09-09 18:00:00","2026-09-10 09:00:00","CAPE","surface",-72.6051,18.2775,644
"2026-09-09 18:00:00","2026-09-10 09:00:00","CAPE","surface",-72.5811,18.2775,694
"2026-09-09 18:00:00","2026-09-10 09:00:00","CAPE","surface",-72.5572,18.2775,748
"2026-09-09 18:00:00","2026-09-10 09:00:00","CAPE","surface",-72.5333,18.2775,763
"2026-09-09 18:00:00","2026-09-10 09:00:00","CAPE","surface",-72.5094,18.2775,908
"2026-09-09 18:00:00","2026-09-10 09:00:00","CAPE","surface",-72.4854,18.2775,906
"2026-09-09 18:00:00","2026-09-10 09:00:00","CAPE","surface",-72.4615,18.2775,681
"2026-09-09 18:00:00","2026-09-10 09:00:00","CAPE","surface",-72.4376,18.2775,681
"2026-09-09 18:00:00","2026-09-10 09:00:00","CAPE","surface",-72.4137,18.2775,585
"2026-09-09 18:00:00","2026-09-10 09:00:00","CAPE","surface",-72.3897,18.2775,624
"2026-09-09 18:00:00","2026-09-10 09:00:00","CAPE","surface",-72.3658,18.2775,335
"2026-09-09 18:00:00","2026-09-10 09:00:00","CAPE","surface",-72.3419,18.2775,490
"2026-09-09 18:00:00","2026-09-10 09:00:00","CAPE","surface",-72.318,18.2775,181
"2026-09-09 18:00:00","2026-09-10 09:00:00","CAPE","surface",-72.294,18.2775,311
"2026-09-09 18:00:00","2026-09-10 09:00:00","CAPE","surface",-72.2701,18.2775,0
"2026-09-09 18:00:00","2026-09-10 09:00:00","CAPE","surface",-72.2462,18.2775,81
"2026-09-09 18:00:00","2026-09-10 09:00:00","CAPE","surface",-72.2223,18.2775,0
"2026-09-09 18:00:00","2026-09-10 09:00:00","CAPE","surface",-72.1983,18.2775,0
"2026-09-09 18:00:00","2026-09-10 09:00:00","CAPE","surface",-72.1744,18.2775,0
"2026-09-09 18:00:00","2026-09-10 09:00:00","CAPE","surface",-72.1505,18.2775,0
"2026-09-09 18:00:00","2026-09-10 09:00:00","CAPE","surface",-72.1266,18.2775,0
"2026-09-09 18:00:00","2026-09-10 09:00:00","CAPE","surface",-72.1026,18.2775,0
"2026-09-09 18:00:00","2026-09-10 09:00:00","CAPE","surface",-72.0787,18.2775,187
"2026-09-09 18:00:00","2026-09-10 09:00:00","CAPE","surface",-72.0548,18.2775,0
"2026-09-09 18:00:00","2026-09-10 09:00:00","CAPE","surface",-72.0309,18.2775,70
"2026-09-09 18:00:00","2026-09-10 09:00:00","CAPE","surface",-72.0069,18.2775,32
"2026-09-09 18:00:00","2026-09-10 09:00:00","CAPE","surface",-71.983,18.2775,270
"2026-09-09 18:00:00","2026-09-10 09:00:00","CAPE","surface",-71.9591,18.2775,21
"2026-09-09 18:00:00","2026-09-10 09:00:00","CAPE","surface",-71.9352,18.2775,21
"2026-09-09 18:00:00","2026-09-10 09:00:00","CAPE","surface",-71.9112,18.2775,133
"2026-09-09 18:00:00","2026-09-10 09:00:00","CAPE","surface",-71.8873,18.2775,57
"2026-09-09 18:00:00","2026-09-10 09:00:00","CAPE","surface",-71.8634,18.2775,44
"2026-09-09 18:00:00","2026-09-10 09:00:00","CAPE","surface",-71.8395,18.2775,59
"2026-09-09 18:00:00","2026-09-10 09:00:00","CAPE","surface",-71.8155,18.2775,59
"2026-09-09 18:00:00","2026-09-10 09:00:00","CAPE","surface",-71.7916,18.2775,68
"2026-09-09 18:00:00","2026-09-10 09:00:00","CAPE","surface",-71.7677,18.2775,60
"2026-09-09 18:00:00","2026-09-10 09:00:00","CAPE","surface",-71.7438,18.2775,77
"2026-09-09 18:00:00","2026-09-10 09:00:00","CAPE","surface",-71.7198,18.2775,90
"2026-09-09 18:00:00","2026-09-10 09:00:00","CAPE","surface",-71.6959,18.2775,211
"2026-09-09 18:00:00","2026-09-10 09:00:00","CAPE","surface",-71.672,18.2775,223
"2026-09-09 18:00:00","2026-09-10 09:00:00","CAPE","surface",-71.6481,18.2775,656
"2026-09-09 18:00:00","2026-09-10 09:00:00","CAPE","surface",-71.6241,18.2775,825
"2026-09-09 18:00:00","2026-09-10 09:00:00","CAPE","surface",-71.6002,18.2775,882
"2026-09-09 18:00:00","2026-09-10 09:00:00","CAPE","surface",-71.5763,18.2775,882
"2026-09-09 18:00:00","2026-09-10 09:00:00","CAPE","surface",-71.5524,18.2775,654
"2026-09-09 18:00:00","2026-09-10 09:00:00","CAPE","surface",-71.5284,18.2775,629
"2026-09-09 18:00:00","2026-09-10 09:00:00","CAPE","surface",-71.5045,18.2775,694
"2026-09-09 18:00:00","2026-09-10 09:00:00","CAPE","surface",-71.4806,18.2775,793
"2026-09-09 18:00:00","2026-09-10 09:00:00","CAPE","surface",-71.4567,18.2775,793
"2026-09-09 18:00:00","2026-09-10 09:00:00","CAPE","surface",-71.4327,18.2775,811
"2026-09-09 18:00:00","2026-09-10 09:00:00","CAPE","surface",-71.4088,18.2775,827
"2026-09-09 18:00:00","2026-09-10 09:00:00","CAPE","surface",-71.3849,18.2775,805
"2026-09-09 18:00:00","2026-09-10 09:00:00","CAPE","surface",-71.361,18.2775,825
"2026-09-09 18:00:00","2026-09-10 09:00:00","CAPE","surface",-71.337,18.2775,904
"2026-09-09 18:00:00","2026-09-10 09:00:00","CAPE","surface",-71.3131,18.2775,1009
"2026-09-09 18:00:00","2026-09-10 09:00:00","CAPE","surface",-71.2892,18.2775,1211
"2026-09-09 18:00:00","2026-09-10 09:00:00","CAPE","surface",-71.2653,18.2775,1299
"2026-09-09 18:00:00","2026-09-10 09:00:00","CAPE","surface",-71.2413,18.2775,1037
"2026-09-09 18:00:00","2026-09-10 09:00:00","CAPE","surface",-71.2174,18.2775,884
"2026-09-09 18:00:00","2026-09-10 09:00:00","CAPE","surface",-71.1935,18.2775,875
"2026-09-09 18:00:00","2026-09-10 09:00:00","CAPE","surface",-71.1696,18.2775,911
"2026-09-09 18:00:00","2026-09-10 09:00:00","CAPE","surface",-71.1456,18.2775,946
"2026-09-09 18:00:00","2026-09-10 09:00:00","CAPE","surface",-71.1217,18.2775,1047
"2026-09-09 18:00:00","2026-09-10 09:00:00","CAPE","surface",-71.0978,18.2775,1047
"2026-09-09 18:00:00","2026-09-10 09:00:00","CAPE","surface",-71.0739,18.2775,1031
"2026-09-09 18:00:00","2026-09-10 09:00:00","CAPE","surface",-71.0499,18.2775,1204
"2026-09-09 18:00:00","2026-09-10 09:00:00","CAPE","surface",-71.026,18.2775,1144
"2026-09-09 18:00:00","2026-09-10 09:00:00","CAPE","surface",-71.0021,18.2775,1252
"2026-09-09 18:00:00","2026-09-10 09:00:00","CAPE","surface",-70.9782,18.2775,895
"2026-09-09 18:00:00","2026-09-10 09:00:00","CAPE","surface",-70.9542,18.2775,767
"2026-09-09 18:00:00","2026-09-10 09:00:00","CAPE","surface",-70.9303,18.2775,990
"2026-09-09 18:00:00","2026-09-10 09:00:00","CAPE","surface",-70.9064,18.2775,1123
"2026-09-09 18:00:00","2026-09-10 09:00:00","CAPE","surface",-70.8825,18.2775,1123
"2026-09-09 18:00:00","2026-09-10 09:00:00","CAPE","surface",-70.8585,18.2775,1407
"2026-09-09 18:00:00","2026-09-10 09:00:00","CAPE","surface",-70.8346,18.2775,1532
"2026-09-09 18:00:00","2026-09-10 09:00:00","CAPE","surface",-70.8107,18.2775,1530
"2026-09-09 18:00:00","2026-09-10 09:00:00","CAPE","surface",-70.7868,18.2775,1504
"2026-09-09 18:00:00","2026-09-10 09:00:00","CAPE","surface",-70.7628,18.2775,1526
"2026-09-09 18:00:00","2026-09-10 09:00:00","CAPE","surface",-70.7389,18.2775,1482
"2026-09-09 18:00:00","2026-09-10 09:00:00","CAPE","surface",-70.715,18.2775,1447
"2026-09-09 18:00:00","2026-09-10 09:00:00","CAPE","surface",-70.6911,18.2775,1423
"2026-09-09 18:00:00","2026-09-10 09:00:00","CAPE","surface",-70.6671,18.2775,1294
"2026-09-09 18:00:00","2026-09-10 09:00:00","CAPE","surface",-70.6432,18.2775,1389
"2026-09-09 18:00:00","2026-09-10 09:00:00","CAPE","surface",-70.6193,18.2775,1213
"2026-09-09 18:00:00","2026-09-10 09:00:00","CAPE","surface",-70.5954,18.2775,1123
"2026-09-09 18:00:00","2026-09-10 09:00:00","CAPE","surface",-70.5714,18.2775,856
"2026-09-09 18:00:00","2026-09-10 09:00:00","CAPE","surface",-70.5475,18.2775,860
"2026-09-09 18:00:00","2026-09-10 09:00:00","CAPE","surface",-70.5236,18.2775,860
"2026-09-09 18:00:00","2026-09-10 09:00:00","CAPE","surface",-70.4997,18.2775,904
"2026-09-09 18:00:00","2026-09-10 09:00:00","CAPE","surface",-70.4757,18.2775,909
"2026-09-09 18:00:00","2026-09-10 09:00:00","CAPE","surface",-70.4518,18.2775,916
"2026-09-09 18:00:00","2026-09-10 09:00:00","CAPE","surface",-70.4279,18.2775,912
"2026-09-09 18:00:00","2026-09-10 09:00:00","CAPE","surface",-70.404,18.2775,994
"2026-09-09 18:00:00","2026-09-10 09:00:00","CAPE","surface",-70.38,18.2775,1041
"2026-09-09 18:00:00","2026-09-10 09:00:00","CAPE","surface",-70.3561,18.2775,1050
"2026-09-09 18:00:00","2026-09-10 09:00:00","CAPE","surface",-70.3322,18.2775,1033
"2026-09-09 18:00:00","2026-09-10 09:00:00","CAPE","surface",-70.3083,18.2775,1033
"2026-09-09 18:00:00","2026-09-10 09:00:00","CAPE","surface",-70.2843,18.2775,1060
"2026-09-09 18:00:00","2026-09-10 09:00:00","CAPE","surface",-70.2604,18.2775,1111
"2026-09-09 18:00:00","2026-09-10 09:00:00","CAPE","surface",-70.2365,18.2775,1143
"2026-09-09 18:00:00","2026-09-10 09:00:00","CAPE","surface",-70.2126,18.2775,1189
"2026-09-09 18:00:00","2026-09-10 09:00:00","CAPE","surface",-70.1886,18.2775,1180
"2026-09-09 18:00:00","2026-09-10 09:00:00","CAPE","surface",-70.1647,18.2775,1188
"2026-09-09 18:00:00","2026-09-10 09:00:00","CAPE","surface",-70.1408,18.2775,1237
"2026-09-09 18:00:00","2026-09-10 09:00:00","CAPE","surface",-70.1169,18.2775,1376
"2026-09-09 18:00:00","2026-09-10 09:00:00","CAPE","surface",-70.0929,18.2775,1899
"2026-09-09 18:00:00","2026-09-10 09:00:00","CAPE","surface",-70.069,18.2775,1861
"2026-09-09 18:00:00","2026-09-10 09:00:00","CAPE","surface",-70.0451,18.2775,2149
"2026-09-09 18:00:00","2026-09-10 09:00:00","CAPE","surface",-70.0212,18.2775,2235
"2026-09-09 18:00:00","2026-09-10 09:00:00","CAPE","surface",-69.9972,18.2775,2295
"2026-09-09 18:00:00","2026-09-10 09:00:00","CAPE","surface",-69.9733,18.2775,2243
"2026-09-09 18:00:00","2026-09-10 09:00:00","CAPE","surface",-69.9494,18.2775,2295
"2026-09-09 18:00:00","2026-09-10 09:00:00","CAPE","surface",-69.9255,18.2775,2385
"2026-09-09 18:00:00","2026-09-10 09:00:00","CAPE","surface",-69.9015,18.2775,2407
"2026-09-09 18:00:00","2026-09-10 09:00:00","CAPE","surface",-69.8776,18.2775,2505
"2026-09-09 18:00:00","2026-09-10 09:00:00","CAPE","surface",-69.8537,18.2775,2461
"2026-09-09 18:00:00","2026-09-10 09:00:00","CAPE","surface",-69.8298,18.2775,2542
"2026-09-09 18:00:00","2026-09-10 09:00:00","CAPE","surface",-69.8058,18.2775,2613
"2026-09-09 18:00:00","2026-09-10 09:00:00","CAPE","surface",-69.7819,18.2775,2694
"2026-09-09 18:00:00","2026-09-10 09:00:00","CAPE","surface",-69.758,18.2775,2681
"2026-09-09 18:00:00","2026-09-10 09:00:00","CAPE","surface",-69.7341,18.2775,2747
"2026-09-09 18:00:00","2026-09-10 09:00:00","CAPE","surface",-69.7101,18.2775,2779
"2026-09-09 18:00:00","2026-09-10 09:00:00","CAPE","surface",-69.6862,18.2775,2802
"2026-09-09 18:00:00","2026-09-10 09:00:00","CAPE","surface",-69.6623,18.2775,2856
"2026-09-09 18:00:00","2026-09-10 09:00:00","CAPE","surface",-69.6384,18.2775,2849
"2026-09-09 18:00:00","2026-09-10 09:00:00","CAPE","surface",-69.6144,18.2775,2880
"2026-09-09 18:00:00","2026-09-10 09:00:00","CAPE","surface",-69.5905,18.2775,2885
"2026-09-09 18:00:00","2026-09-10 09:00:00","CAPE","surface",-69.5666,18.2775,2860
"2026-09-09 18:00:00","2026-09-10 09:00:00","CAPE","surface",-69.5427,18.2775,2784
"2026-09-09 18:00:00","2026-09-10 09:00:00","CAPE","surface",-69.5187,18.2775,2784
"2026-09-09 18:00:00","2026-09-10 09:00:00","CAPE","surface",-69.4948,18.2775,2800
"2026-09-09 18:00:00","2026-09-10 09:00:00","CAPE","surface",-69.4709,18.2775,2838
"2026-09-09 18:00:00","2026-09-10 09:00:00","CAPE","surface",-69.447,18.2775,2816
"2026-09-09 18:00:00","2026-09-10 09:00:00","CAPE","surface",-69.423,18.2775,2809
"2026-09-09 18:00:00","2026-09-10 09:00:00","CAPE","surface",-69.3991,18.2775,2783
"2026-09-09 18:00:00","2026-09-10 09:00:00","CAPE","surface",-69.3752,18.2775,2666
"2026-09-09 18:00:00","2026-09-10 09:00:00","CAPE","surface",-69.3513,18.2775,2496
"2026-09-09 18:00:00","2026-09-10 09:00:00","CAPE","surface",-69.3273,18.2775,2116
"2026-09-09 18:00:00","2026-09-10 09:00:00","CAPE","surface",-69.3034,18.2775,2116
"2026-09-09 18:00:00","2026-09-10 09:00:00","CAPE","surface",-69.2795,18.2775,1876
"2026-09-09 18:00:00","2026-09-10 09:00:00","CAPE","surface",-69.2556,18.2775,1888
"2026-09-09 18:00:00","2026-09-10 09:00:00","CAPE","surface",-69.2316,18.2775,1975
"2026-09-09 18:00:00","2026-09-10 09:00:00","CAPE","surface",-69.2077,18.2775,1955
"2026-09-09 18:00:00","2026-09-10 09:00:00","CAPE","surface",-69.1838,18.2775,2042
"2026-09-09 18:00:00","2026-09-10 09:00:00","CAPE","surface",-69.1599,18.2775,2085
"2026-09-09 18:00:00","2026-09-10 09:00:00","CAPE","surface",-69.1359,18.2775,2178
"2026-09-09 18:00:00","2026-09-10 09:00:00","CAPE","surface",-69.112,18.2775,2204
"2026-09-09 18:00:00","2026-09-10 09:00:00","CAPE","surface",-69.0881,18.2775,2204
"2026-09-09 18:00:00","2026-09-10 09:00:00","CAPE","surface",-69.0642,18.2775,2293
"2026-09-09 18:00:00","2026-09-10 09:00:00","CAPE","surface",-69.0402,18.2775,2354
"2026-09-09 18:00:00","2026-09-10 09:00:00","CAPE","surface",-69.0163,18.2775,2420
"2026-09-09 18:00:00","2026-09-10 09:00:00","CAPE","surface",-68.9924,18.2775,2383
"2026-09-09 18:00:00","2026-09-10 09:00:00","CAPE","surface",-68.9685,18.2775,2411
"2026-09-09 18:00:00","2026-09-10 09:00:00","CAPE","surface",-68.9445,18.2775,2424
"2026-09-09 18:00:00","2026-09-10 09:00:00","CAPE","surface",-68.9206,18.2775,2425
"2026-09-09 18:00:00","2026-09-10 09:00:00","CAPE","surface",-68.8967,18.2775,2414
"2026-09-09 18:00:00","2026-09-10 09:00:00","CAPE","surface",-68.8728,18.2775,2377
"2026-09-09 18:00:00","2026-09-10 09:00:00","CAPE","surface",-68.8488,18.2775,2325
"2026-09-09 18:00:00","2026-09-10 09:00:00","CAPE","surface",-68.8249,18.2775,2244
"2026-09-09 18:00:00","2026-09-10 09:00:00","CAPE","surface",-68.801,18.2775,2171
"2026-09-09 18:00:00","2026-09-10 09:00:00","CAPE","surface",-68.7771,18.2775,2101
"2026-09-09 18:00:00","2026-09-10 09:00:00","CAPE","surface",-68.7531,18.2775,2023
"2026-09-09 18:00:00","2026-09-10 09:00:00","CAPE","surface",-68.7292,18.2775,1951
"2026-09-09 18:00:00","2026-09-10 09:00:00","CAPE","surface",-68.7053,18.2775,1868
"2026-09-09 18:00:00","2026-09-10 09:00:00","CAPE","surface",-68.6813,18.2775,1903
"2026-09-09 18:00:00","2026-09-10 09:00:00","CAPE","surface",-68.6574,18.2775,1956
"2026-09-09 18:00:00","2026-09-10 09:00:00","CAPE","surface",-68.6335,18.2775,2086
"2026-09-09 18:00:00","2026-09-10 09:00:00","CAPE","surface",-68.6096,18.2775,2326
"2026-09-09 18:00:00","2026-09-10 09:00:00","CAPE","surface",-68.5856,18.2775,2332
"2026-09-09 18:00:00","2026-09-10 09:00:00","CAPE","surface",-68.5617,18.2775,2320
"2026-09-09 18:00:00","2026-09-10 09:00:00","CAPE","surface",-68.5378,18.2775,2277
"2026-09-09 18:00:00","2026-09-10 09:00:00","CAPE","surface",-68.5139,18.2775,2236
"2026-09-09 18:00:00","2026-09-10 09:00:00","CAPE","surface",-68.4899,18.2775,2204
"2026-09-09 18:00:00","2026-09-10 09:00:00","CAPE","surface",-68.466,18.2775,2204
"2026-09-09 18:00:00","2026-09-10 09:00:00","CAPE","surface",-68.4421,18.2775,2168
"2026-09-09 18:00:00","2026-09-10 09:00:00","CAPE","surface",-68.4182,18.2775,2152
"2026-09-09 18:00:00","2026-09-10 09:00:00","CAPE","surface",-68.3942,18.2775,2151
"2026-09-09 18:00:00","2026-09-10 09:00:00","CAPE","surface",-68.3703,18.2775,2151
"2026-09-09 18:00:00","2026-09-10 09:00:00","CAPE","surface",-68.3464,18.2775,2170
"2026-09-09 18:00:00","2026-09-10 09:00:00","CAPE","surface",-68.3225,18.2775,2092
"2026-09-09 18:00:00","2026-09-10 09:00:00","CAPE","surface",-68.2985,18.2775,2076
"2026-09-09 18:00:00","2026-09-10 09:00:00","CAPE","surface",-68.2746,18.2775,2100
"2026-09-09 18:00:00","2026-09-10 09:00:00","CAPE","surface",-68.2507,18.2775,2100
"2026-09-09 18:00:00","2026-09-10 09:00:00","CAPE","surface",-68.2268,18.2775,2070
"2026-09-09 18:00:00","2026-09-10 09:00:00","CAPE","surface",-68.2028,18.2775,2017
"2026-09-09 18:00:00","2026-09-10 09:00:00","CAPE","surface",-68.1789,18.2775,2011
"2026-09-09 18:00:00","2026-09-10 09:00:00","CAPE","surface",-68.155,18.2775,2011
"2026-09-09 18:00:00","2026-09-10 09:00:00","CAPE","surface",-68.1311,18.2775,2051
"2026-09-09 18:00:00","2026-09-10 09:00:00","CAPE","surface",-68.1071,18.2775,2097
"2026-09-09 18:00:00","2026-09-10 09:00:00","CAPE","surface",-68.0832,18.2775,2142
"2026-09-09 18:00:00","2026-09-10 09:00:00","CAPE","surface",-68.0593,18.2775,2090
"2026-09-09 18:00:00","2026-09-10 09:00:00","CAPE","surface",-68.0354,18.2775,2100
"2026-09-09 18:00:00","2026-09-10 09:00:00","CAPE","surface",-68.0114,18.2775,2043
"2026-09-09 18:00:00","2026-09-10 09:00:00","CAPE","surface",-67.9875,18.2775,2018
"2026-09-09 18:00:00","2026-09-10 09:00:00","CAPE","surface",-67.9636,18.2775,2026
"2026-09-09 18:00:00","2026-09-10 09:00:00","CAPE","surface",-67.9397,18.2775,2045
"2026-09-09 18:00:00","2026-09-10 09:00:00","CAPE","surface",-67.9157,18.2775,2060
"2026-09-09 18:00:00","2026-09-10 09:00:00","CAPE","surface",-67.8918,18.2775,2046
"2026-09-09 18:00:00","2026-09-10 09:00:00","CAPE","surface",-67.8679,18.2775,2081
"2026-09-09 18:00:00","2026-09-10 09:00:00","CAPE","surface",-67.844,18.2775,2014
"2026-09-09 18:00:00","2026-09-10 09:00:00","CAPE","surface",-67.82,18.2775,2058
"2026-09-09 18:00:00","2026-09-10 09:00:00","CAPE","surface",-67.7961,18.2775,1964
"2026-09-09 18:00:00","2026-09-10 09:00:00","CAPE","surface",-67.7722,18.2775,2007
"2026-09-09 18:00:00","2026-09-10 09:00:00","CAPE","surface",-67.7483,18.2775,1903
"2026-09-09 18:00:00","2026-09-10 09:00:00","CAPE","surface",-67.7243,18.2775,1863
"2026-09-09 18:00:00","2026-09-10 09:00:00","CAPE","surface",-67.7004,18.2775,1878
"2026-09-09 18:00:00","2026-09-10 09:00:00","CAPE","surface",-67.6765,18.2775,1853
"2026-09-09 18:00:00","2026-09-10 09:00:00","CAPE","surface",-67.6526,18.2775,1853
"2026-09-09 18:00:00","2026-09-10 09:00:00","CAPE","surface",-67.6286,18.2775,1863
"2026-09-09 18:00:00","2026-09-10 09:00:00","CAPE","surface",-67.6047,18.2775,1853
"2026-09-09 18:00:00","2026-09-10 09:00:00","CAPE","surface",-67.5808,18.2775,1826
"2026-09-09 18:00:00","2026-09-10 09:00:00","CAPE","surface",-67.5569,18.2775,1853
"2026-09-09 18:00:00","2026-09-10 09:00:00","CAPE","surface",-67.5329,18.2775,1806
"2026-09-09 18:00:00","2026-09-10 09:00:00","CAPE","surface",-67.509,18.2775,1827
"2026-09-09 18:00:00","2026-09-10 09:00:00","CAPE","surface",-67.4851,18.2775,1808
"2026-09-09 18:00:00","2026-09-10 09:00:00","CAPE","surface",-67.4612,18.2775,1867
"2026-09-09 18:00:00","2026-09-10 09:00:00","CAPE","surface",-67.4372,18.2775,1831
"2026-09-09 18:00:00","2026-09-10 09:00:00","CAPE","surface",-67.4133,18.2775,1829
"2026-09-09 18:00:00","2026-09-10 09:00:00","CAPE","surface",-67.3894,18.2775,1829
"2026-09-09 18:00:00","2026-09-10 09:00:00","CAPE","surface",-67.3655,18.2775,1790
"2026-09-09 18:00:00","2026-09-10 09:00:00","CAPE","surface",-67.3415,18.2775,1806
"2026-09-09 18:00:00","2026-09-10 09:00:00","CAPE","surface",-67.3176,18.2775,1787
"2026-09-09 18:00:00","2026-09-10 09:00:00","CAPE","surface",-67.2937,18.2775,1716
"2026-09-09 18:00:00","2026-09-10 09:00:00","CAPE","surface",-67.2698,18.2775,1706
"2026-09-09 18:00:00","2026-09-10 09:00:00","CAPE","surface",-67.2458,18.2775,1497
"2026-09-09 18:00:00","2026-09-10 09:00:00","CAPE","surface",-67.2219,18.2775,1242
"2026-09-09 18:00:00","2026-09-10 09:00:00","CAPE","surface",-67.198,18.2775,1325
"2026-09-09 18:00:00","2026-09-10 09:00:00","CAPE","surface",-67.1741,18.2775,904
"2026-09-09 18:00:00","2026-09-10 09:00:00","CAPE","surface",-67.1501,18.2775,904
"2026-09-09 18:00:00","2026-09-10 09:00:00","CAPE","surface",-67.1262,18.2775,919
"2026-09-09 18:00:00","2026-09-10 09:00:00","CAPE","surface",-67.1023,18.2775,930
"2026-09-09 18:00:00","2026-09-10 09:00:00","CAPE","surface",-67.0784,18.2775,912
"2026-09-09 18:00:00","2026-09-10 09:00:00","CAPE","surface",-67.0544,18.2775,952
"2026-09-09 18:00:00","2026-09-10 09:00:00","CAPE","surface",-67.0305,18.2775,898
"2026-09-09 18:00:00","2026-09-10 09:00:00","CAPE","surface",-67.0066,18.2775,911
"2026-09-09 18:00:00","2026-09-10 09:00:00","CAPE","surface",-74.7822,18.3002,2526
"2026-09-09 18:00:00","2026-09-10 09:00:00","CAPE","surface",-74.7583,18.3002,2556
"2026-09-09 18:00:00","2026-09-10 09:00:00","CAPE","surface",-74.7344,18.3002,2454
"2026-09-09 18:00:00","2026-09-10 09:00:00","CAPE","surface",-74.7105,18.3002,2415
"2026-09-09 18:00:00","2026-09-10 09:00:00","CAPE","surface",-74.6865,18.3002,2340
"2026-09-09 18:00:00","2026-09-10 09:00:00","CAPE","surface",-74.6626,18.3002,2307
"2026-09-09 18:00:00","2026-09-10 09:00:00","CAPE","surface",-74.6387,18.3002,2314
"2026-09-09 18:00:00","2026-09-10 09:00:00","CAPE","surface",-74.6148,18.3002,2262
"2026-09-09 18:00:00","2026-09-10 09:00:00","CAPE","surface",-74.5908,18.3002,2273
"2026-09-09 18:00:00","2026-09-10 09:00:00","CAPE","surface",-74.5669,18.3002,2212
"2026-09-09 18:00:00","2026-09-10 09:00:00","CAPE","surface",-74.543,18.3002,2232
"2026-09-09 18:00:00","2026-09-10 09:00:00","CAPE","surface",-74.5191,18.3002,2157
"2026-09-09 18:00:00","2026-09-10 09:00:00","CAPE","surface",-74.4951,18.3002,2157
"2026-09-09 18:00:00","2026-09-10 09:00:00","CAPE","surface",-74.4712,18.3002,1730
"2026-09-09 18:00:00","2026-09-10 09:00:00","CAPE","surface",-74.4473,18.3002,1837
"2026-09-09 18:00:00","2026-09-10 09:00:00","CAPE","surface",-74.4234,18.3002,1412
"2026-09-09 18:00:00","2026-09-10 09:00:00","CAPE","surface",-74.3994,18.3002,1564
"2026-09-09 18:00:00","2026-09-10 09:00:00","CAPE","surface",-74.3755,18.3002,1120
"2026-09-09 18:00:00","2026-09-10 09:00:00","CAPE","surface",-74.3516,18.3002,1120
"2026-09-09 18:00:00","2026-09-10 09:00:00","CAPE","surface",-74.3277,18.3002,895
"2026-09-09 18:00:00","2026-09-10 09:00:00","CAPE","surface",-74.3037,18.3002,1148
"2026-09-09 18:00:00","2026-09-10 09:00:00","CAPE","surface",-74.2798,18.3002,1013
"2026-09-09 18:00:00","2026-09-10 09:00:00","CAPE","surface",-74.2559,18.3002,1362
"2026-09-09 18:00:00","2026-09-10 09:00:00","CAPE","surface",-74.232,18.3002,842
"2026-09-09 18:00:00","2026-09-10 09:00:00","CAPE","surface",-74.208,18.3002,962
"2026-09-09 18:00:00","2026-09-10 09:00:00","CAPE","surface",-74.1841,18.3002,750
"2026-09-09 18:00:00","2026-09-10 09:00:00","CAPE","surface",-74.1602,18.3002,897
"2026-09-09 18:00:00","2026-09-10 09:00:00","CAPE","surface",-74.1363,18.3002,847
"2026-09-09 18:00:00","2026-09-10 09:00:00","CAPE","surface",-74.1123,18.3002,942
"2026-09-09 18:00:00","2026-09-10 09:00:00","CAPE","surface",-74.0884,18.3002,611
"2026-09-09 18:00:00","2026-09-10 09:00:00","CAPE","surface",-74.0645,18.3002,642
"2026-09-09 18:00:00","2026-09-10 09:00:00","CAPE","surface",-74.0406,18.3002,601
"2026-09-09 18:00:00","2026-09-10 09:00:00","CAPE","surface",-74.0166,18.3002,959
"2026-09-09 18:00:00","2026-09-10 09:00:00","CAPE","surface",-73.9927,18.3002,1011
"2026-09-09 18:00:00","2026-09-10 09:00:00","CAPE","surface",-73.9688,18.3002,1223
"2026-09-09 18:00:00","2026-09-10 09:00:00","CAPE","surface",-73.9449,18.3002,1158
"2026-09-09 18:00:00","2026-09-10 09:00:00","CAPE","surface",-73.9209,18.3002,1213
"2026-09-09 18:00:00","2026-09-10 09:00:00","CAPE","surface",-73.897,18.3002,1389
"2026-09-09 18:00:00","2026-09-10 09:00:00","CAPE","surface",-73.8731,18.3002,1406
"2026-09-09 18:00:00","2026-09-10 09:00:00","CAPE","surface",-73.8492,18.3002,1356
"2026-09-09 18:00:00","2026-09-10 09:00:00","CAPE","surface",-73.8252,18.3002,1353
"2026-09-09 18:00:00","2026-09-10 09:00:00","CAPE","surface",-73.8013,18.3002,1353
"2026-09-09 18:00:00","2026-09-10 09:00:00","CAPE","surface",-73.7774,18.3002,1445
"2026-09-09 18:00:00","2026-09-10 09:00:00","CAPE","surface",-73.7535,18.3002,1495
"2026-09-09 18:00:00","2026-09-10 09:00:00","CAPE","surface",-73.7295,18.3002,1560
"2026-09-09 18:00:00","2026-09-10 09:00:00","CAPE","surface",-73.7056,18.3002,1566
"2026-09-09 18:00:00","2026-09-10 09:00:00","CAPE","surface",-73.6817,18.3002,1579
"2026-09-09 18:00:00","2026-09-10 09:00:00","CAPE","surface",-73.6578,18.3002,1470
"2026-09-09 18:00:00","2026-09-10 09:00:00","CAPE","surface",-73.6338,18.3002,1407
"2026-09-09 18:00:00","2026-09-10 09:00:00","CAPE","surface",-73.6099,18.3002,1420
"2026-09-09 18:00:00","2026-09-10 09:00:00","CAPE","surface",-73.586,18.3002,1385
"2026-09-09 18:00:00","2026-09-10 09:00:00","CAPE","surface",-73.5621,18.3002,1388
"2026-09-09 18:00:00","2026-09-10 09:00:00","CAPE","surface",-73.5381,18.3002,1306
"2026-09-09 18:00:00","2026-09-10 09:00:00","CAPE","surface",-73.5142,18.3002,1290
"2026-09-09 18:00:00","2026-09-10 09:00:00","CAPE","surface",-73.4903,18.3002,1194
"2026-09-09 18:00:00","2026-09-10 09:00:00","CAPE","surface",-73.4664,18.3002,1207
"2026-09-09 18:00:00","2026-09-10 09:00:00","CAPE","surface",-73.4424,18.3002,1268
"2026-09-09 18:00:00","2026-09-10 09:00:00","CAPE","surface",-73.4185,18.3002,1268
"2026-09-09 18:00:00","2026-09-10 09:00:00","CAPE","surface",-73.3946,18.3002,1336
"2026-09-09 18:00:00","2026-09-10 09:00:00","CAPE","surface",-73.3707,18.3002,1366
"2026-09-09 18:00:00","2026-09-10 09:00:00","CAPE","surface",-73.3467,18.3002,1396
"2026-09-09 18:00:00","2026-09-10 09:00:00","CAPE","surface",-73.3228,18.3002,1325
"2026-09-09 18:00:00","2026-09-10 09:00:00","CAPE","surface",-73.2989,18.3002,1187
"2026-09-09 18:00:00","2026-09-10 09:00:00","CAPE","surface",-73.275,18.3002,1211
"2026-09-09 18:00:00","2026-09-10 09:00:00","CAPE","surface",-73.251,18.3002,1378
"2026-09-09 18:00:00","2026-09-10 09:00:00","CAPE","surface",-73.2271,18.3002,1403
"2026-09-09 18:00:00","2026-09-10 09:00:00","CAPE","surface",-73.2032,18.3002,1468
"2026-09-09 18:00:00","2026-09-10 09:00:00","CAPE","surface",-73.1793,18.3002,1488
"2026-09-09 18:00:00","2026-09-10 09:00:00","CAPE","surface",-73.1553,18.3002,1488
"2026-09-09 18:00:00","2026-09-10 09:00:00","CAPE","surface",-73.1314,18.3002,1480
"2026-09-09 18:00:00","2026-09-10 09:00:00","CAPE","surface",-73.1075,18.3002,1461
"2026-09-09 18:00:00","2026-09-10 09:00:00","CAPE","surface",-73.0836,18.3002,1295
"2026-09-09 18:00:00","2026-09-10 09:00:00","CAPE","surface",-73.0596,18.3002,986
"2026-09-09 18:00:00","2026-09-10 09:00:00","CAPE","surface",-73.0357,18.3002,1235
"2026-09-09 18:00:00","2026-09-10 09:00:00","CAPE","surface",-73.0118,18.3002,1235
"2026-09-09 18:00:00","2026-09-10 09:00:00","CAPE","surface",-72.9879,18.3002,926
"2026-09-09 18:00:00","2026-09-10 09:00:00","CAPE","surface",-72.9639,18.3002,993
"2026-09-09 18:00:00","2026-09-10 09:00:00","CAPE","surface",-72.94,18.3002,588
"2026-09-09 18:00:00","2026-09-10 09:00:00","CAPE","surface",-72.9161,18.3002,603
"2026-09-09 18:00:00","2026-09-10 09:00:00","CAPE","surface",-72.8922,18.3002,332
"2026-09-09 18:00:00","2026-09-10 09:00:00","CAPE","surface",-72.8682,18.3002,266
"2026-09-09 18:00:00","2026-09-10 09:00:00","CAPE","surface",-72.8443,18.3002,253
"2026-09-09 18:00:00","2026-09-10 09:00:00","CAPE","surface",-72.8204,18.3002,330
"2026-09-09 18:00:00","2026-09-10 09:00:00","CAPE","surface",-72.7965,18.3002,389
"2026-09-09 18:00:00","2026-09-10 09:00:00","CAPE","surface",-72.7725,18.3002,538
"2026-09-09 18:00:00","2026-09-10 09:00:00","CAPE","surface",-72.7486,18.3002,236
"2026-09-09 18:00:00","2026-09-10 09:00:00","CAPE","surface",-72.7247,18.3002,243
"2026-09-09 18:00:00","2026-09-10 09:00:00","CAPE","surface",-72.7008,18.3002,305
"2026-09-09 18:00:00","2026-09-10 09:00:00","CAPE","surface",-72.6768,18.3002,686
"2026-09-09 18:00:00","2026-09-10 09:00:00","CAPE","surface",-72.6529,18.3002,659
"2026-09-09 18:00:00","2026-09-10 09:00:00","CAPE","surface",-72.629,18.3002,816
"2026-09-09 18:00:00","2026-09-10 09:00:00","CAPE","surface",-72.6051,18.3002,698
"2026-09-09 18:00:00","2026-09-10 09:00:00","CAPE","surface",-72.5811,18.3002,732
"2026-09-09 18:00:00","2026-09-10 09:00:00","CAPE","surface",-72.5572,18.3002,748
"2026-09-09 18:00:00","2026-09-10 09:00:00","CAPE","surface",-72.5333,18.3002,867
"2026-09-09 18:00:00","2026-09-10 09:00:00","CAPE","surface",-72.5094,18.3002,867
"2026-09-09 18:00:00","2026-09-10 09:00:00","CAPE","surface",-72.4854,18.3002,799
"2026-09-09 18:00:00","2026-09-10 09:00:00","CAPE","surface",-72.4615,18.3002,702
"2026-09-09 18:00:00","2026-09-10 09:00:00","CAPE","surface",-72.4376,18.3002,541
"2026-09-09 18:00:00","2026-09-10 09:00:00","CAPE","surface",-72.4137,18.3002,585
"2026-09-09 18:00:00","2026-09-10 09:00:00","CAPE","surface",-72.3897,18.3002,324
"2026-09-09 18:00:00","2026-09-10 09:00:00","CAPE","surface",-72.3658,18.3002,0
"2026-09-09 18:00:00","2026-09-10 09:00:00","CAPE","surface",-72.3419,18.3002,19
"2026-09-09 18:00:00","2026-09-10 09:00:00","CAPE","surface",-72.318,18.3002,0
"2026-09-09 18:00:00","2026-09-10 09:00:00","CAPE","surface",-72.294,18.3002,0
"2026-09-09 18:00:00","2026-09-10 09:00:00","CAPE","surface",-72.2701,18.3002,0
"2026-09-09 18:00:00","2026-09-10 09:00:00","CAPE","surface",-72.2462,18.3002,0
"2026-09-09 18:00:00","2026-09-10 09:00:00","CAPE","surface",-72.2223,18.3002,0
"2026-09-09 18:00:00","2026-09-10 09:00:00","CAPE","surface",-72.1983,18.3002,0
"2026-09-09 18:00:00","2026-09-10 09:00:00","CAPE","surface",-72.1744,18.3002,0
"2026-09-09 18:00:00","2026-09-10 09:00:00","CAPE","surface",-72.1505,18.3002,0
"2026-09-09 18:00:00","2026-09-10 09:00:00","CAPE","surface",-72.1266,18.3002,0
"2026-09-09 18:00:00","2026-09-10 09:00:00","CAPE","surface",-72.1026,18.3002,0
"2026-09-09 18:00:00","2026-09-10 09:00:00","CAPE","surface",-72.0787,18.3002,0
"2026-09-09 18:00:00","2026-09-10 09:00:00","CAPE","surface",-72.0548,18.3002,0
"2026-09-09 18:00:00","2026-09-10 09:00:00","CAPE","surface",-72.0309,18.3002,0
"2026-09-09 18:00:00","2026-09-10 09:00:00","CAPE","surface",-72.0069,18.3002,0
"2026-09-09 18:00:00","2026-09-10 09:00:00","CAPE","surface",-71.983,18.3002,0
"2026-09-09 18:00:00","2026-09-10 09:00:00","CAPE","surface",-71.9591,18.3002,0
"2026-09-09 18:00:00","2026-09-10 09:00:00","CAPE","surface",-71.9352,18.3002,76
"2026-09-09 18:00:00","2026-09-10 09:00:00","CAPE","surface",-71.9112,18.3002,144
"2026-09-09 18:00:00","2026-09-10 09:00:00","CAPE","surface",-71.8873,18.3002,144
"2026-09-09 18:00:00","2026-09-10 09:00:00","CAPE","surface",-71.8634,18.3002,163
"2026-09-09 18:00:00","2026-09-10 09:00:00","CAPE","surface",-71.8395,18.3002,89
"2026-09-09 18:00:00","2026-09-10 09:00:00","CAPE","surface",-71.8155,18.3002,85
"2026-09-09 18:00:00","2026-09-10 09:00:00","CAPE","surface",-71.7916,18.3002,68
"2026-09-09 18:00:00","2026-09-10 09:00:00","CAPE","surface",-71.7677,18.3002,157
"2026-09-09 18:00:00","2026-09-10 09:00:00","CAPE","surface",-71.7438,18.3002,98
"2026-09-09 18:00:00","2026-09-10 09:00:00","CAPE","surface",-71.7198,18.3002,234
"2026-09-09 18:00:00","2026-09-10 09:00:00","CAPE","surface",-71.6959,18.3002,506
"2026-09-09 18:00:00","2026-09-10 09:00:00","CAPE","surface",-71.672,18.3002,544
"2026-09-09 18:00:00","2026-09-10 09:00:00","CAPE","surface",-71.6481,18.3002,664
"2026-09-09 18:00:00","2026-09-10 09:00:00","CAPE","surface",-71.6241,18.3002,741
"2026-09-09 18:00:00","2026-09-10 09:00:00","CAPE","surface",-71.6002,18.3002,574
"2026-09-09 18:00:00","2026-09-10 09:00:00","CAPE","surface",-71.5763,18.3002,594
"2026-09-09 18:00:00","2026-09-10 09:00:00","CAPE","surface",-71.5524,18.3002,593
"2026-09-09 18:00:00","2026-09-10 09:00:00","CAPE","surface",-71.5284,18.3002,593
"2026-09-09 18:00:00","2026-09-10 09:00:00","CAPE","surface",-71.5045,18.3002,720
"2026-09-09 18:00:00","2026-09-10 09:00:00","CAPE","surface",-71.4806,18.3002,764
"2026-09-09 18:00:00","2026-09-10 09:00:00","CAPE","surface",-71.4567,18.3002,799
"2026-09-09 18:00:00","2026-09-10 09:00:00","CAPE","surface",-71.4327,18.3002,811
"2026-09-09 18:00:00","2026-09-10 09:00:00","CAPE","surface",-71.4088,18.3002,798
"2026-09-09 18:00:00","2026-09-10 09:00:00","CAPE","surface",-71.3849,18.3002,797
"2026-09-09 18:00:00","2026-09-10 09:00:00","CAPE","surface",-71.361,18.3002,831
"2026-09-09 18:00:00","2026-09-10 09:00:00","CAPE","surface",-71.337,18.3002,1060
"2026-09-09 18:00:00","2026-09-10 09:00:00","CAPE","surface",-71.3131,18.3002,1146
"2026-09-09 18:00:00","2026-09-10 09:00:00","CAPE","surface",-71.2892,18.3002,1110
"2026-09-09 18:00:00","2026-09-10 09:00:00","CAPE","surface",-71.2653,18.3002,1106
"2026-09-09 18:00:00","2026-09-10 09:00:00","CAPE","surface",-71.2413,18.3002,903
"2026-09-09 18:00:00","2026-09-10 09:00:00","CAPE","surface",-71.2174,18.3002,884
"2026-09-09 18:00:00","2026-09-10 09:00:00","CAPE","surface",-71.1935,18.3002,905
"2026-09-09 18:00:00","2026-09-10 09:00:00","CAPE","surface",-71.1696,18.3002,905
"2026-09-09 18:00:00","2026-09-10 09:00:00","CAPE","surface",-71.1456,18.3002,970
"2026-09-09 18:00:00","2026-09-10 09:00:00","CAPE","surface",-71.1217,18.3002,966
"2026-09-09 18:00:00","2026-09-10 09:00:00","CAPE","surface",-71.0978,18.3002,988
"2026-09-09 18:00:00","2026-09-10 09:00:00","CAPE","surface",-71.0739,18.3002,942
"2026-09-09 18:00:00","2026-09-10 09:00:00","CAPE","surface",-71.0499,18.3002,942
"2026-09-09 18:00:00","2026-09-10 09:00:00","CAPE","surface",-71.026,18.3002,821
"2026-09-09 18:00:00","2026-09-10 09:00:00","CAPE","surface",-71.0021,18.3002,813
"2026-09-09 18:00:00","2026-09-10 09:00:00","CAPE","surface",-70.9782,18.3002,659
"2026-09-09 18:00:00","2026-09-10 09:00:00","CAPE","surface",-70.9542,18.3002,767
"2026-09-09 18:00:00","2026-09-10 09:00:00","CAPE","surface",-70.9303,18.3002,768
"2026-09-09 18:00:00","2026-09-10 09:00:00","CAPE","surface",-70.9064,18.3002,911
"2026-09-09 18:00:00","2026-09-10 09:00:00","CAPE","surface",-70.8825,18.3002,1067
"2026-09-09 18:00:00","2026-09-10 09:00:00","CAPE","surface",-70.8585,18.3002,1407
"2026-09-09 18:00:00","2026-09-10 09:00:00","CAPE","surface",-70.8346,18.3002,1177
"2026-09-09 18:00:00","2026-09-10 09:00:00","CAPE","surface",-70.8107,18.3002,1318
"2026-09-09 18:00:00","2026-09-10 09:00:00","CAPE","surface",-70.7868,18.3002,1550
"2026-09-09 18:00:00","2026-09-10 09:00:00","CAPE","surface",-70.7628,18.3002,1486
"2026-09-09 18:00:00","2026-09-10 09:00:00","CAPE","surface",-70.7389,18.3002,1484
"2026-09-09 18:00:00","2026-09-10 09:00:00","CAPE","surface",-70.715,18.3002,1445
"2026-09-09 18:00:00","2026-09-10 09:00:00","CAPE","surface",-70.6911,18.3002,1460
"2026-09-09 18:00:00","2026-09-10 09:00:00","CAPE","surface",-70.6671,18.3002,1416
"2026-09-09 18:00:00","2026-09-10 09:00:00","CAPE","surface",-70.6432,18.3002,1389
"2026-09-09 18:00:00","2026-09-10 09:00:00","CAPE","surface",-70.6193,18.3002,1334
"2026-09-09 18:00:00","2026-09-10 09:00:00","CAPE","surface",-70.5954,18.3002,1334
"2026-09-09 18:00:00","2026-09-10 09:00:00","CAPE","surface",-70.5714,18.3002,1154
"2026-09-09 18:00:00","2026-09-10 09:00:00","CAPE","surface",-70.5475,18.3002,830
"2026-09-09 18:00:00","2026-09-10 09:00:00","CAPE","surface",-70.5236,18.3002,877
"2026-09-09 18:00:00","2026-09-10 09:00:00","CAPE","surface",-70.4997,18.3002,905
"2026-09-09 18:00:00","2026-09-10 09:00:00","CAPE","surface",-70.4757,18.3002,905
"2026-09-09 18:00:00","2026-09-10 09:00:00","CAPE","surface",-70.4518,18.3002,886
"2026-09-09 18:00:00","2026-09-10 09:00:00","CAPE","surface",-70.4279,18.3002,912
"2026-09-09 18:00:00","2026-09-10 09:00:00","CAPE","surface",-70.404,18.3002,997
"2026-09-09 18:00:00","2026-09-10 09:00:00","CAPE","surface",-70.38,18.3002,997
"2026-09-09 18:00:00","2026-09-10 09:00:00","CAPE","surface",-70.3561,18.3002,1030
"2026-09-09 18:00:00","2026-09-10 09:00:00","CAPE","surface",-70.3322,18.3002,1031
"2026-09-09 18:00:00","2026-09-10 09:00:00","CAPE","surface",-70.3083,18.3002,1016
"2026-09-09 18:00:00","2026-09-10 09:00:00","CAPE","surface",-70.2843,18.3002,1060
"2026-09-09 18:00:00","2026-09-10 09:00:00","CAPE","surface",-70.2604,18.3002,1060
"2026-09-09 18:00:00","2026-09-10 09:00:00","CAPE","surface",-70.2365,18.3002,1109
"2026-09-09 18:00:00","2026-09-10 09:00:00","CAPE","surface",-70.2126,18.3002,1153
"2026-09-09 18:00:00","2026-09-10 09:00:00","CAPE","surface",-70.1886,18.3002,1161
"2026-09-09 18:00:00","2026-09-10 09:00:00","CAPE","surface",-70.1647,18.3002,1188
"2026-09-09 18:00:00","2026-09-10 09:00:00","CAPE","surface",-70.1408,18.3002,1170
"2026-09-09 18:00:00","2026-09-10 09:00:00","CAPE","surface",-70.1169,18.3002,1216
"2026-09-09 18:00:00","2026-09-10 09:00:00","CAPE","surface",-70.0929,18.3002,1428
"2026-09-09 18:00:00","2026-09-10 09:00:00","CAPE","surface",-70.069,18.3002,1861
"2026-09-09 18:00:00","2026-09-10 09:00:00","CAPE","surface",-70.0451,18.3002,1796
"2026-09-09 18:00:00","2026-09-10 09:00:00","CAPE","surface",-70.0212,18.3002,2031
"2026-09-09 18:00:00","2026-09-10 09:00:00","CAPE","surface",-69.9972,18.3002,2174
"2026-09-09 18:00:00","2026-09-10 09:00:00","CAPE","surface",-69.9733,18.3002,2221
"2026-09-09 18:00:00","2026-09-10 09:00:00","CAPE","surface",-69.9494,18.3002,2295
"2026-09-09 18:00:00","2026-09-10 09:00:00","CAPE","surface",-69.9255,18.3002,2260
"2026-09-09 18:00:00","2026-09-10 09:00:00","CAPE","surface",-69.9015,18.3002,2330
"2026-09-09 18:00:00","2026-09-10 09:00:00","CAPE","surface",-69.8776,18.3002,2349
"2026-09-09 18:00:00","2026-09-10 09:00:00","CAPE","surface",-69.8537,18.3002,2461
"2026-09-09 18:00:00","2026-09-10 09:00:00","CAPE","surface",-69.8298,18.3002,2508
"2026-09-09 18:00:00","2026-09-10 09:00:00","CAPE","surface",-69.8058,18.3002,2492
"2026-09-09 18:00:00","2026-09-10 09:00:00","CAPE","surface",-69.7819,18.3002,2596
"2026-09-09 18:00:00","2026-09-10 09:00:00","CAPE","surface",-69.758,18.3002,2651
"2026-09-09 18:00:00","2026-09-10 09:00:00","CAPE","surface",-69.7341,18.3002,2718
"2026-09-09 18:00:00","2026-09-10 09:00:00","CAPE","surface",-69.7101,18.3002,2672
"2026-09-09 18:00:00","2026-09-10 09:00:00","CAPE","surface",-69.6862,18.3002,2739
"2026-09-09 18:00:00","2026-09-10 09:00:00","CAPE","surface",-69.6623,18.3002,2775
"2026-09-09 18:00:00","2026-09-10 09:00:00","CAPE","surface",-69.6384,18.3002,2849
"2026-09-09 18:00:00","2026-09-10 09:00:00","CAPE","surface",-69.6144,18.3002,2891
"2026-09-09 18:00:00","2026-09-10 09:00:00","CAPE","surface",-69.5905,18.3002,2852
"2026-09-09 18:00:00","2026-09-10 09:00:00","CAPE","surface",-69.5666,18.3002,2896
"2026-09-09 18:00:00","2026-09-10 09:00:00","CAPE","surface",-69.5427,18.3002,2880
"2026-09-09 18:00:00","2026-09-10 09:00:00","CAPE","surface",-69.5187,18.3002,2839
"2026-09-09 18:00:00","2026-09-10 09:00:00","CAPE","surface",-69.4948,18.3002,2901
"2026-09-09 18:00:00","2026-09-10 09:00:00","CAPE","surface",-69.4709,18.3002,2846
"2026-09-09 18:00:00","2026-09-10 09:00:00","CAPE","surface",-69.447,18.3002,2836
"2026-09-09 18:00:00","2026-09-10 09:00:00","CAPE","surface",-69.423,18.3002,2809
"2026-09-09 18:00:00","2026-09-10 09:00:00","CAPE","surface",-69.3991,18.3002,2720
"2026-09-09 18:00:00","2026-09-10 09:00:00","CAPE","surface",-69.3752,18.3002,2616
"2026-09-09 18:00:00","2026-09-10 09:00:00","CAPE","surface",-69.3513,18.3002,2539
"2026-09-09 18:00:00","2026-09-10 09:00:00","CAPE","surface",-69.3273,18.3002,2204
"2026-09-09 18:00:00","2026-09-10 09:00:00","CAPE","surface",-69.3034,18.3002,1974
"2026-09-09 18:00:00","2026-09-10 09:00:00","CAPE","surface",-69.2795,18.3002,1922
"2026-09-09 18:00:00","2026-09-10 09:00:00","CAPE","surface",-69.2556,18.3002,1867
"2026-09-09 18:00:00","2026-09-10 09:00:00","CAPE","surface",-69.2316,18.3002,1890
"2026-09-09 18:00:00","2026-09-10 09:00:00","CAPE","surface",-69.2077,18.3002,1955
"2026-09-09 18:00:00","2026-09-10 09:00:00","CAPE","surface",-69.1838,18.3002,2002
"2026-09-09 18:00:00","2026-09-10 09:00:00","CAPE","surface",-69.1599,18.3002,1900
"2026-09-09 18:00:00","2026-09-10 09:00:00","CAPE","surface",-69.1359,18.3002,1974
"2026-09-09 18:00:00","2026-09-10 09:00:00","CAPE","surface",-69.112,18.3002,1984
"2026-09-09 18:00:00","2026-09-10 09:00:00","CAPE","surface",-69.0881,18.3002,2143
"2026-09-09 18:00:00","2026-09-10 09:00:00","CAPE","surface",-69.0642,18.3002,2112
"2026-09-09 18:00:00","2026-09-10 09:00:00","CAPE","surface",-69.0402,18.3002,2252
"2026-09-09 18:00:00","2026-09-10 09:00:00","CAPE","surface",-69.0163,18.3002,2343
"2026-09-09 18:00:00","2026-09-10 09:00:00","CAPE","surface",-68.9924,18.3002,2383
"2026-09-09 18:00:00","2026-09-10 09:00:00","CAPE","surface",-68.9685,18.3002,2403
"2026-09-09 18:00:00","2026-09-10 09:00:00","CAPE","surface",-68.9445,18.3002,2398
"2026-09-09 18:00:00","2026-09-10 09:00:00","CAPE","surface",-68.9206,18.3002,2412
"2026-09-09 18:00:00","2026-09-10 09:00:00","CAPE","surface",-68.8967,18.3002,2394
"2026-09-09 18:00:00","2026-09-10 09:00:00","CAPE","surface",-68.8728,18.3002,2377
"2026-09-09 18:00:00","2026-09-10 09:00:00","CAPE","surface",-68.8488,18.3002,2333
"2026-09-09 18:00:00","2026-09-10 09:00:00","CAPE","surface",-68.8249,18.3002,2302
"2026-09-09 18:00:00","2026-09-10 09:00:00","CAPE","surface",-68.801,18.3002,2157
"2026-09-09 18:00:00","2026-09-10 09:00:00","CAPE","surface",-68.7771,18.3002,2101
"2026-09-09 18:00:00","2026-09-10 09:00:00","CAPE","surface",-68.7531,18.3002,2018
"2026-09-09 18:00:00","2026-09-10 09:00:00","CAPE","surface",-68.7292,18.3002,2049
"2026-09-09 18:00:00","2026-09-10 09:00:00","CAPE","surface",-68.7053,18.3002,1968
"2026-09-09 18:00:00","2026-09-10 09:00:00","CAPE","surface",-68.6813,18.3002,1927
"2026-09-09 18:00:00","2026-09-10 09:00:00","CAPE","surface",-68.6574,18.3002,1956
"2026-09-09 18:00:00","2026-09-10 09:00:00","CAPE","surface",-68.6335,18.3002,1998
"2026-09-09 18:00:00","2026-09-10 09:00:00","CAPE","surface",-68.6096,18.3002,2149
"2026-09-09 18:00:00","2026-09-10 09:00:00","CAPE","surface",-68.5856,18.3002,2309
"2026-09-09 18:00:00","2026-09-10 09:00:00","CAPE","surface",-68.5617,18.3002,2303
"2026-09-09 18:00:00","2026-09-10 09:00:00","CAPE","surface",-68.5378,18.3002,2303
"2026-09-09 18:00:00","2026-09-10 09:00:00","CAPE","surface",-68.5139,18.3002,2299
"2026-09-09 18:00:00","2026-09-10 09:00:00","CAPE","surface",-68.4899,18.3002,2258
"2026-09-09 18:00:00","2026-09-10 09:00:00","CAPE","surface",-68.466,18.3002,2192
"2026-09-09 18:00:00","2026-09-10 09:00:00","CAPE","surface",-68.4421,18.3002,2168
"2026-09-09 18:00:00","2026-09-10 09:00:00","CAPE","surface",-68.4182,18.3002,2173
"2026-09-09 18:00:00","2026-09-10 09:00:00","CAPE","surface",-68.3942,18.3002,2169
"2026-09-09 18:00:00","2026-09-10 09:00:00","CAPE","surface",-68.3703,18.3002,2205
"2026-09-09 18:00:00","2026-09-10 09:00:00","CAPE","surface",-68.3464,18.3002,2216
"2026-09-09 18:00:00","2026-09-10 09:00:00","CAPE","surface",-68.3225,18.3002,2216
"2026-09-09 18:00:00","2026-09-10 09:00:00","CAPE","surface",-68.2985,18.3002,2248
"2026-09-09 18:00:00","2026-09-10 09:00:00","CAPE","surface",-68.2746,18.3002,2165
"2026-09-09 18:00:00","2026-09-10 09:00:00","CAPE","surface",-68.2507,18.3002,2169
"2026-09-09 18:00:00","2026-09-10 09:00:00","CAPE","surface",-68.2268,18.3002,2169
"2026-09-09 18:00:00","2026-09-10 09:00:00","CAPE","surface",-68.2028,18.3002,2101
"2026-09-09 18:00:00","2026-09-10 09:00:00","CAPE","surface",-68.1789,18.3002,2065
"2026-09-09 18:00:00","2026-09-10 09:00:00","CAPE","surface",-68.155,18.3002,2032
"2026-09-09 18:00:00","2026-09-10 09:00:00","CAPE","surface",-68.1311,18.3002,2051
"2026-09-09 18:00:00","2026-09-10 09:00:00","CAPE","surface",-68.1071,18.3002,2051
"2026-09-09 18:00:00","2026-09-10 09:00:00","CAPE","surface",-68.0832,18.3002,2071
"2026-09-09 18:00:00","2026-09-10 09:00:00","CAPE","surface",-68.0593,18.3002,2090
"2026-09-09 18:00:00","2026-09-10 09:00:00","CAPE","surface",-68.0354,18.3002,2044
"2026-09-09 18:00:00","2026-09-10 09:00:00","CAPE","surface",-68.0114,18.3002,2006
"2026-09-09 18:00:00","2026-09-10 09:00:00","CAPE","surface",-67.9875,18.3002,2009
"2026-09-09 18:00:00","2026-09-10 09:00:00","CAPE","surface",-67.9636,18.3002,2026
"2026-09-09 18:00:00","2026-09-10 09:00:00","CAPE","surface",-67.9397,18.3002,2045
"2026-09-09 18:00:00","2026-09-10 09:00:00","CAPE","surface",-67.9157,18.3002,2032
"2026-09-09 18:00:00","2026-09-10 09:00:00","CAPE","surface",-67.8918,18.3002,2034
"2026-09-09 18:00:00","2026-09-10 09:00:00","CAPE","surface",-67.8679,18.3002,2008
"2026-09-09 18:00:00","2026-09-10 09:00:00","CAPE","surface",-67.844,18.3002,2014
"2026-09-09 18:00:00","2026-09-10 09:00:00","CAPE","surface",-67.82,18.3002,1977
"2026-09-09 18:00:00","2026-09-10 09:00:00","CAPE","surface",-67.7961,18.3002,1926
"2026-09-09 18:00:00","2026-09-10 09:00:00","CAPE","surface",-67.7722,18.3002,1896
"2026-09-09 18:00:00","2026-09-10 09:00:00","CAPE","surface",-67.7483,18.3002,1856
"2026-09-09 18:00:00","2026-09-10 09:00:00","CAPE","surface",-67.7243,18.3002,1856
"2026-09-09 18:00:00","2026-09-10 09:00:00","CAPE","surface",-67.7004,18.3002,1848
"2026-09-09 18:00:00","2026-09-10 09:00:00","CAPE","surface",-67.6765,18.3002,1836
"2026-09-09 18:00:00","2026-09-10 09:00:00","CAPE","surface",-67.6526,18.3002,1883
"2026-09-09 18:00:00","2026-09-10 09:00:00","CAPE","surface",-67.6286,18.3002,1937
"2026-09-09 18:00:00","2026-09-10 09:00:00","CAPE","surface",-67.6047,18.3002,1937
"2026-09-09 18:00:00","2026-09-10 09:00:00","CAPE","surface",-67.5808,18.3002,1959
"2026-09-09 18:00:00","2026-09-10 09:00:00","CAPE","surface",-67.5569,18.3002,1853
"2026-09-09 18:00:00","2026-09-10 09:00:00","CAPE","surface",-67.5329,18.3002,1902
"2026-09-09 18:00:00","2026-09-10 09:00:00","CAPE","surface",-67.509,18.3002,1902
"2026-09-09 18:00:00","2026-09-10 09:00:00","CAPE","surface",-67.4851,18.3002,1910
"2026-09-09 18:00:00","2026-09-10 09:00:00","CAPE","surface",-67.4612,18.3002,1918
"2026-09-09 18:00:00","2026-09-10 09:00:00","CAPE","surface",-67.4372,18.3002,1866
"2026-09-09 18:00:00","2026-09-10 09:00:00","CAPE","surface",-67.4133,18.3002,1935
"2026-09-09 18:00:00","2026-09-10 09:00:00","CAPE","surface",-67.3894,18.3002,1884
"2026-09-09 18:00:00","2026-09-10 09:00:00","CAPE","surface",-67.3655,18.3002,1858
"2026-09-09 18:00:00","2026-09-10 09:00:00","CAPE","surface",-67.3415,18.3002,1806
"2026-09-09 18:00:00","2026-09-10 09:00:00","CAPE","surface",-67.3176,18.3002,1751
"2026-09-09 18:00:00","2026-09-10 09:00:00","CAPE","surface",-67.2937,18.3002,1538
"2026-09-09 18:00:00","2026-09-10 09:00:00","CAPE","surface",-67.2698,18.3002,1513
"2026-09-09 18:00:00","2026-09-10 09:00:00","CAPE","surface",-67.2458,18.3002,1209
"2026-09-09 18:00:00","2026-09-10 09:00:00","CAPE","surface",-67.2219,18.3002,1209
"2026-09-09 18:00:00","2026-09-10 09:00:00","CAPE","surface",-67.198,18.3002,882
"2026-09-09 18:00:00","2026-09-10 09:00:00","CAPE","surface",-67.1741,18.3002,893
"2026-09-09 18:00:00","2026-09-10 09:00:00","CAPE","surface",-67.1501,18.3002,900
"2026-09-09 18:00:00","2026-09-10 09:00:00","CAPE","surface",-67.1262,18.3002,910
"2026-09-09 18:00:00","2026-09-10 09:00:00","CAPE","surface",-67.1023,18.3002,926
"2026-09-09 18:00:00","2026-09-10 09:00:00","CAPE","surface",-67.0784,18.3002,953
"2026-09-09 18:00:00","2026-09-10 09:00:00","CAPE","surface",-67.0544,18.3002,952
"2026-09-09 18:00:00","2026-09-10 09:00:00","CAPE","surface",-67.0305,18.3002,979
"2026-09-09 18:00:00","2026-09-10 09:00:00","CAPE","surface",-67.0066,18.3002,965
"2026-09-09 18:00:00","2026-09-10 09:00:00","CAPE","surface",-74.7822,18.3229,2395
"2026-09-09 18:00:00","2026-09-10 09:00:00","CAPE","surface",-74.7583,18.3229,2441
"2026-09-09 18:00:00","2026-09-10 09:00:00","CAPE","surface",-74.7344,18.3229,2280
"2026-09-09 18:00:00","2026-09-10 09:00:00","CAPE","surface",-74.7105,18.3229,2330
"2026-09-09 18:00:00","2026-09-10 09:00:00","CAPE","surface",-74.6865,18.3229,2254
"2026-09-09 18:00:00","2026-09-10 09:00:00","CAPE","surface",-74.6626,18.3229,2288
"2026-09-09 18:00:00","2026-09-10 09:00:00","CAPE","surface",-74.6387,18.3229,2220
"2026-09-09 18:00:00","2026-09-10 09:00:00","CAPE","surface",-74.6148,18.3229,2262
"2026-09-09 18:00:00","2026-09-10 09:00:00","CAPE","surface",-74.5908,18.3229,2110
"2026-09-09 18:00:00","2026-09-10 09:00:00","CAPE","surface",-74.5669,18.3229,2186
"2026-09-09 18:00:00","2026-09-10 09:00:00","CAPE","surface",-74.543,18.3229,1988
"2026-09-09 18:00:00","2026-09-10 09:00:00","CAPE","surface",-74.5191,18.3229,2081
"2026-09-09 18:00:00","2026-09-10 09:00:00","CAPE","surface",-74.4951,18.3229,1686
"2026-09-09 18:00:00","2026-09-10 09:00:00","CAPE","surface",-74.4712,18.3229,1730
"2026-09-09 18:00:00","2026-09-10 09:00:00","CAPE","surface",-74.4473,18.3229,1330
"2026-09-09 18:00:00","2026-09-10 09:00:00","CAPE","surface",-74.4234,18.3229,1329
"2026-09-09 18:00:00","2026-09-10 09:00:00","CAPE","surface",-74.3994,18.3229,943
"2026-09-09 18:00:00","2026-09-10 09:00:00","CAPE","surface",-74.3755,18.3229,972
"2026-09-09 18:00:00","2026-09-10 09:00:00","CAPE","surface",-74.3516,18.3229,832
"2026-09-09 18:00:00","2026-09-10 09:00:00","CAPE","surface",-74.3277,18.3229,895
"2026-09-09 18:00:00","2026-09-10 09:00:00","CAPE","surface",-74.3037,18.3229,773
"2026-09-09 18:00:00","2026-09-10 09:00:00","CAPE","surface",-74.2798,18.3229,817
"2026-09-09 18:00:00","2026-09-10 09:00:00","CAPE","surface",-74.2559,18.3229,764
"2026-09-09 18:00:00","2026-09-10 09:00:00","CAPE","surface",-74.232,18.3229,842
"2026-09-09 18:00:00","2026-09-10 09:00:00","CAPE","surface",-74.208,18.3229,694
"2026-09-09 18:00:00","2026-09-10 09:00:00","CAPE","surface",-74.1841,18.3229,556
"2026-09-09 18:00:00","2026-09-10 09:00:00","CAPE","surface",-74.1602,18.3229,556
"2026-09-09 18:00:00","2026-09-10 09:00:00","CAPE","surface",-74.1363,18.3229,468
"2026-09-09 18:00:00","2026-09-10 09:00:00","CAPE","surface",-74.1123,18.3229,559
"2026-09-09 18:00:00","2026-09-10 09:00:00","CAPE","surface",-74.0884,18.3229,271
"2026-09-09 18:00:00","2026-09-10 09:00:00","CAPE","surface",-74.0645,18.3229,319
"2026-09-09 18:00:00","2026-09-10 09:00:00","CAPE","surface",-74.0406,18.3229,400
"2026-09-09 18:00:00","2026-09-10 09:00:00","CAPE","surface",-74.0166,18.3229,400
"2026-09-09 18:00:00","2026-09-10 09:00:00","CAPE","surface",-73.9927,18.3229,518
"2026-09-09 18:00:00","2026-09-10 09:00:00","CAPE","surface",-73.9688,18.3229,820
"2026-09-09 18:00:00","2026-09-10 09:00:00","CAPE","surface",-73.9449,18.3229,1073
"2026-09-09 18:00:00","2026-09-10 09:00:00","CAPE","surface",-73.9209,18.3229,1224
"2026-09-09 18:00:00","2026-09-10 09:00:00","CAPE","surface",-73.897,18.3229,1251
"2026-09-09 18:00:00","2026-09-10 09:00:00","CAPE","surface",-73.8731,18.3229,1338
"2026-09-09 18:00:00","2026-09-10 09:00:00","CAPE","surface",-73.8492,18.3229,1328
"2026-09-09 18:00:00","2026-09-10 09:00:00","CAPE","surface",-73.8252,18.3229,1315
"2026-09-09 18:00:00","2026-09-10 09:00:00","CAPE","surface",-73.8013,18.3229,1382
"2026-09-09 18:00:00","2026-09-10 09:00:00","CAPE","surface",-73.7774,18.3229,1445
"2026-09-09 18:00:00","2026-09-10 09:00:00","CAPE","surface",-73.7535,18.3229,1471
"2026-09-09 18:00:00","2026-09-10 09:00:00","CAPE","surface",-73.7295,18.3229,1519
"2026-09-09 18:00:00","2026-09-10 09:00:00","CAPE","surface",-73.7056,18.3229,1583
"2026-09-09 18:00:00","2026-09-10 09:00:00","CAPE","surface",-73.6817,18.3229,1579
"2026-09-09 18:00:00","2026-09-10 09:00:00","CAPE","surface",-73.6578,18.3229,1433
"2026-09-09 18:00:00","2026-09-10 09:00:00","CAPE","surface",-73.6338,18.3229,1407
"2026-09-09 18:00:00","2026-09-10 09:00:00","CAPE","surface",-73.6099,18.3229,1361
"2026-09-09 18:00:00","2026-09-10 09:00:00","CAPE","surface",-73.586,18.3229,1379
"2026-09-09 18:00:00","2026-09-10 09:00:00","CAPE","surface",-73.5621,18.3229,1337
"2026-09-09 18:00:00","2026-09-10 09:00:00","CAPE","surface",-73.5381,18.3229,1204
"2026-09-09 18:00:00","2026-09-10 09:00:00","CAPE","surface",-73.5142,18.3229,1215
"2026-09-09 18:00:00","2026-09-10 09:00:00","CAPE","surface",-73.4903,18.3229,1117
"2026-09-09 18:00:00","2026-09-10 09:00:00","CAPE","surface",-73.4664,18.3229,1181
"2026-09-09 18:00:00","2026-09-10 09:00:00","CAPE","surface",-73.4424,18.3229,1223
"2026-09-09 18:00:00","2026-09-10 09:00:00","CAPE","surface",-73.4185,18.3229,1292
"2026-09-09 18:00:00","2026-09-10 09:00:00","CAPE","surface",-73.3946,18.3229,1327
"2026-09-09 18:00:00","2026-09-10 09:00:00","CAPE","surface",-73.3707,18.3229,1370
"2026-09-09 18:00:00","2026-09-10 09:00:00","CAPE","surface",-73.3467,18.3229,1389
"2026-09-09 18:00:00","2026-09-10 09:00:00","CAPE","surface",-73.3228,18.3229,1352
"2026-09-09 18:00:00","2026-09-10 09:00:00","CAPE","surface",-73.2989,18.3229,1130
"2026-09-09 18:00:00","2026-09-10 09:00:00","CAPE","surface",-73.275,18.3229,1211
"2026-09-09 18:00:00","2026-09-10 09:00:00","CAPE","surface",-73.251,18.3229,1316
"2026-09-09 18:00:00","2026-09-10 09:00:00","CAPE","surface",-73.2271,18.3229,1316
"2026-09-09 18:00:00","2026-09-10 09:00:00","CAPE","surface",-73.2032,18.3229,1322
"2026-09-09 18:00:00","2026-09-10 09:00:00","CAPE","surface",-73.1793,18.3229,1395
"2026-09-09 18:00:00","2026-09-10 09:00:00","CAPE","surface",-73.1553,18.3229,1467
"2026-09-09 18:00:00","2026-09-10 09:00:00","CAPE","surface",-73.1314,18.3229,1480
"2026-09-09 18:00:00","2026-09-10 09:00:00","CAPE","surface",-73.1075,18.3229,1424
"2026-09-09 18:00:00","2026-09-10 09:00:00","CAPE","surface",-73.0836,18.3229,1424
"2026-09-09 18:00:00","2026-09-10 09:00:00","CAPE","surface",-73.0596,18.3229,1203
"2026-09-09 18:00:00","2026-09-10 09:00:00","CAPE","surface",-73.0357,18.3229,991
"2026-09-09 18:00:00","2026-09-10 09:00:00","CAPE","surface",-73.0118,18.3229,962
"2026-09-09 18:00:00","2026-09-10 09:00:00","CAPE","surface",-72.9879,18.3229,591
"2026-09-09 18:00:00","2026-09-10 09:00:00","CAPE","surface",-72.9639,18.3229,591
"2026-09-09 18:00:00","2026-09-10 09:00:00","CAPE","surface",-72.94,18.3229,548
"2026-09-09 18:00:00","2026-09-10 09:00:00","CAPE","surface",-72.9161,18.3229,470
"2026-09-09 18:00:00","2026-09-10 09:00:00","CAPE","surface",-72.8922,18.3229,366
"2026-09-09 18:00:00","2026-09-10 09:00:00","CAPE","surface",-72.8682,18.3229,253
"2026-09-09 18:00:00","2026-09-10 09:00:00","CAPE","surface",-72.8443,18.3229,409
"2026-09-09 18:00:00","2026-09-10 09:00:00","CAPE","surface",-72.8204,18.3229,353
"2026-09-09 18:00:00","2026-09-10 09:00:00","CAPE","surface",-72.7965,18.3229,664
"2026-09-09 18:00:00","2026-09-10 09:00:00","CAPE","surface",-72.7725,18.3229,538
"2026-09-09 18:00:00","2026-09-10 09:00:00","CAPE","surface",-72.7486,18.3229,281
"2026-09-09 18:00:00","2026-09-10 09:00:00","CAPE","surface",-72.7247,18.3229,243
"2026-09-09 18:00:00","2026-09-10 09:00:00","CAPE","surface",-72.7008,18.3229,496
"2026-09-09 18:00:00","2026-09-10 09:00:00","CAPE","surface",-72.6768,18.3229,601
"2026-09-09 18:00:00","2026-09-10 09:00:00","CAPE","surface",-72.6529,18.3229,900
"2026-09-09 18:00:00","2026-09-10 09:00:00","CAPE","surface",-72.629,18.3229,816
"2026-09-09 18:00:00","2026-09-10 09:00:00","CAPE","surface",-72.6051,18.3229,753
"2026-09-09 18:00:00","2026-09-10 09:00:00","CAPE","surface",-72.5811,18.3229,756
"2026-09-09 18:00:00","2026-09-10 09:00:00","CAPE","surface",-72.5572,18.3229,812
"2026-09-09 18:00:00","2026-09-10 09:00:00","CAPE","surface",-72.5333,18.3229,858
"2026-09-09 18:00:00","2026-09-10 09:00:00","CAPE","surface",-72.5094,18.3229,825
"2026-09-09 18:00:00","2026-09-10 09:00:00","CAPE","surface",-72.4854,18.3229,433
"2026-09-09 18:00:00","2026-09-10 09:00:00","CAPE","surface",-72.4615,18.3229,433
"2026-09-09 18:00:00","2026-09-10 09:00:00","CAPE","surface",-72.4376,18.3229,136
"2026-09-09 18:00:00","2026-09-10 09:00:00","CAPE","surface",-72.4137,18.3229,209
"2026-09-09 18:00:00","2026-09-10 09:00:00","CAPE","surface",-72.3897,18.3229,0
"2026-09-09 18:00:00","2026-09-10 09:00:00","CAPE","surface",-72.3658,18.3229,0
"2026-09-09 18:00:00","2026-09-10 09:00:00","CAPE","surface",-72.3419,18.3229,0
"2026-09-09 18:00:00","2026-09-10 09:00:00","CAPE","surface",-72.318,18.3229,0
"2026-09-09 18:00:00","2026-09-10 09:00:00","CAPE","surface",-72.294,18.3229,0
"2026-09-09 18:00:00","2026-09-10 09:00:00","CAPE","surface",-72.2701,18.3229,0
"2026-09-09 18:00:00","2026-09-10 09:00:00","CAPE","surface",-72.2462,18.3229,0
"2026-09-09 18:00:00","2026-09-10 09:00:00","CAPE","surface",-72.2223,18.3229,0
"2026-09-09 18:00:00","2026-09-10 09:00:00","CAPE","surface",-72.1983,18.3229,0
"2026-09-09 18:00:00","2026-09-10 09:00:00","CAPE","surface",-72.1744,18.3229,0
"2026-09-09 18:00:00","2026-09-10 09:00:00","CAPE","surface",-72.1505,18.3229,0
"2026-09-09 18:00:00","2026-09-10 09:00:00","CAPE","surface",-72.1266,18.3229,0
"2026-09-09 18:00:00","2026-09-10 09:00:00","CAPE","surface",-72.1026,18.3229,0
"2026-09-09 18:00:00","2026-09-10 09:00:00","CAPE","surface",-72.0787,18.3229,0
"2026-09-09 18:00:00","2026-09-10 09:00:00","CAPE","surface",-72.0548,18.3229,0
"2026-09-09 18:00:00","2026-09-10 09:00:00","CAPE","surface",-72.0309,18.3229,0
"2026-09-09 18:00:00","2026-09-10 09:00:00","CAPE","surface",-72.0069,18.3229,0
"2026-09-09 18:00:00","2026-09-10 09:00:00","CAPE","surface",-71.983,18.3229,0
"2026-09-09 18:00:00","2026-09-10 09:00:00","CAPE","surface",-71.9591,18.3229,0
"2026-09-09 18:00:00","2026-09-10 09:00:00","CAPE","surface",-71.9352,18.3229,16
"2026-09-09 18:00:00","2026-09-10 09:00:00","CAPE","surface",-71.9112,18.3229,94
"2026-09-09 18:00:00","2026-09-10 09:00:00","CAPE","surface",-71.8873,18.3229,164
"2026-09-09 18:00:00","2026-09-10 09:00:00","CAPE","surface",-71.8634,18.3229,163
"2026-09-09 18:00:00","2026-09-10 09:00:00","CAPE","surface",-71.8395,18.3229,177
"2026-09-09 18:00:00","2026-09-10 09:00:00","CAPE","surface",-71.8155,18.3229,260
"2026-09-09 18:00:00","2026-09-10 09:00:00","CAPE","surface",-71.7916,18.3229,196
"2026-09-09 18:00:00","2026-09-10 09:00:00","CAPE","surface",-71.7677,18.3229,360
"2026-09-09 18:00:00","2026-09-10 09:00:00","CAPE","surface",-71.7438,18.3229,305
"2026-09-09 18:00:00","2026-09-10 09:00:00","CAPE","surface",-71.7198,18.3229,456
"2026-09-09 18:00:00","2026-09-10 09:00:00","CAPE","surface",-71.6959,18.3229,465
"2026-09-09 18:00:00","2026-09-10 09:00:00","CAPE","surface",-71.672,18.3229,573
"2026-09-09 18:00:00","2026-09-10 09:00:00","CAPE","surface",-71.6481,18.3229,664
"2026-09-09 18:00:00","2026-09-10 09:00:00","CAPE","surface",-71.6241,18.3229,563
"2026-09-09 18:00:00","2026-09-10 09:00:00","CAPE","surface",-71.6002,18.3229,563
"2026-09-09 18:00:00","2026-09-10 09:00:00","CAPE","surface",-71.5763,18.3229,554
"2026-09-09 18:00:00","2026-09-10 09:00:00","CAPE","surface",-71.5524,18.3229,579
"2026-09-09 18:00:00","2026-09-10 09:00:00","CAPE","surface",-71.5284,18.3229,676
"2026-09-09 18:00:00","2026-09-10 09:00:00","CAPE","surface",-71.5045,18.3229,746
"2026-09-09 18:00:00","2026-09-10 09:00:00","CAPE","surface",-71.4806,18.3229,746
"2026-09-09 18:00:00","2026-09-10 09:00:00","CAPE","surface",-71.4567,18.3229,788
"2026-09-09 18:00:00","2026-09-10 09:00:00","CAPE","surface",-71.4327,18.3229,798
"2026-09-09 18:00:00","2026-09-10 09:00:00","CAPE","surface",-71.4088,18.3229,783
"2026-09-09 18:00:00","2026-09-10 09:00:00","CAPE","surface",-71.3849,18.3229,797
"2026-09-09 18:00:00","2026-09-10 09:00:00","CAPE","surface",-71.361,18.3229,880
"2026-09-09 18:00:00","2026-09-10 09:00:00","CAPE","surface",-71.337,18.3229,967
"2026-09-09 18:00:00","2026-09-10 09:00:00","CAPE","surface",-71.3131,18.3229,1105
"2026-09-09 18:00:00","2026-09-10 09:00:00","CAPE","surface",-71.2892,18.3229,1110
"2026-09-09 18:00:00","2026-09-10 09:00:00","CAPE","surface",-71.2653,18.3229,928
"2026-09-09 18:00:00","2026-09-10 09:00:00","CAPE","surface",-71.2413,18.3229,928
"2026-09-09 18:00:00","2026-09-10 09:00:00","CAPE","surface",-71.2174,18.3229,890
"2026-09-09 18:00:00","2026-09-10 09:00:00","CAPE","surface",-71.1935,18.3229,965
"2026-09-09 18:00:00","2026-09-10 09:00:00","CAPE","surface",-71.1696,18.3229,971
"2026-09-09 18:00:00","2026-09-10 09:00:00","CAPE","surface",-71.1456,18.3229,996
"2026-09-09 18:00:00","2026-09-10 09:00:00","CAPE","surface",-71.1217,18.3229,996
"2026-09-09 18:00:00","2026-09-10 09:00:00","CAPE","surface",-71.0978,18.3229,976
"2026-09-09 18:00:00","2026-09-10 09:00:00","CAPE","surface",-71.0739,18.3229,942
"2026-09-09 18:00:00","2026-09-10 09:00:00","CAPE","surface",-71.0499,18.3229,893
"2026-09-09 18:00:00","2026-09-10 09:00:00","CAPE","surface",-71.026,18.3229,821
"2026-09-09 18:00:00","2026-09-10 09:00:00","CAPE","surface",-71.0021,18.3229,589
"2026-09-09 18:00:00","2026-09-10 09:00:00","CAPE","surface",-70.9782,18.3229,601
"2026-09-09 18:00:00","2026-09-10 09:00:00","CAPE","surface",-70.9542,18.3229,659
"2026-09-09 18:00:00","2026-09-10 09:00:00","CAPE","surface",-70.9303,18.3229,740
"2026-09-09 18:00:00","2026-09-10 09:00:00","CAPE","surface",-70.9064,18.3229,740
"2026-09-09 18:00:00","2026-09-10 09:00:00","CAPE","surface",-70.8825,18.3229,691
"2026-09-09 18:00:00","2026-09-10 09:00:00","CAPE","surface",-70.8585,18.3229,816
"2026-09-09 18:00:00","2026-09-10 09:00:00","CAPE","surface",-70.8346,18.3229,923
"2026-09-09 18:00:00","2026-09-10 09:00:00","CAPE","surface",-70.8107,18.3229,1318
"2026-09-09 18:00:00","2026-09-10 09:00:00","CAPE","surface",-70.7868,18.3229,1076
"2026-09-09 18:00:00","2026-09-10 09:00:00","CAPE","surface",-70.7628,18.3229,1362
"2026-09-09 18:00:00","2026-09-10 09:00:00","CAPE","surface",-70.7389,18.3229,1396
"2026-09-09 18:00:00","2026-09-10 09:00:00","CAPE","surface",-70.715,18.3229,1445
"2026-09-09 18:00:00","2026-09-10 09:00:00","CAPE","surface",-70.6911,18.3229,1406
"2026-09-09 18:00:00","2026-09-10 09:00:00","CAPE","surface",-70.6671,18.3229,1309
"2026-09-09 18:00:00","2026-09-10 09:00:00","CAPE","surface",-70.6432,18.3229,1359
"2026-09-09 18:00:00","2026-09-10 09:00:00","CAPE","surface",-70.6193,18.3229,1330
"2026-09-09 18:00:00","2026-09-10 09:00:00","CAPE","surface",-70.5954,18.3229,1442
"2026-09-09 18:00:00","2026-09-10 09:00:00","CAPE","surface",-70.5714,18.3229,816
"2026-09-09 18:00:00","2026-09-10 09:00:00","CAPE","surface",-70.5475,18.3229,816
"2026-09-09 18:00:00","2026-09-10 09:00:00","CAPE","surface",-70.5236,18.3229,864
"2026-09-09 18:00:00","2026-09-10 09:00:00","CAPE","surface",-70.4997,18.3229,895
"2026-09-09 18:00:00","2026-09-10 09:00:00","CAPE","surface",-70.4757,18.3229,908
"2026-09-09 18:00:00","2026-09-10 09:00:00","CAPE","surface",-70.4518,18.3229,886
"2026-09-09 18:00:00","2026-09-10 09:00:00","CAPE","surface",-70.4279,18.3229,894
"2026-09-09 18:00:00","2026-09-10 09:00:00","CAPE","surface",-70.404,18.3229,967
"2026-09-09 18:00:00","2026-09-10 09:00:00","CAPE","surface",-70.38,18.3229,982
"2026-09-09 18:00:00","2026-09-10 09:00:00","CAPE","surface",-70.3561,18.3229,1015
"2026-09-09 18:00:00","2026-09-10 09:00:00","CAPE","surface",-70.3322,18.3229,1015
"2026-09-09 18:00:00","2026-09-10 09:00:00","CAPE","surface",-70.3083,18.3229,982
"2026-09-09 18:00:00","2026-09-10 09:00:00","CAPE","surface",-70.2843,18.3229,1012
"2026-09-09 18:00:00","2026-09-10 09:00:00","CAPE","surface",-70.2604,18.3229,1068
"2026-09-09 18:00:00","2026-09-10 09:00:00","CAPE","surface",-70.2365,18.3229,1109
"2026-09-09 18:00:00","2026-09-10 09:00:00","CAPE","surface",-70.2126,18.3229,1089
"2026-09-09 18:00:00","2026-09-10 09:00:00","CAPE","surface",-70.1886,18.3229,1141
"2026-09-09 18:00:00","2026-09-10 09:00:00","CAPE","surface",-70.1647,18.3229,1135
"2026-09-09 18:00:00","2026-09-10 09:00:00","CAPE","surface",-70.1408,18.3229,1157
"2026-09-09 18:00:00","2026-09-10 09:00:00","CAPE","surface",-70.1169,18.3229,1194
"2026-09-09 18:00:00","2026-09-10 09:00:00","CAPE","surface",-70.0929,18.3229,1192
"2026-09-09 18:00:00","2026-09-10 09:00:00","CAPE","surface",-70.069,18.3229,1449
"2026-09-09 18:00:00","2026-09-10 09:00:00","CAPE","surface",-70.0451,18.3229,1759
"2026-09-09 18:00:00","2026-09-10 09:00:00","CAPE","surface",-70.0212,18.3229,2031
"2026-09-09 18:00:00","2026-09-10 09:00:00","CAPE","surface",-69.9972,18.3229,2013
"2026-09-09 18:00:00","2026-09-10 09:00:00","CAPE","surface",-69.9733,18.3229,2147
"2026-09-09 18:00:00","2026-09-10 09:00:00","CAPE","surface",-69.9494,18.3229,2210
"2026-09-09 18:00:00","2026-09-10 09:00:00","CAPE","surface",-69.9255,18.3229,2239
"2026-09-09 18:00:00","2026-09-10 09:00:00","CAPE","surface",-69.9015,18.3229,2280
"2026-09-09 18:00:00","2026-09-10 09:00:00","CAPE","surface",-69.8776,18.3229,2246
"2026-09-09 18:00:00","2026-09-10 09:00:00","CAPE","surface",-69.8537,18.3229,2317
"2026-09-09 18:00:00","2026-09-10 09:00:00","CAPE","surface",-69.8298,18.3229,2391
"2026-09-09 18:00:00","2026-09-10 09:00:00","CAPE","surface",-69.8058,18.3229,2492
"2026-09-09 18:00:00","2026-09-10 09:00:00","CAPE","surface",-69.7819,18.3229,2563
"2026-09-09 18:00:00","2026-09-10 09:00:00","CAPE","surface",-69.758,18.3229,2563
"2026-09-09 18:00:00","2026-09-10 09:00:00","CAPE","surface",-69.7341,18.3229,2597
"2026-09-09 18:00:00","2026-09-10 09:00:00","CAPE","surface",-69.7101,18.3229,2672
"2026-09-09 18:00:00","2026-09-10 09:00:00","CAPE","surface",-69.6862,18.3229,2694
"2026-09-09 18:00:00","2026-09-10 09:00:00","CAPE","surface",-69.6623,18.3229,2630
"2026-09-09 18:00:00","2026-09-10 09:00:00","CAPE","surface",-69.6384,18.3229,2712
"2026-09-09 18:00:00","2026-09-10 09:00:00","CAPE","surface",-69.6144,18.3229,2736
"2026-09-09 18:00:00","2026-09-10 09:00:00","CAPE","surface",-69.5905,18.3229,2852
"2026-09-09 18:00:00","2026-09-10 09:00:00","CAPE","surface",-69.5666,18.3229,2887
"2026-09-09 18:00:00","2026-09-10 09:00:00","CAPE","surface",-69.5427,18.3229,2887
"2026-09-09 18:00:00","2026-09-10 09:00:00","CAPE","surface",-69.5187,18.3229,2915
"2026-09-09 18:00:00","2026-09-10 09:00:00","CAPE","surface",-69.4948,18.3229,2901
"2026-09-09 18:00:00","2026-09-10 09:00:00","CAPE","surface",-69.4709,18.3229,2871
"2026-09-09 18:00:00","2026-09-10 09:00:00","CAPE","surface",-69.447,18.3229,2877
"2026-09-09 18:00:00","2026-09-10 09:00:00","CAPE","surface",-69.423,18.3229,2799
"2026-09-09 18:00:00","2026-09-10 09:00:00","CAPE","surface",-69.3991,18.3229,2687
"2026-09-09 18:00:00","2026-09-10 09:00:00","CAPE","surface",-69.3752,18.3229,2616
"2026-09-09 18:00:00","2026-09-10 09:00:00","CAPE","surface",-69.3513,18.3229,2389
"2026-09-09 18:00:00","2026-09-10 09:00:00","CAPE","surface",-69.3273,18.3229,2389
"2026-09-09 18:00:00","2026-09-10 09:00:00","CAPE","surface",-69.3034,18.3229,2108
"2026-09-09 18:00:00","2026-09-10 09:00:00","CAPE","surface",-69.2795,18.3229,1922
"2026-09-09 18:00:00","2026-09-10 09:00:00","CAPE","surface",-69.2556,18.3229,1900
"2026-09-09 18:00:00","2026-09-10 09:00:00","CAPE","surface",-69.2316,18.3229,2014
"2026-09-09 18:00:00","2026-09-10 09:00:00","CAPE","surface",-69.2077,18.3229,1925
"2026-09-09 18:00:00","2026-09-10 09:00:00","CAPE","surface",-69.1838,18.3229,1894
"2026-09-09 18:00:00","2026-09-10 09:00:00","CAPE","surface",-69.1599,18.3229,1900
"2026-09-09 18:00:00","2026-09-10 09:00:00","CAPE","surface",-69.1359,18.3229,1885
"2026-09-09 18:00:00","2026-09-10 09:00:00","CAPE","surface",-69.112,18.3229,1885
"2026-09-09 18:00:00","2026-09-10 09:00:00","CAPE","surface",-69.0881,18.3229,1944
"2026-09-09 18:00:00","2026-09-10 09:00:00","CAPE","surface",-69.0642,18.3229,2112
"2026-09-09 18:00:00","2026-09-10 09:00:00","CAPE","surface",-69.0402,18.3229,2269
"2026-09-09 18:00:00","2026-09-10 09:00:00","CAPE","surface",-69.0163,18.3229,2267
"2026-09-09 18:00:00","2026-09-10 09:00:00","CAPE","surface",-68.9924,18.3229,2338
"2026-09-09 18:00:00","2026-09-10 09:00:00","CAPE","surface",-68.9685,18.3229,2348
"2026-09-09 18:00:00","2026-09-10 09:00:00","CAPE","surface",-68.9445,18.3229,2398
"2026-09-09 18:00:00","2026-09-10 09:00:00","CAPE","surface",-68.9206,18.3229,2385
"2026-09-09 18:00:00","2026-09-10 09:00:00","CAPE","surface",-68.8967,18.3229,2385
"2026-09-09 18:00:00","2026-09-10 09:00:00","CAPE","surface",-68.8728,18.3229,2335
"2026-09-09 18:00:00","2026-09-10 09:00:00","CAPE","surface",-68.8488,18.3229,2238
"2026-09-09 18:00:00","2026-09-10 09:00:00","CAPE","surface",-68.8249,18.3229,2242
"2026-09-09 18:00:00","2026-09-10 09:00:00","CAPE","surface",-68.801,18.3229,2097
"2026-09-09 18:00:00","2026-09-10 09:00:00","CAPE","surface",-68.7771,18.3229,2066
"2026-09-09 18:00:00","2026-09-10 09:00:00","CAPE","surface",-68.7531,18.3229,2091
"2026-09-09 18:00:00","2026-09-10 09:00:00","CAPE","surface",-68.7292,18.3229,2049
"2026-09-09 18:00:00","2026-09-10 09:00:00","CAPE","surface",-68.7053,18.3229,2076
"2026-09-09 18:00:00","2026-09-10 09:00:00","CAPE","surface",-68.6813,18.3229,1992
"2026-09-09 18:00:00","2026-09-10 09:00:00","CAPE","surface",-68.6574,18.3229,1993
"2026-09-09 18:00:00","2026-09-10 09:00:00","CAPE","surface",-68.6335,18.3229,2053
"2026-09-09 18:00:00","2026-09-10 09:00:00","CAPE","surface",-68.6096,18.3229,2197
"2026-09-09 18:00:00","2026-09-10 09:00:00","CAPE","surface",-68.5856,18.3229,2234
"2026-09-09 18:00:00","2026-09-10 09:00:00","CAPE","surface",-68.5617,18.3229,2285
"2026-09-09 18:00:00","2026-09-10 09:00:00","CAPE","surface",-68.5378,18.3229,2293
"2026-09-09 18:00:00","2026-09-10 09:00:00","CAPE","surface",-68.5139,18.3229,2299
"2026-09-09 18:00:00","2026-09-10 09:00:00","CAPE","surface",-68.4899,18.3229,2305
"2026-09-09 18:00:00","2026-09-10 09:00:00","CAPE","surface",-68.466,18.3229,2264
"2026-09-09 18:00:00","2026-09-10 09:00:00","CAPE","surface",-68.4421,18.3229,2163
"2026-09-09 18:00:00","2026-09-10 09:00:00","CAPE","surface",-68.4182,18.3229,2212
"2026-09-09 18:00:00","2026-09-10 09:00:00","CAPE","surface",-68.3942,18.3229,2212
"2026-09-09 18:00:00","2026-09-10 09:00:00","CAPE","surface",-68.3703,18.3229,2250
"2026-09-09 18:00:00","2026-09-10 09:00:00","CAPE","surface",-68.3464,18.3229,2258
"2026-09-09 18:00:00","2026-09-10 09:00:00","CAPE","surface",-68.3225,18.3229,2290
"2026-09-09 18:00:00","2026-09-10 09:00:00","CAPE","surface",-68.2985,18.3229,2248
"2026-09-09 18:00:00","2026-09-10 09:00:00","CAPE","surface",-68.2746,18.3229,2303
"2026-09-09 18:00:00","2026-09-10 09:00:00","CAPE","surface",-68.2507,18.3229,2310
"2026-09-09 18:00:00","2026-09-10 09:00:00","CAPE","surface",-68.2268,18.3229,2222
"2026-09-09 18:00:00","2026-09-10 09:00:00","CAPE","surface",-68.2028,18.3229,2142
"2026-09-09 18:00:00","2026-09-10 09:00:00","CAPE","surface",-68.1789,18.3229,2142
"2026-09-09 18:00:00","2026-09-10 09:00:00","CAPE","surface",-68.155,18.3229,2095
"2026-09-09 18:00:00","2026-09-10 09:00:00","CAPE","surface",-68.1311,18.3229,2057
"2026-09-09 18:00:00","2026-09-10 09:00:00","CAPE","surface",-68.1071,18.3229,2059
"2026-09-09 18:00:00","2026-09-10 09:00:00","CAPE","surface",-68.0832,18.3229,2067
"2026-09-09 18:00:00","2026-09-10 09:00:00","CAPE","surface",-68.0593,18.3229,2050
"2026-09-09 18:00:00","2026-09-10 09:00:00","CAPE","surface",-68.0354,18.3229,2026
"2026-09-09 18:00:00","2026-09-10 09:00:00","CAPE","surface",-68.0114,18.3229,2006
"2026-09-09 18:00:00","2026-09-10 09:00:00","CAPE","surface",-67.9875,18.3229,2005
"2026-09-09 18:00:00","2026-09-10 09:00:00","CAPE","surface",-67.9636,18.3229,2008
"2026-09-09 18:00:00","2026-09-10 09:00:00","CAPE","surface",-67.9397,18.3229,2035
"2026-09-09 18:00:00","2026-09-10 09:00:00","CAPE","surface",-67.9157,18.3229,2032
"2026-09-09 18:00:00","2026-09-10 09:00:00","CAPE","surface",-67.8918,18.3229,2035
"2026-09-09 18:00:00","2026-09-10 09:00:00","CAPE","surface",-67.8679,18.3229,2072
"2026-09-09 18:00:00","2026-09-10 09:00:00","CAPE","surface",-67.844,18.3229,2014
"2026-09-09 18:00:00","2026-09-10 09:00:00","CAPE","surface",-67.82,18.3229,2001
"2026-09-09 18:00:00","2026-09-10 09:00:00","CAPE","surface",-67.7961,18.3229,1926
"2026-09-09 18:00:00","2026-09-10 09:00:00","CAPE","surface",-67.7722,18.3229,2004
"2026-09-09 18:00:00","2026-09-10 09:00:00","CAPE","surface",-67.7483,18.3229,1916
"2026-09-09 18:00:00","2026-09-10 09:00:00","CAPE","surface",-67.7243,18.3229,1952
"2026-09-09 18:00:00","2026-09-10 09:00:00","CAPE","surface",-67.7004,18.3229,1956
"2026-09-09 18:00:00","2026-09-10 09:00:00","CAPE","surface",-67.6765,18.3229,1956
"2026-09-09 18:00:00","2026-09-10 09:00:00","CAPE","surface",-67.6526,18.3229,2013
"2026-09-09 18:00:00","2026-09-10 09:00:00","CAPE","surface",-67.6286,18.3229,1970
"2026-09-09 18:00:00","2026-09-10 09:00:00","CAPE","surface",-67.6047,18.3229,2046
"2026-09-09 18:00:00","2026-09-10 09:00:00","CAPE","surface",-67.5808,18.3229,2046
"2026-09-09 18:00:00","2026-09-10 09:00:00","CAPE","surface",-67.5569,18.3229,2031
"2026-09-09 18:00:00","2026-09-10 09:00:00","CAPE","surface",-67.5329,18.3229,2037
"2026-09-09 18:00:00","2026-09-10 09:00:00","CAPE","surface",-67.509,18.3229,1968
"2026-09-09 18:00:00","2026-09-10 09:00:00","CAPE","surface",-67.4851,18.3229,2022
"2026-09-09 18:00:00","2026-09-10 09:00:00","CAPE","surface",-67.4612,18.3229,1976
"2026-09-09 18:00:00","2026-09-10 09:00:00","CAPE","surface",-67.4372,18.3229,1970
"2026-09-09 18:00:00","2026-09-10 09:00:00","CAPE","surface",-67.4133,18.3229,1935
"2026-09-09 18:00:00","2026-09-10 09:00:00","CAPE","surface",-67.3894,18.3229,1947
"2026-09-09 18:00:00","2026-09-10 09:00:00","CAPE","surface",-67.3655,18.3229,1840
"2026-09-09 18:00:00","2026-09-10 09:00:00","CAPE","surface",-67.3415,18.3229,1841
"2026-09-09 18:00:00","2026-09-10 09:00:00","CAPE","surface",-67.3176,18.3229,1604
"2026-09-09 18:00:00","2026-09-10 09:00:00","CAPE","surface",-67.2937,18.3229,1538
"2026-09-09 18:00:00","2026-09-10 09:00:00","CAPE","surface",-67.2698,18.3229,1439
"2026-09-09 18:00:00","2026-09-10 09:00:00","CAPE","surface",-67.2458,18.3229,1347
"2026-09-09 18:00:00","2026-09-10 09:00:00","CAPE","surface",-67.2219,18.3229,883
"2026-09-09 18:00:00","2026-09-10 09:00:00","CAPE","surface",-67.198,18.3229,882
"2026-09-09 18:00:00","2026-09-10 09:00:00","CAPE","surface",-67.1741,18.3229,882
"2026-09-09 18:00:00","2026-09-10 09:00:00","CAPE","surface",-67.1501,18.3229,916
"2026-09-09 18:00:00","2026-09-10 09:00:00","CAPE","surface",-67.1262,18.3229,910
"2026-09-09 18:00:00","2026-09-10 09:00:00","CAPE","surface",-67.1023,18.3229,945
"2026-09-09 18:00:00","2026-09-10 09:00:00","CAPE","surface",-67.0784,18.3229,945
"2026-09-09 18:00:00","2026-09-10 09:00:00","CAPE","surface",-67.0544,18.3229,985
"2026-09-09 18:00:00","2026-09-10 09:00:00","CAPE","surface",-67.0305,18.3229,1028
"2026-09-09 18:00:00","2026-09-10 09:00:00","CAPE","surface",-67.0066,18.3229,1000
"2026-09-09 18:00:00","2026-09-10 09:00:00","CAPE","surface",-74.7822,18.3456,2350
"2026-09-09 18:00:00","2026-09-10 09:00:00","CAPE","surface",-74.7583,18.3456,2261
"2026-09-09 18:00:00","2026-09-10 09:00:00","CAPE","surface",-74.7344,18.3456,2280
"2026-09-09 18:00:00","2026-09-10 09:00:00","CAPE","surface",-74.7105,18.3456,2214
"2026-09-09 18:00:00","2026-09-10 09:00:00","CAPE","surface",-74.6865,18.3456,2254
"2026-09-09 18:00:00","2026-09-10 09:00:00","CAPE","surface",-74.6626,18.3456,2108
"2026-09-09 18:00:00","2026-09-10 09:00:00","CAPE","surface",-74.6387,18.3456,1991
"2026-09-09 18:00:00","2026-09-10 09:00:00","CAPE","surface",-74.6148,18.3456,2048
"2026-09-09 18:00:00","2026-09-10 09:00:00","CAPE","surface",-74.5908,18.3456,1929
"2026-09-09 18:00:00","2026-09-10 09:00:00","CAPE","surface",-74.5669,18.3456,1961
"2026-09-09 18:00:00","2026-09-10 09:00:00","CAPE","surface",-74.543,18.3456,1790
"2026-09-09 18:00:00","2026-09-10 09:00:00","CAPE","surface",-74.5191,18.3456,1790
"2026-09-09 18:00:00","2026-09-10 09:00:00","CAPE","surface",-74.4951,18.3456,1527
"2026-09-09 18:00:00","2026-09-10 09:00:00","CAPE","surface",-74.4712,18.3456,1409
"2026-09-09 18:00:00","2026-09-10 09:00:00","CAPE","surface",-74.4473,18.3456,1126
"2026-09-09 18:00:00","2026-09-10 09:00:00","CAPE","surface",-74.4234,18.3456,948
"2026-09-09 18:00:00","2026-09-10 09:00:00","CAPE","surface",-74.3994,18.3456,840
"2026-09-09 18:00:00","2026-09-10 09:00:00","CAPE","surface",-74.3755,18.3456,840
"2026-09-09 18:00:00","2026-09-10 09:00:00","CAPE","surface",-74.3516,18.3456,738
"2026-09-09 18:00:00","2026-09-10 09:00:00","CAPE","surface",-74.3277,18.3456,764
"2026-09-09 18:00:00","2026-09-10 09:00:00","CAPE","surface",-74.3037,18.3456,687
"2026-09-09 18:00:00","2026-09-10 09:00:00","CAPE","surface",-74.2798,18.3456,703
"2026-09-09 18:00:00","2026-09-10 09:00:00","CAPE","surface",-74.2559,18.3456,664
"2026-09-09 18:00:00","2026-09-10 09:00:00","CAPE","surface",-74.232,18.3456,664
"2026-09-09 18:00:00","2026-09-10 09:00:00","CAPE","surface",-74.208,18.3456,569
"2026-09-09 18:00:00","2026-09-10 09:00:00","CAPE","surface",-74.1841,18.3456,571
"2026-09-09 18:00:00","2026-09-10 09:00:00","CAPE","surface",-74.1602,18.3456,379
"2026-09-09 18:00:00","2026-09-10 09:00:00","CAPE","surface",-74.1363,18.3456,468
"2026-09-09 18:00:00","2026-09-10 09:00:00","CAPE","surface",-74.1123,18.3456,165
"2026-09-09 18:00:00","2026-09-10 09:00:00","CAPE","surface",-74.0884,18.3456,264
"2026-09-09 18:00:00","2026-09-10 09:00:00","CAPE","surface",-74.0645,18.3456,0
"2026-09-09 18:00:00","2026-09-10 09:00:00","CAPE","surface",-74.0406,18.3456,98
"2026-09-09 18:00:00","2026-09-10 09:00:00","CAPE","surface",-74.0166,18.3456,273
"2026-09-09 18:00:00","2026-09-10 09:00:00","CAPE","surface",-73.9927,18.3456,518
"2026-09-09 18:00:00","2026-09-10 09:00:00","CAPE","surface",-73.9688,18.3456,428
"2026-09-09 18:00:00","2026-09-10 09:00:00","CAPE","surface",-73.9449,18.3456,707
"2026-09-09 18:00:00","2026-09-10 09:00:00","CAPE","surface",-73.9209,18.3456,1059
"2026-09-09 18:00:00","2026-09-10 09:00:00","CAPE","surface",-73.897,18.3456,1251
"2026-09-09 18:00:00","2026-09-10 09:00:00","CAPE","surface",-73.8731,18.3456,1298
"2026-09-09 18:00:00","2026-09-10 09:00:00","CAPE","surface",-73.8492,18.3456,1328
"2026-09-09 18:00:00","2026-09-10 09:00:00","CAPE","surface",-73.8252,18.3456,1304
"2026-09-09 18:00:00","2026-09-10 09:00:00","CAPE","surface",-73.8013,18.3456,1404
"2026-09-09 18:00:00","2026-09-10 09:00:00","CAPE","surface",-73.7774,18.3456,1447
"2026-09-09 18:00:00","2026-09-10 09:00:00","CAPE","surface",-73.7535,18.3456,1494
"2026-09-09 18:00:00","2026-09-10 09:00:00","CAPE","surface",-73.7295,18.3456,1542
"2026-09-09 18:00:00","2026-09-10 09:00:00","CAPE","surface",-73.7056,18.3456,1510
"2026-09-09 18:00:00","2026-09-10 09:00:00","CAPE","surface",-73.6817,18.3456,1545
"2026-09-09 18:00:00","2026-09-10 09:00:00","CAPE","surface",-73.6578,18.3456,1474
"2026-09-09 18:00:00","2026-09-10 09:00:00","CAPE","surface",-73.6338,18.3456,1419
"2026-09-09 18:00:00","2026-09-10 09:00:00","CAPE","surface",-73.6099,18.3456,1312
"2026-09-09 18:00:00","2026-09-10 09:00:00","CAPE","surface",-73.586,18.3456,1380
"2026-09-09 18:00:00","2026-09-10 09:00:00","CAPE","surface",-73.5621,18.3456,1214
"2026-09-09 18:00:00","2026-09-10 09:00:00","CAPE","surface",-73.5381,18.3456,1175
"2026-09-09 18:00:00","2026-09-10 09:00:00","CAPE","surface",-73.5142,18.3456,1005
"2026-09-09 18:00:00","2026-09-10 09:00:00","CAPE","surface",-73.4903,18.3456,1117
"2026-09-09 18:00:00","2026-09-10 09:00:00","CAPE","surface",-73.4664,18.3456,1171
"2026-09-09 18:00:00","2026-09-10 09:00:00","CAPE","surface",-73.4424,18.3456,1171
"2026-09-09 18:00:00","2026-09-10 09:00:00","CAPE","surface",-73.4185,18.3456,1227
"2026-09-09 18:00:00","2026-09-10 09:00:00","CAPE","surface",-73.3946,18.3456,1306
"2026-09-09 18:00:00","2026-09-10 09:00:00","CAPE","surface",-73.3707,18.3456,1284
"2026-09-09 18:00:00","2026-09-10 09:00:00","CAPE","surface",-73.3467,18.3456,1389
"2026-09-09 18:00:00","2026-09-10 09:00:00","CAPE","surface",-73.3228,18.3456,1206
"2026-09-09 18:00:00","2026-09-10 09:00:00","CAPE","surface",-73.2989,18.3456,1206
"2026-09-09 18:00:00","2026-09-10 09:00:00","CAPE","surface",-73.275,18.3456,1197
"2026-09-09 18:00:00","2026-09-10 09:00:00","CAPE","surface",-73.251,18.3456,1351
"2026-09-09 18:00:00","2026-09-10 09:00:00","CAPE","surface",-73.2271,18.3456,1317
"2026-09-09 18:00:00","2026-09-10 09:00:00","CAPE","surface",-73.2032,18.3456,1372
"2026-09-09 18:00:00","2026-09-10 09:00:00","CAPE","surface",-73.1793,18.3456,1372
"2026-09-09 18:00:00","2026-09-10 09:00:00","CAPE","surface",-73.1553,18.3456,1462
"2026-09-09 18:00:00","2026-09-10 09:00:00","CAPE","surface",-73.1314,18.3456,1484
"2026-09-09 18:00:00","2026-09-10 09:00:00","CAPE","surface",-73.1075,18.3456,1459
"2026-09-09 18:00:00","2026-09-10 09:00:00","CAPE","surface",-73.0836,18.3456,1385
"2026-09-09 18:00:00","2026-09-10 09:00:00","CAPE","surface",-73.0596,18.3456,1191
"2026-09-09 18:00:00","2026-09-10 09:00:00","CAPE","surface",-73.0357,18.3456,1191
"2026-09-09 18:00:00","2026-09-10 09:00:00","CAPE","surface",-73.0118,18.3456,724
"2026-09-09 18:00:00","2026-09-10 09:00:00","CAPE","surface",-72.9879,18.3456,634
"2026-09-09 18:00:00","2026-09-10 09:00:00","CAPE","surface",-72.9639,18.3456,641
"2026-09-09 18:00:00","2026-09-10 09:00:00","CAPE","surface",-72.94,18.3456,548
"2026-09-09 18:00:00","2026-09-10 09:00:00","CAPE","surface",-72.9161,18.3456,765
"2026-09-09 18:00:00","2026-09-10 09:00:00","CAPE","surface",-72.8922,18.3456,622
"2026-09-09 18:00:00","2026-09-10 09:00:00","CAPE","surface",-72.8682,18.3456,658
"2026-09-09 18:00:00","2026-09-10 09:00:00","CAPE","surface",-72.8443,18.3456,409
"2026-09-09 18:00:00","2026-09-10 09:00:00","CAPE","surface",-72.8204,18.3456,638
"2026-09-09 18:00:00","2026-09-10 09:00:00","CAPE","surface",-72.7965,18.3456,728
"2026-09-09 18:00:00","2026-09-10 09:00:00","CAPE","surface",-72.7725,18.3456,728
"2026-09-09 18:00:00","2026-09-10 09:00:00","CAPE","surface",-72.7486,18.3456,746
"2026-09-09 18:00:00","2026-09-10 09:00:00","CAPE","surface",-72.7247,18.3456,610
"2026-09-09 18:00:00","2026-09-10 09:00:00","CAPE","surface",-72.7008,18.3456,919
"2026-09-09 18:00:00","2026-09-10 09:00:00","CAPE","surface",-72.6768,18.3456,928
"2026-09-09 18:00:00","2026-09-10 09:00:00","CAPE","surface",-72.6529,18.3456,969
"2026-09-09 18:00:00","2026-09-10 09:00:00","CAPE","surface",-72.629,18.3456,958
"2026-09-09 18:00:00","2026-09-10 09:00:00","CAPE","surface",-72.6051,18.3456,879
"2026-09-09 18:00:00","2026-09-10 09:00:00","CAPE","surface",-72.5811,18.3456,756
"2026-09-09 18:00:00","2026-09-10 09:00:00","CAPE","surface",-72.5572,18.3456,834
"2026-09-09 18:00:00","2026-09-10 09:00:00","CAPE","surface",-72.5333,18.3456,834
"2026-09-09 18:00:00","2026-09-10 09:00:00","CAPE","surface",-72.5094,18.3456,857
"2026-09-09 18:00:00","2026-09-10 09:00:00","CAPE","surface",-72.4854,18.3456,615
"2026-09-09 18:00:00","2026-09-10 09:00:00","CAPE","surface",-72.4615,18.3456,199
"2026-09-09 18:00:00","2026-09-10 09:00:00","CAPE","surface",-72.4376,18.3456,136
"2026-09-09 18:00:00","2026-09-10 09:00:00","CAPE","surface",-72.4137,18.3456,63
"2026-09-09 18:00:00","2026-09-10 09:00:00","CAPE","surface",-72.3897,18.3456,0
"2026-09-09 18:00:00","2026-09-10 09:00:00","CAPE","surface",-72.3658,18.3456,0
"2026-09-09 18:00:00","2026-09-10 09:00:00","CAPE","surface",-72.3419,18.3456,0
"2026-09-09 18:00:00","2026-09-10 09:00:00","CAPE","surface",-72.318,18.3456,0
"2026-09-09 18:00:00","2026-09-10 09:00:00","CAPE","surface",-72.294,18.3456,0
"2026-09-09 18:00:00","2026-09-10 09:00:00","CAPE","surface",-72.2701,18.3456,0
"2026-09-09 18:00:00","2026-09-10 09:00:00","CAPE","surface",-72.2462,18.3456,0
"2026-09-09 18:00:00","2026-09-10 09:00:00","CAPE","surface",-72.2223,18.3456,0
"2026-09-09 18:00:00","2026-09-10 09:00:00","CAPE","surface",-72.1983,18.3456,0
"2026-09-09 18:00:00","2026-09-10 09:00:00","CAPE","surface",-72.1744,18.3456,0
"2026-09-09 18:00:00","2026-09-10 09:00:00","CAPE","surface",-72.1505,18.3456,0
"2026-09-09 18:00:00","2026-09-10 09:00:00","CAPE","surface",-72.1266,18.3456,0
"2026-09-09 18:00:00","2026-09-10 09:00:00","CAPE","surface",-72.1026,18.3456,0
"2026-09-09 18:00:00","2026-09-10 09:00:00","CAPE","surface",-72.0787,18.3456,0
"2026-09-09 18:00:00","2026-09-10 09:00:00","CAPE","surface",-72.0548,18.3456,0
"2026-09-09 18:00:00","2026-09-10 09:00:00","CAPE","surface",-72.0309,18.3456,0
"2026-09-09 18:00:00","2026-09-10 09:00:00","CAPE","surface",-72.0069,18.3456,0
"2026-09-09 18:00:00","2026-09-10 09:00:00","CAPE","surface",-71.983,18.3456,0
"2026-09-09 18:00:00","2026-09-10 09:00:00","CAPE","surface",-71.9591,18.3456,0
"2026-09-09 18:00:00","2026-09-10 09:00:00","CAPE","surface",-71.9352,18.3456,116
"2026-09-09 18:00:00","2026-09-10 09:00:00","CAPE","surface",-71.9112,18.3456,116
"2026-09-09 18:00:00","2026-09-10 09:00:00","CAPE","surface",-71.8873,18.3456,208
"2026-09-09 18:00:00","2026-09-10 09:00:00","CAPE","surface",-71.8634,18.3456,191
"2026-09-09 18:00:00","2026-09-10 09:00:00","CAPE","surface",-71.8395,18.3456,297
"2026-09-09 18:00:00","2026-09-10 09:00:00","CAPE","surface",-71.8155,18.3456,260
"2026-09-09 18:00:00","2026-09-10 09:00:00","CAPE","surface",-71.7916,18.3456,345
"2026-09-09 18:00:00","2026-09-10 09:00:00","CAPE","surface",-71.7677,18.3456,362
"2026-09-09 18:00:00","2026-09-10 09:00:00","CAPE","surface",-71.7438,18.3456,397
"2026-09-09 18:00:00","2026-09-10 09:00:00","CAPE","surface",-71.7198,18.3456,456
"2026-09-09 18:00:00","2026-09-10 09:00:00","CAPE","surface",-71.6959,18.3456,495
"2026-09-09 18:00:00","2026-09-10 09:00:00","CAPE","surface",-71.672,18.3456,478
"2026-09-09 18:00:00","2026-09-10 09:00:00","CAPE","surface",-71.6481,18.3456,520
"2026-09-09 18:00:00","2026-09-10 09:00:00","CAPE","surface",-71.6241,18.3456,525
"2026-09-09 18:00:00","2026-09-10 09:00:00","CAPE","surface",-71.6002,18.3456,552
"2026-09-09 18:00:00","2026-09-10 09:00:00","CAPE","surface",-71.5763,18.3456,609
"2026-09-09 18:00:00","2026-09-10 09:00:00","CAPE","surface",-71.5524,18.3456,609
"2026-09-09 18:00:00","2026-09-10 09:00:00","CAPE","surface",-71.5284,18.3456,666
"2026-09-09 18:00:00","2026-09-10 09:00:00","CAPE","surface",-71.5045,18.3456,715
"2026-09-09 18:00:00","2026-09-10 09:00:00","CAPE","surface",-71.4806,18.3456,753
"2026-09-09 18:00:00","2026-09-10 09:00:00","CAPE","surface",-71.4567,18.3456,788
"2026-09-09 18:00:00","2026-09-10 09:00:00","CAPE","surface",-71.4327,18.3456,755
"2026-09-09 18:00:00","2026-09-10 09:00:00","CAPE","surface",-71.4088,18.3456,769
"2026-09-09 18:00:00","2026-09-10 09:00:00","CAPE","surface",-71.3849,18.3456,790
"2026-09-09 18:00:00","2026-09-10 09:00:00","CAPE","surface",-71.361,18.3456,962
"2026-09-09 18:00:00","2026-09-10 09:00:00","CAPE","surface",-71.337,18.3456,1068
"2026-09-09 18:00:00","2026-09-10 09:00:00","CAPE","surface",-71.3131,18.3456,1056
"2026-09-09 18:00:00","2026-09-10 09:00:00","CAPE","surface",-71.2892,18.3456,1014
"2026-09-09 18:00:00","2026-09-10 09:00:00","CAPE","surface",-71.2653,18.3456,936
"2026-09-09 18:00:00","2026-09-10 09:00:00","CAPE","surface",-71.2413,18.3456,897
"2026-09-09 18:00:00","2026-09-10 09:00:00","CAPE","surface",-71.2174,18.3456,941
"2026-09-09 18:00:00","2026-09-10 09:00:00","CAPE","surface",-71.1935,18.3456,941
"2026-09-09 18:00:00","2026-09-10 09:00:00","CAPE","surface",-71.1696,18.3456,1001
"2026-09-09 18:00:00","2026-09-10 09:00:00","CAPE","surface",-71.1456,18.3456,996
"2026-09-09 18:00:00","2026-09-10 09:00:00","CAPE","surface",-71.1217,18.3456,1015
"2026-09-09 18:00:00","2026-09-10 09:00:00","CAPE","surface",-71.0978,18.3456,976
"2026-09-09 18:00:00","2026-09-10 09:00:00","CAPE","surface",-71.0739,18.3456,963
"2026-09-09 18:00:00","2026-09-10 09:00:00","CAPE","surface",-71.0499,18.3456,486
"2026-09-09 18:00:00","2026-09-10 09:00:00","CAPE","surface",-71.026,18.3456,559
"2026-09-09 18:00:00","2026-09-10 09:00:00","CAPE","surface",-71.0021,18.3456,520
"2026-09-09 18:00:00","2026-09-10 09:00:00","CAPE","surface",-70.9782,18.3456,570
"2026-09-09 18:00:00","2026-09-10 09:00:00","CAPE","surface",-70.9542,18.3456,576
"2026-09-09 18:00:00","2026-09-10 09:00:00","CAPE","surface",-70.9303,18.3456,653
"2026-09-09 18:00:00","2026-09-10 09:00:00","CAPE","surface",-70.9064,18.3456,673
"2026-09-09 18:00:00","2026-09-10 09:00:00","CAPE","surface",-70.8825,18.3456,691
"2026-09-09 18:00:00","2026-09-10 09:00:00","CAPE","surface",-70.8585,18.3456,601
"2026-09-09 18:00:00","2026-09-10 09:00:00","CAPE","surface",-70.8346,18.3456,643
"2026-09-09 18:00:00","2026-09-10 09:00:00","CAPE","surface",-70.8107,18.3456,660
"2026-09-09 18:00:00","2026-09-10 09:00:00","CAPE","surface",-70.7868,18.3456,714
"2026-09-09 18:00:00","2026-09-10 09:00:00","CAPE","surface",-70.7628,18.3456,1077
"2026-09-09 18:00:00","2026-09-10 09:00:00","CAPE","surface",-70.7389,18.3456,883
"2026-09-09 18:00:00","2026-09-10 09:00:00","CAPE","surface",-70.715,18.3456,1180
"2026-09-09 18:00:00","2026-09-10 09:00:00","CAPE","surface",-70.6911,18.3456,1286
"2026-09-09 18:00:00","2026-09-10 09:00:00","CAPE","surface",-70.6671,18.3456,1309
"2026-09-09 18:00:00","2026-09-10 09:00:00","CAPE","surface",-70.6432,18.3456,1265
"2026-09-09 18:00:00","2026-09-10 09:00:00","CAPE","surface",-70.6193,18.3456,1265
"2026-09-09 18:00:00","2026-09-10 09:00:00","CAPE","surface",-70.5954,18.3456,1256
"2026-09-09 18:00:00","2026-09-10 09:00:00","CAPE","surface",-70.5714,18.3456,1183
"2026-09-09 18:00:00","2026-09-10 09:00:00","CAPE","surface",-70.5475,18.3456,845
"2026-09-09 18:00:00","2026-09-10 09:00:00","CAPE","surface",-70.5236,18.3456,864
"2026-09-09 18:00:00","2026-09-10 09:00:00","CAPE","surface",-70.4997,18.3456,864
"2026-09-09 18:00:00","2026-09-10 09:00:00","CAPE","surface",-70.4757,18.3456,893
"2026-09-09 18:00:00","2026-09-10 09:00:00","CAPE","surface",-70.4518,18.3456,913
"2026-09-09 18:00:00","2026-09-10 09:00:00","CAPE","surface",-70.4279,18.3456,930
"2026-09-09 18:00:00","2026-09-10 09:00:00","CAPE","surface",-70.404,18.3456,967
"2026-09-09 18:00:00","2026-09-10 09:00:00","CAPE","surface",-70.38,18.3456,984
"2026-09-09 18:00:00","2026-09-10 09:00:00","CAPE","surface",-70.3561,18.3456,971
"2026-09-09 18:00:00","2026-09-10 09:00:00","CAPE","surface",-70.3322,18.3456,979
"2026-09-09 18:00:00","2026-09-10 09:00:00","CAPE","surface",-70.3083,18.3456,982
"2026-09-09 18:00:00","2026-09-10 09:00:00","CAPE","surface",-70.2843,18.3456,977
"2026-09-09 18:00:00","2026-09-10 09:00:00","CAPE","surface",-70.2604,18.3456,1012
"2026-09-09 18:00:00","2026-09-10 09:00:00","CAPE","surface",-70.2365,18.3456,1054
"2026-09-09 18:00:00","2026-09-10 09:00:00","CAPE","surface",-70.2126,18.3456,1070
"2026-09-09 18:00:00","2026-09-10 09:00:00","CAPE","surface",-70.1886,18.3456,1112
"2026-09-09 18:00:00","2026-09-10 09:00:00","CAPE","surface",-70.1647,18.3456,1089
"2026-09-09 18:00:00","2026-09-10 09:00:00","CAPE","surface",-70.1408,18.3456,1116
"2026-09-09 18:00:00","2026-09-10 09:00:00","CAPE","surface",-70.1169,18.3456,1160
"2026-09-09 18:00:00","2026-09-10 09:00:00","CAPE","surface",-70.0929,18.3456,1192
"2026-09-09 18:00:00","2026-09-10 09:00:00","CAPE","surface",-70.069,18.3456,1375
"2026-09-09 18:00:00","2026-09-10 09:00:00","CAPE","surface",-70.0451,18.3456,1375
"2026-09-09 18:00:00","2026-09-10 09:00:00","CAPE","surface",-70.0212,18.3456,1738
"2026-09-09 18:00:00","2026-09-10 09:00:00","CAPE","surface",-69.9972,18.3456,1994
"2026-09-09 18:00:00","2026-09-10 09:00:00","CAPE","surface",-69.9733,18.3456,2156
"2026-09-09 18:00:00","2026-09-10 09:00:00","CAPE","surface",-69.9494,18.3456,2131
"2026-09-09 18:00:00","2026-09-10 09:00:00","CAPE","surface",-69.9255,18.3456,2194
"2026-09-09 18:00:00","2026-09-10 09:00:00","CAPE","surface",-69.9015,18.3456,2213
"2026-09-09 18:00:00","2026-09-10 09:00:00","CAPE","surface",-69.8776,18.3456,2246
"2026-09-09 18:00:00","2026-09-10 09:00:00","CAPE","surface",-69.8537,18.3456,2308
"2026-09-09 18:00:00","2026-09-10 09:00:00","CAPE","surface",-69.8298,18.3456,2308
"2026-09-09 18:00:00","2026-09-10 09:00:00","CAPE","surface",-69.8058,18.3456,2369
"2026-09-09 18:00:00","2026-09-10 09:00:00","CAPE","surface",-69.7819,18.3456,2412
"2026-09-09 18:00:00","2026-09-10 09:00:00","CAPE","surface",-69.758,18.3456,2506
"2026-09-09 18:00:00","2026-09-10 09:00:00","CAPE","surface",-69.7341,18.3456,2441
"2026-09-09 18:00:00","2026-09-10 09:00:00","CAPE","surface",-69.7101,18.3456,2546
"2026-09-09 18:00:00","2026-09-10 09:00:00","CAPE","surface",-69.6862,18.3456,2554
"2026-09-09 18:00:00","2026-09-10 09:00:00","CAPE","surface",-69.6623,18.3456,2630
"2026-09-09 18:00:00","2026-09-10 09:00:00","CAPE","surface",-69.6384,18.3456,2620
"2026-09-09 18:00:00","2026-09-10 09:00:00","CAPE","surface",-69.6144,18.3456,2620
"2026-09-09 18:00:00","2026-09-10 09:00:00","CAPE","surface",-69.5905,18.3456,2618
"2026-09-09 18:00:00","2026-09-10 09:00:00","CAPE","surface",-69.5666,18.3456,2624
"2026-09-09 18:00:00","2026-09-10 09:00:00","CAPE","surface",-69.5427,18.3456,2813
"2026-09-09 18:00:00","2026-09-10 09:00:00","CAPE","surface",-69.5187,18.3456,2676
"2026-09-09 18:00:00","2026-09-10 09:00:00","CAPE","surface",-69.4948,18.3456,2877
"2026-09-09 18:00:00","2026-09-10 09:00:00","CAPE","surface",-69.4709,18.3456,2891
"2026-09-09 18:00:00","2026-09-10 09:00:00","CAPE","surface",-69.447,18.3456,2877
"2026-09-09 18:00:00","2026-09-10 09:00:00","CAPE","surface",-69.423,18.3456,2792
"2026-09-09 18:00:00","2026-09-10 09:00:00","CAPE","surface",-69.3991,18.3456,2792
"2026-09-09 18:00:00","2026-09-10 09:00:00","CAPE","surface",-69.3752,18.3456,2624
"2026-09-09 18:00:00","2026-09-10 09:00:00","CAPE","surface",-69.3513,18.3456,2361
"2026-09-09 18:00:00","2026-09-10 09:00:00","CAPE","surface",-69.3273,18.3456,2245
"2026-09-09 18:00:00","2026-09-10 09:00:00","CAPE","surface",-69.3034,18.3456,2144
"2026-09-09 18:00:00","2026-09-10 09:00:00","CAPE","surface",-69.2795,18.3456,2076
"2026-09-09 18:00:00","2026-09-10 09:00:00","CAPE","surface",-69.2556,18.3456,2094
"2026-09-09 18:00:00","2026-09-10 09:00:00","CAPE","surface",-69.2316,18.3456,2014
"2026-09-09 18:00:00","2026-09-10 09:00:00","CAPE","surface",-69.2077,18.3456,1986
"2026-09-09 18:00:00","2026-09-10 09:00:00","CAPE","surface",-69.1838,18.3456,1986
"2026-09-09 18:00:00","2026-09-10 09:00:00","CAPE","surface",-69.1599,18.3456,1901
"2026-09-09 18:00:00","2026-09-10 09:00:00","CAPE","surface",-69.1359,18.3456,1874
"2026-09-09 18:00:00","2026-09-10 09:00:00","CAPE","surface",-69.112,18.3456,1868
"2026-09-09 18:00:00","2026-09-10 09:00:00","CAPE","surface",-69.0881,18.3456,1983
"2026-09-09 18:00:00","2026-09-10 09:00:00","CAPE","surface",-69.0642,18.3456,2007
"2026-09-09 18:00:00","2026-09-10 09:00:00","CAPE","surface",-69.0402,18.3456,2162
"2026-09-09 18:00:00","2026-09-10 09:00:00","CAPE","surface",-69.0163,18.3456,2267
"2026-09-09 18:00:00","2026-09-10 09:00:00","CAPE","surface",-68.9924,18.3456,2316
"2026-09-09 18:00:00","2026-09-10 09:00:00","CAPE","surface",-68.9685,18.3456,2316
"2026-09-09 18:00:00","2026-09-10 09:00:00","CAPE","surface",-68.9445,18.3456,2301
"2026-09-09 18:00:00","2026-09-10 09:00:00","CAPE","surface",-68.9206,18.3456,2286
"2026-09-09 18:00:00","2026-09-10 09:00:00","CAPE","surface",-68.8967,18.3456,2321
"2026-09-09 18:00:00","2026-09-10 09:00:00","CAPE","surface",-68.8728,18.3456,2222
"2026-09-09 18:00:00","2026-09-10 09:00:00","CAPE","surface",-68.8488,18.3456,2234
"2026-09-09 18:00:00","2026-09-10 09:00:00","CAPE","surface",-68.8249,18.3456,2026
"2026-09-09 18:00:00","2026-09-10 09:00:00","CAPE","surface",-68.801,18.3456,2097
"2026-09-09 18:00:00","2026-09-10 09:00:00","CAPE","surface",-68.7771,18.3456,2077
"2026-09-09 18:00:00","2026-09-10 09:00:00","CAPE","surface",-68.7531,18.3456,2077
"2026-09-09 18:00:00","2026-09-10 09:00:00","CAPE","surface",-68.7292,18.3456,2077
"2026-09-09 18:00:00","2026-09-10 09:00:00","CAPE","surface",-68.7053,18.3456,2066
"2026-09-09 18:00:00","2026-09-10 09:00:00","CAPE","surface",-68.6813,18.3456,2060
"2026-09-09 18:00:00","2026-09-10 09:00:00","CAPE","surface",-68.6574,18.3456,2055
"2026-09-09 18:00:00","2026-09-10 09:00:00","CAPE","surface",-68.6335,18.3456,2056
"2026-09-09 18:00:00","2026-09-10 09:00:00","CAPE","surface",-68.6096,18.3456,2108
"2026-09-09 18:00:00","2026-09-10 09:00:00","CAPE","surface",-68.5856,18.3456,2234
"2026-09-09 18:00:00","2026-09-10 09:00:00","CAPE","surface",-68.5617,18.3456,2269
"2026-09-09 18:00:00","2026-09-10 09:00:00","CAPE","surface",-68.5378,18.3456,2054
"2026-09-09 18:00:00","2026-09-10 09:00:00","CAPE","surface",-68.5139,18.3456,2156
"2026-09-09 18:00:00","2026-09-10 09:00:00","CAPE","surface",-68.4899,18.3456,2190
"2026-09-09 18:00:00","2026-09-10 09:00:00","CAPE","surface",-68.466,18.3456,2151
"2026-09-09 18:00:00","2026-09-10 09:00:00","CAPE","surface",-68.4421,18.3456,2055
"2026-09-09 18:00:00","2026-09-10 09:00:00","CAPE","surface",-68.4182,18.3456,2168
"2026-09-09 18:00:00","2026-09-10 09:00:00","CAPE","surface",-68.3942,18.3456,2223
"2026-09-09 18:00:00","2026-09-10 09:00:00","CAPE","surface",-68.3703,18.3456,2250
"2026-09-09 18:00:00","2026-09-10 09:00:00","CAPE","surface",-68.3464,18.3456,2230
"2026-09-09 18:00:00","2026-09-10 09:00:00","CAPE","surface",-68.3225,18.3456,2263
"2026-09-09 18:00:00","2026-09-10 09:00:00","CAPE","surface",-68.2985,18.3456,2296
"2026-09-09 18:00:00","2026-09-10 09:00:00","CAPE","surface",-68.2746,18.3456,2312
"2026-09-09 18:00:00","2026-09-10 09:00:00","CAPE","surface",-68.2507,18.3456,2312
"2026-09-09 18:00:00","2026-09-10 09:00:00","CAPE","surface",-68.2268,18.3456,2299
"2026-09-09 18:00:00","2026-09-10 09:00:00","CAPE","surface",-68.2028,18.3456,2239
"2026-09-09 18:00:00","2026-09-10 09:00:00","CAPE","surface",-68.1789,18.3456,2157
"2026-09-09 18:00:00","2026-09-10 09:00:00","CAPE","surface",-68.155,18.3456,2093
"2026-09-09 18:00:00","2026-09-10 09:00:00","CAPE","surface",-68.1311,18.3456,2093
"2026-09-09 18:00:00","2026-09-10 09:00:00","CAPE","surface",-68.1071,18.3456,2084
"2026-09-09 18:00:00","2026-09-10 09:00:00","CAPE","surface",-68.0832,18.3456,2067
"2026-09-09 18:00:00","2026-09-10 09:00:00","CAPE","surface",-68.0593,18.3456,2067
"2026-09-09 18:00:00","2026-09-10 09:00:00","CAPE","surface",-68.0354,18.3456,2067
"2026-09-09 18:00:00","2026-09-10 09:00:00","CAPE","surface",-68.0114,18.3456,2025
"2026-09-09 18:00:00","2026-09-10 09:00:00","CAPE","surface",-67.9875,18.3456,2064
"2026-09-09 18:00:00","2026-09-10 09:00:00","CAPE","surface",-67.9636,18.3456,2047
"2026-09-09 18:00:00","2026-09-10 09:00:00","CAPE","surface",-67.9397,18.3456,2133
"2026-09-09 18:00:00","2026-09-10 09:00:00","CAPE","surface",-67.9157,18.3456,2096
"2026-09-09 18:00:00","2026-09-10 09:00:00","CAPE","surface",-67.8918,18.3456,2141
"2026-09-09 18:00:00","2026-09-10 09:00:00","CAPE","surface",-67.8679,18.3456,2072
"2026-09-09 18:00:00","2026-09-10 09:00:00","CAPE","surface",-67.844,18.3456,2131
"2026-09-09 18:00:00","2026-09-10 09:00:00","CAPE","surface",-67.82,18.3456,2067
"2026-09-09 18:00:00","2026-09-10 09:00:00","CAPE","surface",-67.7961,18.3456,2061
"2026-09-09 18:00:00","2026-09-10 09:00:00","CAPE","surface",-67.7722,18.3456,2067
"2026-09-09 18:00:00","2026-09-10 09:00:00","CAPE","surface",-67.7483,18.3456,2022
"2026-09-09 18:00:00","2026-09-10 09:00:00","CAPE","surface",-67.7243,18.3456,2089
"2026-09-09 18:00:00","2026-09-10 09:00:00","CAPE","surface",-67.7004,18.3456,2035
"2026-09-09 18:00:00","2026-09-10 09:00:00","CAPE","surface",-67.6765,18.3456,2051
"2026-09-09 18:00:00","2026-09-10 09:00:00","CAPE","surface",-67.6526,18.3456,2013
"2026-09-09 18:00:00","2026-09-10 09:00:00","CAPE","surface",-67.6286,18.3456,2088
"2026-09-09 18:00:00","2026-09-10 09:00:00","CAPE","surface",-67.6047,18.3456,2135
"2026-09-09 18:00:00","2026-09-10 09:00:00","CAPE","surface",-67.5808,18.3456,2101
"2026-09-09 18:00:00","2026-09-10 09:00:00","CAPE","surface",-67.5569,18.3456,2078
"2026-09-09 18:00:00","2026-09-10 09:00:00","CAPE","surface",-67.5329,18.3456,2078
"2026-09-09 18:00:00","2026-09-10 09:00:00","CAPE","surface",-67.509,18.3456,2050
"2026-09-09 18:00:00","2026-09-10 09:00:00","CAPE","surface",-67.4851,18.3456,2022
"2026-09-09 18:00:00","2026-09-10 09:00:00","CAPE","surface",-67.4612,18.3456,1993
"2026-09-09 18:00:00","2026-09-10 09:00:00","CAPE","surface",-67.4372,18.3456,1934
"2026-09-09 18:00:00","2026-09-10 09:00:00","CAPE","surface",-67.4133,18.3456,1967
"2026-09-09 18:00:00","2026-09-10 09:00:00","CAPE","surface",-67.3894,18.3456,1860
"2026-09-09 18:00:00","2026-09-10 09:00:00","CAPE","surface",-67.3655,18.3456,1840
"2026-09-09 18:00:00","2026-09-10 09:00:00","CAPE","surface",-67.3415,18.3456,1713
"2026-09-09 18:00:00","2026-09-10 09:00:00","CAPE","surface",-67.3176,18.3456,1692
"2026-09-09 18:00:00","2026-09-10 09:00:00","CAPE","surface",-67.2937,18.3456,1554
"2026-09-09 18:00:00","2026-09-10 09:00:00","CAPE","surface",-67.2698,18.3456,1311
"2026-09-09 18:00:00","2026-09-10 09:00:00","CAPE","surface",-67.2458,18.3456,1311
"2026-09-09 18:00:00","2026-09-10 09:00:00","CAPE","surface",-67.2219,18.3456,925
"2026-09-09 18:00:00","2026-09-10 09:00:00","CAPE","surface",-67.198,18.3456,907
"2026-09-09 18:00:00","2026-09-10 09:00:00","CAPE","surface",-67.1741,18.3456,954
"2026-09-09 18:00:00","2026-09-10 09:00:00","CAPE","surface",-67.1501,18.3456,954
"2026-09-09 18:00:00","2026-09-10 09:00:00","CAPE","surface",-67.1262,18.3456,1038
"2026-09-09 18:00:00","2026-09-10 09:00:00","CAPE","surface",-67.1023,18.3456,1104
"2026-09-09 18:00:00","2026-09-10 09:00:00","CAPE","surface",-67.0784,18.3456,1047
"2026-09-09 18:00:00","2026-09-10 09:00:00","CAPE","surface",-67.0544,18.3456,1091
"2026-09-09 18:00:00","2026-09-10 09:00:00","CAPE","surface",-67.0305,18.3456,1091
"2026-09-09 18:00:00","2026-09-10 09:00:00","CAPE","surface",-67.0066,18.3456,1151
"2026-09-09 18:00:00","2026-09-10 09:00:00","CAPE","surface",-74.7822,18.3684,2255
"2026-09-09 18:00:00","2026-09-10 09:00:00","CAPE","surface",-74.7583,18.3684,2184
"2026-09-09 18:00:00","2026-09-10 09:00:00","CAPE","surface",-74.7344,18.3684,2184
"2026-09-09 18:00:00","2026-09-10 09:00:00","CAPE","surface",-74.7105,18.3684,2070
"2026-09-09 18:00:00","2026-09-10 09:00:00","CAPE","surface",-74.6865,18.3684,2083
"2026-09-09 18:00:00","2026-09-10 09:00:00","CAPE","surface",-74.6626,18.3684,1950
"2026-09-09 18:00:00","2026-09-10 09:00:00","CAPE","surface",-74.6387,18.3684,1991
"2026-09-09 18:00:00","2026-09-10 09:00:00","CAPE","surface",-74.6148,18.3684,1886
"2026-09-09 18:00:00","2026-09-10 09:00:00","CAPE","surface",-74.5908,18.3684,1886
"2026-09-09 18:00:00","2026-09-10 09:00:00","CAPE","surface",-74.5669,18.3684,1762
"2026-09-09 18:00:00","2026-09-10 09:00:00","CAPE","surface",-74.543,18.3684,1785
"2026-09-09 18:00:00","2026-09-10 09:00:00","CAPE","surface",-74.5191,18.3684,1566
"2026-09-09 18:00:00","2026-09-10 09:00:00","CAPE","surface",-74.4951,18.3684,1527
"2026-09-09 18:00:00","2026-09-10 09:00:00","CAPE","surface",-74.4712,18.3684,1425
"2026-09-09 18:00:00","2026-09-10 09:00:00","CAPE","surface",-74.4473,18.3684,1384
"2026-09-09 18:00:00","2026-09-10 09:00:00","CAPE","surface",-74.4234,18.3684,776
"2026-09-09 18:00:00","2026-09-10 09:00:00","CAPE","surface",-74.3994,18.3684,796
"2026-09-09 18:00:00","2026-09-10 09:00:00","CAPE","surface",-74.3755,18.3684,715
"2026-09-09 18:00:00","2026-09-10 09:00:00","CAPE","surface",-74.3516,18.3684,738
"2026-09-09 18:00:00","2026-09-10 09:00:00","CAPE","surface",-74.3277,18.3684,649
"2026-09-09 18:00:00","2026-09-10 09:00:00","CAPE","surface",-74.3037,18.3684,662
"2026-09-09 18:00:00","2026-09-10 09:00:00","CAPE","surface",-74.2798,18.3684,586
"2026-09-09 18:00:00","2026-09-10 09:00:00","CAPE","surface",-74.2559,18.3684,610
"2026-09-09 18:00:00","2026-09-10 09:00:00","CAPE","surface",-74.232,18.3684,457
"2026-09-09 18:00:00","2026-09-10 09:00:00","CAPE","surface",-74.208,18.3684,569
"2026-09-09 18:00:00","2026-09-10 09:00:00","CAPE","surface",-74.1841,18.3684,343
"2026-09-09 18:00:00","2026-09-10 09:00:00","CAPE","surface",-74.1602,18.3684,187
"2026-09-09 18:00:00","2026-09-10 09:00:00","CAPE","surface",-74.1363,18.3684,68
"2026-09-09 18:00:00","2026-09-10 09:00:00","CAPE","surface",-74.1123,18.3684,0
"2026-09-09 18:00:00","2026-09-10 09:00:00","CAPE","surface",-74.0884,18.3684,0
"2026-09-09 18:00:00","2026-09-10 09:00:00","CAPE","surface",-74.0645,18.3684,0
"2026-09-09 18:00:00","2026-09-10 09:00:00","CAPE","surface",-74.0406,18.3684,0
"2026-09-09 18:00:00","2026-09-10 09:00:00","CAPE","surface",-74.0166,18.3684,82
"2026-09-09 18:00:00","2026-09-10 09:00:00","CAPE","surface",-73.9927,18.3684,265
"2026-09-09 18:00:00","2026-09-10 09:00:00","CAPE","surface",-73.9688,18.3684,461
"2026-09-09 18:00:00","2026-09-10 09:00:00","CAPE","surface",-73.9449,18.3684,740
"2026-09-09 18:00:00","2026-09-10 09:00:00","CAPE","surface",-73.9209,18.3684,761
"2026-09-09 18:00:00","2026-09-10 09:00:00","CAPE","surface",-73.897,18.3684,1096
"2026-09-09 18:00:00","2026-09-10 09:00:00","CAPE","surface",-73.8731,18.3684,1289
"2026-09-09 18:00:00","2026-09-10 09:00:00","CAPE","surface",-73.8492,18.3684,1307
"2026-09-09 18:00:00","2026-09-10 09:00:00","CAPE","surface",-73.8252,18.3684,1367
"2026-09-09 18:00:00","2026-09-10 09:00:00","CAPE","surface",-73.8013,18.3684,1404
"2026-09-09 18:00:00","2026-09-10 09:00:00","CAPE","surface",-73.7774,18.3684,1495
"2026-09-09 18:00:00","2026-09-10 09:00:00","CAPE","surface",-73.7535,18.3684,1484
"2026-09-09 18:00:00","2026-09-10 09:00:00","CAPE","surface",-73.7295,18.3684,1491
"2026-09-09 18:00:00","2026-09-10 09:00:00","CAPE","surface",-73.7056,18.3684,1510
"2026-09-09 18:00:00","2026-09-10 09:00:00","CAPE","surface",-73.6817,18.3684,1476
"2026-09-09 18:00:00","2026-09-10 09:00:00","CAPE","surface",-73.6578,18.3684,1474
"2026-09-09 18:00:00","2026-09-10 09:00:00","CAPE","surface",-73.6338,18.3684,1415
"2026-09-09 18:00:00","2026-09-10 09:00:00","CAPE","surface",-73.6099,18.3684,1382
"2026-09-09 18:00:00","2026-09-10 09:00:00","CAPE","surface",-73.586,18.3684,1213
"2026-09-09 18:00:00","2026-09-10 09:00:00","CAPE","surface",-73.5621,18.3684,1214
"2026-09-09 18:00:00","2026-09-10 09:00:00","CAPE","surface",-73.5381,18.3684,971
"2026-09-09 18:00:00","2026-09-10 09:00:00","CAPE","surface",-73.5142,18.3684,994
"2026-09-09 18:00:00","2026-09-10 09:00:00","CAPE","surface",-73.4903,18.3684,1041
"2026-09-09 18:00:00","2026-09-10 09:00:00","CAPE","surface",-73.4664,18.3684,1092
"2026-09-09 18:00:00","2026-09-10 09:00:00","CAPE","surface",-73.4424,18.3684,1167
"2026-09-09 18:00:00","2026-09-10 09:00:00","CAPE","surface",-73.4185,18.3684,1230
"2026-09-09 18:00:00","2026-09-10 09:00:00","CAPE","surface",-73.3946,18.3684,1285
"2026-09-09 18:00:00","2026-09-10 09:00:00","CAPE","surface",-73.3707,18.3684,1271
"2026-09-09 18:00:00","2026-09-10 09:00:00","CAPE","surface",-73.3467,18.3684,1363
"2026-09-09 18:00:00","2026-09-10 09:00:00","CAPE","surface",-73.3228,18.3684,1122
"2026-09-09 18:00:00","2026-09-10 09:00:00","CAPE","surface",-73.2989,18.3684,1161
"2026-09-09 18:00:00","2026-09-10 09:00:00","CAPE","surface",-73.275,18.3684,1364
"2026-09-09 18:00:00","2026-09-10 09:00:00","CAPE","surface",-73.251,18.3684,1364
"2026-09-09 18:00:00","2026-09-10 09:00:00","CAPE","surface",-73.2271,18.3684,1295
"2026-09-09 18:00:00","2026-09-10 09:00:00","CAPE","surface",-73.2032,18.3684,1376
"2026-09-09 18:00:00","2026-09-10 09:00:00","CAPE","surface",-73.1793,18.3684,1402
"2026-09-09 18:00:00","2026-09-10 09:00:00","CAPE","surface",-73.1553,18.3684,1462
"2026-09-09 18:00:00","2026-09-10 09:00:00","CAPE","surface",-73.1314,18.3684,1478
"2026-09-09 18:00:00","2026-09-10 09:00:00","CAPE","surface",-73.1075,18.3684,1478
"2026-09-09 18:00:00","2026-09-10 09:00:00","CAPE","surface",-73.0836,18.3684,1458
"2026-09-09 18:00:00","2026-09-10 09:00:00","CAPE","surface",-73.0596,18.3684,1355
"2026-09-09 18:00:00","2026-09-10 09:00:00","CAPE","surface",-73.0357,18.3684,925
"2026-09-09 18:00:00","2026-09-10 09:00:00","CAPE","surface",-73.0118,18.3684,710
"2026-09-09 18:00:00","2026-09-10 09:00:00","CAPE","surface",-72.9879,18.3684,710
"2026-09-09 18:00:00","2026-09-10 09:00:00","CAPE","surface",-72.9639,18.3684,808
"2026-09-09 18:00:00","2026-09-10 09:00:00","CAPE","surface",-72.94,18.3684,817
"2026-09-09 18:00:00","2026-09-10 09:00:00","CAPE","surface",-72.9161,18.3684,1026
"2026-09-09 18:00:00","2026-09-10 09:00:00","CAPE","surface",-72.8922,18.3684,931
"2026-09-09 18:00:00","2026-09-10 09:00:00","CAPE","surface",-72.8682,18.3684,1152
"2026-09-09 18:00:00","2026-09-10 09:00:00","CAPE","surface",-72.8443,18.3684,888
"2026-09-09 18:00:00","2026-09-10 09:00:00","CAPE","surface",-72.8204,18.3684,1020
"2026-09-09 18:00:00","2026-09-10 09:00:00","CAPE","surface",-72.7965,18.3684,842
"2026-09-09 18:00:00","2026-09-10 09:00:00","CAPE","surface",-72.7725,18.3684,805
"2026-09-09 18:00:00","2026-09-10 09:00:00","CAPE","surface",-72.7486,18.3684,746
"2026-09-09 18:00:00","2026-09-10 09:00:00","CAPE","surface",-72.7247,18.3684,830
"2026-09-09 18:00:00","2026-09-10 09:00:00","CAPE","surface",-72.7008,18.3684,903
"2026-09-09 18:00:00","2026-09-10 09:00:00","CAPE","surface",-72.6768,18.3684,959
"2026-09-09 18:00:00","2026-09-10 09:00:00","CAPE","surface",-72.6529,18.3684,969
"2026-09-09 18:00:00","2026-09-10 09:00:00","CAPE","surface",-72.629,18.3684,1047
"2026-09-09 18:00:00","2026-09-10 09:00:00","CAPE","surface",-72.6051,18.3684,1047
"2026-09-09 18:00:00","2026-09-10 09:00:00","CAPE","surface",-72.5811,18.3684,953
"2026-09-09 18:00:00","2026-09-10 09:00:00","CAPE","surface",-72.5572,18.3684,963
"2026-09-09 18:00:00","2026-09-10 09:00:00","CAPE","surface",-72.5333,18.3684,879
"2026-09-09 18:00:00","2026-09-10 09:00:00","CAPE","surface",-72.5094,18.3684,759
"2026-09-09 18:00:00","2026-09-10 09:00:00","CAPE","surface",-72.4854,18.3684,759
"2026-09-09 18:00:00","2026-09-10 09:00:00","CAPE","surface",-72.4615,18.3684,311
"2026-09-09 18:00:00","2026-09-10 09:00:00","CAPE","surface",-72.4376,18.3684,171
"2026-09-09 18:00:00","2026-09-10 09:00:00","CAPE","surface",-72.4137,18.3684,77
"2026-09-09 18:00:00","2026-09-10 09:00:00","CAPE","surface",-72.3897,18.3684,0
"2026-09-09 18:00:00","2026-09-10 09:00:00","CAPE","surface",-72.3658,18.3684,0
"2026-09-09 18:00:00","2026-09-10 09:00:00","CAPE","surface",-72.3419,18.3684,0
"2026-09-09 18:00:00","2026-09-10 09:00:00","CAPE","surface",-72.318,18.3684,0
"2026-09-09 18:00:00","2026-09-10 09:00:00","CAPE","surface",-72.294,18.3684,0
"2026-09-09 18:00:00","2026-09-10 09:00:00","CAPE","surface",-72.2701,18.3684,0
"2026-09-09 18:00:00","2026-09-10 09:00:00","CAPE","surface",-72.2462,18.3684,0
"2026-09-09 18:00:00","2026-09-10 09:00:00","CAPE","surface",-72.2223,18.3684,0
"2026-09-09 18:00:00","2026-09-10 09:00:00","CAPE","surface",-72.1983,18.3684,0
"2026-09-09 18:00:00","2026-09-10 09:00:00","CAPE","surface",-72.1744,18.3684,0
"2026-09-09 18:00:00","2026-09-10 09:00:00","CAPE","surface",-72.1505,18.3684,0
"2026-09-09 18:00:00","2026-09-10 09:00:00","CAPE","surface",-72.1266,18.3684,0
"2026-09-09 18:00:00","2026-09-10 09:00:00","CAPE","surface",-72.1026,18.3684,0
"2026-09-09 18:00:00","2026-09-10 09:00:00","CAPE","surface",-72.0787,18.3684,0
"2026-09-09 18:00:00","2026-09-10 09:00:00","CAPE","surface",-72.0548,18.3684,0
"2026-09-09 18:00:00","2026-09-10 09:00:00","CAPE","surface",-72.0309,18.3684,0
"2026-09-09 18:00:00","2026-09-10 09:00:00","CAPE","surface",-72.0069,18.3684,0
"2026-09-09 18:00:00","2026-09-10 09:00:00","CAPE","surface",-71.983,18.3684,0
"2026-09-09 18:00:00","2026-09-10 09:00:00","CAPE","surface",-71.9591,18.3684,52
"2026-09-09 18:00:00","2026-09-10 09:00:00","CAPE","surface",-71.9352,18.3684,81
"2026-09-09 18:00:00","2026-09-10 09:00:00","CAPE","surface",-71.9112,18.3684,228
"2026-09-09 18:00:00","2026-09-10 09:00:00","CAPE","surface",-71.8873,18.3684,208
"2026-09-09 18:00:00","2026-09-10 09:00:00","CAPE","surface",-71.8634,18.3684,336
"2026-09-09 18:00:00","2026-09-10 09:00:00","CAPE","surface",-71.8395,18.3684,314
"2026-09-09 18:00:00","2026-09-10 09:00:00","CAPE","surface",-71.8155,18.3684,315
"2026-09-09 18:00:00","2026-09-10 09:00:00","CAPE","surface",-71.7916,18.3684,281
"2026-09-09 18:00:00","2026-09-10 09:00:00","CAPE","surface",-71.7677,18.3684,327
"2026-09-09 18:00:00","2026-09-10 09:00:00","CAPE","surface",-71.7438,18.3684,329
"2026-09-09 18:00:00","2026-09-10 09:00:00","CAPE","surface",-71.7198,18.3684,366
"2026-09-09 18:00:00","2026-09-10 09:00:00","CAPE","surface",-71.6959,18.3684,426
"2026-09-09 18:00:00","2026-09-10 09:00:00","CAPE","surface",-71.672,18.3684,478
"2026-09-09 18:00:00","2026-09-10 09:00:00","CAPE","surface",-71.6481,18.3684,502
"2026-09-09 18:00:00","2026-09-10 09:00:00","CAPE","surface",-71.6241,18.3684,502
"2026-09-09 18:00:00","2026-09-10 09:00:00","CAPE","surface",-71.6002,18.3684,533
"2026-09-09 18:00:00","2026-09-10 09:00:00","CAPE","surface",-71.5763,18.3684,560
"2026-09-09 18:00:00","2026-09-10 09:00:00","CAPE","surface",-71.5524,18.3684,629
"2026-09-09 18:00:00","2026-09-10 09:00:00","CAPE","surface",-71.5284,18.3684,666
"2026-09-09 18:00:00","2026-09-10 09:00:00","CAPE","surface",-71.5045,18.3684,654
"2026-09-09 18:00:00","2026-09-10 09:00:00","CAPE","surface",-71.4806,18.3684,682
"2026-09-09 18:00:00","2026-09-10 09:00:00","CAPE","surface",-71.4567,18.3684,715
"2026-09-09 18:00:00","2026-09-10 09:00:00","CAPE","surface",-71.4327,18.3684,697
"2026-09-09 18:00:00","2026-09-10 09:00:00","CAPE","surface",-71.4088,18.3684,729
"2026-09-09 18:00:00","2026-09-10 09:00:00","CAPE","surface",-71.3849,18.3684,766
"2026-09-09 18:00:00","2026-09-10 09:00:00","CAPE","surface",-71.361,18.3684,818
"2026-09-09 18:00:00","2026-09-10 09:00:00","CAPE","surface",-71.337,18.3684,1031
"2026-09-09 18:00:00","2026-09-10 09:00:00","CAPE","surface",-71.3131,18.3684,1056
"2026-09-09 18:00:00","2026-09-10 09:00:00","CAPE","surface",-71.2892,18.3684,961
"2026-09-09 18:00:00","2026-09-10 09:00:00","CAPE","surface",-71.2653,18.3684,961
"2026-09-09 18:00:00","2026-09-10 09:00:00","CAPE","surface",-71.2413,18.3684,936
"2026-09-09 18:00:00","2026-09-10 09:00:00","CAPE","surface",-71.2174,18.3684,926
"2026-09-09 18:00:00","2026-09-10 09:00:00","CAPE","surface",-71.1935,18.3684,1014
"2026-09-09 18:00:00","2026-09-10 09:00:00","CAPE","surface",-71.1696,18.3684,1046
"2026-09-09 18:00:00","2026-09-10 09:00:00","CAPE","surface",-71.1456,18.3684,1046
"2026-09-09 18:00:00","2026-09-10 09:00:00","CAPE","surface",-71.1217,18.3684,991
"2026-09-09 18:00:00","2026-09-10 09:00:00","CAPE","surface",-71.0978,18.3684,961
"2026-09-09 18:00:00","2026-09-10 09:00:00","CAPE","surface",-71.0739,18.3684,461
"2026-09-09 18:00:00","2026-09-10 09:00:00","CAPE","surface",-71.0499,18.3684,486
"2026-09-09 18:00:00","2026-09-10 09:00:00","CAPE","surface",-71.026,18.3684,452
"2026-09-09 18:00:00","2026-09-10 09:00:00","CAPE","surface",-71.0021,18.3684,500
"2026-09-09 18:00:00","2026-09-10 09:00:00","CAPE","surface",-70.9782,18.3684,540
"2026-09-09 18:00:00","2026-09-10 09:00:00","CAPE","surface",-70.9542,18.3684,576
"2026-09-09 18:00:00","2026-09-10 09:00:00","CAPE","surface",-70.9303,18.3684,639
"2026-09-09 18:00:00","2026-09-10 09:00:00","CAPE","surface",-70.9064,18.3684,623
"2026-09-09 18:00:00","2026-09-10 09:00:00","CAPE","surface",-70.8825,18.3684,617
"2026-09-09 18:00:00","2026-09-10 09:00:00","CAPE","surface",-70.8585,18.3684,562
"2026-09-09 18:00:00","2026-09-10 09:00:00","CAPE","surface",-70.8346,18.3684,554
"2026-09-09 18:00:00","2026-09-10 09:00:00","CAPE","surface",-70.8107,18.3684,566
"2026-09-09 18:00:00","2026-09-10 09:00:00","CAPE","surface",-70.7868,18.3684,611
"2026-09-09 18:00:00","2026-09-10 09:00:00","CAPE","surface",-70.7628,18.3684,701
"2026-09-09 18:00:00","2026-09-10 09:00:00","CAPE","surface",-70.7389,18.3684,883
"2026-09-09 18:00:00","2026-09-10 09:00:00","CAPE","surface",-70.715,18.3684,1118
"2026-09-09 18:00:00","2026-09-10 09:00:00","CAPE","surface",-70.6911,18.3684,1118
"2026-09-09 18:00:00","2026-09-10 09:00:00","CAPE","surface",-70.6671,18.3684,1196
"2026-09-09 18:00:00","2026-09-10 09:00:00","CAPE","surface",-70.6432,18.3684,1116
"2026-09-09 18:00:00","2026-09-10 09:00:00","CAPE","surface",-70.6193,18.3684,1169
"2026-09-09 18:00:00","2026-09-10 09:00:00","CAPE","surface",-70.5954,18.3684,1034
"2026-09-09 18:00:00","2026-09-10 09:00:00","CAPE","surface",-70.5714,18.3684,1034
"2026-09-09 18:00:00","2026-09-10 09:00:00","CAPE","surface",-70.5475,18.3684,787
"2026-09-09 18:00:00","2026-09-10 09:00:00","CAPE","surface",-70.5236,18.3684,831
"2026-09-09 18:00:00","2026-09-10 09:00:00","CAPE","surface",-70.4997,18.3684,858
"2026-09-09 18:00:00","2026-09-10 09:00:00","CAPE","surface",-70.4757,18.3684,893
"2026-09-09 18:00:00","2026-09-10 09:00:00","CAPE","surface",-70.4518,18.3684,902
"2026-09-09 18:00:00","2026-09-10 09:00:00","CAPE","surface",-70.4279,18.3684,928
"2026-09-09 18:00:00","2026-09-10 09:00:00","CAPE","surface",-70.404,18.3684,962
"2026-09-09 18:00:00","2026-09-10 09:00:00","CAPE","surface",-70.38,18.3684,994
"2026-09-09 18:00:00","2026-09-10 09:00:00","CAPE","surface",-70.3561,18.3684,994
"2026-09-09 18:00:00","2026-09-10 09:00:00","CAPE","surface",-70.3322,18.3684,982
"2026-09-09 18:00:00","2026-09-10 09:00:00","CAPE","surface",-70.3083,18.3684,954
"2026-09-09 18:00:00","2026-09-10 09:00:00","CAPE","surface",-70.2843,18.3684,979
"2026-09-09 18:00:00","2026-09-10 09:00:00","CAPE","surface",-70.2604,18.3684,1012
"2026-09-09 18:00:00","2026-09-10 09:00:00","CAPE","surface",-70.2365,18.3684,990
"2026-09-09 18:00:00","2026-09-10 09:00:00","CAPE","surface",-70.2126,18.3684,1033
"2026-09-09 18:00:00","2026-09-10 09:00:00","CAPE","surface",-70.1886,18.3684,1066
"2026-09-09 18:00:00","2026-09-10 09:00:00","CAPE","surface",-70.1647,18.3684,1089
"2026-09-09 18:00:00","2026-09-10 09:00:00","CAPE","surface",-70.1408,18.3684,1125
"2026-09-09 18:00:00","2026-09-10 09:00:00","CAPE","surface",-70.1169,18.3684,1142
"2026-09-09 18:00:00","2026-09-10 09:00:00","CAPE","surface",-70.0929,18.3684,1174
"2026-09-09 18:00:00","2026-09-10 09:00:00","CAPE","surface",-70.069,18.3684,1213
"2026-09-09 18:00:00","2026-09-10 09:00:00","CAPE","surface",-70.0451,18.3684,1222
"2026-09-09 18:00:00","2026-09-10 09:00:00","CAPE","surface",-70.0212,18.3684,1288
"2026-09-09 18:00:00","2026-09-10 09:00:00","CAPE","surface",-69.9972,18.3684,1762
"2026-09-09 18:00:00","2026-09-10 09:00:00","CAPE","surface",-69.9733,18.3684,1926
"2026-09-09 18:00:00","2026-09-10 09:00:00","CAPE","surface",-69.9494,18.3684,2131
"2026-09-09 18:00:00","2026-09-10 09:00:00","CAPE","surface",-69.9255,18.3684,2177
"2026-09-09 18:00:00","2026-09-10 09:00:00","CAPE","surface",-69.9015,18.3684,2124
"2026-09-09 18:00:00","2026-09-10 09:00:00","CAPE","surface",-69.8776,18.3684,2186
"2026-09-09 18:00:00","2026-09-10 09:00:00","CAPE","surface",-69.8537,18.3684,2216
"2026-09-09 18:00:00","2026-09-10 09:00:00","CAPE","surface",-69.8298,18.3684,2298
"2026-09-09 18:00:00","2026-09-10 09:00:00","CAPE","surface",-69.8058,18.3684,2337
"2026-09-09 18:00:00","2026-09-10 09:00:00","CAPE","surface",-69.7819,18.3684,2337
"2026-09-09 18:00:00","2026-09-10 09:00:00","CAPE","surface",-69.758,18.3684,2347
"2026-09-09 18:00:00","2026-09-10 09:00:00","CAPE","surface",-69.7341,18.3684,2441
"2026-09-09 18:00:00","2026-09-10 09:00:00","CAPE","surface",-69.7101,18.3684,2446
"2026-09-09 18:00:00","2026-09-10 09:00:00","CAPE","surface",-69.6862,18.3684,2446
"2026-09-09 18:00:00","2026-09-10 09:00:00","CAPE","surface",-69.6623,18.3684,2457
"2026-09-09 18:00:00","2026-09-10 09:00:00","CAPE","surface",-69.6384,18.3684,2460
"2026-09-09 18:00:00","2026-09-10 09:00:00","CAPE","surface",-69.6144,18.3684,2512
"2026-09-09 18:00:00","2026-09-10 09:00:00","CAPE","surface",-69.5905,18.3684,2445
"2026-09-09 18:00:00","2026-09-10 09:00:00","CAPE","surface",-69.5666,18.3684,2445
"2026-09-09 18:00:00","2026-09-10 09:00:00","CAPE","surface",-69.5427,18.3684,2367
"2026-09-09 18:00:00","2026-09-10 09:00:00","CAPE","surface",-69.5187,18.3684,2676
"2026-09-09 18:00:00","2026-09-10 09:00:00","CAPE","surface",-69.4948,18.3684,2741
"2026-09-09 18:00:00","2026-09-10 09:00:00","CAPE","surface",-69.4709,18.3684,2741
"2026-09-09 18:00:00","2026-09-10 09:00:00","CAPE","surface",-69.447,18.3684,2789
"2026-09-09 18:00:00","2026-09-10 09:00:00","CAPE","surface",-69.423,18.3684,2790
"2026-09-09 18:00:00","2026-09-10 09:00:00","CAPE","surface",-69.3991,18.3684,2762
"2026-09-09 18:00:00","2026-09-10 09:00:00","CAPE","surface",-69.3752,18.3684,2530
"2026-09-09 18:00:00","2026-09-10 09:00:00","CAPE","surface",-69.3513,18.3684,2530
"2026-09-09 18:00:00","2026-09-10 09:00:00","CAPE","surface",-69.3273,18.3684,2252
"2026-09-09 18:00:00","2026-09-10 09:00:00","CAPE","surface",-69.3034,18.3684,2144
"2026-09-09 18:00:00","2026-09-10 09:00:00","CAPE","surface",-69.2795,18.3684,2117
"2026-09-09 18:00:00","2026-09-10 09:00:00","CAPE","surface",-69.2556,18.3684,2117
"2026-09-09 18:00:00","2026-09-10 09:00:00","CAPE","surface",-69.2316,18.3684,2183
"2026-09-09 18:00:00","2026-09-10 09:00:00","CAPE","surface",-69.2077,18.3684,2194
"2026-09-09 18:00:00","2026-09-10 09:00:00","CAPE","surface",-69.1838,18.3684,2044
"2026-09-09 18:00:00","2026-09-10 09:00:00","CAPE","surface",-69.1599,18.3684,2007
"2026-09-09 18:00:00","2026-09-10 09:00:00","CAPE","surface",-69.1359,18.3684,2007
"2026-09-09 18:00:00","2026-09-10 09:00:00","CAPE","surface",-69.112,18.3684,2051
"2026-09-09 18:00:00","2026-09-10 09:00:00","CAPE","surface",-69.0881,18.3684,1983
"2026-09-09 18:00:00","2026-09-10 09:00:00","CAPE","surface",-69.0642,18.3684,2110
"2026-09-09 18:00:00","2026-09-10 09:00:00","CAPE","surface",-69.0402,18.3684,2110
"2026-09-09 18:00:00","2026-09-10 09:00:00","CAPE","surface",-69.0163,18.3684,2173
"2026-09-09 18:00:00","2026-09-10 09:00:00","CAPE","surface",-68.9924,18.3684,2253
"2026-09-09 18:00:00","2026-09-10 09:00:00","CAPE","surface",-68.9685,18.3684,2275
"2026-09-09 18:00:00","2026-09-10 09:00:00","CAPE","surface",-68.9445,18.3684,2242
"2026-09-09 18:00:00","2026-09-10 09:00:00","CAPE","surface",-68.9206,18.3684,2242
"2026-09-09 18:00:00","2026-09-10 09:00:00","CAPE","surface",-68.8967,18.3684,2175
"2026-09-09 18:00:00","2026-09-10 09:00:00","CAPE","surface",-68.8728,18.3684,2222
"2026-09-09 18:00:00","2026-09-10 09:00:00","CAPE","surface",-68.8488,18.3684,2094
"2026-09-09 18:00:00","2026-09-10 09:00:00","CAPE","surface",-68.8249,18.3684,1962
"2026-09-09 18:00:00","2026-09-10 09:00:00","CAPE","surface",-68.801,18.3684,2011
"2026-09-09 18:00:00","2026-09-10 09:00:00","CAPE","surface",-68.7771,18.3684,1997
"2026-09-09 18:00:00","2026-09-10 09:00:00","CAPE","surface",-68.7531,18.3684,2046
"2026-09-09 18:00:00","2026-09-10 09:00:00","CAPE","surface",-68.7292,18.3684,1956
"2026-09-09 18:00:00","2026-09-10 09:00:00","CAPE","surface",-68.7053,18.3684,2021
"2026-09-09 18:00:00","2026-09-10 09:00:00","CAPE","surface",-68.6813,18.3684,1993
"2026-09-09 18:00:00","2026-09-10 09:00:00","CAPE","surface",-68.6574,18.3684,2055
"2026-09-09 18:00:00","2026-09-10 09:00:00","CAPE","surface",-68.6335,18.3684,2055
"2026-09-09 18:00:00","2026-09-10 09:00:00","CAPE","surface",-68.6096,18.3684,1993
"2026-09-09 18:00:00","2026-09-10 09:00:00","CAPE","surface",-68.5856,18.3684,2091
"2026-09-09 18:00:00","2026-09-10 09:00:00","CAPE","surface",-68.5617,18.3684,2012
"2026-09-09 18:00:00","2026-09-10 09:00:00","CAPE","surface",-68.5378,18.3684,2054
"2026-09-09 18:00:00","2026-09-10 09:00:00","CAPE","surface",-68.5139,18.3684,2117
"2026-09-09 18:00:00","2026-09-10 09:00:00","CAPE","surface",-68.4899,18.3684,2118
"2026-09-09 18:00:00","2026-09-10 09:00:00","CAPE","surface",-68.466,18.3684,2100
"2026-09-09 18:00:00","2026-09-10 09:00:00","CAPE","surface",-68.4421,18.3684,2055
"2026-09-09 18:00:00","2026-09-10 09:00:00","CAPE","surface",-68.4182,18.3684,2179
"2026-09-09 18:00:00","2026-09-10 09:00:00","CAPE","surface",-68.3942,18.3684,2239
"2026-09-09 18:00:00","2026-09-10 09:00:00","CAPE","surface",-68.3703,18.3684,2235
"2026-09-09 18:00:00","2026-09-10 09:00:00","CAPE","surface",-68.3464,18.3684,2226
"2026-09-09 18:00:00","2026-09-10 09:00:00","CAPE","surface",-68.3225,18.3684,2263
"2026-09-09 18:00:00","2026-09-10 09:00:00","CAPE","surface",-68.2985,18.3684,2250
"2026-09-09 18:00:00","2026-09-10 09:00:00","CAPE","surface",-68.2746,18.3684,2283
"2026-09-09 18:00:00","2026-09-10 09:00:00","CAPE","surface",-68.2507,18.3684,2284
"2026-09-09 18:00:00","2026-09-10 09:00:00","CAPE","surface",-68.2268,18.3684,2258
"2026-09-09 18:00:00","2026-09-10 09:00:00","CAPE","surface",-68.2028,18.3684,2258
"2026-09-09 18:00:00","2026-09-10 09:00:00","CAPE","surface",-68.1789,18.3684,2175
"2026-09-09 18:00:00","2026-09-10 09:00:00","CAPE","surface",-68.155,18.3684,2125
"2026-09-09 18:00:00","2026-09-10 09:00:00","CAPE","surface",-68.1311,18.3684,2088
"2026-09-09 18:00:00","2026-09-10 09:00:00","CAPE","surface",-68.1071,18.3684,2088
"2026-09-09 18:00:00","2026-09-10 09:00:00","CAPE","surface",-68.0832,18.3684,2123
"2026-09-09 18:00:00","2026-09-10 09:00:00","CAPE","surface",-68.0593,18.3684,2128
"2026-09-09 18:00:00","2026-09-10 09:00:00","CAPE","surface",-68.0354,18.3684,2072
"2026-09-09 18:00:00","2026-09-10 09:00:00","CAPE","surface",-68.0114,18.3684,2081
"2026-09-09 18:00:00","2026-09-10 09:00:00","CAPE","surface",-67.9875,18.3684,2081
"2026-09-09 18:00:00","2026-09-10 09:00:00","CAPE","surface",-67.9636,18.3684,2175
"2026-09-09 18:00:00","2026-09-10 09:00:00","CAPE","surface",-67.9397,18.3684,2133
"2026-09-09 18:00:00","2026-09-10 09:00:00","CAPE","surface",-67.9157,18.3684,2222
"2026-09-09 18:00:00","2026-09-10 09:00:00","CAPE","surface",-67.8918,18.3684,2222
"2026-09-09 18:00:00","2026-09-10 09:00:00","CAPE","surface",-67.8679,18.3684,2217
"2026-09-09 18:00:00","2026-09-10 09:00:00","CAPE","surface",-67.844,18.3684,2176
"2026-09-09 18:00:00","2026-09-10 09:00:00","CAPE","surface",-67.82,18.3684,2106
"2026-09-09 18:00:00","2026-09-10 09:00:00","CAPE","surface",-67.7961,18.3684,2141
"2026-09-09 18:00:00","2026-09-10 09:00:00","CAPE","surface",-67.7722,18.3684,2104
"2026-09-09 18:00:00","2026-09-10 09:00:00","CAPE","surface",-67.7483,18.3684,2114
"2026-09-09 18:00:00","2026-09-10 09:00:00","CAPE","surface",-67.7243,18.3684,2089
"2026-09-09 18:00:00","2026-09-10 09:00:00","CAPE","surface",-67.7004,18.3684,2176
"2026-09-09 18:00:00","2026-09-10 09:00:00","CAPE","surface",-67.6765,18.3684,2172
"2026-09-09 18:00:00","2026-09-10 09:00:00","CAPE","surface",-67.6526,18.3684,2129
"2026-09-09 18:00:00","2026-09-10 09:00:00","CAPE","surface",-67.6286,18.3684,2152
"2026-09-09 18:00:00","2026-09-10 09:00:00","CAPE","surface",-67.6047,18.3684,2152
"2026-09-09 18:00:00","2026-09-10 09:00:00","CAPE","surface",-67.5808,18.3684,2131
"2026-09-09 18:00:00","2026-09-10 09:00:00","CAPE","surface",-67.5569,18.3684,2111
"2026-09-09 18:00:00","2026-09-10 09:00:00","CAPE","surface",-67.5329,18.3684,2066
"2026-09-09 18:00:00","2026-09-10 09:00:00","CAPE","surface",-67.509,18.3684,2011
"2026-09-09 18:00:00","2026-09-10 09:00:00","CAPE","surface",-67.4851,18.3684,2011
"2026-09-09 18:00:00","2026-09-10 09:00:00","CAPE","surface",-67.4612,18.3684,1923
"2026-09-09 18:00:00","2026-09-10 09:00:00","CAPE","surface",-67.4372,18.3684,1934
"2026-09-09 18:00:00","2026-09-10 09:00:00","CAPE","surface",-67.4133,18.3684,1836
"2026-09-09 18:00:00","2026-09-10 09:00:00","CAPE","surface",-67.3894,18.3684,1836
"2026-09-09 18:00:00","2026-09-10 09:00:00","CAPE","surface",-67.3655,18.3684,1736
"2026-09-09 18:00:00","2026-09-10 09:00:00","CAPE","surface",-67.3415,18.3684,1672
"2026-09-09 18:00:00","2026-09-10 09:00:00","CAPE","surface",-67.3176,18.3684,1632
"2026-09-09 18:00:00","2026-09-10 09:00:00","CAPE","surface",-67.2937,18.3684,1579
"2026-09-09 18:00:00","2026-09-10 09:00:00","CAPE","surface",-67.2698,18.3684,1507
"2026-09-09 18:00:00","2026-09-10 09:00:00","CAPE","surface",-67.2458,18.3684,1171
"2026-09-09 18:00:00","2026-09-10 09:00:00","CAPE","surface",-67.2219,18.3684,925
"2026-09-09 18:00:00","2026-09-10 09:00:00","CAPE","surface",-67.198,18.3684,1061
"2026-09-09 18:00:00","2026-09-10 09:00:00","CAPE","surface",-67.1741,18.3684,1085
"2026-09-09 18:00:00","2026-09-10 09:00:00","CAPE","surface",-67.1501,18.3684,1064
"2026-09-09 18:00:00","2026-09-10 09:00:00","CAPE","surface",-67.1262,18.3684,1131
"2026-09-09 18:00:00","2026-09-10 09:00:00","CAPE","surface",-67.1023,18.3684,1131
"2026-09-09 18:00:00","2026-09-10 09:00:00","CAPE","surface",-67.0784,18.3684,1180
"2026-09-09 18:00:00","2026-09-10 09:00:00","CAPE","surface",-67.0544,18.3684,1150
"2026-09-09 18:00:00","2026-09-10 09:00:00","CAPE","surface",-67.0305,18.3684,1195
"2026-09-09 18:00:00","2026-09-10 09:00:00","CAPE","surface",-67.0066,18.3684,1231
"2026-09-09 18:00:00","2026-09-10 09:00:00","CAPE","surface",-74.7822,18.3911,2133
"2026-09-09 18:00:00","2026-09-10 09:00:00","CAPE","surface",-74.7583,18.3911,2162
"2026-09-09 18:00:00","2026-09-10 09:00:00","CAPE","surface",-74.7344,18.3911,2047
"2026-09-09 18:00:00","2026-09-10 09:00:00","CAPE","surface",-74.7105,18.3911,2070
"2026-09-09 18:00:00","2026-09-10 09:00:00","CAPE","surface",-74.6865,18.3911,1933
"2026-09-09 18:00:00","2026-09-10 09:00:00","CAPE","surface",-74.6626,18.3911,1935
"2026-09-09 18:00:00","2026-09-10 09:00:00","CAPE","surface",-74.6387,18.3911,1831
"2026-09-09 18:00:00","2026-09-10 09:00:00","CAPE","surface",-74.6148,18.3911,1818
"2026-09-09 18:00:00","2026-09-10 09:00:00","CAPE","surface",-74.5908,18.3911,1768
"2026-09-09 18:00:00","2026-09-10 09:00:00","CAPE","surface",-74.5669,18.3911,1749
"2026-09-09 18:00:00","2026-09-10 09:00:00","CAPE","surface",-74.543,18.3911,1749
"2026-09-09 18:00:00","2026-09-10 09:00:00","CAPE","surface",-74.5191,18.3911,1770
"2026-09-09 18:00:00","2026-09-10 09:00:00","CAPE","surface",-74.4951,18.3911,1471
"2026-09-09 18:00:00","2026-09-10 09:00:00","CAPE","surface",-74.4712,18.3911,1231
"2026-09-09 18:00:00","2026-09-10 09:00:00","CAPE","surface",-74.4473,18.3911,828
"2026-09-09 18:00:00","2026-09-10 09:00:00","CAPE","surface",-74.4234,18.3911,678
"2026-09-09 18:00:00","2026-09-10 09:00:00","CAPE","surface",-74.3994,18.3911,678
"2026-09-09 18:00:00","2026-09-10 09:00:00","CAPE","surface",-74.3755,18.3911,587
"2026-09-09 18:00:00","2026-09-10 09:00:00","CAPE","surface",-74.3516,18.3911,632
"2026-09-09 18:00:00","2026-09-10 09:00:00","CAPE","surface",-74.3277,18.3911,563
"2026-09-09 18:00:00","2026-09-10 09:00:00","CAPE","surface",-74.3037,18.3911,578
"2026-09-09 18:00:00","2026-09-10 09:00:00","CAPE","surface",-74.2798,18.3911,457
"2026-09-09 18:00:00","2026-09-10 09:00:00","CAPE","surface",-74.2559,18.3911,457
"2026-09-09 18:00:00","2026-09-10 09:00:00","CAPE","surface",-74.232,18.3911,292
"2026-09-09 18:00:00","2026-09-10 09:00:00","CAPE","surface",-74.208,18.3911,318
"2026-09-09 18:00:00","2026-09-10 09:00:00","CAPE","surface",-74.1841,18.3911,192
"2026-09-09 18:00:00","2026-09-10 09:00:00","CAPE","surface",-74.1602,18.3911,187
"2026-09-09 18:00:00","2026-09-10 09:00:00","CAPE","surface",-74.1363,18.3911,0
"2026-09-09 18:00:00","2026-09-10 09:00:00","CAPE","surface",-74.1123,18.3911,0
"2026-09-09 18:00:00","2026-09-10 09:00:00","CAPE","surface",-74.0884,18.3911,0
"2026-09-09 18:00:00","2026-09-10 09:00:00","CAPE","surface",-74.0645,18.3911,0
"2026-09-09 18:00:00","2026-09-10 09:00:00","CAPE","surface",-74.0406,18.3911,0
"2026-09-09 18:00:00","2026-09-10 09:00:00","CAPE","surface",-74.0166,18.3911,82
"2026-09-09 18:00:00","2026-09-10 09:00:00","CAPE","surface",-73.9927,18.3911,103
"2026-09-09 18:00:00","2026-09-10 09:00:00","CAPE","surface",-73.9688,18.3911,294
"2026-09-09 18:00:00","2026-09-10 09:00:00","CAPE","surface",-73.9449,18.3911,541
"2026-09-09 18:00:00","2026-09-10 09:00:00","CAPE","surface",-73.9209,18.3911,761
"2026-09-09 18:00:00","2026-09-10 09:00:00","CAPE","surface",-73.897,18.3911,1186
"2026-09-09 18:00:00","2026-09-10 09:00:00","CAPE","surface",-73.8731,18.3911,1289
"2026-09-09 18:00:00","2026-09-10 09:00:00","CAPE","surface",-73.8492,18.3911,1282
"2026-09-09 18:00:00","2026-09-10 09:00:00","CAPE","surface",-73.8252,18.3911,1427
"2026-09-09 18:00:00","2026-09-10 09:00:00","CAPE","surface",-73.8013,18.3911,1478
"2026-09-09 18:00:00","2026-09-10 09:00:00","CAPE","surface",-73.7774,18.3911,1559
"2026-09-09 18:00:00","2026-09-10 09:00:00","CAPE","surface",-73.7535,18.3911,1512
"2026-09-09 18:00:00","2026-09-10 09:00:00","CAPE","surface",-73.7295,18.3911,1449
"2026-09-09 18:00:00","2026-09-10 09:00:00","CAPE","surface",-73.7056,18.3911,1449
"2026-09-09 18:00:00","2026-09-10 09:00:00","CAPE","surface",-73.6817,18.3911,1429
"2026-09-09 18:00:00","2026-09-10 09:00:00","CAPE","surface",-73.6578,18.3911,1431
"2026-09-09 18:00:00","2026-09-10 09:00:00","CAPE","surface",-73.6338,18.3911,1397
"2026-09-09 18:00:00","2026-09-10 09:00:00","CAPE","surface",-73.6099,18.3911,1299
"2026-09-09 18:00:00","2026-09-10 09:00:00","CAPE","surface",-73.586,18.3911,1220
"2026-09-09 18:00:00","2026-09-10 09:00:00","CAPE","surface",-73.5621,18.3911,1079
"2026-09-09 18:00:00","2026-09-10 09:00:00","CAPE","surface",-73.5381,18.3911,965
"2026-09-09 18:00:00","2026-09-10 09:00:00","CAPE","surface",-73.5142,18.3911,994
"2026-09-09 18:00:00","2026-09-10 09:00:00","CAPE","surface",-73.4903,18.3911,1044
"2026-09-09 18:00:00","2026-09-10 09:00:00","CAPE","surface",-73.4664,18.3911,1092
"2026-09-09 18:00:00","2026-09-10 09:00:00","CAPE","surface",-73.4424,18.3911,1065
"2026-09-09 18:00:00","2026-09-10 09:00:00","CAPE","surface",-73.4185,18.3911,1181
"2026-09-09 18:00:00","2026-09-10 09:00:00","CAPE","surface",-73.3946,18.3911,1223
"2026-09-09 18:00:00","2026-09-10 09:00:00","CAPE","surface",-73.3707,18.3911,1271
"2026-09-09 18:00:00","2026-09-10 09:00:00","CAPE","surface",-73.3467,18.3911,1292
"2026-09-09 18:00:00","2026-09-10 09:00:00","CAPE","surface",-73.3228,18.3911,1292
"2026-09-09 18:00:00","2026-09-10 09:00:00","CAPE","surface",-73.2989,18.3911,1270
"2026-09-09 18:00:00","2026-09-10 09:00:00","CAPE","surface",-73.275,18.3911,1367
"2026-09-09 18:00:00","2026-09-10 09:00:00","CAPE","surface",-73.251,18.3911,1294
"2026-09-09 18:00:00","2026-09-10 09:00:00","CAPE","surface",-73.2271,18.3911,1291
"2026-09-09 18:00:00","2026-09-10 09:00:00","CAPE","surface",-73.2032,18.3911,1387
"2026-09-09 18:00:00","2026-09-10 09:00:00","CAPE","surface",-73.1793,18.3911,1269
"2026-09-09 18:00:00","2026-09-10 09:00:00","CAPE","surface",-73.1553,18.3911,1383
"2026-09-09 18:00:00","2026-09-10 09:00:00","CAPE","surface",-73.1314,18.3911,1395
"2026-09-09 18:00:00","2026-09-10 09:00:00","CAPE","surface",-73.1075,18.3911,1476
"2026-09-09 18:00:00","2026-09-10 09:00:00","CAPE","surface",-73.0836,18.3911,1422
"2026-09-09 18:00:00","2026-09-10 09:00:00","CAPE","surface",-73.0596,18.3911,1422
"2026-09-09 18:00:00","2026-09-10 09:00:00","CAPE","surface",-73.0357,18.3911,1207
"2026-09-09 18:00:00","2026-09-10 09:00:00","CAPE","surface",-73.0118,18.3911,767
"2026-09-09 18:00:00","2026-09-10 09:00:00","CAPE","surface",-72.9879,18.3911,757
"2026-09-09 18:00:00","2026-09-10 09:00:00","CAPE","surface",-72.9639,18.3911,808
"2026-09-09 18:00:00","2026-09-10 09:00:00","CAPE","surface",-72.94,18.3911,798
"2026-09-09 18:00:00","2026-09-10 09:00:00","CAPE","surface",-72.9161,18.3911,918
"2026-09-09 18:00:00","2026-09-10 09:00:00","CAPE","surface",-72.8922,18.3911,1124
"2026-09-09 18:00:00","2026-09-10 09:00:00","CAPE","surface",-72.8682,18.3911,1152
"2026-09-09 18:00:00","2026-09-10 09:00:00","CAPE","surface",-72.8443,18.3911,1193
"2026-09-09 18:00:00","2026-09-10 09:00:00","CAPE","surface",-72.8204,18.3911,1020
"2026-09-09 18:00:00","2026-09-10 09:00:00","CAPE","surface",-72.7965,18.3911,1004
"2026-09-09 18:00:00","2026-09-10 09:00:00","CAPE","surface",-72.7725,18.3911,770
"2026-09-09 18:00:00","2026-09-10 09:00:00","CAPE","surface",-72.7486,18.3911,747
"2026-09-09 18:00:00","2026-09-10 09:00:00","CAPE","surface",-72.7247,18.3911,941
"2026-09-09 18:00:00","2026-09-10 09:00:00","CAPE","surface",-72.7008,18.3911,945
"2026-09-09 18:00:00","2026-09-10 09:00:00","CAPE","surface",-72.6768,18.3911,1043
"2026-09-09 18:00:00","2026-09-10 09:00:00","CAPE","surface",-72.6529,18.3911,1082
"2026-09-09 18:00:00","2026-09-10 09:00:00","CAPE","surface",-72.629,18.3911,1173
"2026-09-09 18:00:00","2026-09-10 09:00:00","CAPE","surface",-72.6051,18.3911,1115
"2026-09-09 18:00:00","2026-09-10 09:00:00","CAPE","surface",-72.5811,18.3911,1093
"2026-09-09 18:00:00","2026-09-10 09:00:00","CAPE","surface",-72.5572,18.3911,1093
"2026-09-09 18:00:00","2026-09-10 09:00:00","CAPE","surface",-72.5333,18.3911,991
"2026-09-09 18:00:00","2026-09-10 09:00:00","CAPE","surface",-72.5094,18.3911,904
"2026-09-09 18:00:00","2026-09-10 09:00:00","CAPE","surface",-72.4854,18.3911,540
"2026-09-09 18:00:00","2026-09-10 09:00:00","CAPE","surface",-72.4615,18.3911,311
"2026-09-09 18:00:00","2026-09-10 09:00:00","CAPE","surface",-72.4376,18.3911,364
"2026-09-09 18:00:00","2026-09-10 09:00:00","CAPE","surface",-72.4137,18.3911,187
"2026-09-09 18:00:00","2026-09-10 09:00:00","CAPE","surface",-72.3897,18.3911,68
"2026-09-09 18:00:00","2026-09-10 09:00:00","CAPE","surface",-72.3658,18.3911,0
"2026-09-09 18:00:00","2026-09-10 09:00:00","CAPE","surface",-72.3419,18.3911,0
"2026-09-09 18:00:00","2026-09-10 09:00:00","CAPE","surface",-72.318,18.3911,0
"2026-09-09 18:00:00","2026-09-10 09:00:00","CAPE","surface",-72.294,18.3911,0
"2026-09-09 18:00:00","2026-09-10 09:00:00","CAPE","surface",-72.2701,18.3911,17
"2026-09-09 18:00:00","2026-09-10 09:00:00","CAPE","surface",-72.2462,18.3911,0
"2026-09-09 18:00:00","2026-09-10 09:00:00","CAPE","surface",-72.2223,18.3911,0
"2026-09-09 18:00:00","2026-09-10 09:00:00","CAPE","surface",-72.1983,18.3911,0
"2026-09-09 18:00:00","2026-09-10 09:00:00","CAPE","surface",-72.1744,18.3911,0
"2026-09-09 18:00:00","2026-09-10 09:00:00","CAPE","surface",-72.1505,18.3911,0
"2026-09-09 18:00:00","2026-09-10 09:00:00","CAPE","surface",-72.1266,18.3911,0
"2026-09-09 18:00:00","2026-09-10 09:00:00","CAPE","surface",-72.1026,18.3911,0
"2026-09-09 18:00:00","2026-09-10 09:00:00","CAPE","surface",-72.0787,18.3911,0
"2026-09-09 18:00:00","2026-09-10 09:00:00","CAPE","surface",-72.0548,18.3911,0
"2026-09-09 18:00:00","2026-09-10 09:00:00","CAPE","surface",-72.0309,18.3911,0
"2026-09-09 18:00:00","2026-09-10 09:00:00","CAPE","surface",-72.0069,18.3911,0
"2026-09-09 18:00:00","2026-09-10 09:00:00","CAPE","surface",-71.983,18.3911,30
"2026-09-09 18:00:00","2026-09-10 09:00:00","CAPE","surface",-71.9591,18.3911,198
"2026-09-09 18:00:00","2026-09-10 09:00:00","CAPE","surface",-71.9352,18.3911,198
"2026-09-09 18:00:00","2026-09-10 09:00:00","CAPE","surface",-71.9112,18.3911,295
"2026-09-09 18:00:00","2026-09-10 09:00:00","CAPE","surface",-71.8873,18.3911,320
"2026-09-09 18:00:00","2026-09-10 09:00:00","CAPE","surface",-71.8634,18.3911,278
"2026-09-09 18:00:00","2026-09-10 09:00:00","CAPE","surface",-71.8395,18.3911,291
"2026-09-09 18:00:00","2026-09-10 09:00:00","CAPE","surface",-71.8155,18.3911,260
"2026-09-09 18:00:00","2026-09-10 09:00:00","CAPE","surface",-71.7916,18.3911,257
"2026-09-09 18:00:00","2026-09-10 09:00:00","CAPE","surface",-71.7677,18.3911,368
"2026-09-09 18:00:00","2026-09-10 09:00:00","CAPE","surface",-71.7438,18.3911,329
"2026-09-09 18:00:00","2026-09-10 09:00:00","CAPE","surface",-71.7198,18.3911,395
"2026-09-09 18:00:00","2026-09-10 09:00:00","CAPE","surface",-71.6959,18.3911,395
"2026-09-09 18:00:00","2026-09-10 09:00:00","CAPE","surface",-71.672,18.3911,444
"2026-09-09 18:00:00","2026-09-10 09:00:00","CAPE","surface",-71.6481,18.3911,485
"2026-09-09 18:00:00","2026-09-10 09:00:00","CAPE","surface",-71.6241,18.3911,505
"2026-09-09 18:00:00","2026-09-10 09:00:00","CAPE","surface",-71.6002,18.3911,540
"2026-09-09 18:00:00","2026-09-10 09:00:00","CAPE","surface",-71.5763,18.3911,540
"2026-09-09 18:00:00","2026-09-10 09:00:00","CAPE","surface",-71.5524,18.3911,672
"2026-09-09 18:00:00","2026-09-10 09:00:00","CAPE","surface",-71.5284,18.3911,646
"2026-09-09 18:00:00","2026-09-10 09:00:00","CAPE","surface",-71.5045,18.3911,732
"2026-09-09 18:00:00","2026-09-10 09:00:00","CAPE","surface",-71.4806,18.3911,682
"2026-09-09 18:00:00","2026-09-10 09:00:00","CAPE","surface",-71.4567,18.3911,791
"2026-09-09 18:00:00","2026-09-10 09:00:00","CAPE","surface",-71.4327,18.3911,729
"2026-09-09 18:00:00","2026-09-10 09:00:00","CAPE","surface",-71.4088,18.3911,796
"2026-09-09 18:00:00","2026-09-10 09:00:00","CAPE","surface",-71.3849,18.3911,766
"2026-09-09 18:00:00","2026-09-10 09:00:00","CAPE","surface",-71.361,18.3911,954
"2026-09-09 18:00:00","2026-09-10 09:00:00","CAPE","surface",-71.337,18.3911,1026
"2026-09-09 18:00:00","2026-09-10 09:00:00","CAPE","surface",-71.3131,18.3911,1016
"2026-09-09 18:00:00","2026-09-10 09:00:00","CAPE","surface",-71.2892,18.3911,960
"2026-09-09 18:00:00","2026-09-10 09:00:00","CAPE","surface",-71.2653,18.3911,951
"2026-09-09 18:00:00","2026-09-10 09:00:00","CAPE","surface",-71.2413,18.3911,986
"2026-09-09 18:00:00","2026-09-10 09:00:00","CAPE","surface",-71.2174,18.3911,986
"2026-09-09 18:00:00","2026-09-10 09:00:00","CAPE","surface",-71.1935,18.3911,1050
"2026-09-09 18:00:00","2026-09-10 09:00:00","CAPE","surface",-71.1696,18.3911,1032
"2026-09-09 18:00:00","2026-09-10 09:00:00","CAPE","surface",-71.1456,18.3911,1012
"2026-09-09 18:00:00","2026-09-10 09:00:00","CAPE","surface",-71.1217,18.3911,991
"2026-09-09 18:00:00","2026-09-10 09:00:00","CAPE","surface",-71.0978,18.3911,890
"2026-09-09 18:00:00","2026-09-10 09:00:00","CAPE","surface",-71.0739,18.3911,620
"2026-09-09 18:00:00","2026-09-10 09:00:00","CAPE","surface",-71.0499,18.3911,459
"2026-09-09 18:00:00","2026-09-10 09:00:00","CAPE","surface",-71.026,18.3911,451
"2026-09-09 18:00:00","2026-09-10 09:00:00","CAPE","surface",-71.0021,18.3911,488
"2026-09-09 18:00:00","2026-09-10 09:00:00","CAPE","surface",-70.9782,18.3911,483
"2026-09-09 18:00:00","2026-09-10 09:00:00","CAPE","surface",-70.9542,18.3911,536
"2026-09-09 18:00:00","2026-09-10 09:00:00","CAPE","surface",-70.9303,18.3911,588
"2026-09-09 18:00:00","2026-09-10 09:00:00","CAPE","surface",-70.9064,18.3911,623
"2026-09-09 18:00:00","2026-09-10 09:00:00","CAPE","surface",-70.8825,18.3911,576
"2026-09-09 18:00:00","2026-09-10 09:00:00","CAPE","surface",-70.8585,18.3911,576
"2026-09-09 18:00:00","2026-09-10 09:00:00","CAPE","surface",-70.8346,18.3911,554
"2026-09-09 18:00:00","2026-09-10 09:00:00","CAPE","surface",-70.8107,18.3911,566
"2026-09-09 18:00:00","2026-09-10 09:00:00","CAPE","surface",-70.7868,18.3911,617
"2026-09-09 18:00:00","2026-09-10 09:00:00","CAPE","surface",-70.7628,18.3911,596
"2026-09-09 18:00:00","2026-09-10 09:00:00","CAPE","surface",-70.7389,18.3911,652
"2026-09-09 18:00:00","2026-09-10 09:00:00","CAPE","surface",-70.715,18.3911,760
"2026-09-09 18:00:00","2026-09-10 09:00:00","CAPE","surface",-70.6911,18.3911,1102
"2026-09-09 18:00:00","2026-09-10 09:00:00","CAPE","surface",-70.6671,18.3911,1089
"2026-09-09 18:00:00","2026-09-10 09:00:00","CAPE","surface",-70.6432,18.3911,1089
"2026-09-09 18:00:00","2026-09-10 09:00:00","CAPE","surface",-70.6193,18.3911,1011
"2026-09-09 18:00:00","2026-09-10 09:00:00","CAPE","surface",-70.5954,18.3911,1047
"2026-09-09 18:00:00","2026-09-10 09:00:00","CAPE","surface",-70.5714,18.3911,750
"2026-09-09 18:00:00","2026-09-10 09:00:00","CAPE","surface",-70.5475,18.3911,787
"2026-09-09 18:00:00","2026-09-10 09:00:00","CAPE","surface",-70.5236,18.3911,789
"2026-09-09 18:00:00","2026-09-10 09:00:00","CAPE","surface",-70.4997,18.3911,810
"2026-09-09 18:00:00","2026-09-10 09:00:00","CAPE","surface",-70.4757,18.3911,849
"2026-09-09 18:00:00","2026-09-10 09:00:00","CAPE","surface",-70.4518,18.3911,912
"2026-09-09 18:00:00","2026-09-10 09:00:00","CAPE","surface",-70.4279,18.3911,933
"2026-09-09 18:00:00","2026-09-10 09:00:00","CAPE","surface",-70.404,18.3911,892
"2026-09-09 18:00:00","2026-09-10 09:00:00","CAPE","surface",-70.38,18.3911,966
"2026-09-09 18:00:00","2026-09-10 09:00:00","CAPE","surface",-70.3561,18.3911,1001
"2026-09-09 18:00:00","2026-09-10 09:00:00","CAPE","surface",-70.3322,18.3911,982
"2026-09-09 18:00:00","2026-09-10 09:00:00","CAPE","surface",-70.3083,18.3911,976
"2026-09-09 18:00:00","2026-09-10 09:00:00","CAPE","surface",-70.2843,18.3911,960
"2026-09-09 18:00:00","2026-09-10 09:00:00","CAPE","surface",-70.2604,18.3911,973
"2026-09-09 18:00:00","2026-09-10 09:00:00","CAPE","surface",-70.2365,18.3911,1005
"2026-09-09 18:00:00","2026-09-10 09:00:00","CAPE","surface",-70.2126,18.3911,1037
"2026-09-09 18:00:00","2026-09-10 09:00:00","CAPE","surface",-70.1886,18.3911,1045
"2026-09-09 18:00:00","2026-09-10 09:00:00","CAPE","surface",-70.1647,18.3911,1066
"2026-09-09 18:00:00","2026-09-10 09:00:00","CAPE","surface",-70.1408,18.3911,1109
"2026-09-09 18:00:00","2026-09-10 09:00:00","CAPE","surface",-70.1169,18.3911,1142
"2026-09-09 18:00:00","2026-09-10 09:00:00","CAPE","surface",-70.0929,18.3911,1195
"2026-09-09 18:00:00","2026-09-10 09:00:00","CAPE","surface",-70.069,18.3911,1195
"2026-09-09 18:00:00","2026-09-10 09:00:00","CAPE","surface",-70.0451,18.3911,1209
"2026-09-09 18:00:00","2026-09-10 09:00:00","CAPE","surface",-70.0212,18.3911,1288
"2026-09-09 18:00:00","2026-09-10 09:00:00","CAPE","surface",-69.9972,18.3911,1713
"2026-09-09 18:00:00","2026-09-10 09:00:00","CAPE","surface",-69.9733,18.3911,1587
"2026-09-09 18:00:00","2026-09-10 09:00:00","CAPE","surface",-69.9494,18.3911,1847
"2026-09-09 18:00:00","2026-09-10 09:00:00","CAPE","surface",-69.9255,18.3911,1974
"2026-09-09 18:00:00","2026-09-10 09:00:00","CAPE","surface",-69.9015,18.3911,2124
"2026-09-09 18:00:00","2026-09-10 09:00:00","CAPE","surface",-69.8776,18.3911,2142
"2026-09-09 18:00:00","2026-09-10 09:00:00","CAPE","surface",-69.8537,18.3911,2142
"2026-09-09 18:00:00","2026-09-10 09:00:00","CAPE","surface",-69.8298,18.3911,2152
"2026-09-09 18:00:00","2026-09-10 09:00:00","CAPE","surface",-69.8058,18.3911,2247
"2026-09-09 18:00:00","2026-09-10 09:00:00","CAPE","surface",-69.7819,18.3911,2276
"2026-09-09 18:00:00","2026-09-10 09:00:00","CAPE","surface",-69.758,18.3911,2173
"2026-09-09 18:00:00","2026-09-10 09:00:00","CAPE","surface",-69.7341,18.3911,2266
"2026-09-09 18:00:00","2026-09-10 09:00:00","CAPE","surface",-69.7101,18.3911,2196
"2026-09-09 18:00:00","2026-09-10 09:00:00","CAPE","surface",-69.6862,18.3911,2244
"2026-09-09 18:00:00","2026-09-10 09:00:00","CAPE","surface",-69.6623,18.3911,2233
"2026-09-09 18:00:00","2026-09-10 09:00:00","CAPE","surface",-69.6384,18.3911,2233
"2026-09-09 18:00:00","2026-09-10 09:00:00","CAPE","surface",-69.6144,18.3911,2361
"2026-09-09 18:00:00","2026-09-10 09:00:00","CAPE","surface",-69.5905,18.3911,2406
"2026-09-09 18:00:00","2026-09-10 09:00:00","CAPE","surface",-69.5666,18.3911,2264
"2026-09-09 18:00:00","2026-09-10 09:00:00","CAPE","surface",-69.5427,18.3911,2030
"2026-09-09 18:00:00","2026-09-10 09:00:00","CAPE","surface",-69.5187,18.3911,2030
"2026-09-09 18:00:00","2026-09-10 09:00:00","CAPE","surface",-69.4948,18.3911,2133
"2026-09-09 18:00:00","2026-09-10 09:00:00","CAPE","surface",-69.4709,18.3911,2539
"2026-09-09 18:00:00","2026-09-10 09:00:00","CAPE","surface",-69.447,18.3911,2610
"2026-09-09 18:00:00","2026-09-10 09:00:00","CAPE","surface",-69.423,18.3911,2610
"2026-09-09 18:00:00","2026-09-10 09:00:00","CAPE","surface",-69.3991,18.3911,2622
"2026-09-09 18:00:00","2026-09-10 09:00:00","CAPE","surface",-69.3752,18.3911,2716
"2026-09-09 18:00:00","2026-09-10 09:00:00","CAPE","surface",-69.3513,18.3911,2477
"2026-09-09 18:00:00","2026-09-10 09:00:00","CAPE","surface",-69.3273,18.3911,2195
"2026-09-09 18:00:00","2026-09-10 09:00:00","CAPE","surface",-69.3034,18.3911,2195
"2026-09-09 18:00:00","2026-09-10 09:00:00","CAPE","surface",-69.2795,18.3911,2179
"2026-09-09 18:00:00","2026-09-10 09:00:00","CAPE","surface",-69.2556,18.3911,2168
"2026-09-09 18:00:00","2026-09-10 09:00:00","CAPE","surface",-69.2316,18.3911,2250
"2026-09-09 18:00:00","2026-09-10 09:00:00","CAPE","surface",-69.2077,18.3911,2250
"2026-09-09 18:00:00","2026-09-10 09:00:00","CAPE","surface",-69.1838,18.3911,2323
"2026-09-09 18:00:00","2026-09-10 09:00:00","CAPE","surface",-69.1599,18.3911,2208
"2026-09-09 18:00:00","2026-09-10 09:00:00","CAPE","surface",-69.1359,18.3911,2185
"2026-09-09 18:00:00","2026-09-10 09:00:00","CAPE","surface",-69.112,18.3911,2020
"2026-09-09 18:00:00","2026-09-10 09:00:00","CAPE","surface",-69.0881,18.3911,2131
"2026-09-09 18:00:00","2026-09-10 09:00:00","CAPE","surface",-69.0642,18.3911,1973
"2026-09-09 18:00:00","2026-09-10 09:00:00","CAPE","surface",-69.0402,18.3911,2056
"2026-09-09 18:00:00","2026-09-10 09:00:00","CAPE","surface",-69.0163,18.3911,2164
"2026-09-09 18:00:00","2026-09-10 09:00:00","CAPE","surface",-68.9924,18.3911,2164
"2026-09-09 18:00:00","2026-09-10 09:00:00","CAPE","surface",-68.9685,18.3911,2179
"2026-09-09 18:00:00","2026-09-10 09:00:00","CAPE","surface",-68.9445,18.3911,2215
"2026-09-09 18:00:00","2026-09-10 09:00:00","CAPE","surface",-68.9206,18.3911,2108
"2026-09-09 18:00:00","2026-09-10 09:00:00","CAPE","surface",-68.8967,18.3911,1881
"2026-09-09 18:00:00","2026-09-10 09:00:00","CAPE","surface",-68.8728,18.3911,2024
"2026-09-09 18:00:00","2026-09-10 09:00:00","CAPE","surface",-68.8488,18.3911,1894
"2026-09-09 18:00:00","2026-09-10 09:00:00","CAPE","surface",-68.8249,18.3911,1962
"2026-09-09 18:00:00","2026-09-10 09:00:00","CAPE","surface",-68.801,18.3911,1928
"2026-09-09 18:00:00","2026-09-10 09:00:00","CAPE","surface",-68.7771,18.3911,1928
"2026-09-09 18:00:00","2026-09-10 09:00:00","CAPE","surface",-68.7531,18.3911,1874
"2026-09-09 18:00:00","2026-09-10 09:00:00","CAPE","surface",-68.7292,18.3911,1956
"2026-09-09 18:00:00","2026-09-10 09:00:00","CAPE","surface",-68.7053,18.3911,1926
"2026-09-09 18:00:00","2026-09-10 09:00:00","CAPE","surface",-68.6813,18.3911,1873
"2026-09-09 18:00:00","2026-09-10 09:00:00","CAPE","surface",-68.6574,18.3911,1936
"2026-09-09 18:00:00","2026-09-10 09:00:00","CAPE","surface",-68.6335,18.3911,1966
"2026-09-09 18:00:00","2026-09-10 09:00:00","CAPE","surface",-68.6096,18.3911,1993
"2026-09-09 18:00:00","2026-09-10 09:00:00","CAPE","surface",-68.5856,18.3911,2011
"2026-09-09 18:00:00","2026-09-10 09:00:00","CAPE","surface",-68.5617,18.3911,2007
"2026-09-09 18:00:00","2026-09-10 09:00:00","CAPE","surface",-68.5378,18.3911,2116
"2026-09-09 18:00:00","2026-09-10 09:00:00","CAPE","surface",-68.5139,18.3911,2172
"2026-09-09 18:00:00","2026-09-10 09:00:00","CAPE","surface",-68.4899,18.3911,2152
"2026-09-09 18:00:00","2026-09-10 09:00:00","CAPE","surface",-68.466,18.3911,2174
"2026-09-09 18:00:00","2026-09-10 09:00:00","CAPE","surface",-68.4421,18.3911,2172
"2026-09-09 18:00:00","2026-09-10 09:00:00","CAPE","surface",-68.4182,18.3911,2278
"2026-09-09 18:00:00","2026-09-10 09:00:00","CAPE","surface",-68.3942,18.3911,2239
"2026-09-09 18:00:00","2026-09-10 09:00:00","CAPE","surface",-68.3703,18.3911,2297
"2026-09-09 18:00:00","2026-09-10 09:00:00","CAPE","surface",-68.3464,18.3911,2251
"2026-09-09 18:00:00","2026-09-10 09:00:00","CAPE","surface",-68.3225,18.3911,2272
"2026-09-09 18:00:00","2026-09-10 09:00:00","CAPE","surface",-68.2985,18.3911,2310
"2026-09-09 18:00:00","2026-09-10 09:00:00","CAPE","surface",-68.2746,18.3911,2310
"2026-09-09 18:00:00","2026-09-10 09:00:00","CAPE","surface",-68.2507,18.3911,2339
"2026-09-09 18:00:00","2026-09-10 09:00:00","CAPE","surface",-68.2268,18.3911,2276
"2026-09-09 18:00:00","2026-09-10 09:00:00","CAPE","surface",-68.2028,18.3911,2254
"2026-09-09 18:00:00","2026-09-10 09:00:00","CAPE","surface",-68.1789,18.3911,2175
"2026-09-09 18:00:00","2026-09-10 09:00:00","CAPE","surface",-68.155,18.3911,2171
"2026-09-09 18:00:00","2026-09-10 09:00:00","CAPE","surface",-68.1311,18.3911,2206
"2026-09-09 18:00:00","2026-09-10 09:00:00","CAPE","surface",-68.1071,18.3911,2132
"2026-09-09 18:00:00","2026-09-10 09:00:00","CAPE","surface",-68.0832,18.3911,2185
"2026-09-09 18:00:00","2026-09-10 09:00:00","CAPE","surface",-68.0593,18.3911,2185
"2026-09-09 18:00:00","2026-09-10 09:00:00","CAPE","surface",-68.0354,18.3911,2175
"2026-09-09 18:00:00","2026-09-10 09:00:00","CAPE","surface",-68.0114,18.3911,2119
"2026-09-09 18:00:00","2026-09-10 09:00:00","CAPE","surface",-67.9875,18.3911,2208
"2026-09-09 18:00:00","2026-09-10 09:00:00","CAPE","surface",-67.9636,18.3911,2208
"2026-09-09 18:00:00","2026-09-10 09:00:00","CAPE","surface",-67.9397,18.3911,2353
"2026-09-09 18:00:00","2026-09-10 09:00:00","CAPE","surface",-67.9157,18.3911,2388
"2026-09-09 18:00:00","2026-09-10 09:00:00","CAPE","surface",-67.8918,18.3911,2318
"2026-09-09 18:00:00","2026-09-10 09:00:00","CAPE","surface",-67.8679,18.3911,2350
"2026-09-09 18:00:00","2026-09-10 09:00:00","CAPE","surface",-67.844,18.3911,2268
"2026-09-09 18:00:00","2026-09-10 09:00:00","CAPE","surface",-67.82,18.3911,2215
"2026-09-09 18:00:00","2026-09-10 09:00:00","CAPE","surface",-67.7961,18.3911,2141
"2026-09-09 18:00:00","2026-09-10 09:00:00","CAPE","surface",-67.7722,18.3911,2150
"2026-09-09 18:00:00","2026-09-10 09:00:00","CAPE","surface",-67.7483,18.3911,2209
"2026-09-09 18:00:00","2026-09-10 09:00:00","CAPE","surface",-67.7243,18.3911,2195
"2026-09-09 18:00:00","2026-09-10 09:00:00","CAPE","surface",-67.7004,18.3911,2212
"2026-09-09 18:00:00","2026-09-10 09:00:00","CAPE","surface",-67.6765,18.3911,2172
"2026-09-09 18:00:00","2026-09-10 09:00:00","CAPE","surface",-67.6526,18.3911,2187
"2026-09-09 18:00:00","2026-09-10 09:00:00","CAPE","surface",-67.6286,18.3911,2176
"2026-09-09 18:00:00","2026-09-10 09:00:00","CAPE","surface",-67.6047,18.3911,2140
"2026-09-09 18:00:00","2026-09-10 09:00:00","CAPE","surface",-67.5808,18.3911,2068
"2026-09-09 18:00:00","2026-09-10 09:00:00","CAPE","surface",-67.5569,18.3911,2068
"2026-09-09 18:00:00","2026-09-10 09:00:00","CAPE","surface",-67.5329,18.3911,2005
"2026-09-09 18:00:00","2026-09-10 09:00:00","CAPE","surface",-67.509,18.3911,2003
"2026-09-09 18:00:00","2026-09-10 09:00:00","CAPE","surface",-67.4851,18.3911,1930
"2026-09-09 18:00:00","2026-09-10 09:00:00","CAPE","surface",-67.4612,18.3911,1930
"2026-09-09 18:00:00","2026-09-10 09:00:00","CAPE","surface",-67.4372,18.3911,1864
"2026-09-09 18:00:00","2026-09-10 09:00:00","CAPE","surface",-67.4133,18.3911,1821
"2026-09-09 18:00:00","2026-09-10 09:00:00","CAPE","surface",-67.3894,18.3911,1774
"2026-09-09 18:00:00","2026-09-10 09:00:00","CAPE","surface",-67.3655,18.3911,1756
"2026-09-09 18:00:00","2026-09-10 09:00:00","CAPE","surface",-67.3415,18.3911,1705
"2026-09-09 18:00:00","2026-09-10 09:00:00","CAPE","surface",-67.3176,18.3911,1628
"2026-09-09 18:00:00","2026-09-10 09:00:00","CAPE","surface",-67.2937,18.3911,1579
"2026-09-09 18:00:00","2026-09-10 09:00:00","CAPE","surface",-67.2698,18.3911,1573
"2026-09-09 18:00:00","2026-09-10 09:00:00","CAPE","surface",-67.2458,18.3911,1536
"2026-09-09 18:00:00","2026-09-10 09:00:00","CAPE","surface",-67.2219,18.3911,1320
"2026-09-09 18:00:00","2026-09-10 09:00:00","CAPE","surface",-67.198,18.3911,1287
"2026-09-09 18:00:00","2026-09-10 09:00:00","CAPE","surface",-67.1741,18.3911,1085
"2026-09-09 18:00:00","2026-09-10 09:00:00","CAPE","surface",-67.1501,18.3911,1167
"2026-09-09 18:00:00","2026-09-10 09:00:00","CAPE","surface",-67.1262,18.3911,1136
"2026-09-09 18:00:00","2026-09-10 09:00:00","CAPE","surface",-67.1023,18.3911,1195
"2026-09-09 18:00:00","2026-09-10 09:00:00","CAPE","surface",-67.0784,18.3911,1221
"2026-09-09 18:00:00","2026-09-10 09:00:00","CAPE","surface",-67.0544,18.3911,1221
"2026-09-09 18:00:00","2026-09-10 09:00:00","CAPE","surface",-67.0305,18.3911,1239
"2026-09-09 18:00:00","2026-09-10 09:00:00","CAPE","surface",-67.0066,18.3911,1231
"2026-09-09 18:00:00","2026-09-10 09:00:00","CAPE","surface",-74.7822,18.4138,2009
"2026-09-09 18:00:00","2026-09-10 09:00:00","CAPE","surface",-74.7583,18.4138,2009
"2026-09-09 18:00:00","2026-09-10 09:00:00","CAPE","surface",-74.7344,18.4138,1928
"2026-09-09 18:00:00","2026-09-10 09:00:00","CAPE","surface",-74.7105,18.4138,1938
"2026-09-09 18:00:00","2026-09-10 09:00:00","CAPE","surface",-74.6865,18.4138,1859
"2026-09-09 18:00:00","2026-09-10 09:00:00","CAPE","surface",-74.6626,18.4138,1833
"2026-09-09 18:00:00","2026-09-10 09:00:00","CAPE","surface",-74.6387,18.4138,1877
"2026-09-09 18:00:00","2026-09-10 09:00:00","CAPE","surface",-74.6148,18.4138,1877
"2026-09-09 18:00:00","2026-09-10 09:00:00","CAPE","surface",-74.5908,18.4138,1939
"2026-09-09 18:00:00","2026-09-10 09:00:00","CAPE","surface",-74.5669,18.4138,1862
"2026-09-09 18:00:00","2026-09-10 09:00:00","CAPE","surface",-74.543,18.4138,2130
"2026-09-09 18:00:00","2026-09-10 09:00:00","CAPE","surface",-74.5191,18.4138,1770
"2026-09-09 18:00:00","2026-09-10 09:00:00","CAPE","surface",-74.4951,18.4138,1690
"2026-09-09 18:00:00","2026-09-10 09:00:00","CAPE","surface",-74.4712,18.4138,1690
"2026-09-09 18:00:00","2026-09-10 09:00:00","CAPE","surface",-74.4473,18.4138,870
"2026-09-09 18:00:00","2026-09-10 09:00:00","CAPE","surface",-74.4234,18.4138,688
"2026-09-09 18:00:00","2026-09-10 09:00:00","CAPE","surface",-74.3994,18.4138,590
"2026-09-09 18:00:00","2026-09-10 09:00:00","CAPE","surface",-74.3755,18.4138,587
"2026-09-09 18:00:00","2026-09-10 09:00:00","CAPE","surface",-74.3516,18.4138,481
"2026-09-09 18:00:00","2026-09-10 09:00:00","CAPE","surface",-74.3277,18.4138,512
"2026-09-09 18:00:00","2026-09-10 09:00:00","CAPE","surface",-74.3037,18.4138,403
"2026-09-09 18:00:00","2026-09-10 09:00:00","CAPE","surface",-74.2798,18.4138,452
"2026-09-09 18:00:00","2026-09-10 09:00:00","CAPE","surface",-74.2559,18.4138,254
"2026-09-09 18:00:00","2026-09-10 09:00:00","CAPE","surface",-74.232,18.4138,292
"2026-09-09 18:00:00","2026-09-10 09:00:00","CAPE","surface",-74.208,18.4138,167
"2026-09-09 18:00:00","2026-09-10 09:00:00","CAPE","surface",-74.1841,18.4138,270
"2026-09-09 18:00:00","2026-09-10 09:00:00","CAPE","surface",-74.1602,18.4138,132
"2026-09-09 18:00:00","2026-09-10 09:00:00","CAPE","surface",-74.1363,18.4138,0
"2026-09-09 18:00:00","2026-09-10 09:00:00","CAPE","surface",-74.1123,18.4138,0
"2026-09-09 18:00:00","2026-09-10 09:00:00","CAPE","surface",-74.0884,18.4138,0
"2026-09-09 18:00:00","2026-09-10 09:00:00","CAPE","surface",-74.0645,18.4138,0
"2026-09-09 18:00:00","2026-09-10 09:00:00","CAPE","surface",-74.0406,18.4138,0
"2026-09-09 18:00:00","2026-09-10 09:00:00","CAPE","surface",-74.0166,18.4138,0
"2026-09-09 18:00:00","2026-09-10 09:00:00","CAPE","surface",-73.9927,18.4138,218
"2026-09-09 18:00:00","2026-09-10 09:00:00","CAPE","surface",-73.9688,18.4138,397
"2026-09-09 18:00:00","2026-09-10 09:00:00","CAPE","surface",-73.9449,18.4138,629
"2026-09-09 18:00:00","2026-09-10 09:00:00","CAPE","surface",-73.9209,18.4138,629
"2026-09-09 18:00:00","2026-09-10 09:00:00","CAPE","surface",-73.897,18.4138,897
"2026-09-09 18:00:00","2026-09-10 09:00:00","CAPE","surface",-73.8731,18.4138,1186
"2026-09-09 18:00:00","2026-09-10 09:00:00","CAPE","surface",-73.8492,18.4138,1236
"2026-09-09 18:00:00","2026-09-10 09:00:00","CAPE","surface",-73.8252,18.4138,1427
"2026-09-09 18:00:00","2026-09-10 09:00:00","CAPE","surface",-73.8013,18.4138,1321
"2026-09-09 18:00:00","2026-09-10 09:00:00","CAPE","surface",-73.7774,18.4138,1495
"2026-09-09 18:00:00","2026-09-10 09:00:00","CAPE","surface",-73.7535,18.4138,1201
"2026-09-09 18:00:00","2026-09-10 09:00:00","CAPE","surface",-73.7295,18.4138,1424
"2026-09-09 18:00:00","2026-09-10 09:00:00","CAPE","surface",-73.7056,18.4138,1402
"2026-09-09 18:00:00","2026-09-10 09:00:00","CAPE","surface",-73.6817,18.4138,1429
"2026-09-09 18:00:00","2026-09-10 09:00:00","CAPE","surface",-73.6578,18.4138,1397
"2026-09-09 18:00:00","2026-09-10 09:00:00","CAPE","surface",-73.6338,18.4138,1403
"2026-09-09 18:00:00","2026-09-10 09:00:00","CAPE","surface",-73.6099,18.4138,1345
"2026-09-09 18:00:00","2026-09-10 09:00:00","CAPE","surface",-73.586,18.4138,1220
"2026-09-09 18:00:00","2026-09-10 09:00:00","CAPE","surface",-73.5621,18.4138,1002
"2026-09-09 18:00:00","2026-09-10 09:00:00","CAPE","surface",-73.5381,18.4138,1002
"2026-09-09 18:00:00","2026-09-10 09:00:00","CAPE","surface",-73.5142,18.4138,900
"2026-09-09 18:00:00","2026-09-10 09:00:00","CAPE","surface",-73.4903,18.4138,811
"2026-09-09 18:00:00","2026-09-10 09:00:00","CAPE","surface",-73.4664,18.4138,909
"2026-09-09 18:00:00","2026-09-10 09:00:00","CAPE","surface",-73.4424,18.4138,1100
"2026-09-09 18:00:00","2026-09-10 09:00:00","CAPE","surface",-73.4185,18.4138,1181
"2026-09-09 18:00:00","2026-09-10 09:00:00","CAPE","surface",-73.3946,18.4138,1258
"2026-09-09 18:00:00","2026-09-10 09:00:00","CAPE","surface",-73.3707,18.4138,1297
"2026-09-09 18:00:00","2026-09-10 09:00:00","CAPE","surface",-73.3467,18.4138,1244
"2026-09-09 18:00:00","2026-09-10 09:00:00","CAPE","surface",-73.3228,18.4138,1199
"2026-09-09 18:00:00","2026-09-10 09:00:00","CAPE","surface",-73.2989,18.4138,1291
"2026-09-09 18:00:00","2026-09-10 09:00:00","CAPE","surface",-73.275,18.4138,1291
"2026-09-09 18:00:00","2026-09-10 09:00:00","CAPE","surface",-73.251,18.4138,1164
"2026-09-09 18:00:00","2026-09-10 09:00:00","CAPE","surface",-73.2271,18.4138,1220
"2026-09-09 18:00:00","2026-09-10 09:00:00","CAPE","surface",-73.2032,18.4138,1185
"2026-09-09 18:00:00","2026-09-10 09:00:00","CAPE","surface",-73.1793,18.4138,1269
"2026-09-09 18:00:00","2026-09-10 09:00:00","CAPE","surface",-73.1553,18.4138,1342
"2026-09-09 18:00:00","2026-09-10 09:00:00","CAPE","surface",-73.1314,18.4138,1342
"2026-09-09 18:00:00","2026-09-10 09:00:00","CAPE","surface",-73.1075,18.4138,1262
"2026-09-09 18:00:00","2026-09-10 09:00:00","CAPE","surface",-73.0836,18.4138,1422
"2026-09-09 18:00:00","2026-09-10 09:00:00","CAPE","surface",-73.0596,18.4138,1266
"2026-09-09 18:00:00","2026-09-10 09:00:00","CAPE","surface",-73.0357,18.4138,1207
"2026-09-09 18:00:00","2026-09-10 09:00:00","CAPE","surface",-73.0118,18.4138,1069
"2026-09-09 18:00:00","2026-09-10 09:00:00","CAPE","surface",-72.9879,18.4138,936
"2026-09-09 18:00:00","2026-09-10 09:00:00","CAPE","surface",-72.9639,18.4138,784
"2026-09-09 18:00:00","2026-09-10 09:00:00","CAPE","surface",-72.94,18.4138,738
"2026-09-09 18:00:00","2026-09-10 09:00:00","CAPE","surface",-72.9161,18.4138,949
"2026-09-09 18:00:00","2026-09-10 09:00:00","CAPE","surface",-72.8922,18.4138,1287
"2026-09-09 18:00:00","2026-09-10 09:00:00","CAPE","surface",-72.8682,18.4138,1287
"2026-09-09 18:00:00","2026-09-10 09:00:00","CAPE","surface",-72.8443,18.4138,1452
"2026-09-09 18:00:00","2026-09-10 09:00:00","CAPE","surface",-72.8204,18.4138,1356
"2026-09-09 18:00:00","2026-09-10 09:00:00","CAPE","surface",-72.7965,18.4138,1254
"2026-09-09 18:00:00","2026-09-10 09:00:00","CAPE","surface",-72.7725,18.4138,770
"2026-09-09 18:00:00","2026-09-10 09:00:00","CAPE","surface",-72.7486,18.4138,897
"2026-09-09 18:00:00","2026-09-10 09:00:00","CAPE","surface",-72.7247,18.4138,953
"2026-09-09 18:00:00","2026-09-10 09:00:00","CAPE","surface",-72.7008,18.4138,1006
"2026-09-09 18:00:00","2026-09-10 09:00:00","CAPE","surface",-72.6768,18.4138,1043
"2026-09-09 18:00:00","2026-09-10 09:00:00","CAPE","surface",-72.6529,18.4138,1189
"2026-09-09 18:00:00","2026-09-10 09:00:00","CAPE","surface",-72.629,18.4138,1189
"2026-09-09 18:00:00","2026-09-10 09:00:00","CAPE","surface",-72.6051,18.4138,1141
"2026-09-09 18:00:00","2026-09-10 09:00:00","CAPE","surface",-72.5811,18.4138,1154
"2026-09-09 18:00:00","2026-09-10 09:00:00","CAPE","surface",-72.5572,18.4138,1102
"2026-09-09 18:00:00","2026-09-10 09:00:00","CAPE","surface",-72.5333,18.4138,1038
"2026-09-09 18:00:00","2026-09-10 09:00:00","CAPE","surface",-72.5094,18.4138,1038
"2026-09-09 18:00:00","2026-09-10 09:00:00","CAPE","surface",-72.4854,18.4138,644
"2026-09-09 18:00:00","2026-09-10 09:00:00","CAPE","surface",-72.4615,18.4138,471
"2026-09-09 18:00:00","2026-09-10 09:00:00","CAPE","surface",-72.4376,18.4138,508
"2026-09-09 18:00:00","2026-09-10 09:00:00","CAPE","surface",-72.4137,18.4138,278
"2026-09-09 18:00:00","2026-09-10 09:00:00","CAPE","surface",-72.3897,18.4138,59
"2026-09-09 18:00:00","2026-09-10 09:00:00","CAPE","surface",-72.3658,18.4138,59
"2026-09-09 18:00:00","2026-09-10 09:00:00","CAPE","surface",-72.3419,18.4138,0
"2026-09-09 18:00:00","2026-09-10 09:00:00","CAPE","surface",-72.318,18.4138,0
"2026-09-09 18:00:00","2026-09-10 09:00:00","CAPE","surface",-72.294,18.4138,19
"2026-09-09 18:00:00","2026-09-10 09:00:00","CAPE","surface",-72.2701,18.4138,17
"2026-09-09 18:00:00","2026-09-10 09:00:00","CAPE","surface",-72.2462,18.4138,96
"2026-09-09 18:00:00","2026-09-10 09:00:00","CAPE","surface",-72.2223,18.4138,25
"2026-09-09 18:00:00","2026-09-10 09:00:00","CAPE","surface",-72.1983,18.4138,49
"2026-09-09 18:00:00","2026-09-10 09:00:00","CAPE","surface",-72.1744,18.4138,0
"2026-09-09 18:00:00","2026-09-10 09:00:00","CAPE","surface",-72.1505,18.4138,11
"2026-09-09 18:00:00","2026-09-10 09:00:00","CAPE","surface",-72.1266,18.4138,25
"2026-09-09 18:00:00","2026-09-10 09:00:00","CAPE","surface",-72.1026,18.4138,0
"2026-09-09 18:00:00","2026-09-10 09:00:00","CAPE","surface",-72.0787,18.4138,0
"2026-09-09 18:00:00","2026-09-10 09:00:00","CAPE","surface",-72.0548,18.4138,0
"2026-09-09 18:00:00","2026-09-10 09:00:00","CAPE","surface",-72.0309,18.4138,48
"2026-09-09 18:00:00","2026-09-10 09:00:00","CAPE","surface",-72.0069,18.4138,48
"2026-09-09 18:00:00","2026-09-10 09:00:00","CAPE","surface",-71.983,18.4138,217
"2026-09-09 18:00:00","2026-09-10 09:00:00","CAPE","surface",-71.9591,18.4138,190
"2026-09-09 18:00:00","2026-09-10 09:00:00","CAPE","surface",-71.9352,18.4138,280
"2026-09-09 18:00:00","2026-09-10 09:00:00","CAPE","surface",-71.9112,18.4138,295
"2026-09-09 18:00:00","2026-09-10 09:00:00","CAPE","surface",-71.8873,18.4138,272
"2026-09-09 18:00:00","2026-09-10 09:00:00","CAPE","surface",-71.8634,18.4138,268
"2026-09-09 18:00:00","2026-09-10 09:00:00","CAPE","surface",-71.8395,18.4138,337
"2026-09-09 18:00:00","2026-09-10 09:00:00","CAPE","surface",-71.8155,18.4138,260
"2026-09-09 18:00:00","2026-09-10 09:00:00","CAPE","surface",-71.7916,18.4138,586
"2026-09-09 18:00:00","2026-09-10 09:00:00","CAPE","surface",-71.7677,18.4138,923
"2026-09-09 18:00:00","2026-09-10 09:00:00","CAPE","surface",-71.7438,18.4138,750
"2026-09-09 18:00:00","2026-09-10 09:00:00","CAPE","surface",-71.7198,18.4138,718
"2026-09-09 18:00:00","2026-09-10 09:00:00","CAPE","surface",-71.6959,18.4138,461
"2026-09-09 18:00:00","2026-09-10 09:00:00","CAPE","surface",-71.672,18.4138,541
"2026-09-09 18:00:00","2026-09-10 09:00:00","CAPE","surface",-71.6481,18.4138,541
"2026-09-09 18:00:00","2026-09-10 09:00:00","CAPE","surface",-71.6241,18.4138,713
"2026-09-09 18:00:00","2026-09-10 09:00:00","CAPE","surface",-71.6002,18.4138,531
"2026-09-09 18:00:00","2026-09-10 09:00:00","CAPE","surface",-71.5763,18.4138,698
"2026-09-09 18:00:00","2026-09-10 09:00:00","CAPE","surface",-71.5524,18.4138,672
"2026-09-09 18:00:00","2026-09-10 09:00:00","CAPE","surface",-71.5284,18.4138,823
"2026-09-09 18:00:00","2026-09-10 09:00:00","CAPE","surface",-71.5045,18.4138,784
"2026-09-09 18:00:00","2026-09-10 09:00:00","CAPE","surface",-71.4806,18.4138,839
"2026-09-09 18:00:00","2026-09-10 09:00:00","CAPE","surface",-71.4567,18.4138,916
"2026-09-09 18:00:00","2026-09-10 09:00:00","CAPE","surface",-71.4327,18.4138,864
"2026-09-09 18:00:00","2026-09-10 09:00:00","CAPE","surface",-71.4088,18.4138,975
"2026-09-09 18:00:00","2026-09-10 09:00:00","CAPE","surface",-71.3849,18.4138,941
"2026-09-09 18:00:00","2026-09-10 09:00:00","CAPE","surface",-71.361,18.4138,1029
"2026-09-09 18:00:00","2026-09-10 09:00:00","CAPE","surface",-71.337,18.4138,1026
"2026-09-09 18:00:00","2026-09-10 09:00:00","CAPE","surface",-71.3131,18.4138,976
"2026-09-09 18:00:00","2026-09-10 09:00:00","CAPE","surface",-71.2892,18.4138,976
"2026-09-09 18:00:00","2026-09-10 09:00:00","CAPE","surface",-71.2653,18.4138,970
"2026-09-09 18:00:00","2026-09-10 09:00:00","CAPE","surface",-71.2413,18.4138,988
"2026-09-09 18:00:00","2026-09-10 09:00:00","CAPE","surface",-71.2174,18.4138,1094
"2026-09-09 18:00:00","2026-09-10 09:00:00","CAPE","surface",-71.1935,18.4138,1050
"2026-09-09 18:00:00","2026-09-10 09:00:00","CAPE","surface",-71.1696,18.4138,954
"2026-09-09 18:00:00","2026-09-10 09:00:00","CAPE","surface",-71.1456,18.4138,946
"2026-09-09 18:00:00","2026-09-10 09:00:00","CAPE","surface",-71.1217,18.4138,999
"2026-09-09 18:00:00","2026-09-10 09:00:00","CAPE","surface",-71.0978,18.4138,811
"2026-09-09 18:00:00","2026-09-10 09:00:00","CAPE","surface",-71.0739,18.4138,544
"2026-09-09 18:00:00","2026-09-10 09:00:00","CAPE","surface",-71.0499,18.4138,567
"2026-09-09 18:00:00","2026-09-10 09:00:00","CAPE","surface",-71.026,18.4138,445
"2026-09-09 18:00:00","2026-09-10 09:00:00","CAPE","surface",-71.0021,18.4138,481
"2026-09-09 18:00:00","2026-09-10 09:00:00","CAPE","surface",-70.9782,18.4138,483
"2026-09-09 18:00:00","2026-09-10 09:00:00","CAPE","surface",-70.9542,18.4138,565
"2026-09-09 18:00:00","2026-09-10 09:00:00","CAPE","surface",-70.9303,18.4138,565
"2026-09-09 18:00:00","2026-09-10 09:00:00","CAPE","surface",-70.9064,18.4138,584
"2026-09-09 18:00:00","2026-09-10 09:00:00","CAPE","surface",-70.8825,18.4138,534
"2026-09-09 18:00:00","2026-09-10 09:00:00","CAPE","surface",-70.8585,18.4138,541
"2026-09-09 18:00:00","2026-09-10 09:00:00","CAPE","surface",-70.8346,18.4138,551
"2026-09-09 18:00:00","2026-09-10 09:00:00","CAPE","surface",-70.8107,18.4138,551
"2026-09-09 18:00:00","2026-09-10 09:00:00","CAPE","surface",-70.7868,18.4138,588
"2026-09-09 18:00:00","2026-09-10 09:00:00","CAPE","surface",-70.7628,18.4138,596
"2026-09-09 18:00:00","2026-09-10 09:00:00","CAPE","surface",-70.7389,18.4138,588
"2026-09-09 18:00:00","2026-09-10 09:00:00","CAPE","surface",-70.715,18.4138,588
"2026-09-09 18:00:00","2026-09-10 09:00:00","CAPE","surface",-70.6911,18.4138,736
"2026-09-09 18:00:00","2026-09-10 09:00:00","CAPE","surface",-70.6671,18.4138,1035
"2026-09-09 18:00:00","2026-09-10 09:00:00","CAPE","surface",-70.6432,18.4138,988
"2026-09-09 18:00:00","2026-09-10 09:00:00","CAPE","surface",-70.6193,18.4138,813
"2026-09-09 18:00:00","2026-09-10 09:00:00","CAPE","surface",-70.5954,18.4138,813
"2026-09-09 18:00:00","2026-09-10 09:00:00","CAPE","surface",-70.5714,18.4138,751
"2026-09-09 18:00:00","2026-09-10 09:00:00","CAPE","surface",-70.5475,18.4138,769
"2026-09-09 18:00:00","2026-09-10 09:00:00","CAPE","surface",-70.5236,18.4138,792
"2026-09-09 18:00:00","2026-09-10 09:00:00","CAPE","surface",-70.4997,18.4138,810
"2026-09-09 18:00:00","2026-09-10 09:00:00","CAPE","surface",-70.4757,18.4138,816
"2026-09-09 18:00:00","2026-09-10 09:00:00","CAPE","surface",-70.4518,18.4138,875
"2026-09-09 18:00:00","2026-09-10 09:00:00","CAPE","surface",-70.4279,18.4138,834
"2026-09-09 18:00:00","2026-09-10 09:00:00","CAPE","surface",-70.404,18.4138,892
"2026-09-09 18:00:00","2026-09-10 09:00:00","CAPE","surface",-70.38,18.4138,967
"2026-09-09 18:00:00","2026-09-10 09:00:00","CAPE","surface",-70.3561,18.4138,1007
"2026-09-09 18:00:00","2026-09-10 09:00:00","CAPE","surface",-70.3322,18.4138,1011
"2026-09-09 18:00:00","2026-09-10 09:00:00","CAPE","surface",-70.3083,18.4138,998
"2026-09-09 18:00:00","2026-09-10 09:00:00","CAPE","surface",-70.2843,18.4138,986
"2026-09-09 18:00:00","2026-09-10 09:00:00","CAPE","surface",-70.2604,18.4138,1006
"2026-09-09 18:00:00","2026-09-10 09:00:00","CAPE","surface",-70.2365,18.4138,986
"2026-09-09 18:00:00","2026-09-10 09:00:00","CAPE","surface",-70.2126,18.4138,1024
"2026-09-09 18:00:00","2026-09-10 09:00:00","CAPE","surface",-70.1886,18.4138,1045
"2026-09-09 18:00:00","2026-09-10 09:00:00","CAPE","surface",-70.1647,18.4138,1075
"2026-09-09 18:00:00","2026-09-10 09:00:00","CAPE","surface",-70.1408,18.4138,1075
"2026-09-09 18:00:00","2026-09-10 09:00:00","CAPE","surface",-70.1169,18.4138,1133
"2026-09-09 18:00:00","2026-09-10 09:00:00","CAPE","surface",-70.0929,18.4138,1188
"2026-09-09 18:00:00","2026-09-10 09:00:00","CAPE","surface",-70.069,18.4138,1207
"2026-09-09 18:00:00","2026-09-10 09:00:00","CAPE","surface",-70.0451,18.4138,1219
"2026-09-09 18:00:00","2026-09-10 09:00:00","CAPE","surface",-70.0212,18.4138,1219
"2026-09-09 18:00:00","2026-09-10 09:00:00","CAPE","surface",-69.9972,18.4138,1271
"2026-09-09 18:00:00","2026-09-10 09:00:00","CAPE","surface",-69.9733,18.4138,1587
"2026-09-09 18:00:00","2026-09-10 09:00:00","CAPE","surface",-69.9494,18.4138,1709
"2026-09-09 18:00:00","2026-09-10 09:00:00","CAPE","surface",-69.9255,18.4138,1709
"2026-09-09 18:00:00","2026-09-10 09:00:00","CAPE","surface",-69.9015,18.4138,1831
"2026-09-09 18:00:00","2026-09-10 09:00:00","CAPE","surface",-69.8776,18.4138,1957
"2026-09-09 18:00:00","2026-09-10 09:00:00","CAPE","surface",-69.8537,18.4138,2058
"2026-09-09 18:00:00","2026-09-10 09:00:00","CAPE","surface",-69.8298,18.4138,2027
"2026-09-09 18:00:00","2026-09-10 09:00:00","CAPE","surface",-69.8058,18.4138,2027
"2026-09-09 18:00:00","2026-09-10 09:00:00","CAPE","surface",-69.7819,18.4138,1988
"2026-09-09 18:00:00","2026-09-10 09:00:00","CAPE","surface",-69.758,18.4138,2173
"2026-09-09 18:00:00","2026-09-10 09:00:00","CAPE","surface",-69.7341,18.4138,2108
"2026-09-09 18:00:00","2026-09-10 09:00:00","CAPE","surface",-69.7101,18.4138,2108
"2026-09-09 18:00:00","2026-09-10 09:00:00","CAPE","surface",-69.6862,18.4138,1952
"2026-09-09 18:00:00","2026-09-10 09:00:00","CAPE","surface",-69.6623,18.4138,1968
"2026-09-09 18:00:00","2026-09-10 09:00:00","CAPE","surface",-69.6384,18.4138,1960
"2026-09-09 18:00:00","2026-09-10 09:00:00","CAPE","surface",-69.6144,18.4138,2191
"2026-09-09 18:00:00","2026-09-10 09:00:00","CAPE","surface",-69.5905,18.4138,2191
"2026-09-09 18:00:00","2026-09-10 09:00:00","CAPE","surface",-69.5666,18.4138,2131
"2026-09-09 18:00:00","2026-09-10 09:00:00","CAPE","surface",-69.5427,18.4138,2088
"2026-09-09 18:00:00","2026-09-10 09:00:00","CAPE","surface",-69.5187,18.4138,2012
"2026-09-09 18:00:00","2026-09-10 09:00:00","CAPE","surface",-69.4948,18.4138,2012
"2026-09-09 18:00:00","2026-09-10 09:00:00","CAPE","surface",-69.4709,18.4138,2088
"2026-09-09 18:00:00","2026-09-10 09:00:00","CAPE","surface",-69.447,18.4138,2242
"2026-09-09 18:00:00","2026-09-10 09:00:00","CAPE","surface",-69.423,18.4138,2352
"2026-09-09 18:00:00","2026-09-10 09:00:00","CAPE","surface",-69.3991,18.4138,2403
"2026-09-09 18:00:00","2026-09-10 09:00:00","CAPE","surface",-69.3752,18.4138,2403
"2026-09-09 18:00:00","2026-09-10 09:00:00","CAPE","surface",-69.3513,18.4138,2292
"2026-09-09 18:00:00","2026-09-10 09:00:00","CAPE","surface",-69.3273,18.4138,2451
"2026-09-09 18:00:00","2026-09-10 09:00:00","CAPE","surface",-69.3034,18.4138,2303
"2026-09-09 18:00:00","2026-09-10 09:00:00","CAPE","surface",-69.2795,18.4138,2303
"2026-09-09 18:00:00","2026-09-10 09:00:00","CAPE","surface",-69.2556,18.4138,2340
"2026-09-09 18:00:00","2026-09-10 09:00:00","CAPE","surface",-69.2316,18.4138,2258
"2026-09-09 18:00:00","2026-09-10 09:00:00","CAPE","surface",-69.2077,18.4138,2349
"2026-09-09 18:00:00","2026-09-10 09:00:00","CAPE","surface",-69.1838,18.4138,2310
"2026-09-09 18:00:00","2026-09-10 09:00:00","CAPE","surface",-69.1599,18.4138,2310
"2026-09-09 18:00:00","2026-09-10 09:00:00","CAPE","surface",-69.1359,18.4138,2011
"2026-09-09 18:00:00","2026-09-10 09:00:00","CAPE","surface",-69.112,18.4138,2020
"2026-09-09 18:00:00","2026-09-10 09:00:00","CAPE","surface",-69.0881,18.4138,1953
"2026-09-09 18:00:00","2026-09-10 09:00:00","CAPE","surface",-69.0642,18.4138,1953
"2026-09-09 18:00:00","2026-09-10 09:00:00","CAPE","surface",-69.0402,18.4138,1963
"2026-09-09 18:00:00","2026-09-10 09:00:00","CAPE","surface",-69.0163,18.4138,1996
"2026-09-09 18:00:00","2026-09-10 09:00:00","CAPE","surface",-68.9924,18.4138,2074
"2026-09-09 18:00:00","2026-09-10 09:00:00","CAPE","surface",-68.9685,18.4138,2032
"2026-09-09 18:00:00","2026-09-10 09:00:00","CAPE","surface",-68.9445,18.4138,2032
"2026-09-09 18:00:00","2026-09-10 09:00:00","CAPE","surface",-68.9206,18.4138,1872
"2026-09-09 18:00:00","2026-09-10 09:00:00","CAPE","surface",-68.8967,18.4138,1881
"2026-09-09 18:00:00","2026-09-10 09:00:00","CAPE","surface",-68.8728,18.4138,1813
"2026-09-09 18:00:00","2026-09-10 09:00:00","CAPE","surface",-68.8488,18.4138,1813
"2026-09-09 18:00:00","2026-09-10 09:00:00","CAPE","surface",-68.8249,18.4138,1784
"2026-09-09 18:00:00","2026-09-10 09:00:00","CAPE","surface",-68.801,18.4138,1850
"2026-09-09 18:00:00","2026-09-10 09:00:00","CAPE","surface",-68.7771,18.4138,1787
"2026-09-09 18:00:00","2026-09-10 09:00:00","CAPE","surface",-68.7531,18.4138,1671
"2026-09-09 18:00:00","2026-09-10 09:00:00","CAPE","surface",-68.7292,18.4138,1751
"2026-09-09 18:00:00","2026-09-10 09:00:00","CAPE","surface",-68.7053,18.4138,1812
"2026-09-09 18:00:00","2026-09-10 09:00:00","CAPE","surface",-68.6813,18.4138,1873
"2026-09-09 18:00:00","2026-09-10 09:00:00","CAPE","surface",-68.6574,18.4138,1940
"2026-09-09 18:00:00","2026-09-10 09:00:00","CAPE","surface",-68.6335,18.4138,1940
"2026-09-09 18:00:00","2026-09-10 09:00:00","CAPE","surface",-68.6096,18.4138,2009
"2026-09-09 18:00:00","2026-09-10 09:00:00","CAPE","surface",-68.5856,18.4138,2099
"2026-09-09 18:00:00","2026-09-10 09:00:00","CAPE","surface",-68.5617,18.4138,2111
"2026-09-09 18:00:00","2026-09-10 09:00:00","CAPE","surface",-68.5378,18.4138,2171
"2026-09-09 18:00:00","2026-09-10 09:00:00","CAPE","surface",-68.5139,18.4138,2173
"2026-09-09 18:00:00","2026-09-10 09:00:00","CAPE","surface",-68.4899,18.4138,2201
"2026-09-09 18:00:00","2026-09-10 09:00:00","CAPE","surface",-68.466,18.4138,2174
"2026-09-09 18:00:00","2026-09-10 09:00:00","CAPE","surface",-68.4421,18.4138,2216
"2026-09-09 18:00:00","2026-09-10 09:00:00","CAPE","surface",-68.4182,18.4138,2254
"2026-09-09 18:00:00","2026-09-10 09:00:00","CAPE","surface",-68.3942,18.4138,2352
"2026-09-09 18:00:00","2026-09-10 09:00:00","CAPE","surface",-68.3703,18.4138,2380
"2026-09-09 18:00:00","2026-09-10 09:00:00","CAPE","surface",-68.3464,18.4138,2330
"2026-09-09 18:00:00","2026-09-10 09:00:00","CAPE","surface",-68.3225,18.4138,2423
"2026-09-09 18:00:00","2026-09-10 09:00:00","CAPE","surface",-68.2985,18.4138,2373
"2026-09-09 18:00:00","2026-09-10 09:00:00","CAPE","surface",-68.2746,18.4138,2411
"2026-09-09 18:00:00","2026-09-10 09:00:00","CAPE","surface",-68.2507,18.4138,2339
"2026-09-09 18:00:00","2026-09-10 09:00:00","CAPE","surface",-68.2268,18.4138,2393
"2026-09-09 18:00:00","2026-09-10 09:00:00","CAPE","surface",-68.2028,18.4138,2391
"2026-09-09 18:00:00","2026-09-10 09:00:00","CAPE","surface",-68.1789,18.4138,2283
"2026-09-09 18:00:00","2026-09-10 09:00:00","CAPE","surface",-68.155,18.4138,2298
"2026-09-09 18:00:00","2026-09-10 09:00:00","CAPE","surface",-68.1311,18.4138,2298
"2026-09-09 18:00:00","2026-09-10 09:00:00","CAPE","surface",-68.1071,18.4138,2364
"2026-09-09 18:00:00","2026-09-10 09:00:00","CAPE","surface",-68.0832,18.4138,2268
"2026-09-09 18:00:00","2026-09-10 09:00:00","CAPE","surface",-68.0593,18.4138,2287
"2026-09-09 18:00:00","2026-09-10 09:00:00","CAPE","surface",-68.0354,18.4138,2356
"2026-09-09 18:00:00","2026-09-10 09:00:00","CAPE","surface",-68.0114,18.4138,2356
"2026-09-09 18:00:00","2026-09-10 09:00:00","CAPE","surface",-67.9875,18.4138,2470
"2026-09-09 18:00:00","2026-09-10 09:00:00","CAPE","surface",-67.9636,18.4138,2413
"2026-09-09 18:00:00","2026-09-10 09:00:00","CAPE","surface",-67.9397,18.4138,2463
"2026-09-09 18:00:00","2026-09-10 09:00:00","CAPE","surface",-67.9157,18.4138,2463
"2026-09-09 18:00:00","2026-09-10 09:00:00","CAPE","surface",-67.8918,18.4138,2395
"2026-09-09 18:00:00","2026-09-10 09:00:00","CAPE","surface",-67.8679,18.4138,2350
"2026-09-09 18:00:00","2026-09-10 09:00:00","CAPE","surface",-67.844,18.4138,2268
"2026-09-09 18:00:00","2026-09-10 09:00:00","CAPE","surface",-67.82,18.4138,2270
"2026-09-09 18:00:00","2026-09-10 09:00:00","CAPE","surface",-67.7961,18.4138,2247
"2026-09-09 18:00:00","2026-09-10 09:00:00","CAPE","surface",-67.7722,18.4138,2244
"2026-09-09 18:00:00","2026-09-10 09:00:00","CAPE","surface",-67.7483,18.4138,2209
"2026-09-09 18:00:00","2026-09-10 09:00:00","CAPE","surface",-67.7243,18.4138,2222
"2026-09-09 18:00:00","2026-09-10 09:00:00","CAPE","surface",-67.7004,18.4138,2215
"2026-09-09 18:00:00","2026-09-10 09:00:00","CAPE","surface",-67.6765,18.4138,2189
"2026-09-09 18:00:00","2026-09-10 09:00:00","CAPE","surface",-67.6526,18.4138,2160
"2026-09-09 18:00:00","2026-09-10 09:00:00","CAPE","surface",-67.6286,18.4138,2160
"2026-09-09 18:00:00","2026-09-10 09:00:00","CAPE","surface",-67.6047,18.4138,2147
"2026-09-09 18:00:00","2026-09-10 09:00:00","CAPE","surface",-67.5808,18.4138,2105
"2026-09-09 18:00:00","2026-09-10 09:00:00","CAPE","surface",-67.5569,18.4138,2038
"2026-09-09 18:00:00","2026-09-10 09:00:00","CAPE","surface",-67.5329,18.4138,2005
"2026-09-09 18:00:00","2026-09-10 09:00:00","CAPE","surface",-67.509,18.4138,1986
"2026-09-09 18:00:00","2026-09-10 09:00:00","CAPE","surface",-67.4851,18.4138,1966
"2026-09-09 18:00:00","2026-09-10 09:00:00","CAPE","surface",-67.4612,18.4138,1918
"2026-09-09 18:00:00","2026-09-10 09:00:00","CAPE","surface",-67.4372,18.4138,1875
"2026-09-09 18:00:00","2026-09-10 09:00:00","CAPE","surface",-67.4133,18.4138,1875
"2026-09-09 18:00:00","2026-09-10 09:00:00","CAPE","surface",-67.3894,18.4138,1835
"2026-09-09 18:00:00","2026-09-10 09:00:00","CAPE","surface",-67.3655,18.4138,1756
"2026-09-09 18:00:00","2026-09-10 09:00:00","CAPE","surface",-67.3415,18.4138,1697
"2026-09-09 18:00:00","2026-09-10 09:00:00","CAPE","surface",-67.3176,18.4138,1719
"2026-09-09 18:00:00","2026-09-10 09:00:00","CAPE","surface",-67.2937,18.4138,1642
"2026-09-09 18:00:00","2026-09-10 09:00:00","CAPE","surface",-67.2698,18.4138,1620
"2026-09-09 18:00:00","2026-09-10 09:00:00","CAPE","surface",-67.2458,18.4138,1536
"2026-09-09 18:00:00","2026-09-10 09:00:00","CAPE","surface",-67.2219,18.4138,1622
"2026-09-09 18:00:00","2026-09-10 09:00:00","CAPE","surface",-67.198,18.4138,1534
"2026-09-09 18:00:00","2026-09-10 09:00:00","CAPE","surface",-67.1741,18.4138,1471
"2026-09-09 18:00:00","2026-09-10 09:00:00","CAPE","surface",-67.1501,18.4138,1225
"2026-09-09 18:00:00","2026-09-10 09:00:00","CAPE","surface",-67.1262,18.4138,1225
"2026-09-09 18:00:00","2026-09-10 09:00:00","CAPE","surface",-67.1023,18.4138,1239
"2026-09-09 18:00:00","2026-09-10 09:00:00","CAPE","surface",-67.0784,18.4138,1226
"2026-09-09 18:00:00","2026-09-10 09:00:00","CAPE","surface",-67.0544,18.4138,1256
"2026-09-09 18:00:00","2026-09-10 09:00:00","CAPE","surface",-67.0305,18.4138,1256
"2026-09-09 18:00:00","2026-09-10 09:00:00","CAPE","surface",-67.0066,18.4138,1260
"2026-09-09 18:00:00","2026-09-10 09:00:00","CAPE","surface",-74.7822,18.4365,1985
"2026-09-09 18:00:00","2026-09-10 09:00:00","CAPE","surface",-74.7583,18.4365,1904
"2026-09-09 18:00:00","2026-09-10 09:00:00","CAPE","surface",-74.7344,18.4365,1928
"2026-09-09 18:00:00","2026-09-10 09:00:00","CAPE","surface",-74.7105,18.4365,1862
"2026-09-09 18:00:00","2026-09-10 09:00:00","CAPE","surface",-74.6865,18.4365,1861
"2026-09-09 18:00:00","2026-09-10 09:00:00","CAPE","surface",-74.6626,18.4365,1913
"2026-09-09 18:00:00","2026-09-10 09:00:00","CAPE","surface",-74.6387,18.4365,1960
"2026-09-09 18:00:00","2026-09-10 09:00:00","CAPE","surface",-74.6148,18.4365,1965
"2026-09-09 18:00:00","2026-09-10 09:00:00","CAPE","surface",-74.5908,18.4365,2020
"2026-09-09 18:00:00","2026-09-10 09:00:00","CAPE","surface",-74.5669,18.4365,2020
"2026-09-09 18:00:00","2026-09-10 09:00:00","CAPE","surface",-74.543,18.4365,2143
"2026-09-09 18:00:00","2026-09-10 09:00:00","CAPE","surface",-74.5191,18.4365,2290
"2026-09-09 18:00:00","2026-09-10 09:00:00","CAPE","surface",-74.4951,18.4365,2382
"2026-09-09 18:00:00","2026-09-10 09:00:00","CAPE","surface",-74.4712,18.4365,1830
"2026-09-09 18:00:00","2026-09-10 09:00:00","CAPE","surface",-74.4473,18.4365,1133
"2026-09-09 18:00:00","2026-09-10 09:00:00","CAPE","surface",-74.4234,18.4365,1133
"2026-09-09 18:00:00","2026-09-10 09:00:00","CAPE","surface",-74.3994,18.4365,1005
"2026-09-09 18:00:00","2026-09-10 09:00:00","CAPE","surface",-74.3755,18.4365,801
"2026-09-09 18:00:00","2026-09-10 09:00:00","CAPE","surface",-74.3516,18.4365,303
"2026-09-09 18:00:00","2026-09-10 09:00:00","CAPE","surface",-74.3277,18.4365,332
"2026-09-09 18:00:00","2026-09-10 09:00:00","CAPE","surface",-74.3037,18.4365,378
"2026-09-09 18:00:00","2026-09-10 09:00:00","CAPE","surface",-74.2798,18.4365,378
"2026-09-09 18:00:00","2026-09-10 09:00:00","CAPE","surface",-74.2559,18.4365,318
"2026-09-09 18:00:00","2026-09-10 09:00:00","CAPE","surface",-74.232,18.4365,200
"2026-09-09 18:00:00","2026-09-10 09:00:00","CAPE","surface",-74.208,18.4365,392
"2026-09-09 18:00:00","2026-09-10 09:00:00","CAPE","surface",-74.1841,18.4365,270
"2026-09-09 18:00:00","2026-09-10 09:00:00","CAPE","surface",-74.1602,18.4365,20
"2026-09-09 18:00:00","2026-09-10 09:00:00","CAPE","surface",-74.1363,18.4365,20
"2026-09-09 18:00:00","2026-09-10 09:00:00","CAPE","surface",-74.1123,18.4365,0
"2026-09-09 18:00:00","2026-09-10 09:00:00","CAPE","surface",-74.0884,18.4365,0
"2026-09-09 18:00:00","2026-09-10 09:00:00","CAPE","surface",-74.0645,18.4365,0
"2026-09-09 18:00:00","2026-09-10 09:00:00","CAPE","surface",-74.0406,18.4365,0
"2026-09-09 18:00:00","2026-09-10 09:00:00","CAPE","surface",-74.0166,18.4365,72
"2026-09-09 18:00:00","2026-09-10 09:00:00","CAPE","surface",-73.9927,18.4365,107
"2026-09-09 18:00:00","2026-09-10 09:00:00","CAPE","surface",-73.9688,18.4365,378
"2026-09-09 18:00:00","2026-09-10 09:00:00","CAPE","surface",-73.9449,18.4365,505
"2026-09-09 18:00:00","2026-09-10 09:00:00","CAPE","surface",-73.9209,18.4365,708
"2026-09-09 18:00:00","2026-09-10 09:00:00","CAPE","surface",-73.897,18.4365,897
"2026-09-09 18:00:00","2026-09-10 09:00:00","CAPE","surface",-73.8731,18.4365,965
"2026-09-09 18:00:00","2026-09-10 09:00:00","CAPE","surface",-73.8492,18.4365,1139
"2026-09-09 18:00:00","2026-09-10 09:00:00","CAPE","surface",-73.8252,18.4365,1182
"2026-09-09 18:00:00","2026-09-10 09:00:00","CAPE","surface",-73.8013,18.4365,956
"2026-09-09 18:00:00","2026-09-10 09:00:00","CAPE","surface",-73.7774,18.4365,1008
"2026-09-09 18:00:00","2026-09-10 09:00:00","CAPE","surface",-73.7535,18.4365,1160
"2026-09-09 18:00:00","2026-09-10 09:00:00","CAPE","surface",-73.7295,18.4365,1160
"2026-09-09 18:00:00","2026-09-10 09:00:00","CAPE","surface",-73.7056,18.4365,1256
"2026-09-09 18:00:00","2026-09-10 09:00:00","CAPE","surface",-73.6817,18.4365,1374
"2026-09-09 18:00:00","2026-09-10 09:00:00","CAPE","surface",-73.6578,18.4365,1325
"2026-09-09 18:00:00","2026-09-10 09:00:00","CAPE","surface",-73.6338,18.4365,1377
"2026-09-09 18:00:00","2026-09-10 09:00:00","CAPE","surface",-73.6099,18.4365,1270
"2026-09-09 18:00:00","2026-09-10 09:00:00","CAPE","surface",-73.586,18.4365,1268
"2026-09-09 18:00:00","2026-09-10 09:00:00","CAPE","surface",-73.5621,18.4365,1133
"2026-09-09 18:00:00","2026-09-10 09:00:00","CAPE","surface",-73.5381,18.4365,921
"2026-09-09 18:00:00","2026-09-10 09:00:00","CAPE","surface",-73.5142,18.4365,786
"2026-09-09 18:00:00","2026-09-10 09:00:00","CAPE","surface",-73.4903,18.4365,811
"2026-09-09 18:00:00","2026-09-10 09:00:00","CAPE","surface",-73.4664,18.4365,888
"2026-09-09 18:00:00","2026-09-10 09:00:00","CAPE","surface",-73.4424,18.4365,997
"2026-09-09 18:00:00","2026-09-10 09:00:00","CAPE","surface",-73.4185,18.4365,1188
"2026-09-09 18:00:00","2026-09-10 09:00:00","CAPE","surface",-73.3946,18.4365,1258
"2026-09-09 18:00:00","2026-09-10 09:00:00","CAPE","surface",-73.3707,18.4365,1366
"2026-09-09 18:00:00","2026-09-10 09:00:00","CAPE","surface",-73.3467,18.4365,1366
"2026-09-09 18:00:00","2026-09-10 09:00:00","CAPE","surface",-73.3228,18.4365,1150
"2026-09-09 18:00:00","2026-09-10 09:00:00","CAPE","surface",-73.2989,18.4365,1205
"2026-09-09 18:00:00","2026-09-10 09:00:00","CAPE","surface",-73.275,18.4365,1148
"2026-09-09 18:00:00","2026-09-10 09:00:00","CAPE","surface",-73.251,18.4365,1164
"2026-09-09 18:00:00","2026-09-10 09:00:00","CAPE","surface",-73.2271,18.4365,1133
"2026-09-09 18:00:00","2026-09-10 09:00:00","CAPE","surface",-73.2032,18.4365,1069
"2026-09-09 18:00:00","2026-09-10 09:00:00","CAPE","surface",-73.1793,18.4365,1040
"2026-09-09 18:00:00","2026-09-10 09:00:00","CAPE","surface",-73.1553,18.4365,1088
"2026-09-09 18:00:00","2026-09-10 09:00:00","CAPE","surface",-73.1314,18.4365,1188
"2026-09-09 18:00:00","2026-09-10 09:00:00","CAPE","surface",-73.1075,18.4365,1271
"2026-09-09 18:00:00","2026-09-10 09:00:00","CAPE","surface",-73.0836,18.4365,1271
"2026-09-09 18:00:00","2026-09-10 09:00:00","CAPE","surface",-73.0596,18.4365,1276
"2026-09-09 18:00:00","2026-09-10 09:00:00","CAPE","surface",-73.0357,18.4365,1150
"2026-09-09 18:00:00","2026-09-10 09:00:00","CAPE","surface",-73.0118,18.4365,1104
"2026-09-09 18:00:00","2026-09-10 09:00:00","CAPE","surface",-72.9879,18.4365,936
"2026-09-09 18:00:00","2026-09-10 09:00:00","CAPE","surface",-72.9639,18.4365,807
"2026-09-09 18:00:00","2026-09-10 09:00:00","CAPE","surface",-72.94,18.4365,807
"2026-09-09 18:00:00","2026-09-10 09:00:00","CAPE","surface",-72.9161,18.4365,993
"2026-09-09 18:00:00","2026-09-10 09:00:00","CAPE","surface",-72.8922,18.4365,1113
"2026-09-09 18:00:00","2026-09-10 09:00:00","CAPE","surface",-72.8682,18.4365,1502
"2026-09-09 18:00:00","2026-09-10 09:00:00","CAPE","surface",-72.8443,18.4365,1452
"2026-09-09 18:00:00","2026-09-10 09:00:00","CAPE","surface",-72.8204,18.4365,1731
"2026-09-09 18:00:00","2026-09-10 09:00:00","CAPE","surface",-72.7965,18.4365,1574
"2026-09-09 18:00:00","2026-09-10 09:00:00","CAPE","surface",-72.7725,18.4365,1487
"2026-09-09 18:00:00","2026-09-10 09:00:00","CAPE","surface",-72.7486,18.4365,1644
"2026-09-09 18:00:00","2026-09-10 09:00:00","CAPE","surface",-72.7247,18.4365,1152
"2026-09-09 18:00:00","2026-09-10 09:00:00","CAPE","surface",-72.7008,18.4365,1499
"2026-09-09 18:00:00","2026-09-10 09:00:00","CAPE","surface",-72.6768,18.4365,1228
"2026-09-09 18:00:00","2026-09-10 09:00:00","CAPE","surface",-72.6529,18.4365,1165
"2026-09-09 18:00:00","2026-09-10 09:00:00","CAPE","surface",-72.629,18.4365,1170
"2026-09-09 18:00:00","2026-09-10 09:00:00","CAPE","surface",-72.6051,18.4365,1018
"2026-09-09 18:00:00","2026-09-10 09:00:00","CAPE","surface",-72.5811,18.4365,1018
"2026-09-09 18:00:00","2026-09-10 09:00:00","CAPE","surface",-72.5572,18.4365,1270
"2026-09-09 18:00:00","2026-09-10 09:00:00","CAPE","surface",-72.5333,18.4365,1247
"2026-09-09 18:00:00","2026-09-10 09:00:00","CAPE","surface",-72.5094,18.4365,974
"2026-09-09 18:00:00","2026-09-10 09:00:00","CAPE","surface",-72.4854,18.4365,644
"2026-09-09 18:00:00","2026-09-10 09:00:00","CAPE","surface",-72.4615,18.4365,570
"2026-09-09 18:00:00","2026-09-10 09:00:00","CAPE","surface",-72.4376,18.4365,570
"2026-09-09 18:00:00","2026-09-10 09:00:00","CAPE","surface",-72.4137,18.4365,688
"2026-09-09 18:00:00","2026-09-10 09:00:00","CAPE","surface",-72.3897,18.4365,408
"2026-09-09 18:00:00","2026-09-10 09:00:00","CAPE","surface",-72.3658,18.4365,0
"2026-09-09 18:00:00","2026-09-10 09:00:00","CAPE","surface",-72.3419,18.4365,0
"2026-09-09 18:00:00","2026-09-10 09:00:00","CAPE","surface",-72.318,18.4365,0
"2026-09-09 18:00:00","2026-09-10 09:00:00","CAPE","surface",-72.294,18.4365,12
"2026-09-09 18:00:00","2026-09-10 09:00:00","CAPE","surface",-72.2701,18.4365,60
"2026-09-09 18:00:00","2026-09-10 09:00:00","CAPE","surface",-72.2462,18.4365,149
"2026-09-09 18:00:00","2026-09-10 09:00:00","CAPE","surface",-72.2223,18.4365,105
"2026-09-09 18:00:00","2026-09-10 09:00:00","CAPE","surface",-72.1983,18.4365,130
"2026-09-09 18:00:00","2026-09-10 09:00:00","CAPE","surface",-72.1744,18.4365,120
"2026-09-09 18:00:00","2026-09-10 09:00:00","CAPE","surface",-72.1505,18.4365,120
"2026-09-09 18:00:00","2026-09-10 09:00:00","CAPE","surface",-72.1266,18.4365,25
"2026-09-09 18:00:00","2026-09-10 09:00:00","CAPE","surface",-72.1026,18.4365,0
"2026-09-09 18:00:00","2026-09-10 09:00:00","CAPE","surface",-72.0787,18.4365,0
"2026-09-09 18:00:00","2026-09-10 09:00:00","CAPE","surface",-72.0548,18.4365,175
"2026-09-09 18:00:00","2026-09-10 09:00:00","CAPE","surface",-72.0309,18.4365,111
"2026-09-09 18:00:00","2026-09-10 09:00:00","CAPE","surface",-72.0069,18.4365,250
"2026-09-09 18:00:00","2026-09-10 09:00:00","CAPE","surface",-71.983,18.4365,217
"2026-09-09 18:00:00","2026-09-10 09:00:00","CAPE","surface",-71.9591,18.4365,285
"2026-09-09 18:00:00","2026-09-10 09:00:00","CAPE","surface",-71.9352,18.4365,260
"2026-09-09 18:00:00","2026-09-10 09:00:00","CAPE","surface",-71.9112,18.4365,264
"2026-09-09 18:00:00","2026-09-10 09:00:00","CAPE","surface",-71.8873,18.4365,403
"2026-09-09 18:00:00","2026-09-10 09:00:00","CAPE","surface",-71.8634,18.4365,376
"2026-09-09 18:00:00","2026-09-10 09:00:00","CAPE","surface",-71.8395,18.4365,871
"2026-09-09 18:00:00","2026-09-10 09:00:00","CAPE","surface",-71.8155,18.4365,900
"2026-09-09 18:00:00","2026-09-10 09:00:00","CAPE","surface",-71.7916,18.4365,996
"2026-09-09 18:00:00","2026-09-10 09:00:00","CAPE","surface",-71.7677,18.4365,923
"2026-09-09 18:00:00","2026-09-10 09:00:00","CAPE","surface",-71.7438,18.4365,915
"2026-09-09 18:00:00","2026-09-10 09:00:00","CAPE","surface",-71.7198,18.4365,915
"2026-09-09 18:00:00","2026-09-10 09:00:00","CAPE","surface",-71.6959,18.4365,977
"2026-09-09 18:00:00","2026-09-10 09:00:00","CAPE","surface",-71.672,18.4365,782
"2026-09-09 18:00:00","2026-09-10 09:00:00","CAPE","surface",-71.6481,18.4365,949
"2026-09-09 18:00:00","2026-09-10 09:00:00","CAPE","surface",-71.6241,18.4365,1182
"2026-09-09 18:00:00","2026-09-10 09:00:00","CAPE","surface",-71.6002,18.4365,1182
"2026-09-09 18:00:00","2026-09-10 09:00:00","CAPE","surface",-71.5763,18.4365,1178
"2026-09-09 18:00:00","2026-09-10 09:00:00","CAPE","surface",-71.5524,18.4365,905
"2026-09-09 18:00:00","2026-09-10 09:00:00","CAPE","surface",-71.5284,18.4365,875
"2026-09-09 18:00:00","2026-09-10 09:00:00","CAPE","surface",-71.5045,18.4365,871
"2026-09-09 18:00:00","2026-09-10 09:00:00","CAPE","surface",-71.4806,18.4365,987
"2026-09-09 18:00:00","2026-09-10 09:00:00","CAPE","surface",-71.4567,18.4365,944
"2026-09-09 18:00:00","2026-09-10 09:00:00","CAPE","surface",-71.4327,18.4365,1007
"2026-09-09 18:00:00","2026-09-10 09:00:00","CAPE","surface",-71.4088,18.4365,975
"2026-09-09 18:00:00","2026-09-10 09:00:00","CAPE","surface",-71.3849,18.4365,1032
"2026-09-09 18:00:00","2026-09-10 09:00:00","CAPE","surface",-71.361,18.4365,1032
"2026-09-09 18:00:00","2026-09-10 09:00:00","CAPE","surface",-71.337,18.4365,1028
"2026-09-09 18:00:00","2026-09-10 09:00:00","CAPE","surface",-71.3131,18.4365,963
"2026-09-09 18:00:00","2026-09-10 09:00:00","CAPE","surface",-71.2892,18.4365,969
"2026-09-09 18:00:00","2026-09-10 09:00:00","CAPE","surface",-71.2653,18.4365,1085
"2026-09-09 18:00:00","2026-09-10 09:00:00","CAPE","surface",-71.2413,18.4365,1085
"2026-09-09 18:00:00","2026-09-10 09:00:00","CAPE","surface",-71.2174,18.4365,816
"2026-09-09 18:00:00","2026-09-10 09:00:00","CAPE","surface",-71.1935,18.4365,880
"2026-09-09 18:00:00","2026-09-10 09:00:00","CAPE","surface",-71.1696,18.4365,832
"2026-09-09 18:00:00","2026-09-10 09:00:00","CAPE","surface",-71.1456,18.4365,946
"2026-09-09 18:00:00","2026-09-10 09:00:00","CAPE","surface",-71.1217,18.4365,767
"2026-09-09 18:00:00","2026-09-10 09:00:00","CAPE","surface",-71.0978,18.4365,925
"2026-09-09 18:00:00","2026-09-10 09:00:00","CAPE","surface",-71.0739,18.4365,750
"2026-09-09 18:00:00","2026-09-10 09:00:00","CAPE","surface",-71.0499,18.4365,567
"2026-09-09 18:00:00","2026-09-10 09:00:00","CAPE","surface",-71.026,18.4365,498
"2026-09-09 18:00:00","2026-09-10 09:00:00","CAPE","surface",-71.0021,18.4365,558
"2026-09-09 18:00:00","2026-09-10 09:00:00","CAPE","surface",-70.9782,18.4365,564
"2026-09-09 18:00:00","2026-09-10 09:00:00","CAPE","surface",-70.9542,18.4365,559
"2026-09-09 18:00:00","2026-09-10 09:00:00","CAPE","surface",-70.9303,18.4365,569
"2026-09-09 18:00:00","2026-09-10 09:00:00","CAPE","surface",-70.9064,18.4365,532
"2026-09-09 18:00:00","2026-09-10 09:00:00","CAPE","surface",-70.8825,18.4365,532
"2026-09-09 18:00:00","2026-09-10 09:00:00","CAPE","surface",-70.8585,18.4365,534
"2026-09-09 18:00:00","2026-09-10 09:00:00","CAPE","surface",-70.8346,18.4365,538
"2026-09-09 18:00:00","2026-09-10 09:00:00","CAPE","surface",-70.8107,18.4365,586
"2026-09-09 18:00:00","2026-09-10 09:00:00","CAPE","surface",-70.7868,18.4365,586
"2026-09-09 18:00:00","2026-09-10 09:00:00","CAPE","surface",-70.7628,18.4365,577
"2026-09-09 18:00:00","2026-09-10 09:00:00","CAPE","surface",-70.7389,18.4365,560
"2026-09-09 18:00:00","2026-09-10 09:00:00","CAPE","surface",-70.715,18.4365,566
"2026-09-09 18:00:00","2026-09-10 09:00:00","CAPE","surface",-70.6911,18.4365,575
"2026-09-09 18:00:00","2026-09-10 09:00:00","CAPE","surface",-70.6671,18.4365,575
"2026-09-09 18:00:00","2026-09-10 09:00:00","CAPE","surface",-70.6432,18.4365,658
"2026-09-09 18:00:00","2026-09-10 09:00:00","CAPE","surface",-70.6193,18.4365,741
"2026-09-09 18:00:00","2026-09-10 09:00:00","CAPE","surface",-70.5954,18.4365,718
"2026-09-09 18:00:00","2026-09-10 09:00:00","CAPE","surface",-70.5714,18.4365,751
"2026-09-09 18:00:00","2026-09-10 09:00:00","CAPE","surface",-70.5475,18.4365,757
"2026-09-09 18:00:00","2026-09-10 09:00:00","CAPE","surface",-70.5236,18.4365,775
"2026-09-09 18:00:00","2026-09-10 09:00:00","CAPE","surface",-70.4997,18.4365,804
"2026-09-09 18:00:00","2026-09-10 09:00:00","CAPE","surface",-70.4757,18.4365,868
"2026-09-09 18:00:00","2026-09-10 09:00:00","CAPE","surface",-70.4518,18.4365,852
"2026-09-09 18:00:00","2026-09-10 09:00:00","CAPE","surface",-70.4279,18.4365,827
"2026-09-09 18:00:00","2026-09-10 09:00:00","CAPE","surface",-70.404,18.4365,852
"2026-09-09 18:00:00","2026-09-10 09:00:00","CAPE","surface",-70.38,18.4365,1002
"2026-09-09 18:00:00","2026-09-10 09:00:00","CAPE","surface",-70.3561,18.4365,1007
"2026-09-09 18:00:00","2026-09-10 09:00:00","CAPE","surface",-70.3322,18.4365,1078
"2026-09-09 18:00:00","2026-09-10 09:00:00","CAPE","surface",-70.3083,18.4365,1040
"2026-09-09 18:00:00","2026-09-10 09:00:00","CAPE","surface",-70.2843,18.4365,1028
"2026-09-09 18:00:00","2026-09-10 09:00:00","CAPE","surface",-70.2604,18.4365,1006
"2026-09-09 18:00:00","2026-09-10 09:00:00","CAPE","surface",-70.2365,18.4365,1008
"2026-09-09 18:00:00","2026-09-10 09:00:00","CAPE","surface",-70.2126,18.4365,1029
"2026-09-09 18:00:00","2026-09-10 09:00:00","CAPE","surface",-70.1886,18.4365,1042
"2026-09-09 18:00:00","2026-09-10 09:00:00","CAPE","surface",-70.1647,18.4365,1067
"2026-09-09 18:00:00","2026-09-10 09:00:00","CAPE","surface",-70.1408,18.4365,1096
"2026-09-09 18:00:00","2026-09-10 09:00:00","CAPE","surface",-70.1169,18.4365,1164
"2026-09-09 18:00:00","2026-09-10 09:00:00","CAPE","surface",-70.0929,18.4365,1164
"2026-09-09 18:00:00","2026-09-10 09:00:00","CAPE","surface",-70.069,18.4365,1198
"2026-09-09 18:00:00","2026-09-10 09:00:00","CAPE","surface",-70.0451,18.4365,1219
"2026-09-09 18:00:00","2026-09-10 09:00:00","CAPE","surface",-70.0212,18.4365,1225
"2026-09-09 18:00:00","2026-09-10 09:00:00","CAPE","surface",-69.9972,18.4365,1225
"2026-09-09 18:00:00","2026-09-10 09:00:00","CAPE","surface",-69.9733,18.4365,1272
"2026-09-09 18:00:00","2026-09-10 09:00:00","CAPE","surface",-69.9494,18.4365,1378
"2026-09-09 18:00:00","2026-09-10 09:00:00","CAPE","surface",-69.9255,18.4365,1455
"2026-09-09 18:00:00","2026-09-10 09:00:00","CAPE","surface",-69.9015,18.4365,1719
"2026-09-09 18:00:00","2026-09-10 09:00:00","CAPE","surface",-69.8776,18.4365,1719
"2026-09-09 18:00:00","2026-09-10 09:00:00","CAPE","surface",-69.8537,18.4365,1713
"2026-09-09 18:00:00","2026-09-10 09:00:00","CAPE","surface",-69.8298,18.4365,1884
"2026-09-09 18:00:00","2026-09-10 09:00:00","CAPE","surface",-69.8058,18.4365,1784
"2026-09-09 18:00:00","2026-09-10 09:00:00","CAPE","surface",-69.7819,18.4365,1988
"2026-09-09 18:00:00","2026-09-10 09:00:00","CAPE","surface",-69.758,18.4365,1735
"2026-09-09 18:00:00","2026-09-10 09:00:00","CAPE","surface",-69.7341,18.4365,1735
"2026-09-09 18:00:00","2026-09-10 09:00:00","CAPE","surface",-69.7101,18.4365,1872
"2026-09-09 18:00:00","2026-09-10 09:00:00","CAPE","surface",-69.6862,18.4365,1816
"2026-09-09 18:00:00","2026-09-10 09:00:00","CAPE","surface",-69.6623,18.4365,1816
"2026-09-09 18:00:00","2026-09-10 09:00:00","CAPE","surface",-69.6384,18.4365,1837
"2026-09-09 18:00:00","2026-09-10 09:00:00","CAPE","surface",-69.6144,18.4365,1895
"2026-09-09 18:00:00","2026-09-10 09:00:00","CAPE","surface",-69.5905,18.4365,1945
"2026-09-09 18:00:00","2026-09-10 09:00:00","CAPE","surface",-69.5666,18.4365,2131
"2026-09-09 18:00:00","2026-09-10 09:00:00","CAPE","surface",-69.5427,18.4365,1982
"2026-09-09 18:00:00","2026-09-10 09:00:00","CAPE","surface",-69.5187,18.4365,2026
"2026-09-09 18:00:00","2026-09-10 09:00:00","CAPE","surface",-69.4948,18.4365,2050
"2026-09-09 18:00:00","2026-09-10 09:00:00","CAPE","surface",-69.4709,18.4365,2147
"2026-09-09 18:00:00","2026-09-10 09:00:00","CAPE","surface",-69.447,18.4365,2147
"2026-09-09 18:00:00","2026-09-10 09:00:00","CAPE","surface",-69.423,18.4365,2234
"2026-09-09 18:00:00","2026-09-10 09:00:00","CAPE","surface",-69.3991,18.4365,2266
"2026-09-09 18:00:00","2026-09-10 09:00:00","CAPE","surface",-69.3752,18.4365,2296
"2026-09-09 18:00:00","2026-09-10 09:00:00","CAPE","surface",-69.3513,18.4365,2292
"2026-09-09 18:00:00","2026-09-10 09:00:00","CAPE","surface",-69.3273,18.4365,2270
"2026-09-09 18:00:00","2026-09-10 09:00:00","CAPE","surface",-69.3034,18.4365,2234
"2026-09-09 18:00:00","2026-09-10 09:00:00","CAPE","surface",-69.2795,18.4365,2292
"2026-09-09 18:00:00","2026-09-10 09:00:00","CAPE","surface",-69.2556,18.4365,2385
"2026-09-09 18:00:00","2026-09-10 09:00:00","CAPE","surface",-69.2316,18.4365,2385
"2026-09-09 18:00:00","2026-09-10 09:00:00","CAPE","surface",-69.2077,18.4365,2370
"2026-09-09 18:00:00","2026-09-10 09:00:00","CAPE","surface",-69.1838,18.4365,2337
"2026-09-09 18:00:00","2026-09-10 09:00:00","CAPE","surface",-69.1599,18.4365,2082
"2026-09-09 18:00:00","2026-09-10 09:00:00","CAPE","surface",-69.1359,18.4365,2011
"2026-09-09 18:00:00","2026-09-10 09:00:00","CAPE","surface",-69.112,18.4365,2052
"2026-09-09 18:00:00","2026-09-10 09:00:00","CAPE","surface",-69.0881,18.4365,2016
"2026-09-09 18:00:00","2026-09-10 09:00:00","CAPE","surface",-69.0642,18.4365,1975
"2026-09-09 18:00:00","2026-09-10 09:00:00","CAPE","surface",-69.0402,18.4365,1968
"2026-09-09 18:00:00","2026-09-10 09:00:00","CAPE","surface",-69.0163,18.4365,1968
"2026-09-09 18:00:00","2026-09-10 09:00:00","CAPE","surface",-68.9924,18.4365,1971
"2026-09-09 18:00:00","2026-09-10 09:00:00","CAPE","surface",-68.9685,18.4365,1962
"2026-09-09 18:00:00","2026-09-10 09:00:00","CAPE","surface",-68.9445,18.4365,1906
"2026-09-09 18:00:00","2026-09-10 09:00:00","CAPE","surface",-68.9206,18.4365,1906
"2026-09-09 18:00:00","2026-09-10 09:00:00","CAPE","surface",-68.8967,18.4365,1899
"2026-09-09 18:00:00","2026-09-10 09:00:00","CAPE","surface",-68.8728,18.4365,1832
"2026-09-09 18:00:00","2026-09-10 09:00:00","CAPE","surface",-68.8488,18.4365,1767
"2026-09-09 18:00:00","2026-09-10 09:00:00","CAPE","surface",-68.8249,18.4365,1653
"2026-09-09 18:00:00","2026-09-10 09:00:00","CAPE","surface",-68.801,18.4365,1653
"2026-09-09 18:00:00","2026-09-10 09:00:00","CAPE","surface",-68.7771,18.4365,1602
"2026-09-09 18:00:00","2026-09-10 09:00:00","CAPE","surface",-68.7531,18.4365,1671
"2026-09-09 18:00:00","2026-09-10 09:00:00","CAPE","surface",-68.7292,18.4365,1733
"2026-09-09 18:00:00","2026-09-10 09:00:00","CAPE","surface",-68.7053,18.4365,1733
"2026-09-09 18:00:00","2026-09-10 09:00:00","CAPE","surface",-68.6813,18.4365,1867
"2026-09-09 18:00:00","2026-09-10 09:00:00","CAPE","surface",-68.6574,18.4365,1971
"2026-09-09 18:00:00","2026-09-10 09:00:00","CAPE","surface",-68.6335,18.4365,1996
"2026-09-09 18:00:00","2026-09-10 09:00:00","CAPE","surface",-68.6096,18.4365,2082
"2026-09-09 18:00:00","2026-09-10 09:00:00","CAPE","surface",-68.5856,18.4365,2082
"2026-09-09 18:00:00","2026-09-10 09:00:00","CAPE","surface",-68.5617,18.4365,2173
"2026-09-09 18:00:00","2026-09-10 09:00:00","CAPE","surface",-68.5378,18.4365,2171
"2026-09-09 18:00:00","2026-09-10 09:00:00","CAPE","surface",-68.5139,18.4365,2236
"2026-09-09 18:00:00","2026-09-10 09:00:00","CAPE","surface",-68.4899,18.4365,2288
"2026-09-09 18:00:00","2026-09-10 09:00:00","CAPE","surface",-68.466,18.4365,2261
"2026-09-09 18:00:00","2026-09-10 09:00:00","CAPE","surface",-68.4421,18.4365,2287
"2026-09-09 18:00:00","2026-09-10 09:00:00","CAPE","surface",-68.4182,18.4365,2371
"2026-09-09 18:00:00","2026-09-10 09:00:00","CAPE","surface",-68.3942,18.4365,2409
"2026-09-09 18:00:00","2026-09-10 09:00:00","CAPE","surface",-68.3703,18.4365,2413
"2026-09-09 18:00:00","2026-09-10 09:00:00","CAPE","surface",-68.3464,18.4365,2442
"2026-09-09 18:00:00","2026-09-10 09:00:00","CAPE","surface",-68.3225,18.4365,2423
"2026-09-09 18:00:00","2026-09-10 09:00:00","CAPE","surface",-68.2985,18.4365,2470
"2026-09-09 18:00:00","2026-09-10 09:00:00","CAPE","surface",-68.2746,18.4365,2496
"2026-09-09 18:00:00","2026-09-10 09:00:00","CAPE","surface",-68.2507,18.4365,2454
"2026-09-09 18:00:00","2026-09-10 09:00:00","CAPE","surface",-68.2268,18.4365,2463
"2026-09-09 18:00:00","2026-09-10 09:00:00","CAPE","surface",-68.2028,18.4365,2391
"2026-09-09 18:00:00","2026-09-10 09:00:00","CAPE","surface",-68.1789,18.4365,2505
"2026-09-09 18:00:00","2026-09-10 09:00:00","CAPE","surface",-68.155,18.4365,2406
"2026-09-09 18:00:00","2026-09-10 09:00:00","CAPE","surface",-68.1311,18.4365,2449
"2026-09-09 18:00:00","2026-09-10 09:00:00","CAPE","surface",-68.1071,18.4365,2479
"2026-09-09 18:00:00","2026-09-10 09:00:00","CAPE","surface",-68.0832,18.4365,2479
"2026-09-09 18:00:00","2026-09-10 09:00:00","CAPE","surface",-68.0593,18.4365,2468
"2026-09-09 18:00:00","2026-09-10 09:00:00","CAPE","surface",-68.0354,18.4365,2416
"2026-09-09 18:00:00","2026-09-10 09:00:00","CAPE","surface",-68.0114,18.4365,2504
"2026-09-09 18:00:00","2026-09-10 09:00:00","CAPE","surface",-67.9875,18.4365,2504
"2026-09-09 18:00:00","2026-09-10 09:00:00","CAPE","surface",-67.9636,18.4365,2543
"2026-09-09 18:00:00","2026-09-10 09:00:00","CAPE","surface",-67.9397,18.4365,2524
"2026-09-09 18:00:00","2026-09-10 09:00:00","CAPE","surface",-67.9157,18.4365,2438
"2026-09-09 18:00:00","2026-09-10 09:00:00","CAPE","surface",-67.8918,18.4365,2370
"2026-09-09 18:00:00","2026-09-10 09:00:00","CAPE","surface",-67.8679,18.4365,2339
"2026-09-09 18:00:00","2026-09-10 09:00:00","CAPE","surface",-67.844,18.4365,2292
"2026-09-09 18:00:00","2026-09-10 09:00:00","CAPE","surface",-67.82,18.4365,2270
"2026-09-09 18:00:00","2026-09-10 09:00:00","CAPE","surface",-67.7961,18.4365,2286
"2026-09-09 18:00:00","2026-09-10 09:00:00","CAPE","surface",-67.7722,18.4365,2286
"2026-09-09 18:00:00","2026-09-10 09:00:00","CAPE","surface",-67.7483,18.4365,2252
"2026-09-09 18:00:00","2026-09-10 09:00:00","CAPE","surface",-67.7243,18.4365,2207
"2026-09-09 18:00:00","2026-09-10 09:00:00","CAPE","surface",-67.7004,18.4365,2193
"2026-09-09 18:00:00","2026-09-10 09:00:00","CAPE","surface",-67.6765,18.4365,2181
"2026-09-09 18:00:00","2026-09-10 09:00:00","CAPE","surface",-67.6526,18.4365,2167
"2026-09-09 18:00:00","2026-09-10 09:00:00","CAPE","surface",-67.6286,18.4365,2181
"2026-09-09 18:00:00","2026-09-10 09:00:00","CAPE","surface",-67.6047,18.4365,2147
"2026-09-09 18:00:00","2026-09-10 09:00:00","CAPE","surface",-67.5808,18.4365,2164
"2026-09-09 18:00:00","2026-09-10 09:00:00","CAPE","surface",-67.5569,18.4365,2138
"2026-09-09 18:00:00","2026-09-10 09:00:00","CAPE","surface",-67.5329,18.4365,2059
"2026-09-09 18:00:00","2026-09-10 09:00:00","CAPE","surface",-67.509,18.4365,2024
"2026-09-09 18:00:00","2026-09-10 09:00:00","CAPE","surface",-67.4851,18.4365,2024
"2026-09-09 18:00:00","2026-09-10 09:00:00","CAPE","surface",-67.4612,18.4365,2018
"2026-09-09 18:00:00","2026-09-10 09:00:00","CAPE","surface",-67.4372,18.4365,1948
"2026-09-09 18:00:00","2026-09-10 09:00:00","CAPE","surface",-67.4133,18.4365,1895
"2026-09-09 18:00:00","2026-09-10 09:00:00","CAPE","surface",-67.3894,18.4365,1958
"2026-09-09 18:00:00","2026-09-10 09:00:00","CAPE","surface",-67.3655,18.4365,1861
"2026-09-09 18:00:00","2026-09-10 09:00:00","CAPE","surface",-67.3415,18.4365,1839
"2026-09-09 18:00:00","2026-09-10 09:00:00","CAPE","surface",-67.3176,18.4365,1719
"2026-09-09 18:00:00","2026-09-10 09:00:00","CAPE","surface",-67.2937,18.4365,1841
"2026-09-09 18:00:00","2026-09-10 09:00:00","CAPE","surface",-67.2698,18.4365,1698
"2026-09-09 18:00:00","2026-09-10 09:00:00","CAPE","surface",-67.2458,18.4365,1751
"2026-09-09 18:00:00","2026-09-10 09:00:00","CAPE","surface",-67.2219,18.4365,1715
"2026-09-09 18:00:00","2026-09-10 09:00:00","CAPE","surface",-67.198,18.4365,1589
"2026-09-09 18:00:00","2026-09-10 09:00:00","CAPE","surface",-67.1741,18.4365,1621
"2026-09-09 18:00:00","2026-09-10 09:00:00","CAPE","surface",-67.1501,18.4365,1474
"2026-09-09 18:00:00","2026-09-10 09:00:00","CAPE","surface",-67.1262,18.4365,1311
"2026-09-09 18:00:00","2026-09-10 09:00:00","CAPE","surface",-67.1023,18.4365,1239
"2026-09-09 18:00:00","2026-09-10 09:00:00","CAPE","surface",-67.0784,18.4365,1320
"2026-09-09 18:00:00","2026-09-10 09:00:00","CAPE","surface",-67.0544,18.4365,1346
"2026-09-09 18:00:00","2026-09-10 09:00:00","CAPE","surface",-67.0305,18.4365,1320
"2026-09-09 18:00:00","2026-09-10 09:00:00","CAPE","surface",-67.0066,18.4365,1345
"2026-09-09 18:00:00","2026-09-10 09:00:00","CAPE","surface",-74.7822,18.4592,1828
"2026-09-09 18:00:00","2026-09-10 09:00:00","CAPE","surface",-74.7583,18.4592,1824
"2026-09-09 18:00:00","2026-09-10 09:00:00","CAPE","surface",-74.7344,18.4592,1850
"2026-09-09 18:00:00","2026-09-10 09:00:00","CAPE","surface",-74.7105,18.4592,1910
"2026-09-09 18:00:00","2026-09-10 09:00:00","CAPE","surface",-74.6865,18.4592,1906
"2026-09-09 18:00:00","2026-09-10 09:00:00","CAPE","surface",-74.6626,18.4592,1958
"2026-09-09 18:00:00","2026-09-10 09:00:00","CAPE","surface",-74.6387,18.4592,1958
"2026-09-09 18:00:00","2026-09-10 09:00:00","CAPE","surface",-74.6148,18.4592,1978
"2026-09-09 18:00:00","2026-09-10 09:00:00","CAPE","surface",-74.5908,18.4592,1980
"2026-09-09 18:00:00","2026-09-10 09:00:00","CAPE","surface",-74.5669,18.4592,2040
"2026-09-09 18:00:00","2026-09-10 09:00:00","CAPE","surface",-74.543,18.4592,2143
"2026-09-09 18:00:00","2026-09-10 09:00:00","CAPE","surface",-74.5191,18.4592,2315
"2026-09-09 18:00:00","2026-09-10 09:00:00","CAPE","surface",-74.4951,18.4592,2315
"2026-09-09 18:00:00","2026-09-10 09:00:00","CAPE","surface",-74.4712,18.4592,2363
"2026-09-09 18:00:00","2026-09-10 09:00:00","CAPE","surface",-74.4473,18.4592,1695
"2026-09-09 18:00:00","2026-09-10 09:00:00","CAPE","surface",-74.4234,18.4592,1166
"2026-09-09 18:00:00","2026-09-10 09:00:00","CAPE","surface",-74.3994,18.4592,1005
"2026-09-09 18:00:00","2026-09-10 09:00:00","CAPE","surface",-74.3755,18.4592,806
"2026-09-09 18:00:00","2026-09-10 09:00:00","CAPE","surface",-74.3516,18.4592,806
"2026-09-09 18:00:00","2026-09-10 09:00:00","CAPE","surface",-74.3277,18.4592,490
"2026-09-09 18:00:00","2026-09-10 09:00:00","CAPE","surface",-74.3037,18.4592,345
"2026-09-09 18:00:00","2026-09-10 09:00:00","CAPE","surface",-74.2798,18.4592,467
"2026-09-09 18:00:00","2026-09-10 09:00:00","CAPE","surface",-74.2559,18.4592,318
"2026-09-09 18:00:00","2026-09-10 09:00:00","CAPE","surface",-74.232,18.4592,447
"2026-09-09 18:00:00","2026-09-10 09:00:00","CAPE","surface",-74.208,18.4592,419
"2026-09-09 18:00:00","2026-09-10 09:00:00","CAPE","surface",-74.1841,18.4592,444
"2026-09-09 18:00:00","2026-09-10 09:00:00","CAPE","surface",-74.1602,18.4592,79
"2026-09-09 18:00:00","2026-09-10 09:00:00","CAPE","surface",-74.1363,18.4592,0
"2026-09-09 18:00:00","2026-09-10 09:00:00","CAPE","surface",-74.1123,18.4592,0
"2026-09-09 18:00:00","2026-09-10 09:00:00","CAPE","surface",-74.0884,18.4592,0
"2026-09-09 18:00:00","2026-09-10 09:00:00","CAPE","surface",-74.0645,18.4592,75
"2026-09-09 18:00:00","2026-09-10 09:00:00","CAPE","surface",-74.0406,18.4592,65
"2026-09-09 18:00:00","2026-09-10 09:00:00","CAPE","surface",-74.0166,18.4592,192
"2026-09-09 18:00:00","2026-09-10 09:00:00","CAPE","surface",-73.9927,18.4592,268
"2026-09-09 18:00:00","2026-09-10 09:00:00","CAPE","surface",-73.9688,18.4592,494
"2026-09-09 18:00:00","2026-09-10 09:00:00","CAPE","surface",-73.9449,18.4592,494
"2026-09-09 18:00:00","2026-09-10 09:00:00","CAPE","surface",-73.9209,18.4592,675
"2026-09-09 18:00:00","2026-09-10 09:00:00","CAPE","surface",-73.897,18.4592,789
"2026-09-09 18:00:00","2026-09-10 09:00:00","CAPE","surface",-73.8731,18.4592,1017
"2026-09-09 18:00:00","2026-09-10 09:00:00","CAPE","surface",-73.8492,18.4592,1097
"2026-09-09 18:00:00","2026-09-10 09:00:00","CAPE","surface",-73.8252,18.4592,956
"2026-09-09 18:00:00","2026-09-10 09:00:00","CAPE","surface",-73.8013,18.4592,956
"2026-09-09 18:00:00","2026-09-10 09:00:00","CAPE","surface",-73.7774,18.4592,741
"2026-09-09 18:00:00","2026-09-10 09:00:00","CAPE","surface",-73.7535,18.4592,905
"2026-09-09 18:00:00","2026-09-10 09:00:00","CAPE","surface",-73.7295,18.4592,1174
"2026-09-09 18:00:00","2026-09-10 09:00:00","CAPE","surface",-73.7056,18.4592,1256
"2026-09-09 18:00:00","2026-09-10 09:00:00","CAPE","surface",-73.6817,18.4592,1279
"2026-09-09 18:00:00","2026-09-10 09:00:00","CAPE","surface",-73.6578,18.4592,1329
"2026-09-09 18:00:00","2026-09-10 09:00:00","CAPE","surface",-73.6338,18.4592,1233
"2026-09-09 18:00:00","2026-09-10 09:00:00","CAPE","surface",-73.6099,18.4592,1270
"2026-09-09 18:00:00","2026-09-10 09:00:00","CAPE","surface",-73.586,18.4592,1181
"2026-09-09 18:00:00","2026-09-10 09:00:00","CAPE","surface",-73.5621,18.4592,1133
"2026-09-09 18:00:00","2026-09-10 09:00:00","CAPE","surface",-73.5381,18.4592,1028
"2026-09-09 18:00:00","2026-09-10 09:00:00","CAPE","surface",-73.5142,18.4592,900
"2026-09-09 18:00:00","2026-09-10 09:00:00","CAPE","surface",-73.4903,18.4592,863
"2026-09-09 18:00:00","2026-09-10 09:00:00","CAPE","surface",-73.4664,18.4592,1039
"2026-09-09 18:00:00","2026-09-10 09:00:00","CAPE","surface",-73.4424,18.4592,1096
"2026-09-09 18:00:00","2026-09-10 09:00:00","CAPE","surface",-73.4185,18.4592,1196
"2026-09-09 18:00:00","2026-09-10 09:00:00","CAPE","surface",-73.3946,18.4592,1260
"2026-09-09 18:00:00","2026-09-10 09:00:00","CAPE","surface",-73.3707,18.4592,1351
"2026-09-09 18:00:00","2026-09-10 09:00:00","CAPE","surface",-73.3467,18.4592,1309
"2026-09-09 18:00:00","2026-09-10 09:00:00","CAPE","surface",-73.3228,18.4592,1080
"2026-09-09 18:00:00","2026-09-10 09:00:00","CAPE","surface",-73.2989,18.4592,1142
"2026-09-09 18:00:00","2026-09-10 09:00:00","CAPE","surface",-73.275,18.4592,982
"2026-09-09 18:00:00","2026-09-10 09:00:00","CAPE","surface",-73.251,18.4592,1064
"2026-09-09 18:00:00","2026-09-10 09:00:00","CAPE","surface",-73.2271,18.4592,1466
"2026-09-09 18:00:00","2026-09-10 09:00:00","CAPE","surface",-73.2032,18.4592,1069
"2026-09-09 18:00:00","2026-09-10 09:00:00","CAPE","surface",-73.1793,18.4592,994
"2026-09-09 18:00:00","2026-09-10 09:00:00","CAPE","surface",-73.1553,18.4592,994
"2026-09-09 18:00:00","2026-09-10 09:00:00","CAPE","surface",-73.1314,18.4592,1225
"2026-09-09 18:00:00","2026-09-10 09:00:00","CAPE","surface",-73.1075,18.4592,1232
"2026-09-09 18:00:00","2026-09-10 09:00:00","CAPE","surface",-73.0836,18.4592,1661
"2026-09-09 18:00:00","2026-09-10 09:00:00","CAPE","surface",-73.0596,18.4592,1276
"2026-09-09 18:00:00","2026-09-10 09:00:00","CAPE","surface",-73.0357,18.4592,1642
"2026-09-09 18:00:00","2026-09-10 09:00:00","CAPE","surface",-73.0118,18.4592,1270
"2026-09-09 18:00:00","2026-09-10 09:00:00","CAPE","surface",-72.9879,18.4592,1604
"2026-09-09 18:00:00","2026-09-10 09:00:00","CAPE","surface",-72.9639,18.4592,1552
"2026-09-09 18:00:00","2026-09-10 09:00:00","CAPE","surface",-72.94,18.4592,1166
"2026-09-09 18:00:00","2026-09-10 09:00:00","CAPE","surface",-72.9161,18.4592,1421
"2026-09-09 18:00:00","2026-09-10 09:00:00","CAPE","surface",-72.8922,18.4592,1421
"2026-09-09 18:00:00","2026-09-10 09:00:00","CAPE","surface",-72.8682,18.4592,1634
"2026-09-09 18:00:00","2026-09-10 09:00:00","CAPE","surface",-72.8443,18.4592,1699
"2026-09-09 18:00:00","2026-09-10 09:00:00","CAPE","surface",-72.8204,18.4592,1835
"2026-09-09 18:00:00","2026-09-10 09:00:00","CAPE","surface",-72.7965,18.4592,1838
"2026-09-09 18:00:00","2026-09-10 09:00:00","CAPE","surface",-72.7725,18.4592,2243
"2026-09-09 18:00:00","2026-09-10 09:00:00","CAPE","surface",-72.7486,18.4592,2138
"2026-09-09 18:00:00","2026-09-10 09:00:00","CAPE","surface",-72.7247,18.4592,1984
"2026-09-09 18:00:00","2026-09-10 09:00:00","CAPE","surface",-72.7008,18.4592,1499
"2026-09-09 18:00:00","2026-09-10 09:00:00","CAPE","surface",-72.6768,18.4592,1426
"2026-09-09 18:00:00","2026-09-10 09:00:00","CAPE","surface",-72.6529,18.4592,1426
"2026-09-09 18:00:00","2026-09-10 09:00:00","CAPE","surface",-72.629,18.4592,954
"2026-09-09 18:00:00","2026-09-10 09:00:00","CAPE","surface",-72.6051,18.4592,968
"2026-09-09 18:00:00","2026-09-10 09:00:00","CAPE","surface",-72.5811,18.4592,1033
"2026-09-09 18:00:00","2026-09-10 09:00:00","CAPE","surface",-72.5572,18.4592,1270
"2026-09-09 18:00:00","2026-09-10 09:00:00","CAPE","surface",-72.5333,18.4592,1333
"2026-09-09 18:00:00","2026-09-10 09:00:00","CAPE","surface",-72.5094,18.4592,1283
"2026-09-09 18:00:00","2026-09-10 09:00:00","CAPE","surface",-72.4854,18.4592,915
"2026-09-09 18:00:00","2026-09-10 09:00:00","CAPE","surface",-72.4615,18.4592,608
"2026-09-09 18:00:00","2026-09-10 09:00:00","CAPE","surface",-72.4376,18.4592,693
"2026-09-09 18:00:00","2026-09-10 09:00:00","CAPE","surface",-72.4137,18.4592,654
"2026-09-09 18:00:00","2026-09-10 09:00:00","CAPE","surface",-72.3897,18.4592,654
"2026-09-09 18:00:00","2026-09-10 09:00:00","CAPE","surface",-72.3658,18.4592,215
"2026-09-09 18:00:00","2026-09-10 09:00:00","CAPE","surface",-72.3419,18.4592,0
"2026-09-09 18:00:00","2026-09-10 09:00:00","CAPE","surface",-72.318,18.4592,0
"2026-09-09 18:00:00","2026-09-10 09:00:00","CAPE","surface",-72.294,18.4592,12
"2026-09-09 18:00:00","2026-09-10 09:00:00","CAPE","surface",-72.2701,18.4592,16
"2026-09-09 18:00:00","2026-09-10 09:00:00","CAPE","surface",-72.2462,18.4592,71
"2026-09-09 18:00:00","2026-09-10 09:00:00","CAPE","surface",-72.2223,18.4592,94
"2026-09-09 18:00:00","2026-09-10 09:00:00","CAPE","surface",-72.1983,18.4592,130
"2026-09-09 18:00:00","2026-09-10 09:00:00","CAPE","surface",-72.1744,18.4592,181
"2026-09-09 18:00:00","2026-09-10 09:00:00","CAPE","surface",-72.1505,18.4592,181
"2026-09-09 18:00:00","2026-09-10 09:00:00","CAPE","surface",-72.1266,18.4592,102
"2026-09-09 18:00:00","2026-09-10 09:00:00","CAPE","surface",-72.1026,18.4592,137
"2026-09-09 18:00:00","2026-09-10 09:00:00","CAPE","surface",-72.0787,18.4592,184
"2026-09-09 18:00:00","2026-09-10 09:00:00","CAPE","surface",-72.0548,18.4592,292
"2026-09-09 18:00:00","2026-09-10 09:00:00","CAPE","surface",-72.0309,18.4592,292
"2026-09-09 18:00:00","2026-09-10 09:00:00","CAPE","surface",-72.0069,18.4592,285
"2026-09-09 18:00:00","2026-09-10 09:00:00","CAPE","surface",-71.983,18.4592,276
"2026-09-09 18:00:00","2026-09-10 09:00:00","CAPE","surface",-71.9591,18.4592,251
"2026-09-09 18:00:00","2026-09-10 09:00:00","CAPE","surface",-71.9352,18.4592,260
"2026-09-09 18:00:00","2026-09-10 09:00:00","CAPE","surface",-71.9112,18.4592,488
"2026-09-09 18:00:00","2026-09-10 09:00:00","CAPE","surface",-71.8873,18.4592,434
"2026-09-09 18:00:00","2026-09-10 09:00:00","CAPE","surface",-71.8634,18.4592,828
"2026-09-09 18:00:00","2026-09-10 09:00:00","CAPE","surface",-71.8395,18.4592,871
"2026-09-09 18:00:00","2026-09-10 09:00:00","CAPE","surface",-71.8155,18.4592,1009
"2026-09-09 18:00:00","2026-09-10 09:00:00","CAPE","surface",-71.7916,18.4592,1045
"2026-09-09 18:00:00","2026-09-10 09:00:00","CAPE","surface",-71.7677,18.4592,1035
"2026-09-09 18:00:00","2026-09-10 09:00:00","CAPE","surface",-71.7438,18.4592,1089
"2026-09-09 18:00:00","2026-09-10 09:00:00","CAPE","surface",-71.7198,18.4592,1067
"2026-09-09 18:00:00","2026-09-10 09:00:00","CAPE","surface",-71.6959,18.4592,1212
"2026-09-09 18:00:00","2026-09-10 09:00:00","CAPE","surface",-71.672,18.4592,1212
"2026-09-09 18:00:00","2026-09-10 09:00:00","CAPE","surface",-71.6481,18.4592,1311
"2026-09-09 18:00:00","2026-09-10 09:00:00","CAPE","surface",-71.6241,18.4592,1304
"2026-09-09 18:00:00","2026-09-10 09:00:00","CAPE","surface",-71.6002,18.4592,1264
"2026-09-09 18:00:00","2026-09-10 09:00:00","CAPE","surface",-71.5763,18.4592,1178
"2026-09-09 18:00:00","2026-09-10 09:00:00","CAPE","surface",-71.5524,18.4592,1231
"2026-09-09 18:00:00","2026-09-10 09:00:00","CAPE","surface",-71.5284,18.4592,1128
"2026-09-09 18:00:00","2026-09-10 09:00:00","CAPE","surface",-71.5045,18.4592,1014
"2026-09-09 18:00:00","2026-09-10 09:00:00","CAPE","surface",-71.4806,18.4592,987
"2026-09-09 18:00:00","2026-09-10 09:00:00","CAPE","surface",-71.4567,18.4592,1027
"2026-09-09 18:00:00","2026-09-10 09:00:00","CAPE","surface",-71.4327,18.4592,1063
"2026-09-09 18:00:00","2026-09-10 09:00:00","CAPE","surface",-71.4088,18.4592,1056
"2026-09-09 18:00:00","2026-09-10 09:00:00","CAPE","surface",-71.3849,18.4592,1043
"2026-09-09 18:00:00","2026-09-10 09:00:00","CAPE","surface",-71.361,18.4592,1038
"2026-09-09 18:00:00","2026-09-10 09:00:00","CAPE","surface",-71.337,18.4592,968
"2026-09-09 18:00:00","2026-09-10 09:00:00","CAPE","surface",-71.3131,18.4592,968
"2026-09-09 18:00:00","2026-09-10 09:00:00","CAPE","surface",-71.2892,18.4592,796
"2026-09-09 18:00:00","2026-09-10 09:00:00","CAPE","surface",-71.2653,18.4592,983
"2026-09-09 18:00:00","2026-09-10 09:00:00","CAPE","surface",-71.2413,18.4592,723
"2026-09-09 18:00:00","2026-09-10 09:00:00","CAPE","surface",-71.2174,18.4592,816
"2026-09-09 18:00:00","2026-09-10 09:00:00","CAPE","surface",-71.1935,18.4592,626
"2026-09-09 18:00:00","2026-09-10 09:00:00","CAPE","surface",-71.1696,18.4592,683
"2026-09-09 18:00:00","2026-09-10 09:00:00","CAPE","surface",-71.1456,18.4592,681
"2026-09-09 18:00:00","2026-09-10 09:00:00","CAPE","surface",-71.1217,18.4592,652
"2026-09-09 18:00:00","2026-09-10 09:00:00","CAPE","surface",-71.0978,18.4592,683
"2026-09-09 18:00:00","2026-09-10 09:00:00","CAPE","surface",-71.0739,18.4592,564
"2026-09-09 18:00:00","2026-09-10 09:00:00","CAPE","surface",-71.0499,18.4592,637
"2026-09-09 18:00:00","2026-09-10 09:00:00","CAPE","surface",-71.026,18.4592,494
"2026-09-09 18:00:00","2026-09-10 09:00:00","CAPE","surface",-71.0021,18.4592,558
"2026-09-09 18:00:00","2026-09-10 09:00:00","CAPE","surface",-70.9782,18.4592,536
"2026-09-09 18:00:00","2026-09-10 09:00:00","CAPE","surface",-70.9542,18.4592,536
"2026-09-09 18:00:00","2026-09-10 09:00:00","CAPE","surface",-70.9303,18.4592,539
"2026-09-09 18:00:00","2026-09-10 09:00:00","CAPE","surface",-70.9064,18.4592,535
"2026-09-09 18:00:00","2026-09-10 09:00:00","CAPE","surface",-70.8825,18.4592,553
"2026-09-09 18:00:00","2026-09-10 09:00:00","CAPE","surface",-70.8585,18.4592,571
"2026-09-09 18:00:00","2026-09-10 09:00:00","CAPE","surface",-70.8346,18.4592,571
"2026-09-09 18:00:00","2026-09-10 09:00:00","CAPE","surface",-70.8107,18.4592,593
"2026-09-09 18:00:00","2026-09-10 09:00:00","CAPE","surface",-70.7868,18.4592,586
"2026-09-09 18:00:00","2026-09-10 09:00:00","CAPE","surface",-70.7628,18.4592,582
"2026-09-09 18:00:00","2026-09-10 09:00:00","CAPE","surface",-70.7389,18.4592,582
"2026-09-09 18:00:00","2026-09-10 09:00:00","CAPE","surface",-70.715,18.4592,566
"2026-09-09 18:00:00","2026-09-10 09:00:00","CAPE","surface",-70.6911,18.4592,514
"2026-09-09 18:00:00","2026-09-10 09:00:00","CAPE","surface",-70.6671,18.4592,573
"2026-09-09 18:00:00","2026-09-10 09:00:00","CAPE","surface",-70.6432,18.4592,658
"2026-09-09 18:00:00","2026-09-10 09:00:00","CAPE","surface",-70.6193,18.4592,652
"2026-09-09 18:00:00","2026-09-10 09:00:00","CAPE","surface",-70.5954,18.4592,682
"2026-09-09 18:00:00","2026-09-10 09:00:00","CAPE","surface",-70.5714,18.4592,721
"2026-09-09 18:00:00","2026-09-10 09:00:00","CAPE","surface",-70.5475,18.4592,765
"2026-09-09 18:00:00","2026-09-10 09:00:00","CAPE","surface",-70.5236,18.4592,790
"2026-09-09 18:00:00","2026-09-10 09:00:00","CAPE","surface",-70.4997,18.4592,807
"2026-09-09 18:00:00","2026-09-10 09:00:00","CAPE","surface",-70.4757,18.4592,840
"2026-09-09 18:00:00","2026-09-10 09:00:00","CAPE","surface",-70.4518,18.4592,796
"2026-09-09 18:00:00","2026-09-10 09:00:00","CAPE","surface",-70.4279,18.4592,827
"2026-09-09 18:00:00","2026-09-10 09:00:00","CAPE","surface",-70.404,18.4592,984
"2026-09-09 18:00:00","2026-09-10 09:00:00","CAPE","surface",-70.38,18.4592,984
"2026-09-09 18:00:00","2026-09-10 09:00:00","CAPE","surface",-70.3561,18.4592,1078
"2026-09-09 18:00:00","2026-09-10 09:00:00","CAPE","surface",-70.3322,18.4592,1055
"2026-09-09 18:00:00","2026-09-10 09:00:00","CAPE","surface",-70.3083,18.4592,1043
"2026-09-09 18:00:00","2026-09-10 09:00:00","CAPE","surface",-70.2843,18.4592,997
"2026-09-09 18:00:00","2026-09-10 09:00:00","CAPE","surface",-70.2604,18.4592,1016
"2026-09-09 18:00:00","2026-09-10 09:00:00","CAPE","surface",-70.2365,18.4592,1027
"2026-09-09 18:00:00","2026-09-10 09:00:00","CAPE","surface",-70.2126,18.4592,1029
"2026-09-09 18:00:00","2026-09-10 09:00:00","CAPE","surface",-70.1886,18.4592,1048
"2026-09-09 18:00:00","2026-09-10 09:00:00","CAPE","surface",-70.1647,18.4592,1048
"2026-09-09 18:00:00","2026-09-10 09:00:00","CAPE","surface",-70.1408,18.4592,1093
"2026-09-09 18:00:00","2026-09-10 09:00:00","CAPE","surface",-70.1169,18.4592,1128
"2026-09-09 18:00:00","2026-09-10 09:00:00","CAPE","surface",-70.0929,18.4592,1181
"2026-09-09 18:00:00","2026-09-10 09:00:00","CAPE","surface",-70.069,18.4592,1207
"2026-09-09 18:00:00","2026-09-10 09:00:00","CAPE","surface",-70.0451,18.4592,1207
"2026-09-09 18:00:00","2026-09-10 09:00:00","CAPE","surface",-70.0212,18.4592,1222
"2026-09-09 18:00:00","2026-09-10 09:00:00","CAPE","surface",-69.9972,18.4592,1234
"2026-09-09 18:00:00","2026-09-10 09:00:00","CAPE","surface",-69.9733,18.4592,1322
"2026-09-09 18:00:00","2026-09-10 09:00:00","CAPE","surface",-69.9494,18.4592,1322
"2026-09-09 18:00:00","2026-09-10 09:00:00","CAPE","surface",-69.9255,18.4592,1411
"2026-09-09 18:00:00","2026-09-10 09:00:00","CAPE","surface",-69.9015,18.4592,1449
"2026-09-09 18:00:00","2026-09-10 09:00:00","CAPE","surface",-69.8776,18.4592,1650
"2026-09-09 18:00:00","2026-09-10 09:00:00","CAPE","surface",-69.8537,18.4592,1490
"2026-09-09 18:00:00","2026-09-10 09:00:00","CAPE","surface",-69.8298,18.4592,1490
"2026-09-09 18:00:00","2026-09-10 09:00:00","CAPE","surface",-69.8058,18.4592,1501
"2026-09-09 18:00:00","2026-09-10 09:00:00","CAPE","surface",-69.7819,18.4592,1536
"2026-09-09 18:00:00","2026-09-10 09:00:00","CAPE","surface",-69.758,18.4592,1654
"2026-09-09 18:00:00","2026-09-10 09:00:00","CAPE","surface",-69.7341,18.4592,1654
"2026-09-09 18:00:00","2026-09-10 09:00:00","CAPE","surface",-69.7101,18.4592,1786
"2026-09-09 18:00:00","2026-09-10 09:00:00","CAPE","surface",-69.6862,18.4592,1800
"2026-09-09 18:00:00","2026-09-10 09:00:00","CAPE","surface",-69.6623,18.4592,1832
"2026-09-09 18:00:00","2026-09-10 09:00:00","CAPE","surface",-69.6384,18.4592,1837
"2026-09-09 18:00:00","2026-09-10 09:00:00","CAPE","surface",-69.6144,18.4592,1843
"2026-09-09 18:00:00","2026-09-10 09:00:00","CAPE","surface",-69.5905,18.4592,1904
"2026-09-09 18:00:00","2026-09-10 09:00:00","CAPE","surface",-69.5666,18.4592,1952
"2026-09-09 18:00:00","2026-09-10 09:00:00","CAPE","surface",-69.5427,18.4592,2003
"2026-09-09 18:00:00","2026-09-10 09:00:00","CAPE","surface",-69.5187,18.4592,2003
"2026-09-09 18:00:00","2026-09-10 09:00:00","CAPE","surface",-69.4948,18.4592,2050
"2026-09-09 18:00:00","2026-09-10 09:00:00","CAPE","surface",-69.4709,18.4592,2102
"2026-09-09 18:00:00","2026-09-10 09:00:00","CAPE","surface",-69.447,18.4592,2186
"2026-09-09 18:00:00","2026-09-10 09:00:00","CAPE","surface",-69.423,18.4592,2234
"2026-09-09 18:00:00","2026-09-10 09:00:00","CAPE","surface",-69.3991,18.4592,2234
"2026-09-09 18:00:00","2026-09-10 09:00:00","CAPE","surface",-69.3752,18.4592,2246
"2026-09-09 18:00:00","2026-09-10 09:00:00","CAPE","surface",-69.3513,18.4592,2286
"2026-09-09 18:00:00","2026-09-10 09:00:00","CAPE","surface",-69.3273,18.4592,2273
"2026-09-09 18:00:00","2026-09-10 09:00:00","CAPE","surface",-69.3034,18.4592,2273
"2026-09-09 18:00:00","2026-09-10 09:00:00","CAPE","surface",-69.2795,18.4592,2299
"2026-09-09 18:00:00","2026-09-10 09:00:00","CAPE","surface",-69.2556,18.4592,2293
"2026-09-09 18:00:00","2026-09-10 09:00:00","CAPE","surface",-69.2316,18.4592,2342
"2026-09-09 18:00:00","2026-09-10 09:00:00","CAPE","surface",-69.2077,18.4592,2370
"2026-09-09 18:00:00","2026-09-10 09:00:00","CAPE","surface",-69.1838,18.4592,2304
"2026-09-09 18:00:00","2026-09-10 09:00:00","CAPE","surface",-69.1599,18.4592,2254
"2026-09-09 18:00:00","2026-09-10 09:00:00","CAPE","surface",-69.1359,18.4592,2185
"2026-09-09 18:00:00","2026-09-10 09:00:00","CAPE","surface",-69.112,18.4592,2073
"2026-09-09 18:00:00","2026-09-10 09:00:00","CAPE","surface",-69.0881,18.4592,2073
"2026-09-09 18:00:00","2026-09-10 09:00:00","CAPE","surface",-69.0642,18.4592,2070
"2026-09-09 18:00:00","2026-09-10 09:00:00","CAPE","surface",-69.0402,18.4592,2015
"2026-09-09 18:00:00","2026-09-10 09:00:00","CAPE","surface",-69.0163,18.4592,2010
"2026-09-09 18:00:00","2026-09-10 09:00:00","CAPE","surface",-68.9924,18.4592,1971
"2026-09-09 18:00:00","2026-09-10 09:00:00","CAPE","surface",-68.9685,18.4592,2026
"2026-09-09 18:00:00","2026-09-10 09:00:00","CAPE","surface",-68.9445,18.4592,2022
"2026-09-09 18:00:00","2026-09-10 09:00:00","CAPE","surface",-68.9206,18.4592,1962
"2026-09-09 18:00:00","2026-09-10 09:00:00","CAPE","surface",-68.8967,18.4592,1898
"2026-09-09 18:00:00","2026-09-10 09:00:00","CAPE","surface",-68.8728,18.4592,1898
"2026-09-09 18:00:00","2026-09-10 09:00:00","CAPE","surface",-68.8488,18.4592,1806
"2026-09-09 18:00:00","2026-09-10 09:00:00","CAPE","surface",-68.8249,18.4592,1720
"2026-09-09 18:00:00","2026-09-10 09:00:00","CAPE","surface",-68.801,18.4592,1594
"2026-09-09 18:00:00","2026-09-10 09:00:00","CAPE","surface",-68.7771,18.4592,1602
"2026-09-09 18:00:00","2026-09-10 09:00:00","CAPE","surface",-68.7531,18.4592,1599
"2026-09-09 18:00:00","2026-09-10 09:00:00","CAPE","surface",-68.7292,18.4592,1698
"2026-09-09 18:00:00","2026-09-10 09:00:00","CAPE","surface",-68.7053,18.4592,1792
"2026-09-09 18:00:00","2026-09-10 09:00:00","CAPE","surface",-68.6813,18.4592,1940
"2026-09-09 18:00:00","2026-09-10 09:00:00","CAPE","surface",-68.6574,18.4592,1940
"2026-09-09 18:00:00","2026-09-10 09:00:00","CAPE","surface",-68.6335,18.4592,2036
"2026-09-09 18:00:00","2026-09-10 09:00:00","CAPE","surface",-68.6096,18.4592,2062
"2026-09-09 18:00:00","2026-09-10 09:00:00","CAPE","surface",-68.5856,18.4592,2144
"2026-09-09 18:00:00","2026-09-10 09:00:00","CAPE","surface",-68.5617,18.4592,2179
"2026-09-09 18:00:00","2026-09-10 09:00:00","CAPE","surface",-68.5378,18.4592,2226
"2026-09-09 18:00:00","2026-09-10 09:00:00","CAPE","surface",-68.5139,18.4592,2272
"2026-09-09 18:00:00","2026-09-10 09:00:00","CAPE","surface",-68.4899,18.4592,2288
"2026-09-09 18:00:00","2026-09-10 09:00:00","CAPE","surface",-68.466,18.4592,2297
"2026-09-09 18:00:00","2026-09-10 09:00:00","CAPE","surface",-68.4421,18.4592,2297
"2026-09-09 18:00:00","2026-09-10 09:00:00","CAPE","surface",-68.4182,18.4592,2356
"2026-09-09 18:00:00","2026-09-10 09:00:00","CAPE","surface",-68.3942,18.4592,2409
"2026-09-09 18:00:00","2026-09-10 09:00:00","CAPE","surface",-68.3703,18.4592,2471
"2026-09-09 18:00:00","2026-09-10 09:00:00","CAPE","surface",-68.3464,18.4592,2509
"2026-09-09 18:00:00","2026-09-10 09:00:00","CAPE","surface",-68.3225,18.4592,2477
"2026-09-09 18:00:00","2026-09-10 09:00:00","CAPE","surface",-68.2985,18.4592,2536
"2026-09-09 18:00:00","2026-09-10 09:00:00","CAPE","surface",-68.2746,18.4592,2496
"2026-09-09 18:00:00","2026-09-10 09:00:00","CAPE","surface",-68.2507,18.4592,2585
"2026-09-09 18:00:00","2026-09-10 09:00:00","CAPE","surface",-68.2268,18.4592,2497
"2026-09-09 18:00:00","2026-09-10 09:00:00","CAPE","surface",-68.2028,18.4592,2558
"2026-09-09 18:00:00","2026-09-10 09:00:00","CAPE","surface",-68.1789,18.4592,2558
"2026-09-09 18:00:00","2026-09-10 09:00:00","CAPE","surface",-68.155,18.4592,2558
"2026-09-09 18:00:00","2026-09-10 09:00:00","CAPE","surface",-68.1311,18.4592,2555
"2026-09-09 18:00:00","2026-09-10 09:00:00","CAPE","surface",-68.1071,18.4592,2525
"2026-09-09 18:00:00","2026-09-10 09:00:00","CAPE","surface",-68.0832,18.4592,2514
"2026-09-09 18:00:00","2026-09-10 09:00:00","CAPE","surface",-68.0593,18.4592,2468
"2026-09-09 18:00:00","2026-09-10 09:00:00","CAPE","surface",-68.0354,18.4592,2475
"2026-09-09 18:00:00","2026-09-10 09:00:00","CAPE","surface",-68.0114,18.4592,2505
"2026-09-09 18:00:00","2026-09-10 09:00:00","CAPE","surface",-67.9875,18.4592,2539
"2026-09-09 18:00:00","2026-09-10 09:00:00","CAPE","surface",-67.9636,18.4592,2516
"2026-09-09 18:00:00","2026-09-10 09:00:00","CAPE","surface",-67.9397,18.4592,2516
"2026-09-09 18:00:00","2026-09-10 09:00:00","CAPE","surface",-67.9157,18.4592,2417
"2026-09-09 18:00:00","2026-09-10 09:00:00","CAPE","surface",-67.8918,18.4592,2370
"2026-09-09 18:00:00","2026-09-10 09:00:00","CAPE","surface",-67.8679,18.4592,2323
"2026-09-09 18:00:00","2026-09-10 09:00:00","CAPE","surface",-67.844,18.4592,2323
"2026-09-09 18:00:00","2026-09-10 09:00:00","CAPE","surface",-67.82,18.4592,2359
"2026-09-09 18:00:00","2026-09-10 09:00:00","CAPE","surface",-67.7961,18.4592,2368
"2026-09-09 18:00:00","2026-09-10 09:00:00","CAPE","surface",-67.7722,18.4592,2307
"2026-09-09 18:00:00","2026-09-10 09:00:00","CAPE","surface",-67.7483,18.4592,2318
"2026-09-09 18:00:00","2026-09-10 09:00:00","CAPE","surface",-67.7243,18.4592,2249
"2026-09-09 18:00:00","2026-09-10 09:00:00","CAPE","surface",-67.7004,18.4592,2216
"2026-09-09 18:00:00","2026-09-10 09:00:00","CAPE","surface",-67.6765,18.4592,2181
"2026-09-09 18:00:00","2026-09-10 09:00:00","CAPE","surface",-67.6526,18.4592,2205
"2026-09-09 18:00:00","2026-09-10 09:00:00","CAPE","surface",-67.6286,18.4592,2278
"2026-09-09 18:00:00","2026-09-10 09:00:00","CAPE","surface",-67.6047,18.4592,2215
"2026-09-09 18:00:00","2026-09-10 09:00:00","CAPE","surface",-67.5808,18.4592,2216
"2026-09-09 18:00:00","2026-09-10 09:00:00","CAPE","surface",-67.5569,18.4592,2138
"2026-09-09 18:00:00","2026-09-10 09:00:00","CAPE","surface",-67.5329,18.4592,2212
"2026-09-09 18:00:00","2026-09-10 09:00:00","CAPE","surface",-67.509,18.4592,2110
"2026-09-09 18:00:00","2026-09-10 09:00:00","CAPE","surface",-67.4851,18.4592,2102
"2026-09-09 18:00:00","2026-09-10 09:00:00","CAPE","surface",-67.4612,18.4592,2096
"2026-09-09 18:00:00","2026-09-10 09:00:00","CAPE","surface",-67.4372,18.4592,2096
"2026-09-09 18:00:00","2026-09-10 09:00:00","CAPE","surface",-67.4133,18.4592,2073
"2026-09-09 18:00:00","2026-09-10 09:00:00","CAPE","surface",-67.3894,18.4592,1958
"2026-09-09 18:00:00","2026-09-10 09:00:00","CAPE","surface",-67.3655,18.4592,1961
"2026-09-09 18:00:00","2026-09-10 09:00:00","CAPE","surface",-67.3415,18.4592,1961
"2026-09-09 18:00:00","2026-09-10 09:00:00","CAPE","surface",-67.3176,18.4592,1997
"2026-09-09 18:00:00","2026-09-10 09:00:00","CAPE","surface",-67.2937,18.4592,2032
"2026-09-09 18:00:00","2026-09-10 09:00:00","CAPE","surface",-67.2698,18.4592,1890
"2026-09-09 18:00:00","2026-09-10 09:00:00","CAPE","surface",-67.2458,18.4592,2009
"2026-09-09 18:00:00","2026-09-10 09:00:00","CAPE","surface",-67.2219,18.4592,1853
"2026-09-09 18:00:00","2026-09-10 09:00:00","CAPE","surface",-67.198,18.4592,1788
"2026-09-09 18:00:00","2026-09-10 09:00:00","CAPE","surface",-67.1741,18.4592,1621
"2026-09-09 18:00:00","2026-09-10 09:00:00","CAPE","surface",-67.1501,18.4592,1590
"2026-09-09 18:00:00","2026-09-10 09:00:00","CAPE","surface",-67.1262,18.4592,1510
"2026-09-09 18:00:00","2026-09-10 09:00:00","CAPE","surface",-67.1023,18.4592,1432
"2026-09-09 18:00:00","2026-09-10 09:00:00","CAPE","surface",-67.0784,18.4592,1449
"2026-09-09 18:00:00","2026-09-10 09:00:00","CAPE","surface",-67.0544,18.4592,1449
"2026-09-09 18:00:00","2026-09-10 09:00:00","CAPE","surface",-67.0305,18.4592,1466
"2026-09-09 18:00:00","2026-09-10 09:00:00","CAPE","surface",-67.0066,18.4592,1391
"2026-09-09 18:00:00","2026-09-10 09:00:00","CAPE","surface",-74.7822,18.4818,1806
"2026-09-09 18:00:00","2026-09-10 09:00:00","CAPE","surface",-74.7583,18.4818,1824
"2026-09-09 18:00:00","2026-09-10 09:00:00","CAPE","surface",-74.7344,18.4818,1917
"2026-09-09 18:00:00","2026-09-10 09:00:00","CAPE","surface",-74.7105,18.4818,1917
"2026-09-09 18:00:00","2026-09-10 09:00:00","CAPE","surface",-74.6865,18.4818,1972
"2026-09-09 18:00:00","2026-09-10 09:00:00","CAPE","surface",-74.6626,18.4818,1976
"2026-09-09 18:00:00","2026-09-10 09:00:00","CAPE","surface",-74.6387,18.4818,1983
"2026-09-09 18:00:00","2026-09-10 09:00:00","CAPE","surface",-74.6148,18.4818,1980
"2026-09-09 18:00:00","2026-09-10 09:00:00","CAPE","surface",-74.5908,18.4818,2004
"2026-09-09 18:00:00","2026-09-10 09:00:00","CAPE","surface",-74.5669,18.4818,1993
"2026-09-09 18:00:00","2026-09-10 09:00:00","CAPE","surface",-74.543,18.4818,2054
"2026-09-09 18:00:00","2026-09-10 09:00:00","CAPE","surface",-74.5191,18.4818,2071
"2026-09-09 18:00:00","2026-09-10 09:00:00","CAPE","surface",-74.4951,18.4818,2287
"2026-09-09 18:00:00","2026-09-10 09:00:00","CAPE","surface",-74.4712,18.4818,2312
"2026-09-09 18:00:00","2026-09-10 09:00:00","CAPE","surface",-74.4473,18.4818,2312
"2026-09-09 18:00:00","2026-09-10 09:00:00","CAPE","surface",-74.4234,18.4818,1469
"2026-09-09 18:00:00","2026-09-10 09:00:00","CAPE","surface",-74.3994,18.4818,1210
"2026-09-09 18:00:00","2026-09-10 09:00:00","CAPE","surface",-74.3755,18.4818,1175
"2026-09-09 18:00:00","2026-09-10 09:00:00","CAPE","surface",-74.3516,18.4818,835
"2026-09-09 18:00:00","2026-09-10 09:00:00","CAPE","surface",-74.3277,18.4818,782
"2026-09-09 18:00:00","2026-09-10 09:00:00","CAPE","surface",-74.3037,18.4818,782
"2026-09-09 18:00:00","2026-09-10 09:00:00","CAPE","surface",-74.2798,18.4818,626
"2026-09-09 18:00:00","2026-09-10 09:00:00","CAPE","surface",-74.2559,18.4818,548
"2026-09-09 18:00:00","2026-09-10 09:00:00","CAPE","surface",-74.232,18.4818,665
"2026-09-09 18:00:00","2026-09-10 09:00:00","CAPE","surface",-74.208,18.4818,569
"2026-09-09 18:00:00","2026-09-10 09:00:00","CAPE","surface",-74.1841,18.4818,448
"2026-09-09 18:00:00","2026-09-10 09:00:00","CAPE","surface",-74.1602,18.4818,448
"2026-09-09 18:00:00","2026-09-10 09:00:00","CAPE","surface",-74.1363,18.4818,205
"2026-09-09 18:00:00","2026-09-10 09:00:00","CAPE","surface",-74.1123,18.4818,53
"2026-09-09 18:00:00","2026-09-10 09:00:00","CAPE","surface",-74.0884,18.4818,95
"2026-09-09 18:00:00","2026-09-10 09:00:00","CAPE","surface",-74.0645,18.4818,75
"2026-09-09 18:00:00","2026-09-10 09:00:00","CAPE","surface",-74.0406,18.4818,183
"2026-09-09 18:00:00","2026-09-10 09:00:00","CAPE","surface",-74.0166,18.4818,183
"2026-09-09 18:00:00","2026-09-10 09:00:00","CAPE","surface",-73.9927,18.4818,296
"2026-09-09 18:00:00","2026-09-10 09:00:00","CAPE","surface",-73.9688,18.4818,370
"2026-09-09 18:00:00","2026-09-10 09:00:00","CAPE","surface",-73.9449,18.4818,619
"2026-09-09 18:00:00","2026-09-10 09:00:00","CAPE","surface",-73.9209,18.4818,675
"2026-09-09 18:00:00","2026-09-10 09:00:00","CAPE","surface",-73.897,18.4818,733
"2026-09-09 18:00:00","2026-09-10 09:00:00","CAPE","surface",-73.8731,18.4818,909
"2026-09-09 18:00:00","2026-09-10 09:00:00","CAPE","surface",-73.8492,18.4818,983
"2026-09-09 18:00:00","2026-09-10 09:00:00","CAPE","surface",-73.8252,18.4818,967
"2026-09-09 18:00:00","2026-09-10 09:00:00","CAPE","surface",-73.8013,18.4818,731
"2026-09-09 18:00:00","2026-09-10 09:00:00","CAPE","surface",-73.7774,18.4818,741
"2026-09-09 18:00:00","2026-09-10 09:00:00","CAPE","surface",-73.7535,18.4818,741
"2026-09-09 18:00:00","2026-09-10 09:00:00","CAPE","surface",-73.7295,18.4818,1171
"2026-09-09 18:00:00","2026-09-10 09:00:00","CAPE","surface",-73.7056,18.4818,1216
"2026-09-09 18:00:00","2026-09-10 09:00:00","CAPE","surface",-73.6817,18.4818,1279
"2026-09-09 18:00:00","2026-09-10 09:00:00","CAPE","surface",-73.6578,18.4818,1237
"2026-09-09 18:00:00","2026-09-10 09:00:00","CAPE","surface",-73.6338,18.4818,1463
"2026-09-09 18:00:00","2026-09-10 09:00:00","CAPE","surface",-73.6099,18.4818,1435
"2026-09-09 18:00:00","2026-09-10 09:00:00","CAPE","surface",-73.586,18.4818,1370
"2026-09-09 18:00:00","2026-09-10 09:00:00","CAPE","surface",-73.5621,18.4818,1099
"2026-09-09 18:00:00","2026-09-10 09:00:00","CAPE","surface",-73.5381,18.4818,884
"2026-09-09 18:00:00","2026-09-10 09:00:00","CAPE","surface",-73.5142,18.4818,810
"2026-09-09 18:00:00","2026-09-10 09:00:00","CAPE","surface",-73.4903,18.4818,826
"2026-09-09 18:00:00","2026-09-10 09:00:00","CAPE","surface",-73.4664,18.4818,946
"2026-09-09 18:00:00","2026-09-10 09:00:00","CAPE","surface",-73.4424,18.4818,1074
"2026-09-09 18:00:00","2026-09-10 09:00:00","CAPE","surface",-73.4185,18.4818,1196
"2026-09-09 18:00:00","2026-09-10 09:00:00","CAPE","surface",-73.3946,18.4818,1309
"2026-09-09 18:00:00","2026-09-10 09:00:00","CAPE","surface",-73.3707,18.4818,1309
"2026-09-09 18:00:00","2026-09-10 09:00:00","CAPE","surface",-73.3467,18.4818,1248
"2026-09-09 18:00:00","2026-09-10 09:00:00","CAPE","surface",-73.3228,18.4818,1197
"2026-09-09 18:00:00","2026-09-10 09:00:00","CAPE","surface",-73.2989,18.4818,897
"2026-09-09 18:00:00","2026-09-10 09:00:00","CAPE","surface",-73.275,18.4818,982
"2026-09-09 18:00:00","2026-09-10 09:00:00","CAPE","surface",-73.251,18.4818,1538
"2026-09-09 18:00:00","2026-09-10 09:00:00","CAPE","surface",-73.2271,18.4818,1538
"2026-09-09 18:00:00","2026-09-10 09:00:00","CAPE","surface",-73.2032,18.4818,1598
"2026-09-09 18:00:00","2026-09-10 09:00:00","CAPE","surface",-73.1793,18.4818,1483
"2026-09-09 18:00:00","2026-09-10 09:00:00","CAPE","surface",-73.1553,18.4818,1156
"2026-09-09 18:00:00","2026-09-10 09:00:00","CAPE","surface",-73.1314,18.4818,1506
"2026-09-09 18:00:00","2026-09-10 09:00:00","CAPE","surface",-73.1075,18.4818,1506
"2026-09-09 18:00:00","2026-09-10 09:00:00","CAPE","surface",-73.0836,18.4818,1535
"2026-09-09 18:00:00","2026-09-10 09:00:00","CAPE","surface",-73.0596,18.4818,1697
"2026-09-09 18:00:00","2026-09-10 09:00:00","CAPE","surface",-73.0357,18.4818,1770
"2026-09-09 18:00:00","2026-09-10 09:00:00","CAPE","surface",-73.0118,18.4818,1802
"2026-09-09 18:00:00","2026-09-10 09:00:00","CAPE","surface",-72.9879,18.4818,1712
"2026-09-09 18:00:00","2026-09-10 09:00:00","CAPE","surface",-72.9639,18.4818,1712
"2026-09-09 18:00:00","2026-09-10 09:00:00","CAPE","surface",-72.94,18.4818,1674
"2026-09-09 18:00:00","2026-09-10 09:00:00","CAPE","surface",-72.9161,18.4818,1534
"2026-09-09 18:00:00","2026-09-10 09:00:00","CAPE","surface",-72.8922,18.4818,1566
"2026-09-09 18:00:00","2026-09-10 09:00:00","CAPE","surface",-72.8682,18.4818,1634
"2026-09-09 18:00:00","2026-09-10 09:00:00","CAPE","surface",-72.8443,18.4818,1705
"2026-09-09 18:00:00","2026-09-10 09:00:00","CAPE","surface",-72.8204,18.4818,1744
"2026-09-09 18:00:00","2026-09-10 09:00:00","CAPE","surface",-72.7965,18.4818,2101
"2026-09-09 18:00:00","2026-09-10 09:00:00","CAPE","surface",-72.7725,18.4818,2243
"2026-09-09 18:00:00","2026-09-10 09:00:00","CAPE","surface",-72.7486,18.4818,2331
"2026-09-09 18:00:00","2026-09-10 09:00:00","CAPE","surface",-72.7247,18.4818,2333
"2026-09-09 18:00:00","2026-09-10 09:00:00","CAPE","surface",-72.7008,18.4818,2061
"2026-09-09 18:00:00","2026-09-10 09:00:00","CAPE","surface",-72.6768,18.4818,1679
"2026-09-09 18:00:00","2026-09-10 09:00:00","CAPE","surface",-72.6529,18.4818,1128
"2026-09-09 18:00:00","2026-09-10 09:00:00","CAPE","surface",-72.629,18.4818,833
"2026-09-09 18:00:00","2026-09-10 09:00:00","CAPE","surface",-72.6051,18.4818,884
"2026-09-09 18:00:00","2026-09-10 09:00:00","CAPE","surface",-72.5811,18.4818,1007
"2026-09-09 18:00:00","2026-09-10 09:00:00","CAPE","surface",-72.5572,18.4818,1193
"2026-09-09 18:00:00","2026-09-10 09:00:00","CAPE","surface",-72.5333,18.4818,1446
"2026-09-09 18:00:00","2026-09-10 09:00:00","CAPE","surface",-72.5094,18.4818,1283
"2026-09-09 18:00:00","2026-09-10 09:00:00","CAPE","surface",-72.4854,18.4818,897
"2026-09-09 18:00:00","2026-09-10 09:00:00","CAPE","surface",-72.4615,18.4818,897
"2026-09-09 18:00:00","2026-09-10 09:00:00","CAPE","surface",-72.4376,18.4818,631
"2026-09-09 18:00:00","2026-09-10 09:00:00","CAPE","surface",-72.4137,18.4818,660
"2026-09-09 18:00:00","2026-09-10 09:00:00","CAPE","surface",-72.3897,18.4818,595
"2026-09-09 18:00:00","2026-09-10 09:00:00","CAPE","surface",-72.3658,18.4818,215
"2026-09-09 18:00:00","2026-09-10 09:00:00","CAPE","surface",-72.3419,18.4818,239
"2026-09-09 18:00:00","2026-09-10 09:00:00","CAPE","surface",-72.318,18.4818,95
"2026-09-09 18:00:00","2026-09-10 09:00:00","CAPE","surface",-72.294,18.4818,0
"2026-09-09 18:00:00","2026-09-10 09:00:00","CAPE","surface",-72.2701,18.4818,72
"2026-09-09 18:00:00","2026-09-10 09:00:00","CAPE","surface",-72.2462,18.4818,91
"2026-09-09 18:00:00","2026-09-10 09:00:00","CAPE","surface",-72.2223,18.4818,182
"2026-09-09 18:00:00","2026-09-10 09:00:00","CAPE","surface",-72.1983,18.4818,148
"2026-09-09 18:00:00","2026-09-10 09:00:00","CAPE","surface",-72.1744,18.4818,143
"2026-09-09 18:00:00","2026-09-10 09:00:00","CAPE","surface",-72.1505,18.4818,167
"2026-09-09 18:00:00","2026-09-10 09:00:00","CAPE","surface",-72.1266,18.4818,166
"2026-09-09 18:00:00","2026-09-10 09:00:00","CAPE","surface",-72.1026,18.4818,166
"2026-09-09 18:00:00","2026-09-10 09:00:00","CAPE","surface",-72.0787,18.4818,265
"2026-09-09 18:00:00","2026-09-10 09:00:00","CAPE","surface",-72.0548,18.4818,273
"2026-09-09 18:00:00","2026-09-10 09:00:00","CAPE","surface",-72.0309,18.4818,280
"2026-09-09 18:00:00","2026-09-10 09:00:00","CAPE","surface",-72.0069,18.4818,285
"2026-09-09 18:00:00","2026-09-10 09:00:00","CAPE","surface",-71.983,18.4818,254
"2026-09-09 18:00:00","2026-09-10 09:00:00","CAPE","surface",-71.9591,18.4818,244
"2026-09-09 18:00:00","2026-09-10 09:00:00","CAPE","surface",-71.9352,18.4818,552
"2026-09-09 18:00:00","2026-09-10 09:00:00","CAPE","surface",-71.9112,18.4818,833
"2026-09-09 18:00:00","2026-09-10 09:00:00","CAPE","surface",-71.8873,18.4818,808
"2026-09-09 18:00:00","2026-09-10 09:00:00","CAPE","surface",-71.8634,18.4818,980
"2026-09-09 18:00:00","2026-09-10 09:00:00","CAPE","surface",-71.8395,18.4818,997
"2026-09-09 18:00:00","2026-09-10 09:00:00","CAPE","surface",-71.8155,18.4818,1043
"2026-09-09 18:00:00","2026-09-10 09:00:00","CAPE","surface",-71.7916,18.4818,1045
"2026-09-09 18:00:00","2026-09-10 09:00:00","CAPE","surface",-71.7677,18.4818,1089
"2026-09-09 18:00:00","2026-09-10 09:00:00","CAPE","surface",-71.7438,18.4818,1089
"2026-09-09 18:00:00","2026-09-10 09:00:00","CAPE","surface",-71.7198,18.4818,1144
"2026-09-09 18:00:00","2026-09-10 09:00:00","CAPE","surface",-71.6959,18.4818,1158
"2026-09-09 18:00:00","2026-09-10 09:00:00","CAPE","surface",-71.672,18.4818,1247
"2026-09-09 18:00:00","2026-09-10 09:00:00","CAPE","surface",-71.6481,18.4818,1311
"2026-09-09 18:00:00","2026-09-10 09:00:00","CAPE","surface",-71.6241,18.4818,1359
"2026-09-09 18:00:00","2026-09-10 09:00:00","CAPE","surface",-71.6002,18.4818,1116
"2026-09-09 18:00:00","2026-09-10 09:00:00","CAPE","surface",-71.5763,18.4818,1188
"2026-09-09 18:00:00","2026-09-10 09:00:00","CAPE","surface",-71.5524,18.4818,1146
"2026-09-09 18:00:00","2026-09-10 09:00:00","CAPE","surface",-71.5284,18.4818,1119
"2026-09-09 18:00:00","2026-09-10 09:00:00","CAPE","surface",-71.5045,18.4818,1074
"2026-09-09 18:00:00","2026-09-10 09:00:00","CAPE","surface",-71.4806,18.4818,1074
"2026-09-09 18:00:00","2026-09-10 09:00:00","CAPE","surface",-71.4567,18.4818,1061
"2026-09-09 18:00:00","2026-09-10 09:00:00","CAPE","surface",-71.4327,18.4818,1063
"2026-09-09 18:00:00","2026-09-10 09:00:00","CAPE","surface",-71.4088,18.4818,1040
"2026-09-09 18:00:00","2026-09-10 09:00:00","CAPE","surface",-71.3849,18.4818,1040
"2026-09-09 18:00:00","2026-09-10 09:00:00","CAPE","surface",-71.361,18.4818,948
"2026-09-09 18:00:00","2026-09-10 09:00:00","CAPE","surface",-71.337,18.4818,974
"2026-09-09 18:00:00","2026-09-10 09:00:00","CAPE","surface",-71.3131,18.4818,796
"2026-09-09 18:00:00","2026-09-10 09:00:00","CAPE","surface",-71.2892,18.4818,642
"2026-09-09 18:00:00","2026-09-10 09:00:00","CAPE","surface",-71.2653,18.4818,642
"2026-09-09 18:00:00","2026-09-10 09:00:00","CAPE","surface",-71.2413,18.4818,636
"2026-09-09 18:00:00","2026-09-10 09:00:00","CAPE","surface",-71.2174,18.4818,612
"2026-09-09 18:00:00","2026-09-10 09:00:00","CAPE","surface",-71.1935,18.4818,631
"2026-09-09 18:00:00","2026-09-10 09:00:00","CAPE","surface",-71.1696,18.4818,645
"2026-09-09 18:00:00","2026-09-10 09:00:00","CAPE","surface",-71.1456,18.4818,610
"2026-09-09 18:00:00","2026-09-10 09:00:00","CAPE","surface",-71.1217,18.4818,634
"2026-09-09 18:00:00","2026-09-10 09:00:00","CAPE","surface",-71.0978,18.4818,585
"2026-09-09 18:00:00","2026-09-10 09:00:00","CAPE","surface",-71.0739,18.4818,564
"2026-09-09 18:00:00","2026-09-10 09:00:00","CAPE","surface",-71.0499,18.4818,479
"2026-09-09 18:00:00","2026-09-10 09:00:00","CAPE","surface",-71.026,18.4818,479
"2026-09-09 18:00:00","2026-09-10 09:00:00","CAPE","surface",-71.0021,18.4818,480
"2026-09-09 18:00:00","2026-09-10 09:00:00","CAPE","surface",-70.9782,18.4818,531
"2026-09-09 18:00:00","2026-09-10 09:00:00","CAPE","surface",-70.9542,18.4818,532
"2026-09-09 18:00:00","2026-09-10 09:00:00","CAPE","surface",-70.9303,18.4818,650
"2026-09-09 18:00:00","2026-09-10 09:00:00","CAPE","surface",-70.9064,18.4818,650
"2026-09-09 18:00:00","2026-09-10 09:00:00","CAPE","surface",-70.8825,18.4818,596
"2026-09-09 18:00:00","2026-09-10 09:00:00","CAPE","surface",-70.8585,18.4818,578
"2026-09-09 18:00:00","2026-09-10 09:00:00","CAPE","surface",-70.8346,18.4818,587
"2026-09-09 18:00:00","2026-09-10 09:00:00","CAPE","surface",-70.8107,18.4818,593
"2026-09-09 18:00:00","2026-09-10 09:00:00","CAPE","surface",-70.7868,18.4818,602
"2026-09-09 18:00:00","2026-09-10 09:00:00","CAPE","surface",-70.7628,18.4818,584
"2026-09-09 18:00:00","2026-09-10 09:00:00","CAPE","surface",-70.7389,18.4818,569
"2026-09-09 18:00:00","2026-09-10 09:00:00","CAPE","surface",-70.715,18.4818,443
"2026-09-09 18:00:00","2026-09-10 09:00:00","CAPE","surface",-70.6911,18.4818,443
"2026-09-09 18:00:00","2026-09-10 09:00:00","CAPE","surface",-70.6671,18.4818,535
"2026-09-09 18:00:00","2026-09-10 09:00:00","CAPE","surface",-70.6432,18.4818,575
"2026-09-09 18:00:00","2026-09-10 09:00:00","CAPE","surface",-70.6193,18.4818,646
"2026-09-09 18:00:00","2026-09-10 09:00:00","CAPE","surface",-70.5954,18.4818,682
"2026-09-09 18:00:00","2026-09-10 09:00:00","CAPE","surface",-70.5714,18.4818,665
"2026-09-09 18:00:00","2026-09-10 09:00:00","CAPE","surface",-70.5475,18.4818,719
"2026-09-09 18:00:00","2026-09-10 09:00:00","CAPE","surface",-70.5236,18.4818,782
"2026-09-09 18:00:00","2026-09-10 09:00:00","CAPE","surface",-70.4997,18.4818,807
"2026-09-09 18:00:00","2026-09-10 09:00:00","CAPE","surface",-70.4757,18.4818,809
"2026-09-09 18:00:00","2026-09-10 09:00:00","CAPE","surface",-70.4518,18.4818,831
"2026-09-09 18:00:00","2026-09-10 09:00:00","CAPE","surface",-70.4279,18.4818,920
"2026-09-09 18:00:00","2026-09-10 09:00:00","CAPE","surface",-70.404,18.4818,1067
"2026-09-09 18:00:00","2026-09-10 09:00:00","CAPE","surface",-70.38,18.4818,1078
"2026-09-09 18:00:00","2026-09-10 09:00:00","CAPE","surface",-70.3561,18.4818,1048
"2026-09-09 18:00:00","2026-09-10 09:00:00","CAPE","surface",-70.3322,18.4818,1048
"2026-09-09 18:00:00","2026-09-10 09:00:00","CAPE","surface",-70.3083,18.4818,978
"2026-09-09 18:00:00","2026-09-10 09:00:00","CAPE","surface",-70.2843,18.4818,997
"2026-09-09 18:00:00","2026-09-10 09:00:00","CAPE","surface",-70.2604,18.4818,1006
"2026-09-09 18:00:00","2026-09-10 09:00:00","CAPE","surface",-70.2365,18.4818,1006
"2026-09-09 18:00:00","2026-09-10 09:00:00","CAPE","surface",-70.2126,18.4818,1024
"2026-09-09 18:00:00","2026-09-10 09:00:00","CAPE","surface",-70.1886,18.4818,1044
"2026-09-09 18:00:00","2026-09-10 09:00:00","CAPE","surface",-70.1647,18.4818,1070
"2026-09-09 18:00:00","2026-09-10 09:00:00","CAPE","surface",-70.1408,18.4818,1110
"2026-09-09 18:00:00","2026-09-10 09:00:00","CAPE","surface",-70.1169,18.4818,1110
"2026-09-09 18:00:00","2026-09-10 09:00:00","CAPE","surface",-70.0929,18.4818,1159
"2026-09-09 18:00:00","2026-09-10 09:00:00","CAPE","surface",-70.069,18.4818,1191
"2026-09-09 18:00:00","2026-09-10 09:00:00","CAPE","surface",-70.0451,18.4818,1219
"2026-09-09 18:00:00","2026-09-10 09:00:00","CAPE","surface",-70.0212,18.4818,1219
"2026-09-09 18:00:00","2026-09-10 09:00:00","CAPE","surface",-69.9972,18.4818,1249
"2026-09-09 18:00:00","2026-09-10 09:00:00","CAPE","surface",-69.9733,18.4818,1274
"2026-09-09 18:00:00","2026-09-10 09:00:00","CAPE","surface",-69.9494,18.4818,1360
"2026-09-09 18:00:00","2026-09-10 09:00:00","CAPE","surface",-69.9255,18.4818,1435
"2026-09-09 18:00:00","2026-09-10 09:00:00","CAPE","surface",-69.9015,18.4818,1435
"2026-09-09 18:00:00","2026-09-10 09:00:00","CAPE","surface",-69.8776,18.4818,1486
"2026-09-09 18:00:00","2026-09-10 09:00:00","CAPE","surface",-69.8537,18.4818,1486
"2026-09-09 18:00:00","2026-09-10 09:00:00","CAPE","surface",-69.8298,18.4818,1495
"2026-09-09 18:00:00","2026-09-10 09:00:00","CAPE","surface",-69.8058,18.4818,1501
"2026-09-09 18:00:00","2026-09-10 09:00:00","CAPE","surface",-69.7819,18.4818,1512
"2026-09-09 18:00:00","2026-09-10 09:00:00","CAPE","surface",-69.758,18.4818,1570
"2026-09-09 18:00:00","2026-09-10 09:00:00","CAPE","surface",-69.7341,18.4818,1716
"2026-09-09 18:00:00","2026-09-10 09:00:00","CAPE","surface",-69.7101,18.4818,1812
"2026-09-09 18:00:00","2026-09-10 09:00:00","CAPE","surface",-69.6862,18.4818,1812
"2026-09-09 18:00:00","2026-09-10 09:00:00","CAPE","surface",-69.6623,18.4818,1820
"2026-09-09 18:00:00","2026-09-10 09:00:00","CAPE","surface",-69.6384,18.4818,1828
"2026-09-09 18:00:00","2026-09-10 09:00:00","CAPE","surface",-69.6144,18.4818,1857
"2026-09-09 18:00:00","2026-09-10 09:00:00","CAPE","surface",-69.5905,18.4818,1904
"2026-09-09 18:00:00","2026-09-10 09:00:00","CAPE","surface",-69.5666,18.4818,1915
"2026-09-09 18:00:00","2026-09-10 09:00:00","CAPE","surface",-69.5427,18.4818,1974
"2026-09-09 18:00:00","2026-09-10 09:00:00","CAPE","surface",-69.5187,18.4818,2008
"2026-09-09 18:00:00","2026-09-10 09:00:00","CAPE","surface",-69.4948,18.4818,2038
"2026-09-09 18:00:00","2026-09-10 09:00:00","CAPE","surface",-69.4709,18.4818,2038
"2026-09-09 18:00:00","2026-09-10 09:00:00","CAPE","surface",-69.447,18.4818,2076
"2026-09-09 18:00:00","2026-09-10 09:00:00","CAPE","surface",-69.423,18.4818,2165
"2026-09-09 18:00:00","2026-09-10 09:00:00","CAPE","surface",-69.3991,18.4818,2149
"2026-09-09 18:00:00","2026-09-10 09:00:00","CAPE","surface",-69.3752,18.4818,2246
"2026-09-09 18:00:00","2026-09-10 09:00:00","CAPE","surface",-69.3513,18.4818,2164
"2026-09-09 18:00:00","2026-09-10 09:00:00","CAPE","surface",-69.3273,18.4818,2236
"2026-09-09 18:00:00","2026-09-10 09:00:00","CAPE","surface",-69.3034,18.4818,2259
"2026-09-09 18:00:00","2026-09-10 09:00:00","CAPE","surface",-69.2795,18.4818,2299
"2026-09-09 18:00:00","2026-09-10 09:00:00","CAPE","surface",-69.2556,18.4818,2307
"2026-09-09 18:00:00","2026-09-10 09:00:00","CAPE","surface",-69.2316,18.4818,2302
"2026-09-09 18:00:00","2026-09-10 09:00:00","CAPE","surface",-69.2077,18.4818,2327
"2026-09-09 18:00:00","2026-09-10 09:00:00","CAPE","surface",-69.1838,18.4818,2265
"2026-09-09 18:00:00","2026-09-10 09:00:00","CAPE","surface",-69.1599,18.4818,2254
"2026-09-09 18:00:00","2026-09-10 09:00:00","CAPE","surface",-69.1359,18.4818,2184
"2026-09-09 18:00:00","2026-09-10 09:00:00","CAPE","surface",-69.112,18.4818,2143
"2026-09-09 18:00:00","2026-09-10 09:00:00","CAPE","surface",-69.0881,18.4818,2101
"2026-09-09 18:00:00","2026-09-10 09:00:00","CAPE","surface",-69.0642,18.4818,2096
"2026-09-09 18:00:00","2026-09-10 09:00:00","CAPE","surface",-69.0402,18.4818,2096
"2026-09-09 18:00:00","2026-09-10 09:00:00","CAPE","surface",-69.0163,18.4818,2078
"2026-09-09 18:00:00","2026-09-10 09:00:00","CAPE","surface",-68.9924,18.4818,2058
"2026-09-09 18:00:00","2026-09-10 09:00:00","CAPE","surface",-68.9685,18.4818,2064
"2026-09-09 18:00:00","2026-09-10 09:00:00","CAPE","surface",-68.9445,18.4818,2022
"2026-09-09 18:00:00","2026-09-10 09:00:00","CAPE","surface",-68.9206,18.4818,2065
"2026-09-09 18:00:00","2026-09-10 09:00:00","CAPE","surface",-68.8967,18.4818,1979
"2026-09-09 18:00:00","2026-09-10 09:00:00","CAPE","surface",-68.8728,18.4818,1912
"2026-09-09 18:00:00","2026-09-10 09:00:00","CAPE","surface",-68.8488,18.4818,1815
"2026-09-09 18:00:00","2026-09-10 09:00:00","CAPE","surface",-68.8249,18.4818,1815
"2026-09-09 18:00:00","2026-09-10 09:00:00","CAPE","surface",-68.801,18.4818,1722
"2026-09-09 18:00:00","2026-09-10 09:00:00","CAPE","surface",-68.7771,18.4818,1610
"2026-09-09 18:00:00","2026-09-10 09:00:00","CAPE","surface",-68.7531,18.4818,1631
"2026-09-09 18:00:00","2026-09-10 09:00:00","CAPE","surface",-68.7292,18.4818,1631
"2026-09-09 18:00:00","2026-09-10 09:00:00","CAPE","surface",-68.7053,18.4818,1779
"2026-09-09 18:00:00","2026-09-10 09:00:00","CAPE","surface",-68.6813,18.4818,1871
"2026-09-09 18:00:00","2026-09-10 09:00:00","CAPE","surface",-68.6574,18.4818,1990
"2026-09-09 18:00:00","2026-09-10 09:00:00","CAPE","surface",-68.6335,18.4818,2061
"2026-09-09 18:00:00","2026-09-10 09:00:00","CAPE","surface",-68.6096,18.4818,2061
"2026-09-09 18:00:00","2026-09-10 09:00:00","CAPE","surface",-68.5856,18.4818,2117
"2026-09-09 18:00:00","2026-09-10 09:00:00","CAPE","surface",-68.5617,18.4818,2179
"2026-09-09 18:00:00","2026-09-10 09:00:00","CAPE","surface",-68.5378,18.4818,2236
"2026-09-09 18:00:00","2026-09-10 09:00:00","CAPE","surface",-68.5139,18.4818,2236
"2026-09-09 18:00:00","2026-09-10 09:00:00","CAPE","surface",-68.4899,18.4818,2285
"2026-09-09 18:00:00","2026-09-10 09:00:00","CAPE","surface",-68.466,18.4818,2306
"2026-09-09 18:00:00","2026-09-10 09:00:00","CAPE","surface",-68.4421,18.4818,2331
"2026-09-09 18:00:00","2026-09-10 09:00:00","CAPE","surface",-68.4182,18.4818,2364
"2026-09-09 18:00:00","2026-09-10 09:00:00","CAPE","surface",-68.3942,18.4818,2472
"2026-09-09 18:00:00","2026-09-10 09:00:00","CAPE","surface",-68.3703,18.4818,2508
"2026-09-09 18:00:00","2026-09-10 09:00:00","CAPE","surface",-68.3464,18.4818,2509
"2026-09-09 18:00:00","2026-09-10 09:00:00","CAPE","surface",-68.3225,18.4818,2567
"2026-09-09 18:00:00","2026-09-10 09:00:00","CAPE","surface",-68.2985,18.4818,2567
"2026-09-09 18:00:00","2026-09-10 09:00:00","CAPE","surface",-68.2746,18.4818,2640
"2026-09-09 18:00:00","2026-09-10 09:00:00","CAPE","surface",-68.2507,18.4818,2642
"2026-09-09 18:00:00","2026-09-10 09:00:00","CAPE","surface",-68.2268,18.4818,2595
"2026-09-09 18:00:00","2026-09-10 09:00:00","CAPE","surface",-68.2028,18.4818,2630
"2026-09-09 18:00:00","2026-09-10 09:00:00","CAPE","surface",-68.1789,18.4818,2599
"2026-09-09 18:00:00","2026-09-10 09:00:00","CAPE","surface",-68.155,18.4818,2581
"2026-09-09 18:00:00","2026-09-10 09:00:00","CAPE","surface",-68.1311,18.4818,2555
"2026-09-09 18:00:00","2026-09-10 09:00:00","CAPE","surface",-68.1071,18.4818,2534
"2026-09-09 18:00:00","2026-09-10 09:00:00","CAPE","surface",-68.0832,18.4818,2405
"2026-09-09 18:00:00","2026-09-10 09:00:00","CAPE","surface",-68.0593,18.4818,2440
"2026-09-09 18:00:00","2026-09-10 09:00:00","CAPE","surface",-68.0354,18.4818,2427
"2026-09-09 18:00:00","2026-09-10 09:00:00","CAPE","surface",-68.0114,18.4818,2427
"2026-09-09 18:00:00","2026-09-10 09:00:00","CAPE","surface",-67.9875,18.4818,2465
"2026-09-09 18:00:00","2026-09-10 09:00:00","CAPE","surface",-67.9636,18.4818,2507
"2026-09-09 18:00:00","2026-09-10 09:00:00","CAPE","surface",-67.9397,18.4818,2456
"2026-09-09 18:00:00","2026-09-10 09:00:00","CAPE","surface",-67.9157,18.4818,2417
"2026-09-09 18:00:00","2026-09-10 09:00:00","CAPE","surface",-67.8918,18.4818,2406
"2026-09-09 18:00:00","2026-09-10 09:00:00","CAPE","surface",-67.8679,18.4818,2433
"2026-09-09 18:00:00","2026-09-10 09:00:00","CAPE","surface",-67.844,18.4818,2397
"2026-09-09 18:00:00","2026-09-10 09:00:00","CAPE","surface",-67.82,18.4818,2414
"2026-09-09 18:00:00","2026-09-10 09:00:00","CAPE","surface",-67.7961,18.4818,2414
"2026-09-09 18:00:00","2026-09-10 09:00:00","CAPE","surface",-67.7722,18.4818,2369
"2026-09-09 18:00:00","2026-09-10 09:00:00","CAPE","surface",-67.7483,18.4818,2318
"2026-09-09 18:00:00","2026-09-10 09:00:00","CAPE","surface",-67.7243,18.4818,2274
"2026-09-09 18:00:00","2026-09-10 09:00:00","CAPE","surface",-67.7004,18.4818,2380
"2026-09-09 18:00:00","2026-09-10 09:00:00","CAPE","surface",-67.6765,18.4818,2303
"2026-09-09 18:00:00","2026-09-10 09:00:00","CAPE","surface",-67.6526,18.4818,2349
"2026-09-09 18:00:00","2026-09-10 09:00:00","CAPE","surface",-67.6286,18.4818,2278
"2026-09-09 18:00:00","2026-09-10 09:00:00","CAPE","surface",-67.6047,18.4818,2392
"2026-09-09 18:00:00","2026-09-10 09:00:00","CAPE","surface",-67.5808,18.4818,2304
"2026-09-09 18:00:00","2026-09-10 09:00:00","CAPE","surface",-67.5569,18.4818,2317
"2026-09-09 18:00:00","2026-09-10 09:00:00","CAPE","surface",-67.5329,18.4818,2271
"2026-09-09 18:00:00","2026-09-10 09:00:00","CAPE","surface",-67.509,18.4818,2271
"2026-09-09 18:00:00","2026-09-10 09:00:00","CAPE","surface",-67.4851,18.4818,2236
"2026-09-09 18:00:00","2026-09-10 09:00:00","CAPE","surface",-67.4612,18.4818,2185
"2026-09-09 18:00:00","2026-09-10 09:00:00","CAPE","surface",-67.4372,18.4818,2174
"2026-09-09 18:00:00","2026-09-10 09:00:00","CAPE","surface",-67.4133,18.4818,2174
"2026-09-09 18:00:00","2026-09-10 09:00:00","CAPE","surface",-67.3894,18.4818,2171
"2026-09-09 18:00:00","2026-09-10 09:00:00","CAPE","surface",-67.3655,18.4818,2192
"2026-09-09 18:00:00","2026-09-10 09:00:00","CAPE","surface",-67.3415,18.4818,2117
"2026-09-09 18:00:00","2026-09-10 09:00:00","CAPE","surface",-67.3176,18.4818,2138
"2026-09-09 18:00:00","2026-09-10 09:00:00","CAPE","surface",-67.2937,18.4818,2138
"2026-09-09 18:00:00","2026-09-10 09:00:00","CAPE","surface",-67.2698,18.4818,2146
"2026-09-09 18:00:00","2026-09-10 09:00:00","CAPE","surface",-67.2458,18.4818,2009
"2026-09-09 18:00:00","2026-09-10 09:00:00","CAPE","surface",-67.2219,18.4818,1966
"2026-09-09 18:00:00","2026-09-10 09:00:00","CAPE","surface",-67.198,18.4818,2063
"2026-09-09 18:00:00","2026-09-10 09:00:00","CAPE","surface",-67.1741,18.4818,1857
"2026-09-09 18:00:00","2026-09-10 09:00:00","CAPE","surface",-67.1501,18.4818,1621
"2026-09-09 18:00:00","2026-09-10 09:00:00","CAPE","surface",-67.1262,18.4818,1510
"2026-09-09 18:00:00","2026-09-10 09:00:00","CAPE","surface",-67.1023,18.4818,1662
"2026-09-09 18:00:00","2026-09-10 09:00:00","CAPE","surface",-67.0784,18.4818,1555
"2026-09-09 18:00:00","2026-09-10 09:00:00","CAPE","surface",-67.0544,18.4818,1604
"2026-09-09 18:00:00","2026-09-10 09:00:00","CAPE","surface",-67.0305,18.4818,1633
"2026-09-09 18:00:00","2026-09-10 09:00:00","CAPE","surface",-67.0066,18.4818,1633
"2026-09-09 18:00:00","2026-09-10 09:00:00","CAPE","surface",-74.7822,18.5045,1771
"2026-09-09 18:00:00","2026-09-10 09:00:00","CAPE","surface",-74.7583,18.5045,1819
"2026-09-09 18:00:00","2026-09-10 09:00:00","CAPE","surface",-74.7344,18.5045,1838
"2026-09-09 18:00:00","2026-09-10 09:00:00","CAPE","surface",-74.7105,18.5045,1921
"2026-09-09 18:00:00","2026-09-10 09:00:00","CAPE","surface",-74.6865,18.5045,1887
"2026-09-09 18:00:00","2026-09-10 09:00:00","CAPE","surface",-74.6626,18.5045,1887
"2026-09-09 18:00:00","2026-09-10 09:00:00","CAPE","surface",-74.6387,18.5045,1922
"2026-09-09 18:00:00","2026-09-10 09:00:00","CAPE","surface",-74.6148,18.5045,1932
"2026-09-09 18:00:00","2026-09-10 09:00:00","CAPE","surface",-74.5908,18.5045,2007
"2026-09-09 18:00:00","2026-09-10 09:00:00","CAPE","surface",-74.5669,18.5045,1993
"2026-09-09 18:00:00","2026-09-10 09:00:00","CAPE","surface",-74.543,18.5045,2033
"2026-09-09 18:00:00","2026-09-10 09:00:00","CAPE","surface",-74.5191,18.5045,2033
"2026-09-09 18:00:00","2026-09-10 09:00:00","CAPE","surface",-74.4951,18.5045,2043
"2026-09-09 18:00:00","2026-09-10 09:00:00","CAPE","surface",-74.4712,18.5045,2281
"2026-09-09 18:00:00","2026-09-10 09:00:00","CAPE","surface",-74.4473,18.5045,2303
"2026-09-09 18:00:00","2026-09-10 09:00:00","CAPE","surface",-74.4234,18.5045,1469
"2026-09-09 18:00:00","2026-09-10 09:00:00","CAPE","surface",-74.3994,18.5045,1301
"2026-09-09 18:00:00","2026-09-10 09:00:00","CAPE","surface",-74.3755,18.5045,1301
"2026-09-09 18:00:00","2026-09-10 09:00:00","CAPE","surface",-74.3516,18.5045,1415
"2026-09-09 18:00:00","2026-09-10 09:00:00","CAPE","surface",-74.3277,18.5045,1086
"2026-09-09 18:00:00","2026-09-10 09:00:00","CAPE","surface",-74.3037,18.5045,889
"2026-09-09 18:00:00","2026-09-10 09:00:00","CAPE","surface",-74.2798,18.5045,626
"2026-09-09 18:00:00","2026-09-10 09:00:00","CAPE","surface",-74.2559,18.5045,632
"2026-09-09 18:00:00","2026-09-10 09:00:00","CAPE","surface",-74.232,18.5045,632
"2026-09-09 18:00:00","2026-09-10 09:00:00","CAPE","surface",-74.208,18.5045,834
"2026-09-09 18:00:00","2026-09-10 09:00:00","CAPE","surface",-74.1841,18.5045,727
"2026-09-09 18:00:00","2026-09-10 09:00:00","CAPE","surface",-74.1602,18.5045,610
"2026-09-09 18:00:00","2026-09-10 09:00:00","CAPE","surface",-74.1363,18.5045,442
"2026-09-09 18:00:00","2026-09-10 09:00:00","CAPE","surface",-74.1123,18.5045,442
"2026-09-09 18:00:00","2026-09-10 09:00:00","CAPE","surface",-74.0884,18.5045,309
"2026-09-09 18:00:00","2026-09-10 09:00:00","CAPE","surface",-74.0645,18.5045,230
"2026-09-09 18:00:00","2026-09-10 09:00:00","CAPE","surface",-74.0406,18.5045,297
"2026-09-09 18:00:00","2026-09-10 09:00:00","CAPE","surface",-74.0166,18.5045,281
"2026-09-09 18:00:00","2026-09-10 09:00:00","CAPE","surface",-73.9927,18.5045,394
"2026-09-09 18:00:00","2026-09-10 09:00:00","CAPE","surface",-73.9688,18.5045,394
"2026-09-09 18:00:00","2026-09-10 09:00:00","CAPE","surface",-73.9449,18.5045,610
"2026-09-09 18:00:00","2026-09-10 09:00:00","CAPE","surface",-73.9209,18.5045,710
"2026-09-09 18:00:00","2026-09-10 09:00:00","CAPE","surface",-73.897,18.5045,875
"2026-09-09 18:00:00","2026-09-10 09:00:00","CAPE","surface",-73.8731,18.5045,977
"2026-09-09 18:00:00","2026-09-10 09:00:00","CAPE","surface",-73.8492,18.5045,798
"2026-09-09 18:00:00","2026-09-10 09:00:00","CAPE","surface",-73.8252,18.5045,798
"2026-09-09 18:00:00","2026-09-10 09:00:00","CAPE","surface",-73.8013,18.5045,665
"2026-09-09 18:00:00","2026-09-10 09:00:00","CAPE","surface",-73.7774,18.5045,678
"2026-09-09 18:00:00","2026-09-10 09:00:00","CAPE","surface",-73.7535,18.5045,882
"2026-09-09 18:00:00","2026-09-10 09:00:00","CAPE","surface",-73.7295,18.5045,1171
"2026-09-09 18:00:00","2026-09-10 09:00:00","CAPE","surface",-73.7056,18.5045,1228
"2026-09-09 18:00:00","2026-09-10 09:00:00","CAPE","surface",-73.6817,18.5045,1223
"2026-09-09 18:00:00","2026-09-10 09:00:00","CAPE","surface",-73.6578,18.5045,1480
"2026-09-09 18:00:00","2026-09-10 09:00:00","CAPE","surface",-73.6338,18.5045,1463
"2026-09-09 18:00:00","2026-09-10 09:00:00","CAPE","surface",-73.6099,18.5045,1723
"2026-09-09 18:00:00","2026-09-10 09:00:00","CAPE","surface",-73.586,18.5045,1370
"2026-09-09 18:00:00","2026-09-10 09:00:00","CAPE","surface",-73.5621,18.5045,1570
"2026-09-09 18:00:00","2026-09-10 09:00:00","CAPE","surface",-73.5381,18.5045,1099
"2026-09-09 18:00:00","2026-09-10 09:00:00","CAPE","surface",-73.5142,18.5045,867
"2026-09-09 18:00:00","2026-09-10 09:00:00","CAPE","surface",-73.4903,18.5045,826
"2026-09-09 18:00:00","2026-09-10 09:00:00","CAPE","surface",-73.4664,18.5045,999
"2026-09-09 18:00:00","2026-09-10 09:00:00","CAPE","surface",-73.4424,18.5045,1360
"2026-09-09 18:00:00","2026-09-10 09:00:00","CAPE","surface",-73.4185,18.5045,1137
"2026-09-09 18:00:00","2026-09-10 09:00:00","CAPE","surface",-73.3946,18.5045,1492
"2026-09-09 18:00:00","2026-09-10 09:00:00","CAPE","surface",-73.3707,18.5045,1391
"2026-09-09 18:00:00","2026-09-10 09:00:00","CAPE","surface",-73.3467,18.5045,1625
"2026-09-09 18:00:00","2026-09-10 09:00:00","CAPE","surface",-73.3228,18.5045,1081
"2026-09-09 18:00:00","2026-09-10 09:00:00","CAPE","surface",-73.2989,18.5045,1545
"2026-09-09 18:00:00","2026-09-10 09:00:00","CAPE","surface",-73.275,18.5045,1485
"2026-09-09 18:00:00","2026-09-10 09:00:00","CAPE","surface",-73.251,18.5045,1726
"2026-09-09 18:00:00","2026-09-10 09:00:00","CAPE","surface",-73.2271,18.5045,1774
"2026-09-09 18:00:00","2026-09-10 09:00:00","CAPE","surface",-73.2032,18.5045,1815
"2026-09-09 18:00:00","2026-09-10 09:00:00","CAPE","surface",-73.1793,18.5045,1815
"2026-09-09 18:00:00","2026-09-10 09:00:00","CAPE","surface",-73.1553,18.5045,1754
"2026-09-09 18:00:00","2026-09-10 09:00:00","CAPE","surface",-73.1314,18.5045,1559
"2026-09-09 18:00:00","2026-09-10 09:00:00","CAPE","surface",-73.1075,18.5045,1595
"2026-09-09 18:00:00","2026-09-10 09:00:00","CAPE","surface",-73.0836,18.5045,1535
"2026-09-09 18:00:00","2026-09-10 09:00:00","CAPE","surface",-73.0596,18.5045,1553
"2026-09-09 18:00:00","2026-09-10 09:00:00","CAPE","surface",-73.0357,18.5045,1553
"2026-09-09 18:00:00","2026-09-10 09:00:00","CAPE","surface",-73.0118,18.5045,1631
"2026-09-09 18:00:00","2026-09-10 09:00:00","CAPE","surface",-72.9879,18.5045,1838
"2026-09-09 18:00:00","2026-09-10 09:00:00","CAPE","surface",-72.9639,18.5045,1671
"2026-09-09 18:00:00","2026-09-10 09:00:00","CAPE","surface",-72.94,18.5045,1674
"2026-09-09 18:00:00","2026-09-10 09:00:00","CAPE","surface",-72.9161,18.5045,1674
"2026-09-09 18:00:00","2026-09-10 09:00:00","CAPE","surface",-72.8922,18.5045,1657
"2026-09-09 18:00:00","2026-09-10 09:00:00","CAPE","surface",-72.8682,18.5045,1640
"2026-09-09 18:00:00","2026-09-10 09:00:00","CAPE","surface",-72.8443,18.5045,1844
"2026-09-09 18:00:00","2026-09-10 09:00:00","CAPE","surface",-72.8204,18.5045,1902
"2026-09-09 18:00:00","2026-09-10 09:00:00","CAPE","surface",-72.7965,18.5045,2297
"2026-09-09 18:00:00","2026-09-10 09:00:00","CAPE","surface",-72.7725,18.5045,2449
"2026-09-09 18:00:00","2026-09-10 09:00:00","CAPE","surface",-72.7486,18.5045,2398
"2026-09-09 18:00:00","2026-09-10 09:00:00","CAPE","surface",-72.7247,18.5045,2333
"2026-09-09 18:00:00","2026-09-10 09:00:00","CAPE","surface",-72.7008,18.5045,2105
"2026-09-09 18:00:00","2026-09-10 09:00:00","CAPE","surface",-72.6768,18.5045,1679
"2026-09-09 18:00:00","2026-09-10 09:00:00","CAPE","surface",-72.6529,18.5045,1419
"2026-09-09 18:00:00","2026-09-10 09:00:00","CAPE","surface",-72.629,18.5045,855
"2026-09-09 18:00:00","2026-09-10 09:00:00","CAPE","surface",-72.6051,18.5045,928
"2026-09-09 18:00:00","2026-09-10 09:00:00","CAPE","surface",-72.5811,18.5045,1007
"2026-09-09 18:00:00","2026-09-10 09:00:00","CAPE","surface",-72.5572,18.5045,1360
"2026-09-09 18:00:00","2026-09-10 09:00:00","CAPE","surface",-72.5333,18.5045,1360
"2026-09-09 18:00:00","2026-09-10 09:00:00","CAPE","surface",-72.5094,18.5045,1411
"2026-09-09 18:00:00","2026-09-10 09:00:00","CAPE","surface",-72.4854,18.5045,1214
"2026-09-09 18:00:00","2026-09-10 09:00:00","CAPE","surface",-72.4615,18.5045,828
"2026-09-09 18:00:00","2026-09-10 09:00:00","CAPE","surface",-72.4376,18.5045,777
"2026-09-09 18:00:00","2026-09-10 09:00:00","CAPE","surface",-72.4137,18.5045,777
"2026-09-09 18:00:00","2026-09-10 09:00:00","CAPE","surface",-72.3897,18.5045,778
"2026-09-09 18:00:00","2026-09-10 09:00:00","CAPE","surface",-72.3658,18.5045,617
"2026-09-09 18:00:00","2026-09-10 09:00:00","CAPE","surface",-72.3419,18.5045,314
"2026-09-09 18:00:00","2026-09-10 09:00:00","CAPE","surface",-72.318,18.5045,95
"2026-09-09 18:00:00","2026-09-10 09:00:00","CAPE","surface",-72.294,18.5045,147
"2026-09-09 18:00:00","2026-09-10 09:00:00","CAPE","surface",-72.2701,18.5045,88
"2026-09-09 18:00:00","2026-09-10 09:00:00","CAPE","surface",-72.2462,18.5045,257
"2026-09-09 18:00:00","2026-09-10 09:00:00","CAPE","surface",-72.2223,18.5045,182
"2026-09-09 18:00:00","2026-09-10 09:00:00","CAPE","surface",-72.1983,18.5045,167
"2026-09-09 18:00:00","2026-09-10 09:00:00","CAPE","surface",-72.1744,18.5045,167
"2026-09-09 18:00:00","2026-09-10 09:00:00","CAPE","surface",-72.1505,18.5045,264
"2026-09-09 18:00:00","2026-09-10 09:00:00","CAPE","surface",-72.1266,18.5045,209
"2026-09-09 18:00:00","2026-09-10 09:00:00","CAPE","surface",-72.1026,18.5045,289
"2026-09-09 18:00:00","2026-09-10 09:00:00","CAPE","surface",-72.0787,18.5045,335
"2026-09-09 18:00:00","2026-09-10 09:00:00","CAPE","surface",-72.0548,18.5045,335
"2026-09-09 18:00:00","2026-09-10 09:00:00","CAPE","surface",-72.0309,18.5045,468
"2026-09-09 18:00:00","2026-09-10 09:00:00","CAPE","surface",-72.0069,18.5045,327
"2026-09-09 18:00:00","2026-09-10 09:00:00","CAPE","surface",-71.983,18.5045,775
"2026-09-09 18:00:00","2026-09-10 09:00:00","CAPE","surface",-71.9591,18.5045,637
"2026-09-09 18:00:00","2026-09-10 09:00:00","CAPE","surface",-71.9352,18.5045,1093
"2026-09-09 18:00:00","2026-09-10 09:00:00","CAPE","surface",-71.9112,18.5045,870
"2026-09-09 18:00:00","2026-09-10 09:00:00","CAPE","surface",-71.8873,18.5045,977
"2026-09-09 18:00:00","2026-09-10 09:00:00","CAPE","surface",-71.8634,18.5045,980
"2026-09-09 18:00:00","2026-09-10 09:00:00","CAPE","surface",-71.8395,18.5045,1038
"2026-09-09 18:00:00","2026-09-10 09:00:00","CAPE","surface",-71.8155,18.5045,1043
"2026-09-09 18:00:00","2026-09-10 09:00:00","CAPE","surface",-71.7916,18.5045,1071
"2026-09-09 18:00:00","2026-09-10 09:00:00","CAPE","surface",-71.7677,18.5045,1129
"2026-09-09 18:00:00","2026-09-10 09:00:00","CAPE","surface",-71.7438,18.5045,1139
"2026-09-09 18:00:00","2026-09-10 09:00:00","CAPE","surface",-71.7198,18.5045,1436
"2026-09-09 18:00:00","2026-09-10 09:00:00","CAPE","surface",-71.6959,18.5045,1212
"2026-09-09 18:00:00","2026-09-10 09:00:00","CAPE","surface",-71.672,18.5045,1384
"2026-09-09 18:00:00","2026-09-10 09:00:00","CAPE","surface",-71.6481,18.5045,1353
"2026-09-09 18:00:00","2026-09-10 09:00:00","CAPE","surface",-71.6241,18.5045,1081
"2026-09-09 18:00:00","2026-09-10 09:00:00","CAPE","surface",-71.6002,18.5045,1116
"2026-09-09 18:00:00","2026-09-10 09:00:00","CAPE","surface",-71.5763,18.5045,1064
"2026-09-09 18:00:00","2026-09-10 09:00:00","CAPE","surface",-71.5524,18.5045,1064
"2026-09-09 18:00:00","2026-09-10 09:00:00","CAPE","surface",-71.5284,18.5045,1040
"2026-09-09 18:00:00","2026-09-10 09:00:00","CAPE","surface",-71.5045,18.5045,1074
"2026-09-09 18:00:00","2026-09-10 09:00:00","CAPE","surface",-71.4806,18.5045,1053
"2026-09-09 18:00:00","2026-09-10 09:00:00","CAPE","surface",-71.4567,18.5045,1053
"2026-09-09 18:00:00","2026-09-10 09:00:00","CAPE","surface",-71.4327,18.5045,937
"2026-09-09 18:00:00","2026-09-10 09:00:00","CAPE","surface",-71.4088,18.5045,746
"2026-09-09 18:00:00","2026-09-10 09:00:00","CAPE","surface",-71.3849,18.5045,865
"2026-09-09 18:00:00","2026-09-10 09:00:00","CAPE","surface",-71.361,18.5045,774
"2026-09-09 18:00:00","2026-09-10 09:00:00","CAPE","surface",-71.337,18.5045,774
"2026-09-09 18:00:00","2026-09-10 09:00:00","CAPE","surface",-71.3131,18.5045,624
"2026-09-09 18:00:00","2026-09-10 09:00:00","CAPE","surface",-71.2892,18.5045,638
"2026-09-09 18:00:00","2026-09-10 09:00:00","CAPE","surface",-71.2653,18.5045,654
"2026-09-09 18:00:00","2026-09-10 09:00:00","CAPE","surface",-71.2413,18.5045,636
"2026-09-09 18:00:00","2026-09-10 09:00:00","CAPE","surface",-71.2174,18.5045,666
"2026-09-09 18:00:00","2026-09-10 09:00:00","CAPE","surface",-71.1935,18.5045,644
"2026-09-09 18:00:00","2026-09-10 09:00:00","CAPE","surface",-71.1696,18.5045,606
"2026-09-09 18:00:00","2026-09-10 09:00:00","CAPE","surface",-71.1456,18.5045,610
"2026-09-09 18:00:00","2026-09-10 09:00:00","CAPE","surface",-71.1217,18.5045,590
"2026-09-09 18:00:00","2026-09-10 09:00:00","CAPE","surface",-71.0978,18.5045,551
"2026-09-09 18:00:00","2026-09-10 09:00:00","CAPE","surface",-71.0739,18.5045,540
"2026-09-09 18:00:00","2026-09-10 09:00:00","CAPE","surface",-71.0499,18.5045,504
"2026-09-09 18:00:00","2026-09-10 09:00:00","CAPE","surface",-71.026,18.5045,497
"2026-09-09 18:00:00","2026-09-10 09:00:00","CAPE","surface",-71.0021,18.5045,558
"2026-09-09 18:00:00","2026-09-10 09:00:00","CAPE","surface",-70.9782,18.5045,558
"2026-09-09 18:00:00","2026-09-10 09:00:00","CAPE","surface",-70.9542,18.5045,662
"2026-09-09 18:00:00","2026-09-10 09:00:00","CAPE","surface",-70.9303,18.5045,684
"2026-09-09 18:00:00","2026-09-10 09:00:00","CAPE","surface",-70.9064,18.5045,606
"2026-09-09 18:00:00","2026-09-10 09:00:00","CAPE","surface",-70.8825,18.5045,596
"2026-09-09 18:00:00","2026-09-10 09:00:00","CAPE","surface",-70.8585,18.5045,593
"2026-09-09 18:00:00","2026-09-10 09:00:00","CAPE","surface",-70.8346,18.5045,569
"2026-09-09 18:00:00","2026-09-10 09:00:00","CAPE","surface",-70.8107,18.5045,582
"2026-09-09 18:00:00","2026-09-10 09:00:00","CAPE","surface",-70.7868,18.5045,553
"2026-09-09 18:00:00","2026-09-10 09:00:00","CAPE","surface",-70.7628,18.5045,562
"2026-09-09 18:00:00","2026-09-10 09:00:00","CAPE","surface",-70.7389,18.5045,477
"2026-09-09 18:00:00","2026-09-10 09:00:00","CAPE","surface",-70.715,18.5045,433
"2026-09-09 18:00:00","2026-09-10 09:00:00","CAPE","surface",-70.6911,18.5045,557
"2026-09-09 18:00:00","2026-09-10 09:00:00","CAPE","surface",-70.6671,18.5045,535
"2026-09-09 18:00:00","2026-09-10 09:00:00","CAPE","surface",-70.6432,18.5045,552
"2026-09-09 18:00:00","2026-09-10 09:00:00","CAPE","surface",-70.6193,18.5045,563
"2026-09-09 18:00:00","2026-09-10 09:00:00","CAPE","surface",-70.5954,18.5045,651
"2026-09-09 18:00:00","2026-09-10 09:00:00","CAPE","surface",-70.5714,18.5045,678
"2026-09-09 18:00:00","2026-09-10 09:00:00","CAPE","surface",-70.5475,18.5045,737
"2026-09-09 18:00:00","2026-09-10 09:00:00","CAPE","surface",-70.5236,18.5045,764
"2026-09-09 18:00:00","2026-09-10 09:00:00","CAPE","surface",-70.4997,18.5045,813
"2026-09-09 18:00:00","2026-09-10 09:00:00","CAPE","surface",-70.4757,18.5045,886
"2026-09-09 18:00:00","2026-09-10 09:00:00","CAPE","surface",-70.4518,18.5045,831
"2026-09-09 18:00:00","2026-09-10 09:00:00","CAPE","surface",-70.4279,18.5045,984
"2026-09-09 18:00:00","2026-09-10 09:00:00","CAPE","surface",-70.404,18.5045,984
"2026-09-09 18:00:00","2026-09-10 09:00:00","CAPE","surface",-70.38,18.5045,995
"2026-09-09 18:00:00","2026-09-10 09:00:00","CAPE","surface",-70.3561,18.5045,1018
"2026-09-09 18:00:00","2026-09-10 09:00:00","CAPE","surface",-70.3322,18.5045,949
"2026-09-09 18:00:00","2026-09-10 09:00:00","CAPE","surface",-70.3083,18.5045,940
"2026-09-09 18:00:00","2026-09-10 09:00:00","CAPE","surface",-70.2843,18.5045,997
"2026-09-09 18:00:00","2026-09-10 09:00:00","CAPE","surface",-70.2604,18.5045,981
"2026-09-09 18:00:00","2026-09-10 09:00:00","CAPE","surface",-70.2365,18.5045,1005
"2026-09-09 18:00:00","2026-09-10 09:00:00","CAPE","surface",-70.2126,18.5045,1018
"2026-09-09 18:00:00","2026-09-10 09:00:00","CAPE","surface",-70.1886,18.5045,1018
"2026-09-09 18:00:00","2026-09-10 09:00:00","CAPE","surface",-70.1647,18.5045,1046
"2026-09-09 18:00:00","2026-09-10 09:00:00","CAPE","surface",-70.1408,18.5045,1076
"2026-09-09 18:00:00","2026-09-10 09:00:00","CAPE","surface",-70.1169,18.5045,1110
"2026-09-09 18:00:00","2026-09-10 09:00:00","CAPE","surface",-70.0929,18.5045,1159
"2026-09-09 18:00:00","2026-09-10 09:00:00","CAPE","surface",-70.069,18.5045,1173
"2026-09-09 18:00:00","2026-09-10 09:00:00","CAPE","surface",-70.0451,18.5045,1228
"2026-09-09 18:00:00","2026-09-10 09:00:00","CAPE","surface",-70.0212,18.5045,1236
"2026-09-09 18:00:00","2026-09-10 09:00:00","CAPE","surface",-69.9972,18.5045,1278
"2026-09-09 18:00:00","2026-09-10 09:00:00","CAPE","surface",-69.9733,18.5045,1278
"2026-09-09 18:00:00","2026-09-10 09:00:00","CAPE","surface",-69.9494,18.5045,1356
"2026-09-09 18:00:00","2026-09-10 09:00:00","CAPE","surface",-69.9255,18.5045,1395
"2026-09-09 18:00:00","2026-09-10 09:00:00","CAPE","surface",-69.9015,18.5045,1463
"2026-09-09 18:00:00","2026-09-10 09:00:00","CAPE","surface",-69.8776,18.5045,1486
"2026-09-09 18:00:00","2026-09-10 09:00:00","CAPE","surface",-69.8537,18.5045,1503
"2026-09-09 18:00:00","2026-09-10 09:00:00","CAPE","surface",-69.8298,18.5045,1500
"2026-09-09 18:00:00","2026-09-10 09:00:00","CAPE","surface",-69.8058,18.5045,1498
"2026-09-09 18:00:00","2026-09-10 09:00:00","CAPE","surface",-69.7819,18.5045,1545
"2026-09-09 18:00:00","2026-09-10 09:00:00","CAPE","surface",-69.758,18.5045,1624
"2026-09-09 18:00:00","2026-09-10 09:00:00","CAPE","surface",-69.7341,18.5045,1683
"2026-09-09 18:00:00","2026-09-10 09:00:00","CAPE","surface",-69.7101,18.5045,1758
"2026-09-09 18:00:00","2026-09-10 09:00:00","CAPE","surface",-69.6862,18.5045,1811
"2026-09-09 18:00:00","2026-09-10 09:00:00","CAPE","surface",-69.6623,18.5045,1820
"2026-09-09 18:00:00","2026-09-10 09:00:00","CAPE","surface",-69.6384,18.5045,1814
"2026-09-09 18:00:00","2026-09-10 09:00:00","CAPE","surface",-69.6144,18.5045,1831
"2026-09-09 18:00:00","2026-09-10 09:00:00","CAPE","surface",-69.5905,18.5045,1878
"2026-09-09 18:00:00","2026-09-10 09:00:00","CAPE","surface",-69.5666,18.5045,1914
"2026-09-09 18:00:00","2026-09-10 09:00:00","CAPE","surface",-69.5427,18.5045,1963
"2026-09-09 18:00:00","2026-09-10 09:00:00","CAPE","surface",-69.5187,18.5045,1940
"2026-09-09 18:00:00","2026-09-10 09:00:00","CAPE","surface",-69.4948,18.5045,1978
"2026-09-09 18:00:00","2026-09-10 09:00:00","CAPE","surface",-69.4709,18.5045,1992
"2026-09-09 18:00:00","2026-09-10 09:00:00","CAPE","surface",-69.447,18.5045,2076
"2026-09-09 18:00:00","2026-09-10 09:00:00","CAPE","surface",-69.423,18.5045,2007
"2026-09-09 18:00:00","2026-09-10 09:00:00","CAPE","surface",-69.3991,18.5045,2073
"2026-09-09 18:00:00","2026-09-10 09:00:00","CAPE","surface",-69.3752,18.5045,2061
"2026-09-09 18:00:00","2026-09-10 09:00:00","CAPE","surface",-69.3513,18.5045,2041
"2026-09-09 18:00:00","2026-09-10 09:00:00","CAPE","surface",-69.3273,18.5045,2141
"2026-09-09 18:00:00","2026-09-10 09:00:00","CAPE","surface",-69.3034,18.5045,2045
"2026-09-09 18:00:00","2026-09-10 09:00:00","CAPE","surface",-69.2795,18.5045,2174
"2026-09-09 18:00:00","2026-09-10 09:00:00","CAPE","surface",-69.2556,18.5045,2180
"2026-09-09 18:00:00","2026-09-10 09:00:00","CAPE","surface",-69.2316,18.5045,2302
"2026-09-09 18:00:00","2026-09-10 09:00:00","CAPE","surface",-69.2077,18.5045,2139
"2026-09-09 18:00:00","2026-09-10 09:00:00","CAPE","surface",-69.1838,18.5045,2222
"2026-09-09 18:00:00","2026-09-10 09:00:00","CAPE","surface",-69.1599,18.5045,2126
"2026-09-09 18:00:00","2026-09-10 09:00:00","CAPE","surface",-69.1359,18.5045,2101
"2026-09-09 18:00:00","2026-09-10 09:00:00","CAPE","surface",-69.112,18.5045,2101
"2026-09-09 18:00:00","2026-09-10 09:00:00","CAPE","surface",-69.0881,18.5045,2099
"2026-09-09 18:00:00","2026-09-10 09:00:00","CAPE","surface",-69.0642,18.5045,2106
"2026-09-09 18:00:00","2026-09-10 09:00:00","CAPE","surface",-69.0402,18.5045,2093
"2026-09-09 18:00:00","2026-09-10 09:00:00","CAPE","surface",-69.0163,18.5045,2078
"2026-09-09 18:00:00","2026-09-10 09:00:00","CAPE","surface",-68.9924,18.5045,2110
"2026-09-09 18:00:00","2026-09-10 09:00:00","CAPE","surface",-68.9685,18.5045,2086
"2026-09-09 18:00:00","2026-09-10 09:00:00","CAPE","surface",-68.9445,18.5045,2123
"2026-09-09 18:00:00","2026-09-10 09:00:00","CAPE","surface",-68.9206,18.5045,2140
"2026-09-09 18:00:00","2026-09-10 09:00:00","CAPE","surface",-68.8967,18.5045,2140
"2026-09-09 18:00:00","2026-09-10 09:00:00","CAPE","surface",-68.8728,18.5045,2167
"2026-09-09 18:00:00","2026-09-10 09:00:00","CAPE","surface",-68.8488,18.5045,1996
"2026-09-09 18:00:00","2026-09-10 09:00:00","CAPE","surface",-68.8249,18.5045,1922
"2026-09-09 18:00:00","2026-09-10 09:00:00","CAPE","surface",-68.801,18.5045,1722
"2026-09-09 18:00:00","2026-09-10 09:00:00","CAPE","surface",-68.7771,18.5045,1902
"2026-09-09 18:00:00","2026-09-10 09:00:00","CAPE","surface",-68.7531,18.5045,1672
"2026-09-09 18:00:00","2026-09-10 09:00:00","CAPE","surface",-68.7292,18.5045,1723
"2026-09-09 18:00:00","2026-09-10 09:00:00","CAPE","surface",-68.7053,18.5045,1850
"2026-09-09 18:00:00","2026-09-10 09:00:00","CAPE","surface",-68.6813,18.5045,1850
"2026-09-09 18:00:00","2026-09-10 09:00:00","CAPE","surface",-68.6574,18.5045,1917
"2026-09-09 18:00:00","2026-09-10 09:00:00","CAPE","surface",-68.6335,18.5045,1997
"2026-09-09 18:00:00","2026-09-10 09:00:00","CAPE","surface",-68.6096,18.5045,2043
"2026-09-09 18:00:00","2026-09-10 09:00:00","CAPE","surface",-68.5856,18.5045,2043
"2026-09-09 18:00:00","2026-09-10 09:00:00","CAPE","surface",-68.5617,18.5045,2098
"2026-09-09 18:00:00","2026-09-10 09:00:00","CAPE","surface",-68.5378,18.5045,2160
"2026-09-09 18:00:00","2026-09-10 09:00:00","CAPE","surface",-68.5139,18.5045,2235
"2026-09-09 18:00:00","2026-09-10 09:00:00","CAPE","surface",-68.4899,18.5045,2263
"2026-09-09 18:00:00","2026-09-10 09:00:00","CAPE","surface",-68.466,18.5045,2263
"2026-09-09 18:00:00","2026-09-10 09:00:00","CAPE","surface",-68.4421,18.5045,2300
"2026-09-09 18:00:00","2026-09-10 09:00:00","CAPE","surface",-68.4182,18.5045,2364
"2026-09-09 18:00:00","2026-09-10 09:00:00","CAPE","surface",-68.3942,18.5045,2400
"2026-09-09 18:00:00","2026-09-10 09:00:00","CAPE","surface",-68.3703,18.5045,2400
"2026-09-09 18:00:00","2026-09-10 09:00:00","CAPE","surface",-68.3464,18.5045,2522
"2026-09-09 18:00:00","2026-09-10 09:00:00","CAPE","surface",-68.3225,18.5045,2686
"2026-09-09 18:00:00","2026-09-10 09:00:00","CAPE","surface",-68.2985,18.5045,2667
"2026-09-09 18:00:00","2026-09-10 09:00:00","CAPE","surface",-68.2746,18.5045,2728
"2026-09-09 18:00:00","2026-09-10 09:00:00","CAPE","surface",-68.2507,18.5045,2695
"2026-09-09 18:00:00","2026-09-10 09:00:00","CAPE","surface",-68.2268,18.5045,2664
"2026-09-09 18:00:00","2026-09-10 09:00:00","CAPE","surface",-68.2028,18.5045,2630
"2026-09-09 18:00:00","2026-09-10 09:00:00","CAPE","surface",-68.1789,18.5045,2607
"2026-09-09 18:00:00","2026-09-10 09:00:00","CAPE","surface",-68.155,18.5045,2539
"2026-09-09 18:00:00","2026-09-10 09:00:00","CAPE","surface",-68.1311,18.5045,2534
"2026-09-09 18:00:00","2026-09-10 09:00:00","CAPE","surface",-68.1071,18.5045,2371
"2026-09-09 18:00:00","2026-09-10 09:00:00","CAPE","surface",-68.0832,18.5045,2405
"2026-09-09 18:00:00","2026-09-10 09:00:00","CAPE","surface",-68.0593,18.5045,2269
"2026-09-09 18:00:00","2026-09-10 09:00:00","CAPE","surface",-68.0354,18.5045,2337
"2026-09-09 18:00:00","2026-09-10 09:00:00","CAPE","surface",-68.0114,18.5045,2391
"2026-09-09 18:00:00","2026-09-10 09:00:00","CAPE","surface",-67.9875,18.5045,2465
"2026-09-09 18:00:00","2026-09-10 09:00:00","CAPE","surface",-67.9636,18.5045,2441
"2026-09-09 18:00:00","2026-09-10 09:00:00","CAPE","surface",-67.9397,18.5045,2439
"2026-09-09 18:00:00","2026-09-10 09:00:00","CAPE","surface",-67.9157,18.5045,2433
"2026-09-09 18:00:00","2026-09-10 09:00:00","CAPE","surface",-67.8918,18.5045,2441
"2026-09-09 18:00:00","2026-09-10 09:00:00","CAPE","surface",-67.8679,18.5045,2441
"2026-09-09 18:00:00","2026-09-10 09:00:00","CAPE","surface",-67.844,18.5045,2437
"2026-09-09 18:00:00","2026-09-10 09:00:00","CAPE","surface",-67.82,18.5045,2435
"2026-09-09 18:00:00","2026-09-10 09:00:00","CAPE","surface",-67.7961,18.5045,2422
"2026-09-09 18:00:00","2026-09-10 09:00:00","CAPE","surface",-67.7722,18.5045,2424
"2026-09-09 18:00:00","2026-09-10 09:00:00","CAPE","surface",-67.7483,18.5045,2390
"2026-09-09 18:00:00","2026-09-10 09:00:00","CAPE","surface",-67.7243,18.5045,2444
"2026-09-09 18:00:00","2026-09-10 09:00:00","CAPE","surface",-67.7004,18.5045,2380
"2026-09-09 18:00:00","2026-09-10 09:00:00","CAPE","surface",-67.6765,18.5045,2420
"2026-09-09 18:00:00","2026-09-10 09:00:00","CAPE","surface",-67.6526,18.5045,2420
"2026-09-09 18:00:00","2026-09-10 09:00:00","CAPE","surface",-67.6286,18.5045,2428
"2026-09-09 18:00:00","2026-09-10 09:00:00","CAPE","surface",-67.6047,18.5045,2427
"2026-09-09 18:00:00","2026-09-10 09:00:00","CAPE","surface",-67.5808,18.5045,2400
"2026-09-09 18:00:00","2026-09-10 09:00:00","CAPE","surface",-67.5569,18.5045,2406
"2026-09-09 18:00:00","2026-09-10 09:00:00","CAPE","surface",-67.5329,18.5045,2348
"2026-09-09 18:00:00","2026-09-10 09:00:00","CAPE","surface",-67.509,18.5045,2284
"2026-09-09 18:00:00","2026-09-10 09:00:00","CAPE","surface",-67.4851,18.5045,2236
"2026-09-09 18:00:00","2026-09-10 09:00:00","CAPE","surface",-67.4612,18.5045,2250
"2026-09-09 18:00:00","2026-09-10 09:00:00","CAPE","surface",-67.4372,18.5045,2231
"2026-09-09 18:00:00","2026-09-10 09:00:00","CAPE","surface",-67.4133,18.5045,2213
"2026-09-09 18:00:00","2026-09-10 09:00:00","CAPE","surface",-67.3894,18.5045,2220
"2026-09-09 18:00:00","2026-09-10 09:00:00","CAPE","surface",-67.3655,18.5045,2220
"2026-09-09 18:00:00","2026-09-10 09:00:00","CAPE","surface",-67.3415,18.5045,2258
"2026-09-09 18:00:00","2026-09-10 09:00:00","CAPE","surface",-67.3176,18.5045,2210
"2026-09-09 18:00:00","2026-09-10 09:00:00","CAPE","surface",-67.2937,18.5045,2210
"2026-09-09 18:00:00","2026-09-10 09:00:00","CAPE","surface",-67.2698,18.5045,2285
"2026-09-09 18:00:00","2026-09-10 09:00:00","CAPE","surface",-67.2458,18.5045,2233
"2026-09-09 18:00:00","2026-09-10 09:00:00","CAPE","surface",-67.2219,18.5045,2218
"2026-09-09 18:00:00","2026-09-10 09:00:00","CAPE","surface",-67.198,18.5045,2063
"2026-09-09 18:00:00","2026-09-10 09:00:00","CAPE","surface",-67.1741,18.5045,2199
"2026-09-09 18:00:00","2026-09-10 09:00:00","CAPE","surface",-67.1501,18.5045,2011
"2026-09-09 18:00:00","2026-09-10 09:00:00","CAPE","surface",-67.1262,18.5045,1953
"2026-09-09 18:00:00","2026-09-10 09:00:00","CAPE","surface",-67.1023,18.5045,1856
"2026-09-09 18:00:00","2026-09-10 09:00:00","CAPE","surface",-67.0784,18.5045,1856
"2026-09-09 18:00:00","2026-09-10 09:00:00","CAPE","surface",-67.0544,18.5045,2116
"2026-09-09 18:00:00","2026-09-10 09:00:00","CAPE","surface",-67.0305,18.5045,1905
"2026-09-09 18:00:00","2026-09-10 09:00:00","CAPE","surface",-67.0066,18.5045,1954
"2026-09-09 18:00:00","2026-09-10 09:00:00","CAPE","surface",-74.7822,18.5272,1771
"2026-09-09 18:00:00","2026-09-10 09:00:00","CAPE","surface",-74.7583,18.5272,1765
"2026-09-09 18:00:00","2026-09-10 09:00:00","CAPE","surface",-74.7344,18.5272,1765
"2026-09-09 18:00:00","2026-09-10 09:00:00","CAPE","surface",-74.7105,18.5272,1770
"2026-09-09 18:00:00","2026-09-10 09:00:00","CAPE","surface",-74.6865,18.5272,1812
"2026-09-09 18:00:00","2026-09-10 09:00:00","CAPE","surface",-74.6626,18.5272,1866
"2026-09-09 18:00:00","2026-09-10 09:00:00","CAPE","surface",-74.6387,18.5272,1967
"2026-09-09 18:00:00","2026-09-10 09:00:00","CAPE","surface",-74.6148,18.5272,1985
"2026-09-09 18:00:00","2026-09-10 09:00:00","CAPE","surface",-74.5908,18.5272,1980
"2026-09-09 18:00:00","2026-09-10 09:00:00","CAPE","surface",-74.5669,18.5272,1992
"2026-09-09 18:00:00","2026-09-10 09:00:00","CAPE","surface",-74.543,18.5272,1988
"2026-09-09 18:00:00","2026-09-10 09:00:00","CAPE","surface",-74.5191,18.5272,1998
"2026-09-09 18:00:00","2026-09-10 09:00:00","CAPE","surface",-74.4951,18.5272,2065
"2026-09-09 18:00:00","2026-09-10 09:00:00","CAPE","surface",-74.4712,18.5272,2282
"2026-09-09 18:00:00","2026-09-10 09:00:00","CAPE","surface",-74.4473,18.5272,2253
"2026-09-09 18:00:00","2026-09-10 09:00:00","CAPE","surface",-74.4234,18.5272,2146
"2026-09-09 18:00:00","2026-09-10 09:00:00","CAPE","surface",-74.3994,18.5272,1477
"2026-09-09 18:00:00","2026-09-10 09:00:00","CAPE","surface",-74.3755,18.5272,1402
"2026-09-09 18:00:00","2026-09-10 09:00:00","CAPE","surface",-74.3516,18.5272,1559
"2026-09-09 18:00:00","2026-09-10 09:00:00","CAPE","surface",-74.3277,18.5272,1559
"2026-09-09 18:00:00","2026-09-10 09:00:00","CAPE","surface",-74.3037,18.5272,1253
"2026-09-09 18:00:00","2026-09-10 09:00:00","CAPE","surface",-74.2798,18.5272,735
"2026-09-09 18:00:00","2026-09-10 09:00:00","CAPE","surface",-74.2559,18.5272,688
"2026-09-09 18:00:00","2026-09-10 09:00:00","CAPE","surface",-74.232,18.5272,833
"2026-09-09 18:00:00","2026-09-10 09:00:00","CAPE","surface",-74.208,18.5272,885
"2026-09-09 18:00:00","2026-09-10 09:00:00","CAPE","surface",-74.1841,18.5272,885
"2026-09-09 18:00:00","2026-09-10 09:00:00","CAPE","surface",-74.1602,18.5272,843
"2026-09-09 18:00:00","2026-09-10 09:00:00","CAPE","surface",-74.1363,18.5272,779
"2026-09-09 18:00:00","2026-09-10 09:00:00","CAPE","surface",-74.1123,18.5272,492
"2026-09-09 18:00:00","2026-09-10 09:00:00","CAPE","surface",-74.0884,18.5272,309
"2026-09-09 18:00:00","2026-09-10 09:00:00","CAPE","surface",-74.0645,18.5272,307
"2026-09-09 18:00:00","2026-09-10 09:00:00","CAPE","surface",-74.0406,18.5272,307
"2026-09-09 18:00:00","2026-09-10 09:00:00","CAPE","surface",-74.0166,18.5272,385
"2026-09-09 18:00:00","2026-09-10 09:00:00","CAPE","surface",-73.9927,18.5272,381
"2026-09-09 18:00:00","2026-09-10 09:00:00","CAPE","surface",-73.9688,18.5272,551
"2026-09-09 18:00:00","2026-09-10 09:00:00","CAPE","surface",-73.9449,18.5272,610
"2026-09-09 18:00:00","2026-09-10 09:00:00","CAPE","surface",-73.9209,18.5272,824
"2026-09-09 18:00:00","2026-09-10 09:00:00","CAPE","surface",-73.897,18.5272,824
"2026-09-09 18:00:00","2026-09-10 09:00:00","CAPE","surface",-73.8731,18.5272,924
"2026-09-09 18:00:00","2026-09-10 09:00:00","CAPE","surface",-73.8492,18.5272,880
"2026-09-09 18:00:00","2026-09-10 09:00:00","CAPE","surface",-73.8252,18.5272,694
"2026-09-09 18:00:00","2026-09-10 09:00:00","CAPE","surface",-73.8013,18.5272,665
"2026-09-09 18:00:00","2026-09-10 09:00:00","CAPE","surface",-73.7774,18.5272,707
"2026-09-09 18:00:00","2026-09-10 09:00:00","CAPE","surface",-73.7535,18.5272,882
"2026-09-09 18:00:00","2026-09-10 09:00:00","CAPE","surface",-73.7295,18.5272,1075
"2026-09-09 18:00:00","2026-09-10 09:00:00","CAPE","surface",-73.7056,18.5272,1284
"2026-09-09 18:00:00","2026-09-10 09:00:00","CAPE","surface",-73.6817,18.5272,1543
"2026-09-09 18:00:00","2026-09-10 09:00:00","CAPE","surface",-73.6578,18.5272,1742
"2026-09-09 18:00:00","2026-09-10 09:00:00","CAPE","surface",-73.6338,18.5272,1742
"2026-09-09 18:00:00","2026-09-10 09:00:00","CAPE","surface",-73.6099,18.5272,1596
"2026-09-09 18:00:00","2026-09-10 09:00:00","CAPE","surface",-73.586,18.5272,1639
"2026-09-09 18:00:00","2026-09-10 09:00:00","CAPE","surface",-73.5621,18.5272,1683
"2026-09-09 18:00:00","2026-09-10 09:00:00","CAPE","surface",-73.5381,18.5272,1347
"2026-09-09 18:00:00","2026-09-10 09:00:00","CAPE","surface",-73.5142,18.5272,1622
"2026-09-09 18:00:00","2026-09-10 09:00:00","CAPE","surface",-73.4903,18.5272,1270
"2026-09-09 18:00:00","2026-09-10 09:00:00","CAPE","surface",-73.4664,18.5272,1421
"2026-09-09 18:00:00","2026-09-10 09:00:00","CAPE","surface",-73.4424,18.5272,1360
"2026-09-09 18:00:00","2026-09-10 09:00:00","CAPE","surface",-73.4185,18.5272,1499
"2026-09-09 18:00:00","2026-09-10 09:00:00","CAPE","surface",-73.3946,18.5272,1492
"2026-09-09 18:00:00","2026-09-10 09:00:00","CAPE","surface",-73.3707,18.5272,1831
"2026-09-09 18:00:00","2026-09-10 09:00:00","CAPE","surface",-73.3467,18.5272,1817
"2026-09-09 18:00:00","2026-09-10 09:00:00","CAPE","surface",-73.3228,18.5272,1907
"2026-09-09 18:00:00","2026-09-10 09:00:00","CAPE","surface",-73.2989,18.5272,1545
"2026-09-09 18:00:00","2026-09-10 09:00:00","CAPE","surface",-73.275,18.5272,1615
"2026-09-09 18:00:00","2026-09-10 09:00:00","CAPE","surface",-73.251,18.5272,1615
"2026-09-09 18:00:00","2026-09-10 09:00:00","CAPE","surface",-73.2271,18.5272,1976
"2026-09-09 18:00:00","2026-09-10 09:00:00","CAPE","surface",-73.2032,18.5272,2030
"2026-09-09 18:00:00","2026-09-10 09:00:00","CAPE","surface",-73.1793,18.5272,1982
"2026-09-09 18:00:00","2026-09-10 09:00:00","CAPE","surface",-73.1553,18.5272,2001
"2026-09-09 18:00:00","2026-09-10 09:00:00","CAPE","surface",-73.1314,18.5272,1808
"2026-09-09 18:00:00","2026-09-10 09:00:00","CAPE","surface",-73.1075,18.5272,1985
"2026-09-09 18:00:00","2026-09-10 09:00:00","CAPE","surface",-73.0836,18.5272,1693
"2026-09-09 18:00:00","2026-09-10 09:00:00","CAPE","surface",-73.0596,18.5272,1624
"2026-09-09 18:00:00","2026-09-10 09:00:00","CAPE","surface",-73.0357,18.5272,1541
"2026-09-09 18:00:00","2026-09-10 09:00:00","CAPE","surface",-73.0118,18.5272,1651
"2026-09-09 18:00:00","2026-09-10 09:00:00","CAPE","surface",-72.9879,18.5272,1651
"2026-09-09 18:00:00","2026-09-10 09:00:00","CAPE","surface",-72.9639,18.5272,1737
"2026-09-09 18:00:00","2026-09-10 09:00:00","CAPE","surface",-72.94,18.5272,1713
"2026-09-09 18:00:00","2026-09-10 09:00:00","CAPE","surface",-72.9161,18.5272,1720
"2026-09-09 18:00:00","2026-09-10 09:00:00","CAPE","surface",-72.8922,18.5272,1657
"2026-09-09 18:00:00","2026-09-10 09:00:00","CAPE","surface",-72.8682,18.5272,1842
"2026-09-09 18:00:00","2026-09-10 09:00:00","CAPE","surface",-72.8443,18.5272,1824
"2026-09-09 18:00:00","2026-09-10 09:00:00","CAPE","surface",-72.8204,18.5272,2205
"2026-09-09 18:00:00","2026-09-10 09:00:00","CAPE","surface",-72.7965,18.5272,2297
"2026-09-09 18:00:00","2026-09-10 09:00:00","CAPE","surface",-72.7725,18.5272,2507
"2026-09-09 18:00:00","2026-09-10 09:00:00","CAPE","surface",-72.7486,18.5272,2398
"2026-09-09 18:00:00","2026-09-10 09:00:00","CAPE","surface",-72.7247,18.5272,2394
"2026-09-09 18:00:00","2026-09-10 09:00:00","CAPE","surface",-72.7008,18.5272,2199
"2026-09-09 18:00:00","2026-09-10 09:00:00","CAPE","surface",-72.6768,18.5272,1923
"2026-09-09 18:00:00","2026-09-10 09:00:00","CAPE","surface",-72.6529,18.5272,1109
"2026-09-09 18:00:00","2026-09-10 09:00:00","CAPE","surface",-72.629,18.5272,941
"2026-09-09 18:00:00","2026-09-10 09:00:00","CAPE","surface",-72.6051,18.5272,1032
"2026-09-09 18:00:00","2026-09-10 09:00:00","CAPE","surface",-72.5811,18.5272,1001
"2026-09-09 18:00:00","2026-09-10 09:00:00","CAPE","surface",-72.5572,18.5272,1194
"2026-09-09 18:00:00","2026-09-10 09:00:00","CAPE","surface",-72.5333,18.5272,1354
"2026-09-09 18:00:00","2026-09-10 09:00:00","CAPE","surface",-72.5094,18.5272,1327
"2026-09-09 18:00:00","2026-09-10 09:00:00","CAPE","surface",-72.4854,18.5272,1327
"2026-09-09 18:00:00","2026-09-10 09:00:00","CAPE","surface",-72.4615,18.5272,1197
"2026-09-09 18:00:00","2026-09-10 09:00:00","CAPE","surface",-72.4376,18.5272,881
"2026-09-09 18:00:00","2026-09-10 09:00:00","CAPE","surface",-72.4137,18.5272,706
"2026-09-09 18:00:00","2026-09-10 09:00:00","CAPE","surface",-72.3897,18.5272,778
"2026-09-09 18:00:00","2026-09-10 09:00:00","CAPE","surface",-72.3658,18.5272,676
"2026-09-09 18:00:00","2026-09-10 09:00:00","CAPE","surface",-72.3419,18.5272,589
"2026-09-09 18:00:00","2026-09-10 09:00:00","CAPE","surface",-72.318,18.5272,256
"2026-09-09 18:00:00","2026-09-10 09:00:00","CAPE","surface",-72.294,18.5272,388
"2026-09-09 18:00:00","2026-09-10 09:00:00","CAPE","surface",-72.2701,18.5272,321
"2026-09-09 18:00:00","2026-09-10 09:00:00","CAPE","surface",-72.2462,18.5272,517
"2026-09-09 18:00:00","2026-09-10 09:00:00","CAPE","surface",-72.2223,18.5272,340
"2026-09-09 18:00:00","2026-09-10 09:00:00","CAPE","surface",-72.1983,18.5272,516
"2026-09-09 18:00:00","2026-09-10 09:00:00","CAPE","surface",-72.1744,18.5272,359
"2026-09-09 18:00:00","2026-09-10 09:00:00","CAPE","surface",-72.1505,18.5272,491
"2026-09-09 18:00:00","2026-09-10 09:00:00","CAPE","surface",-72.1266,18.5272,491
"2026-09-09 18:00:00","2026-09-10 09:00:00","CAPE","surface",-72.1026,18.5272,637
"2026-09-09 18:00:00","2026-09-10 09:00:00","CAPE","surface",-72.0787,18.5272,458
"2026-09-09 18:00:00","2026-09-10 09:00:00","CAPE","surface",-72.0548,18.5272,640
"2026-09-09 18:00:00","2026-09-10 09:00:00","CAPE","surface",-72.0309,18.5272,468
"2026-09-09 18:00:00","2026-09-10 09:00:00","CAPE","surface",-72.0069,18.5272,874
"2026-09-09 18:00:00","2026-09-10 09:00:00","CAPE","surface",-71.983,18.5272,874
"2026-09-09 18:00:00","2026-09-10 09:00:00","CAPE","surface",-71.9591,18.5272,1172
"2026-09-09 18:00:00","2026-09-10 09:00:00","CAPE","surface",-71.9352,18.5272,1093
"2026-09-09 18:00:00","2026-09-10 09:00:00","CAPE","surface",-71.9112,18.5272,983
"2026-09-09 18:00:00","2026-09-10 09:00:00","CAPE","surface",-71.8873,18.5272,1015
"2026-09-09 18:00:00","2026-09-10 09:00:00","CAPE","surface",-71.8634,18.5272,1015
"2026-09-09 18:00:00","2026-09-10 09:00:00","CAPE","surface",-71.8395,18.5272,1043
"2026-09-09 18:00:00","2026-09-10 09:00:00","CAPE","surface",-71.8155,18.5272,1063
"2026-09-09 18:00:00","2026-09-10 09:00:00","CAPE","surface",-71.7916,18.5272,1107
"2026-09-09 18:00:00","2026-09-10 09:00:00","CAPE","surface",-71.7677,18.5272,1129
"2026-09-09 18:00:00","2026-09-10 09:00:00","CAPE","surface",-71.7438,18.5272,1198
"2026-09-09 18:00:00","2026-09-10 09:00:00","CAPE","surface",-71.7198,18.5272,1326
"2026-09-09 18:00:00","2026-09-10 09:00:00","CAPE","surface",-71.6959,18.5272,1495
"2026-09-09 18:00:00","2026-09-10 09:00:00","CAPE","surface",-71.672,18.5272,1384
"2026-09-09 18:00:00","2026-09-10 09:00:00","CAPE","surface",-71.6481,18.5272,1069
"2026-09-09 18:00:00","2026-09-10 09:00:00","CAPE","surface",-71.6241,18.5272,1069
"2026-09-09 18:00:00","2026-09-10 09:00:00","CAPE","surface",-71.6002,18.5272,1036
"2026-09-09 18:00:00","2026-09-10 09:00:00","CAPE","surface",-71.5763,18.5272,912
"2026-09-09 18:00:00","2026-09-10 09:00:00","CAPE","surface",-71.5524,18.5272,1007
"2026-09-09 18:00:00","2026-09-10 09:00:00","CAPE","surface",-71.5284,18.5272,819
"2026-09-09 18:00:00","2026-09-10 09:00:00","CAPE","surface",-71.5045,18.5272,819
"2026-09-09 18:00:00","2026-09-10 09:00:00","CAPE","surface",-71.4806,18.5272,728
"2026-09-09 18:00:00","2026-09-10 09:00:00","CAPE","surface",-71.4567,18.5272,833
"2026-09-09 18:00:00","2026-09-10 09:00:00","CAPE","surface",-71.4327,18.5272,650
"2026-09-09 18:00:00","2026-09-10 09:00:00","CAPE","surface",-71.4088,18.5272,650
"2026-09-09 18:00:00","2026-09-10 09:00:00","CAPE","surface",-71.3849,18.5272,659
"2026-09-09 18:00:00","2026-09-10 09:00:00","CAPE","surface",-71.361,18.5272,719
"2026-09-09 18:00:00","2026-09-10 09:00:00","CAPE","surface",-71.337,18.5272,635
"2026-09-09 18:00:00","2026-09-10 09:00:00","CAPE","surface",-71.3131,18.5272,624
"2026-09-09 18:00:00","2026-09-10 09:00:00","CAPE","surface",-71.2892,18.5272,598
"2026-09-09 18:00:00","2026-09-10 09:00:00","CAPE","surface",-71.2653,18.5272,642
"2026-09-09 18:00:00","2026-09-10 09:00:00","CAPE","surface",-71.2413,18.5272,672
"2026-09-09 18:00:00","2026-09-10 09:00:00","CAPE","surface",-71.2174,18.5272,649
"2026-09-09 18:00:00","2026-09-10 09:00:00","CAPE","surface",-71.1935,18.5272,625
"2026-09-09 18:00:00","2026-09-10 09:00:00","CAPE","surface",-71.1696,18.5272,573
"2026-09-09 18:00:00","2026-09-10 09:00:00","CAPE","surface",-71.1456,18.5272,562
"2026-09-09 18:00:00","2026-09-10 09:00:00","CAPE","surface",-71.1217,18.5272,556
"2026-09-09 18:00:00","2026-09-10 09:00:00","CAPE","surface",-71.0978,18.5272,551
"2026-09-09 18:00:00","2026-09-10 09:00:00","CAPE","surface",-71.0739,18.5272,506
"2026-09-09 18:00:00","2026-09-10 09:00:00","CAPE","surface",-71.0499,18.5272,506
"2026-09-09 18:00:00","2026-09-10 09:00:00","CAPE","surface",-71.026,18.5272,511
"2026-09-09 18:00:00","2026-09-10 09:00:00","CAPE","surface",-71.0021,18.5272,550
"2026-09-09 18:00:00","2026-09-10 09:00:00","CAPE","surface",-70.9782,18.5272,589
"2026-09-09 18:00:00","2026-09-10 09:00:00","CAPE","surface",-70.9542,18.5272,558
"2026-09-09 18:00:00","2026-09-10 09:00:00","CAPE","surface",-70.9303,18.5272,558
"2026-09-09 18:00:00","2026-09-10 09:00:00","CAPE","surface",-70.9064,18.5272,607
"2026-09-09 18:00:00","2026-09-10 09:00:00","CAPE","surface",-70.8825,18.5272,601
"2026-09-09 18:00:00","2026-09-10 09:00:00","CAPE","surface",-70.8585,18.5272,575
"2026-09-09 18:00:00","2026-09-10 09:00:00","CAPE","surface",-70.8346,18.5272,569
"2026-09-09 18:00:00","2026-09-10 09:00:00","CAPE","surface",-70.8107,18.5272,496
"2026-09-09 18:00:00","2026-09-10 09:00:00","CAPE","surface",-70.7868,18.5272,524
"2026-09-09 18:00:00","2026-09-10 09:00:00","CAPE","surface",-70.7628,18.5272,467
"2026-09-09 18:00:00","2026-09-10 09:00:00","CAPE","surface",-70.7389,18.5272,477
"2026-09-09 18:00:00","2026-09-10 09:00:00","CAPE","surface",-70.715,18.5272,546
"2026-09-09 18:00:00","2026-09-10 09:00:00","CAPE","surface",-70.6911,18.5272,517
"2026-09-09 18:00:00","2026-09-10 09:00:00","CAPE","surface",-70.6671,18.5272,536
"2026-09-09 18:00:00","2026-09-10 09:00:00","CAPE","surface",-70.6432,18.5272,553
"2026-09-09 18:00:00","2026-09-10 09:00:00","CAPE","surface",-70.6193,18.5272,583
"2026-09-09 18:00:00","2026-09-10 09:00:00","CAPE","surface",-70.5954,18.5272,594
"2026-09-09 18:00:00","2026-09-10 09:00:00","CAPE","surface",-70.5714,18.5272,644
"2026-09-09 18:00:00","2026-09-10 09:00:00","CAPE","surface",-70.5475,18.5272,710
"2026-09-09 18:00:00","2026-09-10 09:00:00","CAPE","surface",-70.5236,18.5272,764
"2026-09-09 18:00:00","2026-09-10 09:00:00","CAPE","surface",-70.4997,18.5272,841
"2026-09-09 18:00:00","2026-09-10 09:00:00","CAPE","surface",-70.4757,18.5272,841
"2026-09-09 18:00:00","2026-09-10 09:00:00","CAPE","surface",-70.4518,18.5272,899
"2026-09-09 18:00:00","2026-09-10 09:00:00","CAPE","surface",-70.4279,18.5272,975
"2026-09-09 18:00:00","2026-09-10 09:00:00","CAPE","surface",-70.404,18.5272,928
"2026-09-09 18:00:00","2026-09-10 09:00:00","CAPE","surface",-70.38,18.5272,898
"2026-09-09 18:00:00","2026-09-10 09:00:00","CAPE","surface",-70.3561,18.5272,898
"2026-09-09 18:00:00","2026-09-10 09:00:00","CAPE","surface",-70.3322,18.5272,959
"2026-09-09 18:00:00","2026-09-10 09:00:00","CAPE","surface",-70.3083,18.5272,940
"2026-09-09 18:00:00","2026-09-10 09:00:00","CAPE","surface",-70.2843,18.5272,1002
"2026-09-09 18:00:00","2026-09-10 09:00:00","CAPE","surface",-70.2604,18.5272,1002
"2026-09-09 18:00:00","2026-09-10 09:00:00","CAPE","surface",-70.2365,18.5272,960
"2026-09-09 18:00:00","2026-09-10 09:00:00","CAPE","surface",-70.2126,18.5272,993
"2026-09-09 18:00:00","2026-09-10 09:00:00","CAPE","surface",-70.1886,18.5272,1017
"2026-09-09 18:00:00","2026-09-10 09:00:00","CAPE","surface",-70.1647,18.5272,1025
"2026-09-09 18:00:00","2026-09-10 09:00:00","CAPE","surface",-70.1408,18.5272,1025
"2026-09-09 18:00:00","2026-09-10 09:00:00","CAPE","surface",-70.1169,18.5272,1030
"2026-09-09 18:00:00","2026-09-10 09:00:00","CAPE","surface",-70.0929,18.5272,1107
"2026-09-09 18:00:00","2026-09-10 09:00:00","CAPE","surface",-70.069,18.5272,1207
"2026-09-09 18:00:00","2026-09-10 09:00:00","CAPE","surface",-70.0451,18.5272,1228
"2026-09-09 18:00:00","2026-09-10 09:00:00","CAPE","surface",-70.0212,18.5272,1248
"2026-09-09 18:00:00","2026-09-10 09:00:00","CAPE","surface",-69.9972,18.5272,1256
"2026-09-09 18:00:00","2026-09-10 09:00:00","CAPE","surface",-69.9733,18.5272,1322
"2026-09-09 18:00:00","2026-09-10 09:00:00","CAPE","surface",-69.9494,18.5272,1356
"2026-09-09 18:00:00","2026-09-10 09:00:00","CAPE","surface",-69.9255,18.5272,1403
"2026-09-09 18:00:00","2026-09-10 09:00:00","CAPE","surface",-69.9015,18.5272,1475
"2026-09-09 18:00:00","2026-09-10 09:00:00","CAPE","surface",-69.8776,18.5272,1497
"2026-09-09 18:00:00","2026-09-10 09:00:00","CAPE","surface",-69.8537,18.5272,1511
"2026-09-09 18:00:00","2026-09-10 09:00:00","CAPE","surface",-69.8298,18.5272,1504
"2026-09-09 18:00:00","2026-09-10 09:00:00","CAPE","surface",-69.8058,18.5272,1492
"2026-09-09 18:00:00","2026-09-10 09:00:00","CAPE","surface",-69.7819,18.5272,1499
"2026-09-09 18:00:00","2026-09-10 09:00:00","CAPE","surface",-69.758,18.5272,1599
"2026-09-09 18:00:00","2026-09-10 09:00:00","CAPE","surface",-69.7341,18.5272,1683
"2026-09-09 18:00:00","2026-09-10 09:00:00","CAPE","surface",-69.7101,18.5272,1726
"2026-09-09 18:00:00","2026-09-10 09:00:00","CAPE","surface",-69.6862,18.5272,1776
"2026-09-09 18:00:00","2026-09-10 09:00:00","CAPE","surface",-69.6623,18.5272,1797
"2026-09-09 18:00:00","2026-09-10 09:00:00","CAPE","surface",-69.6384,18.5272,1815
"2026-09-09 18:00:00","2026-09-10 09:00:00","CAPE","surface",-69.6144,18.5272,1845
"2026-09-09 18:00:00","2026-09-10 09:00:00","CAPE","surface",-69.5905,18.5272,1853
"2026-09-09 18:00:00","2026-09-10 09:00:00","CAPE","surface",-69.5666,18.5272,1880
"2026-09-09 18:00:00","2026-09-10 09:00:00","CAPE","surface",-69.5427,18.5272,1904
"2026-09-09 18:00:00","2026-09-10 09:00:00","CAPE","surface",-69.5187,18.5272,1940
"2026-09-09 18:00:00","2026-09-10 09:00:00","CAPE","surface",-69.4948,18.5272,1906
"2026-09-09 18:00:00","2026-09-10 09:00:00","CAPE","surface",-69.4709,18.5272,1938
"2026-09-09 18:00:00","2026-09-10 09:00:00","CAPE","surface",-69.447,18.5272,1953
"2026-09-09 18:00:00","2026-09-10 09:00:00","CAPE","surface",-69.423,18.5272,1975
"2026-09-09 18:00:00","2026-09-10 09:00:00","CAPE","surface",-69.3991,18.5272,2013
"2026-09-09 18:00:00","2026-09-10 09:00:00","CAPE","surface",-69.3752,18.5272,1966
"2026-09-09 18:00:00","2026-09-10 09:00:00","CAPE","surface",-69.3513,18.5272,1988
"2026-09-09 18:00:00","2026-09-10 09:00:00","CAPE","surface",-69.3273,18.5272,1969
"2026-09-09 18:00:00","2026-09-10 09:00:00","CAPE","surface",-69.3034,18.5272,2045
"2026-09-09 18:00:00","2026-09-10 09:00:00","CAPE","surface",-69.2795,18.5272,1980
"2026-09-09 18:00:00","2026-09-10 09:00:00","CAPE","surface",-69.2556,18.5272,2059
"2026-09-09 18:00:00","2026-09-10 09:00:00","CAPE","surface",-69.2316,18.5272,2041
"2026-09-09 18:00:00","2026-09-10 09:00:00","CAPE","surface",-69.2077,18.5272,2015
"2026-09-09 18:00:00","2026-09-10 09:00:00","CAPE","surface",-69.1838,18.5272,2069
"2026-09-09 18:00:00","2026-09-10 09:00:00","CAPE","surface",-69.1599,18.5272,2019
"2026-09-09 18:00:00","2026-09-10 09:00:00","CAPE","surface",-69.1359,18.5272,2069
"2026-09-09 18:00:00","2026-09-10 09:00:00","CAPE","surface",-69.112,18.5272,2083
"2026-09-09 18:00:00","2026-09-10 09:00:00","CAPE","surface",-69.0881,18.5272,2099
"2026-09-09 18:00:00","2026-09-10 09:00:00","CAPE","surface",-69.0642,18.5272,2094
"2026-09-09 18:00:00","2026-09-10 09:00:00","CAPE","surface",-69.0402,18.5272,2089
"2026-09-09 18:00:00","2026-09-10 09:00:00","CAPE","surface",-69.0163,18.5272,2119
"2026-09-09 18:00:00","2026-09-10 09:00:00","CAPE","surface",-68.9924,18.5272,2175
"2026-09-09 18:00:00","2026-09-10 09:00:00","CAPE","surface",-68.9685,18.5272,2138
"2026-09-09 18:00:00","2026-09-10 09:00:00","CAPE","surface",-68.9445,18.5272,2263
"2026-09-09 18:00:00","2026-09-10 09:00:00","CAPE","surface",-68.9206,18.5272,2223
"2026-09-09 18:00:00","2026-09-10 09:00:00","CAPE","surface",-68.8967,18.5272,2246
"2026-09-09 18:00:00","2026-09-10 09:00:00","CAPE","surface",-68.8728,18.5272,2167
"2026-09-09 18:00:00","2026-09-10 09:00:00","CAPE","surface",-68.8488,18.5272,2291
"2026-09-09 18:00:00","2026-09-10 09:00:00","CAPE","surface",-68.8249,18.5272,2327
"2026-09-09 18:00:00","2026-09-10 09:00:00","CAPE","surface",-68.801,18.5272,2193
"2026-09-09 18:00:00","2026-09-10 09:00:00","CAPE","surface",-68.7771,18.5272,2128
"2026-09-09 18:00:00","2026-09-10 09:00:00","CAPE","surface",-68.7531,18.5272,2128
"2026-09-09 18:00:00","2026-09-10 09:00:00","CAPE","surface",-68.7292,18.5272,2005
"2026-09-09 18:00:00","2026-09-10 09:00:00","CAPE","surface",-68.7053,18.5272,1845
"2026-09-09 18:00:00","2026-09-10 09:00:00","CAPE","surface",-68.6813,18.5272,1875
"2026-09-09 18:00:00","2026-09-10 09:00:00","CAPE","surface",-68.6574,18.5272,1917
"2026-09-09 18:00:00","2026-09-10 09:00:00","CAPE","surface",-68.6335,18.5272,1900
"2026-09-09 18:00:00","2026-09-10 09:00:00","CAPE","surface",-68.6096,18.5272,1939
"2026-09-09 18:00:00","2026-09-10 09:00:00","CAPE","surface",-68.5856,18.5272,2004
"2026-09-09 18:00:00","2026-09-10 09:00:00","CAPE","surface",-68.5617,18.5272,2059
"2026-09-09 18:00:00","2026-09-10 09:00:00","CAPE","surface",-68.5378,18.5272,2059
"2026-09-09 18:00:00","2026-09-10 09:00:00","CAPE","surface",-68.5139,18.5272,2116
"2026-09-09 18:00:00","2026-09-10 09:00:00","CAPE","surface",-68.4899,18.5272,2197
"2026-09-09 18:00:00","2026-09-10 09:00:00","CAPE","surface",-68.466,18.5272,2232
"2026-09-09 18:00:00","2026-09-10 09:00:00","CAPE","surface",-68.4421,18.5272,2232
"2026-09-09 18:00:00","2026-09-10 09:00:00","CAPE","surface",-68.4182,18.5272,2265
"2026-09-09 18:00:00","2026-09-10 09:00:00","CAPE","surface",-68.3942,18.5272,2314
"2026-09-09 18:00:00","2026-09-10 09:00:00","CAPE","surface",-68.3703,18.5272,2390
"2026-09-09 18:00:00","2026-09-10 09:00:00","CAPE","surface",-68.3464,18.5272,2643
"2026-09-09 18:00:00","2026-09-10 09:00:00","CAPE","surface",-68.3225,18.5272,2643
"2026-09-09 18:00:00","2026-09-10 09:00:00","CAPE","surface",-68.2985,18.5272,2738
"2026-09-09 18:00:00","2026-09-10 09:00:00","CAPE","surface",-68.2746,18.5272,2728
"2026-09-09 18:00:00","2026-09-10 09:00:00","CAPE","surface",-68.2507,18.5272,2710
"2026-09-09 18:00:00","2026-09-10 09:00:00","CAPE","surface",-68.2268,18.5272,2683
"2026-09-09 18:00:00","2026-09-10 09:00:00","CAPE","surface",-68.2028,18.5272,2654
"2026-09-09 18:00:00","2026-09-10 09:00:00","CAPE","surface",-68.1789,18.5272,2540
"2026-09-09 18:00:00","2026-09-10 09:00:00","CAPE","surface",-68.155,18.5272,2539
"2026-09-09 18:00:00","2026-09-10 09:00:00","CAPE","surface",-68.1311,18.5272,2326
"2026-09-09 18:00:00","2026-09-10 09:00:00","CAPE","surface",-68.1071,18.5272,2345
"2026-09-09 18:00:00","2026-09-10 09:00:00","CAPE","surface",-68.0832,18.5272,2215
"2026-09-09 18:00:00","2026-09-10 09:00:00","CAPE","surface",-68.0593,18.5272,2269
"2026-09-09 18:00:00","2026-09-10 09:00:00","CAPE","surface",-68.0354,18.5272,2227
"2026-09-09 18:00:00","2026-09-10 09:00:00","CAPE","surface",-68.0114,18.5272,2400
"2026-09-09 18:00:00","2026-09-10 09:00:00","CAPE","surface",-67.9875,18.5272,2423
"2026-09-09 18:00:00","2026-09-10 09:00:00","CAPE","surface",-67.9636,18.5272,2456
"2026-09-09 18:00:00","2026-09-10 09:00:00","CAPE","surface",-67.9397,18.5272,2439
"2026-09-09 18:00:00","2026-09-10 09:00:00","CAPE","surface",-67.9157,18.5272,2449
"2026-09-09 18:00:00","2026-09-10 09:00:00","CAPE","surface",-67.8918,18.5272,2446
"2026-09-09 18:00:00","2026-09-10 09:00:00","CAPE","surface",-67.8679,18.5272,2441
"2026-09-09 18:00:00","2026-09-10 09:00:00","CAPE","surface",-67.844,18.5272,2423
"2026-09-09 18:00:00","2026-09-10 09:00:00","CAPE","surface",-67.82,18.5272,2423
"2026-09-09 18:00:00","2026-09-10 09:00:00","CAPE","surface",-67.7961,18.5272,2428
"2026-09-09 18:00:00","2026-09-10 09:00:00","CAPE","surface",-67.7722,18.5272,2424
"2026-09-09 18:00:00","2026-09-10 09:00:00","CAPE","surface",-67.7483,18.5272,2473
"2026-09-09 18:00:00","2026-09-10 09:00:00","CAPE","surface",-67.7243,18.5272,2473
"2026-09-09 18:00:00","2026-09-10 09:00:00","CAPE","surface",-67.7004,18.5272,2524
"2026-09-09 18:00:00","2026-09-10 09:00:00","CAPE","surface",-67.6765,18.5272,2531
"2026-09-09 18:00:00","2026-09-10 09:00:00","CAPE","surface",-67.6526,18.5272,2479
"2026-09-09 18:00:00","2026-09-10 09:00:00","CAPE","surface",-67.6286,18.5272,2486
"2026-09-09 18:00:00","2026-09-10 09:00:00","CAPE","surface",-67.6047,18.5272,2444
"2026-09-09 18:00:00","2026-09-10 09:00:00","CAPE","surface",-67.5808,18.5272,2432
"2026-09-09 18:00:00","2026-09-10 09:00:00","CAPE","surface",-67.5569,18.5272,2406
"2026-09-09 18:00:00","2026-09-10 09:00:00","CAPE","surface",-67.5329,18.5272,2371
"2026-09-09 18:00:00","2026-09-10 09:00:00","CAPE","surface",-67.509,18.5272,2314
"2026-09-09 18:00:00","2026-09-10 09:00:00","CAPE","surface",-67.4851,18.5272,2286
"2026-09-09 18:00:00","2026-09-10 09:00:00","CAPE","surface",-67.4612,18.5272,2250
"2026-09-09 18:00:00","2026-09-10 09:00:00","CAPE","surface",-67.4372,18.5272,2231
"2026-09-09 18:00:00","2026-09-10 09:00:00","CAPE","surface",-67.4133,18.5272,2232
"2026-09-09 18:00:00","2026-09-10 09:00:00","CAPE","surface",-67.3894,18.5272,2230
"2026-09-09 18:00:00","2026-09-10 09:00:00","CAPE","surface",-67.3655,18.5272,2293
"2026-09-09 18:00:00","2026-09-10 09:00:00","CAPE","surface",-67.3415,18.5272,2337
"2026-09-09 18:00:00","2026-09-10 09:00:00","CAPE","surface",-67.3176,18.5272,2337
"2026-09-09 18:00:00","2026-09-10 09:00:00","CAPE","surface",-67.2937,18.5272,2333
"2026-09-09 18:00:00","2026-09-10 09:00:00","CAPE","surface",-67.2698,18.5272,2285
"2026-09-09 18:00:00","2026-09-10 09:00:00","CAPE","surface",-67.2458,18.5272,2295
"2026-09-09 18:00:00","2026-09-10 09:00:00","CAPE","surface",-67.2219,18.5272,2295
"2026-09-09 18:00:00","2026-09-10 09:00:00","CAPE","surface",-67.198,18.5272,2294
"2026-09-09 18:00:00","2026-09-10 09:00:00","CAPE","surface",-67.1741,18.5272,2199
"2026-09-09 18:00:00","2026-09-10 09:00:00","CAPE","surface",-67.1501,18.5272,2220
"2026-09-09 18:00:00","2026-09-10 09:00:00","CAPE","surface",-67.1262,18.5272,2308
"2026-09-09 18:00:00","2026-09-10 09:00:00","CAPE","surface",-67.1023,18.5272,2206
"2026-09-09 18:00:00","2026-09-10 09:00:00","CAPE","surface",-67.0784,18.5272,2201
"2026-09-09 18:00:00","2026-09-10 09:00:00","CAPE","surface",-67.0544,18.5272,2116
"2026-09-09 18:00:00","2026-09-10 09:00:00","CAPE","surface",-67.0305,18.5272,2325
"2026-09-09 18:00:00","2026-09-10 09:00:00","CAPE","surface",-67.0066,18.5272,2342
"2026-09-09 18:00:00","2026-09-10 09:00:00","CAPE","surface",-74.7822,18.5499,1721
"2026-09-09 18:00:00","2026-09-10 09:00:00","CAPE","surface",-74.7583,18.5499,1759
"2026-09-09 18:00:00","2026-09-10 09:00:00","CAPE","surface",-74.7344,18.5499,1750
"2026-09-09 18:00:00","2026-09-10 09:00:00","CAPE","surface",-74.7105,18.5499,1856
"2026-09-09 18:00:00","2026-09-10 09:00:00","CAPE","surface",-74.6865,18.5499,1856
"2026-09-09 18:00:00","2026-09-10 09:00:00","CAPE","surface",-74.6626,18.5499,1997
"2026-09-09 18:00:00","2026-09-10 09:00:00","CAPE","surface",-74.6387,18.5499,1974
"2026-09-09 18:00:00","2026-09-10 09:00:00","CAPE","surface",-74.6148,18.5499,2002
"2026-09-09 18:00:00","2026-09-10 09:00:00","CAPE","surface",-74.5908,18.5499,1980
"2026-09-09 18:00:00","2026-09-10 09:00:00","CAPE","surface",-74.5669,18.5499,1964
"2026-09-09 18:00:00","2026-09-10 09:00:00","CAPE","surface",-74.543,18.5499,1964
"2026-09-09 18:00:00","2026-09-10 09:00:00","CAPE","surface",-74.5191,18.5499,1976
"2026-09-09 18:00:00","2026-09-10 09:00:00","CAPE","surface",-74.4951,18.5499,1986
"2026-09-09 18:00:00","2026-09-10 09:00:00","CAPE","surface",-74.4712,18.5499,2094
"2026-09-09 18:00:00","2026-09-10 09:00:00","CAPE","surface",-74.4473,18.5499,2253
"2026-09-09 18:00:00","2026-09-10 09:00:00","CAPE","surface",-74.4234,18.5499,1920
"2026-09-09 18:00:00","2026-09-10 09:00:00","CAPE","surface",-74.3994,18.5499,1920
"2026-09-09 18:00:00","2026-09-10 09:00:00","CAPE","surface",-74.3755,18.5499,1604
"2026-09-09 18:00:00","2026-09-10 09:00:00","CAPE","surface",-74.3516,18.5499,1431
"2026-09-09 18:00:00","2026-09-10 09:00:00","CAPE","surface",-74.3277,18.5499,1338
"2026-09-09 18:00:00","2026-09-10 09:00:00","CAPE","surface",-74.3037,18.5499,1253
"2026-09-09 18:00:00","2026-09-10 09:00:00","CAPE","surface",-74.2798,18.5499,620
"2026-09-09 18:00:00","2026-09-10 09:00:00","CAPE","surface",-74.2559,18.5499,620
"2026-09-09 18:00:00","2026-09-10 09:00:00","CAPE","surface",-74.232,18.5499,647
"2026-09-09 18:00:00","2026-09-10 09:00:00","CAPE","surface",-74.208,18.5499,679
"2026-09-09 18:00:00","2026-09-10 09:00:00","CAPE","surface",-74.1841,18.5499,645
"2026-09-09 18:00:00","2026-09-10 09:00:00","CAPE","surface",-74.1602,18.5499,740
"2026-09-09 18:00:00","2026-09-10 09:00:00","CAPE","surface",-74.1363,18.5499,766
"2026-09-09 18:00:00","2026-09-10 09:00:00","CAPE","surface",-74.1123,18.5499,758
"2026-09-09 18:00:00","2026-09-10 09:00:00","CAPE","surface",-74.0884,18.5499,615
"2026-09-09 18:00:00","2026-09-10 09:00:00","CAPE","surface",-74.0645,18.5499,433
"2026-09-09 18:00:00","2026-09-10 09:00:00","CAPE","surface",-74.0406,18.5499,387
"2026-09-09 18:00:00","2026-09-10 09:00:00","CAPE","surface",-74.0166,18.5499,444
"2026-09-09 18:00:00","2026-09-10 09:00:00","CAPE","surface",-73.9927,18.5499,444
"2026-09-09 18:00:00","2026-09-10 09:00:00","CAPE","surface",-73.9688,18.5499,626
"2026-09-09 18:00:00","2026-09-10 09:00:00","CAPE","surface",-73.9449,18.5499,684
"2026-09-09 18:00:00","2026-09-10 09:00:00","CAPE","surface",-73.9209,18.5499,876
"2026-09-09 18:00:00","2026-09-10 09:00:00","CAPE","surface",-73.897,18.5499,916
"2026-09-09 18:00:00","2026-09-10 09:00:00","CAPE","surface",-73.8731,18.5499,904
"2026-09-09 18:00:00","2026-09-10 09:00:00","CAPE","surface",-73.8492,18.5499,904
"2026-09-09 18:00:00","2026-09-10 09:00:00","CAPE","surface",-73.8252,18.5499,724
"2026-09-09 18:00:00","2026-09-10 09:00:00","CAPE","surface",-73.8013,18.5499,734
"2026-09-09 18:00:00","2026-09-10 09:00:00","CAPE","surface",-73.7774,18.5499,1042
"2026-09-09 18:00:00","2026-09-10 09:00:00","CAPE","surface",-73.7535,18.5499,882
"2026-09-09 18:00:00","2026-09-10 09:00:00","CAPE","surface",-73.7295,18.5499,1348
"2026-09-09 18:00:00","2026-09-10 09:00:00","CAPE","surface",-73.7056,18.5499,1348
"2026-09-09 18:00:00","2026-09-10 09:00:00","CAPE","surface",-73.6817,18.5499,1460
"2026-09-09 18:00:00","2026-09-10 09:00:00","CAPE","surface",-73.6578,18.5499,1760
"2026-09-09 18:00:00","2026-09-10 09:00:00","CAPE","surface",-73.6338,18.5499,1743
"2026-09-09 18:00:00","2026-09-10 09:00:00","CAPE","surface",-73.6099,18.5499,1596
"2026-09-09 18:00:00","2026-09-10 09:00:00","CAPE","surface",-73.586,18.5499,1595
"2026-09-09 18:00:00","2026-09-10 09:00:00","CAPE","surface",-73.5621,18.5499,1618
"2026-09-09 18:00:00","2026-09-10 09:00:00","CAPE","surface",-73.5381,18.5499,1639
"2026-09-09 18:00:00","2026-09-10 09:00:00","CAPE","surface",-73.5142,18.5499,1622
"2026-09-09 18:00:00","2026-09-10 09:00:00","CAPE","surface",-73.4903,18.5499,1569
"2026-09-09 18:00:00","2026-09-10 09:00:00","CAPE","surface",-73.4664,18.5499,1799
"2026-09-09 18:00:00","2026-09-10 09:00:00","CAPE","surface",-73.4424,18.5499,1799
"2026-09-09 18:00:00","2026-09-10 09:00:00","CAPE","surface",-73.4185,18.5499,1940
"2026-09-09 18:00:00","2026-09-10 09:00:00","CAPE","surface",-73.3946,18.5499,1868
"2026-09-09 18:00:00","2026-09-10 09:00:00","CAPE","surface",-73.3707,18.5499,1936
"2026-09-09 18:00:00","2026-09-10 09:00:00","CAPE","surface",-73.3467,18.5499,1937
"2026-09-09 18:00:00","2026-09-10 09:00:00","CAPE","surface",-73.3228,18.5499,1925
"2026-09-09 18:00:00","2026-09-10 09:00:00","CAPE","surface",-73.2989,18.5499,1906
"2026-09-09 18:00:00","2026-09-10 09:00:00","CAPE","surface",-73.275,18.5499,1742
"2026-09-09 18:00:00","2026-09-10 09:00:00","CAPE","surface",-73.251,18.5499,1764
"2026-09-09 18:00:00","2026-09-10 09:00:00","CAPE","surface",-73.2271,18.5499,2086
"2026-09-09 18:00:00","2026-09-10 09:00:00","CAPE","surface",-73.2032,18.5499,2086
"2026-09-09 18:00:00","2026-09-10 09:00:00","CAPE","surface",-73.1793,18.5499,2248
"2026-09-09 18:00:00","2026-09-10 09:00:00","CAPE","surface",-73.1553,18.5499,2099
"2026-09-09 18:00:00","2026-09-10 09:00:00","CAPE","surface",-73.1314,18.5499,2063
"2026-09-09 18:00:00","2026-09-10 09:00:00","CAPE","surface",-73.1075,18.5499,1985
"2026-09-09 18:00:00","2026-09-10 09:00:00","CAPE","surface",-73.0836,18.5499,1866
"2026-09-09 18:00:00","2026-09-10 09:00:00","CAPE","surface",-73.0596,18.5499,1866
"2026-09-09 18:00:00","2026-09-10 09:00:00","CAPE","surface",-73.0357,18.5499,1883
"2026-09-09 18:00:00","2026-09-10 09:00:00","CAPE","surface",-73.0118,18.5499,1700
"2026-09-09 18:00:00","2026-09-10 09:00:00","CAPE","surface",-72.9879,18.5499,1823
"2026-09-09 18:00:00","2026-09-10 09:00:00","CAPE","surface",-72.9639,18.5499,1737
"2026-09-09 18:00:00","2026-09-10 09:00:00","CAPE","surface",-72.94,18.5499,1939
"2026-09-09 18:00:00","2026-09-10 09:00:00","CAPE","surface",-72.9161,18.5499,2090
"2026-09-09 18:00:00","2026-09-10 09:00:00","CAPE","surface",-72.8922,18.5499,1931
"2026-09-09 18:00:00","2026-09-10 09:00:00","CAPE","surface",-72.8682,18.5499,2231
"2026-09-09 18:00:00","2026-09-10 09:00:00","CAPE","surface",-72.8443,18.5499,2195
"2026-09-09 18:00:00","2026-09-10 09:00:00","CAPE","surface",-72.8204,18.5499,2496
"2026-09-09 18:00:00","2026-09-10 09:00:00","CAPE","surface",-72.7965,18.5499,2521
"2026-09-09 18:00:00","2026-09-10 09:00:00","CAPE","surface",-72.7725,18.5499,2490
"2026-09-09 18:00:00","2026-09-10 09:00:00","CAPE","surface",-72.7486,18.5499,2466
"2026-09-09 18:00:00","2026-09-10 09:00:00","CAPE","surface",-72.7247,18.5499,2323
"2026-09-09 18:00:00","2026-09-10 09:00:00","CAPE","surface",-72.7008,18.5499,2199
"2026-09-09 18:00:00","2026-09-10 09:00:00","CAPE","surface",-72.6768,18.5499,2156
"2026-09-09 18:00:00","2026-09-10 09:00:00","CAPE","surface",-72.6529,18.5499,1681
"2026-09-09 18:00:00","2026-09-10 09:00:00","CAPE","surface",-72.629,18.5499,1249
"2026-09-09 18:00:00","2026-09-10 09:00:00","CAPE","surface",-72.6051,18.5499,1032
"2026-09-09 18:00:00","2026-09-10 09:00:00","CAPE","surface",-72.5811,18.5499,1035
"2026-09-09 18:00:00","2026-09-10 09:00:00","CAPE","surface",-72.5572,18.5499,1035
"2026-09-09 18:00:00","2026-09-10 09:00:00","CAPE","surface",-72.5333,18.5499,1196
"2026-09-09 18:00:00","2026-09-10 09:00:00","CAPE","surface",-72.5094,18.5499,1238
"2026-09-09 18:00:00","2026-09-10 09:00:00","CAPE","surface",-72.4854,18.5499,1203
"2026-09-09 18:00:00","2026-09-10 09:00:00","CAPE","surface",-72.4615,18.5499,1092
"2026-09-09 18:00:00","2026-09-10 09:00:00","CAPE","surface",-72.4376,18.5499,1092
"2026-09-09 18:00:00","2026-09-10 09:00:00","CAPE","surface",-72.4137,18.5499,1046
"2026-09-09 18:00:00","2026-09-10 09:00:00","CAPE","surface",-72.3897,18.5499,630
"2026-09-09 18:00:00","2026-09-10 09:00:00","CAPE","surface",-72.3658,18.5499,635
"2026-09-09 18:00:00","2026-09-10 09:00:00","CAPE","surface",-72.3419,18.5499,464
"2026-09-09 18:00:00","2026-09-10 09:00:00","CAPE","surface",-72.318,18.5499,540
"2026-09-09 18:00:00","2026-09-10 09:00:00","CAPE","surface",-72.294,18.5499,437
"2026-09-09 18:00:00","2026-09-10 09:00:00","CAPE","surface",-72.2701,18.5499,633
"2026-09-09 18:00:00","2026-09-10 09:00:00","CAPE","surface",-72.2462,18.5499,517
"2026-09-09 18:00:00","2026-09-10 09:00:00","CAPE","surface",-72.2223,18.5499,701
"2026-09-09 18:00:00","2026-09-10 09:00:00","CAPE","surface",-72.1983,18.5499,701
"2026-09-09 18:00:00","2026-09-10 09:00:00","CAPE","surface",-72.1744,18.5499,801
"2026-09-09 18:00:00","2026-09-10 09:00:00","CAPE","surface",-72.1505,18.5499,655
"2026-09-09 18:00:00","2026-09-10 09:00:00","CAPE","surface",-72.1266,18.5499,800
"2026-09-09 18:00:00","2026-09-10 09:00:00","CAPE","surface",-72.1026,18.5499,637
"2026-09-09 18:00:00","2026-09-10 09:00:00","CAPE","surface",-72.0787,18.5499,817
"2026-09-09 18:00:00","2026-09-10 09:00:00","CAPE","surface",-72.0548,18.5499,1108
"2026-09-09 18:00:00","2026-09-10 09:00:00","CAPE","surface",-72.0309,18.5499,1092
"2026-09-09 18:00:00","2026-09-10 09:00:00","CAPE","surface",-72.0069,18.5499,1109
"2026-09-09 18:00:00","2026-09-10 09:00:00","CAPE","surface",-71.983,18.5499,1069
"2026-09-09 18:00:00","2026-09-10 09:00:00","CAPE","surface",-71.9591,18.5499,972
"2026-09-09 18:00:00","2026-09-10 09:00:00","CAPE","surface",-71.9352,18.5499,972
"2026-09-09 18:00:00","2026-09-10 09:00:00","CAPE","surface",-71.9112,18.5499,978
"2026-09-09 18:00:00","2026-09-10 09:00:00","CAPE","surface",-71.8873,18.5499,1001
"2026-09-09 18:00:00","2026-09-10 09:00:00","CAPE","surface",-71.8634,18.5499,1022
"2026-09-09 18:00:00","2026-09-10 09:00:00","CAPE","surface",-71.8395,18.5499,1043
"2026-09-09 18:00:00","2026-09-10 09:00:00","CAPE","surface",-71.8155,18.5499,1044
"2026-09-09 18:00:00","2026-09-10 09:00:00","CAPE","surface",-71.7916,18.5499,1077
"2026-09-09 18:00:00","2026-09-10 09:00:00","CAPE","surface",-71.7677,18.5499,1124
"2026-09-09 18:00:00","2026-09-10 09:00:00","CAPE","surface",-71.7438,18.5499,1137
"2026-09-09 18:00:00","2026-09-10 09:00:00","CAPE","surface",-71.7198,18.5499,1349
"2026-09-09 18:00:00","2026-09-10 09:00:00","CAPE","surface",-71.6959,18.5499,1000
"2026-09-09 18:00:00","2026-09-10 09:00:00","CAPE","surface",-71.672,18.5499,1039
"2026-09-09 18:00:00","2026-09-10 09:00:00","CAPE","surface",-71.6481,18.5499,1038
"2026-09-09 18:00:00","2026-09-10 09:00:00","CAPE","surface",-71.6241,18.5499,1037
"2026-09-09 18:00:00","2026-09-10 09:00:00","CAPE","surface",-71.6002,18.5499,847
"2026-09-09 18:00:00","2026-09-10 09:00:00","CAPE","surface",-71.5763,18.5499,847
"2026-09-09 18:00:00","2026-09-10 09:00:00","CAPE","surface",-71.5524,18.5499,528
"2026-09-09 18:00:00","2026-09-10 09:00:00","CAPE","surface",-71.5284,18.5499,710
"2026-09-09 18:00:00","2026-09-10 09:00:00","CAPE","surface",-71.5045,18.5499,535
"2026-09-09 18:00:00","2026-09-10 09:00:00","CAPE","surface",-71.4806,18.5499,728
"2026-09-09 18:00:00","2026-09-10 09:00:00","CAPE","surface",-71.4567,18.5499,504
"2026-09-09 18:00:00","2026-09-10 09:00:00","CAPE","surface",-71.4327,18.5499,520
"2026-09-09 18:00:00","2026-09-10 09:00:00","CAPE","surface",-71.4088,18.5499,662
"2026-09-09 18:00:00","2026-09-10 09:00:00","CAPE","surface",-71.3849,18.5499,612
"2026-09-09 18:00:00","2026-09-10 09:00:00","CAPE","surface",-71.361,18.5499,617
"2026-09-09 18:00:00","2026-09-10 09:00:00","CAPE","surface",-71.337,18.5499,526
"2026-09-09 18:00:00","2026-09-10 09:00:00","CAPE","surface",-71.3131,18.5499,576
"2026-09-09 18:00:00","2026-09-10 09:00:00","CAPE","surface",-71.2892,18.5499,611
"2026-09-09 18:00:00","2026-09-10 09:00:00","CAPE","surface",-71.2653,18.5499,642
"2026-09-09 18:00:00","2026-09-10 09:00:00","CAPE","surface",-71.2413,18.5499,635
"2026-09-09 18:00:00","2026-09-10 09:00:00","CAPE","surface",-71.2174,18.5499,660
"2026-09-09 18:00:00","2026-09-10 09:00:00","CAPE","surface",-71.1935,18.5499,595
"2026-09-09 18:00:00","2026-09-10 09:00:00","CAPE","surface",-71.1696,18.5499,573
"2026-09-09 18:00:00","2026-09-10 09:00:00","CAPE","surface",-71.1456,18.5499,534
"2026-09-09 18:00:00","2026-09-10 09:00:00","CAPE","surface",-71.1217,18.5499,534
"2026-09-09 18:00:00","2026-09-10 09:00:00","CAPE","surface",-71.0978,18.5499,550
"2026-09-09 18:00:00","2026-09-10 09:00:00","CAPE","surface",-71.0739,18.5499,488
"2026-09-09 18:00:00","2026-09-10 09:00:00","CAPE","surface",-71.0499,18.5499,462
"2026-09-09 18:00:00","2026-09-10 09:00:00","CAPE","surface",-71.026,18.5499,525
"2026-09-09 18:00:00","2026-09-10 09:00:00","CAPE","surface",-71.0021,18.5499,525
"2026-09-09 18:00:00","2026-09-10 09:00:00","CAPE","surface",-70.9782,18.5499,501
"2026-09-09 18:00:00","2026-09-10 09:00:00","CAPE","surface",-70.9542,18.5499,524
"2026-09-09 18:00:00","2026-09-10 09:00:00","CAPE","surface",-70.9303,18.5499,604
"2026-09-09 18:00:00","2026-09-10 09:00:00","CAPE","surface",-70.9064,18.5499,607
"2026-09-09 18:00:00","2026-09-10 09:00:00","CAPE","surface",-70.8825,18.5499,601
"2026-09-09 18:00:00","2026-09-10 09:00:00","CAPE","surface",-70.8585,18.5499,593
"2026-09-09 18:00:00","2026-09-10 09:00:00","CAPE","surface",-70.8346,18.5499,475
"2026-09-09 18:00:00","2026-09-10 09:00:00","CAPE","surface",-70.8107,18.5499,455
"2026-09-09 18:00:00","2026-09-10 09:00:00","CAPE","surface",-70.7868,18.5499,466
"2026-09-09 18:00:00","2026-09-10 09:00:00","CAPE","surface",-70.7628,18.5499,429
"2026-09-09 18:00:00","2026-09-10 09:00:00","CAPE","surface",-70.7389,18.5499,393
"2026-09-09 18:00:00","2026-09-10 09:00:00","CAPE","surface",-70.715,18.5499,462
"2026-09-09 18:00:00","2026-09-10 09:00:00","CAPE","surface",-70.6911,18.5499,517
"2026-09-09 18:00:00","2026-09-10 09:00:00","CAPE","surface",-70.6671,18.5499,502
"2026-09-09 18:00:00","2026-09-10 09:00:00","CAPE","surface",-70.6432,18.5499,530
"2026-09-09 18:00:00","2026-09-10 09:00:00","CAPE","surface",-70.6193,18.5499,558
"2026-09-09 18:00:00","2026-09-10 09:00:00","CAPE","surface",-70.5954,18.5499,594
"2026-09-09 18:00:00","2026-09-10 09:00:00","CAPE","surface",-70.5714,18.5499,651
"2026-09-09 18:00:00","2026-09-10 09:00:00","CAPE","surface",-70.5475,18.5499,672
"2026-09-09 18:00:00","2026-09-10 09:00:00","CAPE","surface",-70.5236,18.5499,744
"2026-09-09 18:00:00","2026-09-10 09:00:00","CAPE","surface",-70.4997,18.5499,813
"2026-09-09 18:00:00","2026-09-10 09:00:00","CAPE","surface",-70.4757,18.5499,863
"2026-09-09 18:00:00","2026-09-10 09:00:00","CAPE","surface",-70.4518,18.5499,926
"2026-09-09 18:00:00","2026-09-10 09:00:00","CAPE","surface",-70.4279,18.5499,926
"2026-09-09 18:00:00","2026-09-10 09:00:00","CAPE","surface",-70.404,18.5499,939
"2026-09-09 18:00:00","2026-09-10 09:00:00","CAPE","surface",-70.38,18.5499,909
"2026-09-09 18:00:00","2026-09-10 09:00:00","CAPE","surface",-70.3561,18.5499,956
"2026-09-09 18:00:00","2026-09-10 09:00:00","CAPE","surface",-70.3322,18.5499,959
"2026-09-09 18:00:00","2026-09-10 09:00:00","CAPE","surface",-70.3083,18.5499,980
"2026-09-09 18:00:00","2026-09-10 09:00:00","CAPE","surface",-70.2843,18.5499,975
"2026-09-09 18:00:00","2026-09-10 09:00:00","CAPE","surface",-70.2604,18.5499,970
"2026-09-09 18:00:00","2026-09-10 09:00:00","CAPE","surface",-70.2365,18.5499,961
"2026-09-09 18:00:00","2026-09-10 09:00:00","CAPE","surface",-70.2126,18.5499,961
"2026-09-09 18:00:00","2026-09-10 09:00:00","CAPE","surface",-70.1886,18.5499,981
"2026-09-09 18:00:00","2026-09-10 09:00:00","CAPE","surface",-70.1647,18.5499,997
"2026-09-09 18:00:00","2026-09-10 09:00:00","CAPE","surface",-70.1408,18.5499,974
"2026-09-09 18:00:00","2026-09-10 09:00:00","CAPE","surface",-70.1169,18.5499,1030
"2026-09-09 18:00:00","2026-09-10 09:00:00","CAPE","surface",-70.0929,18.5499,1034
"2026-09-09 18:00:00","2026-09-10 09:00:00","CAPE","surface",-70.069,18.5499,1138
"2026-09-09 18:00:00","2026-09-10 09:00:00","CAPE","surface",-70.0451,18.5499,1252
"2026-09-09 18:00:00","2026-09-10 09:00:00","CAPE","surface",-70.0212,18.5499,1283
"2026-09-09 18:00:00","2026-09-10 09:00:00","CAPE","surface",-69.9972,18.5499,1283
"2026-09-09 18:00:00","2026-09-10 09:00:00","CAPE","surface",-69.9733,18.5499,1357
"2026-09-09 18:00:00","2026-09-10 09:00:00","CAPE","surface",-69.9494,18.5499,1373
"2026-09-09 18:00:00","2026-09-10 09:00:00","CAPE","surface",-69.9255,18.5499,1443
"2026-09-09 18:00:00","2026-09-10 09:00:00","CAPE","surface",-69.9015,18.5499,1475
"2026-09-09 18:00:00","2026-09-10 09:00:00","CAPE","surface",-69.8776,18.5499,1499
"2026-09-09 18:00:00","2026-09-10 09:00:00","CAPE","surface",-69.8537,18.5499,1525
"2026-09-09 18:00:00","2026-09-10 09:00:00","CAPE","surface",-69.8298,18.5499,1510
"2026-09-09 18:00:00","2026-09-10 09:00:00","CAPE","surface",-69.8058,18.5499,1492
"2026-09-09 18:00:00","2026-09-10 09:00:00","CAPE","surface",-69.7819,18.5499,1524
"2026-09-09 18:00:00","2026-09-10 09:00:00","CAPE","surface",-69.758,18.5499,1582
"2026-09-09 18:00:00","2026-09-10 09:00:00","CAPE","surface",-69.7341,18.5499,1653
"2026-09-09 18:00:00","2026-09-10 09:00:00","CAPE","surface",-69.7101,18.5499,1746
"2026-09-09 18:00:00","2026-09-10 09:00:00","CAPE","surface",-69.6862,18.5499,1776
"2026-09-09 18:00:00","2026-09-10 09:00:00","CAPE","surface",-69.6623,18.5499,1772
"2026-09-09 18:00:00","2026-09-10 09:00:00","CAPE","surface",-69.6384,18.5499,1791
"2026-09-09 18:00:00","2026-09-10 09:00:00","CAPE","surface",-69.6144,18.5499,1825
"2026-09-09 18:00:00","2026-09-10 09:00:00","CAPE","surface",-69.5905,18.5499,1853
"2026-09-09 18:00:00","2026-09-10 09:00:00","CAPE","surface",-69.5666,18.5499,1865
"2026-09-09 18:00:00","2026-09-10 09:00:00","CAPE","surface",-69.5427,18.5499,1823
"2026-09-09 18:00:00","2026-09-10 09:00:00","CAPE","surface",-69.5187,18.5499,1872
"2026-09-09 18:00:00","2026-09-10 09:00:00","CAPE","surface",-69.4948,18.5499,1874
"2026-09-09 18:00:00","2026-09-10 09:00:00","CAPE","surface",-69.4709,18.5499,1910
"2026-09-09 18:00:00","2026-09-10 09:00:00","CAPE","surface",-69.447,18.5499,1902
"2026-09-09 18:00:00","2026-09-10 09:00:00","CAPE","surface",-69.423,18.5499,1938
"2026-09-09 18:00:00","2026-09-10 09:00:00","CAPE","surface",-69.3991,18.5499,1951
"2026-09-09 18:00:00","2026-09-10 09:00:00","CAPE","surface",-69.3752,18.5499,1966
"2026-09-09 18:00:00","2026-09-10 09:00:00","CAPE","surface",-69.3513,18.5499,1938
"2026-09-09 18:00:00","2026-09-10 09:00:00","CAPE","surface",-69.3273,18.5499,1910
"2026-09-09 18:00:00","2026-09-10 09:00:00","CAPE","surface",-69.3034,18.5499,1938
"2026-09-09 18:00:00","2026-09-10 09:00:00","CAPE","surface",-69.2795,18.5499,1926
"2026-09-09 18:00:00","2026-09-10 09:00:00","CAPE","surface",-69.2556,18.5499,1976
"2026-09-09 18:00:00","2026-09-10 09:00:00","CAPE","surface",-69.2316,18.5499,1935
"2026-09-09 18:00:00","2026-09-10 09:00:00","CAPE","surface",-69.2077,18.5499,1968
"2026-09-09 18:00:00","2026-09-10 09:00:00","CAPE","surface",-69.1838,18.5499,1977
"2026-09-09 18:00:00","2026-09-10 09:00:00","CAPE","surface",-69.1599,18.5499,2019
"2026-09-09 18:00:00","2026-09-10 09:00:00","CAPE","surface",-69.1359,18.5499,2047
"2026-09-09 18:00:00","2026-09-10 09:00:00","CAPE","surface",-69.112,18.5499,2057
"2026-09-09 18:00:00","2026-09-10 09:00:00","CAPE","surface",-69.0881,18.5499,2083
"2026-09-09 18:00:00","2026-09-10 09:00:00","CAPE","surface",-69.0642,18.5499,2127
"2026-09-09 18:00:00","2026-09-10 09:00:00","CAPE","surface",-69.0402,18.5499,2129
"2026-09-09 18:00:00","2026-09-10 09:00:00","CAPE","surface",-69.0163,18.5499,2197
"2026-09-09 18:00:00","2026-09-10 09:00:00","CAPE","surface",-68.9924,18.5499,2202
"2026-09-09 18:00:00","2026-09-10 09:00:00","CAPE","surface",-68.9685,18.5499,2300
"2026-09-09 18:00:00","2026-09-10 09:00:00","CAPE","surface",-68.9445,18.5499,2263
"2026-09-09 18:00:00","2026-09-10 09:00:00","CAPE","surface",-68.9206,18.5499,2362
"2026-09-09 18:00:00","2026-09-10 09:00:00","CAPE","surface",-68.8967,18.5499,2413
"2026-09-09 18:00:00","2026-09-10 09:00:00","CAPE","surface",-68.8728,18.5499,2363
"2026-09-09 18:00:00","2026-09-10 09:00:00","CAPE","surface",-68.8488,18.5499,2395
"2026-09-09 18:00:00","2026-09-10 09:00:00","CAPE","surface",-68.8249,18.5499,2327
"2026-09-09 18:00:00","2026-09-10 09:00:00","CAPE","surface",-68.801,18.5499,2412
"2026-09-09 18:00:00","2026-09-10 09:00:00","CAPE","surface",-68.7771,18.5499,2326
"2026-09-09 18:00:00","2026-09-10 09:00:00","CAPE","surface",-68.7531,18.5499,2291
"2026-09-09 18:00:00","2026-09-10 09:00:00","CAPE","surface",-68.7292,18.5499,2005
"2026-09-09 18:00:00","2026-09-10 09:00:00","CAPE","surface",-68.7053,18.5499,2183
"2026-09-09 18:00:00","2026-09-10 09:00:00","CAPE","surface",-68.6813,18.5499,1991
"2026-09-09 18:00:00","2026-09-10 09:00:00","CAPE","surface",-68.6574,18.5499,1890
"2026-09-09 18:00:00","2026-09-10 09:00:00","CAPE","surface",-68.6335,18.5499,1908
"2026-09-09 18:00:00","2026-09-10 09:00:00","CAPE","surface",-68.6096,18.5499,1908
"2026-09-09 18:00:00","2026-09-10 09:00:00","CAPE","surface",-68.5856,18.5499,1948
"2026-09-09 18:00:00","2026-09-10 09:00:00","CAPE","surface",-68.5617,18.5499,1982
"2026-09-09 18:00:00","2026-09-10 09:00:00","CAPE","surface",-68.5378,18.5499,2033
"2026-09-09 18:00:00","2026-09-10 09:00:00","CAPE","surface",-68.5139,18.5499,2073
"2026-09-09 18:00:00","2026-09-10 09:00:00","CAPE","surface",-68.4899,18.5499,2073
"2026-09-09 18:00:00","2026-09-10 09:00:00","CAPE","surface",-68.466,18.5499,2109
"2026-09-09 18:00:00","2026-09-10 09:00:00","CAPE","surface",-68.4421,18.5499,2187
"2026-09-09 18:00:00","2026-09-10 09:00:00","CAPE","surface",-68.4182,18.5499,2253
"2026-09-09 18:00:00","2026-09-10 09:00:00","CAPE","surface",-68.3942,18.5499,2253
"2026-09-09 18:00:00","2026-09-10 09:00:00","CAPE","surface",-68.3703,18.5499,2336
"2026-09-09 18:00:00","2026-09-10 09:00:00","CAPE","surface",-68.3464,18.5499,2457
"2026-09-09 18:00:00","2026-09-10 09:00:00","CAPE","surface",-68.3225,18.5499,2740
"2026-09-09 18:00:00","2026-09-10 09:00:00","CAPE","surface",-68.2985,18.5499,2744
"2026-09-09 18:00:00","2026-09-10 09:00:00","CAPE","surface",-68.2746,18.5499,2740
"2026-09-09 18:00:00","2026-09-10 09:00:00","CAPE","surface",-68.2507,18.5499,2699
"2026-09-09 18:00:00","2026-09-10 09:00:00","CAPE","surface",-68.2268,18.5499,2683
"2026-09-09 18:00:00","2026-09-10 09:00:00","CAPE","surface",-68.2028,18.5499,2557
"2026-09-09 18:00:00","2026-09-10 09:00:00","CAPE","surface",-68.1789,18.5499,2557
"2026-09-09 18:00:00","2026-09-10 09:00:00","CAPE","surface",-68.155,18.5499,2322
"2026-09-09 18:00:00","2026-09-10 09:00:00","CAPE","surface",-68.1311,18.5499,2168
"2026-09-09 18:00:00","2026-09-10 09:00:00","CAPE","surface",-68.1071,18.5499,2170
"2026-09-09 18:00:00","2026-09-10 09:00:00","CAPE","surface",-68.0832,18.5499,2145
"2026-09-09 18:00:00","2026-09-10 09:00:00","CAPE","surface",-68.0593,18.5499,2175
"2026-09-09 18:00:00","2026-09-10 09:00:00","CAPE","surface",-68.0354,18.5499,2375
"2026-09-09 18:00:00","2026-09-10 09:00:00","CAPE","surface",-68.0114,18.5499,2400
"2026-09-09 18:00:00","2026-09-10 09:00:00","CAPE","surface",-67.9875,18.5499,2530
"2026-09-09 18:00:00","2026-09-10 09:00:00","CAPE","surface",-67.9636,18.5499,2494
"2026-09-09 18:00:00","2026-09-10 09:00:00","CAPE","surface",-67.9397,18.5499,2474
"2026-09-09 18:00:00","2026-09-10 09:00:00","CAPE","surface",-67.9157,18.5499,2435
"2026-09-09 18:00:00","2026-09-10 09:00:00","CAPE","surface",-67.8918,18.5499,2435
"2026-09-09 18:00:00","2026-09-10 09:00:00","CAPE","surface",-67.8679,18.5499,2428
"2026-09-09 18:00:00","2026-09-10 09:00:00","CAPE","surface",-67.844,18.5499,2427
"2026-09-09 18:00:00","2026-09-10 09:00:00","CAPE","surface",-67.82,18.5499,2416
"2026-09-09 18:00:00","2026-09-10 09:00:00","CAPE","surface",-67.7961,18.5499,2416
"2026-09-09 18:00:00","2026-09-10 09:00:00","CAPE","surface",-67.7722,18.5499,2471
"2026-09-09 18:00:00","2026-09-10 09:00:00","CAPE","surface",-67.7483,18.5499,2524
"2026-09-09 18:00:00","2026-09-10 09:00:00","CAPE","surface",-67.7243,18.5499,2531
"2026-09-09 18:00:00","2026-09-10 09:00:00","CAPE","surface",-67.7004,18.5499,2567
"2026-09-09 18:00:00","2026-09-10 09:00:00","CAPE","surface",-67.6765,18.5499,2567
"2026-09-09 18:00:00","2026-09-10 09:00:00","CAPE","surface",-67.6526,18.5499,2563
"2026-09-09 18:00:00","2026-09-10 09:00:00","CAPE","surface",-67.6286,18.5499,2486
"2026-09-09 18:00:00","2026-09-10 09:00:00","CAPE","surface",-67.6047,18.5499,2451
"2026-09-09 18:00:00","2026-09-10 09:00:00","CAPE","surface",-67.5808,18.5499,2437
"2026-09-09 18:00:00","2026-09-10 09:00:00","CAPE","surface",-67.5569,18.5499,2402
"2026-09-09 18:00:00","2026-09-10 09:00:00","CAPE","surface",-67.5329,18.5499,2334
"2026-09-09 18:00:00","2026-09-10 09:00:00","CAPE","surface",-67.509,18.5499,2314
"2026-09-09 18:00:00","2026-09-10 09:00:00","CAPE","surface",-67.4851,18.5499,2313
"2026-09-09 18:00:00","2026-09-10 09:00:00","CAPE","surface",-67.4612,18.5499,2287
"2026-09-09 18:00:00","2026-09-10 09:00:00","CAPE","surface",-67.4372,18.5499,2258
"2026-09-09 18:00:00","2026-09-10 09:00:00","CAPE","surface",-67.4133,18.5499,2312
"2026-09-09 18:00:00","2026-09-10 09:00:00","CAPE","surface",-67.3894,18.5499,2312
"2026-09-09 18:00:00","2026-09-10 09:00:00","CAPE","surface",-67.3655,18.5499,2401
"2026-09-09 18:00:00","2026-09-10 09:00:00","CAPE","surface",-67.3415,18.5499,2376
"2026-09-09 18:00:00","2026-09-10 09:00:00","CAPE","surface",-67.3176,18.5499,2376
"2026-09-09 18:00:00","2026-09-10 09:00:00","CAPE","surface",-67.2937,18.5499,2376
"2026-09-09 18:00:00","2026-09-10 09:00:00","CAPE","surface",-67.2698,18.5499,2343
"2026-09-09 18:00:00","2026-09-10 09:00:00","CAPE","surface",-67.2458,18.5499,2327
"2026-09-09 18:00:00","2026-09-10 09:00:00","CAPE","surface",-67.2219,18.5499,2331
"2026-09-09 18:00:00","2026-09-10 09:00:00","CAPE","surface",-67.198,18.5499,2353
"2026-09-09 18:00:00","2026-09-10 09:00:00","CAPE","surface",-67.1741,18.5499,2344
"2026-09-09 18:00:00","2026-09-10 09:00:00","CAPE","surface",-67.1501,18.5499,2349
"2026-09-09 18:00:00","2026-09-10 09:00:00","CAPE","surface",-67.1262,18.5499,2308
"2026-09-09 18:00:00","2026-09-10 09:00:00","CAPE","surface",-67.1023,18.5499,2343
"2026-09-09 18:00:00","2026-09-10 09:00:00","CAPE","surface",-67.0784,18.5499,2308
"2026-09-09 18:00:00","2026-09-10 09:00:00","CAPE","surface",-67.0544,18.5499,2354
"2026-09-09 18:00:00","2026-09-10 09:00:00","CAPE","surface",-67.0305,18.5499,2392
"2026-09-09 18:00:00","2026-09-10 09:00:00","CAPE","surface",-67.0066,18.5499,2392
"2026-09-09 18:00:00","2026-09-10 09:00:00","CAPE","surface",-74.7822,18.5726,1805
"2026-09-09 18:00:00","2026-09-10 09:00:00","CAPE","surface",-74.7583,18.5726,1805
"2026-09-09 18:00:00","2026-09-10 09:00:00","CAPE","surface",-74.7344,18.5726,1920
"2026-09-09 18:00:00","2026-09-10 09:00:00","CAPE","surface",-74.7105,18.5726,1864
"2026-09-09 18:00:00","2026-09-10 09:00:00","CAPE","surface",-74.6865,18.5726,2011
"2026-09-09 18:00:00","2026-09-10 09:00:00","CAPE","surface",-74.6626,18.5726,2027
"2026-09-09 18:00:00","2026-09-10 09:00:00","CAPE","surface",-74.6387,18.5726,2039
"2026-09-09 18:00:00","2026-09-10 09:00:00","CAPE","surface",-74.6148,18.5726,1945
"2026-09-09 18:00:00","2026-09-10 09:00:00","CAPE","surface",-74.5908,18.5726,1964
"2026-09-09 18:00:00","2026-09-10 09:00:00","CAPE","surface",-74.5669,18.5726,1898
"2026-09-09 18:00:00","2026-09-10 09:00:00","CAPE","surface",-74.543,18.5726,1962
"2026-09-09 18:00:00","2026-09-10 09:00:00","CAPE","surface",-74.5191,18.5726,1955
"2026-09-09 18:00:00","2026-09-10 09:00:00","CAPE","surface",-74.4951,18.5726,1968
"2026-09-09 18:00:00","2026-09-10 09:00:00","CAPE","surface",-74.4712,18.5726,1959
"2026-09-09 18:00:00","2026-09-10 09:00:00","CAPE","surface",-74.4473,18.5726,2102
"2026-09-09 18:00:00","2026-09-10 09:00:00","CAPE","surface",-74.4234,18.5726,2164
"2026-09-09 18:00:00","2026-09-10 09:00:00","CAPE","surface",-74.3994,18.5726,2013
"2026-09-09 18:00:00","2026-09-10 09:00:00","CAPE","surface",-74.3755,18.5726,1559
"2026-09-09 18:00:00","2026-09-10 09:00:00","CAPE","surface",-74.3516,18.5726,1440
"2026-09-09 18:00:00","2026-09-10 09:00:00","CAPE","surface",-74.3277,18.5726,1417
"2026-09-09 18:00:00","2026-09-10 09:00:00","CAPE","surface",-74.3037,18.5726,1150
"2026-09-09 18:00:00","2026-09-10 09:00:00","CAPE","surface",-74.2798,18.5726,987
"2026-09-09 18:00:00","2026-09-10 09:00:00","CAPE","surface",-74.2559,18.5726,743
"2026-09-09 18:00:00","2026-09-10 09:00:00","CAPE","surface",-74.232,18.5726,690
"2026-09-09 18:00:00","2026-09-10 09:00:00","CAPE","surface",-74.208,18.5726,690
"2026-09-09 18:00:00","2026-09-10 09:00:00","CAPE","surface",-74.1841,18.5726,574
"2026-09-09 18:00:00","2026-09-10 09:00:00","CAPE","surface",-74.1602,18.5726,566
"2026-09-09 18:00:00","2026-09-10 09:00:00","CAPE","surface",-74.1363,18.5726,685
"2026-09-09 18:00:00","2026-09-10 09:00:00","CAPE","surface",-74.1123,18.5726,758
"2026-09-09 18:00:00","2026-09-10 09:00:00","CAPE","surface",-74.0884,18.5726,645
"2026-09-09 18:00:00","2026-09-10 09:00:00","CAPE","surface",-74.0645,18.5726,645
"2026-09-09 18:00:00","2026-09-10 09:00:00","CAPE","surface",-74.0406,18.5726,516
"2026-09-09 18:00:00","2026-09-10 09:00:00","CAPE","surface",-74.0166,18.5726,396
"2026-09-09 18:00:00","2026-09-10 09:00:00","CAPE","surface",-73.9927,18.5726,491
"2026-09-09 18:00:00","2026-09-10 09:00:00","CAPE","surface",-73.9688,18.5726,626
"2026-09-09 18:00:00","2026-09-10 09:00:00","CAPE","surface",-73.9449,18.5726,828
"2026-09-09 18:00:00","2026-09-10 09:00:00","CAPE","surface",-73.9209,18.5726,828
"2026-09-09 18:00:00","2026-09-10 09:00:00","CAPE","surface",-73.897,18.5726,1219
"2026-09-09 18:00:00","2026-09-10 09:00:00","CAPE","surface",-73.8731,18.5726,1201
"2026-09-09 18:00:00","2026-09-10 09:00:00","CAPE","surface",-73.8492,18.5726,1161
"2026-09-09 18:00:00","2026-09-10 09:00:00","CAPE","surface",-73.8252,18.5726,724
"2026-09-09 18:00:00","2026-09-10 09:00:00","CAPE","surface",-73.8013,18.5726,1195
"2026-09-09 18:00:00","2026-09-10 09:00:00","CAPE","surface",-73.7774,18.5726,1514
"2026-09-09 18:00:00","2026-09-10 09:00:00","CAPE","surface",-73.7535,18.5726,1477
"2026-09-09 18:00:00","2026-09-10 09:00:00","CAPE","surface",-73.7295,18.5726,1667
"2026-09-09 18:00:00","2026-09-10 09:00:00","CAPE","surface",-73.7056,18.5726,1395
"2026-09-09 18:00:00","2026-09-10 09:00:00","CAPE","surface",-73.6817,18.5726,1969
"2026-09-09 18:00:00","2026-09-10 09:00:00","CAPE","surface",-73.6578,18.5726,1969
"2026-09-09 18:00:00","2026-09-10 09:00:00","CAPE","surface",-73.6338,18.5726,1802
"2026-09-09 18:00:00","2026-09-10 09:00:00","CAPE","surface",-73.6099,18.5726,1662
"2026-09-09 18:00:00","2026-09-10 09:00:00","CAPE","surface",-73.586,18.5726,1714
"2026-09-09 18:00:00","2026-09-10 09:00:00","CAPE","surface",-73.5621,18.5726,1684
"2026-09-09 18:00:00","2026-09-10 09:00:00","CAPE","surface",-73.5381,18.5726,1673
"2026-09-09 18:00:00","2026-09-10 09:00:00","CAPE","surface",-73.5142,18.5726,1666
"2026-09-09 18:00:00","2026-09-10 09:00:00","CAPE","surface",-73.4903,18.5726,1862
"2026-09-09 18:00:00","2026-09-10 09:00:00","CAPE","surface",-73.4664,18.5726,1854
"2026-09-09 18:00:00","2026-09-10 09:00:00","CAPE","surface",-73.4424,18.5726,1856
"2026-09-09 18:00:00","2026-09-10 09:00:00","CAPE","surface",-73.4185,18.5726,1940
"2026-09-09 18:00:00","2026-09-10 09:00:00","CAPE","surface",-73.3946,18.5726,1878
"2026-09-09 18:00:00","2026-09-10 09:00:00","CAPE","surface",-73.3707,18.5726,1951
"2026-09-09 18:00:00","2026-09-10 09:00:00","CAPE","surface",-73.3467,18.5726,1936
"2026-09-09 18:00:00","2026-09-10 09:00:00","CAPE","surface",-73.3228,18.5726,1925
"2026-09-09 18:00:00","2026-09-10 09:00:00","CAPE","surface",-73.2989,18.5726,1887
"2026-09-09 18:00:00","2026-09-10 09:00:00","CAPE","surface",-73.275,18.5726,1887
"2026-09-09 18:00:00","2026-09-10 09:00:00","CAPE","surface",-73.251,18.5726,1896
"2026-09-09 18:00:00","2026-09-10 09:00:00","CAPE","surface",-73.2271,18.5726,1919
"2026-09-09 18:00:00","2026-09-10 09:00:00","CAPE","surface",-73.2032,18.5726,2189
"2026-09-09 18:00:00","2026-09-10 09:00:00","CAPE","surface",-73.1793,18.5726,2275
"2026-09-09 18:00:00","2026-09-10 09:00:00","CAPE","surface",-73.1553,18.5726,2084
"2026-09-09 18:00:00","2026-09-10 09:00:00","CAPE","surface",-73.1314,18.5726,2019
"2026-09-09 18:00:00","2026-09-10 09:00:00","CAPE","surface",-73.1075,18.5726,1973
"2026-09-09 18:00:00","2026-09-10 09:00:00","CAPE","surface",-73.0836,18.5726,2000
"2026-09-09 18:00:00","2026-09-10 09:00:00","CAPE","surface",-73.0596,18.5726,2095
"2026-09-09 18:00:00","2026-09-10 09:00:00","CAPE","surface",-73.0357,18.5726,2158
"2026-09-09 18:00:00","2026-09-10 09:00:00","CAPE","surface",-73.0118,18.5726,2158
"2026-09-09 18:00:00","2026-09-10 09:00:00","CAPE","surface",-72.9879,18.5726,2258
"2026-09-09 18:00:00","2026-09-10 09:00:00","CAPE","surface",-72.9639,18.5726,2107
"2026-09-09 18:00:00","2026-09-10 09:00:00","CAPE","surface",-72.94,18.5726,2249
"2026-09-09 18:00:00","2026-09-10 09:00:00","CAPE","surface",-72.9161,18.5726,2090
"2026-09-09 18:00:00","2026-09-10 09:00:00","CAPE","surface",-72.8922,18.5726,2385
"2026-09-09 18:00:00","2026-09-10 09:00:00","CAPE","surface",-72.8682,18.5726,2297
"2026-09-09 18:00:00","2026-09-10 09:00:00","CAPE","surface",-72.8443,18.5726,2479
"2026-09-09 18:00:00","2026-09-10 09:00:00","CAPE","surface",-72.8204,18.5726,2496
"2026-09-09 18:00:00","2026-09-10 09:00:00","CAPE","surface",-72.7965,18.5726,2470
"2026-09-09 18:00:00","2026-09-10 09:00:00","CAPE","surface",-72.7725,18.5726,2490
"2026-09-09 18:00:00","2026-09-10 09:00:00","CAPE","surface",-72.7486,18.5726,2256
"2026-09-09 18:00:00","2026-09-10 09:00:00","CAPE","surface",-72.7247,18.5726,2326
"2026-09-09 18:00:00","2026-09-10 09:00:00","CAPE","surface",-72.7008,18.5726,2352
"2026-09-09 18:00:00","2026-09-10 09:00:00","CAPE","surface",-72.6768,18.5726,2041
"2026-09-09 18:00:00","2026-09-10 09:00:00","CAPE","surface",-72.6529,18.5726,1768
"2026-09-09 18:00:00","2026-09-10 09:00:00","CAPE","surface",-72.629,18.5726,1747
"2026-09-09 18:00:00","2026-09-10 09:00:00","CAPE","surface",-72.6051,18.5726,1583
"2026-09-09 18:00:00","2026-09-10 09:00:00","CAPE","surface",-72.5811,18.5726,1377
"2026-09-09 18:00:00","2026-09-10 09:00:00","CAPE","surface",-72.5572,18.5726,1286
"2026-09-09 18:00:00","2026-09-10 09:00:00","CAPE","surface",-72.5333,18.5726,1188
"2026-09-09 18:00:00","2026-09-10 09:00:00","CAPE","surface",-72.5094,18.5726,1188
"2026-09-09 18:00:00","2026-09-10 09:00:00","CAPE","surface",-72.4854,18.5726,1115
"2026-09-09 18:00:00","2026-09-10 09:00:00","CAPE","surface",-72.4615,18.5726,1065
"2026-09-09 18:00:00","2026-09-10 09:00:00","CAPE","surface",-72.4376,18.5726,1081
"2026-09-09 18:00:00","2026-09-10 09:00:00","CAPE","surface",-72.4137,18.5726,1046
"2026-09-09 18:00:00","2026-09-10 09:00:00","CAPE","surface",-72.3897,18.5726,1057
"2026-09-09 18:00:00","2026-09-10 09:00:00","CAPE","surface",-72.3658,18.5726,898
"2026-09-09 18:00:00","2026-09-10 09:00:00","CAPE","surface",-72.3419,18.5726,786
"2026-09-09 18:00:00","2026-09-10 09:00:00","CAPE","surface",-72.318,18.5726,540
"2026-09-09 18:00:00","2026-09-10 09:00:00","CAPE","surface",-72.294,18.5726,724
"2026-09-09 18:00:00","2026-09-10 09:00:00","CAPE","surface",-72.2701,18.5726,862
"2026-09-09 18:00:00","2026-09-10 09:00:00","CAPE","surface",-72.2462,18.5726,851
"2026-09-09 18:00:00","2026-09-10 09:00:00","CAPE","surface",-72.2223,18.5726,896
"2026-09-09 18:00:00","2026-09-10 09:00:00","CAPE","surface",-72.1983,18.5726,884
"2026-09-09 18:00:00","2026-09-10 09:00:00","CAPE","surface",-72.1744,18.5726,945
"2026-09-09 18:00:00","2026-09-10 09:00:00","CAPE","surface",-72.1505,18.5726,901
"2026-09-09 18:00:00","2026-09-10 09:00:00","CAPE","surface",-72.1266,18.5726,1000
"2026-09-09 18:00:00","2026-09-10 09:00:00","CAPE","surface",-72.1026,18.5726,992
"2026-09-09 18:00:00","2026-09-10 09:00:00","CAPE","surface",-72.0787,18.5726,1089
"2026-09-09 18:00:00","2026-09-10 09:00:00","CAPE","surface",-72.0548,18.5726,1108
"2026-09-09 18:00:00","2026-09-10 09:00:00","CAPE","surface",-72.0309,18.5726,1326
"2026-09-09 18:00:00","2026-09-10 09:00:00","CAPE","surface",-72.0069,18.5726,1326
"2026-09-09 18:00:00","2026-09-10 09:00:00","CAPE","surface",-71.983,18.5726,1117
"2026-09-09 18:00:00","2026-09-10 09:00:00","CAPE","surface",-71.9591,18.5726,939
"2026-09-09 18:00:00","2026-09-10 09:00:00","CAPE","surface",-71.9352,18.5726,942
"2026-09-09 18:00:00","2026-09-10 09:00:00","CAPE","surface",-71.9112,18.5726,978
"2026-09-09 18:00:00","2026-09-10 09:00:00","CAPE","surface",-71.8873,18.5726,943
"2026-09-09 18:00:00","2026-09-10 09:00:00","CAPE","surface",-71.8634,18.5726,952
"2026-09-09 18:00:00","2026-09-10 09:00:00","CAPE","surface",-71.8395,18.5726,1005
"2026-09-09 18:00:00","2026-09-10 09:00:00","CAPE","surface",-71.8155,18.5726,1021
"2026-09-09 18:00:00","2026-09-10 09:00:00","CAPE","surface",-71.7916,18.5726,1071
"2026-09-09 18:00:00","2026-09-10 09:00:00","CAPE","surface",-71.7677,18.5726,993
"2026-09-09 18:00:00","2026-09-10 09:00:00","CAPE","surface",-71.7438,18.5726,1063
"2026-09-09 18:00:00","2026-09-10 09:00:00","CAPE","surface",-71.7198,18.5726,958
"2026-09-09 18:00:00","2026-09-10 09:00:00","CAPE","surface",-71.6959,18.5726,1000
"2026-09-09 18:00:00","2026-09-10 09:00:00","CAPE","surface",-71.672,18.5726,1030
"2026-09-09 18:00:00","2026-09-10 09:00:00","CAPE","surface",-71.6481,18.5726,1030
"2026-09-09 18:00:00","2026-09-10 09:00:00","CAPE","surface",-71.6241,18.5726,885
"2026-09-09 18:00:00","2026-09-10 09:00:00","CAPE","surface",-71.6002,18.5726,840
"2026-09-09 18:00:00","2026-09-10 09:00:00","CAPE","surface",-71.5763,18.5726,439
"2026-09-09 18:00:00","2026-09-10 09:00:00","CAPE","surface",-71.5524,18.5726,285
"2026-09-09 18:00:00","2026-09-10 09:00:00","CAPE","surface",-71.5284,18.5726,285
"2026-09-09 18:00:00","2026-09-10 09:00:00","CAPE","surface",-71.5045,18.5726,314
"2026-09-09 18:00:00","2026-09-10 09:00:00","CAPE","surface",-71.4806,18.5726,405
"2026-09-09 18:00:00","2026-09-10 09:00:00","CAPE","surface",-71.4567,18.5726,516
"2026-09-09 18:00:00","2026-09-10 09:00:00","CAPE","surface",-71.4327,18.5726,596
"2026-09-09 18:00:00","2026-09-10 09:00:00","CAPE","surface",-71.4088,18.5726,536
"2026-09-09 18:00:00","2026-09-10 09:00:00","CAPE","surface",-71.3849,18.5726,579
"2026-09-09 18:00:00","2026-09-10 09:00:00","CAPE","surface",-71.361,18.5726,507
"2026-09-09 18:00:00","2026-09-10 09:00:00","CAPE","surface",-71.337,18.5726,526
"2026-09-09 18:00:00","2026-09-10 09:00:00","CAPE","surface",-71.3131,18.5726,555
"2026-09-09 18:00:00","2026-09-10 09:00:00","CAPE","surface",-71.2892,18.5726,555
"2026-09-09 18:00:00","2026-09-10 09:00:00","CAPE","surface",-71.2653,18.5726,603
"2026-09-09 18:00:00","2026-09-10 09:00:00","CAPE","surface",-71.2413,18.5726,600
"2026-09-09 18:00:00","2026-09-10 09:00:00","CAPE","surface",-71.2174,18.5726,606
"2026-09-09 18:00:00","2026-09-10 09:00:00","CAPE","surface",-71.1935,18.5726,547
"2026-09-09 18:00:00","2026-09-10 09:00:00","CAPE","surface",-71.1696,18.5726,543
"2026-09-09 18:00:00","2026-09-10 09:00:00","CAPE","surface",-71.1456,18.5726,527
"2026-09-09 18:00:00","2026-09-10 09:00:00","CAPE","surface",-71.1217,18.5726,527
"2026-09-09 18:00:00","2026-09-10 09:00:00","CAPE","surface",-71.0978,18.5726,510
"2026-09-09 18:00:00","2026-09-10 09:00:00","CAPE","surface",-71.0739,18.5726,510
"2026-09-09 18:00:00","2026-09-10 09:00:00","CAPE","surface",-71.0499,18.5726,450
"2026-09-09 18:00:00","2026-09-10 09:00:00","CAPE","surface",-71.026,18.5726,450
"2026-09-09 18:00:00","2026-09-10 09:00:00","CAPE","surface",-71.0021,18.5726,488
"2026-09-09 18:00:00","2026-09-10 09:00:00","CAPE","surface",-70.9782,18.5726,501
"2026-09-09 18:00:00","2026-09-10 09:00:00","CAPE","surface",-70.9542,18.5726,563
"2026-09-09 18:00:00","2026-09-10 09:00:00","CAPE","surface",-70.9303,18.5726,586
"2026-09-09 18:00:00","2026-09-10 09:00:00","CAPE","surface",-70.9064,18.5726,604
"2026-09-09 18:00:00","2026-09-10 09:00:00","CAPE","surface",-70.8825,18.5726,569
"2026-09-09 18:00:00","2026-09-10 09:00:00","CAPE","surface",-70.8585,18.5726,474
"2026-09-09 18:00:00","2026-09-10 09:00:00","CAPE","surface",-70.8346,18.5726,447
"2026-09-09 18:00:00","2026-09-10 09:00:00","CAPE","surface",-70.8107,18.5726,470
"2026-09-09 18:00:00","2026-09-10 09:00:00","CAPE","surface",-70.7868,18.5726,420
"2026-09-09 18:00:00","2026-09-10 09:00:00","CAPE","surface",-70.7628,18.5726,429
"2026-09-09 18:00:00","2026-09-10 09:00:00","CAPE","surface",-70.7389,18.5726,401
"2026-09-09 18:00:00","2026-09-10 09:00:00","CAPE","surface",-70.715,18.5726,401
"2026-09-09 18:00:00","2026-09-10 09:00:00","CAPE","surface",-70.6911,18.5726,451
"2026-09-09 18:00:00","2026-09-10 09:00:00","CAPE","surface",-70.6671,18.5726,407
"2026-09-09 18:00:00","2026-09-10 09:00:00","CAPE","surface",-70.6432,18.5726,503
"2026-09-09 18:00:00","2026-09-10 09:00:00","CAPE","surface",-70.6193,18.5726,444
"2026-09-09 18:00:00","2026-09-10 09:00:00","CAPE","surface",-70.5954,18.5726,546
"2026-09-09 18:00:00","2026-09-10 09:00:00","CAPE","surface",-70.5714,18.5726,584
"2026-09-09 18:00:00","2026-09-10 09:00:00","CAPE","surface",-70.5475,18.5726,672
"2026-09-09 18:00:00","2026-09-10 09:00:00","CAPE","surface",-70.5236,18.5726,765
"2026-09-09 18:00:00","2026-09-10 09:00:00","CAPE","surface",-70.4997,18.5726,765
"2026-09-09 18:00:00","2026-09-10 09:00:00","CAPE","surface",-70.4757,18.5726,817
"2026-09-09 18:00:00","2026-09-10 09:00:00","CAPE","surface",-70.4518,18.5726,853
"2026-09-09 18:00:00","2026-09-10 09:00:00","CAPE","surface",-70.4279,18.5726,895
"2026-09-09 18:00:00","2026-09-10 09:00:00","CAPE","surface",-70.404,18.5726,939
"2026-09-09 18:00:00","2026-09-10 09:00:00","CAPE","surface",-70.38,18.5726,983
"2026-09-09 18:00:00","2026-09-10 09:00:00","CAPE","surface",-70.3561,18.5726,1025
"2026-09-09 18:00:00","2026-09-10 09:00:00","CAPE","surface",-70.3322,18.5726,1004
"2026-09-09 18:00:00","2026-09-10 09:00:00","CAPE","surface",-70.3083,18.5726,1018
"2026-09-09 18:00:00","2026-09-10 09:00:00","CAPE","surface",-70.2843,18.5726,1018
"2026-09-09 18:00:00","2026-09-10 09:00:00","CAPE","surface",-70.2604,18.5726,979
"2026-09-09 18:00:00","2026-09-10 09:00:00","CAPE","surface",-70.2365,18.5726,942
"2026-09-09 18:00:00","2026-09-10 09:00:00","CAPE","surface",-70.2126,18.5726,957
"2026-09-09 18:00:00","2026-09-10 09:00:00","CAPE","surface",-70.1886,18.5726,981
"2026-09-09 18:00:00","2026-09-10 09:00:00","CAPE","surface",-70.1647,18.5726,971
"2026-09-09 18:00:00","2026-09-10 09:00:00","CAPE","surface",-70.1408,18.5726,967
"2026-09-09 18:00:00","2026-09-10 09:00:00","CAPE","surface",-70.1169,18.5726,968
"2026-09-09 18:00:00","2026-09-10 09:00:00","CAPE","surface",-70.0929,18.5726,1131
"2026-09-09 18:00:00","2026-09-10 09:00:00","CAPE","surface",-70.069,18.5726,1212
"2026-09-09 18:00:00","2026-09-10 09:00:00","CAPE","surface",-70.0451,18.5726,1252
"2026-09-09 18:00:00","2026-09-10 09:00:00","CAPE","surface",-70.0212,18.5726,1282
"2026-09-09 18:00:00","2026-09-10 09:00:00","CAPE","surface",-69.9972,18.5726,1335
"2026-09-09 18:00:00","2026-09-10 09:00:00","CAPE","surface",-69.9733,18.5726,1357
"2026-09-09 18:00:00","2026-09-10 09:00:00","CAPE","surface",-69.9494,18.5726,1409
"2026-09-09 18:00:00","2026-09-10 09:00:00","CAPE","surface",-69.9255,18.5726,1420
"2026-09-09 18:00:00","2026-09-10 09:00:00","CAPE","surface",-69.9015,18.5726,1478
"2026-09-09 18:00:00","2026-09-10 09:00:00","CAPE","surface",-69.8776,18.5726,1519
"2026-09-09 18:00:00","2026-09-10 09:00:00","CAPE","surface",-69.8537,18.5726,1520
"2026-09-09 18:00:00","2026-09-10 09:00:00","CAPE","surface",-69.8298,18.5726,1528
"2026-09-09 18:00:00","2026-09-10 09:00:00","CAPE","surface",-69.8058,18.5726,1529
"2026-09-09 18:00:00","2026-09-10 09:00:00","CAPE","surface",-69.7819,18.5726,1552
"2026-09-09 18:00:00","2026-09-10 09:00:00","CAPE","surface",-69.758,18.5726,1582
"2026-09-09 18:00:00","2026-09-10 09:00:00","CAPE","surface",-69.7341,18.5726,1638
"2026-09-09 18:00:00","2026-09-10 09:00:00","CAPE","surface",-69.7101,18.5726,1686
"2026-09-09 18:00:00","2026-09-10 09:00:00","CAPE","surface",-69.6862,18.5726,1752
"2026-09-09 18:00:00","2026-09-10 09:00:00","CAPE","surface",-69.6623,18.5726,1775
"2026-09-09 18:00:00","2026-09-10 09:00:00","CAPE","surface",-69.6384,18.5726,1796
"2026-09-09 18:00:00","2026-09-10 09:00:00","CAPE","surface",-69.6144,18.5726,1791
"2026-09-09 18:00:00","2026-09-10 09:00:00","CAPE","surface",-69.5905,18.5726,1811
"2026-09-09 18:00:00","2026-09-10 09:00:00","CAPE","surface",-69.5666,18.5726,1784
"2026-09-09 18:00:00","2026-09-10 09:00:00","CAPE","surface",-69.5427,18.5726,1823
"2026-09-09 18:00:00","2026-09-10 09:00:00","CAPE","surface",-69.5187,18.5726,1794
"2026-09-09 18:00:00","2026-09-10 09:00:00","CAPE","surface",-69.4948,18.5726,1845
"2026-09-09 18:00:00","2026-09-10 09:00:00","CAPE","surface",-69.4709,18.5726,1856
"2026-09-09 18:00:00","2026-09-10 09:00:00","CAPE","surface",-69.447,18.5726,1902
"2026-09-09 18:00:00","2026-09-10 09:00:00","CAPE","surface",-69.423,18.5726,1929
"2026-09-09 18:00:00","2026-09-10 09:00:00","CAPE","surface",-69.3991,18.5726,1907
"2026-09-09 18:00:00","2026-09-10 09:00:00","CAPE","surface",-69.3752,18.5726,1910
"2026-09-09 18:00:00","2026-09-10 09:00:00","CAPE","surface",-69.3513,18.5726,1894
"2026-09-09 18:00:00","2026-09-10 09:00:00","CAPE","surface",-69.3273,18.5726,1910
"2026-09-09 18:00:00","2026-09-10 09:00:00","CAPE","surface",-69.3034,18.5726,1882
"2026-09-09 18:00:00","2026-09-10 09:00:00","CAPE","surface",-69.2795,18.5726,1894
"2026-09-09 18:00:00","2026-09-10 09:00:00","CAPE","surface",-69.2556,18.5726,1919
"2026-09-09 18:00:00","2026-09-10 09:00:00","CAPE","surface",-69.2316,18.5726,1935
"2026-09-09 18:00:00","2026-09-10 09:00:00","CAPE","surface",-69.2077,18.5726,1950
"2026-09-09 18:00:00","2026-09-10 09:00:00","CAPE","surface",-69.1838,18.5726,1976
"2026-09-09 18:00:00","2026-09-10 09:00:00","CAPE","surface",-69.1599,18.5726,1981
"2026-09-09 18:00:00","2026-09-10 09:00:00","CAPE","surface",-69.1359,18.5726,2028
"2026-09-09 18:00:00","2026-09-10 09:00:00","CAPE","surface",-69.112,18.5726,2057
"2026-09-09 18:00:00","2026-09-10 09:00:00","CAPE","surface",-69.0881,18.5726,2085
"2026-09-09 18:00:00","2026-09-10 09:00:00","CAPE","surface",-69.0642,18.5726,2110
"2026-09-09 18:00:00","2026-09-10 09:00:00","CAPE","surface",-69.0402,18.5726,2165
"2026-09-09 18:00:00","2026-09-10 09:00:00","CAPE","surface",-69.0163,18.5726,2197
"2026-09-09 18:00:00","2026-09-10 09:00:00","CAPE","surface",-68.9924,18.5726,2287
"2026-09-09 18:00:00","2026-09-10 09:00:00","CAPE","surface",-68.9685,18.5726,2332
"2026-09-09 18:00:00","2026-09-10 09:00:00","CAPE","surface",-68.9445,18.5726,2363
"2026-09-09 18:00:00","2026-09-10 09:00:00","CAPE","surface",-68.9206,18.5726,2422
"2026-09-09 18:00:00","2026-09-10 09:00:00","CAPE","surface",-68.8967,18.5726,2413
"2026-09-09 18:00:00","2026-09-10 09:00:00","CAPE","surface",-68.8728,18.5726,2454
"2026-09-09 18:00:00","2026-09-10 09:00:00","CAPE","surface",-68.8488,18.5726,2433
"2026-09-09 18:00:00","2026-09-10 09:00:00","CAPE","surface",-68.8249,18.5726,2460
"2026-09-09 18:00:00","2026-09-10 09:00:00","CAPE","surface",-68.801,18.5726,2476
"2026-09-09 18:00:00","2026-09-10 09:00:00","CAPE","surface",-68.7771,18.5726,2476
"2026-09-09 18:00:00","2026-09-10 09:00:00","CAPE","surface",-68.7531,18.5726,2448
"2026-09-09 18:00:00","2026-09-10 09:00:00","CAPE","surface",-68.7292,18.5726,2361
"2026-09-09 18:00:00","2026-09-10 09:00:00","CAPE","surface",-68.7053,18.5726,2177
"2026-09-09 18:00:00","2026-09-10 09:00:00","CAPE","surface",-68.6813,18.5726,1991
"2026-09-09 18:00:00","2026-09-10 09:00:00","CAPE","surface",-68.6574,18.5726,1995
"2026-09-09 18:00:00","2026-09-10 09:00:00","CAPE","surface",-68.6335,18.5726,1914
"2026-09-09 18:00:00","2026-09-10 09:00:00","CAPE","surface",-68.6096,18.5726,1936
"2026-09-09 18:00:00","2026-09-10 09:00:00","CAPE","surface",-68.5856,18.5726,1962
"2026-09-09 18:00:00","2026-09-10 09:00:00","CAPE","surface",-68.5617,18.5726,1962
"2026-09-09 18:00:00","2026-09-10 09:00:00","CAPE","surface",-68.5378,18.5726,1980
"2026-09-09 18:00:00","2026-09-10 09:00:00","CAPE","surface",-68.5139,18.5726,2014
"2026-09-09 18:00:00","2026-09-10 09:00:00","CAPE","surface",-68.4899,18.5726,2037
"2026-09-09 18:00:00","2026-09-10 09:00:00","CAPE","surface",-68.466,18.5726,2037
"2026-09-09 18:00:00","2026-09-10 09:00:00","CAPE","surface",-68.4421,18.5726,2099
"2026-09-09 18:00:00","2026-09-10 09:00:00","CAPE","surface",-68.4182,18.5726,2168
"2026-09-09 18:00:00","2026-09-10 09:00:00","CAPE","surface",-68.3942,18.5726,2243
"2026-09-09 18:00:00","2026-09-10 09:00:00","CAPE","surface",-68.3703,18.5726,2372
"2026-09-09 18:00:00","2026-09-10 09:00:00","CAPE","surface",-68.3464,18.5726,2372
"2026-09-09 18:00:00","2026-09-10 09:00:00","CAPE","surface",-68.3225,18.5726,2539
"2026-09-09 18:00:00","2026-09-10 09:00:00","CAPE","surface",-68.2985,18.5726,2744
"2026-09-09 18:00:00","2026-09-10 09:00:00","CAPE","surface",-68.2746,18.5726,2678
"2026-09-09 18:00:00","2026-09-10 09:00:00","CAPE","surface",-68.2507,18.5726,2678
"2026-09-09 18:00:00","2026-09-10 09:00:00","CAPE","surface",-68.2268,18.5726,2608
"2026-09-09 18:00:00","2026-09-10 09:00:00","CAPE","surface",-68.2028,18.5726,2454
"2026-09-09 18:00:00","2026-09-10 09:00:00","CAPE","surface",-68.1789,18.5726,2370
"2026-09-09 18:00:00","2026-09-10 09:00:00","CAPE","surface",-68.155,18.5726,2244
"2026-09-09 18:00:00","2026-09-10 09:00:00","CAPE","surface",-68.1311,18.5726,2177
"2026-09-09 18:00:00","2026-09-10 09:00:00","CAPE","surface",-68.1071,18.5726,2149
"2026-09-09 18:00:00","2026-09-10 09:00:00","CAPE","surface",-68.0832,18.5726,2145
"2026-09-09 18:00:00","2026-09-10 09:00:00","CAPE","surface",-68.0593,18.5726,2332
"2026-09-09 18:00:00","2026-09-10 09:00:00","CAPE","surface",-68.0354,18.5726,2332
"2026-09-09 18:00:00","2026-09-10 09:00:00","CAPE","surface",-68.0114,18.5726,2549
"2026-09-09 18:00:00","2026-09-10 09:00:00","CAPE","surface",-67.9875,18.5726,2579
"2026-09-09 18:00:00","2026-09-10 09:00:00","CAPE","surface",-67.9636,18.5726,2531
"2026-09-09 18:00:00","2026-09-10 09:00:00","CAPE","surface",-67.9397,18.5726,2526
"2026-09-09 18:00:00","2026-09-10 09:00:00","CAPE","surface",-67.9157,18.5726,2462
"2026-09-09 18:00:00","2026-09-10 09:00:00","CAPE","surface",-67.8918,18.5726,2424
"2026-09-09 18:00:00","2026-09-10 09:00:00","CAPE","surface",-67.8679,18.5726,2428
"2026-09-09 18:00:00","2026-09-10 09:00:00","CAPE","surface",-67.844,18.5726,2424
"2026-09-09 18:00:00","2026-09-10 09:00:00","CAPE","surface",-67.82,18.5726,2442
"2026-09-09 18:00:00","2026-09-10 09:00:00","CAPE","surface",-67.7961,18.5726,2428
"2026-09-09 18:00:00","2026-09-10 09:00:00","CAPE","surface",-67.7722,18.5726,2518
"2026-09-09 18:00:00","2026-09-10 09:00:00","CAPE","surface",-67.7483,18.5726,2518
"2026-09-09 18:00:00","2026-09-10 09:00:00","CAPE","surface",-67.7243,18.5726,2574
"2026-09-09 18:00:00","2026-09-10 09:00:00","CAPE","surface",-67.7004,18.5726,2577
"2026-09-09 18:00:00","2026-09-10 09:00:00","CAPE","surface",-67.6765,18.5726,2653
"2026-09-09 18:00:00","2026-09-10 09:00:00","CAPE","surface",-67.6526,18.5726,2807
"2026-09-09 18:00:00","2026-09-10 09:00:00","CAPE","surface",-67.6286,18.5726,2599
"2026-09-09 18:00:00","2026-09-10 09:00:00","CAPE","surface",-67.6047,18.5726,2515
"2026-09-09 18:00:00","2026-09-10 09:00:00","CAPE","surface",-67.5808,18.5726,2437
"2026-09-09 18:00:00","2026-09-10 09:00:00","CAPE","surface",-67.5569,18.5726,2410
"2026-09-09 18:00:00","2026-09-10 09:00:00","CAPE","surface",-67.5329,18.5726,2358
"2026-09-09 18:00:00","2026-09-10 09:00:00","CAPE","surface",-67.509,18.5726,2321
"2026-09-09 18:00:00","2026-09-10 09:00:00","CAPE","surface",-67.4851,18.5726,2348
"2026-09-09 18:00:00","2026-09-10 09:00:00","CAPE","surface",-67.4612,18.5726,2306
"2026-09-09 18:00:00","2026-09-10 09:00:00","CAPE","surface",-67.4372,18.5726,2338
"2026-09-09 18:00:00","2026-09-10 09:00:00","CAPE","surface",-67.4133,18.5726,2315
"2026-09-09 18:00:00","2026-09-10 09:00:00","CAPE","surface",-67.3894,18.5726,2413
"2026-09-09 18:00:00","2026-09-10 09:00:00","CAPE","surface",-67.3655,18.5726,2401
"2026-09-09 18:00:00","2026-09-10 09:00:00","CAPE","surface",-67.3415,18.5726,2448
"2026-09-09 18:00:00","2026-09-10 09:00:00","CAPE","surface",-67.3176,18.5726,2415
"2026-09-09 18:00:00","2026-09-10 09:00:00","CAPE","surface",-67.2937,18.5726,2367
"2026-09-09 18:00:00","2026-09-10 09:00:00","CAPE","surface",-67.2698,18.5726,2347
"2026-09-09 18:00:00","2026-09-10 09:00:00","CAPE","surface",-67.2458,18.5726,2347
"2026-09-09 18:00:00","2026-09-10 09:00:00","CAPE","surface",-67.2219,18.5726,2357
"2026-09-09 18:00:00","2026-09-10 09:00:00","CAPE","surface",-67.198,18.5726,2353
"2026-09-09 18:00:00","2026-09-10 09:00:00","CAPE","surface",-67.1741,18.5726,2364
"2026-09-09 18:00:00","2026-09-10 09:00:00","CAPE","surface",-67.1501,18.5726,2364
"2026-09-09 18:00:00","2026-09-10 09:00:00","CAPE","surface",-67.1262,18.5726,2354
"2026-09-09 18:00:00","2026-09-10 09:00:00","CAPE","surface",-67.1023,18.5726,2371
"2026-09-09 18:00:00","2026-09-10 09:00:00","CAPE","surface",-67.0784,18.5726,2363
"2026-09-09 18:00:00","2026-09-10 09:00:00","CAPE","surface",-67.0544,18.5726,2435
"2026-09-09 18:00:00","2026-09-10 09:00:00","CAPE","surface",-67.0305,18.5726,2425
"2026-09-09 18:00:00","2026-09-10 09:00:00","CAPE","surface",-67.0066,18.5726,2479
"2026-09-09 18:00:00","2026-09-10 09:00:00","CAPE","surface",-74.7822,18.5953,1999
"2026-09-09 18:00:00","2026-09-10 09:00:00","CAPE","surface",-74.7583,18.5953,1961
"2026-09-09 18:00:00","2026-09-10 09:00:00","CAPE","surface",-74.7344,18.5953,2037
"2026-09-09 18:00:00","2026-09-10 09:00:00","CAPE","surface",-74.7105,18.5953,2017
"2026-09-09 18:00:00","2026-09-10 09:00:00","CAPE","surface",-74.6865,18.5953,2014
"2026-09-09 18:00:00","2026-09-10 09:00:00","CAPE","surface",-74.6626,18.5953,2028
"2026-09-09 18:00:00","2026-09-10 09:00:00","CAPE","surface",-74.6387,18.5953,1936
"2026-09-09 18:00:00","2026-09-10 09:00:00","CAPE","surface",-74.6148,18.5953,1945
"2026-09-09 18:00:00","2026-09-10 09:00:00","CAPE","surface",-74.5908,18.5953,1873
"2026-09-09 18:00:00","2026-09-10 09:00:00","CAPE","surface",-74.5669,18.5953,1898
"2026-09-09 18:00:00","2026-09-10 09:00:00","CAPE","surface",-74.543,18.5953,1882
"2026-09-09 18:00:00","2026-09-10 09:00:00","CAPE","surface",-74.5191,18.5953,1961
"2026-09-09 18:00:00","2026-09-10 09:00:00","CAPE","surface",-74.4951,18.5953,1936
"2026-09-09 18:00:00","2026-09-10 09:00:00","CAPE","surface",-74.4712,18.5953,1959
"2026-09-09 18:00:00","2026-09-10 09:00:00","CAPE","surface",-74.4473,18.5953,2045
"2026-09-09 18:00:00","2026-09-10 09:00:00","CAPE","surface",-74.4234,18.5953,2045
"2026-09-09 18:00:00","2026-09-10 09:00:00","CAPE","surface",-74.3994,18.5953,2041
"2026-09-09 18:00:00","2026-09-10 09:00:00","CAPE","surface",-74.3755,18.5953,1932
"2026-09-09 18:00:00","2026-09-10 09:00:00","CAPE","surface",-74.3516,18.5953,1479
"2026-09-09 18:00:00","2026-09-10 09:00:00","CAPE","surface",-74.3277,18.5953,1417
"2026-09-09 18:00:00","2026-09-10 09:00:00","CAPE","surface",-74.3037,18.5953,1102
"2026-09-09 18:00:00","2026-09-10 09:00:00","CAPE","surface",-74.2798,18.5953,1102
"2026-09-09 18:00:00","2026-09-10 09:00:00","CAPE","surface",-74.2559,18.5953,957
"2026-09-09 18:00:00","2026-09-10 09:00:00","CAPE","surface",-74.232,18.5953,842
"2026-09-09 18:00:00","2026-09-10 09:00:00","CAPE","surface",-74.208,18.5953,754
"2026-09-09 18:00:00","2026-09-10 09:00:00","CAPE","surface",-74.1841,18.5953,574
"2026-09-09 18:00:00","2026-09-10 09:00:00","CAPE","surface",-74.1602,18.5953,616
"2026-09-09 18:00:00","2026-09-10 09:00:00","CAPE","surface",-74.1363,18.5953,641
"2026-09-09 18:00:00","2026-09-10 09:00:00","CAPE","surface",-74.1123,18.5953,671
"2026-09-09 18:00:00","2026-09-10 09:00:00","CAPE","surface",-74.0884,18.5953,662
"2026-09-09 18:00:00","2026-09-10 09:00:00","CAPE","surface",-74.0645,18.5953,638
"2026-09-09 18:00:00","2026-09-10 09:00:00","CAPE","surface",-74.0406,18.5953,597
"2026-09-09 18:00:00","2026-09-10 09:00:00","CAPE","surface",-74.0166,18.5953,498
"2026-09-09 18:00:00","2026-09-10 09:00:00","CAPE","surface",-73.9927,18.5953,842
"2026-09-09 18:00:00","2026-09-10 09:00:00","CAPE","surface",-73.9688,18.5953,716
"2026-09-09 18:00:00","2026-09-10 09:00:00","CAPE","surface",-73.9449,18.5953,921
"2026-09-09 18:00:00","2026-09-10 09:00:00","CAPE","surface",-73.9209,18.5953,995
"2026-09-09 18:00:00","2026-09-10 09:00:00","CAPE","surface",-73.897,18.5953,1732
"2026-09-09 18:00:00","2026-09-10 09:00:00","CAPE","surface",-73.8731,18.5953,1732
"2026-09-09 18:00:00","2026-09-10 09:00:00","CAPE","surface",-73.8492,18.5953,1423
"2026-09-09 18:00:00","2026-09-10 09:00:00","CAPE","surface",-73.8252,18.5953,1339
"2026-09-09 18:00:00","2026-09-10 09:00:00","CAPE","surface",-73.8013,18.5953,1660
"2026-09-09 18:00:00","2026-09-10 09:00:00","CAPE","surface",-73.7774,18.5953,1514
"2026-09-09 18:00:00","2026-09-10 09:00:00","CAPE","surface",-73.7535,18.5953,1613
"2026-09-09 18:00:00","2026-09-10 09:00:00","CAPE","surface",-73.7295,18.5953,1613
"2026-09-09 18:00:00","2026-09-10 09:00:00","CAPE","surface",-73.7056,18.5953,1624
"2026-09-09 18:00:00","2026-09-10 09:00:00","CAPE","surface",-73.6817,18.5953,1864
"2026-09-09 18:00:00","2026-09-10 09:00:00","CAPE","surface",-73.6578,18.5953,1943
"2026-09-09 18:00:00","2026-09-10 09:00:00","CAPE","surface",-73.6338,18.5953,1802
"2026-09-09 18:00:00","2026-09-10 09:00:00","CAPE","surface",-73.6099,18.5953,1743
"2026-09-09 18:00:00","2026-09-10 09:00:00","CAPE","surface",-73.586,18.5953,1673
"2026-09-09 18:00:00","2026-09-10 09:00:00","CAPE","surface",-73.5621,18.5953,1794
"2026-09-09 18:00:00","2026-09-10 09:00:00","CAPE","surface",-73.5381,18.5953,1673
"2026-09-09 18:00:00","2026-09-10 09:00:00","CAPE","surface",-73.5142,18.5953,1780
"2026-09-09 18:00:00","2026-09-10 09:00:00","CAPE","surface",-73.4903,18.5953,1862
"2026-09-09 18:00:00","2026-09-10 09:00:00","CAPE","surface",-73.4664,18.5953,1745
"2026-09-09 18:00:00","2026-09-10 09:00:00","CAPE","surface",-73.4424,18.5953,1585
"2026-09-09 18:00:00","2026-09-10 09:00:00","CAPE","surface",-73.4185,18.5953,1712
"2026-09-09 18:00:00","2026-09-10 09:00:00","CAPE","surface",-73.3946,18.5953,1786
"2026-09-09 18:00:00","2026-09-10 09:00:00","CAPE","surface",-73.3707,18.5953,1893
"2026-09-09 18:00:00","2026-09-10 09:00:00","CAPE","surface",-73.3467,18.5953,1875
"2026-09-09 18:00:00","2026-09-10 09:00:00","CAPE","surface",-73.3228,18.5953,1904
"2026-09-09 18:00:00","2026-09-10 09:00:00","CAPE","surface",-73.2989,18.5953,1965
"2026-09-09 18:00:00","2026-09-10 09:00:00","CAPE","surface",-73.275,18.5953,1951
"2026-09-09 18:00:00","2026-09-10 09:00:00","CAPE","surface",-73.251,18.5953,2052
"2026-09-09 18:00:00","2026-09-10 09:00:00","CAPE","surface",-73.2271,18.5953,2093
"2026-09-09 18:00:00","2026-09-10 09:00:00","CAPE","surface",-73.2032,18.5953,2220
"2026-09-09 18:00:00","2026-09-10 09:00:00","CAPE","surface",-73.1793,18.5953,2295
"2026-09-09 18:00:00","2026-09-10 09:00:00","CAPE","surface",-73.1553,18.5953,2206
"2026-09-09 18:00:00","2026-09-10 09:00:00","CAPE","surface",-73.1314,18.5953,2019
"2026-09-09 18:00:00","2026-09-10 09:00:00","CAPE","surface",-73.1075,18.5953,1939
"2026-09-09 18:00:00","2026-09-10 09:00:00","CAPE","surface",-73.0836,18.5953,1939
"2026-09-09 18:00:00","2026-09-10 09:00:00","CAPE","surface",-73.0596,18.5953,2005
"2026-09-09 18:00:00","2026-09-10 09:00:00","CAPE","surface",-73.0357,18.5953,2117
"2026-09-09 18:00:00","2026-09-10 09:00:00","CAPE","surface",-73.0118,18.5953,2251
"2026-09-09 18:00:00","2026-09-10 09:00:00","CAPE","surface",-72.9879,18.5953,2258
"2026-09-09 18:00:00","2026-09-10 09:00:00","CAPE","surface",-72.9639,18.5953,2354
"2026-09-09 18:00:00","2026-09-10 09:00:00","CAPE","surface",-72.94,18.5953,2380
"2026-09-09 18:00:00","2026-09-10 09:00:00","CAPE","surface",-72.9161,18.5953,2452
"2026-09-09 18:00:00","2026-09-10 09:00:00","CAPE","surface",-72.8922,18.5953,2472
"2026-09-09 18:00:00","2026-09-10 09:00:00","CAPE","surface",-72.8682,18.5953,2469
"2026-09-09 18:00:00","2026-09-10 09:00:00","CAPE","surface",-72.8443,18.5953,2357
"2026-09-09 18:00:00","2026-09-10 09:00:00","CAPE","surface",-72.8204,18.5953,2357
"2026-09-09 18:00:00","2026-09-10 09:00:00","CAPE","surface",-72.7965,18.5953,2135
"2026-09-09 18:00:00","2026-09-10 09:00:00","CAPE","surface",-72.7725,18.5953,2180
"2026-09-09 18:00:00","2026-09-10 09:00:00","CAPE","surface",-72.7486,18.5953,1951
"2026-09-09 18:00:00","2026-09-10 09:00:00","CAPE","surface",-72.7247,18.5953,2163
"2026-09-09 18:00:00","2026-09-10 09:00:00","CAPE","surface",-72.7008,18.5953,1635
"2026-09-09 18:00:00","2026-09-10 09:00:00","CAPE","surface",-72.6768,18.5953,1910
"2026-09-09 18:00:00","2026-09-10 09:00:00","CAPE","surface",-72.6529,18.5953,1696
"2026-09-09 18:00:00","2026-09-10 09:00:00","CAPE","surface",-72.629,18.5953,1747
"2026-09-09 18:00:00","2026-09-10 09:00:00","CAPE","surface",-72.6051,18.5953,1480
"2026-09-09 18:00:00","2026-09-10 09:00:00","CAPE","surface",-72.5811,18.5953,1480
"2026-09-09 18:00:00","2026-09-10 09:00:00","CAPE","surface",-72.5572,18.5953,1277
"2026-09-09 18:00:00","2026-09-10 09:00:00","CAPE","surface",-72.5333,18.5953,1221
"2026-09-09 18:00:00","2026-09-10 09:00:00","CAPE","surface",-72.5094,18.5953,1178
"2026-09-09 18:00:00","2026-09-10 09:00:00","CAPE","surface",-72.4854,18.5953,1115
"2026-09-09 18:00:00","2026-09-10 09:00:00","CAPE","surface",-72.4615,18.5953,1201
"2026-09-09 18:00:00","2026-09-10 09:00:00","CAPE","surface",-72.4376,18.5953,1270
"2026-09-09 18:00:00","2026-09-10 09:00:00","CAPE","surface",-72.4137,18.5953,1168
"2026-09-09 18:00:00","2026-09-10 09:00:00","CAPE","surface",-72.3897,18.5953,1165
"2026-09-09 18:00:00","2026-09-10 09:00:00","CAPE","surface",-72.3658,18.5953,1019
"2026-09-09 18:00:00","2026-09-10 09:00:00","CAPE","surface",-72.3419,18.5953,873
"2026-09-09 18:00:00","2026-09-10 09:00:00","CAPE","surface",-72.318,18.5953,873
"2026-09-09 18:00:00","2026-09-10 09:00:00","CAPE","surface",-72.294,18.5953,858
"2026-09-09 18:00:00","2026-09-10 09:00:00","CAPE","surface",-72.2701,18.5953,862
"2026-09-09 18:00:00","2026-09-10 09:00:00","CAPE","surface",-72.2462,18.5953,892
"2026-09-09 18:00:00","2026-09-10 09:00:00","CAPE","surface",-72.2223,18.5953,896
"2026-09-09 18:00:00","2026-09-10 09:00:00","CAPE","surface",-72.1983,18.5953,940
"2026-09-09 18:00:00","2026-09-10 09:00:00","CAPE","surface",-72.1744,18.5953,952
"2026-09-09 18:00:00","2026-09-10 09:00:00","CAPE","surface",-72.1505,18.5953,995
"2026-09-09 18:00:00","2026-09-10 09:00:00","CAPE","surface",-72.1266,18.5953,1000
"2026-09-09 18:00:00","2026-09-10 09:00:00","CAPE","surface",-72.1026,18.5953,1073
"2026-09-09 18:00:00","2026-09-10 09:00:00","CAPE","surface",-72.0787,18.5953,1134
"2026-09-09 18:00:00","2026-09-10 09:00:00","CAPE","surface",-72.0548,18.5953,1211
"2026-09-09 18:00:00","2026-09-10 09:00:00","CAPE","surface",-72.0309,18.5953,1330
"2026-09-09 18:00:00","2026-09-10 09:00:00","CAPE","surface",-72.0069,18.5953,1204
"2026-09-09 18:00:00","2026-09-10 09:00:00","CAPE","surface",-71.983,18.5953,813
"2026-09-09 18:00:00","2026-09-10 09:00:00","CAPE","surface",-71.9591,18.5953,813
"2026-09-09 18:00:00","2026-09-10 09:00:00","CAPE","surface",-71.9352,18.5953,811
"2026-09-09 18:00:00","2026-09-10 09:00:00","CAPE","surface",-71.9112,18.5953,892
"2026-09-09 18:00:00","2026-09-10 09:00:00","CAPE","surface",-71.8873,18.5953,877
"2026-09-09 18:00:00","2026-09-10 09:00:00","CAPE","surface",-71.8634,18.5953,952
"2026-09-09 18:00:00","2026-09-10 09:00:00","CAPE","surface",-71.8395,18.5953,860
"2026-09-09 18:00:00","2026-09-10 09:00:00","CAPE","surface",-71.8155,18.5953,938
"2026-09-09 18:00:00","2026-09-10 09:00:00","CAPE","surface",-71.7916,18.5953,891
"2026-09-09 18:00:00","2026-09-10 09:00:00","CAPE","surface",-71.7677,18.5953,993
"2026-09-09 18:00:00","2026-09-10 09:00:00","CAPE","surface",-71.7438,18.5953,888
"2026-09-09 18:00:00","2026-09-10 09:00:00","CAPE","surface",-71.7198,18.5953,707
"2026-09-09 18:00:00","2026-09-10 09:00:00","CAPE","surface",-71.6959,18.5953,886
"2026-09-09 18:00:00","2026-09-10 09:00:00","CAPE","surface",-71.672,18.5953,695
"2026-09-09 18:00:00","2026-09-10 09:00:00","CAPE","surface",-71.6481,18.5953,903
"2026-09-09 18:00:00","2026-09-10 09:00:00","CAPE","surface",-71.6241,18.5953,507
"2026-09-09 18:00:00","2026-09-10 09:00:00","CAPE","surface",-71.6002,18.5953,507
"2026-09-09 18:00:00","2026-09-10 09:00:00","CAPE","surface",-71.5763,18.5953,274
"2026-09-09 18:00:00","2026-09-10 09:00:00","CAPE","surface",-71.5524,18.5953,249
"2026-09-09 18:00:00","2026-09-10 09:00:00","CAPE","surface",-71.5284,18.5953,253
"2026-09-09 18:00:00","2026-09-10 09:00:00","CAPE","surface",-71.5045,18.5953,314
"2026-09-09 18:00:00","2026-09-10 09:00:00","CAPE","surface",-71.4806,18.5953,246
"2026-09-09 18:00:00","2026-09-10 09:00:00","CAPE","surface",-71.4567,18.5953,388
"2026-09-09 18:00:00","2026-09-10 09:00:00","CAPE","surface",-71.4327,18.5953,437
"2026-09-09 18:00:00","2026-09-10 09:00:00","CAPE","surface",-71.4088,18.5953,536
"2026-09-09 18:00:00","2026-09-10 09:00:00","CAPE","surface",-71.3849,18.5953,480
"2026-09-09 18:00:00","2026-09-10 09:00:00","CAPE","surface",-71.361,18.5953,485
"2026-09-09 18:00:00","2026-09-10 09:00:00","CAPE","surface",-71.337,18.5953,499
"2026-09-09 18:00:00","2026-09-10 09:00:00","CAPE","surface",-71.3131,18.5953,531
"2026-09-09 18:00:00","2026-09-10 09:00:00","CAPE","surface",-71.2892,18.5953,565
"2026-09-09 18:00:00","2026-09-10 09:00:00","CAPE","surface",-71.2653,18.5953,590
"2026-09-09 18:00:00","2026-09-10 09:00:00","CAPE","surface",-71.2413,18.5953,590
"2026-09-09 18:00:00","2026-09-10 09:00:00","CAPE","surface",-71.2174,18.5953,555
"2026-09-09 18:00:00","2026-09-10 09:00:00","CAPE","surface",-71.1935,18.5953,547
"2026-09-09 18:00:00","2026-09-10 09:00:00","CAPE","surface",-71.1696,18.5953,524
"2026-09-09 18:00:00","2026-09-10 09:00:00","CAPE","surface",-71.1456,18.5953,524
"2026-09-09 18:00:00","2026-09-10 09:00:00","CAPE","surface",-71.1217,18.5953,501
"2026-09-09 18:00:00","2026-09-10 09:00:00","CAPE","surface",-71.0978,18.5953,507
"2026-09-09 18:00:00","2026-09-10 09:00:00","CAPE","surface",-71.0739,18.5953,471
"2026-09-09 18:00:00","2026-09-10 09:00:00","CAPE","surface",-71.0499,18.5953,439
"2026-09-09 18:00:00","2026-09-10 09:00:00","CAPE","surface",-71.026,18.5953,439
"2026-09-09 18:00:00","2026-09-10 09:00:00","CAPE","surface",-71.0021,18.5953,490
"2026-09-09 18:00:00","2026-09-10 09:00:00","CAPE","surface",-70.9782,18.5953,523
"2026-09-09 18:00:00","2026-09-10 09:00:00","CAPE","surface",-70.9542,18.5953,572
"2026-09-09 18:00:00","2026-09-10 09:00:00","CAPE","surface",-70.9303,18.5953,586
"2026-09-09 18:00:00","2026-09-10 09:00:00","CAPE","surface",-70.9064,18.5953,591
"2026-09-09 18:00:00","2026-09-10 09:00:00","CAPE","surface",-70.8825,18.5953,587
"2026-09-09 18:00:00","2026-09-10 09:00:00","CAPE","surface",-70.8585,18.5953,401
"2026-09-09 18:00:00","2026-09-10 09:00:00","CAPE","surface",-70.8346,18.5953,447
"2026-09-09 18:00:00","2026-09-10 09:00:00","CAPE","surface",-70.8107,18.5953,388
"2026-09-09 18:00:00","2026-09-10 09:00:00","CAPE","surface",-70.7868,18.5953,227
"2026-09-09 18:00:00","2026-09-10 09:00:00","CAPE","surface",-70.7628,18.5953,258
"2026-09-09 18:00:00","2026-09-10 09:00:00","CAPE","surface",-70.7389,18.5953,203
"2026-09-09 18:00:00","2026-09-10 09:00:00","CAPE","surface",-70.715,18.5953,387
"2026-09-09 18:00:00","2026-09-10 09:00:00","CAPE","surface",-70.6911,18.5953,415
"2026-09-09 18:00:00","2026-09-10 09:00:00","CAPE","surface",-70.6671,18.5953,415
"2026-09-09 18:00:00","2026-09-10 09:00:00","CAPE","surface",-70.6432,18.5953,346
"2026-09-09 18:00:00","2026-09-10 09:00:00","CAPE","surface",-70.6193,18.5953,444
"2026-09-09 18:00:00","2026-09-10 09:00:00","CAPE","surface",-70.5954,18.5953,476
"2026-09-09 18:00:00","2026-09-10 09:00:00","CAPE","surface",-70.5714,18.5953,476
"2026-09-09 18:00:00","2026-09-10 09:00:00","CAPE","surface",-70.5475,18.5953,601
"2026-09-09 18:00:00","2026-09-10 09:00:00","CAPE","surface",-70.5236,18.5953,700
"2026-09-09 18:00:00","2026-09-10 09:00:00","CAPE","surface",-70.4997,18.5953,783
"2026-09-09 18:00:00","2026-09-10 09:00:00","CAPE","surface",-70.4757,18.5953,818
"2026-09-09 18:00:00","2026-09-10 09:00:00","CAPE","surface",-70.4518,18.5953,818
"2026-09-09 18:00:00","2026-09-10 09:00:00","CAPE","surface",-70.4279,18.5953,781
"2026-09-09 18:00:00","2026-09-10 09:00:00","CAPE","surface",-70.404,18.5953,864
"2026-09-09 18:00:00","2026-09-10 09:00:00","CAPE","surface",-70.38,18.5953,996
"2026-09-09 18:00:00","2026-09-10 09:00:00","CAPE","surface",-70.3561,18.5953,1025
"2026-09-09 18:00:00","2026-09-10 09:00:00","CAPE","surface",-70.3322,18.5953,1098
"2026-09-09 18:00:00","2026-09-10 09:00:00","CAPE","surface",-70.3083,18.5953,1086
"2026-09-09 18:00:00","2026-09-10 09:00:00","CAPE","surface",-70.2843,18.5953,1050
"2026-09-09 18:00:00","2026-09-10 09:00:00","CAPE","surface",-70.2604,18.5953,952
"2026-09-09 18:00:00","2026-09-10 09:00:00","CAPE","surface",-70.2365,18.5953,952
"2026-09-09 18:00:00","2026-09-10 09:00:00","CAPE","surface",-70.2126,18.5953,943
"2026-09-09 18:00:00","2026-09-10 09:00:00","CAPE","surface",-70.1886,18.5953,957
"2026-09-09 18:00:00","2026-09-10 09:00:00","CAPE","surface",-70.1647,18.5953,995
"2026-09-09 18:00:00","2026-09-10 09:00:00","CAPE","surface",-70.1408,18.5953,967
"2026-09-09 18:00:00","2026-09-10 09:00:00","CAPE","surface",-70.1169,18.5953,971
"2026-09-09 18:00:00","2026-09-10 09:00:00","CAPE","surface",-70.0929,18.5953,1038
"2026-09-09 18:00:00","2026-09-10 09:00:00","CAPE","surface",-70.069,18.5953,1199
"2026-09-09 18:00:00","2026-09-10 09:00:00","CAPE","surface",-70.0451,18.5953,1252
"2026-09-09 18:00:00","2026-09-10 09:00:00","CAPE","surface",-70.0212,18.5953,1313
"2026-09-09 18:00:00","2026-09-10 09:00:00","CAPE","surface",-69.9972,18.5953,1340
"2026-09-09 18:00:00","2026-09-10 09:00:00","CAPE","surface",-69.9733,18.5953,1385
"2026-09-09 18:00:00","2026-09-10 09:00:00","CAPE","surface",-69.9494,18.5953,1425
"2026-09-09 18:00:00","2026-09-10 09:00:00","CAPE","surface",-69.9255,18.5953,1449
"2026-09-09 18:00:00","2026-09-10 09:00:00","CAPE","surface",-69.9015,18.5953,1473
"2026-09-09 18:00:00","2026-09-10 09:00:00","CAPE","surface",-69.8776,18.5953,1502
"2026-09-09 18:00:00","2026-09-10 09:00:00","CAPE","surface",-69.8537,18.5953,1522
"2026-09-09 18:00:00","2026-09-10 09:00:00","CAPE","surface",-69.8298,18.5953,1528
"2026-09-09 18:00:00","2026-09-10 09:00:00","CAPE","surface",-69.8058,18.5953,1539
"2026-09-09 18:00:00","2026-09-10 09:00:00","CAPE","surface",-69.7819,18.5953,1539
"2026-09-09 18:00:00","2026-09-10 09:00:00","CAPE","surface",-69.758,18.5953,1595
"2026-09-09 18:00:00","2026-09-10 09:00:00","CAPE","surface",-69.7341,18.5953,1671
"2026-09-09 18:00:00","2026-09-10 09:00:00","CAPE","surface",-69.7101,18.5953,1715
"2026-09-09 18:00:00","2026-09-10 09:00:00","CAPE","surface",-69.6862,18.5953,1732
"2026-09-09 18:00:00","2026-09-10 09:00:00","CAPE","surface",-69.6623,18.5953,1756
"2026-09-09 18:00:00","2026-09-10 09:00:00","CAPE","surface",-69.6384,18.5953,1778
"2026-09-09 18:00:00","2026-09-10 09:00:00","CAPE","surface",-69.6144,18.5953,1791
"2026-09-09 18:00:00","2026-09-10 09:00:00","CAPE","surface",-69.5905,18.5953,1781
"2026-09-09 18:00:00","2026-09-10 09:00:00","CAPE","surface",-69.5666,18.5953,1781
"2026-09-09 18:00:00","2026-09-10 09:00:00","CAPE","surface",-69.5427,18.5953,1753
"2026-09-09 18:00:00","2026-09-10 09:00:00","CAPE","surface",-69.5187,18.5953,1772
"2026-09-09 18:00:00","2026-09-10 09:00:00","CAPE","surface",-69.4948,18.5953,1819
"2026-09-09 18:00:00","2026-09-10 09:00:00","CAPE","surface",-69.4709,18.5953,1810
"2026-09-09 18:00:00","2026-09-10 09:00:00","CAPE","surface",-69.447,18.5953,1856
"2026-09-09 18:00:00","2026-09-10 09:00:00","CAPE","surface",-69.423,18.5953,1889
"2026-09-09 18:00:00","2026-09-10 09:00:00","CAPE","surface",-69.3991,18.5953,1907
"2026-09-09 18:00:00","2026-09-10 09:00:00","CAPE","surface",-69.3752,18.5953,1888
"2026-09-09 18:00:00","2026-09-10 09:00:00","CAPE","surface",-69.3513,18.5953,1888
"2026-09-09 18:00:00","2026-09-10 09:00:00","CAPE","surface",-69.3273,18.5953,1896
"2026-09-09 18:00:00","2026-09-10 09:00:00","CAPE","surface",-69.3034,18.5953,1919
"2026-09-09 18:00:00","2026-09-10 09:00:00","CAPE","surface",-69.2795,18.5953,1911
"2026-09-09 18:00:00","2026-09-10 09:00:00","CAPE","surface",-69.2556,18.5953,1951
"2026-09-09 18:00:00","2026-09-10 09:00:00","CAPE","surface",-69.2316,18.5953,1932
"2026-09-09 18:00:00","2026-09-10 09:00:00","CAPE","surface",-69.2077,18.5953,1967
"2026-09-09 18:00:00","2026-09-10 09:00:00","CAPE","surface",-69.1838,18.5953,1976
"2026-09-09 18:00:00","2026-09-10 09:00:00","CAPE","surface",-69.1599,18.5953,2019
"2026-09-09 18:00:00","2026-09-10 09:00:00","CAPE","surface",-69.1359,18.5953,2019
"2026-09-09 18:00:00","2026-09-10 09:00:00","CAPE","surface",-69.112,18.5953,2064
"2026-09-09 18:00:00","2026-09-10 09:00:00","CAPE","surface",-69.0881,18.5953,2109
"2026-09-09 18:00:00","2026-09-10 09:00:00","CAPE","surface",-69.0642,18.5953,2132
"2026-09-09 18:00:00","2026-09-10 09:00:00","CAPE","surface",-69.0402,18.5953,2152
"2026-09-09 18:00:00","2026-09-10 09:00:00","CAPE","surface",-69.0163,18.5953,2198
"2026-09-09 18:00:00","2026-09-10 09:00:00","CAPE","surface",-68.9924,18.5953,2281
"2026-09-09 18:00:00","2026-09-10 09:00:00","CAPE","surface",-68.9685,18.5953,2332
"2026-09-09 18:00:00","2026-09-10 09:00:00","CAPE","surface",-68.9445,18.5953,2359
"2026-09-09 18:00:00","2026-09-10 09:00:00","CAPE","surface",-68.9206,18.5953,2401
"2026-09-09 18:00:00","2026-09-10 09:00:00","CAPE","surface",-68.8967,18.5953,2450
"2026-09-09 18:00:00","2026-09-10 09:00:00","CAPE","surface",-68.8728,18.5953,2481
"2026-09-09 18:00:00","2026-09-10 09:00:00","CAPE","surface",-68.8488,18.5953,2478
"2026-09-09 18:00:00","2026-09-10 09:00:00","CAPE","surface",-68.8249,18.5953,2496
"2026-09-09 18:00:00","2026-09-10 09:00:00","CAPE","surface",-68.801,18.5953,2495
"2026-09-09 18:00:00","2026-09-10 09:00:00","CAPE","surface",-68.7771,18.5953,2481
"2026-09-09 18:00:00","2026-09-10 09:00:00","CAPE","surface",-68.7531,18.5953,2448
"2026-09-09 18:00:00","2026-09-10 09:00:00","CAPE","surface",-68.7292,18.5953,2415
"2026-09-09 18:00:00","2026-09-10 09:00:00","CAPE","surface",-68.7053,18.5953,2343
"2026-09-09 18:00:00","2026-09-10 09:00:00","CAPE","surface",-68.6813,18.5953,2133
"2026-09-09 18:00:00","2026-09-10 09:00:00","CAPE","surface",-68.6574,18.5953,2007
"2026-09-09 18:00:00","2026-09-10 09:00:00","CAPE","surface",-68.6335,18.5953,1941
"2026-09-09 18:00:00","2026-09-10 09:00:00","CAPE","surface",-68.6096,18.5953,1958
"2026-09-09 18:00:00","2026-09-10 09:00:00","CAPE","surface",-68.5856,18.5953,1955
"2026-09-09 18:00:00","2026-09-10 09:00:00","CAPE","surface",-68.5617,18.5953,1964
"2026-09-09 18:00:00","2026-09-10 09:00:00","CAPE","surface",-68.5378,18.5953,1980
"2026-09-09 18:00:00","2026-09-10 09:00:00","CAPE","surface",-68.5139,18.5953,1967
"2026-09-09 18:00:00","2026-09-10 09:00:00","CAPE","surface",-68.4899,18.5953,1990
"2026-09-09 18:00:00","2026-09-10 09:00:00","CAPE","surface",-68.466,18.5953,2035
"2026-09-09 18:00:00","2026-09-10 09:00:00","CAPE","surface",-68.4421,18.5953,2088
"2026-09-09 18:00:00","2026-09-10 09:00:00","CAPE","surface",-68.4182,18.5953,2088
"2026-09-09 18:00:00","2026-09-10 09:00:00","CAPE","surface",-68.3942,18.5953,2165
"2026-09-09 18:00:00","2026-09-10 09:00:00","CAPE","surface",-68.3703,18.5953,2264
"2026-09-09 18:00:00","2026-09-10 09:00:00","CAPE","surface",-68.3464,18.5953,2357
"2026-09-09 18:00:00","2026-09-10 09:00:00","CAPE","surface",-68.3225,18.5953,2357
"2026-09-09 18:00:00","2026-09-10 09:00:00","CAPE","surface",-68.2985,18.5953,2638
"2026-09-09 18:00:00","2026-09-10 09:00:00","CAPE","surface",-68.2746,18.5953,2621
"2026-09-09 18:00:00","2026-09-10 09:00:00","CAPE","surface",-68.2507,18.5953,2624
"2026-09-09 18:00:00","2026-09-10 09:00:00","CAPE","surface",-68.2268,18.5953,2548
"2026-09-09 18:00:00","2026-09-10 09:00:00","CAPE","surface",-68.2028,18.5953,2548
"2026-09-09 18:00:00","2026-09-10 09:00:00","CAPE","surface",-68.1789,18.5953,2360
"2026-09-09 18:00:00","2026-09-10 09:00:00","CAPE","surface",-68.155,18.5953,2244
"2026-09-09 18:00:00","2026-09-10 09:00:00","CAPE","surface",-68.1311,18.5953,2179
"2026-09-09 18:00:00","2026-09-10 09:00:00","CAPE","surface",-68.1071,18.5953,2179
"2026-09-09 18:00:00","2026-09-10 09:00:00","CAPE","surface",-68.0832,18.5953,2282
"2026-09-09 18:00:00","2026-09-10 09:00:00","CAPE","surface",-68.0593,18.5953,2558
"2026-09-09 18:00:00","2026-09-10 09:00:00","CAPE","surface",-68.0354,18.5953,2559
"2026-09-09 18:00:00","2026-09-10 09:00:00","CAPE","surface",-68.0114,18.5953,2600
"2026-09-09 18:00:00","2026-09-10 09:00:00","CAPE","surface",-67.9875,18.5953,2591
"2026-09-09 18:00:00","2026-09-10 09:00:00","CAPE","surface",-67.9636,18.5953,2567
"2026-09-09 18:00:00","2026-09-10 09:00:00","CAPE","surface",-67.9397,18.5953,2526
"2026-09-09 18:00:00","2026-09-10 09:00:00","CAPE","surface",-67.9157,18.5953,2494
"2026-09-09 18:00:00","2026-09-10 09:00:00","CAPE","surface",-67.8918,18.5953,2461
"2026-09-09 18:00:00","2026-09-10 09:00:00","CAPE","surface",-67.8679,18.5953,2446
"2026-09-09 18:00:00","2026-09-10 09:00:00","CAPE","surface",-67.844,18.5953,2474
"2026-09-09 18:00:00","2026-09-10 09:00:00","CAPE","surface",-67.82,18.5953,2442
"2026-09-09 18:00:00","2026-09-10 09:00:00","CAPE","surface",-67.7961,18.5953,2544
"2026-09-09 18:00:00","2026-09-10 09:00:00","CAPE","surface",-67.7722,18.5953,2513
"2026-09-09 18:00:00","2026-09-10 09:00:00","CAPE","surface",-67.7483,18.5953,2573
"2026-09-09 18:00:00","2026-09-10 09:00:00","CAPE","surface",-67.7243,18.5953,2682
"2026-09-09 18:00:00","2026-09-10 09:00:00","CAPE","surface",-67.7004,18.5953,2682
"2026-09-09 18:00:00","2026-09-10 09:00:00","CAPE","surface",-67.6765,18.5953,2892
"2026-09-09 18:00:00","2026-09-10 09:00:00","CAPE","surface",-67.6526,18.5953,2807
"2026-09-09 18:00:00","2026-09-10 09:00:00","CAPE","surface",-67.6286,18.5953,2695
"2026-09-09 18:00:00","2026-09-10 09:00:00","CAPE","surface",-67.6047,18.5953,2695
"2026-09-09 18:00:00","2026-09-10 09:00:00","CAPE","surface",-67.5808,18.5953,2535
"2026-09-09 18:00:00","2026-09-10 09:00:00","CAPE","surface",-67.5569,18.5953,2391
"2026-09-09 18:00:00","2026-09-10 09:00:00","CAPE","surface",-67.5329,18.5953,2338
"2026-09-09 18:00:00","2026-09-10 09:00:00","CAPE","surface",-67.509,18.5953,2344
"2026-09-09 18:00:00","2026-09-10 09:00:00","CAPE","surface",-67.4851,18.5953,2349
"2026-09-09 18:00:00","2026-09-10 09:00:00","CAPE","surface",-67.4612,18.5953,2353
"2026-09-09 18:00:00","2026-09-10 09:00:00","CAPE","surface",-67.4372,18.5953,2338
"2026-09-09 18:00:00","2026-09-10 09:00:00","CAPE","surface",-67.4133,18.5953,2434
"2026-09-09 18:00:00","2026-09-10 09:00:00","CAPE","surface",-67.3894,18.5953,2417
"2026-09-09 18:00:00","2026-09-10 09:00:00","CAPE","surface",-67.3655,18.5953,2476
"2026-09-09 18:00:00","2026-09-10 09:00:00","CAPE","surface",-67.3415,18.5953,2455
"2026-09-09 18:00:00","2026-09-10 09:00:00","CAPE","surface",-67.3176,18.5953,2455
"2026-09-09 18:00:00","2026-09-10 09:00:00","CAPE","surface",-67.2937,18.5953,2383
"2026-09-09 18:00:00","2026-09-10 09:00:00","CAPE","surface",-67.2698,18.5953,2358
"2026-09-09 18:00:00","2026-09-10 09:00:00","CAPE","surface",-67.2458,18.5953,2360
"2026-09-09 18:00:00","2026-09-10 09:00:00","CAPE","surface",-67.2219,18.5953,2360
"2026-09-09 18:00:00","2026-09-10 09:00:00","CAPE","surface",-67.198,18.5953,2378
"2026-09-09 18:00:00","2026-09-10 09:00:00","CAPE","surface",-67.1741,18.5953,2398
"2026-09-09 18:00:00","2026-09-10 09:00:00","CAPE","surface",-67.1501,18.5953,2369
"2026-09-09 18:00:00","2026-09-10 09:00:00","CAPE","surface",-67.1262,18.5953,2415
"2026-09-09 18:00:00","2026-09-10 09:00:00","CAPE","surface",-67.1023,18.5953,2384
"2026-09-09 18:00:00","2026-09-10 09:00:00","CAPE","surface",-67.0784,18.5953,2438
"2026-09-09 18:00:00","2026-09-10 09:00:00","CAPE","surface",-67.0544,18.5953,2435
"2026-09-09 18:00:00","2026-09-10 09:00:00","CAPE","surface",-67.0305,18.5953,2505
"2026-09-09 18:00:00","2026-09-10 09:00:00","CAPE","surface",-67.0066,18.5953,2553
"2026-09-09 18:00:00","2026-09-10 09:00:00","CAPE","surface",-74.7822,18.6179,2030
"2026-09-09 18:00:00","2026-09-10 09:00:00","CAPE","surface",-74.7583,18.6179,2015
"2026-09-09 18:00:00","2026-09-10 09:00:00","CAPE","surface",-74.7344,18.6179,2027
"2026-09-09 18:00:00","2026-09-10 09:00:00","CAPE","surface",-74.7105,18.6179,2014
"2026-09-09 18:00:00","2026-09-10 09:00:00","CAPE","surface",-74.6865,18.6179,2014
"2026-09-09 18:00:00","2026-09-10 09:00:00","CAPE","surface",-74.6626,18.6179,1936
"2026-09-09 18:00:00","2026-09-10 09:00:00","CAPE","surface",-74.6387,18.6179,1831
"2026-09-09 18:00:00","2026-09-10 09:00:00","CAPE","surface",-74.6148,18.6179,1828
"2026-09-09 18:00:00","2026-09-10 09:00:00","CAPE","surface",-74.5908,18.6179,1844
"2026-09-09 18:00:00","2026-09-10 09:00:00","CAPE","surface",-74.5669,18.6179,1889
"2026-09-09 18:00:00","2026-09-10 09:00:00","CAPE","surface",-74.543,18.6179,1952
"2026-09-09 18:00:00","2026-09-10 09:00:00","CAPE","surface",-74.5191,18.6179,1945
"2026-09-09 18:00:00","2026-09-10 09:00:00","CAPE","surface",-74.4951,18.6179,1953
"2026-09-09 18:00:00","2026-09-10 09:00:00","CAPE","surface",-74.4712,18.6179,1950
"2026-09-09 18:00:00","2026-09-10 09:00:00","CAPE","surface",-74.4473,18.6179,1952
"2026-09-09 18:00:00","2026-09-10 09:00:00","CAPE","surface",-74.4234,18.6179,1979
"2026-09-09 18:00:00","2026-09-10 09:00:00","CAPE","surface",-74.3994,18.6179,2359
"2026-09-09 18:00:00","2026-09-10 09:00:00","CAPE","surface",-74.3755,18.6179,1920
"2026-09-09 18:00:00","2026-09-10 09:00:00","CAPE","surface",-74.3516,18.6179,1984
"2026-09-09 18:00:00","2026-09-10 09:00:00","CAPE","surface",-74.3277,18.6179,1561
"2026-09-09 18:00:00","2026-09-10 09:00:00","CAPE","surface",-74.3037,18.6179,1242
"2026-09-09 18:00:00","2026-09-10 09:00:00","CAPE","surface",-74.2798,18.6179,1100
"2026-09-09 18:00:00","2026-09-10 09:00:00","CAPE","surface",-74.2559,18.6179,1090
"2026-09-09 18:00:00","2026-09-10 09:00:00","CAPE","surface",-74.232,18.6179,943
"2026-09-09 18:00:00","2026-09-10 09:00:00","CAPE","surface",-74.208,18.6179,937
"2026-09-09 18:00:00","2026-09-10 09:00:00","CAPE","surface",-74.1841,18.6179,822
"2026-09-09 18:00:00","2026-09-10 09:00:00","CAPE","surface",-74.1602,18.6179,731
"2026-09-09 18:00:00","2026-09-10 09:00:00","CAPE","surface",-74.1363,18.6179,641
"2026-09-09 18:00:00","2026-09-10 09:00:00","CAPE","surface",-74.1123,18.6179,641
"2026-09-09 18:00:00","2026-09-10 09:00:00","CAPE","surface",-74.0884,18.6179,641
"2026-09-09 18:00:00","2026-09-10 09:00:00","CAPE","surface",-74.0645,18.6179,740
"2026-09-09 18:00:00","2026-09-10 09:00:00","CAPE","surface",-74.0406,18.6179,690
"2026-09-09 18:00:00","2026-09-10 09:00:00","CAPE","surface",-74.0166,18.6179,981
"2026-09-09 18:00:00","2026-09-10 09:00:00","CAPE","surface",-73.9927,18.6179,842
"2026-09-09 18:00:00","2026-09-10 09:00:00","CAPE","surface",-73.9688,18.6179,919
"2026-09-09 18:00:00","2026-09-10 09:00:00","CAPE","surface",-73.9449,18.6179,919
"2026-09-09 18:00:00","2026-09-10 09:00:00","CAPE","surface",-73.9209,18.6179,1333
"2026-09-09 18:00:00","2026-09-10 09:00:00","CAPE","surface",-73.897,18.6179,1566
"2026-09-09 18:00:00","2026-09-10 09:00:00","CAPE","surface",-73.8731,18.6179,1517
"2026-09-09 18:00:00","2026-09-10 09:00:00","CAPE","surface",-73.8492,18.6179,1423
"2026-09-09 18:00:00","2026-09-10 09:00:00","CAPE","surface",-73.8252,18.6179,1559
"2026-09-09 18:00:00","2026-09-10 09:00:00","CAPE","surface",-73.8013,18.6179,1559
"2026-09-09 18:00:00","2026-09-10 09:00:00","CAPE","surface",-73.7774,18.6179,1627
"2026-09-09 18:00:00","2026-09-10 09:00:00","CAPE","surface",-73.7535,18.6179,1641
"2026-09-09 18:00:00","2026-09-10 09:00:00","CAPE","surface",-73.7295,18.6179,1526
"2026-09-09 18:00:00","2026-09-10 09:00:00","CAPE","surface",-73.7056,18.6179,1859
"2026-09-09 18:00:00","2026-09-10 09:00:00","CAPE","surface",-73.6817,18.6179,1859
"2026-09-09 18:00:00","2026-09-10 09:00:00","CAPE","surface",-73.6578,18.6179,1896
"2026-09-09 18:00:00","2026-09-10 09:00:00","CAPE","surface",-73.6338,18.6179,1818
"2026-09-09 18:00:00","2026-09-10 09:00:00","CAPE","surface",-73.6099,18.6179,1748
"2026-09-09 18:00:00","2026-09-10 09:00:00","CAPE","surface",-73.586,18.6179,1732
"2026-09-09 18:00:00","2026-09-10 09:00:00","CAPE","surface",-73.5621,18.6179,1706
"2026-09-09 18:00:00","2026-09-10 09:00:00","CAPE","surface",-73.5381,18.6179,1706
"2026-09-09 18:00:00","2026-09-10 09:00:00","CAPE","surface",-73.5142,18.6179,1612
"2026-09-09 18:00:00","2026-09-10 09:00:00","CAPE","surface",-73.4903,18.6179,1704
"2026-09-09 18:00:00","2026-09-10 09:00:00","CAPE","surface",-73.4664,18.6179,1593
"2026-09-09 18:00:00","2026-09-10 09:00:00","CAPE","surface",-73.4424,18.6179,1585
"2026-09-09 18:00:00","2026-09-10 09:00:00","CAPE","surface",-73.4185,18.6179,1667
"2026-09-09 18:00:00","2026-09-10 09:00:00","CAPE","surface",-73.3946,18.6179,1667
"2026-09-09 18:00:00","2026-09-10 09:00:00","CAPE","surface",-73.3707,18.6179,1816
"2026-09-09 18:00:00","2026-09-10 09:00:00","CAPE","surface",-73.3467,18.6179,1875
"2026-09-09 18:00:00","2026-09-10 09:00:00","CAPE","surface",-73.3228,18.6179,1932
"2026-09-09 18:00:00","2026-09-10 09:00:00","CAPE","surface",-73.2989,18.6179,1965
"2026-09-09 18:00:00","2026-09-10 09:00:00","CAPE","surface",-73.275,18.6179,2049
"2026-09-09 18:00:00","2026-09-10 09:00:00","CAPE","surface",-73.251,18.6179,2055
"2026-09-09 18:00:00","2026-09-10 09:00:00","CAPE","surface",-73.2271,18.6179,2141
"2026-09-09 18:00:00","2026-09-10 09:00:00","CAPE","surface",-73.2032,18.6179,2220
"2026-09-09 18:00:00","2026-09-10 09:00:00","CAPE","surface",-73.1793,18.6179,2304
"2026-09-09 18:00:00","2026-09-10 09:00:00","CAPE","surface",-73.1553,18.6179,2167
"2026-09-09 18:00:00","2026-09-10 09:00:00","CAPE","surface",-73.1314,18.6179,2040
"2026-09-09 18:00:00","2026-09-10 09:00:00","CAPE","surface",-73.1075,18.6179,1945
"2026-09-09 18:00:00","2026-09-10 09:00:00","CAPE","surface",-73.0836,18.6179,1958
"2026-09-09 18:00:00","2026-09-10 09:00:00","CAPE","surface",-73.0596,18.6179,1973
"2026-09-09 18:00:00","2026-09-10 09:00:00","CAPE","surface",-73.0357,18.6179,1973
"2026-09-09 18:00:00","2026-09-10 09:00:00","CAPE","surface",-73.0118,18.6179,1992
"2026-09-09 18:00:00","2026-09-10 09:00:00","CAPE","surface",-72.9879,18.6179,2215
"2026-09-09 18:00:00","2026-09-10 09:00:00","CAPE","surface",-72.9639,18.6179,2306
"2026-09-09 18:00:00","2026-09-10 09:00:00","CAPE","surface",-72.94,18.6179,2440
"2026-09-09 18:00:00","2026-09-10 09:00:00","CAPE","surface",-72.9161,18.6179,2434
"2026-09-09 18:00:00","2026-09-10 09:00:00","CAPE","surface",-72.8922,18.6179,2434
"2026-09-09 18:00:00","2026-09-10 09:00:00","CAPE","surface",-72.8682,18.6179,2122
"2026-09-09 18:00:00","2026-09-10 09:00:00","CAPE","surface",-72.8443,18.6179,2249
"2026-09-09 18:00:00","2026-09-10 09:00:00","CAPE","surface",-72.8204,18.6179,2080
"2026-09-09 18:00:00","2026-09-10 09:00:00","CAPE","surface",-72.7965,18.6179,2135
"2026-09-09 18:00:00","2026-09-10 09:00:00","CAPE","surface",-72.7725,18.6179,1762
"2026-09-09 18:00:00","2026-09-10 09:00:00","CAPE","surface",-72.7486,18.6179,1839
"2026-09-09 18:00:00","2026-09-10 09:00:00","CAPE","surface",-72.7247,18.6179,1545
"2026-09-09 18:00:00","2026-09-10 09:00:00","CAPE","surface",-72.7008,18.6179,1635
"2026-09-09 18:00:00","2026-09-10 09:00:00","CAPE","surface",-72.6768,18.6179,1455
"2026-09-09 18:00:00","2026-09-10 09:00:00","CAPE","surface",-72.6529,18.6179,1460
"2026-09-09 18:00:00","2026-09-10 09:00:00","CAPE","surface",-72.629,18.6179,1476
"2026-09-09 18:00:00","2026-09-10 09:00:00","CAPE","surface",-72.6051,18.6179,1380
"2026-09-09 18:00:00","2026-09-10 09:00:00","CAPE","surface",-72.5811,18.6179,1347
"2026-09-09 18:00:00","2026-09-10 09:00:00","CAPE","surface",-72.5572,18.6179,1314
"2026-09-09 18:00:00","2026-09-10 09:00:00","CAPE","surface",-72.5333,18.6179,1314
"2026-09-09 18:00:00","2026-09-10 09:00:00","CAPE","surface",-72.5094,18.6179,1335
"2026-09-09 18:00:00","2026-09-10 09:00:00","CAPE","surface",-72.4854,18.6179,1279
"2026-09-09 18:00:00","2026-09-10 09:00:00","CAPE","surface",-72.4615,18.6179,1338
"2026-09-09 18:00:00","2026-09-10 09:00:00","CAPE","surface",-72.4376,18.6179,1270
"2026-09-09 18:00:00","2026-09-10 09:00:00","CAPE","surface",-72.4137,18.6179,1261
"2026-09-09 18:00:00","2026-09-10 09:00:00","CAPE","surface",-72.3897,18.6179,1261
"2026-09-09 18:00:00","2026-09-10 09:00:00","CAPE","surface",-72.3658,18.6179,1213
"2026-09-09 18:00:00","2026-09-10 09:00:00","CAPE","surface",-72.3419,18.6179,1092
"2026-09-09 18:00:00","2026-09-10 09:00:00","CAPE","surface",-72.318,18.6179,877
"2026-09-09 18:00:00","2026-09-10 09:00:00","CAPE","surface",-72.294,18.6179,858
"2026-09-09 18:00:00","2026-09-10 09:00:00","CAPE","surface",-72.2701,18.6179,875
"2026-09-09 18:00:00","2026-09-10 09:00:00","CAPE","surface",-72.2462,18.6179,899
"2026-09-09 18:00:00","2026-09-10 09:00:00","CAPE","surface",-72.2223,18.6179,921
"2026-09-09 18:00:00","2026-09-10 09:00:00","CAPE","surface",-72.1983,18.6179,966
"2026-09-09 18:00:00","2026-09-10 09:00:00","CAPE","surface",-72.1744,18.6179,985
"2026-09-09 18:00:00","2026-09-10 09:00:00","CAPE","surface",-72.1505,18.6179,1015
"2026-09-09 18:00:00","2026-09-10 09:00:00","CAPE","surface",-72.1266,18.6179,1043
"2026-09-09 18:00:00","2026-09-10 09:00:00","CAPE","surface",-72.1026,18.6179,1079
"2026-09-09 18:00:00","2026-09-10 09:00:00","CAPE","surface",-72.0787,18.6179,1134
"2026-09-09 18:00:00","2026-09-10 09:00:00","CAPE","surface",-72.0548,18.6179,1345
"2026-09-09 18:00:00","2026-09-10 09:00:00","CAPE","surface",-72.0309,18.6179,1345
"2026-09-09 18:00:00","2026-09-10 09:00:00","CAPE","surface",-72.0069,18.6179,938
"2026-09-09 18:00:00","2026-09-10 09:00:00","CAPE","surface",-71.983,18.6179,880
"2026-09-09 18:00:00","2026-09-10 09:00:00","CAPE","surface",-71.9591,18.6179,741
"2026-09-09 18:00:00","2026-09-10 09:00:00","CAPE","surface",-71.9352,18.6179,811
"2026-09-09 18:00:00","2026-09-10 09:00:00","CAPE","surface",-71.9112,18.6179,716
"2026-09-09 18:00:00","2026-09-10 09:00:00","CAPE","surface",-71.8873,18.6179,792
"2026-09-09 18:00:00","2026-09-10 09:00:00","CAPE","surface",-71.8634,18.6179,785
"2026-09-09 18:00:00","2026-09-10 09:00:00","CAPE","surface",-71.8395,18.6179,695
"2026-09-09 18:00:00","2026-09-10 09:00:00","CAPE","surface",-71.8155,18.6179,768
"2026-09-09 18:00:00","2026-09-10 09:00:00","CAPE","surface",-71.7916,18.6179,495
"2026-09-09 18:00:00","2026-09-10 09:00:00","CAPE","surface",-71.7677,18.6179,624
"2026-09-09 18:00:00","2026-09-10 09:00:00","CAPE","surface",-71.7438,18.6179,412
"2026-09-09 18:00:00","2026-09-10 09:00:00","CAPE","surface",-71.7198,18.6179,707
"2026-09-09 18:00:00","2026-09-10 09:00:00","CAPE","surface",-71.6959,18.6179,564
"2026-09-09 18:00:00","2026-09-10 09:00:00","CAPE","surface",-71.672,18.6179,564
"2026-09-09 18:00:00","2026-09-10 09:00:00","CAPE","surface",-71.6481,18.6179,327
"2026-09-09 18:00:00","2026-09-10 09:00:00","CAPE","surface",-71.6241,18.6179,380
"2026-09-09 18:00:00","2026-09-10 09:00:00","CAPE","surface",-71.6002,18.6179,308
"2026-09-09 18:00:00","2026-09-10 09:00:00","CAPE","surface",-71.5763,18.6179,274
"2026-09-09 18:00:00","2026-09-10 09:00:00","CAPE","surface",-71.5524,18.6179,200
"2026-09-09 18:00:00","2026-09-10 09:00:00","CAPE","surface",-71.5284,18.6179,175
"2026-09-09 18:00:00","2026-09-10 09:00:00","CAPE","surface",-71.5045,18.6179,239
"2026-09-09 18:00:00","2026-09-10 09:00:00","CAPE","surface",-71.4806,18.6179,273
"2026-09-09 18:00:00","2026-09-10 09:00:00","CAPE","surface",-71.4567,18.6179,348
"2026-09-09 18:00:00","2026-09-10 09:00:00","CAPE","surface",-71.4327,18.6179,294
"2026-09-09 18:00:00","2026-09-10 09:00:00","CAPE","surface",-71.4088,18.6179,381
"2026-09-09 18:00:00","2026-09-10 09:00:00","CAPE","surface",-71.3849,18.6179,444
"2026-09-09 18:00:00","2026-09-10 09:00:00","CAPE","surface",-71.361,18.6179,485
"2026-09-09 18:00:00","2026-09-10 09:00:00","CAPE","surface",-71.337,18.6179,507
"2026-09-09 18:00:00","2026-09-10 09:00:00","CAPE","surface",-71.3131,18.6179,507
"2026-09-09 18:00:00","2026-09-10 09:00:00","CAPE","surface",-71.2892,18.6179,533
"2026-09-09 18:00:00","2026-09-10 09:00:00","CAPE","surface",-71.2653,18.6179,564
"2026-09-09 18:00:00","2026-09-10 09:00:00","CAPE","surface",-71.2413,18.6179,557
"2026-09-09 18:00:00","2026-09-10 09:00:00","CAPE","surface",-71.2174,18.6179,517
"2026-09-09 18:00:00","2026-09-10 09:00:00","CAPE","surface",-71.1935,18.6179,517
"2026-09-09 18:00:00","2026-09-10 09:00:00","CAPE","surface",-71.1696,18.6179,508
"2026-09-09 18:00:00","2026-09-10 09:00:00","CAPE","surface",-71.1456,18.6179,505
"2026-09-09 18:00:00","2026-09-10 09:00:00","CAPE","surface",-71.1217,18.6179,503
"2026-09-09 18:00:00","2026-09-10 09:00:00","CAPE","surface",-71.0978,18.6179,503
"2026-09-09 18:00:00","2026-09-10 09:00:00","CAPE","surface",-71.0739,18.6179,449
"2026-09-09 18:00:00","2026-09-10 09:00:00","CAPE","surface",-71.0499,18.6179,446
"2026-09-09 18:00:00","2026-09-10 09:00:00","CAPE","surface",-71.026,18.6179,467
"2026-09-09 18:00:00","2026-09-10 09:00:00","CAPE","surface",-71.0021,18.6179,490
"2026-09-09 18:00:00","2026-09-10 09:00:00","CAPE","surface",-70.9782,18.6179,564
"2026-09-09 18:00:00","2026-09-10 09:00:00","CAPE","surface",-70.9542,18.6179,569
"2026-09-09 18:00:00","2026-09-10 09:00:00","CAPE","surface",-70.9303,18.6179,584
"2026-09-09 18:00:00","2026-09-10 09:00:00","CAPE","surface",-70.9064,18.6179,563
"2026-09-09 18:00:00","2026-09-10 09:00:00","CAPE","surface",-70.8825,18.6179,483
"2026-09-09 18:00:00","2026-09-10 09:00:00","CAPE","surface",-70.8585,18.6179,329
"2026-09-09 18:00:00","2026-09-10 09:00:00","CAPE","surface",-70.8346,18.6179,333
"2026-09-09 18:00:00","2026-09-10 09:00:00","CAPE","surface",-70.8107,18.6179,175
"2026-09-09 18:00:00","2026-09-10 09:00:00","CAPE","surface",-70.7868,18.6179,227
"2026-09-09 18:00:00","2026-09-10 09:00:00","CAPE","surface",-70.7628,18.6179,150
"2026-09-09 18:00:00","2026-09-10 09:00:00","CAPE","surface",-70.7389,18.6179,150
"2026-09-09 18:00:00","2026-09-10 09:00:00","CAPE","surface",-70.715,18.6179,169
"2026-09-09 18:00:00","2026-09-10 09:00:00","CAPE","surface",-70.6911,18.6179,284
"2026-09-09 18:00:00","2026-09-10 09:00:00","CAPE","surface",-70.6671,18.6179,252
"2026-09-09 18:00:00","2026-09-10 09:00:00","CAPE","surface",-70.6432,18.6179,196
"2026-09-09 18:00:00","2026-09-10 09:00:00","CAPE","surface",-70.6193,18.6179,196
"2026-09-09 18:00:00","2026-09-10 09:00:00","CAPE","surface",-70.5954,18.6179,398
"2026-09-09 18:00:00","2026-09-10 09:00:00","CAPE","surface",-70.5714,18.6179,506
"2026-09-09 18:00:00","2026-09-10 09:00:00","CAPE","surface",-70.5475,18.6179,612
"2026-09-09 18:00:00","2026-09-10 09:00:00","CAPE","surface",-70.5236,18.6179,612
"2026-09-09 18:00:00","2026-09-10 09:00:00","CAPE","surface",-70.4997,18.6179,718
"2026-09-09 18:00:00","2026-09-10 09:00:00","CAPE","surface",-70.4757,18.6179,792
"2026-09-09 18:00:00","2026-09-10 09:00:00","CAPE","surface",-70.4518,18.6179,829
"2026-09-09 18:00:00","2026-09-10 09:00:00","CAPE","surface",-70.4279,18.6179,781
"2026-09-09 18:00:00","2026-09-10 09:00:00","CAPE","surface",-70.404,18.6179,786
"2026-09-09 18:00:00","2026-09-10 09:00:00","CAPE","surface",-70.38,18.6179,818
"2026-09-09 18:00:00","2026-09-10 09:00:00","CAPE","surface",-70.3561,18.6179,978
"2026-09-09 18:00:00","2026-09-10 09:00:00","CAPE","surface",-70.3322,18.6179,965
"2026-09-09 18:00:00","2026-09-10 09:00:00","CAPE","surface",-70.3083,18.6179,1075
"2026-09-09 18:00:00","2026-09-10 09:00:00","CAPE","surface",-70.2843,18.6179,1082
"2026-09-09 18:00:00","2026-09-10 09:00:00","CAPE","surface",-70.2604,18.6179,1111
"2026-09-09 18:00:00","2026-09-10 09:00:00","CAPE","surface",-70.2365,18.6179,947
"2026-09-09 18:00:00","2026-09-10 09:00:00","CAPE","surface",-70.2126,18.6179,943
"2026-09-09 18:00:00","2026-09-10 09:00:00","CAPE","surface",-70.1886,18.6179,968
"2026-09-09 18:00:00","2026-09-10 09:00:00","CAPE","surface",-70.1647,18.6179,999
"2026-09-09 18:00:00","2026-09-10 09:00:00","CAPE","surface",-70.1408,18.6179,967
"2026-09-09 18:00:00","2026-09-10 09:00:00","CAPE","surface",-70.1169,18.6179,1055
"2026-09-09 18:00:00","2026-09-10 09:00:00","CAPE","surface",-70.0929,18.6179,1132
"2026-09-09 18:00:00","2026-09-10 09:00:00","CAPE","surface",-70.069,18.6179,1152
"2026-09-09 18:00:00","2026-09-10 09:00:00","CAPE","surface",-70.0451,18.6179,1184
"2026-09-09 18:00:00","2026-09-10 09:00:00","CAPE","surface",-70.0212,18.6179,1279
"2026-09-09 18:00:00","2026-09-10 09:00:00","CAPE","surface",-69.9972,18.6179,1340
"2026-09-09 18:00:00","2026-09-10 09:00:00","CAPE","surface",-69.9733,18.6179,1337
"2026-09-09 18:00:00","2026-09-10 09:00:00","CAPE","surface",-69.9494,18.6179,1395
"2026-09-09 18:00:00","2026-09-10 09:00:00","CAPE","surface",-69.9255,18.6179,1439
"2026-09-09 18:00:00","2026-09-10 09:00:00","CAPE","surface",-69.9015,18.6179,1473
"2026-09-09 18:00:00","2026-09-10 09:00:00","CAPE","surface",-69.8776,18.6179,1507
"2026-09-09 18:00:00","2026-09-10 09:00:00","CAPE","surface",-69.8537,18.6179,1494
"2026-09-09 18:00:00","2026-09-10 09:00:00","CAPE","surface",-69.8298,18.6179,1516
"2026-09-09 18:00:00","2026-09-10 09:00:00","CAPE","surface",-69.8058,18.6179,1529
"2026-09-09 18:00:00","2026-09-10 09:00:00","CAPE","surface",-69.7819,18.6179,1559
"2026-09-09 18:00:00","2026-09-10 09:00:00","CAPE","surface",-69.758,18.6179,1632
"2026-09-09 18:00:00","2026-09-10 09:00:00","CAPE","surface",-69.7341,18.6179,1632
"2026-09-09 18:00:00","2026-09-10 09:00:00","CAPE","surface",-69.7101,18.6179,1704
"2026-09-09 18:00:00","2026-09-10 09:00:00","CAPE","surface",-69.6862,18.6179,1732
"2026-09-09 18:00:00","2026-09-10 09:00:00","CAPE","surface",-69.6623,18.6179,1765
"2026-09-09 18:00:00","2026-09-10 09:00:00","CAPE","surface",-69.6384,18.6179,1761
"2026-09-09 18:00:00","2026-09-10 09:00:00","CAPE","surface",-69.6144,18.6179,1765
"2026-09-09 18:00:00","2026-09-10 09:00:00","CAPE","surface",-69.5905,18.6179,1740
"2026-09-09 18:00:00","2026-09-10 09:00:00","CAPE","surface",-69.5666,18.6179,1743
"2026-09-09 18:00:00","2026-09-10 09:00:00","CAPE","surface",-69.5427,18.6179,1735
"2026-09-09 18:00:00","2026-09-10 09:00:00","CAPE","surface",-69.5187,18.6179,1735
"2026-09-09 18:00:00","2026-09-10 09:00:00","CAPE","surface",-69.4948,18.6179,1773
"2026-09-09 18:00:00","2026-09-10 09:00:00","CAPE","surface",-69.4709,18.6179,1810
"2026-09-09 18:00:00","2026-09-10 09:00:00","CAPE","surface",-69.447,18.6179,1862
"2026-09-09 18:00:00","2026-09-10 09:00:00","CAPE","surface",-69.423,18.6179,1862
"2026-09-09 18:00:00","2026-09-10 09:00:00","CAPE","surface",-69.3991,18.6179,1890
"2026-09-09 18:00:00","2026-09-10 09:00:00","CAPE","surface",-69.3752,18.6179,1910
"2026-09-09 18:00:00","2026-09-10 09:00:00","CAPE","surface",-69.3513,18.6179,1907
"2026-09-09 18:00:00","2026-09-10 09:00:00","CAPE","surface",-69.3273,18.6179,1939
"2026-09-09 18:00:00","2026-09-10 09:00:00","CAPE","surface",-69.3034,18.6179,1939
"2026-09-09 18:00:00","2026-09-10 09:00:00","CAPE","surface",-69.2795,18.6179,1969
"2026-09-09 18:00:00","2026-09-10 09:00:00","CAPE","surface",-69.2556,18.6179,1951
"2026-09-09 18:00:00","2026-09-10 09:00:00","CAPE","surface",-69.2316,18.6179,1986
"2026-09-09 18:00:00","2026-09-10 09:00:00","CAPE","surface",-69.2077,18.6179,1986
"2026-09-09 18:00:00","2026-09-10 09:00:00","CAPE","surface",-69.1838,18.6179,2027
"2026-09-09 18:00:00","2026-09-10 09:00:00","CAPE","surface",-69.1599,18.6179,2065
"2026-09-09 18:00:00","2026-09-10 09:00:00","CAPE","surface",-69.1359,18.6179,2064
"2026-09-09 18:00:00","2026-09-10 09:00:00","CAPE","surface",-69.112,18.6179,2093
"2026-09-09 18:00:00","2026-09-10 09:00:00","CAPE","surface",-69.0881,18.6179,2101
"2026-09-09 18:00:00","2026-09-10 09:00:00","CAPE","surface",-69.0642,18.6179,2130
"2026-09-09 18:00:00","2026-09-10 09:00:00","CAPE","surface",-69.0402,18.6179,2152
"2026-09-09 18:00:00","2026-09-10 09:00:00","CAPE","surface",-69.0163,18.6179,2226
"2026-09-09 18:00:00","2026-09-10 09:00:00","CAPE","surface",-68.9924,18.6179,2226
"2026-09-09 18:00:00","2026-09-10 09:00:00","CAPE","surface",-68.9685,18.6179,2300
"2026-09-09 18:00:00","2026-09-10 09:00:00","CAPE","surface",-68.9445,18.6179,2378
"2026-09-09 18:00:00","2026-09-10 09:00:00","CAPE","surface",-68.9206,18.6179,2420
"2026-09-09 18:00:00","2026-09-10 09:00:00","CAPE","surface",-68.8967,18.6179,2432
"2026-09-09 18:00:00","2026-09-10 09:00:00","CAPE","surface",-68.8728,18.6179,2473
"2026-09-09 18:00:00","2026-09-10 09:00:00","CAPE","surface",-68.8488,18.6179,2488
"2026-09-09 18:00:00","2026-09-10 09:00:00","CAPE","surface",-68.8249,18.6179,2496
"2026-09-09 18:00:00","2026-09-10 09:00:00","CAPE","surface",-68.801,18.6179,2486
"2026-09-09 18:00:00","2026-09-10 09:00:00","CAPE","surface",-68.7771,18.6179,2486
"2026-09-09 18:00:00","2026-09-10 09:00:00","CAPE","surface",-68.7531,18.6179,2417
"2026-09-09 18:00:00","2026-09-10 09:00:00","CAPE","surface",-68.7292,18.6179,2298
"2026-09-09 18:00:00","2026-09-10 09:00:00","CAPE","surface",-68.7053,18.6179,2280
"2026-09-09 18:00:00","2026-09-10 09:00:00","CAPE","surface",-68.6813,18.6179,2142
"2026-09-09 18:00:00","2026-09-10 09:00:00","CAPE","surface",-68.6574,18.6179,2103
"2026-09-09 18:00:00","2026-09-10 09:00:00","CAPE","surface",-68.6335,18.6179,1982
"2026-09-09 18:00:00","2026-09-10 09:00:00","CAPE","surface",-68.6096,18.6179,1958
"2026-09-09 18:00:00","2026-09-10 09:00:00","CAPE","surface",-68.5856,18.6179,1949
"2026-09-09 18:00:00","2026-09-10 09:00:00","CAPE","surface",-68.5617,18.6179,1949
"2026-09-09 18:00:00","2026-09-10 09:00:00","CAPE","surface",-68.5378,18.6179,1957
"2026-09-09 18:00:00","2026-09-10 09:00:00","CAPE","surface",-68.5139,18.6179,1959
"2026-09-09 18:00:00","2026-09-10 09:00:00","CAPE","surface",-68.4899,18.6179,1986
"2026-09-09 18:00:00","2026-09-10 09:00:00","CAPE","surface",-68.466,18.6179,1981
"2026-09-09 18:00:00","2026-09-10 09:00:00","CAPE","surface",-68.4421,18.6179,2031
"2026-09-09 18:00:00","2026-09-10 09:00:00","CAPE","surface",-68.4182,18.6179,2082
"2026-09-09 18:00:00","2026-09-10 09:00:00","CAPE","surface",-68.3942,18.6179,2165
"2026-09-09 18:00:00","2026-09-10 09:00:00","CAPE","surface",-68.3703,18.6179,2177
"2026-09-09 18:00:00","2026-09-10 09:00:00","CAPE","surface",-68.3464,18.6179,2362
"2026-09-09 18:00:00","2026-09-10 09:00:00","CAPE","surface",-68.3225,18.6179,2573
"2026-09-09 18:00:00","2026-09-10 09:00:00","CAPE","surface",-68.2985,18.6179,2615
"2026-09-09 18:00:00","2026-09-10 09:00:00","CAPE","surface",-68.2746,18.6179,2615
"2026-09-09 18:00:00","2026-09-10 09:00:00","CAPE","surface",-68.2507,18.6179,2637
"2026-09-09 18:00:00","2026-09-10 09:00:00","CAPE","surface",-68.2268,18.6179,2612
"2026-09-09 18:00:00","2026-09-10 09:00:00","CAPE","surface",-68.2028,18.6179,2483
"2026-09-09 18:00:00","2026-09-10 09:00:00","CAPE","surface",-68.1789,18.6179,2422
"2026-09-09 18:00:00","2026-09-10 09:00:00","CAPE","surface",-68.155,18.6179,2320
"2026-09-09 18:00:00","2026-09-10 09:00:00","CAPE","surface",-68.1311,18.6179,2350
"2026-09-09 18:00:00","2026-09-10 09:00:00","CAPE","surface",-68.1071,18.6179,2312
"2026-09-09 18:00:00","2026-09-10 09:00:00","CAPE","surface",-68.0832,18.6179,2537
"2026-09-09 18:00:00","2026-09-10 09:00:00","CAPE","surface",-68.0593,18.6179,2537
"2026-09-09 18:00:00","2026-09-10 09:00:00","CAPE","surface",-68.0354,18.6179,2604
"2026-09-09 18:00:00","2026-09-10 09:00:00","CAPE","surface",-68.0114,18.6179,2600
"2026-09-09 18:00:00","2026-09-10 09:00:00","CAPE","surface",-67.9875,18.6179,2590
"2026-09-09 18:00:00","2026-09-10 09:00:00","CAPE","surface",-67.9636,18.6179,2567
"2026-09-09 18:00:00","2026-09-10 09:00:00","CAPE","surface",-67.9397,18.6179,2537
"2026-09-09 18:00:00","2026-09-10 09:00:00","CAPE","surface",-67.9157,18.6179,2491
"2026-09-09 18:00:00","2026-09-10 09:00:00","CAPE","surface",-67.8918,18.6179,2461
"2026-09-09 18:00:00","2026-09-10 09:00:00","CAPE","surface",-67.8679,18.6179,2561
"2026-09-09 18:00:00","2026-09-10 09:00:00","CAPE","surface",-67.844,18.6179,2520
"2026-09-09 18:00:00","2026-09-10 09:00:00","CAPE","surface",-67.82,18.6179,2587
"2026-09-09 18:00:00","2026-09-10 09:00:00","CAPE","surface",-67.7961,18.6179,2632
"2026-09-09 18:00:00","2026-09-10 09:00:00","CAPE","surface",-67.7722,18.6179,2632
"2026-09-09 18:00:00","2026-09-10 09:00:00","CAPE","surface",-67.7483,18.6179,2716
"2026-09-09 18:00:00","2026-09-10 09:00:00","CAPE","surface",-67.7243,18.6179,2693
"2026-09-09 18:00:00","2026-09-10 09:00:00","CAPE","surface",-67.7004,18.6179,2921
"2026-09-09 18:00:00","2026-09-10 09:00:00","CAPE","surface",-67.6765,18.6179,2921
"2026-09-09 18:00:00","2026-09-10 09:00:00","CAPE","surface",-67.6526,18.6179,3051
"2026-09-09 18:00:00","2026-09-10 09:00:00","CAPE","surface",-67.6286,18.6179,3046
"2026-09-09 18:00:00","2026-09-10 09:00:00","CAPE","surface",-67.6047,18.6179,2814
"2026-09-09 18:00:00","2026-09-10 09:00:00","CAPE","surface",-67.5808,18.6179,2567
"2026-09-09 18:00:00","2026-09-10 09:00:00","CAPE","surface",-67.5569,18.6179,2567
"2026-09-09 18:00:00","2026-09-10 09:00:00","CAPE","surface",-67.5329,18.6179,2389
"2026-09-09 18:00:00","2026-09-10 09:00:00","CAPE","surface",-67.509,18.6179,2344
"2026-09-09 18:00:00","2026-09-10 09:00:00","CAPE","surface",-67.4851,18.6179,2359
"2026-09-09 18:00:00","2026-09-10 09:00:00","CAPE","surface",-67.4612,18.6179,2359
"2026-09-09 18:00:00","2026-09-10 09:00:00","CAPE","surface",-67.4372,18.6179,2415
"2026-09-09 18:00:00","2026-09-10 09:00:00","CAPE","surface",-67.4133,18.6179,2500
"2026-09-09 18:00:00","2026-09-10 09:00:00","CAPE","surface",-67.3894,18.6179,2500
"2026-09-09 18:00:00","2026-09-10 09:00:00","CAPE","surface",-67.3655,18.6179,2520
"2026-09-09 18:00:00","2026-09-10 09:00:00","CAPE","surface",-67.3415,18.6179,2504
"2026-09-09 18:00:00","2026-09-10 09:00:00","CAPE","surface",-67.3176,18.6179,2450
"2026-09-09 18:00:00","2026-09-10 09:00:00","CAPE","surface",-67.2937,18.6179,2383
"2026-09-09 18:00:00","2026-09-10 09:00:00","CAPE","surface",-67.2698,18.6179,2386
"2026-09-09 18:00:00","2026-09-10 09:00:00","CAPE","surface",-67.2458,18.6179,2404
"2026-09-09 18:00:00","2026-09-10 09:00:00","CAPE","surface",-67.2219,18.6179,2387
"2026-09-09 18:00:00","2026-09-10 09:00:00","CAPE","surface",-67.198,18.6179,2428
"2026-09-09 18:00:00","2026-09-10 09:00:00","CAPE","surface",-67.1741,18.6179,2428
"2026-09-09 18:00:00","2026-09-10 09:00:00","CAPE","surface",-67.1501,18.6179,2469
"2026-09-09 18:00:00","2026-09-10 09:00:00","CAPE","surface",-67.1262,18.6179,2415
"2026-09-09 18:00:00","2026-09-10 09:00:00","CAPE","surface",-67.1023,18.6179,2461
"2026-09-09 18:00:00","2026-09-10 09:00:00","CAPE","surface",-67.0784,18.6179,2552
"2026-09-09 18:00:00","2026-09-10 09:00:00","CAPE","surface",-67.0544,18.6179,2521
"2026-09-09 18:00:00","2026-09-10 09:00:00","CAPE","surface",-67.0305,18.6179,2568
"2026-09-09 18:00:00","2026-09-10 09:00:00","CAPE","surface",-67.0066,18.6179,2553
"2026-09-09 18:00:00","2026-09-10 09:00:00","CAPE","surface",-74.7822,18.6406,2006
"2026-09-09 18:00:00","2026-09-10 09:00:00","CAPE","surface",-74.7583,18.6406,1923
"2026-09-09 18:00:00","2026-09-10 09:00:00","CAPE","surface",-74.7344,18.6406,1982
"2026-09-09 18:00:00","2026-09-10 09:00:00","CAPE","surface",-74.7105,18.6406,1891
"2026-09-09 18:00:00","2026-09-10 09:00:00","CAPE","surface",-74.6865,18.6406,1908
"2026-09-09 18:00:00","2026-09-10 09:00:00","CAPE","surface",-74.6626,18.6406,1842
"2026-09-09 18:00:00","2026-09-10 09:00:00","CAPE","surface",-74.6387,18.6406,1831
"2026-09-09 18:00:00","2026-09-10 09:00:00","CAPE","surface",-74.6148,18.6406,1823
"2026-09-09 18:00:00","2026-09-10 09:00:00","CAPE","surface",-74.5908,18.6406,1844
"2026-09-09 18:00:00","2026-09-10 09:00:00","CAPE","surface",-74.5669,18.6406,1909
"2026-09-09 18:00:00","2026-09-10 09:00:00","CAPE","surface",-74.543,18.6406,1948
"2026-09-09 18:00:00","2026-09-10 09:00:00","CAPE","surface",-74.5191,18.6406,1999
"2026-09-09 18:00:00","2026-09-10 09:00:00","CAPE","surface",-74.4951,18.6406,1953
"2026-09-09 18:00:00","2026-09-10 09:00:00","CAPE","surface",-74.4712,18.6406,1850
"2026-09-09 18:00:00","2026-09-10 09:00:00","CAPE","surface",-74.4473,18.6406,1952
"2026-09-09 18:00:00","2026-09-10 09:00:00","CAPE","surface",-74.4234,18.6406,1860
"2026-09-09 18:00:00","2026-09-10 09:00:00","CAPE","surface",-74.3994,18.6406,2039
"2026-09-09 18:00:00","2026-09-10 09:00:00","CAPE","surface",-74.3755,18.6406,2258
"2026-09-09 18:00:00","2026-09-10 09:00:00","CAPE","surface",-74.3516,18.6406,1984
"2026-09-09 18:00:00","2026-09-10 09:00:00","CAPE","surface",-74.3277,18.6406,1558
"2026-09-09 18:00:00","2026-09-10 09:00:00","CAPE","surface",-74.3037,18.6406,1558
"2026-09-09 18:00:00","2026-09-10 09:00:00","CAPE","surface",-74.2798,18.6406,1591
"2026-09-09 18:00:00","2026-09-10 09:00:00","CAPE","surface",-74.2559,18.6406,1334
"2026-09-09 18:00:00","2026-09-10 09:00:00","CAPE","surface",-74.232,18.6406,1042
"2026-09-09 18:00:00","2026-09-10 09:00:00","CAPE","surface",-74.208,18.6406,937
"2026-09-09 18:00:00","2026-09-10 09:00:00","CAPE","surface",-74.1841,18.6406,835
"2026-09-09 18:00:00","2026-09-10 09:00:00","CAPE","surface",-74.1602,18.6406,835
"2026-09-09 18:00:00","2026-09-10 09:00:00","CAPE","surface",-74.1363,18.6406,854
"2026-09-09 18:00:00","2026-09-10 09:00:00","CAPE","surface",-74.1123,18.6406,1589
"2026-09-09 18:00:00","2026-09-10 09:00:00","CAPE","surface",-74.0884,18.6406,921
"2026-09-09 18:00:00","2026-09-10 09:00:00","CAPE","surface",-74.0645,18.6406,1231
"2026-09-09 18:00:00","2026-09-10 09:00:00","CAPE","surface",-74.0406,18.6406,1169
"2026-09-09 18:00:00","2026-09-10 09:00:00","CAPE","surface",-74.0166,18.6406,1338
"2026-09-09 18:00:00","2026-09-10 09:00:00","CAPE","surface",-73.9927,18.6406,1092
"2026-09-09 18:00:00","2026-09-10 09:00:00","CAPE","surface",-73.9688,18.6406,1070
"2026-09-09 18:00:00","2026-09-10 09:00:00","CAPE","surface",-73.9449,18.6406,1142
"2026-09-09 18:00:00","2026-09-10 09:00:00","CAPE","surface",-73.9209,18.6406,1488
"2026-09-09 18:00:00","2026-09-10 09:00:00","CAPE","surface",-73.897,18.6406,1488
"2026-09-09 18:00:00","2026-09-10 09:00:00","CAPE","surface",-73.8731,18.6406,1592
"2026-09-09 18:00:00","2026-09-10 09:00:00","CAPE","surface",-73.8492,18.6406,1551
"2026-09-09 18:00:00","2026-09-10 09:00:00","CAPE","surface",-73.8252,18.6406,1525
"2026-09-09 18:00:00","2026-09-10 09:00:00","CAPE","surface",-73.8013,18.6406,1554
"2026-09-09 18:00:00","2026-09-10 09:00:00","CAPE","surface",-73.7774,18.6406,1604
"2026-09-09 18:00:00","2026-09-10 09:00:00","CAPE","surface",-73.7535,18.6406,1604
"2026-09-09 18:00:00","2026-09-10 09:00:00","CAPE","surface",-73.7295,18.6406,1732
"2026-09-09 18:00:00","2026-09-10 09:00:00","CAPE","surface",-73.7056,18.6406,1818
"2026-09-09 18:00:00","2026-09-10 09:00:00","CAPE","surface",-73.6817,18.6406,1965
"2026-09-09 18:00:00","2026-09-10 09:00:00","CAPE","surface",-73.6578,18.6406,1896
"2026-09-09 18:00:00","2026-09-10 09:00:00","CAPE","surface",-73.6338,18.6406,1789
"2026-09-09 18:00:00","2026-09-10 09:00:00","CAPE","surface",-73.6099,18.6406,1749
"2026-09-09 18:00:00","2026-09-10 09:00:00","CAPE","surface",-73.586,18.6406,1812
"2026-09-09 18:00:00","2026-09-10 09:00:00","CAPE","surface",-73.5621,18.6406,1865
"2026-09-09 18:00:00","2026-09-10 09:00:00","CAPE","surface",-73.5381,18.6406,1610
"2026-09-09 18:00:00","2026-09-10 09:00:00","CAPE","surface",-73.5142,18.6406,1612
"2026-09-09 18:00:00","2026-09-10 09:00:00","CAPE","surface",-73.4903,18.6406,1579
"2026-09-09 18:00:00","2026-09-10 09:00:00","CAPE","surface",-73.4664,18.6406,1578
"2026-09-09 18:00:00","2026-09-10 09:00:00","CAPE","surface",-73.4424,18.6406,1660
"2026-09-09 18:00:00","2026-09-10 09:00:00","CAPE","surface",-73.4185,18.6406,1731
"2026-09-09 18:00:00","2026-09-10 09:00:00","CAPE","surface",-73.3946,18.6406,1801
"2026-09-09 18:00:00","2026-09-10 09:00:00","CAPE","surface",-73.3707,18.6406,1823
"2026-09-09 18:00:00","2026-09-10 09:00:00","CAPE","surface",-73.3467,18.6406,1886
"2026-09-09 18:00:00","2026-09-10 09:00:00","CAPE","surface",-73.3228,18.6406,1970
"2026-09-09 18:00:00","2026-09-10 09:00:00","CAPE","surface",-73.2989,18.6406,1984
"2026-09-09 18:00:00","2026-09-10 09:00:00","CAPE","surface",-73.275,18.6406,2060
"2026-09-09 18:00:00","2026-09-10 09:00:00","CAPE","surface",-73.251,18.6406,2089
"2026-09-09 18:00:00","2026-09-10 09:00:00","CAPE","surface",-73.2271,18.6406,2099
"2026-09-09 18:00:00","2026-09-10 09:00:00","CAPE","surface",-73.2032,18.6406,2213
"2026-09-09 18:00:00","2026-09-10 09:00:00","CAPE","surface",-73.1793,18.6406,2259
"2026-09-09 18:00:00","2026-09-10 09:00:00","CAPE","surface",-73.1553,18.6406,2167
"2026-09-09 18:00:00","2026-09-10 09:00:00","CAPE","surface",-73.1314,18.6406,1937
"2026-09-09 18:00:00","2026-09-10 09:00:00","CAPE","surface",-73.1075,18.6406,1937
"2026-09-09 18:00:00","2026-09-10 09:00:00","CAPE","surface",-73.0836,18.6406,1727
"2026-09-09 18:00:00","2026-09-10 09:00:00","CAPE","surface",-73.0596,18.6406,1863
"2026-09-09 18:00:00","2026-09-10 09:00:00","CAPE","surface",-73.0357,18.6406,1791
"2026-09-09 18:00:00","2026-09-10 09:00:00","CAPE","surface",-73.0118,18.6406,1992
"2026-09-09 18:00:00","2026-09-10 09:00:00","CAPE","surface",-72.9879,18.6406,2056
"2026-09-09 18:00:00","2026-09-10 09:00:00","CAPE","surface",-72.9639,18.6406,2056
"2026-09-09 18:00:00","2026-09-10 09:00:00","CAPE","surface",-72.94,18.6406,2056
"2026-09-09 18:00:00","2026-09-10 09:00:00","CAPE","surface",-72.9161,18.6406,2282
"2026-09-09 18:00:00","2026-09-10 09:00:00","CAPE","surface",-72.8922,18.6406,1995
"2026-09-09 18:00:00","2026-09-10 09:00:00","CAPE","surface",-72.8682,18.6406,1971
"2026-09-09 18:00:00","2026-09-10 09:00:00","CAPE","surface",-72.8443,18.6406,1971
"2026-09-09 18:00:00","2026-09-10 09:00:00","CAPE","surface",-72.8204,18.6406,1652
"2026-09-09 18:00:00","2026-09-10 09:00:00","CAPE","surface",-72.7965,18.6406,1698
"2026-09-09 18:00:00","2026-09-10 09:00:00","CAPE","surface",-72.7725,18.6406,1488
"2026-09-09 18:00:00","2026-09-10 09:00:00","CAPE","surface",-72.7486,18.6406,1501
"2026-09-09 18:00:00","2026-09-10 09:00:00","CAPE","surface",-72.7247,18.6406,1457
"2026-09-09 18:00:00","2026-09-10 09:00:00","CAPE","surface",-72.7008,18.6406,1436
"2026-09-09 18:00:00","2026-09-10 09:00:00","CAPE","surface",-72.6768,18.6406,1472
"2026-09-09 18:00:00","2026-09-10 09:00:00","CAPE","surface",-72.6529,18.6406,1460
"2026-09-09 18:00:00","2026-09-10 09:00:00","CAPE","surface",-72.629,18.6406,1422
"2026-09-09 18:00:00","2026-09-10 09:00:00","CAPE","surface",-72.6051,18.6406,1422
"2026-09-09 18:00:00","2026-09-10 09:00:00","CAPE","surface",-72.5811,18.6406,1378
"2026-09-09 18:00:00","2026-09-10 09:00:00","CAPE","surface",-72.5572,18.6406,1347
"2026-09-09 18:00:00","2026-09-10 09:00:00","CAPE","surface",-72.5333,18.6406,1379
"2026-09-09 18:00:00","2026-09-10 09:00:00","CAPE","surface",-72.5094,18.6406,1335
"2026-09-09 18:00:00","2026-09-10 09:00:00","CAPE","surface",-72.4854,18.6406,1386
"2026-09-09 18:00:00","2026-09-10 09:00:00","CAPE","surface",-72.4615,18.6406,1386
"2026-09-09 18:00:00","2026-09-10 09:00:00","CAPE","surface",-72.4376,18.6406,1374
"2026-09-09 18:00:00","2026-09-10 09:00:00","CAPE","surface",-72.4137,18.6406,1359
"2026-09-09 18:00:00","2026-09-10 09:00:00","CAPE","surface",-72.3897,18.6406,1293
"2026-09-09 18:00:00","2026-09-10 09:00:00","CAPE","surface",-72.3658,18.6406,1217
"2026-09-09 18:00:00","2026-09-10 09:00:00","CAPE","surface",-72.3419,18.6406,1217
"2026-09-09 18:00:00","2026-09-10 09:00:00","CAPE","surface",-72.318,18.6406,1074
"2026-09-09 18:00:00","2026-09-10 09:00:00","CAPE","surface",-72.294,18.6406,861
"2026-09-09 18:00:00","2026-09-10 09:00:00","CAPE","surface",-72.2701,18.6406,881
"2026-09-09 18:00:00","2026-09-10 09:00:00","CAPE","surface",-72.2462,18.6406,899
"2026-09-09 18:00:00","2026-09-10 09:00:00","CAPE","surface",-72.2223,18.6406,893
"2026-09-09 18:00:00","2026-09-10 09:00:00","CAPE","surface",-72.1983,18.6406,932
"2026-09-09 18:00:00","2026-09-10 09:00:00","CAPE","surface",-72.1744,18.6406,971
"2026-09-09 18:00:00","2026-09-10 09:00:00","CAPE","surface",-72.1505,18.6406,1015
"2026-09-09 18:00:00","2026-09-10 09:00:00","CAPE","surface",-72.1266,18.6406,1014
"2026-09-09 18:00:00","2026-09-10 09:00:00","CAPE","surface",-72.1026,18.6406,1014
"2026-09-09 18:00:00","2026-09-10 09:00:00","CAPE","surface",-72.0787,18.6406,1005
"2026-09-09 18:00:00","2026-09-10 09:00:00","CAPE","surface",-72.0548,18.6406,750
"2026-09-09 18:00:00","2026-09-10 09:00:00","CAPE","surface",-72.0309,18.6406,885
"2026-09-09 18:00:00","2026-09-10 09:00:00","CAPE","surface",-72.0069,18.6406,636
"2026-09-09 18:00:00","2026-09-10 09:00:00","CAPE","surface",-71.983,18.6406,636
"2026-09-09 18:00:00","2026-09-10 09:00:00","CAPE","surface",-71.9591,18.6406,580
"2026-09-09 18:00:00","2026-09-10 09:00:00","CAPE","surface",-71.9352,18.6406,644
"2026-09-09 18:00:00","2026-09-10 09:00:00","CAPE","surface",-71.9112,18.6406,605
"2026-09-09 18:00:00","2026-09-10 09:00:00","CAPE","surface",-71.8873,18.6406,695
"2026-09-09 18:00:00","2026-09-10 09:00:00","CAPE","surface",-71.8634,18.6406,517
"2026-09-09 18:00:00","2026-09-10 09:00:00","CAPE","surface",-71.8395,18.6406,647
"2026-09-09 18:00:00","2026-09-10 09:00:00","CAPE","surface",-71.8155,18.6406,444
"2026-09-09 18:00:00","2026-09-10 09:00:00","CAPE","surface",-71.7916,18.6406,495
"2026-09-09 18:00:00","2026-09-10 09:00:00","CAPE","surface",-71.7677,18.6406,263
"2026-09-09 18:00:00","2026-09-10 09:00:00","CAPE","surface",-71.7438,18.6406,263
"2026-09-09 18:00:00","2026-09-10 09:00:00","CAPE","surface",-71.7198,18.6406,179
"2026-09-09 18:00:00","2026-09-10 09:00:00","CAPE","surface",-71.6959,18.6406,247
"2026-09-09 18:00:00","2026-09-10 09:00:00","CAPE","surface",-71.672,18.6406,303
"2026-09-09 18:00:00","2026-09-10 09:00:00","CAPE","surface",-71.6481,18.6406,307
"2026-09-09 18:00:00","2026-09-10 09:00:00","CAPE","surface",-71.6241,18.6406,307
"2026-09-09 18:00:00","2026-09-10 09:00:00","CAPE","surface",-71.6002,18.6406,250
"2026-09-09 18:00:00","2026-09-10 09:00:00","CAPE","surface",-71.5763,18.6406,227
"2026-09-09 18:00:00","2026-09-10 09:00:00","CAPE","surface",-71.5524,18.6406,161
"2026-09-09 18:00:00","2026-09-10 09:00:00","CAPE","surface",-71.5284,18.6406,175
"2026-09-09 18:00:00","2026-09-10 09:00:00","CAPE","surface",-71.5045,18.6406,214
"2026-09-09 18:00:00","2026-09-10 09:00:00","CAPE","surface",-71.4806,18.6406,249
"2026-09-09 18:00:00","2026-09-10 09:00:00","CAPE","surface",-71.4567,18.6406,290
"2026-09-09 18:00:00","2026-09-10 09:00:00","CAPE","surface",-71.4327,18.6406,294
"2026-09-09 18:00:00","2026-09-10 09:00:00","CAPE","surface",-71.4088,18.6406,416
"2026-09-09 18:00:00","2026-09-10 09:00:00","CAPE","surface",-71.3849,18.6406,416
"2026-09-09 18:00:00","2026-09-10 09:00:00","CAPE","surface",-71.361,18.6406,440
"2026-09-09 18:00:00","2026-09-10 09:00:00","CAPE","surface",-71.337,18.6406,524
"2026-09-09 18:00:00","2026-09-10 09:00:00","CAPE","surface",-71.3131,18.6406,519
"2026-09-09 18:00:00","2026-09-10 09:00:00","CAPE","surface",-71.2892,18.6406,540
"2026-09-09 18:00:00","2026-09-10 09:00:00","CAPE","surface",-71.2653,18.6406,540
"2026-09-09 18:00:00","2026-09-10 09:00:00","CAPE","surface",-71.2413,18.6406,506
"2026-09-09 18:00:00","2026-09-10 09:00:00","CAPE","surface",-71.2174,18.6406,518
"2026-09-09 18:00:00","2026-09-10 09:00:00","CAPE","surface",-71.1935,18.6406,502
"2026-09-09 18:00:00","2026-09-10 09:00:00","CAPE","surface",-71.1696,18.6406,508
"2026-09-09 18:00:00","2026-09-10 09:00:00","CAPE","surface",-71.1456,18.6406,520
"2026-09-09 18:00:00","2026-09-10 09:00:00","CAPE","surface",-71.1217,18.6406,509
"2026-09-09 18:00:00","2026-09-10 09:00:00","CAPE","surface",-71.0978,18.6406,447
"2026-09-09 18:00:00","2026-09-10 09:00:00","CAPE","surface",-71.0739,18.6406,449
"2026-09-09 18:00:00","2026-09-10 09:00:00","CAPE","surface",-71.0499,18.6406,432
"2026-09-09 18:00:00","2026-09-10 09:00:00","CAPE","surface",-71.026,18.6406,528
"2026-09-09 18:00:00","2026-09-10 09:00:00","CAPE","surface",-71.0021,18.6406,552
"2026-09-09 18:00:00","2026-09-10 09:00:00","CAPE","surface",-70.9782,18.6406,572
"2026-09-09 18:00:00","2026-09-10 09:00:00","CAPE","surface",-70.9542,18.6406,583
"2026-09-09 18:00:00","2026-09-10 09:00:00","CAPE","surface",-70.9303,18.6406,605
"2026-09-09 18:00:00","2026-09-10 09:00:00","CAPE","surface",-70.9064,18.6406,596
"2026-09-09 18:00:00","2026-09-10 09:00:00","CAPE","surface",-70.8825,18.6406,317
"2026-09-09 18:00:00","2026-09-10 09:00:00","CAPE","surface",-70.8585,18.6406,329
"2026-09-09 18:00:00","2026-09-10 09:00:00","CAPE","surface",-70.8346,18.6406,122
"2026-09-09 18:00:00","2026-09-10 09:00:00","CAPE","surface",-70.8107,18.6406,122
"2026-09-09 18:00:00","2026-09-10 09:00:00","CAPE","surface",-70.7868,18.6406,113
"2026-09-09 18:00:00","2026-09-10 09:00:00","CAPE","surface",-70.7628,18.6406,100
"2026-09-09 18:00:00","2026-09-10 09:00:00","CAPE","surface",-70.7389,18.6406,114
"2026-09-09 18:00:00","2026-09-10 09:00:00","CAPE","surface",-70.715,18.6406,114
"2026-09-09 18:00:00","2026-09-10 09:00:00","CAPE","surface",-70.6911,18.6406,114
"2026-09-09 18:00:00","2026-09-10 09:00:00","CAPE","surface",-70.6671,18.6406,109
"2026-09-09 18:00:00","2026-09-10 09:00:00","CAPE","surface",-70.6432,18.6406,128
"2026-09-09 18:00:00","2026-09-10 09:00:00","CAPE","surface",-70.6193,18.6406,263
"2026-09-09 18:00:00","2026-09-10 09:00:00","CAPE","surface",-70.5954,18.6406,263
"2026-09-09 18:00:00","2026-09-10 09:00:00","CAPE","surface",-70.5714,18.6406,495
"2026-09-09 18:00:00","2026-09-10 09:00:00","CAPE","surface",-70.5475,18.6406,535
"2026-09-09 18:00:00","2026-09-10 09:00:00","CAPE","surface",-70.5236,18.6406,626
"2026-09-09 18:00:00","2026-09-10 09:00:00","CAPE","surface",-70.4997,18.6406,718
"2026-09-09 18:00:00","2026-09-10 09:00:00","CAPE","surface",-70.4757,18.6406,748
"2026-09-09 18:00:00","2026-09-10 09:00:00","CAPE","surface",-70.4518,18.6406,837
"2026-09-09 18:00:00","2026-09-10 09:00:00","CAPE","surface",-70.4279,18.6406,841
"2026-09-09 18:00:00","2026-09-10 09:00:00","CAPE","surface",-70.404,18.6406,823
"2026-09-09 18:00:00","2026-09-10 09:00:00","CAPE","surface",-70.38,18.6406,851
"2026-09-09 18:00:00","2026-09-10 09:00:00","CAPE","surface",-70.3561,18.6406,895
"2026-09-09 18:00:00","2026-09-10 09:00:00","CAPE","surface",-70.3322,18.6406,926
"2026-09-09 18:00:00","2026-09-10 09:00:00","CAPE","surface",-70.3083,18.6406,1018
"2026-09-09 18:00:00","2026-09-10 09:00:00","CAPE","surface",-70.2843,18.6406,1082
"2026-09-09 18:00:00","2026-09-10 09:00:00","CAPE","surface",-70.2604,18.6406,1032
"2026-09-09 18:00:00","2026-09-10 09:00:00","CAPE","surface",-70.2365,18.6406,1034
"2026-09-09 18:00:00","2026-09-10 09:00:00","CAPE","surface",-70.2126,18.6406,970
"2026-09-09 18:00:00","2026-09-10 09:00:00","CAPE","surface",-70.1886,18.6406,998
"2026-09-09 18:00:00","2026-09-10 09:00:00","CAPE","surface",-70.1647,18.6406,1010
"2026-09-09 18:00:00","2026-09-10 09:00:00","CAPE","surface",-70.1408,18.6406,983
"2026-09-09 18:00:00","2026-09-10 09:00:00","CAPE","surface",-70.1169,18.6406,991
"2026-09-09 18:00:00","2026-09-10 09:00:00","CAPE","surface",-70.0929,18.6406,1122
"2026-09-09 18:00:00","2026-09-10 09:00:00","CAPE","surface",-70.069,18.6406,1152
"2026-09-09 18:00:00","2026-09-10 09:00:00","CAPE","surface",-70.0451,18.6406,1178
"2026-09-09 18:00:00","2026-09-10 09:00:00","CAPE","surface",-70.0212,18.6406,1178
"2026-09-09 18:00:00","2026-09-10 09:00:00","CAPE","surface",-69.9972,18.6406,1269
"2026-09-09 18:00:00","2026-09-10 09:00:00","CAPE","surface",-69.9733,18.6406,1336
"2026-09-09 18:00:00","2026-09-10 09:00:00","CAPE","surface",-69.9494,18.6406,1403
"2026-09-09 18:00:00","2026-09-10 09:00:00","CAPE","surface",-69.9255,18.6406,1406
"2026-09-09 18:00:00","2026-09-10 09:00:00","CAPE","surface",-69.9015,18.6406,1445
"2026-09-09 18:00:00","2026-09-10 09:00:00","CAPE","surface",-69.8776,18.6406,1463
"2026-09-09 18:00:00","2026-09-10 09:00:00","CAPE","surface",-69.8537,18.6406,1494
"2026-09-09 18:00:00","2026-09-10 09:00:00","CAPE","surface",-69.8298,18.6406,1498
"2026-09-09 18:00:00","2026-09-10 09:00:00","CAPE","surface",-69.8058,18.6406,1498
"2026-09-09 18:00:00","2026-09-10 09:00:00","CAPE","surface",-69.7819,18.6406,1562
"2026-09-09 18:00:00","2026-09-10 09:00:00","CAPE","surface",-69.758,18.6406,1604
"2026-09-09 18:00:00","2026-09-10 09:00:00","CAPE","surface",-69.7341,18.6406,1676
"2026-09-09 18:00:00","2026-09-10 09:00:00","CAPE","surface",-69.7101,18.6406,1698
"2026-09-09 18:00:00","2026-09-10 09:00:00","CAPE","surface",-69.6862,18.6406,1738
"2026-09-09 18:00:00","2026-09-10 09:00:00","CAPE","surface",-69.6623,18.6406,1766
"2026-09-09 18:00:00","2026-09-10 09:00:00","CAPE","surface",-69.6384,18.6406,1761
"2026-09-09 18:00:00","2026-09-10 09:00:00","CAPE","surface",-69.6144,18.6406,1734
"2026-09-09 18:00:00","2026-09-10 09:00:00","CAPE","surface",-69.5905,18.6406,1734
"2026-09-09 18:00:00","2026-09-10 09:00:00","CAPE","surface",-69.5666,18.6406,1702
"2026-09-09 18:00:00","2026-09-10 09:00:00","CAPE","surface",-69.5427,18.6406,1713
"2026-09-09 18:00:00","2026-09-10 09:00:00","CAPE","surface",-69.5187,18.6406,1737
"2026-09-09 18:00:00","2026-09-10 09:00:00","CAPE","surface",-69.4948,18.6406,1753
"2026-09-09 18:00:00","2026-09-10 09:00:00","CAPE","surface",-69.4709,18.6406,1791
"2026-09-09 18:00:00","2026-09-10 09:00:00","CAPE","surface",-69.447,18.6406,1842
"2026-09-09 18:00:00","2026-09-10 09:00:00","CAPE","surface",-69.423,18.6406,1876
"2026-09-09 18:00:00","2026-09-10 09:00:00","CAPE","surface",-69.3991,18.6406,1906
"2026-09-09 18:00:00","2026-09-10 09:00:00","CAPE","surface",-69.3752,18.6406,1906
"2026-09-09 18:00:00","2026-09-10 09:00:00","CAPE","surface",-69.3513,18.6406,1945
"2026-09-09 18:00:00","2026-09-10 09:00:00","CAPE","surface",-69.3273,18.6406,1948
"2026-09-09 18:00:00","2026-09-10 09:00:00","CAPE","surface",-69.3034,18.6406,1985
"2026-09-09 18:00:00","2026-09-10 09:00:00","CAPE","surface",-69.2795,18.6406,2017
"2026-09-09 18:00:00","2026-09-10 09:00:00","CAPE","surface",-69.2556,18.6406,2022
"2026-09-09 18:00:00","2026-09-10 09:00:00","CAPE","surface",-69.2316,18.6406,2055
"2026-09-09 18:00:00","2026-09-10 09:00:00","CAPE","surface",-69.2077,18.6406,2047
"2026-09-09 18:00:00","2026-09-10 09:00:00","CAPE","surface",-69.1838,18.6406,2071
"2026-09-09 18:00:00","2026-09-10 09:00:00","CAPE","surface",-69.1599,18.6406,2071
"2026-09-09 18:00:00","2026-09-10 09:00:00","CAPE","surface",-69.1359,18.6406,2090
"2026-09-09 18:00:00","2026-09-10 09:00:00","CAPE","surface",-69.112,18.6406,2093
"2026-09-09 18:00:00","2026-09-10 09:00:00","CAPE","surface",-69.0881,18.6406,2118
"2026-09-09 18:00:00","2026-09-10 09:00:00","CAPE","surface",-69.0642,18.6406,2123
"2026-09-09 18:00:00","2026-09-10 09:00:00","CAPE","surface",-69.0402,18.6406,2148
"2026-09-09 18:00:00","2026-09-10 09:00:00","CAPE","surface",-69.0163,18.6406,2210
"2026-09-09 18:00:00","2026-09-10 09:00:00","CAPE","surface",-68.9924,18.6406,2254
"2026-09-09 18:00:00","2026-09-10 09:00:00","CAPE","surface",-68.9685,18.6406,2329
"2026-09-09 18:00:00","2026-09-10 09:00:00","CAPE","surface",-68.9445,18.6406,2329
"2026-09-09 18:00:00","2026-09-10 09:00:00","CAPE","surface",-68.9206,18.6406,2387
"2026-09-09 18:00:00","2026-09-10 09:00:00","CAPE","surface",-68.8967,18.6406,2432
"2026-09-09 18:00:00","2026-09-10 09:00:00","CAPE","surface",-68.8728,18.6406,2456
"2026-09-09 18:00:00","2026-09-10 09:00:00","CAPE","surface",-68.8488,18.6406,2427
"2026-09-09 18:00:00","2026-09-10 09:00:00","CAPE","surface",-68.8249,18.6406,2449
"2026-09-09 18:00:00","2026-09-10 09:00:00","CAPE","surface",-68.801,18.6406,2406
"2026-09-09 18:00:00","2026-09-10 09:00:00","CAPE","surface",-68.7771,18.6406,2415
"2026-09-09 18:00:00","2026-09-10 09:00:00","CAPE","surface",-68.7531,18.6406,2287
"2026-09-09 18:00:00","2026-09-10 09:00:00","CAPE","surface",-68.7292,18.6406,2291
"2026-09-09 18:00:00","2026-09-10 09:00:00","CAPE","surface",-68.7053,18.6406,2135
"2026-09-09 18:00:00","2026-09-10 09:00:00","CAPE","surface",-68.6813,18.6406,2142
"2026-09-09 18:00:00","2026-09-10 09:00:00","CAPE","surface",-68.6574,18.6406,1968
"2026-09-09 18:00:00","2026-09-10 09:00:00","CAPE","surface",-68.6335,18.6406,1879
"2026-09-09 18:00:00","2026-09-10 09:00:00","CAPE","surface",-68.6096,18.6406,1911
"2026-09-09 18:00:00","2026-09-10 09:00:00","CAPE","surface",-68.5856,18.6406,1920
"2026-09-09 18:00:00","2026-09-10 09:00:00","CAPE","surface",-68.5617,18.6406,1949
"2026-09-09 18:00:00","2026-09-10 09:00:00","CAPE","surface",-68.5378,18.6406,1939
"2026-09-09 18:00:00","2026-09-10 09:00:00","CAPE","surface",-68.5139,18.6406,1950
"2026-09-09 18:00:00","2026-09-10 09:00:00","CAPE","surface",-68.4899,18.6406,1945
"2026-09-09 18:00:00","2026-09-10 09:00:00","CAPE","surface",-68.466,18.6406,1981
"2026-09-09 18:00:00","2026-09-10 09:00:00","CAPE","surface",-68.4421,18.6406,1979
"2026-09-09 18:00:00","2026-09-10 09:00:00","CAPE","surface",-68.4182,18.6406,2064
"2026-09-09 18:00:00","2026-09-10 09:00:00","CAPE","surface",-68.3942,18.6406,2107
"2026-09-09 18:00:00","2026-09-10 09:00:00","CAPE","surface",-68.3703,18.6406,2297
"2026-09-09 18:00:00","2026-09-10 09:00:00","CAPE","surface",-68.3464,18.6406,2362
"2026-09-09 18:00:00","2026-09-10 09:00:00","CAPE","surface",-68.3225,18.6406,2624
"2026-09-09 18:00:00","2026-09-10 09:00:00","CAPE","surface",-68.2985,18.6406,2602
"2026-09-09 18:00:00","2026-09-10 09:00:00","CAPE","surface",-68.2746,18.6406,2637
"2026-09-09 18:00:00","2026-09-10 09:00:00","CAPE","surface",-68.2507,18.6406,2657
"2026-09-09 18:00:00","2026-09-10 09:00:00","CAPE","surface",-68.2268,18.6406,2657
"2026-09-09 18:00:00","2026-09-10 09:00:00","CAPE","surface",-68.2028,18.6406,2542
"2026-09-09 18:00:00","2026-09-10 09:00:00","CAPE","surface",-68.1789,18.6406,2422
"2026-09-09 18:00:00","2026-09-10 09:00:00","CAPE","surface",-68.155,18.6406,2384
"2026-09-09 18:00:00","2026-09-10 09:00:00","CAPE","surface",-68.1311,18.6406,2384
"2026-09-09 18:00:00","2026-09-10 09:00:00","CAPE","surface",-68.1071,18.6406,2512
"2026-09-09 18:00:00","2026-09-10 09:00:00","CAPE","surface",-68.0832,18.6406,2522
"2026-09-09 18:00:00","2026-09-10 09:00:00","CAPE","surface",-68.0593,18.6406,2599
"2026-09-09 18:00:00","2026-09-10 09:00:00","CAPE","surface",-68.0354,18.6406,2622
"2026-09-09 18:00:00","2026-09-10 09:00:00","CAPE","surface",-68.0114,18.6406,2619
"2026-09-09 18:00:00","2026-09-10 09:00:00","CAPE","surface",-67.9875,18.6406,2589
"2026-09-09 18:00:00","2026-09-10 09:00:00","CAPE","surface",-67.9636,18.6406,2567
"2026-09-09 18:00:00","2026-09-10 09:00:00","CAPE","surface",-67.9397,18.6406,2570
"2026-09-09 18:00:00","2026-09-10 09:00:00","CAPE","surface",-67.9157,18.6406,2529
"2026-09-09 18:00:00","2026-09-10 09:00:00","CAPE","surface",-67.8918,18.6406,2576
"2026-09-09 18:00:00","2026-09-10 09:00:00","CAPE","surface",-67.8679,18.6406,2684
"2026-09-09 18:00:00","2026-09-10 09:00:00","CAPE","surface",-67.844,18.6406,2641
"2026-09-09 18:00:00","2026-09-10 09:00:00","CAPE","surface",-67.82,18.6406,2709
"2026-09-09 18:00:00","2026-09-10 09:00:00","CAPE","surface",-67.7961,18.6406,2677
"2026-09-09 18:00:00","2026-09-10 09:00:00","CAPE","surface",-67.7722,18.6406,2740
"2026-09-09 18:00:00","2026-09-10 09:00:00","CAPE","surface",-67.7483,18.6406,2716
"2026-09-09 18:00:00","2026-09-10 09:00:00","CAPE","surface",-67.7243,18.6406,2906
"2026-09-09 18:00:00","2026-09-10 09:00:00","CAPE","surface",-67.7004,18.6406,3090
"2026-09-09 18:00:00","2026-09-10 09:00:00","CAPE","surface",-67.6765,18.6406,3082
"2026-09-09 18:00:00","2026-09-10 09:00:00","CAPE","surface",-67.6526,18.6406,3162
"2026-09-09 18:00:00","2026-09-10 09:00:00","CAPE","surface",-67.6286,18.6406,3162
"2026-09-09 18:00:00","2026-09-10 09:00:00","CAPE","surface",-67.6047,18.6406,3087
"2026-09-09 18:00:00","2026-09-10 09:00:00","CAPE","surface",-67.5808,18.6406,2850
"2026-09-09 18:00:00","2026-09-10 09:00:00","CAPE","surface",-67.5569,18.6406,2606
"2026-09-09 18:00:00","2026-09-10 09:00:00","CAPE","surface",-67.5329,18.6406,2606
"2026-09-09 18:00:00","2026-09-10 09:00:00","CAPE","surface",-67.509,18.6406,2417
"2026-09-09 18:00:00","2026-09-10 09:00:00","CAPE","surface",-67.4851,18.6406,2415
"2026-09-09 18:00:00","2026-09-10 09:00:00","CAPE","surface",-67.4612,18.6406,2409
"2026-09-09 18:00:00","2026-09-10 09:00:00","CAPE","surface",-67.4372,18.6406,2485
"2026-09-09 18:00:00","2026-09-10 09:00:00","CAPE","surface",-67.4133,18.6406,2493
"2026-09-09 18:00:00","2026-09-10 09:00:00","CAPE","surface",-67.3894,18.6406,2531
"2026-09-09 18:00:00","2026-09-10 09:00:00","CAPE","surface",-67.3655,18.6406,2520
"2026-09-09 18:00:00","2026-09-10 09:00:00","CAPE","surface",-67.3415,18.6406,2556
"2026-09-09 18:00:00","2026-09-10 09:00:00","CAPE","surface",-67.3176,18.6406,2546
"2026-09-09 18:00:00","2026-09-10 09:00:00","CAPE","surface",-67.2937,18.6406,2462
"2026-09-09 18:00:00","2026-09-10 09:00:00","CAPE","surface",-67.2698,18.6406,2437
"2026-09-09 18:00:00","2026-09-10 09:00:00","CAPE","surface",-67.2458,18.6406,2404
"2026-09-09 18:00:00","2026-09-10 09:00:00","CAPE","surface",-67.2219,18.6406,2526
"2026-09-09 18:00:00","2026-09-10 09:00:00","CAPE","surface",-67.198,18.6406,2469
"2026-09-09 18:00:00","2026-09-10 09:00:00","CAPE","surface",-67.1741,18.6406,2554
"2026-09-09 18:00:00","2026-09-10 09:00:00","CAPE","surface",-67.1501,18.6406,2614
"2026-09-09 18:00:00","2026-09-10 09:00:00","CAPE","surface",-67.1262,18.6406,2614
"2026-09-09 18:00:00","2026-09-10 09:00:00","CAPE","surface",-67.1023,18.6406,2620
"2026-09-09 18:00:00","2026-09-10 09:00:00","CAPE","surface",-67.0784,18.6406,2552
"2026-09-09 18:00:00","2026-09-10 09:00:00","CAPE","surface",-67.0544,18.6406,2589
"2026-09-09 18:00:00","2026-09-10 09:00:00","CAPE","surface",-67.0305,18.6406,2589
"2026-09-09 18:00:00","2026-09-10 09:00:00","CAPE","surface",-67.0066,18.6406,2610
"2026-09-09 18:00:00","2026-09-10 09:00:00","CAPE","surface",-74.7822,18.6633,1845
"2026-09-09 18:00:00","2026-09-10 09:00:00","CAPE","surface",-74.7583,18.6633,1895
"2026-09-09 18:00:00","2026-09-10 09:00:00","CAPE","surface",-74.7344,18.6633,1847
"2026-09-09 18:00:00","2026-09-10 09:00:00","CAPE","surface",-74.7105,18.6633,1891
"2026-09-09 18:00:00","2026-09-10 09:00:00","CAPE","surface",-74.6865,18.6633,1850
"2026-09-09 18:00:00","2026-09-10 09:00:00","CAPE","surface",-74.6626,18.6633,1891
"2026-09-09 18:00:00","2026-09-10 09:00:00","CAPE","surface",-74.6387,18.6633,1891
"2026-09-09 18:00:00","2026-09-10 09:00:00","CAPE","surface",-74.6148,18.6633,2018
"2026-09-09 18:00:00","2026-09-10 09:00:00","CAPE","surface",-74.5908,18.6633,1926
"2026-09-09 18:00:00","2026-09-10 09:00:00","CAPE","surface",-74.5669,18.6633,2004
"2026-09-09 18:00:00","2026-09-10 09:00:00","CAPE","surface",-74.543,18.6633,1994
"2026-09-09 18:00:00","2026-09-10 09:00:00","CAPE","surface",-74.5191,18.6633,1982
"2026-09-09 18:00:00","2026-09-10 09:00:00","CAPE","surface",-74.4951,18.6633,1908
"2026-09-09 18:00:00","2026-09-10 09:00:00","CAPE","surface",-74.4712,18.6633,1674
"2026-09-09 18:00:00","2026-09-10 09:00:00","CAPE","surface",-74.4473,18.6633,1720
"2026-09-09 18:00:00","2026-09-10 09:00:00","CAPE","surface",-74.4234,18.6633,1805
"2026-09-09 18:00:00","2026-09-10 09:00:00","CAPE","surface",-74.3994,18.6633,2113
"2026-09-09 18:00:00","2026-09-10 09:00:00","CAPE","surface",-74.3755,18.6633,2086
"2026-09-09 18:00:00","2026-09-10 09:00:00","CAPE","surface",-74.3516,18.6633,2171
"2026-09-09 18:00:00","2026-09-10 09:00:00","CAPE","surface",-74.3277,18.6633,2167
"2026-09-09 18:00:00","2026-09-10 09:00:00","CAPE","surface",-74.3037,18.6633,1899
"2026-09-09 18:00:00","2026-09-10 09:00:00","CAPE","surface",-74.2798,18.6633,1822
"2026-09-09 18:00:00","2026-09-10 09:00:00","CAPE","surface",-74.2559,18.6633,1475
"2026-09-09 18:00:00","2026-09-10 09:00:00","CAPE","surface",-74.232,18.6633,1433
"2026-09-09 18:00:00","2026-09-10 09:00:00","CAPE","surface",-74.208,18.6633,1165
"2026-09-09 18:00:00","2026-09-10 09:00:00","CAPE","surface",-74.1841,18.6633,1270
"2026-09-09 18:00:00","2026-09-10 09:00:00","CAPE","surface",-74.1602,18.6633,1010
"2026-09-09 18:00:00","2026-09-10 09:00:00","CAPE","surface",-74.1363,18.6633,1327
"2026-09-09 18:00:00","2026-09-10 09:00:00","CAPE","surface",-74.1123,18.6633,1589
"2026-09-09 18:00:00","2026-09-10 09:00:00","CAPE","surface",-74.0884,18.6633,1411
"2026-09-09 18:00:00","2026-09-10 09:00:00","CAPE","surface",-74.0645,18.6633,1331
"2026-09-09 18:00:00","2026-09-10 09:00:00","CAPE","surface",-74.0406,18.6633,1380
"2026-09-09 18:00:00","2026-09-10 09:00:00","CAPE","surface",-74.0166,18.6633,1338
"2026-09-09 18:00:00","2026-09-10 09:00:00","CAPE","surface",-73.9927,18.6633,1110
"2026-09-09 18:00:00","2026-09-10 09:00:00","CAPE","surface",-73.9688,18.6633,1110
"2026-09-09 18:00:00","2026-09-10 09:00:00","CAPE","surface",-73.9449,18.6633,1249
"2026-09-09 18:00:00","2026-09-10 09:00:00","CAPE","surface",-73.9209,18.6633,1292
"2026-09-09 18:00:00","2026-09-10 09:00:00","CAPE","surface",-73.897,18.6633,1584
"2026-09-09 18:00:00","2026-09-10 09:00:00","CAPE","surface",-73.8731,18.6633,1592
"2026-09-09 18:00:00","2026-09-10 09:00:00","CAPE","surface",-73.8492,18.6633,1556
"2026-09-09 18:00:00","2026-09-10 09:00:00","CAPE","surface",-73.8252,18.6633,1556
"2026-09-09 18:00:00","2026-09-10 09:00:00","CAPE","surface",-73.8013,18.6633,1479
"2026-09-09 18:00:00","2026-09-10 09:00:00","CAPE","surface",-73.7774,18.6633,1518
"2026-09-09 18:00:00","2026-09-10 09:00:00","CAPE","surface",-73.7535,18.6633,1621
"2026-09-09 18:00:00","2026-09-10 09:00:00","CAPE","surface",-73.7295,18.6633,1942
"2026-09-09 18:00:00","2026-09-10 09:00:00","CAPE","surface",-73.7056,18.6633,1942
"2026-09-09 18:00:00","2026-09-10 09:00:00","CAPE","surface",-73.6817,18.6633,1985
"2026-09-09 18:00:00","2026-09-10 09:00:00","CAPE","surface",-73.6578,18.6633,1887
"2026-09-09 18:00:00","2026-09-10 09:00:00","CAPE","surface",-73.6338,18.6633,1694
"2026-09-09 18:00:00","2026-09-10 09:00:00","CAPE","surface",-73.6099,18.6633,1718
"2026-09-09 18:00:00","2026-09-10 09:00:00","CAPE","surface",-73.586,18.6633,1920
"2026-09-09 18:00:00","2026-09-10 09:00:00","CAPE","surface",-73.5621,18.6633,1920
"2026-09-09 18:00:00","2026-09-10 09:00:00","CAPE","surface",-73.5381,18.6633,1703
"2026-09-09 18:00:00","2026-09-10 09:00:00","CAPE","surface",-73.5142,18.6633,1590
"2026-09-09 18:00:00","2026-09-10 09:00:00","CAPE","surface",-73.4903,18.6633,1618
"2026-09-09 18:00:00","2026-09-10 09:00:00","CAPE","surface",-73.4664,18.6633,1632
"2026-09-09 18:00:00","2026-09-10 09:00:00","CAPE","surface",-73.4424,18.6633,1697
"2026-09-09 18:00:00","2026-09-10 09:00:00","CAPE","surface",-73.4185,18.6633,1712
"2026-09-09 18:00:00","2026-09-10 09:00:00","CAPE","surface",-73.3946,18.6633,1730
"2026-09-09 18:00:00","2026-09-10 09:00:00","CAPE","surface",-73.3707,18.6633,1823
"2026-09-09 18:00:00","2026-09-10 09:00:00","CAPE","surface",-73.3467,18.6633,1887
"2026-09-09 18:00:00","2026-09-10 09:00:00","CAPE","surface",-73.3228,18.6633,1970
"2026-09-09 18:00:00","2026-09-10 09:00:00","CAPE","surface",-73.2989,18.6633,1908
"2026-09-09 18:00:00","2026-09-10 09:00:00","CAPE","surface",-73.275,18.6633,1971
"2026-09-09 18:00:00","2026-09-10 09:00:00","CAPE","surface",-73.251,18.6633,2023
"2026-09-09 18:00:00","2026-09-10 09:00:00","CAPE","surface",-73.2271,18.6633,2099
"2026-09-09 18:00:00","2026-09-10 09:00:00","CAPE","surface",-73.2032,18.6633,2239
"2026-09-09 18:00:00","2026-09-10 09:00:00","CAPE","surface",-73.1793,18.6633,2239
"2026-09-09 18:00:00","2026-09-10 09:00:00","CAPE","surface",-73.1553,18.6633,1960
"2026-09-09 18:00:00","2026-09-10 09:00:00","CAPE","surface",-73.1314,18.6633,1565
"2026-09-09 18:00:00","2026-09-10 09:00:00","CAPE","surface",-73.1075,18.6633,1628
"2026-09-09 18:00:00","2026-09-10 09:00:00","CAPE","surface",-73.0836,18.6633,1639
"2026-09-09 18:00:00","2026-09-10 09:00:00","CAPE","surface",-73.0596,18.6633,1639
"2026-09-09 18:00:00","2026-09-10 09:00:00","CAPE","surface",-73.0357,18.6633,1843
"2026-09-09 18:00:00","2026-09-10 09:00:00","CAPE","surface",-73.0118,18.6633,1779
"2026-09-09 18:00:00","2026-09-10 09:00:00","CAPE","surface",-72.9879,18.6633,1898
"2026-09-09 18:00:00","2026-09-10 09:00:00","CAPE","surface",-72.9639,18.6633,1886
"2026-09-09 18:00:00","2026-09-10 09:00:00","CAPE","surface",-72.94,18.6633,1949
"2026-09-09 18:00:00","2026-09-10 09:00:00","CAPE","surface",-72.9161,18.6633,1949
"2026-09-09 18:00:00","2026-09-10 09:00:00","CAPE","surface",-72.8922,18.6633,1917
"2026-09-09 18:00:00","2026-09-10 09:00:00","CAPE","surface",-72.8682,18.6633,1935
"2026-09-09 18:00:00","2026-09-10 09:00:00","CAPE","surface",-72.8443,18.6633,1626
"2026-09-09 18:00:00","2026-09-10 09:00:00","CAPE","surface",-72.8204,18.6633,1652
"2026-09-09 18:00:00","2026-09-10 09:00:00","CAPE","surface",-72.7965,18.6633,1500
"2026-09-09 18:00:00","2026-09-10 09:00:00","CAPE","surface",-72.7725,18.6633,1491
"2026-09-09 18:00:00","2026-09-10 09:00:00","CAPE","surface",-72.7486,18.6633,1474
"2026-09-09 18:00:00","2026-09-10 09:00:00","CAPE","surface",-72.7247,18.6633,1457
"2026-09-09 18:00:00","2026-09-10 09:00:00","CAPE","surface",-72.7008,18.6633,1492
"2026-09-09 18:00:00","2026-09-10 09:00:00","CAPE","surface",-72.6768,18.6633,1492
"2026-09-09 18:00:00","2026-09-10 09:00:00","CAPE","surface",-72.6529,18.6633,1515
"2026-09-09 18:00:00","2026-09-10 09:00:00","CAPE","surface",-72.629,18.6633,1459
"2026-09-09 18:00:00","2026-09-10 09:00:00","CAPE","surface",-72.6051,18.6633,1418
"2026-09-09 18:00:00","2026-09-10 09:00:00","CAPE","surface",-72.5811,18.6633,1435
"2026-09-09 18:00:00","2026-09-10 09:00:00","CAPE","surface",-72.5572,18.6633,1409
"2026-09-09 18:00:00","2026-09-10 09:00:00","CAPE","surface",-72.5333,18.6633,1448
"2026-09-09 18:00:00","2026-09-10 09:00:00","CAPE","surface",-72.5094,18.6633,1426
"2026-09-09 18:00:00","2026-09-10 09:00:00","CAPE","surface",-72.4854,18.6633,1433
"2026-09-09 18:00:00","2026-09-10 09:00:00","CAPE","surface",-72.4615,18.6633,1409
"2026-09-09 18:00:00","2026-09-10 09:00:00","CAPE","surface",-72.4376,18.6633,1397
"2026-09-09 18:00:00","2026-09-10 09:00:00","CAPE","surface",-72.4137,18.6633,1397
"2026-09-09 18:00:00","2026-09-10 09:00:00","CAPE","surface",-72.3897,18.6633,1368
"2026-09-09 18:00:00","2026-09-10 09:00:00","CAPE","surface",-72.3658,18.6633,1303
"2026-09-09 18:00:00","2026-09-10 09:00:00","CAPE","surface",-72.3419,18.6633,1177
"2026-09-09 18:00:00","2026-09-10 09:00:00","CAPE","surface",-72.318,18.6633,1074
"2026-09-09 18:00:00","2026-09-10 09:00:00","CAPE","surface",-72.294,18.6633,853
"2026-09-09 18:00:00","2026-09-10 09:00:00","CAPE","surface",-72.2701,18.6633,860
"2026-09-09 18:00:00","2026-09-10 09:00:00","CAPE","surface",-72.2462,18.6633,854
"2026-09-09 18:00:00","2026-09-10 09:00:00","CAPE","surface",-72.2223,18.6633,821
"2026-09-09 18:00:00","2026-09-10 09:00:00","CAPE","surface",-72.1983,18.6633,884
"2026-09-09 18:00:00","2026-09-10 09:00:00","CAPE","surface",-72.1744,18.6633,763
"2026-09-09 18:00:00","2026-09-10 09:00:00","CAPE","surface",-72.1505,18.6633,863
"2026-09-09 18:00:00","2026-09-10 09:00:00","CAPE","surface",-72.1266,18.6633,807
"2026-09-09 18:00:00","2026-09-10 09:00:00","CAPE","surface",-72.1026,18.6633,889
"2026-09-09 18:00:00","2026-09-10 09:00:00","CAPE","surface",-72.0787,18.6633,649
"2026-09-09 18:00:00","2026-09-10 09:00:00","CAPE","surface",-72.0548,18.6633,649
"2026-09-09 18:00:00","2026-09-10 09:00:00","CAPE","surface",-72.0309,18.6633,468
"2026-09-09 18:00:00","2026-09-10 09:00:00","CAPE","surface",-72.0069,18.6633,526
"2026-09-09 18:00:00","2026-09-10 09:00:00","CAPE","surface",-71.983,18.6633,548
"2026-09-09 18:00:00","2026-09-10 09:00:00","CAPE","surface",-71.9591,18.6633,580
"2026-09-09 18:00:00","2026-09-10 09:00:00","CAPE","surface",-71.9352,18.6633,467
"2026-09-09 18:00:00","2026-09-10 09:00:00","CAPE","surface",-71.9112,18.6633,510
"2026-09-09 18:00:00","2026-09-10 09:00:00","CAPE","surface",-71.8873,18.6633,437
"2026-09-09 18:00:00","2026-09-10 09:00:00","CAPE","surface",-71.8634,18.6633,517
"2026-09-09 18:00:00","2026-09-10 09:00:00","CAPE","surface",-71.8395,18.6633,369
"2026-09-09 18:00:00","2026-09-10 09:00:00","CAPE","surface",-71.8155,18.6633,105
"2026-09-09 18:00:00","2026-09-10 09:00:00","CAPE","surface",-71.7916,18.6633,121
"2026-09-09 18:00:00","2026-09-10 09:00:00","CAPE","surface",-71.7677,18.6633,88
"2026-09-09 18:00:00","2026-09-10 09:00:00","CAPE","surface",-71.7438,18.6633,120
"2026-09-09 18:00:00","2026-09-10 09:00:00","CAPE","surface",-71.7198,18.6633,186
"2026-09-09 18:00:00","2026-09-10 09:00:00","CAPE","surface",-71.6959,18.6633,186
"2026-09-09 18:00:00","2026-09-10 09:00:00","CAPE","surface",-71.672,18.6633,234
"2026-09-09 18:00:00","2026-09-10 09:00:00","CAPE","surface",-71.6481,18.6633,292
"2026-09-09 18:00:00","2026-09-10 09:00:00","CAPE","surface",-71.6241,18.6633,253
"2026-09-09 18:00:00","2026-09-10 09:00:00","CAPE","surface",-71.6002,18.6633,250
"2026-09-09 18:00:00","2026-09-10 09:00:00","CAPE","surface",-71.5763,18.6633,151
"2026-09-09 18:00:00","2026-09-10 09:00:00","CAPE","surface",-71.5524,18.6633,164
"2026-09-09 18:00:00","2026-09-10 09:00:00","CAPE","surface",-71.5284,18.6633,188
"2026-09-09 18:00:00","2026-09-10 09:00:00","CAPE","surface",-71.5045,18.6633,241
"2026-09-09 18:00:00","2026-09-10 09:00:00","CAPE","surface",-71.4806,18.6633,267
"2026-09-09 18:00:00","2026-09-10 09:00:00","CAPE","surface",-71.4567,18.6633,326
"2026-09-09 18:00:00","2026-09-10 09:00:00","CAPE","surface",-71.4327,18.6633,356
"2026-09-09 18:00:00","2026-09-10 09:00:00","CAPE","surface",-71.4088,18.6633,434
"2026-09-09 18:00:00","2026-09-10 09:00:00","CAPE","surface",-71.3849,18.6633,428
"2026-09-09 18:00:00","2026-09-10 09:00:00","CAPE","surface",-71.361,18.6633,554
"2026-09-09 18:00:00","2026-09-10 09:00:00","CAPE","surface",-71.337,18.6633,554
"2026-09-09 18:00:00","2026-09-10 09:00:00","CAPE","surface",-71.3131,18.6633,556
"2026-09-09 18:00:00","2026-09-10 09:00:00","CAPE","surface",-71.2892,18.6633,540
"2026-09-09 18:00:00","2026-09-10 09:00:00","CAPE","surface",-71.2653,18.6633,539
"2026-09-09 18:00:00","2026-09-10 09:00:00","CAPE","surface",-71.2413,18.6633,506
"2026-09-09 18:00:00","2026-09-10 09:00:00","CAPE","surface",-71.2174,18.6633,493
"2026-09-09 18:00:00","2026-09-10 09:00:00","CAPE","surface",-71.1935,18.6633,489
"2026-09-09 18:00:00","2026-09-10 09:00:00","CAPE","surface",-71.1696,18.6633,501
"2026-09-09 18:00:00","2026-09-10 09:00:00","CAPE","surface",-71.1456,18.6633,483
"2026-09-09 18:00:00","2026-09-10 09:00:00","CAPE","surface",-71.1217,18.6633,453
"2026-09-09 18:00:00","2026-09-10 09:00:00","CAPE","surface",-71.0978,18.6633,455
"2026-09-09 18:00:00","2026-09-10 09:00:00","CAPE","surface",-71.0739,18.6633,444
"2026-09-09 18:00:00","2026-09-10 09:00:00","CAPE","surface",-71.0499,18.6633,516
"2026-09-09 18:00:00","2026-09-10 09:00:00","CAPE","surface",-71.026,18.6633,528
"2026-09-09 18:00:00","2026-09-10 09:00:00","CAPE","surface",-71.0021,18.6633,581
"2026-09-09 18:00:00","2026-09-10 09:00:00","CAPE","surface",-70.9782,18.6633,572
"2026-09-09 18:00:00","2026-09-10 09:00:00","CAPE","surface",-70.9542,18.6633,607
"2026-09-09 18:00:00","2026-09-10 09:00:00","CAPE","surface",-70.9303,18.6633,605
"2026-09-09 18:00:00","2026-09-10 09:00:00","CAPE","surface",-70.9064,18.6633,516
"2026-09-09 18:00:00","2026-09-10 09:00:00","CAPE","surface",-70.8825,18.6633,179
"2026-09-09 18:00:00","2026-09-10 09:00:00","CAPE","surface",-70.8585,18.6633,91
"2026-09-09 18:00:00","2026-09-10 09:00:00","CAPE","surface",-70.8346,18.6633,80
"2026-09-09 18:00:00","2026-09-10 09:00:00","CAPE","surface",-70.8107,18.6633,88
"2026-09-09 18:00:00","2026-09-10 09:00:00","CAPE","surface",-70.7868,18.6633,94
"2026-09-09 18:00:00","2026-09-10 09:00:00","CAPE","surface",-70.7628,18.6633,94
"2026-09-09 18:00:00","2026-09-10 09:00:00","CAPE","surface",-70.7389,18.6633,93
"2026-09-09 18:00:00","2026-09-10 09:00:00","CAPE","surface",-70.715,18.6633,99
"2026-09-09 18:00:00","2026-09-10 09:00:00","CAPE","surface",-70.6911,18.6633,97
"2026-09-09 18:00:00","2026-09-10 09:00:00","CAPE","surface",-70.6671,18.6633,109
"2026-09-09 18:00:00","2026-09-10 09:00:00","CAPE","surface",-70.6432,18.6633,105
"2026-09-09 18:00:00","2026-09-10 09:00:00","CAPE","surface",-70.6193,18.6633,139
"2026-09-09 18:00:00","2026-09-10 09:00:00","CAPE","surface",-70.5954,18.6633,375
"2026-09-09 18:00:00","2026-09-10 09:00:00","CAPE","surface",-70.5714,18.6633,436
"2026-09-09 18:00:00","2026-09-10 09:00:00","CAPE","surface",-70.5475,18.6633,436
"2026-09-09 18:00:00","2026-09-10 09:00:00","CAPE","surface",-70.5236,18.6633,520
"2026-09-09 18:00:00","2026-09-10 09:00:00","CAPE","surface",-70.4997,18.6633,656
"2026-09-09 18:00:00","2026-09-10 09:00:00","CAPE","surface",-70.4757,18.6633,768
"2026-09-09 18:00:00","2026-09-10 09:00:00","CAPE","surface",-70.4518,18.6633,837
"2026-09-09 18:00:00","2026-09-10 09:00:00","CAPE","surface",-70.4279,18.6633,914
"2026-09-09 18:00:00","2026-09-10 09:00:00","CAPE","surface",-70.404,18.6633,886
"2026-09-09 18:00:00","2026-09-10 09:00:00","CAPE","surface",-70.38,18.6633,897
"2026-09-09 18:00:00","2026-09-10 09:00:00","CAPE","surface",-70.3561,18.6633,895
"2026-09-09 18:00:00","2026-09-10 09:00:00","CAPE","surface",-70.3322,18.6633,989
"2026-09-09 18:00:00","2026-09-10 09:00:00","CAPE","surface",-70.3083,18.6633,1114
"2026-09-09 18:00:00","2026-09-10 09:00:00","CAPE","surface",-70.2843,18.6633,1087
"2026-09-09 18:00:00","2026-09-10 09:00:00","CAPE","surface",-70.2604,18.6633,923
"2026-09-09 18:00:00","2026-09-10 09:00:00","CAPE","surface",-70.2365,18.6633,962
"2026-09-09 18:00:00","2026-09-10 09:00:00","CAPE","surface",-70.2126,18.6633,983
"2026-09-09 18:00:00","2026-09-10 09:00:00","CAPE","surface",-70.1886,18.6633,990
"2026-09-09 18:00:00","2026-09-10 09:00:00","CAPE","surface",-70.1647,18.6633,990
"2026-09-09 18:00:00","2026-09-10 09:00:00","CAPE","surface",-70.1408,18.6633,983
"2026-09-09 18:00:00","2026-09-10 09:00:00","CAPE","surface",-70.1169,18.6633,1073
"2026-09-09 18:00:00","2026-09-10 09:00:00","CAPE","surface",-70.0929,18.6633,1116
"2026-09-09 18:00:00","2026-09-10 09:00:00","CAPE","surface",-70.069,18.6633,1128
"2026-09-09 18:00:00","2026-09-10 09:00:00","CAPE","surface",-70.0451,18.6633,1152
"2026-09-09 18:00:00","2026-09-10 09:00:00","CAPE","surface",-70.0212,18.6633,1192
"2026-09-09 18:00:00","2026-09-10 09:00:00","CAPE","surface",-69.9972,18.6633,1268
"2026-09-09 18:00:00","2026-09-10 09:00:00","CAPE","surface",-69.9733,18.6633,1268
"2026-09-09 18:00:00","2026-09-10 09:00:00","CAPE","surface",-69.9494,18.6633,1371
"2026-09-09 18:00:00","2026-09-10 09:00:00","CAPE","surface",-69.9255,18.6633,1406
"2026-09-09 18:00:00","2026-09-10 09:00:00","CAPE","surface",-69.9015,18.6633,1445
"2026-09-09 18:00:00","2026-09-10 09:00:00","CAPE","surface",-69.8776,18.6633,1445
"2026-09-09 18:00:00","2026-09-10 09:00:00","CAPE","surface",-69.8537,18.6633,1462
"2026-09-09 18:00:00","2026-09-10 09:00:00","CAPE","surface",-69.8298,18.6633,1485
"2026-09-09 18:00:00","2026-09-10 09:00:00","CAPE","surface",-69.8058,18.6633,1514
"2026-09-09 18:00:00","2026-09-10 09:00:00","CAPE","surface",-69.7819,18.6633,1604
"2026-09-09 18:00:00","2026-09-10 09:00:00","CAPE","surface",-69.758,18.6633,1604
"2026-09-09 18:00:00","2026-09-10 09:00:00","CAPE","surface",-69.7341,18.6633,1669
"2026-09-09 18:00:00","2026-09-10 09:00:00","CAPE","surface",-69.7101,18.6633,1698
"2026-09-09 18:00:00","2026-09-10 09:00:00","CAPE","surface",-69.6862,18.6633,1739
"2026-09-09 18:00:00","2026-09-10 09:00:00","CAPE","surface",-69.6623,18.6633,1739
"2026-09-09 18:00:00","2026-09-10 09:00:00","CAPE","surface",-69.6384,18.6633,1753
"2026-09-09 18:00:00","2026-09-10 09:00:00","CAPE","surface",-69.6144,18.6633,1736
"2026-09-09 18:00:00","2026-09-10 09:00:00","CAPE","surface",-69.5905,18.6633,1696
"2026-09-09 18:00:00","2026-09-10 09:00:00","CAPE","surface",-69.5666,18.6633,1667
"2026-09-09 18:00:00","2026-09-10 09:00:00","CAPE","surface",-69.5427,18.6633,1667
"2026-09-09 18:00:00","2026-09-10 09:00:00","CAPE","surface",-69.5187,18.6633,1697
"2026-09-09 18:00:00","2026-09-10 09:00:00","CAPE","surface",-69.4948,18.6633,1753
"2026-09-09 18:00:00","2026-09-10 09:00:00","CAPE","surface",-69.4709,18.6633,1795
"2026-09-09 18:00:00","2026-09-10 09:00:00","CAPE","surface",-69.447,18.6633,1795
"2026-09-09 18:00:00","2026-09-10 09:00:00","CAPE","surface",-69.423,18.6633,1849
"2026-09-09 18:00:00","2026-09-10 09:00:00","CAPE","surface",-69.3991,18.6633,1886
"2026-09-09 18:00:00","2026-09-10 09:00:00","CAPE","surface",-69.3752,18.6633,1927
"2026-09-09 18:00:00","2026-09-10 09:00:00","CAPE","surface",-69.3513,18.6633,1964
"2026-09-09 18:00:00","2026-09-10 09:00:00","CAPE","surface",-69.3273,18.6633,1964
"2026-09-09 18:00:00","2026-09-10 09:00:00","CAPE","surface",-69.3034,18.6633,2001
"2026-09-09 18:00:00","2026-09-10 09:00:00","CAPE","surface",-69.2795,18.6633,2017
"2026-09-09 18:00:00","2026-09-10 09:00:00","CAPE","surface",-69.2556,18.6633,2046
"2026-09-09 18:00:00","2026-09-10 09:00:00","CAPE","surface",-69.2316,18.6633,2046
"2026-09-09 18:00:00","2026-09-10 09:00:00","CAPE","surface",-69.2077,18.6633,2081
"2026-09-09 18:00:00","2026-09-10 09:00:00","CAPE","surface",-69.1838,18.6633,2078
"2026-09-09 18:00:00","2026-09-10 09:00:00","CAPE","surface",-69.1599,18.6633,2091
"2026-09-09 18:00:00","2026-09-10 09:00:00","CAPE","surface",-69.1359,18.6633,2102
"2026-09-09 18:00:00","2026-09-10 09:00:00","CAPE","surface",-69.112,18.6633,2102
"2026-09-09 18:00:00","2026-09-10 09:00:00","CAPE","surface",-69.0881,18.6633,2107
"2026-09-09 18:00:00","2026-09-10 09:00:00","CAPE","surface",-69.0642,18.6633,2123
"2026-09-09 18:00:00","2026-09-10 09:00:00","CAPE","surface",-69.0402,18.6633,2168
"2026-09-09 18:00:00","2026-09-10 09:00:00","CAPE","surface",-69.0163,18.6633,2168
"2026-09-09 18:00:00","2026-09-10 09:00:00","CAPE","surface",-68.9924,18.6633,2240
"2026-09-09 18:00:00","2026-09-10 09:00:00","CAPE","surface",-68.9685,18.6633,2283
"2026-09-09 18:00:00","2026-09-10 09:00:00","CAPE","surface",-68.9445,18.6633,2345
"2026-09-09 18:00:00","2026-09-10 09:00:00","CAPE","surface",-68.9206,18.6633,2358
"2026-09-09 18:00:00","2026-09-10 09:00:00","CAPE","surface",-68.8967,18.6633,2384
"2026-09-09 18:00:00","2026-09-10 09:00:00","CAPE","surface",-68.8728,18.6633,2409
"2026-09-09 18:00:00","2026-09-10 09:00:00","CAPE","surface",-68.8488,18.6633,2427
"2026-09-09 18:00:00","2026-09-10 09:00:00","CAPE","surface",-68.8249,18.6633,2395
"2026-09-09 18:00:00","2026-09-10 09:00:00","CAPE","surface",-68.801,18.6633,2395
"2026-09-09 18:00:00","2026-09-10 09:00:00","CAPE","surface",-68.7771,18.6633,2290
"2026-09-09 18:00:00","2026-09-10 09:00:00","CAPE","surface",-68.7531,18.6633,2287
"2026-09-09 18:00:00","2026-09-10 09:00:00","CAPE","surface",-68.7292,18.6633,2134
"2026-09-09 18:00:00","2026-09-10 09:00:00","CAPE","surface",-68.7053,18.6633,1999
"2026-09-09 18:00:00","2026-09-10 09:00:00","CAPE","surface",-68.6813,18.6633,1986
"2026-09-09 18:00:00","2026-09-10 09:00:00","CAPE","surface",-68.6574,18.6633,1903
"2026-09-09 18:00:00","2026-09-10 09:00:00","CAPE","surface",-68.6335,18.6633,1879
"2026-09-09 18:00:00","2026-09-10 09:00:00","CAPE","surface",-68.6096,18.6633,1865
"2026-09-09 18:00:00","2026-09-10 09:00:00","CAPE","surface",-68.5856,18.6633,1887
"2026-09-09 18:00:00","2026-09-10 09:00:00","CAPE","surface",-68.5617,18.6633,1896
"2026-09-09 18:00:00","2026-09-10 09:00:00","CAPE","surface",-68.5378,18.6633,1895
"2026-09-09 18:00:00","2026-09-10 09:00:00","CAPE","surface",-68.5139,18.6633,1921
"2026-09-09 18:00:00","2026-09-10 09:00:00","CAPE","surface",-68.4899,18.6633,1884
"2026-09-09 18:00:00","2026-09-10 09:00:00","CAPE","surface",-68.466,18.6633,1933
"2026-09-09 18:00:00","2026-09-10 09:00:00","CAPE","surface",-68.4421,18.6633,2029
"2026-09-09 18:00:00","2026-09-10 09:00:00","CAPE","surface",-68.4182,18.6633,2064
"2026-09-09 18:00:00","2026-09-10 09:00:00","CAPE","surface",-68.3942,18.6633,2269
"2026-09-09 18:00:00","2026-09-10 09:00:00","CAPE","surface",-68.3703,18.6633,2262
"2026-09-09 18:00:00","2026-09-10 09:00:00","CAPE","surface",-68.3464,18.6633,2593
"2026-09-09 18:00:00","2026-09-10 09:00:00","CAPE","surface",-68.3225,18.6633,2597
"2026-09-09 18:00:00","2026-09-10 09:00:00","CAPE","surface",-68.2985,18.6633,2597
"2026-09-09 18:00:00","2026-09-10 09:00:00","CAPE","surface",-68.2746,18.6633,2674
"2026-09-09 18:00:00","2026-09-10 09:00:00","CAPE","surface",-68.2507,18.6633,2667
"2026-09-09 18:00:00","2026-09-10 09:00:00","CAPE","surface",-68.2268,18.6633,2666
"2026-09-09 18:00:00","2026-09-10 09:00:00","CAPE","surface",-68.2028,18.6633,2666
"2026-09-09 18:00:00","2026-09-10 09:00:00","CAPE","surface",-68.1789,18.6633,2520
"2026-09-09 18:00:00","2026-09-10 09:00:00","CAPE","surface",-68.155,18.6633,2425
"2026-09-09 18:00:00","2026-09-10 09:00:00","CAPE","surface",-68.1311,18.6633,2504
"2026-09-09 18:00:00","2026-09-10 09:00:00","CAPE","surface",-68.1071,18.6633,2596
"2026-09-09 18:00:00","2026-09-10 09:00:00","CAPE","surface",-68.0832,18.6633,2596
"2026-09-09 18:00:00","2026-09-10 09:00:00","CAPE","surface",-68.0593,18.6633,2639
"2026-09-09 18:00:00","2026-09-10 09:00:00","CAPE","surface",-68.0354,18.6633,2622
"2026-09-09 18:00:00","2026-09-10 09:00:00","CAPE","surface",-68.0114,18.6633,2627
"2026-09-09 18:00:00","2026-09-10 09:00:00","CAPE","surface",-67.9875,18.6633,2627
"2026-09-09 18:00:00","2026-09-10 09:00:00","CAPE","surface",-67.9636,18.6633,2587
"2026-09-09 18:00:00","2026-09-10 09:00:00","CAPE","surface",-67.9397,18.6633,2631
"2026-09-09 18:00:00","2026-09-10 09:00:00","CAPE","surface",-67.9157,18.6633,2585
"2026-09-09 18:00:00","2026-09-10 09:00:00","CAPE","surface",-67.8918,18.6633,2729
"2026-09-09 18:00:00","2026-09-10 09:00:00","CAPE","surface",-67.8679,18.6633,2700
"2026-09-09 18:00:00","2026-09-10 09:00:00","CAPE","surface",-67.844,18.6633,2714
"2026-09-09 18:00:00","2026-09-10 09:00:00","CAPE","surface",-67.82,18.6633,2709
"2026-09-09 18:00:00","2026-09-10 09:00:00","CAPE","surface",-67.7961,18.6633,2773
"2026-09-09 18:00:00","2026-09-10 09:00:00","CAPE","surface",-67.7722,18.6633,2876
"2026-09-09 18:00:00","2026-09-10 09:00:00","CAPE","surface",-67.7483,18.6633,2905
"2026-09-09 18:00:00","2026-09-10 09:00:00","CAPE","surface",-67.7243,18.6633,3083
"2026-09-09 18:00:00","2026-09-10 09:00:00","CAPE","surface",-67.7004,18.6633,3090
"2026-09-09 18:00:00","2026-09-10 09:00:00","CAPE","surface",-67.6765,18.6633,3214
"2026-09-09 18:00:00","2026-09-10 09:00:00","CAPE","surface",-67.6526,18.6633,3198
"2026-09-09 18:00:00","2026-09-10 09:00:00","CAPE","surface",-67.6286,18.6633,3218
"2026-09-09 18:00:00","2026-09-10 09:00:00","CAPE","surface",-67.6047,18.6633,3087
"2026-09-09 18:00:00","2026-09-10 09:00:00","CAPE","surface",-67.5808,18.6633,3160
"2026-09-09 18:00:00","2026-09-10 09:00:00","CAPE","surface",-67.5569,18.6633,3021
"2026-09-09 18:00:00","2026-09-10 09:00:00","CAPE","surface",-67.5329,18.6633,2639
"2026-09-09 18:00:00","2026-09-10 09:00:00","CAPE","surface",-67.509,18.6633,2478
"2026-09-09 18:00:00","2026-09-10 09:00:00","CAPE","surface",-67.4851,18.6633,2478
"2026-09-09 18:00:00","2026-09-10 09:00:00","CAPE","surface",-67.4612,18.6633,2492
"2026-09-09 18:00:00","2026-09-10 09:00:00","CAPE","surface",-67.4372,18.6633,2485
"2026-09-09 18:00:00","2026-09-10 09:00:00","CAPE","surface",-67.4133,18.6633,2544
"2026-09-09 18:00:00","2026-09-10 09:00:00","CAPE","surface",-67.3894,18.6633,2594
"2026-09-09 18:00:00","2026-09-10 09:00:00","CAPE","surface",-67.3655,18.6633,2572
"2026-09-09 18:00:00","2026-09-10 09:00:00","CAPE","surface",-67.3415,18.6633,2591
"2026-09-09 18:00:00","2026-09-10 09:00:00","CAPE","surface",-67.3176,18.6633,2546
"2026-09-09 18:00:00","2026-09-10 09:00:00","CAPE","surface",-67.2937,18.6633,2625
"2026-09-09 18:00:00","2026-09-10 09:00:00","CAPE","surface",-67.2698,18.6633,2521
"2026-09-09 18:00:00","2026-09-10 09:00:00","CAPE","surface",-67.2458,18.6633,2613
"2026-09-09 18:00:00","2026-09-10 09:00:00","CAPE","surface",-67.2219,18.6633,2775
"2026-09-09 18:00:00","2026-09-10 09:00:00","CAPE","surface",-67.198,18.6633,2775
"2026-09-09 18:00:00","2026-09-10 09:00:00","CAPE","surface",-67.1741,18.6633,2889
"2026-09-09 18:00:00","2026-09-10 09:00:00","CAPE","surface",-67.1501,18.6633,2749
"2026-09-09 18:00:00","2026-09-10 09:00:00","CAPE","surface",-67.1262,18.6633,2743
"2026-09-09 18:00:00","2026-09-10 09:00:00","CAPE","surface",-67.1023,18.6633,2743
"2026-09-09 18:00:00","2026-09-10 09:00:00","CAPE","surface",-67.0784,18.6633,2672
"2026-09-09 18:00:00","2026-09-10 09:00:00","CAPE","surface",-67.0544,18.6633,2654
"2026-09-09 18:00:00","2026-09-10 09:00:00","CAPE","surface",-67.0305,18.6633,2629
"2026-09-09 18:00:00","2026-09-10 09:00:00","CAPE","surface",-67.0066,18.6633,2674
"2026-09-09 18:00:00","2026-09-10 09:00:00","CAPE","surface",-74.7822,18.6859,1821
"2026-09-09 18:00:00","2026-09-10 09:00:00","CAPE","surface",-74.7583,18.6859,1835
"2026-09-09 18:00:00","2026-09-10 09:00:00","CAPE","surface",-74.7344,18.6859,1850
"2026-09-09 18:00:00","2026-09-10 09:00:00","CAPE","surface",-74.7105,18.6859,1848
"2026-09-09 18:00:00","2026-09-10 09:00:00","CAPE","surface",-74.6865,18.6859,1914
"2026-09-09 18:00:00","2026-09-10 09:00:00","CAPE","surface",-74.6626,18.6859,1915
"2026-09-09 18:00:00","2026-09-10 09:00:00","CAPE","surface",-74.6387,18.6859,2026
"2026-09-09 18:00:00","2026-09-10 09:00:00","CAPE","surface",-74.6148,18.6859,2018
"2026-09-09 18:00:00","2026-09-10 09:00:00","CAPE","surface",-74.5908,18.6859,2212
"2026-09-09 18:00:00","2026-09-10 09:00:00","CAPE","surface",-74.5669,18.6859,2255
"2026-09-09 18:00:00","2026-09-10 09:00:00","CAPE","surface",-74.543,18.6859,2193
"2026-09-09 18:00:00","2026-09-10 09:00:00","CAPE","surface",-74.5191,18.6859,1982
"2026-09-09 18:00:00","2026-09-10 09:00:00","CAPE","surface",-74.4951,18.6859,1764
"2026-09-09 18:00:00","2026-09-10 09:00:00","CAPE","surface",-74.4712,18.6859,1674
"2026-09-09 18:00:00","2026-09-10 09:00:00","CAPE","surface",-74.4473,18.6859,1619
"2026-09-09 18:00:00","2026-09-10 09:00:00","CAPE","surface",-74.4234,18.6859,1645
"2026-09-09 18:00:00","2026-09-10 09:00:00","CAPE","surface",-74.3994,18.6859,1789
"2026-09-09 18:00:00","2026-09-10 09:00:00","CAPE","surface",-74.3755,18.6859,2086
"2026-09-09 18:00:00","2026-09-10 09:00:00","CAPE","surface",-74.3516,18.6859,2229
"2026-09-09 18:00:00","2026-09-10 09:00:00","CAPE","surface",-74.3277,18.6859,2167
"2026-09-09 18:00:00","2026-09-10 09:00:00","CAPE","surface",-74.3037,18.6859,2026
"2026-09-09 18:00:00","2026-09-10 09:00:00","CAPE","surface",-74.2798,18.6859,1931
"2026-09-09 18:00:00","2026-09-10 09:00:00","CAPE","surface",-74.2559,18.6859,1656
"2026-09-09 18:00:00","2026-09-10 09:00:00","CAPE","surface",-74.232,18.6859,1433
"2026-09-09 18:00:00","2026-09-10 09:00:00","CAPE","surface",-74.208,18.6859,1475
"2026-09-09 18:00:00","2026-09-10 09:00:00","CAPE","surface",-74.1841,18.6859,1475
"2026-09-09 18:00:00","2026-09-10 09:00:00","CAPE","surface",-74.1602,18.6859,1698
"2026-09-09 18:00:00","2026-09-10 09:00:00","CAPE","surface",-74.1363,18.6859,1757
"2026-09-09 18:00:00","2026-09-10 09:00:00","CAPE","surface",-74.1123,18.6859,1524
"2026-09-09 18:00:00","2026-09-10 09:00:00","CAPE","surface",-74.0884,18.6859,1580
"2026-09-09 18:00:00","2026-09-10 09:00:00","CAPE","surface",-74.0645,18.6859,1495
"2026-09-09 18:00:00","2026-09-10 09:00:00","CAPE","surface",-74.0406,18.6859,1683
"2026-09-09 18:00:00","2026-09-10 09:00:00","CAPE","surface",-74.0166,18.6859,1520
"2026-09-09 18:00:00","2026-09-10 09:00:00","CAPE","surface",-73.9927,18.6859,1470
"2026-09-09 18:00:00","2026-09-10 09:00:00","CAPE","surface",-73.9688,18.6859,1282
"2026-09-09 18:00:00","2026-09-10 09:00:00","CAPE","surface",-73.9449,18.6859,1379
"2026-09-09 18:00:00","2026-09-10 09:00:00","CAPE","surface",-73.9209,18.6859,1421
"2026-09-09 18:00:00","2026-09-10 09:00:00","CAPE","surface",-73.897,18.6859,1547
"2026-09-09 18:00:00","2026-09-10 09:00:00","CAPE","surface",-73.8731,18.6859,1655
"2026-09-09 18:00:00","2026-09-10 09:00:00","CAPE","surface",-73.8492,18.6859,1581
"2026-09-09 18:00:00","2026-09-10 09:00:00","CAPE","surface",-73.8252,18.6859,1464
"2026-09-09 18:00:00","2026-09-10 09:00:00","CAPE","surface",-73.8013,18.6859,1519
"2026-09-09 18:00:00","2026-09-10 09:00:00","CAPE","surface",-73.7774,18.6859,1519
"2026-09-09 18:00:00","2026-09-10 09:00:00","CAPE","surface",-73.7535,18.6859,1641
"2026-09-09 18:00:00","2026-09-10 09:00:00","CAPE","surface",-73.7295,18.6859,1776
"2026-09-09 18:00:00","2026-09-10 09:00:00","CAPE","surface",-73.7056,18.6859,1988
"2026-09-09 18:00:00","2026-09-10 09:00:00","CAPE","surface",-73.6817,18.6859,1985
"2026-09-09 18:00:00","2026-09-10 09:00:00","CAPE","surface",-73.6578,18.6859,1737
"2026-09-09 18:00:00","2026-09-10 09:00:00","CAPE","surface",-73.6338,18.6859,1737
"2026-09-09 18:00:00","2026-09-10 09:00:00","CAPE","surface",-73.6099,18.6859,1757
"2026-09-09 18:00:00","2026-09-10 09:00:00","CAPE","surface",-73.586,18.6859,1880
"2026-09-09 18:00:00","2026-09-10 09:00:00","CAPE","surface",-73.5621,18.6859,1891
"2026-09-09 18:00:00","2026-09-10 09:00:00","CAPE","surface",-73.5381,18.6859,1703
"2026-09-09 18:00:00","2026-09-10 09:00:00","CAPE","surface",-73.5142,18.6859,1675
"2026-09-09 18:00:00","2026-09-10 09:00:00","CAPE","surface",-73.4903,18.6859,1623
"2026-09-09 18:00:00","2026-09-10 09:00:00","CAPE","surface",-73.4664,18.6859,1678
"2026-09-09 18:00:00","2026-09-10 09:00:00","CAPE","surface",-73.4424,18.6859,1697
"2026-09-09 18:00:00","2026-09-10 09:00:00","CAPE","surface",-73.4185,18.6859,1689
"2026-09-09 18:00:00","2026-09-10 09:00:00","CAPE","surface",-73.3946,18.6859,1697
"2026-09-09 18:00:00","2026-09-10 09:00:00","CAPE","surface",-73.3707,18.6859,1697
"2026-09-09 18:00:00","2026-09-10 09:00:00","CAPE","surface",-73.3467,18.6859,1731
"2026-09-09 18:00:00","2026-09-10 09:00:00","CAPE","surface",-73.3228,18.6859,1818
"2026-09-09 18:00:00","2026-09-10 09:00:00","CAPE","surface",-73.2989,18.6859,1887
"2026-09-09 18:00:00","2026-09-10 09:00:00","CAPE","surface",-73.275,18.6859,1949
"2026-09-09 18:00:00","2026-09-10 09:00:00","CAPE","surface",-73.251,18.6859,2008
"2026-09-09 18:00:00","2026-09-10 09:00:00","CAPE","surface",-73.2271,18.6859,2077
"2026-09-09 18:00:00","2026-09-10 09:00:00","CAPE","surface",-73.2032,18.6859,2021
"2026-09-09 18:00:00","2026-09-10 09:00:00","CAPE","surface",-73.1793,18.6859,2015
"2026-09-09 18:00:00","2026-09-10 09:00:00","CAPE","surface",-73.1553,18.6859,1575
"2026-09-09 18:00:00","2026-09-10 09:00:00","CAPE","surface",-73.1314,18.6859,1575
"2026-09-09 18:00:00","2026-09-10 09:00:00","CAPE","surface",-73.1075,18.6859,1645
"2026-09-09 18:00:00","2026-09-10 09:00:00","CAPE","surface",-73.0836,18.6859,1646
"2026-09-09 18:00:00","2026-09-10 09:00:00","CAPE","surface",-73.0596,18.6859,1932
"2026-09-09 18:00:00","2026-09-10 09:00:00","CAPE","surface",-73.0357,18.6859,1843
"2026-09-09 18:00:00","2026-09-10 09:00:00","CAPE","surface",-73.0118,18.6859,1982
"2026-09-09 18:00:00","2026-09-10 09:00:00","CAPE","surface",-72.9879,18.6859,1982
"2026-09-09 18:00:00","2026-09-10 09:00:00","CAPE","surface",-72.9639,18.6859,2008
"2026-09-09 18:00:00","2026-09-10 09:00:00","CAPE","surface",-72.94,18.6859,1982
"2026-09-09 18:00:00","2026-09-10 09:00:00","CAPE","surface",-72.9161,18.6859,1931
"2026-09-09 18:00:00","2026-09-10 09:00:00","CAPE","surface",-72.8922,18.6859,1917
"2026-09-09 18:00:00","2026-09-10 09:00:00","CAPE","surface",-72.8682,18.6859,1656
"2026-09-09 18:00:00","2026-09-10 09:00:00","CAPE","surface",-72.8443,18.6859,1640
"2026-09-09 18:00:00","2026-09-10 09:00:00","CAPE","surface",-72.8204,18.6859,1511
"2026-09-09 18:00:00","2026-09-10 09:00:00","CAPE","surface",-72.7965,18.6859,1502
"2026-09-09 18:00:00","2026-09-10 09:00:00","CAPE","surface",-72.7725,18.6859,1490
"2026-09-09 18:00:00","2026-09-10 09:00:00","CAPE","surface",-72.7486,18.6859,1558
"2026-09-09 18:00:00","2026-09-10 09:00:00","CAPE","surface",-72.7247,18.6859,1538
"2026-09-09 18:00:00","2026-09-10 09:00:00","CAPE","surface",-72.7008,18.6859,1598
"2026-09-09 18:00:00","2026-09-10 09:00:00","CAPE","surface",-72.6768,18.6859,1550
"2026-09-09 18:00:00","2026-09-10 09:00:00","CAPE","surface",-72.6529,18.6859,1502
"2026-09-09 18:00:00","2026-09-10 09:00:00","CAPE","surface",-72.629,18.6859,1459
"2026-09-09 18:00:00","2026-09-10 09:00:00","CAPE","surface",-72.6051,18.6859,1487
"2026-09-09 18:00:00","2026-09-10 09:00:00","CAPE","surface",-72.5811,18.6859,1460
"2026-09-09 18:00:00","2026-09-10 09:00:00","CAPE","surface",-72.5572,18.6859,1469
"2026-09-09 18:00:00","2026-09-10 09:00:00","CAPE","surface",-72.5333,18.6859,1448
"2026-09-09 18:00:00","2026-09-10 09:00:00","CAPE","surface",-72.5094,18.6859,1454
"2026-09-09 18:00:00","2026-09-10 09:00:00","CAPE","surface",-72.4854,18.6859,1454
"2026-09-09 18:00:00","2026-09-10 09:00:00","CAPE","surface",-72.4615,18.6859,1438
"2026-09-09 18:00:00","2026-09-10 09:00:00","CAPE","surface",-72.4376,18.6859,1423
"2026-09-09 18:00:00","2026-09-10 09:00:00","CAPE","surface",-72.4137,18.6859,1362
"2026-09-09 18:00:00","2026-09-10 09:00:00","CAPE","surface",-72.3897,18.6859,1230
"2026-09-09 18:00:00","2026-09-10 09:00:00","CAPE","surface",-72.3658,18.6859,1230
"2026-09-09 18:00:00","2026-09-10 09:00:00","CAPE","surface",-72.3419,18.6859,783
"2026-09-09 18:00:00","2026-09-10 09:00:00","CAPE","surface",-72.318,18.6859,829
"2026-09-09 18:00:00","2026-09-10 09:00:00","CAPE","surface",-72.294,18.6859,788
"2026-09-09 18:00:00","2026-09-10 09:00:00","CAPE","surface",-72.2701,18.6859,822
"2026-09-09 18:00:00","2026-09-10 09:00:00","CAPE","surface",-72.2462,18.6859,749
"2026-09-09 18:00:00","2026-09-10 09:00:00","CAPE","surface",-72.2223,18.6859,787
"2026-09-09 18:00:00","2026-09-10 09:00:00","CAPE","surface",-72.1983,18.6859,718
"2026-09-09 18:00:00","2026-09-10 09:00:00","CAPE","surface",-72.1744,18.6859,763
"2026-09-09 18:00:00","2026-09-10 09:00:00","CAPE","surface",-72.1505,18.6859,714
"2026-09-09 18:00:00","2026-09-10 09:00:00","CAPE","surface",-72.1266,18.6859,714
"2026-09-09 18:00:00","2026-09-10 09:00:00","CAPE","surface",-72.1026,18.6859,545
"2026-09-09 18:00:00","2026-09-10 09:00:00","CAPE","surface",-72.0787,18.6859,584
"2026-09-09 18:00:00","2026-09-10 09:00:00","CAPE","surface",-72.0548,18.6859,443
"2026-09-09 18:00:00","2026-09-10 09:00:00","CAPE","surface",-72.0309,18.6859,357
"2026-09-09 18:00:00","2026-09-10 09:00:00","CAPE","surface",-72.0069,18.6859,357
"2026-09-09 18:00:00","2026-09-10 09:00:00","CAPE","surface",-71.983,18.6859,338
"2026-09-09 18:00:00","2026-09-10 09:00:00","CAPE","surface",-71.9591,18.6859,413
"2026-09-09 18:00:00","2026-09-10 09:00:00","CAPE","surface",-71.9352,18.6859,347
"2026-09-09 18:00:00","2026-09-10 09:00:00","CAPE","surface",-71.9112,18.6859,374
"2026-09-09 18:00:00","2026-09-10 09:00:00","CAPE","surface",-71.8873,18.6859,245
"2026-09-09 18:00:00","2026-09-10 09:00:00","CAPE","surface",-71.8634,18.6859,288
"2026-09-09 18:00:00","2026-09-10 09:00:00","CAPE","surface",-71.8395,18.6859,99
"2026-09-09 18:00:00","2026-09-10 09:00:00","CAPE","surface",-71.8155,18.6859,105
"2026-09-09 18:00:00","2026-09-10 09:00:00","CAPE","surface",-71.7916,18.6859,58
"2026-09-09 18:00:00","2026-09-10 09:00:00","CAPE","surface",-71.7677,18.6859,58
"2026-09-09 18:00:00","2026-09-10 09:00:00","CAPE","surface",-71.7438,18.6859,92
"2026-09-09 18:00:00","2026-09-10 09:00:00","CAPE","surface",-71.7198,18.6859,126
"2026-09-09 18:00:00","2026-09-10 09:00:00","CAPE","surface",-71.6959,18.6859,197
"2026-09-09 18:00:00","2026-09-10 09:00:00","CAPE","surface",-71.672,18.6859,196
"2026-09-09 18:00:00","2026-09-10 09:00:00","CAPE","surface",-71.6481,18.6859,196
"2026-09-09 18:00:00","2026-09-10 09:00:00","CAPE","surface",-71.6241,18.6859,174
"2026-09-09 18:00:00","2026-09-10 09:00:00","CAPE","surface",-71.6002,18.6859,149
"2026-09-09 18:00:00","2026-09-10 09:00:00","CAPE","surface",-71.5763,18.6859,127
"2026-09-09 18:00:00","2026-09-10 09:00:00","CAPE","surface",-71.5524,18.6859,168
"2026-09-09 18:00:00","2026-09-10 09:00:00","CAPE","surface",-71.5284,18.6859,180
"2026-09-09 18:00:00","2026-09-10 09:00:00","CAPE","surface",-71.5045,18.6859,217
"2026-09-09 18:00:00","2026-09-10 09:00:00","CAPE","surface",-71.4806,18.6859,288
"2026-09-09 18:00:00","2026-09-10 09:00:00","CAPE","surface",-71.4567,18.6859,326
"2026-09-09 18:00:00","2026-09-10 09:00:00","CAPE","surface",-71.4327,18.6859,442
"2026-09-09 18:00:00","2026-09-10 09:00:00","CAPE","surface",-71.4088,18.6859,442
"2026-09-09 18:00:00","2026-09-10 09:00:00","CAPE","surface",-71.3849,18.6859,573
"2026-09-09 18:00:00","2026-09-10 09:00:00","CAPE","surface",-71.361,18.6859,579
"2026-09-09 18:00:00","2026-09-10 09:00:00","CAPE","surface",-71.337,18.6859,584
"2026-09-09 18:00:00","2026-09-10 09:00:00","CAPE","surface",-71.3131,18.6859,542
"2026-09-09 18:00:00","2026-09-10 09:00:00","CAPE","surface",-71.2892,18.6859,542
"2026-09-09 18:00:00","2026-09-10 09:00:00","CAPE","surface",-71.2653,18.6859,521
"2026-09-09 18:00:00","2026-09-10 09:00:00","CAPE","surface",-71.2413,18.6859,514
"2026-09-09 18:00:00","2026-09-10 09:00:00","CAPE","surface",-71.2174,18.6859,485
"2026-09-09 18:00:00","2026-09-10 09:00:00","CAPE","surface",-71.1935,18.6859,489
"2026-09-09 18:00:00","2026-09-10 09:00:00","CAPE","surface",-71.1696,18.6859,490
"2026-09-09 18:00:00","2026-09-10 09:00:00","CAPE","surface",-71.1456,18.6859,495
"2026-09-09 18:00:00","2026-09-10 09:00:00","CAPE","surface",-71.1217,18.6859,485
"2026-09-09 18:00:00","2026-09-10 09:00:00","CAPE","surface",-71.0978,18.6859,455
"2026-09-09 18:00:00","2026-09-10 09:00:00","CAPE","surface",-71.0739,18.6859,495
"2026-09-09 18:00:00","2026-09-10 09:00:00","CAPE","surface",-71.0499,18.6859,495
"2026-09-09 18:00:00","2026-09-10 09:00:00","CAPE","surface",-71.026,18.6859,586
"2026-09-09 18:00:00","2026-09-10 09:00:00","CAPE","surface",-71.0021,18.6859,609
"2026-09-09 18:00:00","2026-09-10 09:00:00","CAPE","surface",-70.9782,18.6859,607
"2026-09-09 18:00:00","2026-09-10 09:00:00","CAPE","surface",-70.9542,18.6859,628
"2026-09-09 18:00:00","2026-09-10 09:00:00","CAPE","surface",-70.9303,18.6859,616
"2026-09-09 18:00:00","2026-09-10 09:00:00","CAPE","surface",-70.9064,18.6859,411
"2026-09-09 18:00:00","2026-09-10 09:00:00","CAPE","surface",-70.8825,18.6859,179
"2026-09-09 18:00:00","2026-09-10 09:00:00","CAPE","surface",-70.8585,18.6859,81
"2026-09-09 18:00:00","2026-09-10 09:00:00","CAPE","surface",-70.8346,18.6859,81
"2026-09-09 18:00:00","2026-09-10 09:00:00","CAPE","surface",-70.8107,18.6859,70
"2026-09-09 18:00:00","2026-09-10 09:00:00","CAPE","surface",-70.7868,18.6859,74
"2026-09-09 18:00:00","2026-09-10 09:00:00","CAPE","surface",-70.7628,18.6859,79
"2026-09-09 18:00:00","2026-09-10 09:00:00","CAPE","surface",-70.7389,18.6859,76
"2026-09-09 18:00:00","2026-09-10 09:00:00","CAPE","surface",-70.715,18.6859,76
"2026-09-09 18:00:00","2026-09-10 09:00:00","CAPE","surface",-70.6911,18.6859,57
"2026-09-09 18:00:00","2026-09-10 09:00:00","CAPE","surface",-70.6671,18.6859,82
"2026-09-09 18:00:00","2026-09-10 09:00:00","CAPE","surface",-70.6432,18.6859,106
"2026-09-09 18:00:00","2026-09-10 09:00:00","CAPE","surface",-70.6193,18.6859,153
"2026-09-09 18:00:00","2026-09-10 09:00:00","CAPE","surface",-70.5954,18.6859,163
"2026-09-09 18:00:00","2026-09-10 09:00:00","CAPE","surface",-70.5714,18.6859,401
"2026-09-09 18:00:00","2026-09-10 09:00:00","CAPE","surface",-70.5475,18.6859,371
"2026-09-09 18:00:00","2026-09-10 09:00:00","CAPE","surface",-70.5236,18.6859,520
"2026-09-09 18:00:00","2026-09-10 09:00:00","CAPE","surface",-70.4997,18.6859,565
"2026-09-09 18:00:00","2026-09-10 09:00:00","CAPE","surface",-70.4757,18.6859,688
"2026-09-09 18:00:00","2026-09-10 09:00:00","CAPE","surface",-70.4518,18.6859,805
"2026-09-09 18:00:00","2026-09-10 09:00:00","CAPE","surface",-70.4279,18.6859,1010
"2026-09-09 18:00:00","2026-09-10 09:00:00","CAPE","surface",-70.404,18.6859,954
"2026-09-09 18:00:00","2026-09-10 09:00:00","CAPE","surface",-70.38,18.6859,1030
"2026-09-09 18:00:00","2026-09-10 09:00:00","CAPE","surface",-70.3561,18.6859,1020
"2026-09-09 18:00:00","2026-09-10 09:00:00","CAPE","surface",-70.3322,18.6859,1129
"2026-09-09 18:00:00","2026-09-10 09:00:00","CAPE","surface",-70.3083,18.6859,1114
"2026-09-09 18:00:00","2026-09-10 09:00:00","CAPE","surface",-70.2843,18.6859,952
"2026-09-09 18:00:00","2026-09-10 09:00:00","CAPE","surface",-70.2604,18.6859,952
"2026-09-09 18:00:00","2026-09-10 09:00:00","CAPE","surface",-70.2365,18.6859,959
"2026-09-09 18:00:00","2026-09-10 09:00:00","CAPE","surface",-70.2126,18.6859,983
"2026-09-09 18:00:00","2026-09-10 09:00:00","CAPE","surface",-70.1886,18.6859,1004
"2026-09-09 18:00:00","2026-09-10 09:00:00","CAPE","surface",-70.1647,18.6859,977
"2026-09-09 18:00:00","2026-09-10 09:00:00","CAPE","surface",-70.1408,18.6859,986
"2026-09-09 18:00:00","2026-09-10 09:00:00","CAPE","surface",-70.1169,18.6859,1099
"2026-09-09 18:00:00","2026-09-10 09:00:00","CAPE","surface",-70.0929,18.6859,1116
"2026-09-09 18:00:00","2026-09-10 09:00:00","CAPE","surface",-70.069,18.6859,1137
"2026-09-09 18:00:00","2026-09-10 09:00:00","CAPE","surface",-70.0451,18.6859,1137
"2026-09-09 18:00:00","2026-09-10 09:00:00","CAPE","surface",-70.0212,18.6859,1190
"2026-09-09 18:00:00","2026-09-10 09:00:00","CAPE","surface",-69.9972,18.6859,1218
"2026-09-09 18:00:00","2026-09-10 09:00:00","CAPE","surface",-69.9733,18.6859,1339
"2026-09-09 18:00:00","2026-09-10 09:00:00","CAPE","surface",-69.9494,18.6859,1383
"2026-09-09 18:00:00","2026-09-10 09:00:00","CAPE","surface",-69.9255,18.6859,1404
"2026-09-09 18:00:00","2026-09-10 09:00:00","CAPE","surface",-69.9015,18.6859,1441
"2026-09-09 18:00:00","2026-09-10 09:00:00","CAPE","surface",-69.8776,18.6859,1455
"2026-09-09 18:00:00","2026-09-10 09:00:00","CAPE","surface",-69.8537,18.6859,1475
"2026-09-09 18:00:00","2026-09-10 09:00:00","CAPE","surface",-69.8298,18.6859,1475
"2026-09-09 18:00:00","2026-09-10 09:00:00","CAPE","surface",-69.8058,18.6859,1519
"2026-09-09 18:00:00","2026-09-10 09:00:00","CAPE","surface",-69.7819,18.6859,1546
"2026-09-09 18:00:00","2026-09-10 09:00:00","CAPE","surface",-69.758,18.6859,1615
"2026-09-09 18:00:00","2026-09-10 09:00:00","CAPE","surface",-69.7341,18.6859,1669
"2026-09-09 18:00:00","2026-09-10 09:00:00","CAPE","surface",-69.7101,18.6859,1690
"2026-09-09 18:00:00","2026-09-10 09:00:00","CAPE","surface",-69.6862,18.6859,1716
"2026-09-09 18:00:00","2026-09-10 09:00:00","CAPE","surface",-69.6623,18.6859,1733
"2026-09-09 18:00:00","2026-09-10 09:00:00","CAPE","surface",-69.6384,18.6859,1713
"2026-09-09 18:00:00","2026-09-10 09:00:00","CAPE","surface",-69.6144,18.6859,1713
"2026-09-09 18:00:00","2026-09-10 09:00:00","CAPE","surface",-69.5905,18.6859,1674
"2026-09-09 18:00:00","2026-09-10 09:00:00","CAPE","surface",-69.5666,18.6859,1666
"2026-09-09 18:00:00","2026-09-10 09:00:00","CAPE","surface",-69.5427,18.6859,1666
"2026-09-09 18:00:00","2026-09-10 09:00:00","CAPE","surface",-69.5187,18.6859,1697
"2026-09-09 18:00:00","2026-09-10 09:00:00","CAPE","surface",-69.4948,18.6859,1699
"2026-09-09 18:00:00","2026-09-10 09:00:00","CAPE","surface",-69.4709,18.6859,1755
"2026-09-09 18:00:00","2026-09-10 09:00:00","CAPE","surface",-69.447,18.6859,1796
"2026-09-09 18:00:00","2026-09-10 09:00:00","CAPE","surface",-69.423,18.6859,1829
"2026-09-09 18:00:00","2026-09-10 09:00:00","CAPE","surface",-69.3991,18.6859,1829
"2026-09-09 18:00:00","2026-09-10 09:00:00","CAPE","surface",-69.3752,18.6859,1866
"2026-09-09 18:00:00","2026-09-10 09:00:00","CAPE","surface",-69.3513,18.6859,1926
"2026-09-09 18:00:00","2026-09-10 09:00:00","CAPE","surface",-69.3273,18.6859,1953
"2026-09-09 18:00:00","2026-09-10 09:00:00","CAPE","surface",-69.3034,18.6859,1953
"2026-09-09 18:00:00","2026-09-10 09:00:00","CAPE","surface",-69.2795,18.6859,1983
"2026-09-09 18:00:00","2026-09-10 09:00:00","CAPE","surface",-69.2556,18.6859,2010
"2026-09-09 18:00:00","2026-09-10 09:00:00","CAPE","surface",-69.2316,18.6859,2066
"2026-09-09 18:00:00","2026-09-10 09:00:00","CAPE","surface",-69.2077,18.6859,2095
"2026-09-09 18:00:00","2026-09-10 09:00:00","CAPE","surface",-69.1838,18.6859,2095
"2026-09-09 18:00:00","2026-09-10 09:00:00","CAPE","surface",-69.1599,18.6859,2090
"2026-09-09 18:00:00","2026-09-10 09:00:00","CAPE","surface",-69.1359,18.6859,2103
"2026-09-09 18:00:00","2026-09-10 09:00:00","CAPE","surface",-69.112,18.6859,2104
"2026-09-09 18:00:00","2026-09-10 09:00:00","CAPE","surface",-69.0881,18.6859,2104
"2026-09-09 18:00:00","2026-09-10 09:00:00","CAPE","surface",-69.0642,18.6859,2112
"2026-09-09 18:00:00","2026-09-10 09:00:00","CAPE","surface",-69.0402,18.6859,2145
"2026-09-09 18:00:00","2026-09-10 09:00:00","CAPE","surface",-69.0163,18.6859,2193
"2026-09-09 18:00:00","2026-09-10 09:00:00","CAPE","surface",-68.9924,18.6859,2282
"2026-09-09 18:00:00","2026-09-10 09:00:00","CAPE","surface",-68.9685,18.6859,2282
"2026-09-09 18:00:00","2026-09-10 09:00:00","CAPE","surface",-68.9445,18.6859,2333
"2026-09-09 18:00:00","2026-09-10 09:00:00","CAPE","surface",-68.9206,18.6859,2358
"2026-09-09 18:00:00","2026-09-10 09:00:00","CAPE","surface",-68.8967,18.6859,2390
"2026-09-09 18:00:00","2026-09-10 09:00:00","CAPE","surface",-68.8728,18.6859,2390
"2026-09-09 18:00:00","2026-09-10 09:00:00","CAPE","surface",-68.8488,18.6859,2386
"2026-09-09 18:00:00","2026-09-10 09:00:00","CAPE","surface",-68.8249,18.6859,2296
"2026-09-09 18:00:00","2026-09-10 09:00:00","CAPE","surface",-68.801,18.6859,2291
"2026-09-09 18:00:00","2026-09-10 09:00:00","CAPE","surface",-68.7771,18.6859,2154
"2026-09-09 18:00:00","2026-09-10 09:00:00","CAPE","surface",-68.7531,18.6859,2153
"2026-09-09 18:00:00","2026-09-10 09:00:00","CAPE","surface",-68.7292,18.6859,2021
"2026-09-09 18:00:00","2026-09-10 09:00:00","CAPE","surface",-68.7053,18.6859,1999
"2026-09-09 18:00:00","2026-09-10 09:00:00","CAPE","surface",-68.6813,18.6859,1928
"2026-09-09 18:00:00","2026-09-10 09:00:00","CAPE","surface",-68.6574,18.6859,1928
"2026-09-09 18:00:00","2026-09-10 09:00:00","CAPE","surface",-68.6335,18.6859,1875
"2026-09-09 18:00:00","2026-09-10 09:00:00","CAPE","surface",-68.6096,18.6859,1843
"2026-09-09 18:00:00","2026-09-10 09:00:00","CAPE","surface",-68.5856,18.6859,1865
"2026-09-09 18:00:00","2026-09-10 09:00:00","CAPE","surface",-68.5617,18.6859,1838
"2026-09-09 18:00:00","2026-09-10 09:00:00","CAPE","surface",-68.5378,18.6859,1866
"2026-09-09 18:00:00","2026-09-10 09:00:00","CAPE","surface",-68.5139,18.6859,1850
"2026-09-09 18:00:00","2026-09-10 09:00:00","CAPE","surface",-68.4899,18.6859,1884
"2026-09-09 18:00:00","2026-09-10 09:00:00","CAPE","surface",-68.466,18.6859,1897
"2026-09-09 18:00:00","2026-09-10 09:00:00","CAPE","surface",-68.4421,18.6859,1970
"2026-09-09 18:00:00","2026-09-10 09:00:00","CAPE","surface",-68.4182,18.6859,2197
"2026-09-09 18:00:00","2026-09-10 09:00:00","CAPE","surface",-68.3942,18.6859,2481
"2026-09-09 18:00:00","2026-09-10 09:00:00","CAPE","surface",-68.3703,18.6859,2528
"2026-09-09 18:00:00","2026-09-10 09:00:00","CAPE","surface",-68.3464,18.6859,2543
"2026-09-09 18:00:00","2026-09-10 09:00:00","CAPE","surface",-68.3225,18.6859,2574
"2026-09-09 18:00:00","2026-09-10 09:00:00","CAPE","surface",-68.2985,18.6859,2670
"2026-09-09 18:00:00","2026-09-10 09:00:00","CAPE","surface",-68.2746,18.6859,2674
"2026-09-09 18:00:00","2026-09-10 09:00:00","CAPE","surface",-68.2507,18.6859,2722
"2026-09-09 18:00:00","2026-09-10 09:00:00","CAPE","surface",-68.2268,18.6859,2767
"2026-09-09 18:00:00","2026-09-10 09:00:00","CAPE","surface",-68.2028,18.6859,2662
"2026-09-09 18:00:00","2026-09-10 09:00:00","CAPE","surface",-68.1789,18.6859,2588
"2026-09-09 18:00:00","2026-09-10 09:00:00","CAPE","surface",-68.155,18.6859,2588
"2026-09-09 18:00:00","2026-09-10 09:00:00","CAPE","surface",-68.1311,18.6859,2658
"2026-09-09 18:00:00","2026-09-10 09:00:00","CAPE","surface",-68.1071,18.6859,2614
"2026-09-09 18:00:00","2026-09-10 09:00:00","CAPE","surface",-68.0832,18.6859,2692
"2026-09-09 18:00:00","2026-09-10 09:00:00","CAPE","surface",-68.0593,18.6859,2692
"2026-09-09 18:00:00","2026-09-10 09:00:00","CAPE","surface",-68.0354,18.6859,2676
"2026-09-09 18:00:00","2026-09-10 09:00:00","CAPE","surface",-68.0114,18.6859,2660
"2026-09-09 18:00:00","2026-09-10 09:00:00","CAPE","surface",-67.9875,18.6859,2623
"2026-09-09 18:00:00","2026-09-10 09:00:00","CAPE","surface",-67.9636,18.6859,2647
"2026-09-09 18:00:00","2026-09-10 09:00:00","CAPE","surface",-67.9397,18.6859,2647
"2026-09-09 18:00:00","2026-09-10 09:00:00","CAPE","surface",-67.9157,18.6859,2777
"2026-09-09 18:00:00","2026-09-10 09:00:00","CAPE","surface",-67.8918,18.6859,2729
"2026-09-09 18:00:00","2026-09-10 09:00:00","CAPE","surface",-67.8679,18.6859,2749
"2026-09-09 18:00:00","2026-09-10 09:00:00","CAPE","surface",-67.844,18.6859,2840
"2026-09-09 18:00:00","2026-09-10 09:00:00","CAPE","surface",-67.82,18.6859,2793
"2026-09-09 18:00:00","2026-09-10 09:00:00","CAPE","surface",-67.7961,18.6859,2893
"2026-09-09 18:00:00","2026-09-10 09:00:00","CAPE","surface",-67.7722,18.6859,2876
"2026-09-09 18:00:00","2026-09-10 09:00:00","CAPE","surface",-67.7483,18.6859,3042
"2026-09-09 18:00:00","2026-09-10 09:00:00","CAPE","surface",-67.7243,18.6859,3054
"2026-09-09 18:00:00","2026-09-10 09:00:00","CAPE","surface",-67.7004,18.6859,3234
"2026-09-09 18:00:00","2026-09-10 09:00:00","CAPE","surface",-67.6765,18.6859,3214
"2026-09-09 18:00:00","2026-09-10 09:00:00","CAPE","surface",-67.6526,18.6859,3366
"2026-09-09 18:00:00","2026-09-10 09:00:00","CAPE","surface",-67.6286,18.6859,3304
"2026-09-09 18:00:00","2026-09-10 09:00:00","CAPE","surface",-67.6047,18.6859,3241
"2026-09-09 18:00:00","2026-09-10 09:00:00","CAPE","surface",-67.5808,18.6859,3203
"2026-09-09 18:00:00","2026-09-10 09:00:00","CAPE","surface",-67.5569,18.6859,3203
"2026-09-09 18:00:00","2026-09-10 09:00:00","CAPE","surface",-67.5329,18.6859,3021
"2026-09-09 18:00:00","2026-09-10 09:00:00","CAPE","surface",-67.509,18.6859,2679
"2026-09-09 18:00:00","2026-09-10 09:00:00","CAPE","surface",-67.4851,18.6859,2561
"2026-09-09 18:00:00","2026-09-10 09:00:00","CAPE","surface",-67.4612,18.6859,2735
"2026-09-09 18:00:00","2026-09-10 09:00:00","CAPE","surface",-67.4372,18.6859,2624
"2026-09-09 18:00:00","2026-09-10 09:00:00","CAPE","surface",-67.4133,18.6859,2656
"2026-09-09 18:00:00","2026-09-10 09:00:00","CAPE","surface",-67.3894,18.6859,2594
"2026-09-09 18:00:00","2026-09-10 09:00:00","CAPE","surface",-67.3655,18.6859,2593
"2026-09-09 18:00:00","2026-09-10 09:00:00","CAPE","surface",-67.3415,18.6859,2593
"2026-09-09 18:00:00","2026-09-10 09:00:00","CAPE","surface",-67.3176,18.6859,2699
"2026-09-09 18:00:00","2026-09-10 09:00:00","CAPE","surface",-67.2937,18.6859,2879
"2026-09-09 18:00:00","2026-09-10 09:00:00","CAPE","surface",-67.2698,18.6859,2736
"2026-09-09 18:00:00","2026-09-10 09:00:00","CAPE","surface",-67.2458,18.6859,3059
"2026-09-09 18:00:00","2026-09-10 09:00:00","CAPE","surface",-67.2219,18.6859,2913
"2026-09-09 18:00:00","2026-09-10 09:00:00","CAPE","surface",-67.198,18.6859,3023
"2026-09-09 18:00:00","2026-09-10 09:00:00","CAPE","surface",-67.1741,18.6859,2889
"2026-09-09 18:00:00","2026-09-10 09:00:00","CAPE","surface",-67.1501,18.6859,3026
"2026-09-09 18:00:00","2026-09-10 09:00:00","CAPE","surface",-67.1262,18.6859,2916
"2026-09-09 18:00:00","2026-09-10 09:00:00","CAPE","surface",-67.1023,18.6859,2779
"2026-09-09 18:00:00","2026-09-10 09:00:00","CAPE","surface",-67.0784,18.6859,2692
"2026-09-09 18:00:00","2026-09-10 09:00:00","CAPE","surface",-67.0544,18.6859,2692
"2026-09-09 18:00:00","2026-09-10 09:00:00","CAPE","surface",-67.0305,18.6859,2695
"2026-09-09 18:00:00","2026-09-10 09:00:00","CAPE","surface",-67.0066,18.6859,2674
"2026-09-09 18:00:00","2026-09-10 09:00:00","CAPE","surface",-74.7822,18.7086,1829
"2026-09-09 18:00:00","2026-09-10 09:00:00","CAPE","surface",-74.7583,18.7086,1854
"2026-09-09 18:00:00","2026-09-10 09:00:00","CAPE","surface",-74.7344,18.7086,1850
"2026-09-09 18:00:00","2026-09-10 09:00:00","CAPE","surface",-74.7105,18.7086,1962
"2026-09-09 18:00:00","2026-09-10 09:00:00","CAPE","surface",-74.6865,18.7086,1914
"2026-09-09 18:00:00","2026-09-10 09:00:00","CAPE","surface",-74.6626,18.7086,2095
"2026-09-09 18:00:00","2026-09-10 09:00:00","CAPE","surface",-74.6387,18.7086,2206
"2026-09-09 18:00:00","2026-09-10 09:00:00","CAPE","surface",-74.6148,18.7086,2174
"2026-09-09 18:00:00","2026-09-10 09:00:00","CAPE","surface",-74.5908,18.7086,2325
"2026-09-09 18:00:00","2026-09-10 09:00:00","CAPE","surface",-74.5669,18.7086,2365
"2026-09-09 18:00:00","2026-09-10 09:00:00","CAPE","surface",-74.543,18.7086,2151
"2026-09-09 18:00:00","2026-09-10 09:00:00","CAPE","surface",-74.5191,18.7086,2151
"2026-09-09 18:00:00","2026-09-10 09:00:00","CAPE","surface",-74.4951,18.7086,1865
"2026-09-09 18:00:00","2026-09-10 09:00:00","CAPE","surface",-74.4712,18.7086,1657
"2026-09-09 18:00:00","2026-09-10 09:00:00","CAPE","surface",-74.4473,18.7086,1654
"2026-09-09 18:00:00","2026-09-10 09:00:00","CAPE","surface",-74.4234,18.7086,1586
"2026-09-09 18:00:00","2026-09-10 09:00:00","CAPE","surface",-74.3994,18.7086,1619
"2026-09-09 18:00:00","2026-09-10 09:00:00","CAPE","surface",-74.3755,18.7086,1744
"2026-09-09 18:00:00","2026-09-10 09:00:00","CAPE","surface",-74.3516,18.7086,1798
"2026-09-09 18:00:00","2026-09-10 09:00:00","CAPE","surface",-74.3277,18.7086,2067
"2026-09-09 18:00:00","2026-09-10 09:00:00","CAPE","surface",-74.3037,18.7086,1756
"2026-09-09 18:00:00","2026-09-10 09:00:00","CAPE","surface",-74.2798,18.7086,1748
"2026-09-09 18:00:00","2026-09-10 09:00:00","CAPE","surface",-74.2559,18.7086,1649
"2026-09-09 18:00:00","2026-09-10 09:00:00","CAPE","surface",-74.232,18.7086,1561
"2026-09-09 18:00:00","2026-09-10 09:00:00","CAPE","surface",-74.208,18.7086,1789
"2026-09-09 18:00:00","2026-09-10 09:00:00","CAPE","surface",-74.1841,18.7086,1744
"2026-09-09 18:00:00","2026-09-10 09:00:00","CAPE","surface",-74.1602,18.7086,1934
"2026-09-09 18:00:00","2026-09-10 09:00:00","CAPE","surface",-74.1363,18.7086,1757
"2026-09-09 18:00:00","2026-09-10 09:00:00","CAPE","surface",-74.1123,18.7086,1965
"2026-09-09 18:00:00","2026-09-10 09:00:00","CAPE","surface",-74.0884,18.7086,1764
"2026-09-09 18:00:00","2026-09-10 09:00:00","CAPE","surface",-74.0645,18.7086,1880
"2026-09-09 18:00:00","2026-09-10 09:00:00","CAPE","surface",-74.0406,18.7086,1683
"2026-09-09 18:00:00","2026-09-10 09:00:00","CAPE","surface",-74.0166,18.7086,1653
"2026-09-09 18:00:00","2026-09-10 09:00:00","CAPE","surface",-73.9927,18.7086,1653
"2026-09-09 18:00:00","2026-09-10 09:00:00","CAPE","surface",-73.9688,18.7086,1505
"2026-09-09 18:00:00","2026-09-10 09:00:00","CAPE","surface",-73.9449,18.7086,1400
"2026-09-09 18:00:00","2026-09-10 09:00:00","CAPE","surface",-73.9209,18.7086,1474
"2026-09-09 18:00:00","2026-09-10 09:00:00","CAPE","surface",-73.897,18.7086,1547
"2026-09-09 18:00:00","2026-09-10 09:00:00","CAPE","surface",-73.8731,18.7086,1628
"2026-09-09 18:00:00","2026-09-10 09:00:00","CAPE","surface",-73.8492,18.7086,1628
"2026-09-09 18:00:00","2026-09-10 09:00:00","CAPE","surface",-73.8252,18.7086,1548
"2026-09-09 18:00:00","2026-09-10 09:00:00","CAPE","surface",-73.8013,18.7086,1520
"2026-09-09 18:00:00","2026-09-10 09:00:00","CAPE","surface",-73.7774,18.7086,1584
"2026-09-09 18:00:00","2026-09-10 09:00:00","CAPE","surface",-73.7535,18.7086,1641
"2026-09-09 18:00:00","2026-09-10 09:00:00","CAPE","surface",-73.7295,18.7086,1892
"2026-09-09 18:00:00","2026-09-10 09:00:00","CAPE","surface",-73.7056,18.7086,1803
"2026-09-09 18:00:00","2026-09-10 09:00:00","CAPE","surface",-73.6817,18.7086,1868
"2026-09-09 18:00:00","2026-09-10 09:00:00","CAPE","surface",-73.6578,18.7086,1724
"2026-09-09 18:00:00","2026-09-10 09:00:00","CAPE","surface",-73.6338,18.7086,1721
"2026-09-09 18:00:00","2026-09-10 09:00:00","CAPE","surface",-73.6099,18.7086,2005
"2026-09-09 18:00:00","2026-09-10 09:00:00","CAPE","surface",-73.586,18.7086,2005
"2026-09-09 18:00:00","2026-09-10 09:00:00","CAPE","surface",-73.5621,18.7086,1992
"2026-09-09 18:00:00","2026-09-10 09:00:00","CAPE","surface",-73.5381,18.7086,1817
"2026-09-09 18:00:00","2026-09-10 09:00:00","CAPE","surface",-73.5142,18.7086,1703
"2026-09-09 18:00:00","2026-09-10 09:00:00","CAPE","surface",-73.4903,18.7086,1680
"2026-09-09 18:00:00","2026-09-10 09:00:00","CAPE","surface",-73.4664,18.7086,1686
"2026-09-09 18:00:00","2026-09-10 09:00:00","CAPE","surface",-73.4424,18.7086,1686
"2026-09-09 18:00:00","2026-09-10 09:00:00","CAPE","surface",-73.4185,18.7086,1688
"2026-09-09 18:00:00","2026-09-10 09:00:00","CAPE","surface",-73.3946,18.7086,1672
"2026-09-09 18:00:00","2026-09-10 09:00:00","CAPE","surface",-73.3707,18.7086,1688
"2026-09-09 18:00:00","2026-09-10 09:00:00","CAPE","surface",-73.3467,18.7086,1731
"2026-09-09 18:00:00","2026-09-10 09:00:00","CAPE","surface",-73.3228,18.7086,1756
"2026-09-09 18:00:00","2026-09-10 09:00:00","CAPE","surface",-73.2989,18.7086,1822
"2026-09-09 18:00:00","2026-09-10 09:00:00","CAPE","surface",-73.275,18.7086,1955
"2026-09-09 18:00:00","2026-09-10 09:00:00","CAPE","surface",-73.251,18.7086,2008
"2026-09-09 18:00:00","2026-09-10 09:00:00","CAPE","surface",-73.2271,18.7086,2016
"2026-09-09 18:00:00","2026-09-10 09:00:00","CAPE","surface",-73.2032,18.7086,2016
"2026-09-09 18:00:00","2026-09-10 09:00:00","CAPE","surface",-73.1793,18.7086,1667
"2026-09-09 18:00:00","2026-09-10 09:00:00","CAPE","surface",-73.1553,18.7086,1619
"2026-09-09 18:00:00","2026-09-10 09:00:00","CAPE","surface",-73.1314,18.7086,1655
"2026-09-09 18:00:00","2026-09-10 09:00:00","CAPE","surface",-73.1075,18.7086,2021
"2026-09-09 18:00:00","2026-09-10 09:00:00","CAPE","surface",-73.0836,18.7086,1992
"2026-09-09 18:00:00","2026-09-10 09:00:00","CAPE","surface",-73.0596,18.7086,2039
"2026-09-09 18:00:00","2026-09-10 09:00:00","CAPE","surface",-73.0357,18.7086,2056
"2026-09-09 18:00:00","2026-09-10 09:00:00","CAPE","surface",-73.0118,18.7086,1881
"2026-09-09 18:00:00","2026-09-10 09:00:00","CAPE","surface",-72.9879,18.7086,1960
"2026-09-09 18:00:00","2026-09-10 09:00:00","CAPE","surface",-72.9639,18.7086,1837
"2026-09-09 18:00:00","2026-09-10 09:00:00","CAPE","surface",-72.94,18.7086,1837
"2026-09-09 18:00:00","2026-09-10 09:00:00","CAPE","surface",-72.9161,18.7086,1600
"2026-09-09 18:00:00","2026-09-10 09:00:00","CAPE","surface",-72.8922,18.7086,1685
"2026-09-09 18:00:00","2026-09-10 09:00:00","CAPE","surface",-72.8682,18.7086,1810
"2026-09-09 18:00:00","2026-09-10 09:00:00","CAPE","surface",-72.8443,18.7086,1640
"2026-09-09 18:00:00","2026-09-10 09:00:00","CAPE","surface",-72.8204,18.7086,1357
"2026-09-09 18:00:00","2026-09-10 09:00:00","CAPE","surface",-72.7965,18.7086,1403
"2026-09-09 18:00:00","2026-09-10 09:00:00","CAPE","surface",-72.7725,18.7086,1577
"2026-09-09 18:00:00","2026-09-10 09:00:00","CAPE","surface",-72.7486,18.7086,1558
"2026-09-09 18:00:00","2026-09-10 09:00:00","CAPE","surface",-72.7247,18.7086,1623
"2026-09-09 18:00:00","2026-09-10 09:00:00","CAPE","surface",-72.7008,18.7086,1598
"2026-09-09 18:00:00","2026-09-10 09:00:00","CAPE","surface",-72.6768,18.7086,1612
"2026-09-09 18:00:00","2026-09-10 09:00:00","CAPE","surface",-72.6529,18.7086,1563
"2026-09-09 18:00:00","2026-09-10 09:00:00","CAPE","surface",-72.629,18.7086,1512
"2026-09-09 18:00:00","2026-09-10 09:00:00","CAPE","surface",-72.6051,18.7086,1497
"2026-09-09 18:00:00","2026-09-10 09:00:00","CAPE","surface",-72.5811,18.7086,1489
"2026-09-09 18:00:00","2026-09-10 09:00:00","CAPE","surface",-72.5572,18.7086,1508
"2026-09-09 18:00:00","2026-09-10 09:00:00","CAPE","surface",-72.5333,18.7086,1488
"2026-09-09 18:00:00","2026-09-10 09:00:00","CAPE","surface",-72.5094,18.7086,1436
"2026-09-09 18:00:00","2026-09-10 09:00:00","CAPE","surface",-72.4854,18.7086,1440
"2026-09-09 18:00:00","2026-09-10 09:00:00","CAPE","surface",-72.4615,18.7086,1296
"2026-09-09 18:00:00","2026-09-10 09:00:00","CAPE","surface",-72.4376,18.7086,1296
"2026-09-09 18:00:00","2026-09-10 09:00:00","CAPE","surface",-72.4137,18.7086,853
"2026-09-09 18:00:00","2026-09-10 09:00:00","CAPE","surface",-72.3897,18.7086,1090
"2026-09-09 18:00:00","2026-09-10 09:00:00","CAPE","surface",-72.3658,18.7086,727
"2026-09-09 18:00:00","2026-09-10 09:00:00","CAPE","surface",-72.3419,18.7086,783
"2026-09-09 18:00:00","2026-09-10 09:00:00","CAPE","surface",-72.318,18.7086,718
"2026-09-09 18:00:00","2026-09-10 09:00:00","CAPE","surface",-72.294,18.7086,754
"2026-09-09 18:00:00","2026-09-10 09:00:00","CAPE","surface",-72.2701,18.7086,709
"2026-09-09 18:00:00","2026-09-10 09:00:00","CAPE","surface",-72.2462,18.7086,749
"2026-09-09 18:00:00","2026-09-10 09:00:00","CAPE","surface",-72.2223,18.7086,684
"2026-09-09 18:00:00","2026-09-10 09:00:00","CAPE","surface",-72.1983,18.7086,565
"2026-09-09 18:00:00","2026-09-10 09:00:00","CAPE","surface",-72.1744,18.7086,592
"2026-09-09 18:00:00","2026-09-10 09:00:00","CAPE","surface",-72.1505,18.7086,494
"2026-09-09 18:00:00","2026-09-10 09:00:00","CAPE","surface",-72.1266,18.7086,521
"2026-09-09 18:00:00","2026-09-10 09:00:00","CAPE","surface",-72.1026,18.7086,442
"2026-09-09 18:00:00","2026-09-10 09:00:00","CAPE","surface",-72.0787,18.7086,442
"2026-09-09 18:00:00","2026-09-10 09:00:00","CAPE","surface",-72.0548,18.7086,341
"2026-09-09 18:00:00","2026-09-10 09:00:00","CAPE","surface",-72.0309,18.7086,336
"2026-09-09 18:00:00","2026-09-10 09:00:00","CAPE","surface",-72.0069,18.7086,300
"2026-09-09 18:00:00","2026-09-10 09:00:00","CAPE","surface",-71.983,18.7086,338
"2026-09-09 18:00:00","2026-09-10 09:00:00","CAPE","surface",-71.9591,18.7086,272
"2026-09-09 18:00:00","2026-09-10 09:00:00","CAPE","surface",-71.9352,18.7086,300
"2026-09-09 18:00:00","2026-09-10 09:00:00","CAPE","surface",-71.9112,18.7086,210
"2026-09-09 18:00:00","2026-09-10 09:00:00","CAPE","surface",-71.8873,18.7086,245
"2026-09-09 18:00:00","2026-09-10 09:00:00","CAPE","surface",-71.8634,18.7086,75
"2026-09-09 18:00:00","2026-09-10 09:00:00","CAPE","surface",-71.8395,18.7086,75
"2026-09-09 18:00:00","2026-09-10 09:00:00","CAPE","surface",-71.8155,18.7086,26
"2026-09-09 18:00:00","2026-09-10 09:00:00","CAPE","surface",-71.7916,18.7086,42
"2026-09-09 18:00:00","2026-09-10 09:00:00","CAPE","surface",-71.7677,18.7086,57
"2026-09-09 18:00:00","2026-09-10 09:00:00","CAPE","surface",-71.7438,18.7086,103
"2026-09-09 18:00:00","2026-09-10 09:00:00","CAPE","surface",-71.7198,18.7086,103
"2026-09-09 18:00:00","2026-09-10 09:00:00","CAPE","surface",-71.6959,18.7086,148
"2026-09-09 18:00:00","2026-09-10 09:00:00","CAPE","surface",-71.672,18.7086,181
"2026-09-09 18:00:00","2026-09-10 09:00:00","CAPE","surface",-71.6481,18.7086,158
"2026-09-09 18:00:00","2026-09-10 09:00:00","CAPE","surface",-71.6241,18.7086,174
"2026-09-09 18:00:00","2026-09-10 09:00:00","CAPE","surface",-71.6002,18.7086,120
"2026-09-09 18:00:00","2026-09-10 09:00:00","CAPE","surface",-71.5763,18.7086,101
"2026-09-09 18:00:00","2026-09-10 09:00:00","CAPE","surface",-71.5524,18.7086,92
"2026-09-09 18:00:00","2026-09-10 09:00:00","CAPE","surface",-71.5284,18.7086,180
"2026-09-09 18:00:00","2026-09-10 09:00:00","CAPE","surface",-71.5045,18.7086,286
"2026-09-09 18:00:00","2026-09-10 09:00:00","CAPE","surface",-71.4806,18.7086,454
"2026-09-09 18:00:00","2026-09-10 09:00:00","CAPE","surface",-71.4567,18.7086,429
"2026-09-09 18:00:00","2026-09-10 09:00:00","CAPE","surface",-71.4327,18.7086,538
"2026-09-09 18:00:00","2026-09-10 09:00:00","CAPE","surface",-71.4088,18.7086,562
"2026-09-09 18:00:00","2026-09-10 09:00:00","CAPE","surface",-71.3849,18.7086,542
"2026-09-09 18:00:00","2026-09-10 09:00:00","CAPE","surface",-71.361,18.7086,542
"2026-09-09 18:00:00","2026-09-10 09:00:00","CAPE","surface",-71.337,18.7086,387
"2026-09-09 18:00:00","2026-09-10 09:00:00","CAPE","surface",-71.3131,18.7086,519
"2026-09-09 18:00:00","2026-09-10 09:00:00","CAPE","surface",-71.2892,18.7086,460
"2026-09-09 18:00:00","2026-09-10 09:00:00","CAPE","surface",-71.2653,18.7086,521
"2026-09-09 18:00:00","2026-09-10 09:00:00","CAPE","surface",-71.2413,18.7086,482
"2026-09-09 18:00:00","2026-09-10 09:00:00","CAPE","surface",-71.2174,18.7086,489
"2026-09-09 18:00:00","2026-09-10 09:00:00","CAPE","surface",-71.1935,18.7086,488
"2026-09-09 18:00:00","2026-09-10 09:00:00","CAPE","surface",-71.1696,18.7086,504
"2026-09-09 18:00:00","2026-09-10 09:00:00","CAPE","surface",-71.1456,18.7086,504
"2026-09-09 18:00:00","2026-09-10 09:00:00","CAPE","surface",-71.1217,18.7086,516
"2026-09-09 18:00:00","2026-09-10 09:00:00","CAPE","surface",-71.0978,18.7086,494
"2026-09-09 18:00:00","2026-09-10 09:00:00","CAPE","surface",-71.0739,18.7086,584
"2026-09-09 18:00:00","2026-09-10 09:00:00","CAPE","surface",-71.0499,18.7086,586
"2026-09-09 18:00:00","2026-09-10 09:00:00","CAPE","surface",-71.026,18.7086,611
"2026-09-09 18:00:00","2026-09-10 09:00:00","CAPE","surface",-71.0021,18.7086,611
"2026-09-09 18:00:00","2026-09-10 09:00:00","CAPE","surface",-70.9782,18.7086,625
"2026-09-09 18:00:00","2026-09-10 09:00:00","CAPE","surface",-70.9542,18.7086,628
"2026-09-09 18:00:00","2026-09-10 09:00:00","CAPE","surface",-70.9303,18.7086,578
"2026-09-09 18:00:00","2026-09-10 09:00:00","CAPE","surface",-70.9064,18.7086,578
"2026-09-09 18:00:00","2026-09-10 09:00:00","CAPE","surface",-70.8825,18.7086,248
"2026-09-09 18:00:00","2026-09-10 09:00:00","CAPE","surface",-70.8585,18.7086,110
"2026-09-09 18:00:00","2026-09-10 09:00:00","CAPE","surface",-70.8346,18.7086,73
"2026-09-09 18:00:00","2026-09-10 09:00:00","CAPE","surface",-70.8107,18.7086,55
"2026-09-09 18:00:00","2026-09-10 09:00:00","CAPE","surface",-70.7868,18.7086,55
"2026-09-09 18:00:00","2026-09-10 09:00:00","CAPE","surface",-70.7628,18.7086,107
"2026-09-09 18:00:00","2026-09-10 09:00:00","CAPE","surface",-70.7389,18.7086,61
"2026-09-09 18:00:00","2026-09-10 09:00:00","CAPE","surface",-70.715,18.7086,36
"2026-09-09 18:00:00","2026-09-10 09:00:00","CAPE","surface",-70.6911,18.7086,57
"2026-09-09 18:00:00","2026-09-10 09:00:00","CAPE","surface",-70.6671,18.7086,57
"2026-09-09 18:00:00","2026-09-10 09:00:00","CAPE","surface",-70.6432,18.7086,76
"2026-09-09 18:00:00","2026-09-10 09:00:00","CAPE","surface",-70.6193,18.7086,100
"2026-09-09 18:00:00","2026-09-10 09:00:00","CAPE","surface",-70.5954,18.7086,163
"2026-09-09 18:00:00","2026-09-10 09:00:00","CAPE","surface",-70.5714,18.7086,409
"2026-09-09 18:00:00","2026-09-10 09:00:00","CAPE","surface",-70.5475,18.7086,424
"2026-09-09 18:00:00","2026-09-10 09:00:00","CAPE","surface",-70.5236,18.7086,398
"2026-09-09 18:00:00","2026-09-10 09:00:00","CAPE","surface",-70.4997,18.7086,610
"2026-09-09 18:00:00","2026-09-10 09:00:00","CAPE","surface",-70.4757,18.7086,708
"2026-09-09 18:00:00","2026-09-10 09:00:00","CAPE","surface",-70.4518,18.7086,790
"2026-09-09 18:00:00","2026-09-10 09:00:00","CAPE","surface",-70.4279,18.7086,888
"2026-09-09 18:00:00","2026-09-10 09:00:00","CAPE","surface",-70.404,18.7086,1070
"2026-09-09 18:00:00","2026-09-10 09:00:00","CAPE","surface",-70.38,18.7086,1030
"2026-09-09 18:00:00","2026-09-10 09:00:00","CAPE","surface",-70.3561,18.7086,1135
"2026-09-09 18:00:00","2026-09-10 09:00:00","CAPE","surface",-70.3322,18.7086,1135
"2026-09-09 18:00:00","2026-09-10 09:00:00","CAPE","surface",-70.3083,18.7086,1120
"2026-09-09 18:00:00","2026-09-10 09:00:00","CAPE","surface",-70.2843,18.7086,911
"2026-09-09 18:00:00","2026-09-10 09:00:00","CAPE","surface",-70.2604,18.7086,920
"2026-09-09 18:00:00","2026-09-10 09:00:00","CAPE","surface",-70.2365,18.7086,994
"2026-09-09 18:00:00","2026-09-10 09:00:00","CAPE","surface",-70.2126,18.7086,994
"2026-09-09 18:00:00","2026-09-10 09:00:00","CAPE","surface",-70.1886,18.7086,1008
"2026-09-09 18:00:00","2026-09-10 09:00:00","CAPE","surface",-70.1647,18.7086,977
"2026-09-09 18:00:00","2026-09-10 09:00:00","CAPE","surface",-70.1408,18.7086,1062
"2026-09-09 18:00:00","2026-09-10 09:00:00","CAPE","surface",-70.1169,18.7086,1062
"2026-09-09 18:00:00","2026-09-10 09:00:00","CAPE","surface",-70.0929,18.7086,1134
"2026-09-09 18:00:00","2026-09-10 09:00:00","CAPE","surface",-70.069,18.7086,1134
"2026-09-09 18:00:00","2026-09-10 09:00:00","CAPE","surface",-70.0451,18.7086,1175
"2026-09-09 18:00:00","2026-09-10 09:00:00","CAPE","surface",-70.0212,18.7086,1294
"2026-09-09 18:00:00","2026-09-10 09:00:00","CAPE","surface",-69.9972,18.7086,1294
"2026-09-09 18:00:00","2026-09-10 09:00:00","CAPE","surface",-69.9733,18.7086,1356
"2026-09-09 18:00:00","2026-09-10 09:00:00","CAPE","surface",-69.9494,18.7086,1383
"2026-09-09 18:00:00","2026-09-10 09:00:00","CAPE","surface",-69.9255,18.7086,1416
"2026-09-09 18:00:00","2026-09-10 09:00:00","CAPE","surface",-69.9015,18.7086,1416
"2026-09-09 18:00:00","2026-09-10 09:00:00","CAPE","surface",-69.8776,18.7086,1459
"2026-09-09 18:00:00","2026-09-10 09:00:00","CAPE","surface",-69.8537,18.7086,1472
"2026-09-09 18:00:00","2026-09-10 09:00:00","CAPE","surface",-69.8298,18.7086,1511
"2026-09-09 18:00:00","2026-09-10 09:00:00","CAPE","surface",-69.8058,18.7086,1533
"2026-09-09 18:00:00","2026-09-10 09:00:00","CAPE","surface",-69.7819,18.7086,1533
"2026-09-09 18:00:00","2026-09-10 09:00:00","CAPE","surface",-69.758,18.7086,1582
"2026-09-09 18:00:00","2026-09-10 09:00:00","CAPE","surface",-69.7341,18.7086,1643
"2026-09-09 18:00:00","2026-09-10 09:00:00","CAPE","surface",-69.7101,18.7086,1693
"2026-09-09 18:00:00","2026-09-10 09:00:00","CAPE","surface",-69.6862,18.7086,1693
"2026-09-09 18:00:00","2026-09-10 09:00:00","CAPE","surface",-69.6623,18.7086,1695
"2026-09-09 18:00:00","2026-09-10 09:00:00","CAPE","surface",-69.6384,18.7086,1710
"2026-09-09 18:00:00","2026-09-10 09:00:00","CAPE","surface",-69.6144,18.7086,1677
"2026-09-09 18:00:00","2026-09-10 09:00:00","CAPE","surface",-69.5905,18.7086,1674
"2026-09-09 18:00:00","2026-09-10 09:00:00","CAPE","surface",-69.5666,18.7086,1649
"2026-09-09 18:00:00","2026-09-10 09:00:00","CAPE","surface",-69.5427,18.7086,1649
"2026-09-09 18:00:00","2026-09-10 09:00:00","CAPE","surface",-69.5187,18.7086,1667
"2026-09-09 18:00:00","2026-09-10 09:00:00","CAPE","surface",-69.4948,18.7086,1706
"2026-09-09 18:00:00","2026-09-10 09:00:00","CAPE","surface",-69.4709,18.7086,1706
"2026-09-09 18:00:00","2026-09-10 09:00:00","CAPE","surface",-69.447,18.7086,1739
"2026-09-09 18:00:00","2026-09-10 09:00:00","CAPE","surface",-69.423,18.7086,1771
"2026-09-09 18:00:00","2026-09-10 09:00:00","CAPE","surface",-69.3991,18.7086,1811
"2026-09-09 18:00:00","2026-09-10 09:00:00","CAPE","surface",-69.3752,18.7086,1866
"2026-09-09 18:00:00","2026-09-10 09:00:00","CAPE","surface",-69.3513,18.7086,1841
"2026-09-09 18:00:00","2026-09-10 09:00:00","CAPE","surface",-69.3273,18.7086,1869
"2026-09-09 18:00:00","2026-09-10 09:00:00","CAPE","surface",-69.3034,18.7086,1927
"2026-09-09 18:00:00","2026-09-10 09:00:00","CAPE","surface",-69.2795,18.7086,1956
"2026-09-09 18:00:00","2026-09-10 09:00:00","CAPE","surface",-69.2556,18.7086,1956
"2026-09-09 18:00:00","2026-09-10 09:00:00","CAPE","surface",-69.2316,18.7086,1989
"2026-09-09 18:00:00","2026-09-10 09:00:00","CAPE","surface",-69.2077,18.7086,2050
"2026-09-09 18:00:00","2026-09-10 09:00:00","CAPE","surface",-69.1838,18.7086,2075
"2026-09-09 18:00:00","2026-09-10 09:00:00","CAPE","surface",-69.1599,18.7086,2090
"2026-09-09 18:00:00","2026-09-10 09:00:00","CAPE","surface",-69.1359,18.7086,2061
"2026-09-09 18:00:00","2026-09-10 09:00:00","CAPE","surface",-69.112,18.7086,2062
"2026-09-09 18:00:00","2026-09-10 09:00:00","CAPE","surface",-69.0881,18.7086,2093
"2026-09-09 18:00:00","2026-09-10 09:00:00","CAPE","surface",-69.0642,18.7086,2120
"2026-09-09 18:00:00","2026-09-10 09:00:00","CAPE","surface",-69.0402,18.7086,2120
"2026-09-09 18:00:00","2026-09-10 09:00:00","CAPE","surface",-69.0163,18.7086,2169
"2026-09-09 18:00:00","2026-09-10 09:00:00","CAPE","surface",-68.9924,18.7086,2228
"2026-09-09 18:00:00","2026-09-10 09:00:00","CAPE","surface",-68.9685,18.7086,2312
"2026-09-09 18:00:00","2026-09-10 09:00:00","CAPE","surface",-68.9445,18.7086,2312
"2026-09-09 18:00:00","2026-09-10 09:00:00","CAPE","surface",-68.9206,18.7086,2346
"2026-09-09 18:00:00","2026-09-10 09:00:00","CAPE","surface",-68.8967,18.7086,2344
"2026-09-09 18:00:00","2026-09-10 09:00:00","CAPE","surface",-68.8728,18.7086,2371
"2026-09-09 18:00:00","2026-09-10 09:00:00","CAPE","surface",-68.8488,18.7086,2316
"2026-09-09 18:00:00","2026-09-10 09:00:00","CAPE","surface",-68.8249,18.7086,2316
"2026-09-09 18:00:00","2026-09-10 09:00:00","CAPE","surface",-68.801,18.7086,2154
"2026-09-09 18:00:00","2026-09-10 09:00:00","CAPE","surface",-68.7771,18.7086,2154
"2026-09-09 18:00:00","2026-09-10 09:00:00","CAPE","surface",-68.7531,18.7086,2042
"2026-09-09 18:00:00","2026-09-10 09:00:00","CAPE","surface",-68.7292,18.7086,2042
"2026-09-09 18:00:00","2026-09-10 09:00:00","CAPE","surface",-68.7053,18.7086,1961
"2026-09-09 18:00:00","2026-09-10 09:00:00","CAPE","surface",-68.6813,18.7086,1921
"2026-09-09 18:00:00","2026-09-10 09:00:00","CAPE","surface",-68.6574,18.7086,1915
"2026-09-09 18:00:00","2026-09-10 09:00:00","CAPE","surface",-68.6335,18.7086,1881
"2026-09-09 18:00:00","2026-09-10 09:00:00","CAPE","surface",-68.6096,18.7086,1825
"2026-09-09 18:00:00","2026-09-10 09:00:00","CAPE","surface",-68.5856,18.7086,1816
"2026-09-09 18:00:00","2026-09-10 09:00:00","CAPE","surface",-68.5617,18.7086,1838
"2026-09-09 18:00:00","2026-09-10 09:00:00","CAPE","surface",-68.5378,18.7086,1820
"2026-09-09 18:00:00","2026-09-10 09:00:00","CAPE","surface",-68.5139,18.7086,1820
"2026-09-09 18:00:00","2026-09-10 09:00:00","CAPE","surface",-68.4899,18.7086,1830
"2026-09-09 18:00:00","2026-09-10 09:00:00","CAPE","surface",-68.466,18.7086,1969
"2026-09-09 18:00:00","2026-09-10 09:00:00","CAPE","surface",-68.4421,18.7086,2068
"2026-09-09 18:00:00","2026-09-10 09:00:00","CAPE","surface",-68.4182,18.7086,2281
"2026-09-09 18:00:00","2026-09-10 09:00:00","CAPE","surface",-68.3942,18.7086,2397
"2026-09-09 18:00:00","2026-09-10 09:00:00","CAPE","surface",-68.3703,18.7086,2510
"2026-09-09 18:00:00","2026-09-10 09:00:00","CAPE","surface",-68.3464,18.7086,2543
"2026-09-09 18:00:00","2026-09-10 09:00:00","CAPE","surface",-68.3225,18.7086,2646
"2026-09-09 18:00:00","2026-09-10 09:00:00","CAPE","surface",-68.2985,18.7086,2744
"2026-09-09 18:00:00","2026-09-10 09:00:00","CAPE","surface",-68.2746,18.7086,2735
"2026-09-09 18:00:00","2026-09-10 09:00:00","CAPE","surface",-68.2507,18.7086,2830
"2026-09-09 18:00:00","2026-09-10 09:00:00","CAPE","surface",-68.2268,18.7086,2767
"2026-09-09 18:00:00","2026-09-10 09:00:00","CAPE","surface",-68.2028,18.7086,2792
"2026-09-09 18:00:00","2026-09-10 09:00:00","CAPE","surface",-68.1789,18.7086,2692
"2026-09-09 18:00:00","2026-09-10 09:00:00","CAPE","surface",-68.155,18.7086,2717
"2026-09-09 18:00:00","2026-09-10 09:00:00","CAPE","surface",-68.1311,18.7086,2658
"2026-09-09 18:00:00","2026-09-10 09:00:00","CAPE","surface",-68.1071,18.7086,2806
"2026-09-09 18:00:00","2026-09-10 09:00:00","CAPE","surface",-68.0832,18.7086,2817
"2026-09-09 18:00:00","2026-09-10 09:00:00","CAPE","surface",-68.0593,18.7086,2738
"2026-09-09 18:00:00","2026-09-10 09:00:00","CAPE","surface",-68.0354,18.7086,2702
"2026-09-09 18:00:00","2026-09-10 09:00:00","CAPE","surface",-68.0114,18.7086,2702
"2026-09-09 18:00:00","2026-09-10 09:00:00","CAPE","surface",-67.9875,18.7086,2745
"2026-09-09 18:00:00","2026-09-10 09:00:00","CAPE","surface",-67.9636,18.7086,2686
"2026-09-09 18:00:00","2026-09-10 09:00:00","CAPE","surface",-67.9397,18.7086,2827
"2026-09-09 18:00:00","2026-09-10 09:00:00","CAPE","surface",-67.9157,18.7086,2995
"2026-09-09 18:00:00","2026-09-10 09:00:00","CAPE","surface",-67.8918,18.7086,2897
"2026-09-09 18:00:00","2026-09-10 09:00:00","CAPE","surface",-67.8679,18.7086,2916
"2026-09-09 18:00:00","2026-09-10 09:00:00","CAPE","surface",-67.844,18.7086,2840
"2026-09-09 18:00:00","2026-09-10 09:00:00","CAPE","surface",-67.82,18.7086,2983
"2026-09-09 18:00:00","2026-09-10 09:00:00","CAPE","surface",-67.7961,18.7086,2928
"2026-09-09 18:00:00","2026-09-10 09:00:00","CAPE","surface",-67.7722,18.7086,3053
"2026-09-09 18:00:00","2026-09-10 09:00:00","CAPE","surface",-67.7483,18.7086,3280
"2026-09-09 18:00:00","2026-09-10 09:00:00","CAPE","surface",-67.7243,18.7086,3258
"2026-09-09 18:00:00","2026-09-10 09:00:00","CAPE","surface",-67.7004,18.7086,3474
"2026-09-09 18:00:00","2026-09-10 09:00:00","CAPE","surface",-67.6765,18.7086,3434
"2026-09-09 18:00:00","2026-09-10 09:00:00","CAPE","surface",-67.6526,18.7086,3365
"2026-09-09 18:00:00","2026-09-10 09:00:00","CAPE","surface",-67.6286,18.7086,3304
"2026-09-09 18:00:00","2026-09-10 09:00:00","CAPE","surface",-67.6047,18.7086,3175
"2026-09-09 18:00:00","2026-09-10 09:00:00","CAPE","surface",-67.5808,18.7086,3211
"2026-09-09 18:00:00","2026-09-10 09:00:00","CAPE","surface",-67.5569,18.7086,3096
"2026-09-09 18:00:00","2026-09-10 09:00:00","CAPE","surface",-67.5329,18.7086,2962
"2026-09-09 18:00:00","2026-09-10 09:00:00","CAPE","surface",-67.509,18.7086,2962
"2026-09-09 18:00:00","2026-09-10 09:00:00","CAPE","surface",-67.4851,18.7086,2899
"2026-09-09 18:00:00","2026-09-10 09:00:00","CAPE","surface",-67.4612,18.7086,2735
"2026-09-09 18:00:00","2026-09-10 09:00:00","CAPE","surface",-67.4372,18.7086,2789
"2026-09-09 18:00:00","2026-09-10 09:00:00","CAPE","surface",-67.4133,18.7086,2789
"2026-09-09 18:00:00","2026-09-10 09:00:00","CAPE","surface",-67.3894,18.7086,2734
"2026-09-09 18:00:00","2026-09-10 09:00:00","CAPE","surface",-67.3655,18.7086,2800
"2026-09-09 18:00:00","2026-09-10 09:00:00","CAPE","surface",-67.3415,18.7086,2748
"2026-09-09 18:00:00","2026-09-10 09:00:00","CAPE","surface",-67.3176,18.7086,3034
"2026-09-09 18:00:00","2026-09-10 09:00:00","CAPE","surface",-67.2937,18.7086,2984
"2026-09-09 18:00:00","2026-09-10 09:00:00","CAPE","surface",-67.2698,18.7086,3159
"2026-09-09 18:00:00","2026-09-10 09:00:00","CAPE","surface",-67.2458,18.7086,3059
"2026-09-09 18:00:00","2026-09-10 09:00:00","CAPE","surface",-67.2219,18.7086,3232
"2026-09-09 18:00:00","2026-09-10 09:00:00","CAPE","surface",-67.198,18.7086,3217
"2026-09-09 18:00:00","2026-09-10 09:00:00","CAPE","surface",-67.1741,18.7086,3132
"2026-09-09 18:00:00","2026-09-10 09:00:00","CAPE","surface",-67.1501,18.7086,3044
"2026-09-09 18:00:00","2026-09-10 09:00:00","CAPE","surface",-67.1262,18.7086,3044
"2026-09-09 18:00:00","2026-09-10 09:00:00","CAPE","surface",-67.1023,18.7086,2821
"2026-09-09 18:00:00","2026-09-10 09:00:00","CAPE","surface",-67.0784,18.7086,2740
"2026-09-09 18:00:00","2026-09-10 09:00:00","CAPE","surface",-67.0544,18.7086,2693
"2026-09-09 18:00:00","2026-09-10 09:00:00","CAPE","surface",-67.0305,18.7086,2748
"2026-09-09 18:00:00","2026-09-10 09:00:00","CAPE","surface",-67.0066,18.7086,2763
"2026-09-09 18:00:00","2026-09-10 09:00:00","CAPE","surface",-74.7822,18.7313,1886
"2026-09-09 18:00:00","2026-09-10 09:00:00","CAPE","surface",-74.7583,18.7313,2110
"2026-09-09 18:00:00","2026-09-10 09:00:00","CAPE","surface",-74.7344,18.7313,2110
"2026-09-09 18:00:00","2026-09-10 09:00:00","CAPE","surface",-74.7105,18.7313,2226
"2026-09-09 18:00:00","2026-09-10 09:00:00","CAPE","surface",-74.6865,18.7313,2162
"2026-09-09 18:00:00","2026-09-10 09:00:00","CAPE","surface",-74.6626,18.7313,2259
"2026-09-09 18:00:00","2026-09-10 09:00:00","CAPE","surface",-74.6387,18.7313,2206
"2026-09-09 18:00:00","2026-09-10 09:00:00","CAPE","surface",-74.6148,18.7313,2314
"2026-09-09 18:00:00","2026-09-10 09:00:00","CAPE","surface",-74.5908,18.7313,2303
"2026-09-09 18:00:00","2026-09-10 09:00:00","CAPE","surface",-74.5669,18.7313,2367
"2026-09-09 18:00:00","2026-09-10 09:00:00","CAPE","surface",-74.543,18.7313,2315
"2026-09-09 18:00:00","2026-09-10 09:00:00","CAPE","surface",-74.5191,18.7313,2131
"2026-09-09 18:00:00","2026-09-10 09:00:00","CAPE","surface",-74.4951,18.7313,1865
"2026-09-09 18:00:00","2026-09-10 09:00:00","CAPE","surface",-74.4712,18.7313,1765
"2026-09-09 18:00:00","2026-09-10 09:00:00","CAPE","surface",-74.4473,18.7313,1667
"2026-09-09 18:00:00","2026-09-10 09:00:00","CAPE","surface",-74.4234,18.7313,1705
"2026-09-09 18:00:00","2026-09-10 09:00:00","CAPE","surface",-74.3994,18.7313,1619
"2026-09-09 18:00:00","2026-09-10 09:00:00","CAPE","surface",-74.3755,18.7313,1638
"2026-09-09 18:00:00","2026-09-10 09:00:00","CAPE","surface",-74.3516,18.7313,1798
"2026-09-09 18:00:00","2026-09-10 09:00:00","CAPE","surface",-74.3277,18.7313,1736
"2026-09-09 18:00:00","2026-09-10 09:00:00","CAPE","surface",-74.3037,18.7313,1738
"2026-09-09 18:00:00","2026-09-10 09:00:00","CAPE","surface",-74.2798,18.7313,1719
"2026-09-09 18:00:00","2026-09-10 09:00:00","CAPE","surface",-74.2559,18.7313,1649
"2026-09-09 18:00:00","2026-09-10 09:00:00","CAPE","surface",-74.232,18.7313,1825
"2026-09-09 18:00:00","2026-09-10 09:00:00","CAPE","surface",-74.208,18.7313,1789
"2026-09-09 18:00:00","2026-09-10 09:00:00","CAPE","surface",-74.1841,18.7313,1995
"2026-09-09 18:00:00","2026-09-10 09:00:00","CAPE","surface",-74.1602,18.7313,1978
"2026-09-09 18:00:00","2026-09-10 09:00:00","CAPE","surface",-74.1363,18.7313,2012
"2026-09-09 18:00:00","2026-09-10 09:00:00","CAPE","surface",-74.1123,18.7313,2079
"2026-09-09 18:00:00","2026-09-10 09:00:00","CAPE","surface",-74.0884,18.7313,2047
"2026-09-09 18:00:00","2026-09-10 09:00:00","CAPE","surface",-74.0645,18.7313,2058
"2026-09-09 18:00:00","2026-09-10 09:00:00","CAPE","surface",-74.0406,18.7313,2002
"2026-09-09 18:00:00","2026-09-10 09:00:00","CAPE","surface",-74.0166,18.7313,1741
"2026-09-09 18:00:00","2026-09-10 09:00:00","CAPE","surface",-73.9927,18.7313,1641
"2026-09-09 18:00:00","2026-09-10 09:00:00","CAPE","surface",-73.9688,18.7313,1496
"2026-09-09 18:00:00","2026-09-10 09:00:00","CAPE","surface",-73.9449,18.7313,1450
"2026-09-09 18:00:00","2026-09-10 09:00:00","CAPE","surface",-73.9209,18.7313,1508
"2026-09-09 18:00:00","2026-09-10 09:00:00","CAPE","surface",-73.897,18.7313,1560
"2026-09-09 18:00:00","2026-09-10 09:00:00","CAPE","surface",-73.8731,18.7313,1626
"2026-09-09 18:00:00","2026-09-10 09:00:00","CAPE","surface",-73.8492,18.7313,1599
"2026-09-09 18:00:00","2026-09-10 09:00:00","CAPE","surface",-73.8252,18.7313,1655
"2026-09-09 18:00:00","2026-09-10 09:00:00","CAPE","surface",-73.8013,18.7313,1655
"2026-09-09 18:00:00","2026-09-10 09:00:00","CAPE","surface",-73.7774,18.7313,1634
"2026-09-09 18:00:00","2026-09-10 09:00:00","CAPE","surface",-73.7535,18.7313,1621
"2026-09-09 18:00:00","2026-09-10 09:00:00","CAPE","surface",-73.7295,18.7313,1677
"2026-09-09 18:00:00","2026-09-10 09:00:00","CAPE","surface",-73.7056,18.7313,1803
"2026-09-09 18:00:00","2026-09-10 09:00:00","CAPE","surface",-73.6817,18.7313,1718
"2026-09-09 18:00:00","2026-09-10 09:00:00","CAPE","surface",-73.6578,18.7313,1718
"2026-09-09 18:00:00","2026-09-10 09:00:00","CAPE","surface",-73.6338,18.7313,1800
"2026-09-09 18:00:00","2026-09-10 09:00:00","CAPE","surface",-73.6099,18.7313,1876
"2026-09-09 18:00:00","2026-09-10 09:00:00","CAPE","surface",-73.586,18.7313,2050
"2026-09-09 18:00:00","2026-09-10 09:00:00","CAPE","surface",-73.5621,18.7313,1992
"2026-09-09 18:00:00","2026-09-10 09:00:00","CAPE","surface",-73.5381,18.7313,1936
"2026-09-09 18:00:00","2026-09-10 09:00:00","CAPE","surface",-73.5142,18.7313,1791
"2026-09-09 18:00:00","2026-09-10 09:00:00","CAPE","surface",-73.4903,18.7313,1779
"2026-09-09 18:00:00","2026-09-10 09:00:00","CAPE","surface",-73.4664,18.7313,1716
"2026-09-09 18:00:00","2026-09-10 09:00:00","CAPE","surface",-73.4424,18.7313,1721
"2026-09-09 18:00:00","2026-09-10 09:00:00","CAPE","surface",-73.4185,18.7313,1688
"2026-09-09 18:00:00","2026-09-10 09:00:00","CAPE","surface",-73.3946,18.7313,1719
"2026-09-09 18:00:00","2026-09-10 09:00:00","CAPE","surface",-73.3707,18.7313,1780
"2026-09-09 18:00:00","2026-09-10 09:00:00","CAPE","surface",-73.3467,18.7313,1731
"2026-09-09 18:00:00","2026-09-10 09:00:00","CAPE","surface",-73.3228,18.7313,1893
"2026-09-09 18:00:00","2026-09-10 09:00:00","CAPE","surface",-73.2989,18.7313,1917
"2026-09-09 18:00:00","2026-09-10 09:00:00","CAPE","surface",-73.275,18.7313,2025
"2026-09-09 18:00:00","2026-09-10 09:00:00","CAPE","surface",-73.251,18.7313,2050
"2026-09-09 18:00:00","2026-09-10 09:00:00","CAPE","surface",-73.2271,18.7313,1759
"2026-09-09 18:00:00","2026-09-10 09:00:00","CAPE","surface",-73.2032,18.7313,1709
"2026-09-09 18:00:00","2026-09-10 09:00:00","CAPE","surface",-73.1793,18.7313,1658
"2026-09-09 18:00:00","2026-09-10 09:00:00","CAPE","surface",-73.1553,18.7313,1661
"2026-09-09 18:00:00","2026-09-10 09:00:00","CAPE","surface",-73.1314,18.7313,1959
"2026-09-09 18:00:00","2026-09-10 09:00:00","CAPE","surface",-73.1075,18.7313,2001
"2026-09-09 18:00:00","2026-09-10 09:00:00","CAPE","surface",-73.0836,18.7313,2029
"2026-09-09 18:00:00","2026-09-10 09:00:00","CAPE","surface",-73.0596,18.7313,2039
"2026-09-09 18:00:00","2026-09-10 09:00:00","CAPE","surface",-73.0357,18.7313,1767
"2026-09-09 18:00:00","2026-09-10 09:00:00","CAPE","surface",-73.0118,18.7313,1767
"2026-09-09 18:00:00","2026-09-10 09:00:00","CAPE","surface",-72.9879,18.7313,1604
"2026-09-09 18:00:00","2026-09-10 09:00:00","CAPE","surface",-72.9639,18.7313,1742
"2026-09-09 18:00:00","2026-09-10 09:00:00","CAPE","surface",-72.94,18.7313,1468
"2026-09-09 18:00:00","2026-09-10 09:00:00","CAPE","surface",-72.9161,18.7313,1600
"2026-09-09 18:00:00","2026-09-10 09:00:00","CAPE","surface",-72.8922,18.7313,1357
"2026-09-09 18:00:00","2026-09-10 09:00:00","CAPE","surface",-72.8682,18.7313,1533
"2026-09-09 18:00:00","2026-09-10 09:00:00","CAPE","surface",-72.8443,18.7313,1352
"2026-09-09 18:00:00","2026-09-10 09:00:00","CAPE","surface",-72.8204,18.7313,1394
"2026-09-09 18:00:00","2026-09-10 09:00:00","CAPE","surface",-72.7965,18.7313,1473
"2026-09-09 18:00:00","2026-09-10 09:00:00","CAPE","surface",-72.7725,18.7313,1658
"2026-09-09 18:00:00","2026-09-10 09:00:00","CAPE","surface",-72.7486,18.7313,1658
"2026-09-09 18:00:00","2026-09-10 09:00:00","CAPE","surface",-72.7247,18.7313,1662
"2026-09-09 18:00:00","2026-09-10 09:00:00","CAPE","surface",-72.7008,18.7313,1641
"2026-09-09 18:00:00","2026-09-10 09:00:00","CAPE","surface",-72.6768,18.7313,1563
"2026-09-09 18:00:00","2026-09-10 09:00:00","CAPE","surface",-72.6529,18.7313,1540
"2026-09-09 18:00:00","2026-09-10 09:00:00","CAPE","surface",-72.629,18.7313,1528
"2026-09-09 18:00:00","2026-09-10 09:00:00","CAPE","surface",-72.6051,18.7313,1512
"2026-09-09 18:00:00","2026-09-10 09:00:00","CAPE","surface",-72.5811,18.7313,1530
"2026-09-09 18:00:00","2026-09-10 09:00:00","CAPE","surface",-72.5572,18.7313,1508
"2026-09-09 18:00:00","2026-09-10 09:00:00","CAPE","surface",-72.5333,18.7313,1433
"2026-09-09 18:00:00","2026-09-10 09:00:00","CAPE","surface",-72.5094,18.7313,1433
"2026-09-09 18:00:00","2026-09-10 09:00:00","CAPE","surface",-72.4854,18.7313,1238
"2026-09-09 18:00:00","2026-09-10 09:00:00","CAPE","surface",-72.4615,18.7313,1267
"2026-09-09 18:00:00","2026-09-10 09:00:00","CAPE","surface",-72.4376,18.7313,872
"2026-09-09 18:00:00","2026-09-10 09:00:00","CAPE","surface",-72.4137,18.7313,853
"2026-09-09 18:00:00","2026-09-10 09:00:00","CAPE","surface",-72.3897,18.7313,645
"2026-09-09 18:00:00","2026-09-10 09:00:00","CAPE","surface",-72.3658,18.7313,635
"2026-09-09 18:00:00","2026-09-10 09:00:00","CAPE","surface",-72.3419,18.7313,690
"2026-09-09 18:00:00","2026-09-10 09:00:00","CAPE","surface",-72.318,18.7313,633
"2026-09-09 18:00:00","2026-09-10 09:00:00","CAPE","surface",-72.294,18.7313,671
"2026-09-09 18:00:00","2026-09-10 09:00:00","CAPE","surface",-72.2701,18.7313,590
"2026-09-09 18:00:00","2026-09-10 09:00:00","CAPE","surface",-72.2462,18.7313,622
"2026-09-09 18:00:00","2026-09-10 09:00:00","CAPE","surface",-72.2223,18.7313,546
"2026-09-09 18:00:00","2026-09-10 09:00:00","CAPE","surface",-72.1983,18.7313,565
"2026-09-09 18:00:00","2026-09-10 09:00:00","CAPE","surface",-72.1744,18.7313,466
"2026-09-09 18:00:00","2026-09-10 09:00:00","CAPE","surface",-72.1505,18.7313,466
"2026-09-09 18:00:00","2026-09-10 09:00:00","CAPE","surface",-72.1266,18.7313,414
"2026-09-09 18:00:00","2026-09-10 09:00:00","CAPE","surface",-72.1026,18.7313,429
"2026-09-09 18:00:00","2026-09-10 09:00:00","CAPE","surface",-72.0787,18.7313,351
"2026-09-09 18:00:00","2026-09-10 09:00:00","CAPE","surface",-72.0548,18.7313,341
"2026-09-09 18:00:00","2026-09-10 09:00:00","CAPE","surface",-72.0309,18.7313,310
"2026-09-09 18:00:00","2026-09-10 09:00:00","CAPE","surface",-72.0069,18.7313,319
"2026-09-09 18:00:00","2026-09-10 09:00:00","CAPE","surface",-71.983,18.7313,270
"2026-09-09 18:00:00","2026-09-10 09:00:00","CAPE","surface",-71.9591,18.7313,181
"2026-09-09 18:00:00","2026-09-10 09:00:00","CAPE","surface",-71.9352,18.7313,183
"2026-09-09 18:00:00","2026-09-10 09:00:00","CAPE","surface",-71.9112,18.7313,75
"2026-09-09 18:00:00","2026-09-10 09:00:00","CAPE","surface",-71.8873,18.7313,57
"2026-09-09 18:00:00","2026-09-10 09:00:00","CAPE","surface",-71.8634,18.7313,14
"2026-09-09 18:00:00","2026-09-10 09:00:00","CAPE","surface",-71.8395,18.7313,18
"2026-09-09 18:00:00","2026-09-10 09:00:00","CAPE","surface",-71.8155,18.7313,36
"2026-09-09 18:00:00","2026-09-10 09:00:00","CAPE","surface",-71.7916,18.7313,36
"2026-09-09 18:00:00","2026-09-10 09:00:00","CAPE","surface",-71.7677,18.7313,65
"2026-09-09 18:00:00","2026-09-10 09:00:00","CAPE","surface",-71.7438,18.7313,73
"2026-09-09 18:00:00","2026-09-10 09:00:00","CAPE","surface",-71.7198,18.7313,115
"2026-09-09 18:00:00","2026-09-10 09:00:00","CAPE","surface",-71.6959,18.7313,148
"2026-09-09 18:00:00","2026-09-10 09:00:00","CAPE","surface",-71.672,18.7313,128
"2026-09-09 18:00:00","2026-09-10 09:00:00","CAPE","surface",-71.6481,18.7313,140
"2026-09-09 18:00:00","2026-09-10 09:00:00","CAPE","surface",-71.6241,18.7313,116
"2026-09-09 18:00:00","2026-09-10 09:00:00","CAPE","surface",-71.6002,18.7313,210
"2026-09-09 18:00:00","2026-09-10 09:00:00","CAPE","surface",-71.5763,18.7313,139
"2026-09-09 18:00:00","2026-09-10 09:00:00","CAPE","surface",-71.5524,18.7313,163
"2026-09-09 18:00:00","2026-09-10 09:00:00","CAPE","surface",-71.5284,18.7313,152
"2026-09-09 18:00:00","2026-09-10 09:00:00","CAPE","surface",-71.5045,18.7313,433
"2026-09-09 18:00:00","2026-09-10 09:00:00","CAPE","surface",-71.4806,18.7313,454
"2026-09-09 18:00:00","2026-09-10 09:00:00","CAPE","surface",-71.4567,18.7313,507
"2026-09-09 18:00:00","2026-09-10 09:00:00","CAPE","surface",-71.4327,18.7313,507
"2026-09-09 18:00:00","2026-09-10 09:00:00","CAPE","surface",-71.4088,18.7313,457
"2026-09-09 18:00:00","2026-09-10 09:00:00","CAPE","surface",-71.3849,18.7313,517
"2026-09-09 18:00:00","2026-09-10 09:00:00","CAPE","surface",-71.361,18.7313,325
"2026-09-09 18:00:00","2026-09-10 09:00:00","CAPE","surface",-71.337,18.7313,387
"2026-09-09 18:00:00","2026-09-10 09:00:00","CAPE","surface",-71.3131,18.7313,263
"2026-09-09 18:00:00","2026-09-10 09:00:00","CAPE","surface",-71.2892,18.7313,347
"2026-09-09 18:00:00","2026-09-10 09:00:00","CAPE","surface",-71.2653,18.7313,423
"2026-09-09 18:00:00","2026-09-10 09:00:00","CAPE","surface",-71.2413,18.7313,486
"2026-09-09 18:00:00","2026-09-10 09:00:00","CAPE","surface",-71.2174,18.7313,490
"2026-09-09 18:00:00","2026-09-10 09:00:00","CAPE","surface",-71.1935,18.7313,486
"2026-09-09 18:00:00","2026-09-10 09:00:00","CAPE","surface",-71.1696,18.7313,485
"2026-09-09 18:00:00","2026-09-10 09:00:00","CAPE","surface",-71.1456,18.7313,512
"2026-09-09 18:00:00","2026-09-10 09:00:00","CAPE","surface",-71.1217,18.7313,516
"2026-09-09 18:00:00","2026-09-10 09:00:00","CAPE","surface",-71.0978,18.7313,576
"2026-09-09 18:00:00","2026-09-10 09:00:00","CAPE","surface",-71.0739,18.7313,576
"2026-09-09 18:00:00","2026-09-10 09:00:00","CAPE","surface",-71.0499,18.7313,601
"2026-09-09 18:00:00","2026-09-10 09:00:00","CAPE","surface",-71.026,18.7313,613
"2026-09-09 18:00:00","2026-09-10 09:00:00","CAPE","surface",-71.0021,18.7313,626
"2026-09-09 18:00:00","2026-09-10 09:00:00","CAPE","surface",-70.9782,18.7313,638
"2026-09-09 18:00:00","2026-09-10 09:00:00","CAPE","surface",-70.9542,18.7313,638
"2026-09-09 18:00:00","2026-09-10 09:00:00","CAPE","surface",-70.9303,18.7313,644
"2026-09-09 18:00:00","2026-09-10 09:00:00","CAPE","surface",-70.9064,18.7313,504
"2026-09-09 18:00:00","2026-09-10 09:00:00","CAPE","surface",-70.8825,18.7313,222
"2026-09-09 18:00:00","2026-09-10 09:00:00","CAPE","surface",-70.8585,18.7313,222
"2026-09-09 18:00:00","2026-09-10 09:00:00","CAPE","surface",-70.8346,18.7313,108
"2026-09-09 18:00:00","2026-09-10 09:00:00","CAPE","surface",-70.8107,18.7313,66
"2026-09-09 18:00:00","2026-09-10 09:00:00","CAPE","surface",-70.7868,18.7313,188
"2026-09-09 18:00:00","2026-09-10 09:00:00","CAPE","surface",-70.7628,18.7313,107
"2026-09-09 18:00:00","2026-09-10 09:00:00","CAPE","surface",-70.7389,18.7313,141
"2026-09-09 18:00:00","2026-09-10 09:00:00","CAPE","surface",-70.715,18.7313,18
"2026-09-09 18:00:00","2026-09-10 09:00:00","CAPE","surface",-70.6911,18.7313,34
"2026-09-09 18:00:00","2026-09-10 09:00:00","CAPE","surface",-70.6671,18.7313,62
"2026-09-09 18:00:00","2026-09-10 09:00:00","CAPE","surface",-70.6432,18.7313,71
"2026-09-09 18:00:00","2026-09-10 09:00:00","CAPE","surface",-70.6193,18.7313,75
"2026-09-09 18:00:00","2026-09-10 09:00:00","CAPE","surface",-70.5954,18.7313,135
"2026-09-09 18:00:00","2026-09-10 09:00:00","CAPE","surface",-70.5714,18.7313,324
"2026-09-09 18:00:00","2026-09-10 09:00:00","CAPE","surface",-70.5475,18.7313,424
"2026-09-09 18:00:00","2026-09-10 09:00:00","CAPE","surface",-70.5236,18.7313,419
"2026-09-09 18:00:00","2026-09-10 09:00:00","CAPE","surface",-70.4997,18.7313,457
"2026-09-09 18:00:00","2026-09-10 09:00:00","CAPE","surface",-70.4757,18.7313,729
"2026-09-09 18:00:00","2026-09-10 09:00:00","CAPE","surface",-70.4518,18.7313,790
"2026-09-09 18:00:00","2026-09-10 09:00:00","CAPE","surface",-70.4279,18.7313,974
"2026-09-09 18:00:00","2026-09-10 09:00:00","CAPE","surface",-70.404,18.7313,1034
"2026-09-09 18:00:00","2026-09-10 09:00:00","CAPE","surface",-70.38,18.7313,1098
"2026-09-09 18:00:00","2026-09-10 09:00:00","CAPE","surface",-70.3561,18.7313,1079
"2026-09-09 18:00:00","2026-09-10 09:00:00","CAPE","surface",-70.3322,18.7313,1108
"2026-09-09 18:00:00","2026-09-10 09:00:00","CAPE","surface",-70.3083,18.7313,907
"2026-09-09 18:00:00","2026-09-10 09:00:00","CAPE","surface",-70.2843,18.7313,907
"2026-09-09 18:00:00","2026-09-10 09:00:00","CAPE","surface",-70.2604,18.7313,969
"2026-09-09 18:00:00","2026-09-10 09:00:00","CAPE","surface",-70.2365,18.7313,973
"2026-09-09 18:00:00","2026-09-10 09:00:00","CAPE","surface",-70.2126,18.7313,1026
"2026-09-09 18:00:00","2026-09-10 09:00:00","CAPE","surface",-70.1886,18.7313,1026
"2026-09-09 18:00:00","2026-09-10 09:00:00","CAPE","surface",-70.1647,18.7313,984
"2026-09-09 18:00:00","2026-09-10 09:00:00","CAPE","surface",-70.1408,18.7313,1094
"2026-09-09 18:00:00","2026-09-10 09:00:00","CAPE","surface",-70.1169,18.7313,1130
"2026-09-09 18:00:00","2026-09-10 09:00:00","CAPE","surface",-70.0929,18.7313,1165
"2026-09-09 18:00:00","2026-09-10 09:00:00","CAPE","surface",-70.069,18.7313,1165
"2026-09-09 18:00:00","2026-09-10 09:00:00","CAPE","surface",-70.0451,18.7313,1229
"2026-09-09 18:00:00","2026-09-10 09:00:00","CAPE","surface",-70.0212,18.7313,1255
"2026-09-09 18:00:00","2026-09-10 09:00:00","CAPE","surface",-69.9972,18.7313,1349
"2026-09-09 18:00:00","2026-09-10 09:00:00","CAPE","surface",-69.9733,18.7313,1356
"2026-09-09 18:00:00","2026-09-10 09:00:00","CAPE","surface",-69.9494,18.7313,1364
"2026-09-09 18:00:00","2026-09-10 09:00:00","CAPE","surface",-69.9255,18.7313,1379
"2026-09-09 18:00:00","2026-09-10 09:00:00","CAPE","surface",-69.9015,18.7313,1427
"2026-09-09 18:00:00","2026-09-10 09:00:00","CAPE","surface",-69.8776,18.7313,1480
"2026-09-09 18:00:00","2026-09-10 09:00:00","CAPE","surface",-69.8537,18.7313,1480
"2026-09-09 18:00:00","2026-09-10 09:00:00","CAPE","surface",-69.8298,18.7313,1512
"2026-09-09 18:00:00","2026-09-10 09:00:00","CAPE","surface",-69.8058,18.7313,1529
"2026-09-09 18:00:00","2026-09-10 09:00:00","CAPE","surface",-69.7819,18.7313,1540
"2026-09-09 18:00:00","2026-09-10 09:00:00","CAPE","surface",-69.758,18.7313,1582
"2026-09-09 18:00:00","2026-09-10 09:00:00","CAPE","surface",-69.7341,18.7313,1569
"2026-09-09 18:00:00","2026-09-10 09:00:00","CAPE","surface",-69.7101,18.7313,1642
"2026-09-09 18:00:00","2026-09-10 09:00:00","CAPE","surface",-69.6862,18.7313,1661
"2026-09-09 18:00:00","2026-09-10 09:00:00","CAPE","surface",-69.6623,18.7313,1671
"2026-09-09 18:00:00","2026-09-10 09:00:00","CAPE","surface",-69.6384,18.7313,1671
"2026-09-09 18:00:00","2026-09-10 09:00:00","CAPE","surface",-69.6144,18.7313,1666
"2026-09-09 18:00:00","2026-09-10 09:00:00","CAPE","surface",-69.5905,18.7313,1655
"2026-09-09 18:00:00","2026-09-10 09:00:00","CAPE","surface",-69.5666,18.7313,1644
"2026-09-09 18:00:00","2026-09-10 09:00:00","CAPE","surface",-69.5427,18.7313,1649
"2026-09-09 18:00:00","2026-09-10 09:00:00","CAPE","surface",-69.5187,18.7313,1654
"2026-09-09 18:00:00","2026-09-10 09:00:00","CAPE","surface",-69.4948,18.7313,1670
"2026-09-09 18:00:00","2026-09-10 09:00:00","CAPE","surface",-69.4709,18.7313,1711
"2026-09-09 18:00:00","2026-09-10 09:00:00","CAPE","surface",-69.447,18.7313,1755
"2026-09-09 18:00:00","2026-09-10 09:00:00","CAPE","surface",-69.423,18.7313,1755
"2026-09-09 18:00:00","2026-09-10 09:00:00","CAPE","surface",-69.3991,18.7313,1784
"2026-09-09 18:00:00","2026-09-10 09:00:00","CAPE","surface",-69.3752,18.7313,1803
"2026-09-09 18:00:00","2026-09-10 09:00:00","CAPE","surface",-69.3513,18.7313,1832
"2026-09-09 18:00:00","2026-09-10 09:00:00","CAPE","surface",-69.3273,18.7313,1869
"2026-09-09 18:00:00","2026-09-10 09:00:00","CAPE","surface",-69.3034,18.7313,1871
"2026-09-09 18:00:00","2026-09-10 09:00:00","CAPE","surface",-69.2795,18.7313,1908
"2026-09-09 18:00:00","2026-09-10 09:00:00","CAPE","surface",-69.2556,18.7313,1947
"2026-09-09 18:00:00","2026-09-10 09:00:00","CAPE","surface",-69.2316,18.7313,1995
"2026-09-09 18:00:00","2026-09-10 09:00:00","CAPE","surface",-69.2077,18.7313,1995
"2026-09-09 18:00:00","2026-09-10 09:00:00","CAPE","surface",-69.1838,18.7313,2025
"2026-09-09 18:00:00","2026-09-10 09:00:00","CAPE","surface",-69.1599,18.7313,2043
"2026-09-09 18:00:00","2026-09-10 09:00:00","CAPE","surface",-69.1359,18.7313,2033
"2026-09-09 18:00:00","2026-09-10 09:00:00","CAPE","surface",-69.112,18.7313,2033
"2026-09-09 18:00:00","2026-09-10 09:00:00","CAPE","surface",-69.0881,18.7313,2043
"2026-09-09 18:00:00","2026-09-10 09:00:00","CAPE","surface",-69.0642,18.7313,2084
"2026-09-09 18:00:00","2026-09-10 09:00:00","CAPE","surface",-69.0402,18.7313,2131
"2026-09-09 18:00:00","2026-09-10 09:00:00","CAPE","surface",-69.0163,18.7313,2169
"2026-09-09 18:00:00","2026-09-10 09:00:00","CAPE","surface",-68.9924,18.7313,2197
"2026-09-09 18:00:00","2026-09-10 09:00:00","CAPE","surface",-68.9685,18.7313,2283
"2026-09-09 18:00:00","2026-09-10 09:00:00","CAPE","surface",-68.9445,18.7313,2324
"2026-09-09 18:00:00","2026-09-10 09:00:00","CAPE","surface",-68.9206,18.7313,2334
"2026-09-09 18:00:00","2026-09-10 09:00:00","CAPE","surface",-68.8967,18.7313,2334
"2026-09-09 18:00:00","2026-09-10 09:00:00","CAPE","surface",-68.8728,18.7313,2324
"2026-09-09 18:00:00","2026-09-10 09:00:00","CAPE","surface",-68.8488,18.7313,2314
"2026-09-09 18:00:00","2026-09-10 09:00:00","CAPE","surface",-68.8249,18.7313,2209
"2026-09-09 18:00:00","2026-09-10 09:00:00","CAPE","surface",-68.801,18.7313,2084
"2026-09-09 18:00:00","2026-09-10 09:00:00","CAPE","surface",-68.7771,18.7313,2084
"2026-09-09 18:00:00","2026-09-10 09:00:00","CAPE","surface",-68.7531,18.7313,2035
"2026-09-09 18:00:00","2026-09-10 09:00:00","CAPE","surface",-68.7292,18.7313,2000
"2026-09-09 18:00:00","2026-09-10 09:00:00","CAPE","surface",-68.7053,18.7313,1959
"2026-09-09 18:00:00","2026-09-10 09:00:00","CAPE","surface",-68.6813,18.7313,1959
"2026-09-09 18:00:00","2026-09-10 09:00:00","CAPE","surface",-68.6574,18.7313,1932
"2026-09-09 18:00:00","2026-09-10 09:00:00","CAPE","surface",-68.6335,18.7313,1881
"2026-09-09 18:00:00","2026-09-10 09:00:00","CAPE","surface",-68.6096,18.7313,1819
"2026-09-09 18:00:00","2026-09-10 09:00:00","CAPE","surface",-68.5856,18.7313,1822
"2026-09-09 18:00:00","2026-09-10 09:00:00","CAPE","surface",-68.5617,18.7313,1803
"2026-09-09 18:00:00","2026-09-10 09:00:00","CAPE","surface",-68.5378,18.7313,1797
"2026-09-09 18:00:00","2026-09-10 09:00:00","CAPE","surface",-68.5139,18.7313,1789
"2026-09-09 18:00:00","2026-09-10 09:00:00","CAPE","surface",-68.4899,18.7313,1902
"2026-09-09 18:00:00","2026-09-10 09:00:00","CAPE","surface",-68.466,18.7313,1902
"2026-09-09 18:00:00","2026-09-10 09:00:00","CAPE","surface",-68.4421,18.7313,2237
"2026-09-09 18:00:00","2026-09-10 09:00:00","CAPE","surface",-68.4182,18.7313,2281
"2026-09-09 18:00:00","2026-09-10 09:00:00","CAPE","surface",-68.3942,18.7313,2470
"2026-09-09 18:00:00","2026-09-10 09:00:00","CAPE","surface",-68.3703,18.7313,2620
"2026-09-09 18:00:00","2026-09-10 09:00:00","CAPE","surface",-68.3464,18.7313,2644
"2026-09-09 18:00:00","2026-09-10 09:00:00","CAPE","surface",-68.3225,18.7313,2750
"2026-09-09 18:00:00","2026-09-10 09:00:00","CAPE","surface",-68.2985,18.7313,2744
"2026-09-09 18:00:00","2026-09-10 09:00:00","CAPE","surface",-68.2746,18.7313,2856
"2026-09-09 18:00:00","2026-09-10 09:00:00","CAPE","surface",-68.2507,18.7313,2855
"2026-09-09 18:00:00","2026-09-10 09:00:00","CAPE","surface",-68.2268,18.7313,2877
"2026-09-09 18:00:00","2026-09-10 09:00:00","CAPE","surface",-68.2028,18.7313,2809
"2026-09-09 18:00:00","2026-09-10 09:00:00","CAPE","surface",-68.1789,18.7313,2809
"2026-09-09 18:00:00","2026-09-10 09:00:00","CAPE","surface",-68.155,18.7313,2854
"2026-09-09 18:00:00","2026-09-10 09:00:00","CAPE","surface",-68.1311,18.7313,2845
"2026-09-09 18:00:00","2026-09-10 09:00:00","CAPE","surface",-68.1071,18.7313,2882
"2026-09-09 18:00:00","2026-09-10 09:00:00","CAPE","surface",-68.0832,18.7313,2817
"2026-09-09 18:00:00","2026-09-10 09:00:00","CAPE","surface",-68.0593,18.7313,2829
"2026-09-09 18:00:00","2026-09-10 09:00:00","CAPE","surface",-68.0354,18.7313,2759
"2026-09-09 18:00:00","2026-09-10 09:00:00","CAPE","surface",-68.0114,18.7313,2798
"2026-09-09 18:00:00","2026-09-10 09:00:00","CAPE","surface",-67.9875,18.7313,2969
"2026-09-09 18:00:00","2026-09-10 09:00:00","CAPE","surface",-67.9636,18.7313,2969
"2026-09-09 18:00:00","2026-09-10 09:00:00","CAPE","surface",-67.9397,18.7313,3057
"2026-09-09 18:00:00","2026-09-10 09:00:00","CAPE","surface",-67.9157,18.7313,2995
"2026-09-09 18:00:00","2026-09-10 09:00:00","CAPE","surface",-67.8918,18.7313,3011
"2026-09-09 18:00:00","2026-09-10 09:00:00","CAPE","surface",-67.8679,18.7313,3011
"2026-09-09 18:00:00","2026-09-10 09:00:00","CAPE","surface",-67.844,18.7313,3051
"2026-09-09 18:00:00","2026-09-10 09:00:00","CAPE","surface",-67.82,18.7313,3099
"2026-09-09 18:00:00","2026-09-10 09:00:00","CAPE","surface",-67.7961,18.7313,3075
"2026-09-09 18:00:00","2026-09-10 09:00:00","CAPE","surface",-67.7722,18.7313,3274
"2026-09-09 18:00:00","2026-09-10 09:00:00","CAPE","surface",-67.7483,18.7313,3287
"2026-09-09 18:00:00","2026-09-10 09:00:00","CAPE","surface",-67.7243,18.7313,3485
"2026-09-09 18:00:00","2026-09-10 09:00:00","CAPE","surface",-67.7004,18.7313,3474
"2026-09-09 18:00:00","2026-09-10 09:00:00","CAPE","surface",-67.6765,18.7313,3441
"2026-09-09 18:00:00","2026-09-10 09:00:00","CAPE","surface",-67.6526,18.7313,3415
"2026-09-09 18:00:00","2026-09-10 09:00:00","CAPE","surface",-67.6286,18.7313,3132
"2026-09-09 18:00:00","2026-09-10 09:00:00","CAPE","surface",-67.6047,18.7313,2948
"2026-09-09 18:00:00","2026-09-10 09:00:00","CAPE","surface",-67.5808,18.7313,2948
"2026-09-09 18:00:00","2026-09-10 09:00:00","CAPE","surface",-67.5569,18.7313,2912
"2026-09-09 18:00:00","2026-09-10 09:00:00","CAPE","surface",-67.5329,18.7313,2985
"2026-09-09 18:00:00","2026-09-10 09:00:00","CAPE","surface",-67.509,18.7313,2965
"2026-09-09 18:00:00","2026-09-10 09:00:00","CAPE","surface",-67.4851,18.7313,2899
"2026-09-09 18:00:00","2026-09-10 09:00:00","CAPE","surface",-67.4612,18.7313,2963
"2026-09-09 18:00:00","2026-09-10 09:00:00","CAPE","surface",-67.4372,18.7313,2962
"2026-09-09 18:00:00","2026-09-10 09:00:00","CAPE","surface",-67.4133,18.7313,2874
"2026-09-09 18:00:00","2026-09-10 09:00:00","CAPE","surface",-67.3894,18.7313,2869
"2026-09-09 18:00:00","2026-09-10 09:00:00","CAPE","surface",-67.3655,18.7313,2869
"2026-09-09 18:00:00","2026-09-10 09:00:00","CAPE","surface",-67.3415,18.7313,3061
"2026-09-09 18:00:00","2026-09-10 09:00:00","CAPE","surface",-67.3176,18.7313,3034
"2026-09-09 18:00:00","2026-09-10 09:00:00","CAPE","surface",-67.2937,18.7313,3198
"2026-09-09 18:00:00","2026-09-10 09:00:00","CAPE","surface",-67.2698,18.7313,3274
"2026-09-09 18:00:00","2026-09-10 09:00:00","CAPE","surface",-67.2458,18.7313,3266
"2026-09-09 18:00:00","2026-09-10 09:00:00","CAPE","surface",-67.2219,18.7313,3263
"2026-09-09 18:00:00","2026-09-10 09:00:00","CAPE","surface",-67.198,18.7313,3217
"2026-09-09 18:00:00","2026-09-10 09:00:00","CAPE","surface",-67.1741,18.7313,3100
"2026-09-09 18:00:00","2026-09-10 09:00:00","CAPE","surface",-67.1501,18.7313,3073
"2026-09-09 18:00:00","2026-09-10 09:00:00","CAPE","surface",-67.1262,18.7313,2873
"2026-09-09 18:00:00","2026-09-10 09:00:00","CAPE","surface",-67.1023,18.7313,2707
"2026-09-09 18:00:00","2026-09-10 09:00:00","CAPE","surface",-67.0784,18.7313,2707
"2026-09-09 18:00:00","2026-09-10 09:00:00","CAPE","surface",-67.0544,18.7313,2720
"2026-09-09 18:00:00","2026-09-10 09:00:00","CAPE","surface",-67.0305,18.7313,2748
"2026-09-09 18:00:00","2026-09-10 09:00:00","CAPE","surface",-67.0066,18.7313,2933
"2026-09-09 18:00:00","2026-09-10 09:00:00","CAPE","surface",-74.7822,18.7539,2214
"2026-09-09 18:00:00","2026-09-10 09:00:00","CAPE","surface",-74.7583,18.7539,2163
"2026-09-09 18:00:00","2026-09-10 09:00:00","CAPE","surface",-74.7344,18.7539,2273
"2026-09-09 18:00:00","2026-09-10 09:00:00","CAPE","surface",-74.7105,18.7539,2226
"2026-09-09 18:00:00","2026-09-10 09:00:00","CAPE","surface",-74.6865,18.7539,2323
"2026-09-09 18:00:00","2026-09-10 09:00:00","CAPE","surface",-74.6626,18.7539,2362
"2026-09-09 18:00:00","2026-09-10 09:00:00","CAPE","surface",-74.6387,18.7539,2342
"2026-09-09 18:00:00","2026-09-10 09:00:00","CAPE","surface",-74.6148,18.7539,2324
"2026-09-09 18:00:00","2026-09-10 09:00:00","CAPE","surface",-74.5908,18.7539,2352
"2026-09-09 18:00:00","2026-09-10 09:00:00","CAPE","surface",-74.5669,18.7539,2309
"2026-09-09 18:00:00","2026-09-10 09:00:00","CAPE","surface",-74.543,18.7539,2309
"2026-09-09 18:00:00","2026-09-10 09:00:00","CAPE","surface",-74.5191,18.7539,2222
"2026-09-09 18:00:00","2026-09-10 09:00:00","CAPE","surface",-74.4951,18.7539,1973
"2026-09-09 18:00:00","2026-09-10 09:00:00","CAPE","surface",-74.4712,18.7539,1811
"2026-09-09 18:00:00","2026-09-10 09:00:00","CAPE","surface",-74.4473,18.7539,1761
"2026-09-09 18:00:00","2026-09-10 09:00:00","CAPE","surface",-74.4234,18.7539,1841
"2026-09-09 18:00:00","2026-09-10 09:00:00","CAPE","surface",-74.3994,18.7539,1841
"2026-09-09 18:00:00","2026-09-10 09:00:00","CAPE","surface",-74.3755,18.7539,1890
"2026-09-09 18:00:00","2026-09-10 09:00:00","CAPE","surface",-74.3516,18.7539,1779
"2026-09-09 18:00:00","2026-09-10 09:00:00","CAPE","surface",-74.3277,18.7539,1844
"2026-09-09 18:00:00","2026-09-10 09:00:00","CAPE","surface",-74.3037,18.7539,1781
"2026-09-09 18:00:00","2026-09-10 09:00:00","CAPE","surface",-74.2798,18.7539,1888
"2026-09-09 18:00:00","2026-09-10 09:00:00","CAPE","surface",-74.2559,18.7539,1849
"2026-09-09 18:00:00","2026-09-10 09:00:00","CAPE","surface",-74.232,18.7539,2040
"2026-09-09 18:00:00","2026-09-10 09:00:00","CAPE","surface",-74.208,18.7539,2025
"2026-09-09 18:00:00","2026-09-10 09:00:00","CAPE","surface",-74.1841,18.7539,1960
"2026-09-09 18:00:00","2026-09-10 09:00:00","CAPE","surface",-74.1602,18.7539,1973
"2026-09-09 18:00:00","2026-09-10 09:00:00","CAPE","surface",-74.1363,18.7539,1951
"2026-09-09 18:00:00","2026-09-10 09:00:00","CAPE","surface",-74.1123,18.7539,2055
"2026-09-09 18:00:00","2026-09-10 09:00:00","CAPE","surface",-74.0884,18.7539,1960
"2026-09-09 18:00:00","2026-09-10 09:00:00","CAPE","surface",-74.0645,18.7539,2058
"2026-09-09 18:00:00","2026-09-10 09:00:00","CAPE","surface",-74.0406,18.7539,1811
"2026-09-09 18:00:00","2026-09-10 09:00:00","CAPE","surface",-74.0166,18.7539,1741
"2026-09-09 18:00:00","2026-09-10 09:00:00","CAPE","surface",-73.9927,18.7539,1634
"2026-09-09 18:00:00","2026-09-10 09:00:00","CAPE","surface",-73.9688,18.7539,1590
"2026-09-09 18:00:00","2026-09-10 09:00:00","CAPE","surface",-73.9449,18.7539,1539
"2026-09-09 18:00:00","2026-09-10 09:00:00","CAPE","surface",-73.9209,18.7539,1508
"2026-09-09 18:00:00","2026-09-10 09:00:00","CAPE","surface",-73.897,18.7539,1607
"2026-09-09 18:00:00","2026-09-10 09:00:00","CAPE","surface",-73.8731,18.7539,1607
"2026-09-09 18:00:00","2026-09-10 09:00:00","CAPE","surface",-73.8492,18.7539,1686
"2026-09-09 18:00:00","2026-09-10 09:00:00","CAPE","surface",-73.8252,18.7539,1672
"2026-09-09 18:00:00","2026-09-10 09:00:00","CAPE","surface",-73.8013,18.7539,1667
"2026-09-09 18:00:00","2026-09-10 09:00:00","CAPE","surface",-73.7774,18.7539,1634
"2026-09-09 18:00:00","2026-09-10 09:00:00","CAPE","surface",-73.7535,18.7539,1627
"2026-09-09 18:00:00","2026-09-10 09:00:00","CAPE","surface",-73.7295,18.7539,1627
"2026-09-09 18:00:00","2026-09-10 09:00:00","CAPE","surface",-73.7056,18.7539,1648
"2026-09-09 18:00:00","2026-09-10 09:00:00","CAPE","surface",-73.6817,18.7539,1704
"2026-09-09 18:00:00","2026-09-10 09:00:00","CAPE","surface",-73.6578,18.7539,1737
"2026-09-09 18:00:00","2026-09-10 09:00:00","CAPE","surface",-73.6338,18.7539,1985
"2026-09-09 18:00:00","2026-09-10 09:00:00","CAPE","surface",-73.6099,18.7539,1985
"2026-09-09 18:00:00","2026-09-10 09:00:00","CAPE","surface",-73.586,18.7539,2076
"2026-09-09 18:00:00","2026-09-10 09:00:00","CAPE","surface",-73.5621,18.7539,2043
"2026-09-09 18:00:00","2026-09-10 09:00:00","CAPE","surface",-73.5381,18.7539,1857
"2026-09-09 18:00:00","2026-09-10 09:00:00","CAPE","surface",-73.5142,18.7539,1827
"2026-09-09 18:00:00","2026-09-10 09:00:00","CAPE","surface",-73.4903,18.7539,1831
"2026-09-09 18:00:00","2026-09-10 09:00:00","CAPE","surface",-73.4664,18.7539,1831
"2026-09-09 18:00:00","2026-09-10 09:00:00","CAPE","surface",-73.4424,18.7539,1849
"2026-09-09 18:00:00","2026-09-10 09:00:00","CAPE","surface",-73.4185,18.7539,1803
"2026-09-09 18:00:00","2026-09-10 09:00:00","CAPE","surface",-73.3946,18.7539,1818
"2026-09-09 18:00:00","2026-09-10 09:00:00","CAPE","surface",-73.3707,18.7539,1780
"2026-09-09 18:00:00","2026-09-10 09:00:00","CAPE","surface",-73.3467,18.7539,1907
"2026-09-09 18:00:00","2026-09-10 09:00:00","CAPE","surface",-73.3228,18.7539,1901
"2026-09-09 18:00:00","2026-09-10 09:00:00","CAPE","surface",-73.2989,18.7539,1993
"2026-09-09 18:00:00","2026-09-10 09:00:00","CAPE","surface",-73.275,18.7539,2025
"2026-09-09 18:00:00","2026-09-10 09:00:00","CAPE","surface",-73.251,18.7539,1833
"2026-09-09 18:00:00","2026-09-10 09:00:00","CAPE","surface",-73.2271,18.7539,1759
"2026-09-09 18:00:00","2026-09-10 09:00:00","CAPE","surface",-73.2032,18.7539,1641
"2026-09-09 18:00:00","2026-09-10 09:00:00","CAPE","surface",-73.1793,18.7539,1661
"2026-09-09 18:00:00","2026-09-10 09:00:00","CAPE","surface",-73.1553,18.7539,1909
"2026-09-09 18:00:00","2026-09-10 09:00:00","CAPE","surface",-73.1314,18.7539,1959
"2026-09-09 18:00:00","2026-09-10 09:00:00","CAPE","surface",-73.1075,18.7539,1998
"2026-09-09 18:00:00","2026-09-10 09:00:00","CAPE","surface",-73.0836,18.7539,1483
"2026-09-09 18:00:00","2026-09-10 09:00:00","CAPE","surface",-73.0596,18.7539,1561
"2026-09-09 18:00:00","2026-09-10 09:00:00","CAPE","surface",-73.0357,18.7539,1017
"2026-09-09 18:00:00","2026-09-10 09:00:00","CAPE","surface",-73.0118,18.7539,1311
"2026-09-09 18:00:00","2026-09-10 09:00:00","CAPE","surface",-72.9879,18.7539,1324
"2026-09-09 18:00:00","2026-09-10 09:00:00","CAPE","surface",-72.9639,18.7539,1324
"2026-09-09 18:00:00","2026-09-10 09:00:00","CAPE","surface",-72.94,18.7539,1285
"2026-09-09 18:00:00","2026-09-10 09:00:00","CAPE","surface",-72.9161,18.7539,1313
"2026-09-09 18:00:00","2026-09-10 09:00:00","CAPE","surface",-72.8922,18.7539,1356
"2026-09-09 18:00:00","2026-09-10 09:00:00","CAPE","surface",-72.8682,18.7539,1363
"2026-09-09 18:00:00","2026-09-10 09:00:00","CAPE","surface",-72.8443,18.7539,1397
"2026-09-09 18:00:00","2026-09-10 09:00:00","CAPE","surface",-72.8204,18.7539,1397
"2026-09-09 18:00:00","2026-09-10 09:00:00","CAPE","surface",-72.7965,18.7539,1693
"2026-09-09 18:00:00","2026-09-10 09:00:00","CAPE","surface",-72.7725,18.7539,1684
"2026-09-09 18:00:00","2026-09-10 09:00:00","CAPE","surface",-72.7486,18.7539,1673
"2026-09-09 18:00:00","2026-09-10 09:00:00","CAPE","surface",-72.7247,18.7539,1662
"2026-09-09 18:00:00","2026-09-10 09:00:00","CAPE","surface",-72.7008,18.7539,1617
"2026-09-09 18:00:00","2026-09-10 09:00:00","CAPE","surface",-72.6768,18.7539,1592
"2026-09-09 18:00:00","2026-09-10 09:00:00","CAPE","surface",-72.6529,18.7539,1546
"2026-09-09 18:00:00","2026-09-10 09:00:00","CAPE","surface",-72.629,18.7539,1528
"2026-09-09 18:00:00","2026-09-10 09:00:00","CAPE","surface",-72.6051,18.7539,1545
"2026-09-09 18:00:00","2026-09-10 09:00:00","CAPE","surface",-72.5811,18.7539,1436
"2026-09-09 18:00:00","2026-09-10 09:00:00","CAPE","surface",-72.5572,18.7539,1440
"2026-09-09 18:00:00","2026-09-10 09:00:00","CAPE","surface",-72.5333,18.7539,1226
"2026-09-09 18:00:00","2026-09-10 09:00:00","CAPE","surface",-72.5094,18.7539,1227
"2026-09-09 18:00:00","2026-09-10 09:00:00","CAPE","surface",-72.4854,18.7539,745
"2026-09-09 18:00:00","2026-09-10 09:00:00","CAPE","surface",-72.4615,18.7539,745
"2026-09-09 18:00:00","2026-09-10 09:00:00","CAPE","surface",-72.4376,18.7539,611
"2026-09-09 18:00:00","2026-09-10 09:00:00","CAPE","surface",-72.4137,18.7539,622
"2026-09-09 18:00:00","2026-09-10 09:00:00","CAPE","surface",-72.3897,18.7539,586
"2026-09-09 18:00:00","2026-09-10 09:00:00","CAPE","surface",-72.3658,18.7539,635
"2026-09-09 18:00:00","2026-09-10 09:00:00","CAPE","surface",-72.3419,18.7539,534
"2026-09-09 18:00:00","2026-09-10 09:00:00","CAPE","surface",-72.318,18.7539,596
"2026-09-09 18:00:00","2026-09-10 09:00:00","CAPE","surface",-72.294,18.7539,556
"2026-09-09 18:00:00","2026-09-10 09:00:00","CAPE","surface",-72.2701,18.7539,590
"2026-09-09 18:00:00","2026-09-10 09:00:00","CAPE","surface",-72.2462,18.7539,538
"2026-09-09 18:00:00","2026-09-10 09:00:00","CAPE","surface",-72.2223,18.7539,538
"2026-09-09 18:00:00","2026-09-10 09:00:00","CAPE","surface",-72.1983,18.7539,452
"2026-09-09 18:00:00","2026-09-10 09:00:00","CAPE","surface",-72.1744,18.7539,531
"2026-09-09 18:00:00","2026-09-10 09:00:00","CAPE","surface",-72.1505,18.7539,448
"2026-09-09 18:00:00","2026-09-10 09:00:00","CAPE","surface",-72.1266,18.7539,372
"2026-09-09 18:00:00","2026-09-10 09:00:00","CAPE","surface",-72.1026,18.7539,372
"2026-09-09 18:00:00","2026-09-10 09:00:00","CAPE","surface",-72.0787,18.7539,551
"2026-09-09 18:00:00","2026-09-10 09:00:00","CAPE","surface",-72.0548,18.7539,370
"2026-09-09 18:00:00","2026-09-10 09:00:00","CAPE","surface",-72.0309,18.7539,546
"2026-09-09 18:00:00","2026-09-10 09:00:00","CAPE","surface",-72.0069,18.7539,319
"2026-09-09 18:00:00","2026-09-10 09:00:00","CAPE","surface",-71.983,18.7539,663
"2026-09-09 18:00:00","2026-09-10 09:00:00","CAPE","surface",-71.9591,18.7539,291
"2026-09-09 18:00:00","2026-09-10 09:00:00","CAPE","surface",-71.9352,18.7539,193
"2026-09-09 18:00:00","2026-09-10 09:00:00","CAPE","surface",-71.9112,18.7539,75
"2026-09-09 18:00:00","2026-09-10 09:00:00","CAPE","surface",-71.8873,18.7539,30
"2026-09-09 18:00:00","2026-09-10 09:00:00","CAPE","surface",-71.8634,18.7539,30
"2026-09-09 18:00:00","2026-09-10 09:00:00","CAPE","surface",-71.8395,18.7539,43
"2026-09-09 18:00:00","2026-09-10 09:00:00","CAPE","surface",-71.8155,18.7539,28
"2026-09-09 18:00:00","2026-09-10 09:00:00","CAPE","surface",-71.7916,18.7539,55
"2026-09-09 18:00:00","2026-09-10 09:00:00","CAPE","surface",-71.7677,18.7539,89
"2026-09-09 18:00:00","2026-09-10 09:00:00","CAPE","surface",-71.7438,18.7539,89
"2026-09-09 18:00:00","2026-09-10 09:00:00","CAPE","surface",-71.7198,18.7539,110
"2026-09-09 18:00:00","2026-09-10 09:00:00","CAPE","surface",-71.6959,18.7539,116
"2026-09-09 18:00:00","2026-09-10 09:00:00","CAPE","surface",-71.672,18.7539,99
"2026-09-09 18:00:00","2026-09-10 09:00:00","CAPE","surface",-71.6481,18.7539,101
"2026-09-09 18:00:00","2026-09-10 09:00:00","CAPE","surface",-71.6241,18.7539,148
"2026-09-09 18:00:00","2026-09-10 09:00:00","CAPE","surface",-71.6002,18.7539,194
"2026-09-09 18:00:00","2026-09-10 09:00:00","CAPE","surface",-71.5763,18.7539,230
"2026-09-09 18:00:00","2026-09-10 09:00:00","CAPE","surface",-71.5524,18.7539,163
"2026-09-09 18:00:00","2026-09-10 09:00:00","CAPE","surface",-71.5284,18.7539,441
"2026-09-09 18:00:00","2026-09-10 09:00:00","CAPE","surface",-71.5045,18.7539,441
"2026-09-09 18:00:00","2026-09-10 09:00:00","CAPE","surface",-71.4806,18.7539,504
"2026-09-09 18:00:00","2026-09-10 09:00:00","CAPE","surface",-71.4567,18.7539,392
"2026-09-09 18:00:00","2026-09-10 09:00:00","CAPE","surface",-71.4327,18.7539,411
"2026-09-09 18:00:00","2026-09-10 09:00:00","CAPE","surface",-71.4088,18.7539,270
"2026-09-09 18:00:00","2026-09-10 09:00:00","CAPE","surface",-71.3849,18.7539,270
"2026-09-09 18:00:00","2026-09-10 09:00:00","CAPE","surface",-71.361,18.7539,231
"2026-09-09 18:00:00","2026-09-10 09:00:00","CAPE","surface",-71.337,18.7539,243
"2026-09-09 18:00:00","2026-09-10 09:00:00","CAPE","surface",-71.3131,18.7539,315
"2026-09-09 18:00:00","2026-09-10 09:00:00","CAPE","surface",-71.2892,18.7539,347
"2026-09-09 18:00:00","2026-09-10 09:00:00","CAPE","surface",-71.2653,18.7539,390
"2026-09-09 18:00:00","2026-09-10 09:00:00","CAPE","surface",-71.2413,18.7539,434
"2026-09-09 18:00:00","2026-09-10 09:00:00","CAPE","surface",-71.2174,18.7539,488
"2026-09-09 18:00:00","2026-09-10 09:00:00","CAPE","surface",-71.1935,18.7539,486
"2026-09-09 18:00:00","2026-09-10 09:00:00","CAPE","surface",-71.1696,18.7539,503
"2026-09-09 18:00:00","2026-09-10 09:00:00","CAPE","surface",-71.1456,18.7539,546
"2026-09-09 18:00:00","2026-09-10 09:00:00","CAPE","surface",-71.1217,18.7539,555
"2026-09-09 18:00:00","2026-09-10 09:00:00","CAPE","surface",-71.0978,18.7539,611
"2026-09-09 18:00:00","2026-09-10 09:00:00","CAPE","surface",-71.0739,18.7539,612
"2026-09-09 18:00:00","2026-09-10 09:00:00","CAPE","surface",-71.0499,18.7539,631
"2026-09-09 18:00:00","2026-09-10 09:00:00","CAPE","surface",-71.026,18.7539,631
"2026-09-09 18:00:00","2026-09-10 09:00:00","CAPE","surface",-71.0021,18.7539,634
"2026-09-09 18:00:00","2026-09-10 09:00:00","CAPE","surface",-70.9782,18.7539,643
"2026-09-09 18:00:00","2026-09-10 09:00:00","CAPE","surface",-70.9542,18.7539,637
"2026-09-09 18:00:00","2026-09-10 09:00:00","CAPE","surface",-70.9303,18.7539,637
"2026-09-09 18:00:00","2026-09-10 09:00:00","CAPE","surface",-70.9064,18.7539,623
"2026-09-09 18:00:00","2026-09-10 09:00:00","CAPE","surface",-70.8825,18.7539,433
"2026-09-09 18:00:00","2026-09-10 09:00:00","CAPE","surface",-70.8585,18.7539,258
"2026-09-09 18:00:00","2026-09-10 09:00:00","CAPE","surface",-70.8346,18.7539,159
"2026-09-09 18:00:00","2026-09-10 09:00:00","CAPE","surface",-70.8107,18.7539,159
"2026-09-09 18:00:00","2026-09-10 09:00:00","CAPE","surface",-70.7868,18.7539,193
"2026-09-09 18:00:00","2026-09-10 09:00:00","CAPE","surface",-70.7628,18.7539,201
"2026-09-09 18:00:00","2026-09-10 09:00:00","CAPE","surface",-70.7389,18.7539,51
"2026-09-09 18:00:00","2026-09-10 09:00:00","CAPE","surface",-70.715,18.7539,18
"2026-09-09 18:00:00","2026-09-10 09:00:00","CAPE","surface",-70.6911,18.7539,24
"2026-09-09 18:00:00","2026-09-10 09:00:00","CAPE","surface",-70.6671,18.7539,47
"2026-09-09 18:00:00","2026-09-10 09:00:00","CAPE","surface",-70.6432,18.7539,46
"2026-09-09 18:00:00","2026-09-10 09:00:00","CAPE","surface",-70.6193,18.7539,75
"2026-09-09 18:00:00","2026-09-10 09:00:00","CAPE","surface",-70.5954,18.7539,184
"2026-09-09 18:00:00","2026-09-10 09:00:00","CAPE","surface",-70.5714,18.7539,184
"2026-09-09 18:00:00","2026-09-10 09:00:00","CAPE","surface",-70.5475,18.7539,408
"2026-09-09 18:00:00","2026-09-10 09:00:00","CAPE","surface",-70.5236,18.7539,573
"2026-09-09 18:00:00","2026-09-10 09:00:00","CAPE","surface",-70.4997,18.7539,635
"2026-09-09 18:00:00","2026-09-10 09:00:00","CAPE","surface",-70.4757,18.7539,696
"2026-09-09 18:00:00","2026-09-10 09:00:00","CAPE","surface",-70.4518,18.7539,804
"2026-09-09 18:00:00","2026-09-10 09:00:00","CAPE","surface",-70.4279,18.7539,949
"2026-09-09 18:00:00","2026-09-10 09:00:00","CAPE","surface",-70.404,18.7539,1034
"2026-09-09 18:00:00","2026-09-10 09:00:00","CAPE","surface",-70.38,18.7539,1071
"2026-09-09 18:00:00","2026-09-10 09:00:00","CAPE","surface",-70.3561,18.7539,1071
"2026-09-09 18:00:00","2026-09-10 09:00:00","CAPE","surface",-70.3322,18.7539,1004
"2026-09-09 18:00:00","2026-09-10 09:00:00","CAPE","surface",-70.3083,18.7539,968
"2026-09-09 18:00:00","2026-09-10 09:00:00","CAPE","surface",-70.2843,18.7539,974
"2026-09-09 18:00:00","2026-09-10 09:00:00","CAPE","surface",-70.2604,18.7539,1021
"2026-09-09 18:00:00","2026-09-10 09:00:00","CAPE","surface",-70.2365,18.7539,1021
"2026-09-09 18:00:00","2026-09-10 09:00:00","CAPE","surface",-70.2126,18.7539,1041
"2026-09-09 18:00:00","2026-09-10 09:00:00","CAPE","surface",-70.1886,18.7539,1003
"2026-09-09 18:00:00","2026-09-10 09:00:00","CAPE","surface",-70.1647,18.7539,1021
"2026-09-09 18:00:00","2026-09-10 09:00:00","CAPE","surface",-70.1408,18.7539,1021
"2026-09-09 18:00:00","2026-09-10 09:00:00","CAPE","surface",-70.1169,18.7539,1126
"2026-09-09 18:00:00","2026-09-10 09:00:00","CAPE","surface",-70.0929,18.7539,1149
"2026-09-09 18:00:00","2026-09-10 09:00:00","CAPE","surface",-70.069,18.7539,1194
"2026-09-09 18:00:00","2026-09-10 09:00:00","CAPE","surface",-70.0451,18.7539,1229
"2026-09-09 18:00:00","2026-09-10 09:00:00","CAPE","surface",-70.0212,18.7539,1267
"2026-09-09 18:00:00","2026-09-10 09:00:00","CAPE","surface",-69.9972,18.7539,1353
"2026-09-09 18:00:00","2026-09-10 09:00:00","CAPE","surface",-69.9733,18.7539,1378
"2026-09-09 18:00:00","2026-09-10 09:00:00","CAPE","surface",-69.9494,18.7539,1366
"2026-09-09 18:00:00","2026-09-10 09:00:00","CAPE","surface",-69.9255,18.7539,1366
"2026-09-09 18:00:00","2026-09-10 09:00:00","CAPE","surface",-69.9015,18.7539,1411
"2026-09-09 18:00:00","2026-09-10 09:00:00","CAPE","surface",-69.8776,18.7539,1458
"2026-09-09 18:00:00","2026-09-10 09:00:00","CAPE","surface",-69.8537,18.7539,1490
"2026-09-09 18:00:00","2026-09-10 09:00:00","CAPE","surface",-69.8298,18.7539,1512
"2026-09-09 18:00:00","2026-09-10 09:00:00","CAPE","surface",-69.8058,18.7539,1510
"2026-09-09 18:00:00","2026-09-10 09:00:00","CAPE","surface",-69.7819,18.7539,1505
"2026-09-09 18:00:00","2026-09-10 09:00:00","CAPE","surface",-69.758,18.7539,1538
"2026-09-09 18:00:00","2026-09-10 09:00:00","CAPE","surface",-69.7341,18.7539,1574
"2026-09-09 18:00:00","2026-09-10 09:00:00","CAPE","surface",-69.7101,18.7539,1615
"2026-09-09 18:00:00","2026-09-10 09:00:00","CAPE","surface",-69.6862,18.7539,1645
"2026-09-09 18:00:00","2026-09-10 09:00:00","CAPE","surface",-69.6623,18.7539,1661
"2026-09-09 18:00:00","2026-09-10 09:00:00","CAPE","surface",-69.6384,18.7539,1666
"2026-09-09 18:00:00","2026-09-10 09:00:00","CAPE","surface",-69.6144,18.7539,1666
"2026-09-09 18:00:00","2026-09-10 09:00:00","CAPE","surface",-69.5905,18.7539,1657
"2026-09-09 18:00:00","2026-09-10 09:00:00","CAPE","surface",-69.5666,18.7539,1651
"2026-09-09 18:00:00","2026-09-10 09:00:00","CAPE","surface",-69.5427,18.7539,1647
"2026-09-09 18:00:00","2026-09-10 09:00:00","CAPE","surface",-69.5187,18.7539,1659
"2026-09-09 18:00:00","2026-09-10 09:00:00","CAPE","surface",-69.4948,18.7539,1659
"2026-09-09 18:00:00","2026-09-10 09:00:00","CAPE","surface",-69.4709,18.7539,1698
"2026-09-09 18:00:00","2026-09-10 09:00:00","CAPE","surface",-69.447,18.7539,1730
"2026-09-09 18:00:00","2026-09-10 09:00:00","CAPE","surface",-69.423,18.7539,1773
"2026-09-09 18:00:00","2026-09-10 09:00:00","CAPE","surface",-69.3991,18.7539,1784
"2026-09-09 18:00:00","2026-09-10 09:00:00","CAPE","surface",-69.3752,18.7539,1806
"2026-09-09 18:00:00","2026-09-10 09:00:00","CAPE","surface",-69.3513,18.7539,1818
"2026-09-09 18:00:00","2026-09-10 09:00:00","CAPE","surface",-69.3273,18.7539,1852
"2026-09-09 18:00:00","2026-09-10 09:00:00","CAPE","surface",-69.3034,18.7539,1899
"2026-09-09 18:00:00","2026-09-10 09:00:00","CAPE","surface",-69.2795,18.7539,1899
"2026-09-09 18:00:00","2026-09-10 09:00:00","CAPE","surface",-69.2556,18.7539,1950
"2026-09-09 18:00:00","2026-09-10 09:00:00","CAPE","surface",-69.2316,18.7539,1964
"2026-09-09 18:00:00","2026-09-10 09:00:00","CAPE","surface",-69.2077,18.7539,2005
"2026-09-09 18:00:00","2026-09-10 09:00:00","CAPE","surface",-69.1838,18.7539,2025
"2026-09-09 18:00:00","2026-09-10 09:00:00","CAPE","surface",-69.1599,18.7539,2026
"2026-09-09 18:00:00","2026-09-10 09:00:00","CAPE","surface",-69.1359,18.7539,2024
"2026-09-09 18:00:00","2026-09-10 09:00:00","CAPE","surface",-69.112,18.7539,2021
"2026-09-09 18:00:00","2026-09-10 09:00:00","CAPE","surface",-69.0881,18.7539,2058
"2026-09-09 18:00:00","2026-09-10 09:00:00","CAPE","surface",-69.0642,18.7539,2058
"2026-09-09 18:00:00","2026-09-10 09:00:00","CAPE","surface",-69.0402,18.7539,2123
"2026-09-09 18:00:00","2026-09-10 09:00:00","CAPE","surface",-69.0163,18.7539,2154
"2026-09-09 18:00:00","2026-09-10 09:00:00","CAPE","surface",-68.9924,18.7539,2231
"2026-09-09 18:00:00","2026-09-10 09:00:00","CAPE","surface",-68.9685,18.7539,2283
"2026-09-09 18:00:00","2026-09-10 09:00:00","CAPE","surface",-68.9445,18.7539,2314
"2026-09-09 18:00:00","2026-09-10 09:00:00","CAPE","surface",-68.9206,18.7539,2326
"2026-09-09 18:00:00","2026-09-10 09:00:00","CAPE","surface",-68.8967,18.7539,2329
"2026-09-09 18:00:00","2026-09-10 09:00:00","CAPE","surface",-68.8728,18.7539,2313
"2026-09-09 18:00:00","2026-09-10 09:00:00","CAPE","surface",-68.8488,18.7539,2313
"2026-09-09 18:00:00","2026-09-10 09:00:00","CAPE","surface",-68.8249,18.7539,2293
"2026-09-09 18:00:00","2026-09-10 09:00:00","CAPE","surface",-68.801,18.7539,2181
"2026-09-09 18:00:00","2026-09-10 09:00:00","CAPE","surface",-68.7771,18.7539,2084
"2026-09-09 18:00:00","2026-09-10 09:00:00","CAPE","surface",-68.7531,18.7539,2084
"2026-09-09 18:00:00","2026-09-10 09:00:00","CAPE","surface",-68.7292,18.7539,2104
"2026-09-09 18:00:00","2026-09-10 09:00:00","CAPE","surface",-68.7053,18.7539,2021
"2026-09-09 18:00:00","2026-09-10 09:00:00","CAPE","surface",-68.6813,18.7539,1989
"2026-09-09 18:00:00","2026-09-10 09:00:00","CAPE","surface",-68.6574,18.7539,1905
"2026-09-09 18:00:00","2026-09-10 09:00:00","CAPE","surface",-68.6335,18.7539,1905
"2026-09-09 18:00:00","2026-09-10 09:00:00","CAPE","surface",-68.6096,18.7539,1845
"2026-09-09 18:00:00","2026-09-10 09:00:00","CAPE","surface",-68.5856,18.7539,1822
"2026-09-09 18:00:00","2026-09-10 09:00:00","CAPE","surface",-68.5617,18.7539,1834
"2026-09-09 18:00:00","2026-09-10 09:00:00","CAPE","surface",-68.5378,18.7539,1834
"2026-09-09 18:00:00","2026-09-10 09:00:00","CAPE","surface",-68.5139,18.7539,1899
"2026-09-09 18:00:00","2026-09-10 09:00:00","CAPE","surface",-68.4899,18.7539,1861
"2026-09-09 18:00:00","2026-09-10 09:00:00","CAPE","surface",-68.466,18.7539,2268
"2026-09-09 18:00:00","2026-09-10 09:00:00","CAPE","surface",-68.4421,18.7539,2413
"2026-09-09 18:00:00","2026-09-10 09:00:00","CAPE","surface",-68.4182,18.7539,2389
"2026-09-09 18:00:00","2026-09-10 09:00:00","CAPE","surface",-68.3942,18.7539,2584
"2026-09-09 18:00:00","2026-09-10 09:00:00","CAPE","surface",-68.3703,18.7539,2620
"2026-09-09 18:00:00","2026-09-10 09:00:00","CAPE","surface",-68.3464,18.7539,2761
"2026-09-09 18:00:00","2026-09-10 09:00:00","CAPE","surface",-68.3225,18.7539,2758
"2026-09-09 18:00:00","2026-09-10 09:00:00","CAPE","surface",-68.2985,18.7539,2844
"2026-09-09 18:00:00","2026-09-10 09:00:00","CAPE","surface",-68.2746,18.7539,2909
"2026-09-09 18:00:00","2026-09-10 09:00:00","CAPE","surface",-68.2507,18.7539,2919
"2026-09-09 18:00:00","2026-09-10 09:00:00","CAPE","surface",-68.2268,18.7539,2915
"2026-09-09 18:00:00","2026-09-10 09:00:00","CAPE","surface",-68.2028,18.7539,2894
"2026-09-09 18:00:00","2026-09-10 09:00:00","CAPE","surface",-68.1789,18.7539,2878
"2026-09-09 18:00:00","2026-09-10 09:00:00","CAPE","surface",-68.155,18.7539,2854
"2026-09-09 18:00:00","2026-09-10 09:00:00","CAPE","surface",-68.1311,18.7539,2887
"2026-09-09 18:00:00","2026-09-10 09:00:00","CAPE","surface",-68.1071,18.7539,2896
"2026-09-09 18:00:00","2026-09-10 09:00:00","CAPE","surface",-68.0832,18.7539,2893
"2026-09-09 18:00:00","2026-09-10 09:00:00","CAPE","surface",-68.0593,18.7539,2883
"2026-09-09 18:00:00","2026-09-10 09:00:00","CAPE","surface",-68.0354,18.7539,2883
"2026-09-09 18:00:00","2026-09-10 09:00:00","CAPE","surface",-68.0114,18.7539,3020
"2026-09-09 18:00:00","2026-09-10 09:00:00","CAPE","surface",-67.9875,18.7539,2992
"2026-09-09 18:00:00","2026-09-10 09:00:00","CAPE","surface",-67.9636,18.7539,3118
"2026-09-09 18:00:00","2026-09-10 09:00:00","CAPE","surface",-67.9397,18.7539,3118
"2026-09-09 18:00:00","2026-09-10 09:00:00","CAPE","surface",-67.9157,18.7539,3128
"2026-09-09 18:00:00","2026-09-10 09:00:00","CAPE","surface",-67.8918,18.7539,3137
"2026-09-09 18:00:00","2026-09-10 09:00:00","CAPE","surface",-67.8679,18.7539,3104
"2026-09-09 18:00:00","2026-09-10 09:00:00","CAPE","surface",-67.844,18.7539,3113
"2026-09-09 18:00:00","2026-09-10 09:00:00","CAPE","surface",-67.82,18.7539,3113
"2026-09-09 18:00:00","2026-09-10 09:00:00","CAPE","surface",-67.7961,18.7539,3236
"2026-09-09 18:00:00","2026-09-10 09:00:00","CAPE","surface",-67.7722,18.7539,3274
"2026-09-09 18:00:00","2026-09-10 09:00:00","CAPE","surface",-67.7483,18.7539,3472
"2026-09-09 18:00:00","2026-09-10 09:00:00","CAPE","surface",-67.7243,18.7539,3472
"2026-09-09 18:00:00","2026-09-10 09:00:00","CAPE","surface",-67.7004,18.7539,3444
"2026-09-09 18:00:00","2026-09-10 09:00:00","CAPE","surface",-67.6765,18.7539,3099
"2026-09-09 18:00:00","2026-09-10 09:00:00","CAPE","surface",-67.6526,18.7539,3106
"2026-09-09 18:00:00","2026-09-10 09:00:00","CAPE","surface",-67.6286,18.7539,2774
"2026-09-09 18:00:00","2026-09-10 09:00:00","CAPE","surface",-67.6047,18.7539,2843
"2026-09-09 18:00:00","2026-09-10 09:00:00","CAPE","surface",-67.5808,18.7539,2796
"2026-09-09 18:00:00","2026-09-10 09:00:00","CAPE","surface",-67.5569,18.7539,2912
"2026-09-09 18:00:00","2026-09-10 09:00:00","CAPE","surface",-67.5329,18.7539,2894
"2026-09-09 18:00:00","2026-09-10 09:00:00","CAPE","surface",-67.509,18.7539,2969
"2026-09-09 18:00:00","2026-09-10 09:00:00","CAPE","surface",-67.4851,18.7539,2981
"2026-09-09 18:00:00","2026-09-10 09:00:00","CAPE","surface",-67.4612,18.7539,3007
"2026-09-09 18:00:00","2026-09-10 09:00:00","CAPE","surface",-67.4372,18.7539,3007
"2026-09-09 18:00:00","2026-09-10 09:00:00","CAPE","surface",-67.4133,18.7539,3026
"2026-09-09 18:00:00","2026-09-10 09:00:00","CAPE","surface",-67.3894,18.7539,2952
"2026-09-09 18:00:00","2026-09-10 09:00:00","CAPE","surface",-67.3655,18.7539,3076
"2026-09-09 18:00:00","2026-09-10 09:00:00","CAPE","surface",-67.3415,18.7539,3215
"2026-09-09 18:00:00","2026-09-10 09:00:00","CAPE","surface",-67.3176,18.7539,3216
"2026-09-09 18:00:00","2026-09-10 09:00:00","CAPE","surface",-67.2937,18.7539,3265
"2026-09-09 18:00:00","2026-09-10 09:00:00","CAPE","surface",-67.2698,18.7539,3274
"2026-09-09 18:00:00","2026-09-10 09:00:00","CAPE","surface",-67.2458,18.7539,3270
"2026-09-09 18:00:00","2026-09-10 09:00:00","CAPE","surface",-67.2219,18.7539,3280
"2026-09-09 18:00:00","2026-09-10 09:00:00","CAPE","surface",-67.198,18.7539,3116
"2026-09-09 18:00:00","2026-09-10 09:00:00","CAPE","surface",-67.1741,18.7539,2815
"2026-09-09 18:00:00","2026-09-10 09:00:00","CAPE","surface",-67.1501,18.7539,2815
"2026-09-09 18:00:00","2026-09-10 09:00:00","CAPE","surface",-67.1262,18.7539,2681
"2026-09-09 18:00:00","2026-09-10 09:00:00","CAPE","surface",-67.1023,18.7539,2701
"2026-09-09 18:00:00","2026-09-10 09:00:00","CAPE","surface",-67.0784,18.7539,2704
"2026-09-09 18:00:00","2026-09-10 09:00:00","CAPE","surface",-67.0544,18.7539,2704
"2026-09-09 18:00:00","2026-09-10 09:00:00","CAPE","surface",-67.0305,18.7539,2893
"2026-09-09 18:00:00","2026-09-10 09:00:00","CAPE","surface",-67.0066,18.7539,3169
"2026-09-09 18:00:00","2026-09-10 09:00:00","CAPE","surface",-74.7822,18.7766,2325
"2026-09-09 18:00:00","2026-09-10 09:00:00","CAPE","surface",-74.7583,18.7766,2325
"2026-09-09 18:00:00","2026-09-10 09:00:00","CAPE","surface",-74.7344,18.7766,2320
"2026-09-09 18:00:00","2026-09-10 09:00:00","CAPE","surface",-74.7105,18.7766,2319
"2026-09-09 18:00:00","2026-09-10 09:00:00","CAPE","surface",-74.6865,18.7766,2349
"2026-09-09 18:00:00","2026-09-10 09:00:00","CAPE","surface",-74.6626,18.7766,2362
"2026-09-09 18:00:00","2026-09-10 09:00:00","CAPE","surface",-74.6387,18.7766,2334
"2026-09-09 18:00:00","2026-09-10 09:00:00","CAPE","surface",-74.6148,18.7766,2334
"2026-09-09 18:00:00","2026-09-10 09:00:00","CAPE","surface",-74.5908,18.7766,2348
"2026-09-09 18:00:00","2026-09-10 09:00:00","CAPE","surface",-74.5669,18.7766,2345
"2026-09-09 18:00:00","2026-09-10 09:00:00","CAPE","surface",-74.543,18.7766,2363
"2026-09-09 18:00:00","2026-09-10 09:00:00","CAPE","surface",-74.5191,18.7766,2222
"2026-09-09 18:00:00","2026-09-10 09:00:00","CAPE","surface",-74.4951,18.7766,2107
"2026-09-09 18:00:00","2026-09-10 09:00:00","CAPE","surface",-74.4712,18.7766,1920
"2026-09-09 18:00:00","2026-09-10 09:00:00","CAPE","surface",-74.4473,18.7766,1963
"2026-09-09 18:00:00","2026-09-10 09:00:00","CAPE","surface",-74.4234,18.7766,1940
"2026-09-09 18:00:00","2026-09-10 09:00:00","CAPE","surface",-74.3994,18.7766,2005
"2026-09-09 18:00:00","2026-09-10 09:00:00","CAPE","surface",-74.3755,18.7766,1890
"2026-09-09 18:00:00","2026-09-10 09:00:00","CAPE","surface",-74.3516,18.7766,2019
"2026-09-09 18:00:00","2026-09-10 09:00:00","CAPE","surface",-74.3277,18.7766,1932
"2026-09-09 18:00:00","2026-09-10 09:00:00","CAPE","surface",-74.3037,18.7766,1925
"2026-09-09 18:00:00","2026-09-10 09:00:00","CAPE","surface",-74.2798,18.7766,1888
"2026-09-09 18:00:00","2026-09-10 09:00:00","CAPE","surface",-74.2559,18.7766,2043
"2026-09-09 18:00:00","2026-09-10 09:00:00","CAPE","surface",-74.232,18.7766,2040
"2026-09-09 18:00:00","2026-09-10 09:00:00","CAPE","surface",-74.208,18.7766,1990
"2026-09-09 18:00:00","2026-09-10 09:00:00","CAPE","surface",-74.1841,18.7766,1970
"2026-09-09 18:00:00","2026-09-10 09:00:00","CAPE","surface",-74.1602,18.7766,1889
"2026-09-09 18:00:00","2026-09-10 09:00:00","CAPE","surface",-74.1363,18.7766,1951
"2026-09-09 18:00:00","2026-09-10 09:00:00","CAPE","surface",-74.1123,18.7766,1906
"2026-09-09 18:00:00","2026-09-10 09:00:00","CAPE","surface",-74.0884,18.7766,1788
"2026-09-09 18:00:00","2026-09-10 09:00:00","CAPE","surface",-74.0645,18.7766,1788
"2026-09-09 18:00:00","2026-09-10 09:00:00","CAPE","surface",-74.0406,18.7766,1680
"2026-09-09 18:00:00","2026-09-10 09:00:00","CAPE","surface",-74.0166,18.7766,1648
"2026-09-09 18:00:00","2026-09-10 09:00:00","CAPE","surface",-73.9927,18.7766,1630
"2026-09-09 18:00:00","2026-09-10 09:00:00","CAPE","surface",-73.9688,18.7766,1593
"2026-09-09 18:00:00","2026-09-10 09:00:00","CAPE","surface",-73.9449,18.7766,1638
"2026-09-09 18:00:00","2026-09-10 09:00:00","CAPE","surface",-73.9209,18.7766,1608
"2026-09-09 18:00:00","2026-09-10 09:00:00","CAPE","surface",-73.897,18.7766,1706
"2026-09-09 18:00:00","2026-09-10 09:00:00","CAPE","surface",-73.8731,18.7766,1686
"2026-09-09 18:00:00","2026-09-10 09:00:00","CAPE","surface",-73.8492,18.7766,1721
"2026-09-09 18:00:00","2026-09-10 09:00:00","CAPE","surface",-73.8252,18.7766,1716
"2026-09-09 18:00:00","2026-09-10 09:00:00","CAPE","surface",-73.8013,18.7766,1711
"2026-09-09 18:00:00","2026-09-10 09:00:00","CAPE","surface",-73.7774,18.7766,1731
"2026-09-09 18:00:00","2026-09-10 09:00:00","CAPE","surface",-73.7535,18.7766,1648
"2026-09-09 18:00:00","2026-09-10 09:00:00","CAPE","surface",-73.7295,18.7766,1646
"2026-09-09 18:00:00","2026-09-10 09:00:00","CAPE","surface",-73.7056,18.7766,1700
"2026-09-09 18:00:00","2026-09-10 09:00:00","CAPE","surface",-73.6817,18.7766,1700
"2026-09-09 18:00:00","2026-09-10 09:00:00","CAPE","surface",-73.6578,18.7766,1888
"2026-09-09 18:00:00","2026-09-10 09:00:00","CAPE","surface",-73.6338,18.7766,1907
"2026-09-09 18:00:00","2026-09-10 09:00:00","CAPE","surface",-73.6099,18.7766,2063
"2026-09-09 18:00:00","2026-09-10 09:00:00","CAPE","surface",-73.586,18.7766,2076
"2026-09-09 18:00:00","2026-09-10 09:00:00","CAPE","surface",-73.5621,18.7766,1891
"2026-09-09 18:00:00","2026-09-10 09:00:00","CAPE","surface",-73.5381,18.7766,1891
"2026-09-09 18:00:00","2026-09-10 09:00:00","CAPE","surface",-73.5142,18.7766,1876
"2026-09-09 18:00:00","2026-09-10 09:00:00","CAPE","surface",-73.4903,18.7766,1879
"2026-09-09 18:00:00","2026-09-10 09:00:00","CAPE","surface",-73.4664,18.7766,1901
"2026-09-09 18:00:00","2026-09-10 09:00:00","CAPE","surface",-73.4424,18.7766,1849
"2026-09-09 18:00:00","2026-09-10 09:00:00","CAPE","surface",-73.4185,18.7766,1918
"2026-09-09 18:00:00","2026-09-10 09:00:00","CAPE","surface",-73.3946,18.7766,1871
"2026-09-09 18:00:00","2026-09-10 09:00:00","CAPE","surface",-73.3707,18.7766,1912
"2026-09-09 18:00:00","2026-09-10 09:00:00","CAPE","surface",-73.3467,18.7766,1951
"2026-09-09 18:00:00","2026-09-10 09:00:00","CAPE","surface",-73.3228,18.7766,1967
"2026-09-09 18:00:00","2026-09-10 09:00:00","CAPE","surface",-73.2989,18.7766,2040
"2026-09-09 18:00:00","2026-09-10 09:00:00","CAPE","surface",-73.275,18.7766,2040
"2026-09-09 18:00:00","2026-09-10 09:00:00","CAPE","surface",-73.251,18.7766,1662
"2026-09-09 18:00:00","2026-09-10 09:00:00","CAPE","surface",-73.2271,18.7766,1641
"2026-09-09 18:00:00","2026-09-10 09:00:00","CAPE","surface",-73.2032,18.7766,1832
"2026-09-09 18:00:00","2026-09-10 09:00:00","CAPE","surface",-73.1793,18.7766,1879
"2026-09-09 18:00:00","2026-09-10 09:00:00","CAPE","surface",-73.1553,18.7766,1822
"2026-09-09 18:00:00","2026-09-10 09:00:00","CAPE","surface",-73.1314,18.7766,1882
"2026-09-09 18:00:00","2026-09-10 09:00:00","CAPE","surface",-73.1075,18.7766,1471
"2026-09-09 18:00:00","2026-09-10 09:00:00","CAPE","surface",-73.0836,18.7766,1483
"2026-09-09 18:00:00","2026-09-10 09:00:00","CAPE","surface",-73.0596,18.7766,1218
"2026-09-09 18:00:00","2026-09-10 09:00:00","CAPE","surface",-73.0357,18.7766,1218
"2026-09-09 18:00:00","2026-09-10 09:00:00","CAPE","surface",-73.0118,18.7766,1028
"2026-09-09 18:00:00","2026-09-10 09:00:00","CAPE","surface",-72.9879,18.7766,1192
"2026-09-09 18:00:00","2026-09-10 09:00:00","CAPE","surface",-72.9639,18.7766,1231
"2026-09-09 18:00:00","2026-09-10 09:00:00","CAPE","surface",-72.94,18.7766,1285
"2026-09-09 18:00:00","2026-09-10 09:00:00","CAPE","surface",-72.9161,18.7766,1303
"2026-09-09 18:00:00","2026-09-10 09:00:00","CAPE","surface",-72.8922,18.7766,1333
"2026-09-09 18:00:00","2026-09-10 09:00:00","CAPE","surface",-72.8682,18.7766,1398
"2026-09-09 18:00:00","2026-09-10 09:00:00","CAPE","surface",-72.8443,18.7766,1397
"2026-09-09 18:00:00","2026-09-10 09:00:00","CAPE","surface",-72.8204,18.7766,1540
"2026-09-09 18:00:00","2026-09-10 09:00:00","CAPE","surface",-72.7965,18.7766,1709
"2026-09-09 18:00:00","2026-09-10 09:00:00","CAPE","surface",-72.7725,18.7766,1709
"2026-09-09 18:00:00","2026-09-10 09:00:00","CAPE","surface",-72.7486,18.7766,1656
"2026-09-09 18:00:00","2026-09-10 09:00:00","CAPE","surface",-72.7247,18.7766,1637
"2026-09-09 18:00:00","2026-09-10 09:00:00","CAPE","surface",-72.7008,18.7766,1588
"2026-09-09 18:00:00","2026-09-10 09:00:00","CAPE","surface",-72.6768,18.7766,1566
"2026-09-09 18:00:00","2026-09-10 09:00:00","CAPE","surface",-72.6529,18.7766,1560
"2026-09-09 18:00:00","2026-09-10 09:00:00","CAPE","surface",-72.629,18.7766,1553
"2026-09-09 18:00:00","2026-09-10 09:00:00","CAPE","surface",-72.6051,18.7766,1432
"2026-09-09 18:00:00","2026-09-10 09:00:00","CAPE","surface",-72.5811,18.7766,1436
"2026-09-09 18:00:00","2026-09-10 09:00:00","CAPE","surface",-72.5572,18.7766,1234
"2026-09-09 18:00:00","2026-09-10 09:00:00","CAPE","surface",-72.5333,18.7766,1234
"2026-09-09 18:00:00","2026-09-10 09:00:00","CAPE","surface",-72.5094,18.7766,659
"2026-09-09 18:00:00","2026-09-10 09:00:00","CAPE","surface",-72.4854,18.7766,702
"2026-09-09 18:00:00","2026-09-10 09:00:00","CAPE","surface",-72.4615,18.7766,603
"2026-09-09 18:00:00","2026-09-10 09:00:00","CAPE","surface",-72.4376,18.7766,611
"2026-09-09 18:00:00","2026-09-10 09:00:00","CAPE","surface",-72.4137,18.7766,544
"2026-09-09 18:00:00","2026-09-10 09:00:00","CAPE","surface",-72.3897,18.7766,559
"2026-09-09 18:00:00","2026-09-10 09:00:00","CAPE","surface",-72.3658,18.7766,489
"2026-09-09 18:00:00","2026-09-10 09:00:00","CAPE","surface",-72.3419,18.7766,486
"2026-09-09 18:00:00","2026-09-10 09:00:00","CAPE","surface",-72.318,18.7766,520
"2026-09-09 18:00:00","2026-09-10 09:00:00","CAPE","surface",-72.294,18.7766,483
"2026-09-09 18:00:00","2026-09-10 09:00:00","CAPE","surface",-72.2701,18.7766,509
"2026-09-09 18:00:00","2026-09-10 09:00:00","CAPE","surface",-72.2462,18.7766,481
"2026-09-09 18:00:00","2026-09-10 09:00:00","CAPE","surface",-72.2223,18.7766,470
"2026-09-09 18:00:00","2026-09-10 09:00:00","CAPE","surface",-72.1983,18.7766,523
"2026-09-09 18:00:00","2026-09-10 09:00:00","CAPE","surface",-72.1744,18.7766,523
"2026-09-09 18:00:00","2026-09-10 09:00:00","CAPE","surface",-72.1505,18.7766,662
"2026-09-09 18:00:00","2026-09-10 09:00:00","CAPE","surface",-72.1266,18.7766,540
"2026-09-09 18:00:00","2026-09-10 09:00:00","CAPE","surface",-72.1026,18.7766,574
"2026-09-09 18:00:00","2026-09-10 09:00:00","CAPE","surface",-72.0787,18.7766,551
"2026-09-09 18:00:00","2026-09-10 09:00:00","CAPE","surface",-72.0548,18.7766,614
"2026-09-09 18:00:00","2026-09-10 09:00:00","CAPE","surface",-72.0309,18.7766,614
"2026-09-09 18:00:00","2026-09-10 09:00:00","CAPE","surface",-72.0069,18.7766,695
"2026-09-09 18:00:00","2026-09-10 09:00:00","CAPE","surface",-71.983,18.7766,918
"2026-09-09 18:00:00","2026-09-10 09:00:00","CAPE","surface",-71.9591,18.7766,629
"2026-09-09 18:00:00","2026-09-10 09:00:00","CAPE","surface",-71.9352,18.7766,305
"2026-09-09 18:00:00","2026-09-10 09:00:00","CAPE","surface",-71.9112,18.7766,305
"2026-09-09 18:00:00","2026-09-10 09:00:00","CAPE","surface",-71.8873,18.7766,70
"2026-09-09 18:00:00","2026-09-10 09:00:00","CAPE","surface",-71.8634,18.7766,70
"2026-09-09 18:00:00","2026-09-10 09:00:00","CAPE","surface",-71.8395,18.7766,61
"2026-09-09 18:00:00","2026-09-10 09:00:00","CAPE","surface",-71.8155,18.7766,52
"2026-09-09 18:00:00","2026-09-10 09:00:00","CAPE","surface",-71.7916,18.7766,83
"2026-09-09 18:00:00","2026-09-10 09:00:00","CAPE","surface",-71.7677,18.7766,88
"2026-09-09 18:00:00","2026-09-10 09:00:00","CAPE","surface",-71.7438,18.7766,95
"2026-09-09 18:00:00","2026-09-10 09:00:00","CAPE","surface",-71.7198,18.7766,110
"2026-09-09 18:00:00","2026-09-10 09:00:00","CAPE","surface",-71.6959,18.7766,105
"2026-09-09 18:00:00","2026-09-10 09:00:00","CAPE","surface",-71.672,18.7766,105
"2026-09-09 18:00:00","2026-09-10 09:00:00","CAPE","surface",-71.6481,18.7766,142
"2026-09-09 18:00:00","2026-09-10 09:00:00","CAPE","surface",-71.6241,18.7766,148
"2026-09-09 18:00:00","2026-09-10 09:00:00","CAPE","surface",-71.6002,18.7766,303
"2026-09-09 18:00:00","2026-09-10 09:00:00","CAPE","surface",-71.5763,18.7766,320
"2026-09-09 18:00:00","2026-09-10 09:00:00","CAPE","surface",-71.5524,18.7766,339
"2026-09-09 18:00:00","2026-09-10 09:00:00","CAPE","surface",-71.5284,18.7766,488
"2026-09-09 18:00:00","2026-09-10 09:00:00","CAPE","surface",-71.5045,18.7766,495
"2026-09-09 18:00:00","2026-09-10 09:00:00","CAPE","surface",-71.4806,18.7766,386
"2026-09-09 18:00:00","2026-09-10 09:00:00","CAPE","surface",-71.4567,18.7766,386
"2026-09-09 18:00:00","2026-09-10 09:00:00","CAPE","surface",-71.4327,18.7766,264
"2026-09-09 18:00:00","2026-09-10 09:00:00","CAPE","surface",-71.4088,18.7766,264
"2026-09-09 18:00:00","2026-09-10 09:00:00","CAPE","surface",-71.3849,18.7766,226
"2026-09-09 18:00:00","2026-09-10 09:00:00","CAPE","surface",-71.361,18.7766,231
"2026-09-09 18:00:00","2026-09-10 09:00:00","CAPE","surface",-71.337,18.7766,266
"2026-09-09 18:00:00","2026-09-10 09:00:00","CAPE","surface",-71.3131,18.7766,284
"2026-09-09 18:00:00","2026-09-10 09:00:00","CAPE","surface",-71.2892,18.7766,324
"2026-09-09 18:00:00","2026-09-10 09:00:00","CAPE","surface",-71.2653,18.7766,403
"2026-09-09 18:00:00","2026-09-10 09:00:00","CAPE","surface",-71.2413,18.7766,449
"2026-09-09 18:00:00","2026-09-10 09:00:00","CAPE","surface",-71.2174,18.7766,491
"2026-09-09 18:00:00","2026-09-10 09:00:00","CAPE","surface",-71.1935,18.7766,497
"2026-09-09 18:00:00","2026-09-10 09:00:00","CAPE","surface",-71.1696,18.7766,535
"2026-09-09 18:00:00","2026-09-10 09:00:00","CAPE","surface",-71.1456,18.7766,546
"2026-09-09 18:00:00","2026-09-10 09:00:00","CAPE","surface",-71.1217,18.7766,588
"2026-09-09 18:00:00","2026-09-10 09:00:00","CAPE","surface",-71.0978,18.7766,588
"2026-09-09 18:00:00","2026-09-10 09:00:00","CAPE","surface",-71.0739,18.7766,627
"2026-09-09 18:00:00","2026-09-10 09:00:00","CAPE","surface",-71.0499,18.7766,639
"2026-09-09 18:00:00","2026-09-10 09:00:00","CAPE","surface",-71.026,18.7766,637
"2026-09-09 18:00:00","2026-09-10 09:00:00","CAPE","surface",-71.0021,18.7766,634
"2026-09-09 18:00:00","2026-09-10 09:00:00","CAPE","surface",-70.9782,18.7766,643
"2026-09-09 18:00:00","2026-09-10 09:00:00","CAPE","surface",-70.9542,18.7766,646
"2026-09-09 18:00:00","2026-09-10 09:00:00","CAPE","surface",-70.9303,18.7766,641
"2026-09-09 18:00:00","2026-09-10 09:00:00","CAPE","surface",-70.9064,18.7766,504
"2026-09-09 18:00:00","2026-09-10 09:00:00","CAPE","surface",-70.8825,18.7766,504
"2026-09-09 18:00:00","2026-09-10 09:00:00","CAPE","surface",-70.8585,18.7766,249
"2026-09-09 18:00:00","2026-09-10 09:00:00","CAPE","surface",-70.8346,18.7766,240
"2026-09-09 18:00:00","2026-09-10 09:00:00","CAPE","surface",-70.8107,18.7766,132
"2026-09-09 18:00:00","2026-09-10 09:00:00","CAPE","surface",-70.7868,18.7766,193
"2026-09-09 18:00:00","2026-09-10 09:00:00","CAPE","surface",-70.7628,18.7766,66
"2026-09-09 18:00:00","2026-09-10 09:00:00","CAPE","surface",-70.7389,18.7766,162
"2026-09-09 18:00:00","2026-09-10 09:00:00","CAPE","surface",-70.715,18.7766,16
"2026-09-09 18:00:00","2026-09-10 09:00:00","CAPE","surface",-70.6911,18.7766,24
"2026-09-09 18:00:00","2026-09-10 09:00:00","CAPE","surface",-70.6671,18.7766,63
"2026-09-09 18:00:00","2026-09-10 09:00:00","CAPE","surface",-70.6432,18.7766,59
"2026-09-09 18:00:00","2026-09-10 09:00:00","CAPE","surface",-70.6193,18.7766,43
"2026-09-09 18:00:00","2026-09-10 09:00:00","CAPE","surface",-70.5954,18.7766,172
"2026-09-09 18:00:00","2026-09-10 09:00:00","CAPE","surface",-70.5714,18.7766,317
"2026-09-09 18:00:00","2026-09-10 09:00:00","CAPE","surface",-70.5475,18.7766,636
"2026-09-09 18:00:00","2026-09-10 09:00:00","CAPE","surface",-70.5236,18.7766,636
"2026-09-09 18:00:00","2026-09-10 09:00:00","CAPE","surface",-70.4997,18.7766,611
"2026-09-09 18:00:00","2026-09-10 09:00:00","CAPE","surface",-70.4757,18.7766,696
"2026-09-09 18:00:00","2026-09-10 09:00:00","CAPE","surface",-70.4518,18.7766,906
"2026-09-09 18:00:00","2026-09-10 09:00:00","CAPE","surface",-70.4279,18.7766,906
"2026-09-09 18:00:00","2026-09-10 09:00:00","CAPE","surface",-70.404,18.7766,948
"2026-09-09 18:00:00","2026-09-10 09:00:00","CAPE","surface",-70.38,18.7766,962
"2026-09-09 18:00:00","2026-09-10 09:00:00","CAPE","surface",-70.3561,18.7766,985
"2026-09-09 18:00:00","2026-09-10 09:00:00","CAPE","surface",-70.3322,18.7766,1003
"2026-09-09 18:00:00","2026-09-10 09:00:00","CAPE","surface",-70.3083,18.7766,1003
"2026-09-09 18:00:00","2026-09-10 09:00:00","CAPE","surface",-70.2843,18.7766,1036
"2026-09-09 18:00:00","2026-09-10 09:00:00","CAPE","surface",-70.2604,18.7766,1026
"2026-09-09 18:00:00","2026-09-10 09:00:00","CAPE","surface",-70.2365,18.7766,1044
"2026-09-09 18:00:00","2026-09-10 09:00:00","CAPE","surface",-70.2126,18.7766,1041
"2026-09-09 18:00:00","2026-09-10 09:00:00","CAPE","surface",-70.1886,18.7766,1008
"2026-09-09 18:00:00","2026-09-10 09:00:00","CAPE","surface",-70.1647,18.7766,996
"2026-09-09 18:00:00","2026-09-10 09:00:00","CAPE","surface",-70.1408,18.7766,1085
"2026-09-09 18:00:00","2026-09-10 09:00:00","CAPE","surface",-70.1169,18.7766,1152
"2026-09-09 18:00:00","2026-09-10 09:00:00","CAPE","surface",-70.0929,18.7766,1152
"2026-09-09 18:00:00","2026-09-10 09:00:00","CAPE","surface",-70.069,18.7766,1213
"2026-09-09 18:00:00","2026-09-10 09:00:00","CAPE","surface",-70.0451,18.7766,1238
"2026-09-09 18:00:00","2026-09-10 09:00:00","CAPE","surface",-70.0212,18.7766,1329
"2026-09-09 18:00:00","2026-09-10 09:00:00","CAPE","surface",-69.9972,18.7766,1353
"2026-09-09 18:00:00","2026-09-10 09:00:00","CAPE","surface",-69.9733,18.7766,1397
"2026-09-09 18:00:00","2026-09-10 09:00:00","CAPE","surface",-69.9494,18.7766,1392
"2026-09-09 18:00:00","2026-09-10 09:00:00","CAPE","surface",-69.9255,18.7766,1395
"2026-09-09 18:00:00","2026-09-10 09:00:00","CAPE","surface",-69.9015,18.7766,1411
"2026-09-09 18:00:00","2026-09-10 09:00:00","CAPE","surface",-69.8776,18.7766,1454
"2026-09-09 18:00:00","2026-09-10 09:00:00","CAPE","surface",-69.8537,18.7766,1494
"2026-09-09 18:00:00","2026-09-10 09:00:00","CAPE","surface",-69.8298,18.7766,1497
"2026-09-09 18:00:00","2026-09-10 09:00:00","CAPE","surface",-69.8058,18.7766,1519
"2026-09-09 18:00:00","2026-09-10 09:00:00","CAPE","surface",-69.7819,18.7766,1505
"2026-09-09 18:00:00","2026-09-10 09:00:00","CAPE","surface",-69.758,18.7766,1535
"2026-09-09 18:00:00","2026-09-10 09:00:00","CAPE","surface",-69.7341,18.7766,1547
"2026-09-09 18:00:00","2026-09-10 09:00:00","CAPE","surface",-69.7101,18.7766,1625
"2026-09-09 18:00:00","2026-09-10 09:00:00","CAPE","surface",-69.6862,18.7766,1645
"2026-09-09 18:00:00","2026-09-10 09:00:00","CAPE","surface",-69.6623,18.7766,1669
"2026-09-09 18:00:00","2026-09-10 09:00:00","CAPE","surface",-69.6384,18.7766,1657
"2026-09-09 18:00:00","2026-09-10 09:00:00","CAPE","surface",-69.6144,18.7766,1657
"2026-09-09 18:00:00","2026-09-10 09:00:00","CAPE","surface",-69.5905,18.7766,1643
"2026-09-09 18:00:00","2026-09-10 09:00:00","CAPE","surface",-69.5666,18.7766,1648
"2026-09-09 18:00:00","2026-09-10 09:00:00","CAPE","surface",-69.5427,18.7766,1648
"2026-09-09 18:00:00","2026-09-10 09:00:00","CAPE","surface",-69.5187,18.7766,1653
"2026-09-09 18:00:00","2026-09-10 09:00:00","CAPE","surface",-69.4948,18.7766,1666
"2026-09-09 18:00:00","2026-09-10 09:00:00","CAPE","surface",-69.4709,18.7766,1698
"2026-09-09 18:00:00","2026-09-10 09:00:00","CAPE","surface",-69.447,18.7766,1714
"2026-09-09 18:00:00","2026-09-10 09:00:00","CAPE","surface",-69.423,18.7766,1756
"2026-09-09 18:00:00","2026-09-10 09:00:00","CAPE","surface",-69.3991,18.7766,1792
"2026-09-09 18:00:00","2026-09-10 09:00:00","CAPE","surface",-69.3752,18.7766,1853
"2026-09-09 18:00:00","2026-09-10 09:00:00","CAPE","surface",-69.3513,18.7766,1858
"2026-09-09 18:00:00","2026-09-10 09:00:00","CAPE","surface",-69.3273,18.7766,1878
"2026-09-09 18:00:00","2026-09-10 09:00:00","CAPE","surface",-69.3034,18.7766,1888
"2026-09-09 18:00:00","2026-09-10 09:00:00","CAPE","surface",-69.2795,18.7766,1925
"2026-09-09 18:00:00","2026-09-10 09:00:00","CAPE","surface",-69.2556,18.7766,1950
"2026-09-09 18:00:00","2026-09-10 09:00:00","CAPE","surface",-69.2316,18.7766,1976
"2026-09-09 18:00:00","2026-09-10 09:00:00","CAPE","surface",-69.2077,18.7766,1991
"2026-09-09 18:00:00","2026-09-10 09:00:00","CAPE","surface",-69.1838,18.7766,2022
"2026-09-09 18:00:00","2026-09-10 09:00:00","CAPE","surface",-69.1599,18.7766,2038
"2026-09-09 18:00:00","2026-09-10 09:00:00","CAPE","surface",-69.1359,18.7766,2026
"2026-09-09 18:00:00","2026-09-10 09:00:00","CAPE","surface",-69.112,18.7766,2040
"2026-09-09 18:00:00","2026-09-10 09:00:00","CAPE","surface",-69.0881,18.7766,2039
"2026-09-09 18:00:00","2026-09-10 09:00:00","CAPE","surface",-69.0642,18.7766,2091
"2026-09-09 18:00:00","2026-09-10 09:00:00","CAPE","surface",-69.0402,18.7766,2123
"2026-09-09 18:00:00","2026-09-10 09:00:00","CAPE","surface",-69.0163,18.7766,2156
"2026-09-09 18:00:00","2026-09-10 09:00:00","CAPE","surface",-68.9924,18.7766,2185
"2026-09-09 18:00:00","2026-09-10 09:00:00","CAPE","surface",-68.9685,18.7766,2290
"2026-09-09 18:00:00","2026-09-10 09:00:00","CAPE","surface",-68.9445,18.7766,2368
"2026-09-09 18:00:00","2026-09-10 09:00:00","CAPE","surface",-68.9206,18.7766,2368
"2026-09-09 18:00:00","2026-09-10 09:00:00","CAPE","surface",-68.8967,18.7766,2395
"2026-09-09 18:00:00","2026-09-10 09:00:00","CAPE","surface",-68.8728,18.7766,2352
"2026-09-09 18:00:00","2026-09-10 09:00:00","CAPE","surface",-68.8488,18.7766,2380
"2026-09-09 18:00:00","2026-09-10 09:00:00","CAPE","surface",-68.8249,18.7766,2293
"2026-09-09 18:00:00","2026-09-10 09:00:00","CAPE","surface",-68.801,18.7766,2423
"2026-09-09 18:00:00","2026-09-10 09:00:00","CAPE","surface",-68.7771,18.7766,2217
"2026-09-09 18:00:00","2026-09-10 09:00:00","CAPE","surface",-68.7531,18.7766,2259
"2026-09-09 18:00:00","2026-09-10 09:00:00","CAPE","surface",-68.7292,18.7766,2318
"2026-09-09 18:00:00","2026-09-10 09:00:00","CAPE","surface",-68.7053,18.7766,2318
"2026-09-09 18:00:00","2026-09-10 09:00:00","CAPE","surface",-68.6813,18.7766,2277
"2026-09-09 18:00:00","2026-09-10 09:00:00","CAPE","surface",-68.6574,18.7766,2048
"2026-09-09 18:00:00","2026-09-10 09:00:00","CAPE","surface",-68.6335,18.7766,1899
"2026-09-09 18:00:00","2026-09-10 09:00:00","CAPE","surface",-68.6096,18.7766,1899
"2026-09-09 18:00:00","2026-09-10 09:00:00","CAPE","surface",-68.5856,18.7766,1997
"2026-09-09 18:00:00","2026-09-10 09:00:00","CAPE","surface",-68.5617,18.7766,2178
"2026-09-09 18:00:00","2026-09-10 09:00:00","CAPE","surface",-68.5378,18.7766,2008
"2026-09-09 18:00:00","2026-09-10 09:00:00","CAPE","surface",-68.5139,18.7766,2381
"2026-09-09 18:00:00","2026-09-10 09:00:00","CAPE","surface",-68.4899,18.7766,2381
"2026-09-09 18:00:00","2026-09-10 09:00:00","CAPE","surface",-68.466,18.7766,2449
"2026-09-09 18:00:00","2026-09-10 09:00:00","CAPE","surface",-68.4421,18.7766,2413
"2026-09-09 18:00:00","2026-09-10 09:00:00","CAPE","surface",-68.4182,18.7766,2592
"2026-09-09 18:00:00","2026-09-10 09:00:00","CAPE","surface",-68.3942,18.7766,2592
"2026-09-09 18:00:00","2026-09-10 09:00:00","CAPE","surface",-68.3703,18.7766,2773
"2026-09-09 18:00:00","2026-09-10 09:00:00","CAPE","surface",-68.3464,18.7766,2840
"2026-09-09 18:00:00","2026-09-10 09:00:00","CAPE","surface",-68.3225,18.7766,2835
"2026-09-09 18:00:00","2026-09-10 09:00:00","CAPE","surface",-68.2985,18.7766,2875
"2026-09-09 18:00:00","2026-09-10 09:00:00","CAPE","surface",-68.2746,18.7766,2891
"2026-09-09 18:00:00","2026-09-10 09:00:00","CAPE","surface",-68.2507,18.7766,2914
"2026-09-09 18:00:00","2026-09-10 09:00:00","CAPE","surface",-68.2268,18.7766,2915
"2026-09-09 18:00:00","2026-09-10 09:00:00","CAPE","surface",-68.2028,18.7766,2917
"2026-09-09 18:00:00","2026-09-10 09:00:00","CAPE","surface",-68.1789,18.7766,2905
"2026-09-09 18:00:00","2026-09-10 09:00:00","CAPE","surface",-68.155,18.7766,2867
"2026-09-09 18:00:00","2026-09-10 09:00:00","CAPE","surface",-68.1311,18.7766,2934
"2026-09-09 18:00:00","2026-09-10 09:00:00","CAPE","surface",-68.1071,18.7766,2929
"2026-09-09 18:00:00","2026-09-10 09:00:00","CAPE","surface",-68.0832,18.7766,2974
"2026-09-09 18:00:00","2026-09-10 09:00:00","CAPE","surface",-68.0593,18.7766,2942
"2026-09-09 18:00:00","2026-09-10 09:00:00","CAPE","surface",-68.0354,18.7766,3044
"2026-09-09 18:00:00","2026-09-10 09:00:00","CAPE","surface",-68.0114,18.7766,3020
"2026-09-09 18:00:00","2026-09-10 09:00:00","CAPE","surface",-67.9875,18.7766,3203
"2026-09-09 18:00:00","2026-09-10 09:00:00","CAPE","surface",-67.9636,18.7766,3252
"2026-09-09 18:00:00","2026-09-10 09:00:00","CAPE","surface",-67.9397,18.7766,3182
"2026-09-09 18:00:00","2026-09-10 09:00:00","CAPE","surface",-67.9157,18.7766,3167
"2026-09-09 18:00:00","2026-09-10 09:00:00","CAPE","surface",-67.8918,18.7766,3167
"2026-09-09 18:00:00","2026-09-10 09:00:00","CAPE","surface",-67.8679,18.7766,3152
"2026-09-09 18:00:00","2026-09-10 09:00:00","CAPE","surface",-67.844,18.7766,3128
"2026-09-09 18:00:00","2026-09-10 09:00:00","CAPE","surface",-67.82,18.7766,3179
"2026-09-09 18:00:00","2026-09-10 09:00:00","CAPE","surface",-67.7961,18.7766,3222
"2026-09-09 18:00:00","2026-09-10 09:00:00","CAPE","surface",-67.7722,18.7766,3314
"2026-09-09 18:00:00","2026-09-10 09:00:00","CAPE","surface",-67.7483,18.7766,3388
"2026-09-09 18:00:00","2026-09-10 09:00:00","CAPE","surface",-67.7243,18.7766,3435
"2026-09-09 18:00:00","2026-09-10 09:00:00","CAPE","surface",-67.7004,18.7766,3103
"2026-09-09 18:00:00","2026-09-10 09:00:00","CAPE","surface",-67.6765,18.7766,3110
"2026-09-09 18:00:00","2026-09-10 09:00:00","CAPE","surface",-67.6526,18.7766,2740
"2026-09-09 18:00:00","2026-09-10 09:00:00","CAPE","surface",-67.6286,18.7766,2774
"2026-09-09 18:00:00","2026-09-10 09:00:00","CAPE","surface",-67.6047,18.7766,2648
"2026-09-09 18:00:00","2026-09-10 09:00:00","CAPE","surface",-67.5808,18.7766,2713
"2026-09-09 18:00:00","2026-09-10 09:00:00","CAPE","surface",-67.5569,18.7766,2796
"2026-09-09 18:00:00","2026-09-10 09:00:00","CAPE","surface",-67.5329,18.7766,2931
"2026-09-09 18:00:00","2026-09-10 09:00:00","CAPE","surface",-67.509,18.7766,2969
"2026-09-09 18:00:00","2026-09-10 09:00:00","CAPE","surface",-67.4851,18.7766,3049
"2026-09-09 18:00:00","2026-09-10 09:00:00","CAPE","surface",-67.4612,18.7766,3035
"2026-09-09 18:00:00","2026-09-10 09:00:00","CAPE","surface",-67.4372,18.7766,3071
"2026-09-09 18:00:00","2026-09-10 09:00:00","CAPE","surface",-67.4133,18.7766,3124
"2026-09-09 18:00:00","2026-09-10 09:00:00","CAPE","surface",-67.3894,18.7766,3124
"2026-09-09 18:00:00","2026-09-10 09:00:00","CAPE","surface",-67.3655,18.7766,3207
"2026-09-09 18:00:00","2026-09-10 09:00:00","CAPE","surface",-67.3415,18.7766,3215
"2026-09-09 18:00:00","2026-09-10 09:00:00","CAPE","surface",-67.3176,18.7766,3248
"2026-09-09 18:00:00","2026-09-10 09:00:00","CAPE","surface",-67.2937,18.7766,3248
"2026-09-09 18:00:00","2026-09-10 09:00:00","CAPE","surface",-67.2698,18.7766,3223
"2026-09-09 18:00:00","2026-09-10 09:00:00","CAPE","surface",-67.2458,18.7766,3142
"2026-09-09 18:00:00","2026-09-10 09:00:00","CAPE","surface",-67.2219,18.7766,3130
"2026-09-09 18:00:00","2026-09-10 09:00:00","CAPE","surface",-67.198,18.7766,2873
"2026-09-09 18:00:00","2026-09-10 09:00:00","CAPE","surface",-67.1741,18.7766,2828
"2026-09-09 18:00:00","2026-09-10 09:00:00","CAPE","surface",-67.1501,18.7766,2678
"2026-09-09 18:00:00","2026-09-10 09:00:00","CAPE","surface",-67.1262,18.7766,2681
"2026-09-09 18:00:00","2026-09-10 09:00:00","CAPE","surface",-67.1023,18.7766,2696
"2026-09-09 18:00:00","2026-09-10 09:00:00","CAPE","surface",-67.0784,18.7766,2904
"2026-09-09 18:00:00","2026-09-10 09:00:00","CAPE","surface",-67.0544,18.7766,2880
"2026-09-09 18:00:00","2026-09-10 09:00:00","CAPE","surface",-67.0305,18.7766,3158
"2026-09-09 18:00:00","2026-09-10 09:00:00","CAPE","surface",-67.0066,18.7766,3158
"2026-09-09 18:00:00","2026-09-10 09:00:00","CAPE","surface",-74.7822,18.7992,2341
"2026-09-09 18:00:00","2026-09-10 09:00:00","CAPE","surface",-74.7583,18.7992,2331
"2026-09-09 18:00:00","2026-09-10 09:00:00","CAPE","surface",-74.7344,18.7992,2320
"2026-09-09 18:00:00","2026-09-10 09:00:00","CAPE","surface",-74.7105,18.7992,2327
"2026-09-09 18:00:00","2026-09-10 09:00:00","CAPE","surface",-74.6865,18.7992,2335
"2026-09-09 18:00:00","2026-09-10 09:00:00","CAPE","surface",-74.6626,18.7992,2306
"2026-09-09 18:00:00","2026-09-10 09:00:00","CAPE","surface",-74.6387,18.7992,2344
"2026-09-09 18:00:00","2026-09-10 09:00:00","CAPE","surface",-74.6148,18.7992,2350
"2026-09-09 18:00:00","2026-09-10 09:00:00","CAPE","surface",-74.5908,18.7992,2426
"2026-09-09 18:00:00","2026-09-10 09:00:00","CAPE","surface",-74.5669,18.7992,2426
"2026-09-09 18:00:00","2026-09-10 09:00:00","CAPE","surface",-74.543,18.7992,2415
"2026-09-09 18:00:00","2026-09-10 09:00:00","CAPE","surface",-74.5191,18.7992,2265
"2026-09-09 18:00:00","2026-09-10 09:00:00","CAPE","surface",-74.4951,18.7992,2153
"2026-09-09 18:00:00","2026-09-10 09:00:00","CAPE","surface",-74.4712,18.7992,1994
"2026-09-09 18:00:00","2026-09-10 09:00:00","CAPE","surface",-74.4473,18.7992,2117
"2026-09-09 18:00:00","2026-09-10 09:00:00","CAPE","surface",-74.4234,18.7992,2117
"2026-09-09 18:00:00","2026-09-10 09:00:00","CAPE","surface",-74.3994,18.7992,2097
"2026-09-09 18:00:00","2026-09-10 09:00:00","CAPE","surface",-74.3755,18.7992,2045
"2026-09-09 18:00:00","2026-09-10 09:00:00","CAPE","surface",-74.3516,18.7992,2036
"2026-09-09 18:00:00","2026-09-10 09:00:00","CAPE","surface",-74.3277,18.7992,1968
"2026-09-09 18:00:00","2026-09-10 09:00:00","CAPE","surface",-74.3037,18.7992,1983
"2026-09-09 18:00:00","2026-09-10 09:00:00","CAPE","surface",-74.2798,18.7992,1983
"2026-09-09 18:00:00","2026-09-10 09:00:00","CAPE","surface",-74.2559,18.7992,2240
"2026-09-09 18:00:00","2026-09-10 09:00:00","CAPE","surface",-74.232,18.7992,2067
"2026-09-09 18:00:00","2026-09-10 09:00:00","CAPE","surface",-74.208,18.7992,1872
"2026-09-09 18:00:00","2026-09-10 09:00:00","CAPE","surface",-74.1841,18.7992,1864
"2026-09-09 18:00:00","2026-09-10 09:00:00","CAPE","surface",-74.1602,18.7992,1801
"2026-09-09 18:00:00","2026-09-10 09:00:00","CAPE","surface",-74.1363,18.7992,1821
"2026-09-09 18:00:00","2026-09-10 09:00:00","CAPE","surface",-74.1123,18.7992,1759
"2026-09-09 18:00:00","2026-09-10 09:00:00","CAPE","surface",-74.0884,18.7992,1781
"2026-09-09 18:00:00","2026-09-10 09:00:00","CAPE","surface",-74.0645,18.7992,1709
"2026-09-09 18:00:00","2026-09-10 09:00:00","CAPE","surface",-74.0406,18.7992,1680
"2026-09-09 18:00:00","2026-09-10 09:00:00","CAPE","surface",-74.0166,18.7992,1697
"2026-09-09 18:00:00","2026-09-10 09:00:00","CAPE","surface",-73.9927,18.7992,1662
"2026-09-09 18:00:00","2026-09-10 09:00:00","CAPE","surface",-73.9688,18.7992,1664
"2026-09-09 18:00:00","2026-09-10 09:00:00","CAPE","surface",-73.9449,18.7992,1638
"2026-09-09 18:00:00","2026-09-10 09:00:00","CAPE","surface",-73.9209,18.7992,1709
"2026-09-09 18:00:00","2026-09-10 09:00:00","CAPE","surface",-73.897,18.7992,1706
"2026-09-09 18:00:00","2026-09-10 09:00:00","CAPE","surface",-73.8731,18.7992,1729
"2026-09-09 18:00:00","2026-09-10 09:00:00","CAPE","surface",-73.8492,18.7992,1713
"2026-09-09 18:00:00","2026-09-10 09:00:00","CAPE","surface",-73.8252,18.7992,1732
"2026-09-09 18:00:00","2026-09-10 09:00:00","CAPE","surface",-73.8013,18.7992,1711
"2026-09-09 18:00:00","2026-09-10 09:00:00","CAPE","surface",-73.7774,18.7992,1732
"2026-09-09 18:00:00","2026-09-10 09:00:00","CAPE","surface",-73.7535,18.7992,1732
"2026-09-09 18:00:00","2026-09-10 09:00:00","CAPE","surface",-73.7295,18.7992,1684
"2026-09-09 18:00:00","2026-09-10 09:00:00","CAPE","surface",-73.7056,18.7992,1879
"2026-09-09 18:00:00","2026-09-10 09:00:00","CAPE","surface",-73.6817,18.7992,1874
"2026-09-09 18:00:00","2026-09-10 09:00:00","CAPE","surface",-73.6578,18.7992,2008
"2026-09-09 18:00:00","2026-09-10 09:00:00","CAPE","surface",-73.6338,18.7992,2037
"2026-09-09 18:00:00","2026-09-10 09:00:00","CAPE","surface",-73.6099,18.7992,2015
"2026-09-09 18:00:00","2026-09-10 09:00:00","CAPE","surface",-73.586,18.7992,2032
"2026-09-09 18:00:00","2026-09-10 09:00:00","CAPE","surface",-73.5621,18.7992,1839
"2026-09-09 18:00:00","2026-09-10 09:00:00","CAPE","surface",-73.5381,18.7992,1867
"2026-09-09 18:00:00","2026-09-10 09:00:00","CAPE","surface",-73.5142,18.7992,1944
"2026-09-09 18:00:00","2026-09-10 09:00:00","CAPE","surface",-73.4903,18.7992,1944
"2026-09-09 18:00:00","2026-09-10 09:00:00","CAPE","surface",-73.4664,18.7992,1978
"2026-09-09 18:00:00","2026-09-10 09:00:00","CAPE","surface",-73.4424,18.7992,1952
"2026-09-09 18:00:00","2026-09-10 09:00:00","CAPE","surface",-73.4185,18.7992,1939
"2026-09-09 18:00:00","2026-09-10 09:00:00","CAPE","surface",-73.3946,18.7992,1921
"2026-09-09 18:00:00","2026-09-10 09:00:00","CAPE","surface",-73.3707,18.7992,1933
"2026-09-09 18:00:00","2026-09-10 09:00:00","CAPE","surface",-73.3467,18.7992,1941
"2026-09-09 18:00:00","2026-09-10 09:00:00","CAPE","surface",-73.3228,18.7992,2027
"2026-09-09 18:00:00","2026-09-10 09:00:00","CAPE","surface",-73.2989,18.7992,2055
"2026-09-09 18:00:00","2026-09-10 09:00:00","CAPE","surface",-73.275,18.7992,1744
"2026-09-09 18:00:00","2026-09-10 09:00:00","CAPE","surface",-73.251,18.7992,1662
"2026-09-09 18:00:00","2026-09-10 09:00:00","CAPE","surface",-73.2271,18.7992,1726
"2026-09-09 18:00:00","2026-09-10 09:00:00","CAPE","surface",-73.2032,18.7992,1780
"2026-09-09 18:00:00","2026-09-10 09:00:00","CAPE","surface",-73.1793,18.7992,1798
"2026-09-09 18:00:00","2026-09-10 09:00:00","CAPE","surface",-73.1553,18.7992,1822
"2026-09-09 18:00:00","2026-09-10 09:00:00","CAPE","surface",-73.1314,18.7992,1444
"2026-09-09 18:00:00","2026-09-10 09:00:00","CAPE","surface",-73.1075,18.7992,1444
"2026-09-09 18:00:00","2026-09-10 09:00:00","CAPE","surface",-73.0836,18.7992,1158
"2026-09-09 18:00:00","2026-09-10 09:00:00","CAPE","surface",-73.0596,18.7992,908
"2026-09-09 18:00:00","2026-09-10 09:00:00","CAPE","surface",-73.0357,18.7992,948
"2026-09-09 18:00:00","2026-09-10 09:00:00","CAPE","surface",-73.0118,18.7992,1096
"2026-09-09 18:00:00","2026-09-10 09:00:00","CAPE","surface",-72.9879,18.7992,1096
"2026-09-09 18:00:00","2026-09-10 09:00:00","CAPE","surface",-72.9639,18.7992,1224
"2026-09-09 18:00:00","2026-09-10 09:00:00","CAPE","surface",-72.94,18.7992,1255
"2026-09-09 18:00:00","2026-09-10 09:00:00","CAPE","surface",-72.9161,18.7992,1319
"2026-09-09 18:00:00","2026-09-10 09:00:00","CAPE","surface",-72.8922,18.7992,1355
"2026-09-09 18:00:00","2026-09-10 09:00:00","CAPE","surface",-72.8682,18.7992,1487
"2026-09-09 18:00:00","2026-09-10 09:00:00","CAPE","surface",-72.8443,18.7992,1487
"2026-09-09 18:00:00","2026-09-10 09:00:00","CAPE","surface",-72.8204,18.7992,1825
"2026-09-09 18:00:00","2026-09-10 09:00:00","CAPE","surface",-72.7965,18.7992,1743
"2026-09-09 18:00:00","2026-09-10 09:00:00","CAPE","surface",-72.7725,18.7992,1687
"2026-09-09 18:00:00","2026-09-10 09:00:00","CAPE","surface",-72.7486,18.7992,1656
"2026-09-09 18:00:00","2026-09-10 09:00:00","CAPE","surface",-72.7247,18.7992,1638
"2026-09-09 18:00:00","2026-09-10 09:00:00","CAPE","surface",-72.7008,18.7992,1614
"2026-09-09 18:00:00","2026-09-10 09:00:00","CAPE","surface",-72.6768,18.7992,1577
"2026-09-09 18:00:00","2026-09-10 09:00:00","CAPE","surface",-72.6529,18.7992,1560
"2026-09-09 18:00:00","2026-09-10 09:00:00","CAPE","surface",-72.629,18.7992,1441
"2026-09-09 18:00:00","2026-09-10 09:00:00","CAPE","surface",-72.6051,18.7992,1441
"2026-09-09 18:00:00","2026-09-10 09:00:00","CAPE","surface",-72.5811,18.7992,1176
"2026-09-09 18:00:00","2026-09-10 09:00:00","CAPE","surface",-72.5572,18.7992,574
"2026-09-09 18:00:00","2026-09-10 09:00:00","CAPE","surface",-72.5333,18.7992,611
"2026-09-09 18:00:00","2026-09-10 09:00:00","CAPE","surface",-72.5094,18.7992,587
"2026-09-09 18:00:00","2026-09-10 09:00:00","CAPE","surface",-72.4854,18.7992,587
"2026-09-09 18:00:00","2026-09-10 09:00:00","CAPE","surface",-72.4615,18.7992,520
"2026-09-09 18:00:00","2026-09-10 09:00:00","CAPE","surface",-72.4376,18.7992,533
"2026-09-09 18:00:00","2026-09-10 09:00:00","CAPE","surface",-72.4137,18.7992,443
"2026-09-09 18:00:00","2026-09-10 09:00:00","CAPE","surface",-72.3897,18.7992,461
"2026-09-09 18:00:00","2026-09-10 09:00:00","CAPE","surface",-72.3658,18.7992,416
"2026-09-09 18:00:00","2026-09-10 09:00:00","CAPE","surface",-72.3419,18.7992,449
"2026-09-09 18:00:00","2026-09-10 09:00:00","CAPE","surface",-72.318,18.7992,464
"2026-09-09 18:00:00","2026-09-10 09:00:00","CAPE","surface",-72.294,18.7992,483
"2026-09-09 18:00:00","2026-09-10 09:00:00","CAPE","surface",-72.2701,18.7992,499
"2026-09-09 18:00:00","2026-09-10 09:00:00","CAPE","surface",-72.2462,18.7992,481
"2026-09-09 18:00:00","2026-09-10 09:00:00","CAPE","surface",-72.2223,18.7992,577
"2026-09-09 18:00:00","2026-09-10 09:00:00","CAPE","surface",-72.1983,18.7992,531
"2026-09-09 18:00:00","2026-09-10 09:00:00","CAPE","surface",-72.1744,18.7992,652
"2026-09-09 18:00:00","2026-09-10 09:00:00","CAPE","surface",-72.1505,18.7992,672
"2026-09-09 18:00:00","2026-09-10 09:00:00","CAPE","surface",-72.1266,18.7992,610
"2026-09-09 18:00:00","2026-09-10 09:00:00","CAPE","surface",-72.1026,18.7992,606
"2026-09-09 18:00:00","2026-09-10 09:00:00","CAPE","surface",-72.0787,18.7992,595
"2026-09-09 18:00:00","2026-09-10 09:00:00","CAPE","surface",-72.0548,18.7992,671
"2026-09-09 18:00:00","2026-09-10 09:00:00","CAPE","surface",-72.0309,18.7992,671
"2026-09-09 18:00:00","2026-09-10 09:00:00","CAPE","surface",-72.0069,18.7992,946
"2026-09-09 18:00:00","2026-09-10 09:00:00","CAPE","surface",-71.983,18.7992,946
"2026-09-09 18:00:00","2026-09-10 09:00:00","CAPE","surface",-71.9591,18.7992,960
"2026-09-09 18:00:00","2026-09-10 09:00:00","CAPE","surface",-71.9352,18.7992,826
"2026-09-09 18:00:00","2026-09-10 09:00:00","CAPE","surface",-71.9112,18.7992,195
"2026-09-09 18:00:00","2026-09-10 09:00:00","CAPE","surface",-71.8873,18.7992,70
"2026-09-09 18:00:00","2026-09-10 09:00:00","CAPE","surface",-71.8634,18.7992,63
"2026-09-09 18:00:00","2026-09-10 09:00:00","CAPE","surface",-71.8395,18.7992,61
"2026-09-09 18:00:00","2026-09-10 09:00:00","CAPE","surface",-71.8155,18.7992,83
"2026-09-09 18:00:00","2026-09-10 09:00:00","CAPE","surface",-71.7916,18.7992,83
"2026-09-09 18:00:00","2026-09-10 09:00:00","CAPE","surface",-71.7677,18.7992,95
"2026-09-09 18:00:00","2026-09-10 09:00:00","CAPE","surface",-71.7438,18.7992,71
"2026-09-09 18:00:00","2026-09-10 09:00:00","CAPE","surface",-71.7198,18.7992,76
"2026-09-09 18:00:00","2026-09-10 09:00:00","CAPE","surface",-71.6959,18.7992,97
"2026-09-09 18:00:00","2026-09-10 09:00:00","CAPE","surface",-71.672,18.7992,149
"2026-09-09 18:00:00","2026-09-10 09:00:00","CAPE","surface",-71.6481,18.7992,231
"2026-09-09 18:00:00","2026-09-10 09:00:00","CAPE","surface",-71.6241,18.7992,231
"2026-09-09 18:00:00","2026-09-10 09:00:00","CAPE","surface",-71.6002,18.7992,332
"2026-09-09 18:00:00","2026-09-10 09:00:00","CAPE","surface",-71.5763,18.7992,320
"2026-09-09 18:00:00","2026-09-10 09:00:00","CAPE","surface",-71.5524,18.7992,451
"2026-09-09 18:00:00","2026-09-10 09:00:00","CAPE","surface",-71.5284,18.7992,451
"2026-09-09 18:00:00","2026-09-10 09:00:00","CAPE","surface",-71.5045,18.7992,413
"2026-09-09 18:00:00","2026-09-10 09:00:00","CAPE","surface",-71.4806,18.7992,387
"2026-09-09 18:00:00","2026-09-10 09:00:00","CAPE","surface",-71.4567,18.7992,265
"2026-09-09 18:00:00","2026-09-10 09:00:00","CAPE","surface",-71.4327,18.7992,236
"2026-09-09 18:00:00","2026-09-10 09:00:00","CAPE","surface",-71.4088,18.7992,236
"2026-09-09 18:00:00","2026-09-10 09:00:00","CAPE","surface",-71.3849,18.7992,272
"2026-09-09 18:00:00","2026-09-10 09:00:00","CAPE","surface",-71.361,18.7992,266
"2026-09-09 18:00:00","2026-09-10 09:00:00","CAPE","surface",-71.337,18.7992,307
"2026-09-09 18:00:00","2026-09-10 09:00:00","CAPE","surface",-71.3131,18.7992,284
"2026-09-09 18:00:00","2026-09-10 09:00:00","CAPE","surface",-71.2892,18.7992,424
"2026-09-09 18:00:00","2026-09-10 09:00:00","CAPE","surface",-71.2653,18.7992,387
"2026-09-09 18:00:00","2026-09-10 09:00:00","CAPE","surface",-71.2413,18.7992,488
"2026-09-09 18:00:00","2026-09-10 09:00:00","CAPE","surface",-71.2174,18.7992,491
"2026-09-09 18:00:00","2026-09-10 09:00:00","CAPE","surface",-71.1935,18.7992,529
"2026-09-09 18:00:00","2026-09-10 09:00:00","CAPE","surface",-71.1696,18.7992,529
"2026-09-09 18:00:00","2026-09-10 09:00:00","CAPE","surface",-71.1456,18.7992,566
"2026-09-09 18:00:00","2026-09-10 09:00:00","CAPE","surface",-71.1217,18.7992,574
"2026-09-09 18:00:00","2026-09-10 09:00:00","CAPE","surface",-71.0978,18.7992,603
"2026-09-09 18:00:00","2026-09-10 09:00:00","CAPE","surface",-71.0739,18.7992,607
"2026-09-09 18:00:00","2026-09-10 09:00:00","CAPE","surface",-71.0499,18.7992,607
"2026-09-09 18:00:00","2026-09-10 09:00:00","CAPE","surface",-71.026,18.7992,632
"2026-09-09 18:00:00","2026-09-10 09:00:00","CAPE","surface",-71.0021,18.7992,640
"2026-09-09 18:00:00","2026-09-10 09:00:00","CAPE","surface",-70.9782,18.7992,644
"2026-09-09 18:00:00","2026-09-10 09:00:00","CAPE","surface",-70.9542,18.7992,646
"2026-09-09 18:00:00","2026-09-10 09:00:00","CAPE","surface",-70.9303,18.7992,498
"2026-09-09 18:00:00","2026-09-10 09:00:00","CAPE","surface",-70.9064,18.7992,534
"2026-09-09 18:00:00","2026-09-10 09:00:00","CAPE","surface",-70.8825,18.7992,274
"2026-09-09 18:00:00","2026-09-10 09:00:00","CAPE","surface",-70.8585,18.7992,249
"2026-09-09 18:00:00","2026-09-10 09:00:00","CAPE","surface",-70.8346,18.7992,72
"2026-09-09 18:00:00","2026-09-10 09:00:00","CAPE","surface",-70.8107,18.7992,0
"2026-09-09 18:00:00","2026-09-10 09:00:00","CAPE","surface",-70.7868,18.7992,0
"2026-09-09 18:00:00","2026-09-10 09:00:00","CAPE","surface",-70.7628,18.7992,0
"2026-09-09 18:00:00","2026-09-10 09:00:00","CAPE","surface",-70.7389,18.7992,12
"2026-09-09 18:00:00","2026-09-10 09:00:00","CAPE","surface",-70.715,18.7992,15
"2026-09-09 18:00:00","2026-09-10 09:00:00","CAPE","surface",-70.6911,18.7992,22
"2026-09-09 18:00:00","2026-09-10 09:00:00","CAPE","surface",-70.6671,18.7992,60
"2026-09-09 18:00:00","2026-09-10 09:00:00","CAPE","surface",-70.6432,18.7992,59
"2026-09-09 18:00:00","2026-09-10 09:00:00","CAPE","surface",-70.6193,18.7992,78
"2026-09-09 18:00:00","2026-09-10 09:00:00","CAPE","surface",-70.5954,18.7992,78
"2026-09-09 18:00:00","2026-09-10 09:00:00","CAPE","surface",-70.5714,18.7992,399
"2026-09-09 18:00:00","2026-09-10 09:00:00","CAPE","surface",-70.5475,18.7992,584
"2026-09-09 18:00:00","2026-09-10 09:00:00","CAPE","surface",-70.5236,18.7992,700
"2026-09-09 18:00:00","2026-09-10 09:00:00","CAPE","surface",-70.4997,18.7992,767
"2026-09-09 18:00:00","2026-09-10 09:00:00","CAPE","surface",-70.4757,18.7992,767
"2026-09-09 18:00:00","2026-09-10 09:00:00","CAPE","surface",-70.4518,18.7992,910
"2026-09-09 18:00:00","2026-09-10 09:00:00","CAPE","surface",-70.4279,18.7992,962
"2026-09-09 18:00:00","2026-09-10 09:00:00","CAPE","surface",-70.404,18.7992,1003
"2026-09-09 18:00:00","2026-09-10 09:00:00","CAPE","surface",-70.38,18.7992,1003
"2026-09-09 18:00:00","2026-09-10 09:00:00","CAPE","surface",-70.3561,18.7992,962
"2026-09-09 18:00:00","2026-09-10 09:00:00","CAPE","surface",-70.3322,18.7992,981
"2026-09-09 18:00:00","2026-09-10 09:00:00","CAPE","surface",-70.3083,18.7992,1037
"2026-09-09 18:00:00","2026-09-10 09:00:00","CAPE","surface",-70.2843,18.7992,1036
"2026-09-09 18:00:00","2026-09-10 09:00:00","CAPE","surface",-70.2604,18.7992,1049
"2026-09-09 18:00:00","2026-09-10 09:00:00","CAPE","surface",-70.2365,18.7992,1035
"2026-09-09 18:00:00","2026-09-10 09:00:00","CAPE","surface",-70.2126,18.7992,1033
"2026-09-09 18:00:00","2026-09-10 09:00:00","CAPE","surface",-70.1886,18.7992,1028
"2026-09-09 18:00:00","2026-09-10 09:00:00","CAPE","surface",-70.1647,18.7992,1028
"2026-09-09 18:00:00","2026-09-10 09:00:00","CAPE","surface",-70.1408,18.7992,1084
"2026-09-09 18:00:00","2026-09-10 09:00:00","CAPE","surface",-70.1169,18.7992,1121
"2026-09-09 18:00:00","2026-09-10 09:00:00","CAPE","surface",-70.0929,18.7992,1196
"2026-09-09 18:00:00","2026-09-10 09:00:00","CAPE","surface",-70.069,18.7992,1213
"2026-09-09 18:00:00","2026-09-10 09:00:00","CAPE","surface",-70.0451,18.7992,1299
"2026-09-09 18:00:00","2026-09-10 09:00:00","CAPE","surface",-70.0212,18.7992,1311
"2026-09-09 18:00:00","2026-09-10 09:00:00","CAPE","surface",-69.9972,18.7992,1380
"2026-09-09 18:00:00","2026-09-10 09:00:00","CAPE","surface",-69.9733,18.7992,1416
"2026-09-09 18:00:00","2026-09-10 09:00:00","CAPE","surface",-69.9494,18.7992,1406
"2026-09-09 18:00:00","2026-09-10 09:00:00","CAPE","surface",-69.9255,18.7992,1427
"2026-09-09 18:00:00","2026-09-10 09:00:00","CAPE","surface",-69.9015,18.7992,1430
"2026-09-09 18:00:00","2026-09-10 09:00:00","CAPE","surface",-69.8776,18.7992,1490
"2026-09-09 18:00:00","2026-09-10 09:00:00","CAPE","surface",-69.8537,18.7992,1494
"2026-09-09 18:00:00","2026-09-10 09:00:00","CAPE","surface",-69.8298,18.7992,1551
"2026-09-09 18:00:00","2026-09-10 09:00:00","CAPE","surface",-69.8058,18.7992,1540
"2026-09-09 18:00:00","2026-09-10 09:00:00","CAPE","surface",-69.7819,18.7992,1560
"2026-09-09 18:00:00","2026-09-10 09:00:00","CAPE","surface",-69.758,18.7992,1606
"2026-09-09 18:00:00","2026-09-10 09:00:00","CAPE","surface",-69.7341,18.7992,1609
"2026-09-09 18:00:00","2026-09-10 09:00:00","CAPE","surface",-69.7101,18.7992,1664
"2026-09-09 18:00:00","2026-09-10 09:00:00","CAPE","surface",-69.6862,18.7992,1663
"2026-09-09 18:00:00","2026-09-10 09:00:00","CAPE","surface",-69.6623,18.7992,1658
"2026-09-09 18:00:00","2026-09-10 09:00:00","CAPE","surface",-69.6384,18.7992,1657
"2026-09-09 18:00:00","2026-09-10 09:00:00","CAPE","surface",-69.6144,18.7992,1629
"2026-09-09 18:00:00","2026-09-10 09:00:00","CAPE","surface",-69.5905,18.7992,1636
"2026-09-09 18:00:00","2026-09-10 09:00:00","CAPE","surface",-69.5666,18.7992,1634
"2026-09-09 18:00:00","2026-09-10 09:00:00","CAPE","surface",-69.5427,18.7992,1648
"2026-09-09 18:00:00","2026-09-10 09:00:00","CAPE","surface",-69.5187,18.7992,1645
"2026-09-09 18:00:00","2026-09-10 09:00:00","CAPE","surface",-69.4948,18.7992,1631
"2026-09-09 18:00:00","2026-09-10 09:00:00","CAPE","surface",-69.4709,18.7992,1668
"2026-09-09 18:00:00","2026-09-10 09:00:00","CAPE","surface",-69.447,18.7992,1717
"2026-09-09 18:00:00","2026-09-10 09:00:00","CAPE","surface",-69.423,18.7992,1756
"2026-09-09 18:00:00","2026-09-10 09:00:00","CAPE","surface",-69.3991,18.7992,1773
"2026-09-09 18:00:00","2026-09-10 09:00:00","CAPE","surface",-69.3752,18.7992,1819
"2026-09-09 18:00:00","2026-09-10 09:00:00","CAPE","surface",-69.3513,18.7992,1864
"2026-09-09 18:00:00","2026-09-10 09:00:00","CAPE","surface",-69.3273,18.7992,1878
"2026-09-09 18:00:00","2026-09-10 09:00:00","CAPE","surface",-69.3034,18.7992,1913
"2026-09-09 18:00:00","2026-09-10 09:00:00","CAPE","surface",-69.2795,18.7992,1944
"2026-09-09 18:00:00","2026-09-10 09:00:00","CAPE","surface",-69.2556,18.7992,1962
"2026-09-09 18:00:00","2026-09-10 09:00:00","CAPE","surface",-69.2316,18.7992,2002
"2026-09-09 18:00:00","2026-09-10 09:00:00","CAPE","surface",-69.2077,18.7992,2022
"2026-09-09 18:00:00","2026-09-10 09:00:00","CAPE","surface",-69.1838,18.7992,2045
"2026-09-09 18:00:00","2026-09-10 09:00:00","CAPE","surface",-69.1599,18.7992,2046
"2026-09-09 18:00:00","2026-09-10 09:00:00","CAPE","surface",-69.1359,18.7992,2051
"2026-09-09 18:00:00","2026-09-10 09:00:00","CAPE","surface",-69.112,18.7992,2040
"2026-09-09 18:00:00","2026-09-10 09:00:00","CAPE","surface",-69.0881,18.7992,2065
"2026-09-09 18:00:00","2026-09-10 09:00:00","CAPE","surface",-69.0642,18.7992,2107
"2026-09-09 18:00:00","2026-09-10 09:00:00","CAPE","surface",-69.0402,18.7992,2132
"2026-09-09 18:00:00","2026-09-10 09:00:00","CAPE","surface",-69.0163,18.7992,2223
"2026-09-09 18:00:00","2026-09-10 09:00:00","CAPE","surface",-68.9924,18.7992,2236
"2026-09-09 18:00:00","2026-09-10 09:00:00","CAPE","surface",-68.9685,18.7992,2390
"2026-09-09 18:00:00","2026-09-10 09:00:00","CAPE","surface",-68.9445,18.7992,2388
"2026-09-09 18:00:00","2026-09-10 09:00:00","CAPE","surface",-68.9206,18.7992,2433
"2026-09-09 18:00:00","2026-09-10 09:00:00","CAPE","surface",-68.8967,18.7992,2395
"2026-09-09 18:00:00","2026-09-10 09:00:00","CAPE","surface",-68.8728,18.7992,2477
"2026-09-09 18:00:00","2026-09-10 09:00:00","CAPE","surface",-68.8488,18.7992,2619
"2026-09-09 18:00:00","2026-09-10 09:00:00","CAPE","surface",-68.8249,18.7992,2560
"2026-09-09 18:00:00","2026-09-10 09:00:00","CAPE","surface",-68.801,18.7992,2649
"2026-09-09 18:00:00","2026-09-10 09:00:00","CAPE","surface",-68.7771,18.7992,2649
"2026-09-09 18:00:00","2026-09-10 09:00:00","CAPE","surface",-68.7531,18.7992,2721
"2026-09-09 18:00:00","2026-09-10 09:00:00","CAPE","surface",-68.7292,18.7992,2562
"2026-09-09 18:00:00","2026-09-10 09:00:00","CAPE","surface",-68.7053,18.7992,2545
"2026-09-09 18:00:00","2026-09-10 09:00:00","CAPE","surface",-68.6813,18.7992,2277
"2026-09-09 18:00:00","2026-09-10 09:00:00","CAPE","surface",-68.6574,18.7992,2376
"2026-09-09 18:00:00","2026-09-10 09:00:00","CAPE","surface",-68.6335,18.7992,2233
"2026-09-09 18:00:00","2026-09-10 09:00:00","CAPE","surface",-68.6096,18.7992,2109
"2026-09-09 18:00:00","2026-09-10 09:00:00","CAPE","surface",-68.5856,18.7992,2387
"2026-09-09 18:00:00","2026-09-10 09:00:00","CAPE","surface",-68.5617,18.7992,2387
"2026-09-09 18:00:00","2026-09-10 09:00:00","CAPE","surface",-68.5378,18.7992,2656
"2026-09-09 18:00:00","2026-09-10 09:00:00","CAPE","surface",-68.5139,18.7992,2505
"2026-09-09 18:00:00","2026-09-10 09:00:00","CAPE","surface",-68.4899,18.7992,2558
"2026-09-09 18:00:00","2026-09-10 09:00:00","CAPE","surface",-68.466,18.7992,2558
"2026-09-09 18:00:00","2026-09-10 09:00:00","CAPE","surface",-68.4421,18.7992,2733
"2026-09-09 18:00:00","2026-09-10 09:00:00","CAPE","surface",-68.4182,18.7992,2887
"2026-09-09 18:00:00","2026-09-10 09:00:00","CAPE","surface",-68.3942,18.7992,2807
"2026-09-09 18:00:00","2026-09-10 09:00:00","CAPE","surface",-68.3703,18.7992,2861
"2026-09-09 18:00:00","2026-09-10 09:00:00","CAPE","surface",-68.3464,18.7992,2861
"2026-09-09 18:00:00","2026-09-10 09:00:00","CAPE","surface",-68.3225,18.7992,2875
"2026-09-09 18:00:00","2026-09-10 09:00:00","CAPE","surface",-68.2985,18.7992,2875
"2026-09-09 18:00:00","2026-09-10 09:00:00","CAPE","surface",-68.2746,18.7992,2895
"2026-09-09 18:00:00","2026-09-10 09:00:00","CAPE","surface",-68.2507,18.7992,2902
"2026-09-09 18:00:00","2026-09-10 09:00:00","CAPE","surface",-68.2268,18.7992,2921
"2026-09-09 18:00:00","2026-09-10 09:00:00","CAPE","surface",-68.2028,18.7992,2934
"2026-09-09 18:00:00","2026-09-10 09:00:00","CAPE","surface",-68.1789,18.7992,2895
"2026-09-09 18:00:00","2026-09-10 09:00:00","CAPE","surface",-68.155,18.7992,2954
"2026-09-09 18:00:00","2026-09-10 09:00:00","CAPE","surface",-68.1311,18.7992,2937
"2026-09-09 18:00:00","2026-09-10 09:00:00","CAPE","surface",-68.1071,18.7992,2981
"2026-09-09 18:00:00","2026-09-10 09:00:00","CAPE","surface",-68.0832,18.7992,2974
"2026-09-09 18:00:00","2026-09-10 09:00:00","CAPE","surface",-68.0593,18.7992,3129
"2026-09-09 18:00:00","2026-09-10 09:00:00","CAPE","surface",-68.0354,18.7992,3287
"2026-09-09 18:00:00","2026-09-10 09:00:00","CAPE","surface",-68.0114,18.7992,3241
"2026-09-09 18:00:00","2026-09-10 09:00:00","CAPE","surface",-67.9875,18.7992,3321
"2026-09-09 18:00:00","2026-09-10 09:00:00","CAPE","surface",-67.9636,18.7992,3321
"2026-09-09 18:00:00","2026-09-10 09:00:00","CAPE","surface",-67.9397,18.7992,3256
"2026-09-09 18:00:00","2026-09-10 09:00:00","CAPE","surface",-67.9157,18.7992,3202
"2026-09-09 18:00:00","2026-09-10 09:00:00","CAPE","surface",-67.8918,18.7992,3179
"2026-09-09 18:00:00","2026-09-10 09:00:00","CAPE","surface",-67.8679,18.7992,3163
"2026-09-09 18:00:00","2026-09-10 09:00:00","CAPE","surface",-67.844,18.7992,3163
"2026-09-09 18:00:00","2026-09-10 09:00:00","CAPE","surface",-67.82,18.7992,3172
"2026-09-09 18:00:00","2026-09-10 09:00:00","CAPE","surface",-67.7961,18.7992,3222
"2026-09-09 18:00:00","2026-09-10 09:00:00","CAPE","surface",-67.7722,18.7992,3292
"2026-09-09 18:00:00","2026-09-10 09:00:00","CAPE","surface",-67.7483,18.7992,3292
"2026-09-09 18:00:00","2026-09-10 09:00:00","CAPE","surface",-67.7243,18.7992,3087
"2026-09-09 18:00:00","2026-09-10 09:00:00","CAPE","surface",-67.7004,18.7992,3103
"2026-09-09 18:00:00","2026-09-10 09:00:00","CAPE","surface",-67.6765,18.7992,2759
"2026-09-09 18:00:00","2026-09-10 09:00:00","CAPE","surface",-67.6526,18.7992,2660
"2026-09-09 18:00:00","2026-09-10 09:00:00","CAPE","surface",-67.6286,18.7992,2646
"2026-09-09 18:00:00","2026-09-10 09:00:00","CAPE","surface",-67.6047,18.7992,2676
"2026-09-09 18:00:00","2026-09-10 09:00:00","CAPE","surface",-67.5808,18.7992,2713
"2026-09-09 18:00:00","2026-09-10 09:00:00","CAPE","surface",-67.5569,18.7992,2778
"2026-09-09 18:00:00","2026-09-10 09:00:00","CAPE","surface",-67.5329,18.7992,2847
"2026-09-09 18:00:00","2026-09-10 09:00:00","CAPE","surface",-67.509,18.7992,3010
"2026-09-09 18:00:00","2026-09-10 09:00:00","CAPE","surface",-67.4851,18.7992,3085
"2026-09-09 18:00:00","2026-09-10 09:00:00","CAPE","surface",-67.4612,18.7992,3085
"2026-09-09 18:00:00","2026-09-10 09:00:00","CAPE","surface",-67.4372,18.7992,3125
"2026-09-09 18:00:00","2026-09-10 09:00:00","CAPE","surface",-67.4133,18.7992,3152
"2026-09-09 18:00:00","2026-09-10 09:00:00","CAPE","surface",-67.3894,18.7992,3207
"2026-09-09 18:00:00","2026-09-10 09:00:00","CAPE","surface",-67.3655,18.7992,3207
"2026-09-09 18:00:00","2026-09-10 09:00:00","CAPE","surface",-67.3415,18.7992,3199
"2026-09-09 18:00:00","2026-09-10 09:00:00","CAPE","surface",-67.3176,18.7992,3098
"2026-09-09 18:00:00","2026-09-10 09:00:00","CAPE","surface",-67.2937,18.7992,3150
"2026-09-09 18:00:00","2026-09-10 09:00:00","CAPE","surface",-67.2698,18.7992,3023
"2026-09-09 18:00:00","2026-09-10 09:00:00","CAPE","surface",-67.2458,18.7992,3116
"2026-09-09 18:00:00","2026-09-10 09:00:00","CAPE","surface",-67.2219,18.7992,2931
"2026-09-09 18:00:00","2026-09-10 09:00:00","CAPE","surface",-67.198,18.7992,2873
"2026-09-09 18:00:00","2026-09-10 09:00:00","CAPE","surface",-67.1741,18.7992,2772
"2026-09-09 18:00:00","2026-09-10 09:00:00","CAPE","surface",-67.1501,18.7992,2786
"2026-09-09 18:00:00","2026-09-10 09:00:00","CAPE","surface",-67.1262,18.7992,2726
"2026-09-09 18:00:00","2026-09-10 09:00:00","CAPE","surface",-67.1023,18.7992,2943
"2026-09-09 18:00:00","2026-09-10 09:00:00","CAPE","surface",-67.0784,18.7992,2904
"2026-09-09 18:00:00","2026-09-10 09:00:00","CAPE","surface",-67.0544,18.7992,3186
"2026-09-09 18:00:00","2026-09-10 09:00:00","CAPE","surface",-67.0305,18.7992,3160
"2026-09-09 18:00:00","2026-09-10 09:00:00","CAPE","surface",-67.0066,18.7992,3242
"2026-09-09 18:00:00","2026-09-10 09:00:00","CAPE","surface",-74.7822,18.8219,2386
"2026-09-09 18:00:00","2026-09-10 09:00:00","CAPE","surface",-74.7583,18.8219,2353
"2026-09-09 18:00:00","2026-09-10 09:00:00","CAPE","surface",-74.7344,18.8219,2331
"2026-09-09 18:00:00","2026-09-10 09:00:00","CAPE","surface",-74.7105,18.8219,2303
"2026-09-09 18:00:00","2026-09-10 09:00:00","CAPE","surface",-74.6865,18.8219,2295
"2026-09-09 18:00:00","2026-09-10 09:00:00","CAPE","surface",-74.6626,18.8219,2309
"2026-09-09 18:00:00","2026-09-10 09:00:00","CAPE","surface",-74.6387,18.8219,2309
"2026-09-09 18:00:00","2026-09-10 09:00:00","CAPE","surface",-74.6148,18.8219,2450
"2026-09-09 18:00:00","2026-09-10 09:00:00","CAPE","surface",-74.5908,18.8219,2445
"2026-09-09 18:00:00","2026-09-10 09:00:00","CAPE","surface",-74.5669,18.8219,2468
"2026-09-09 18:00:00","2026-09-10 09:00:00","CAPE","surface",-74.543,18.8219,2415
"2026-09-09 18:00:00","2026-09-10 09:00:00","CAPE","surface",-74.5191,18.8219,2315
"2026-09-09 18:00:00","2026-09-10 09:00:00","CAPE","surface",-74.4951,18.8219,2315
"2026-09-09 18:00:00","2026-09-10 09:00:00","CAPE","surface",-74.4712,18.8219,2305
"2026-09-09 18:00:00","2026-09-10 09:00:00","CAPE","surface",-74.4473,18.8219,2209
"2026-09-09 18:00:00","2026-09-10 09:00:00","CAPE","surface",-74.4234,18.8219,2161
"2026-09-09 18:00:00","2026-09-10 09:00:00","CAPE","surface",-74.3994,18.8219,2097
"2026-09-09 18:00:00","2026-09-10 09:00:00","CAPE","surface",-74.3755,18.8219,2092
"2026-09-09 18:00:00","2026-09-10 09:00:00","CAPE","surface",-74.3516,18.8219,2056
"2026-09-09 18:00:00","2026-09-10 09:00:00","CAPE","surface",-74.3277,18.8219,2089
"2026-09-09 18:00:00","2026-09-10 09:00:00","CAPE","surface",-74.3037,18.8219,2014
"2026-09-09 18:00:00","2026-09-10 09:00:00","CAPE","surface",-74.2798,18.8219,2259
"2026-09-09 18:00:00","2026-09-10 09:00:00","CAPE","surface",-74.2559,18.8219,2240
"2026-09-09 18:00:00","2026-09-10 09:00:00","CAPE","surface",-74.232,18.8219,2069
"2026-09-09 18:00:00","2026-09-10 09:00:00","CAPE","surface",-74.208,18.8219,1920
"2026-09-09 18:00:00","2026-09-10 09:00:00","CAPE","surface",-74.1841,18.8219,1820
"2026-09-09 18:00:00","2026-09-10 09:00:00","CAPE","surface",-74.1602,18.8219,1801
"2026-09-09 18:00:00","2026-09-10 09:00:00","CAPE","surface",-74.1363,18.8219,1735
"2026-09-09 18:00:00","2026-09-10 09:00:00","CAPE","surface",-74.1123,18.8219,1759
"2026-09-09 18:00:00","2026-09-10 09:00:00","CAPE","surface",-74.0884,18.8219,1715
"2026-09-09 18:00:00","2026-09-10 09:00:00","CAPE","surface",-74.0645,18.8219,1730
"2026-09-09 18:00:00","2026-09-10 09:00:00","CAPE","surface",-74.0406,18.8219,1717
"2026-09-09 18:00:00","2026-09-10 09:00:00","CAPE","surface",-74.0166,18.8219,1697
"2026-09-09 18:00:00","2026-09-10 09:00:00","CAPE","surface",-73.9927,18.8219,1682
"2026-09-09 18:00:00","2026-09-10 09:00:00","CAPE","surface",-73.9688,18.8219,1756
"2026-09-09 18:00:00","2026-09-10 09:00:00","CAPE","surface",-73.9449,18.8219,1723
"2026-09-09 18:00:00","2026-09-10 09:00:00","CAPE","surface",-73.9209,18.8219,1790
"2026-09-09 18:00:00","2026-09-10 09:00:00","CAPE","surface",-73.897,18.8219,1763
"2026-09-09 18:00:00","2026-09-10 09:00:00","CAPE","surface",-73.8731,18.8219,1716
"2026-09-09 18:00:00","2026-09-10 09:00:00","CAPE","surface",-73.8492,18.8219,1723
"2026-09-09 18:00:00","2026-09-10 09:00:00","CAPE","surface",-73.8252,18.8219,1747
"2026-09-09 18:00:00","2026-09-10 09:00:00","CAPE","surface",-73.8013,18.8219,1725
"2026-09-09 18:00:00","2026-09-10 09:00:00","CAPE","surface",-73.7774,18.8219,1735
"2026-09-09 18:00:00","2026-09-10 09:00:00","CAPE","surface",-73.7535,18.8219,1708
"2026-09-09 18:00:00","2026-09-10 09:00:00","CAPE","surface",-73.7295,18.8219,1885
"2026-09-09 18:00:00","2026-09-10 09:00:00","CAPE","surface",-73.7056,18.8219,1885
"2026-09-09 18:00:00","2026-09-10 09:00:00","CAPE","surface",-73.6817,18.8219,1998
"2026-09-09 18:00:00","2026-09-10 09:00:00","CAPE","surface",-73.6578,18.8219,1995
"2026-09-09 18:00:00","2026-09-10 09:00:00","CAPE","surface",-73.6338,18.8219,2002
"2026-09-09 18:00:00","2026-09-10 09:00:00","CAPE","surface",-73.6099,18.8219,2015
"2026-09-09 18:00:00","2026-09-10 09:00:00","CAPE","surface",-73.586,18.8219,1865
"2026-09-09 18:00:00","2026-09-10 09:00:00","CAPE","surface",-73.5621,18.8219,1865
"2026-09-09 18:00:00","2026-09-10 09:00:00","CAPE","surface",-73.5381,18.8219,1846
"2026-09-09 18:00:00","2026-09-10 09:00:00","CAPE","surface",-73.5142,18.8219,1896
"2026-09-09 18:00:00","2026-09-10 09:00:00","CAPE","surface",-73.4903,18.8219,1981
"2026-09-09 18:00:00","2026-09-10 09:00:00","CAPE","surface",-73.4664,18.8219,1978
"2026-09-09 18:00:00","2026-09-10 09:00:00","CAPE","surface",-73.4424,18.8219,1967
"2026-09-09 18:00:00","2026-09-10 09:00:00","CAPE","surface",-73.4185,18.8219,1955
"2026-09-09 18:00:00","2026-09-10 09:00:00","CAPE","surface",-73.3946,18.8219,1931
"2026-09-09 18:00:00","2026-09-10 09:00:00","CAPE","surface",-73.3707,18.8219,1933
"2026-09-09 18:00:00","2026-09-10 09:00:00","CAPE","surface",-73.3467,18.8219,1995
"2026-09-09 18:00:00","2026-09-10 09:00:00","CAPE","surface",-73.3228,18.8219,2096
"2026-09-09 18:00:00","2026-09-10 09:00:00","CAPE","surface",-73.2989,18.8219,2096
"2026-09-09 18:00:00","2026-09-10 09:00:00","CAPE","surface",-73.275,18.8219,1681
"2026-09-09 18:00:00","2026-09-10 09:00:00","CAPE","surface",-73.251,18.8219,1684
"2026-09-09 18:00:00","2026-09-10 09:00:00","CAPE","surface",-73.2271,18.8219,1789
"2026-09-09 18:00:00","2026-09-10 09:00:00","CAPE","surface",-73.2032,18.8219,1805
"2026-09-09 18:00:00","2026-09-10 09:00:00","CAPE","surface",-73.1793,18.8219,1313
"2026-09-09 18:00:00","2026-09-10 09:00:00","CAPE","surface",-73.1553,18.8219,1319
"2026-09-09 18:00:00","2026-09-10 09:00:00","CAPE","surface",-73.1314,18.8219,1045
"2026-09-09 18:00:00","2026-09-10 09:00:00","CAPE","surface",-73.1075,18.8219,1081
"2026-09-09 18:00:00","2026-09-10 09:00:00","CAPE","surface",-73.0836,18.8219,896
"2026-09-09 18:00:00","2026-09-10 09:00:00","CAPE","surface",-73.0596,18.8219,896
"2026-09-09 18:00:00","2026-09-10 09:00:00","CAPE","surface",-73.0357,18.8219,933
"2026-09-09 18:00:00","2026-09-10 09:00:00","CAPE","surface",-73.0118,18.8219,979
"2026-09-09 18:00:00","2026-09-10 09:00:00","CAPE","surface",-72.9879,18.8219,1164
"2026-09-09 18:00:00","2026-09-10 09:00:00","CAPE","surface",-72.9639,18.8219,1224
"2026-09-09 18:00:00","2026-09-10 09:00:00","CAPE","surface",-72.94,18.8219,1272
"2026-09-09 18:00:00","2026-09-10 09:00:00","CAPE","surface",-72.9161,18.8219,1272
"2026-09-09 18:00:00","2026-09-10 09:00:00","CAPE","surface",-72.8922,18.8219,1540
"2026-09-09 18:00:00","2026-09-10 09:00:00","CAPE","surface",-72.8682,18.8219,1507
"2026-09-09 18:00:00","2026-09-10 09:00:00","CAPE","surface",-72.8443,18.8219,1872
"2026-09-09 18:00:00","2026-09-10 09:00:00","CAPE","surface",-72.8204,18.8219,1825
"2026-09-09 18:00:00","2026-09-10 09:00:00","CAPE","surface",-72.7965,18.8219,1718
"2026-09-09 18:00:00","2026-09-10 09:00:00","CAPE","surface",-72.7725,18.8219,1686
"2026-09-09 18:00:00","2026-09-10 09:00:00","CAPE","surface",-72.7486,18.8219,1664
"2026-09-09 18:00:00","2026-09-10 09:00:00","CAPE","surface",-72.7247,18.8219,1622
"2026-09-09 18:00:00","2026-09-10 09:00:00","CAPE","surface",-72.7008,18.8219,1598
"2026-09-09 18:00:00","2026-09-10 09:00:00","CAPE","surface",-72.6768,18.8219,1459
"2026-09-09 18:00:00","2026-09-10 09:00:00","CAPE","surface",-72.6529,18.8219,1451
"2026-09-09 18:00:00","2026-09-10 09:00:00","CAPE","surface",-72.629,18.8219,1194
"2026-09-09 18:00:00","2026-09-10 09:00:00","CAPE","surface",-72.6051,18.8219,1173
"2026-09-09 18:00:00","2026-09-10 09:00:00","CAPE","surface",-72.5811,18.8219,630
"2026-09-09 18:00:00","2026-09-10 09:00:00","CAPE","surface",-72.5572,18.8219,630
"2026-09-09 18:00:00","2026-09-10 09:00:00","CAPE","surface",-72.5333,18.8219,573
"2026-09-09 18:00:00","2026-09-10 09:00:00","CAPE","surface",-72.5094,18.8219,572
"2026-09-09 18:00:00","2026-09-10 09:00:00","CAPE","surface",-72.4854,18.8219,495
"2026-09-09 18:00:00","2026-09-10 09:00:00","CAPE","surface",-72.4615,18.8219,520
"2026-09-09 18:00:00","2026-09-10 09:00:00","CAPE","surface",-72.4376,18.8219,416
"2026-09-09 18:00:00","2026-09-10 09:00:00","CAPE","surface",-72.4137,18.8219,429
"2026-09-09 18:00:00","2026-09-10 09:00:00","CAPE","surface",-72.3897,18.8219,394
"2026-09-09 18:00:00","2026-09-10 09:00:00","CAPE","surface",-72.3658,18.8219,416
"2026-09-09 18:00:00","2026-09-10 09:00:00","CAPE","surface",-72.3419,18.8219,440
"2026-09-09 18:00:00","2026-09-10 09:00:00","CAPE","surface",-72.318,18.8219,499
"2026-09-09 18:00:00","2026-09-10 09:00:00","CAPE","surface",-72.294,18.8219,499
"2026-09-09 18:00:00","2026-09-10 09:00:00","CAPE","surface",-72.2701,18.8219,654
"2026-09-09 18:00:00","2026-09-10 09:00:00","CAPE","surface",-72.2462,18.8219,615
"2026-09-09 18:00:00","2026-09-10 09:00:00","CAPE","surface",-72.2223,18.8219,556
"2026-09-09 18:00:00","2026-09-10 09:00:00","CAPE","surface",-72.1983,18.8219,556
"2026-09-09 18:00:00","2026-09-10 09:00:00","CAPE","surface",-72.1744,18.8219,549
"2026-09-09 18:00:00","2026-09-10 09:00:00","CAPE","surface",-72.1505,18.8219,681
"2026-09-09 18:00:00","2026-09-10 09:00:00","CAPE","surface",-72.1266,18.8219,683
"2026-09-09 18:00:00","2026-09-10 09:00:00","CAPE","surface",-72.1026,18.8219,606
"2026-09-09 18:00:00","2026-09-10 09:00:00","CAPE","surface",-72.0787,18.8219,700
"2026-09-09 18:00:00","2026-09-10 09:00:00","CAPE","surface",-72.0548,18.8219,700
"2026-09-09 18:00:00","2026-09-10 09:00:00","CAPE","surface",-72.0309,18.8219,927
"2026-09-09 18:00:00","2026-09-10 09:00:00","CAPE","surface",-72.0069,18.8219,930
"2026-09-09 18:00:00","2026-09-10 09:00:00","CAPE","surface",-71.983,18.8219,896
"2026-09-09 18:00:00","2026-09-10 09:00:00","CAPE","surface",-71.9591,18.8219,960
"2026-09-09 18:00:00","2026-09-10 09:00:00","CAPE","surface",-71.9352,18.8219,886
"2026-09-09 18:00:00","2026-09-10 09:00:00","CAPE","surface",-71.9112,18.8219,484
"2026-09-09 18:00:00","2026-09-10 09:00:00","CAPE","surface",-71.8873,18.8219,161
"2026-09-09 18:00:00","2026-09-10 09:00:00","CAPE","surface",-71.8634,18.8219,204
"2026-09-09 18:00:00","2026-09-10 09:00:00","CAPE","surface",-71.8395,18.8219,118
"2026-09-09 18:00:00","2026-09-10 09:00:00","CAPE","surface",-71.8155,18.8219,299
"2026-09-09 18:00:00","2026-09-10 09:00:00","CAPE","surface",-71.7916,18.8219,103
"2026-09-09 18:00:00","2026-09-10 09:00:00","CAPE","surface",-71.7677,18.8219,55
"2026-09-09 18:00:00","2026-09-10 09:00:00","CAPE","surface",-71.7438,18.8219,71
"2026-09-09 18:00:00","2026-09-10 09:00:00","CAPE","surface",-71.7198,18.8219,86
"2026-09-09 18:00:00","2026-09-10 09:00:00","CAPE","surface",-71.6959,18.8219,86
"2026-09-09 18:00:00","2026-09-10 09:00:00","CAPE","surface",-71.672,18.8219,151
"2026-09-09 18:00:00","2026-09-10 09:00:00","CAPE","surface",-71.6481,18.8219,219
"2026-09-09 18:00:00","2026-09-10 09:00:00","CAPE","surface",-71.6241,18.8219,286
"2026-09-09 18:00:00","2026-09-10 09:00:00","CAPE","surface",-71.6002,18.8219,332
"2026-09-09 18:00:00","2026-09-10 09:00:00","CAPE","surface",-71.5763,18.8219,355
"2026-09-09 18:00:00","2026-09-10 09:00:00","CAPE","surface",-71.5524,18.8219,377
"2026-09-09 18:00:00","2026-09-10 09:00:00","CAPE","surface",-71.5284,18.8219,406
"2026-09-09 18:00:00","2026-09-10 09:00:00","CAPE","surface",-71.5045,18.8219,267
"2026-09-09 18:00:00","2026-09-10 09:00:00","CAPE","surface",-71.4806,18.8219,264
"2026-09-09 18:00:00","2026-09-10 09:00:00","CAPE","surface",-71.4567,18.8219,236
"2026-09-09 18:00:00","2026-09-10 09:00:00","CAPE","surface",-71.4327,18.8219,232
"2026-09-09 18:00:00","2026-09-10 09:00:00","CAPE","surface",-71.4088,18.8219,281
"2026-09-09 18:00:00","2026-09-10 09:00:00","CAPE","surface",-71.3849,18.8219,272
"2026-09-09 18:00:00","2026-09-10 09:00:00","CAPE","surface",-71.361,18.8219,378
"2026-09-09 18:00:00","2026-09-10 09:00:00","CAPE","surface",-71.337,18.8219,345
"2026-09-09 18:00:00","2026-09-10 09:00:00","CAPE","surface",-71.3131,18.8219,491
"2026-09-09 18:00:00","2026-09-10 09:00:00","CAPE","surface",-71.2892,18.8219,424
"2026-09-09 18:00:00","2026-09-10 09:00:00","CAPE","surface",-71.2653,18.8219,499
"2026-09-09 18:00:00","2026-09-10 09:00:00","CAPE","surface",-71.2413,18.8219,535
"2026-09-09 18:00:00","2026-09-10 09:00:00","CAPE","surface",-71.2174,18.8219,532
"2026-09-09 18:00:00","2026-09-10 09:00:00","CAPE","surface",-71.1935,18.8219,559
"2026-09-09 18:00:00","2026-09-10 09:00:00","CAPE","surface",-71.1696,18.8219,555
"2026-09-09 18:00:00","2026-09-10 09:00:00","CAPE","surface",-71.1456,18.8219,587
"2026-09-09 18:00:00","2026-09-10 09:00:00","CAPE","surface",-71.1217,18.8219,587
"2026-09-09 18:00:00","2026-09-10 09:00:00","CAPE","surface",-71.0978,18.8219,568
"2026-09-09 18:00:00","2026-09-10 09:00:00","CAPE","surface",-71.0739,18.8219,581
"2026-09-09 18:00:00","2026-09-10 09:00:00","CAPE","surface",-71.0499,18.8219,611
"2026-09-09 18:00:00","2026-09-10 09:00:00","CAPE","surface",-71.026,18.8219,632
"2026-09-09 18:00:00","2026-09-10 09:00:00","CAPE","surface",-71.0021,18.8219,555
"2026-09-09 18:00:00","2026-09-10 09:00:00","CAPE","surface",-70.9782,18.8219,634
"2026-09-09 18:00:00","2026-09-10 09:00:00","CAPE","surface",-70.9542,18.8219,490
"2026-09-09 18:00:00","2026-09-10 09:00:00","CAPE","surface",-70.9303,18.8219,263
"2026-09-09 18:00:00","2026-09-10 09:00:00","CAPE","surface",-70.9064,18.8219,289
"2026-09-09 18:00:00","2026-09-10 09:00:00","CAPE","surface",-70.8825,18.8219,243
"2026-09-09 18:00:00","2026-09-10 09:00:00","CAPE","surface",-70.8585,18.8219,144
"2026-09-09 18:00:00","2026-09-10 09:00:00","CAPE","surface",-70.8346,18.8219,34
"2026-09-09 18:00:00","2026-09-10 09:00:00","CAPE","surface",-70.8107,18.8219,0
"2026-09-09 18:00:00","2026-09-10 09:00:00","CAPE","surface",-70.7868,18.8219,40
"2026-09-09 18:00:00","2026-09-10 09:00:00","CAPE","surface",-70.7628,18.8219,0
"2026-09-09 18:00:00","2026-09-10 09:00:00","CAPE","surface",-70.7389,18.8219,22
"2026-09-09 18:00:00","2026-09-10 09:00:00","CAPE","surface",-70.715,18.8219,15
"2026-09-09 18:00:00","2026-09-10 09:00:00","CAPE","surface",-70.6911,18.8219,65
"2026-09-09 18:00:00","2026-09-10 09:00:00","CAPE","surface",-70.6671,18.8219,65
"2026-09-09 18:00:00","2026-09-10 09:00:00","CAPE","surface",-70.6432,18.8219,81
"2026-09-09 18:00:00","2026-09-10 09:00:00","CAPE","surface",-70.6193,18.8219,241
"2026-09-09 18:00:00","2026-09-10 09:00:00","CAPE","surface",-70.5954,18.8219,284
"2026-09-09 18:00:00","2026-09-10 09:00:00","CAPE","surface",-70.5714,18.8219,593
"2026-09-09 18:00:00","2026-09-10 09:00:00","CAPE","surface",-70.5475,18.8219,593
"2026-09-09 18:00:00","2026-09-10 09:00:00","CAPE","surface",-70.5236,18.8219,723
"2026-09-09 18:00:00","2026-09-10 09:00:00","CAPE","surface",-70.4997,18.8219,750
"2026-09-09 18:00:00","2026-09-10 09:00:00","CAPE","surface",-70.4757,18.8219,886
"2026-09-09 18:00:00","2026-09-10 09:00:00","CAPE","surface",-70.4518,18.8219,886
"2026-09-09 18:00:00","2026-09-10 09:00:00","CAPE","surface",-70.4279,18.8219,1118
"2026-09-09 18:00:00","2026-09-10 09:00:00","CAPE","surface",-70.404,18.8219,1023
"2026-09-09 18:00:00","2026-09-10 09:00:00","CAPE","surface",-70.38,18.8219,999
"2026-09-09 18:00:00","2026-09-10 09:00:00","CAPE","surface",-70.3561,18.8219,990
"2026-09-09 18:00:00","2026-09-10 09:00:00","CAPE","surface",-70.3322,18.8219,990
"2026-09-09 18:00:00","2026-09-10 09:00:00","CAPE","surface",-70.3083,18.8219,1091
"2026-09-09 18:00:00","2026-09-10 09:00:00","CAPE","surface",-70.2843,18.8219,1044
"2026-09-09 18:00:00","2026-09-10 09:00:00","CAPE","surface",-70.2604,18.8219,1049
"2026-09-09 18:00:00","2026-09-10 09:00:00","CAPE","surface",-70.2365,18.8219,1035
"2026-09-09 18:00:00","2026-09-10 09:00:00","CAPE","surface",-70.2126,18.8219,1049
"2026-09-09 18:00:00","2026-09-10 09:00:00","CAPE","surface",-70.1886,18.8219,1039
"2026-09-09 18:00:00","2026-09-10 09:00:00","CAPE","surface",-70.1647,18.8219,1083
"2026-09-09 18:00:00","2026-09-10 09:00:00","CAPE","surface",-70.1408,18.8219,1084
"2026-09-09 18:00:00","2026-09-10 09:00:00","CAPE","surface",-70.1169,18.8219,1147
"2026-09-09 18:00:00","2026-09-10 09:00:00","CAPE","surface",-70.0929,18.8219,1293
"2026-09-09 18:00:00","2026-09-10 09:00:00","CAPE","surface",-70.069,18.8219,1298
"2026-09-09 18:00:00","2026-09-10 09:00:00","CAPE","surface",-70.0451,18.8219,1381
"2026-09-09 18:00:00","2026-09-10 09:00:00","CAPE","surface",-70.0212,18.8219,1375
"2026-09-09 18:00:00","2026-09-10 09:00:00","CAPE","surface",-69.9972,18.8219,1420
"2026-09-09 18:00:00","2026-09-10 09:00:00","CAPE","surface",-69.9733,18.8219,1405
"2026-09-09 18:00:00","2026-09-10 09:00:00","CAPE","surface",-69.9494,18.8219,1430
"2026-09-09 18:00:00","2026-09-10 09:00:00","CAPE","surface",-69.9255,18.8219,1427
"2026-09-09 18:00:00","2026-09-10 09:00:00","CAPE","surface",-69.9015,18.8219,1474
"2026-09-09 18:00:00","2026-09-10 09:00:00","CAPE","surface",-69.8776,18.8219,1475
"2026-09-09 18:00:00","2026-09-10 09:00:00","CAPE","surface",-69.8537,18.8219,1548
"2026-09-09 18:00:00","2026-09-10 09:00:00","CAPE","surface",-69.8298,18.8219,1670
"2026-09-09 18:00:00","2026-09-10 09:00:00","CAPE","surface",-69.8058,18.8219,1618
"2026-09-09 18:00:00","2026-09-10 09:00:00","CAPE","surface",-69.7819,18.8219,1697
"2026-09-09 18:00:00","2026-09-10 09:00:00","CAPE","surface",-69.758,18.8219,1629
"2026-09-09 18:00:00","2026-09-10 09:00:00","CAPE","surface",-69.7341,18.8219,1674
"2026-09-09 18:00:00","2026-09-10 09:00:00","CAPE","surface",-69.7101,18.8219,1664
"2026-09-09 18:00:00","2026-09-10 09:00:00","CAPE","surface",-69.6862,18.8219,1683
"2026-09-09 18:00:00","2026-09-10 09:00:00","CAPE","surface",-69.6623,18.8219,1667
"2026-09-09 18:00:00","2026-09-10 09:00:00","CAPE","surface",-69.6384,18.8219,1636
"2026-09-09 18:00:00","2026-09-10 09:00:00","CAPE","surface",-69.6144,18.8219,1615
"2026-09-09 18:00:00","2026-09-10 09:00:00","CAPE","surface",-69.5905,18.8219,1620
"2026-09-09 18:00:00","2026-09-10 09:00:00","CAPE","surface",-69.5666,18.8219,1592
"2026-09-09 18:00:00","2026-09-10 09:00:00","CAPE","surface",-69.5427,18.8219,1609
"2026-09-09 18:00:00","2026-09-10 09:00:00","CAPE","surface",-69.5187,18.8219,1605
"2026-09-09 18:00:00","2026-09-10 09:00:00","CAPE","surface",-69.4948,18.8219,1631
"2026-09-09 18:00:00","2026-09-10 09:00:00","CAPE","surface",-69.4709,18.8219,1627
"2026-09-09 18:00:00","2026-09-10 09:00:00","CAPE","surface",-69.447,18.8219,1671
"2026-09-09 18:00:00","2026-09-10 09:00:00","CAPE","surface",-69.423,18.8219,1728
"2026-09-09 18:00:00","2026-09-10 09:00:00","CAPE","surface",-69.3991,18.8219,1773
"2026-09-09 18:00:00","2026-09-10 09:00:00","CAPE","surface",-69.3752,18.8219,1834
"2026-09-09 18:00:00","2026-09-10 09:00:00","CAPE","surface",-69.3513,18.8219,1847
"2026-09-09 18:00:00","2026-09-10 09:00:00","CAPE","surface",-69.3273,18.8219,1868
"2026-09-09 18:00:00","2026-09-10 09:00:00","CAPE","surface",-69.3034,18.8219,1921
"2026-09-09 18:00:00","2026-09-10 09:00:00","CAPE","surface",-69.2795,18.8219,1944
"2026-09-09 18:00:00","2026-09-10 09:00:00","CAPE","surface",-69.2556,18.8219,1983
"2026-09-09 18:00:00","2026-09-10 09:00:00","CAPE","surface",-69.2316,18.8219,1999
"2026-09-09 18:00:00","2026-09-10 09:00:00","CAPE","surface",-69.2077,18.8219,2024
"2026-09-09 18:00:00","2026-09-10 09:00:00","CAPE","surface",-69.1838,18.8219,2045
"2026-09-09 18:00:00","2026-09-10 09:00:00","CAPE","surface",-69.1599,18.8219,2063
"2026-09-09 18:00:00","2026-09-10 09:00:00","CAPE","surface",-69.1359,18.8219,2069
"2026-09-09 18:00:00","2026-09-10 09:00:00","CAPE","surface",-69.112,18.8219,2067
"2026-09-09 18:00:00","2026-09-10 09:00:00","CAPE","surface",-69.0881,18.8219,2096
"2026-09-09 18:00:00","2026-09-10 09:00:00","CAPE","surface",-69.0642,18.8219,2107
"2026-09-09 18:00:00","2026-09-10 09:00:00","CAPE","surface",-69.0402,18.8219,2202
"2026-09-09 18:00:00","2026-09-10 09:00:00","CAPE","surface",-69.0163,18.8219,2224
"2026-09-09 18:00:00","2026-09-10 09:00:00","CAPE","surface",-68.9924,18.8219,2394
"2026-09-09 18:00:00","2026-09-10 09:00:00","CAPE","surface",-68.9685,18.8219,2390
"2026-09-09 18:00:00","2026-09-10 09:00:00","CAPE","surface",-68.9445,18.8219,2484
"2026-09-09 18:00:00","2026-09-10 09:00:00","CAPE","surface",-68.9206,18.8219,2463
"2026-09-09 18:00:00","2026-09-10 09:00:00","CAPE","surface",-68.8967,18.8219,2446
"2026-09-09 18:00:00","2026-09-10 09:00:00","CAPE","surface",-68.8728,18.8219,2581
"2026-09-09 18:00:00","2026-09-10 09:00:00","CAPE","surface",-68.8488,18.8219,2619
"2026-09-09 18:00:00","2026-09-10 09:00:00","CAPE","surface",-68.8249,18.8219,2728
"2026-09-09 18:00:00","2026-09-10 09:00:00","CAPE","surface",-68.801,18.8219,2732
"2026-09-09 18:00:00","2026-09-10 09:00:00","CAPE","surface",-68.7771,18.8219,2781
"2026-09-09 18:00:00","2026-09-10 09:00:00","CAPE","surface",-68.7531,18.8219,2721
"2026-09-09 18:00:00","2026-09-10 09:00:00","CAPE","surface",-68.7292,18.8219,2744
"2026-09-09 18:00:00","2026-09-10 09:00:00","CAPE","surface",-68.7053,18.8219,2618
"2026-09-09 18:00:00","2026-09-10 09:00:00","CAPE","surface",-68.6813,18.8219,2584
"2026-09-09 18:00:00","2026-09-10 09:00:00","CAPE","surface",-68.6574,18.8219,2425
"2026-09-09 18:00:00","2026-09-10 09:00:00","CAPE","surface",-68.6335,18.8219,2425
"2026-09-09 18:00:00","2026-09-10 09:00:00","CAPE","surface",-68.6096,18.8219,2557
"2026-09-09 18:00:00","2026-09-10 09:00:00","CAPE","surface",-68.5856,18.8219,2569
"2026-09-09 18:00:00","2026-09-10 09:00:00","CAPE","surface",-68.5617,18.8219,2782
"2026-09-09 18:00:00","2026-09-10 09:00:00","CAPE","surface",-68.5378,18.8219,2859
"2026-09-09 18:00:00","2026-09-10 09:00:00","CAPE","surface",-68.5139,18.8219,2859
"2026-09-09 18:00:00","2026-09-10 09:00:00","CAPE","surface",-68.4899,18.8219,2930
"2026-09-09 18:00:00","2026-09-10 09:00:00","CAPE","surface",-68.466,18.8219,2884
"2026-09-09 18:00:00","2026-09-10 09:00:00","CAPE","surface",-68.4421,18.8219,3035
"2026-09-09 18:00:00","2026-09-10 09:00:00","CAPE","surface",-68.4182,18.8219,3035
"2026-09-09 18:00:00","2026-09-10 09:00:00","CAPE","surface",-68.3942,18.8219,3042
"2026-09-09 18:00:00","2026-09-10 09:00:00","CAPE","surface",-68.3703,18.8219,2913
"2026-09-09 18:00:00","2026-09-10 09:00:00","CAPE","surface",-68.3464,18.8219,2903
"2026-09-09 18:00:00","2026-09-10 09:00:00","CAPE","surface",-68.3225,18.8219,2912
"2026-09-09 18:00:00","2026-09-10 09:00:00","CAPE","surface",-68.2985,18.8219,2876
"2026-09-09 18:00:00","2026-09-10 09:00:00","CAPE","surface",-68.2746,18.8219,2853
"2026-09-09 18:00:00","2026-09-10 09:00:00","CAPE","surface",-68.2507,18.8219,2902
"2026-09-09 18:00:00","2026-09-10 09:00:00","CAPE","surface",-68.2268,18.8219,2947
"2026-09-09 18:00:00","2026-09-10 09:00:00","CAPE","surface",-68.2028,18.8219,2947
"2026-09-09 18:00:00","2026-09-10 09:00:00","CAPE","surface",-68.1789,18.8219,2980
"2026-09-09 18:00:00","2026-09-10 09:00:00","CAPE","surface",-68.155,18.8219,2954
"2026-09-09 18:00:00","2026-09-10 09:00:00","CAPE","surface",-68.1311,18.8219,2983
"2026-09-09 18:00:00","2026-09-10 09:00:00","CAPE","surface",-68.1071,18.8219,3173
"2026-09-09 18:00:00","2026-09-10 09:00:00","CAPE","surface",-68.0832,18.8219,3156
"2026-09-09 18:00:00","2026-09-10 09:00:00","CAPE","surface",-68.0593,18.8219,3331
"2026-09-09 18:00:00","2026-09-10 09:00:00","CAPE","surface",-68.0354,18.8219,3287
"2026-09-09 18:00:00","2026-09-10 09:00:00","CAPE","surface",-68.0114,18.8219,3413
"2026-09-09 18:00:00","2026-09-10 09:00:00","CAPE","surface",-67.9875,18.8219,3378
"2026-09-09 18:00:00","2026-09-10 09:00:00","CAPE","surface",-67.9636,18.8219,3327
"2026-09-09 18:00:00","2026-09-10 09:00:00","CAPE","surface",-67.9397,18.8219,3226
"2026-09-09 18:00:00","2026-09-10 09:00:00","CAPE","surface",-67.9157,18.8219,3226
"2026-09-09 18:00:00","2026-09-10 09:00:00","CAPE","surface",-67.8918,18.8219,3226
"2026-09-09 18:00:00","2026-09-10 09:00:00","CAPE","surface",-67.8679,18.8219,3199
"2026-09-09 18:00:00","2026-09-10 09:00:00","CAPE","surface",-67.844,18.8219,3174
"2026-09-09 18:00:00","2026-09-10 09:00:00","CAPE","surface",-67.82,18.8219,3174
"2026-09-09 18:00:00","2026-09-10 09:00:00","CAPE","surface",-67.7961,18.8219,3170
"2026-09-09 18:00:00","2026-09-10 09:00:00","CAPE","surface",-67.7722,18.8219,3208
"2026-09-09 18:00:00","2026-09-10 09:00:00","CAPE","surface",-67.7483,18.8219,3070
"2026-09-09 18:00:00","2026-09-10 09:00:00","CAPE","surface",-67.7243,18.8219,2806
"2026-09-09 18:00:00","2026-09-10 09:00:00","CAPE","surface",-67.7004,18.8219,2778
"2026-09-09 18:00:00","2026-09-10 09:00:00","CAPE","surface",-67.6765,18.8219,2670
"2026-09-09 18:00:00","2026-09-10 09:00:00","CAPE","surface",-67.6526,18.8219,2660
"2026-09-09 18:00:00","2026-09-10 09:00:00","CAPE","surface",-67.6286,18.8219,2655
"2026-09-09 18:00:00","2026-09-10 09:00:00","CAPE","surface",-67.6047,18.8219,2655
"2026-09-09 18:00:00","2026-09-10 09:00:00","CAPE","surface",-67.5808,18.8219,2730
"2026-09-09 18:00:00","2026-09-10 09:00:00","CAPE","surface",-67.5569,18.8219,2810
"2026-09-09 18:00:00","2026-09-10 09:00:00","CAPE","surface",-67.5329,18.8219,2903
"2026-09-09 18:00:00","2026-09-10 09:00:00","CAPE","surface",-67.509,18.8219,2867
"2026-09-09 18:00:00","2026-09-10 09:00:00","CAPE","surface",-67.4851,18.8219,2986
"2026-09-09 18:00:00","2026-09-10 09:00:00","CAPE","surface",-67.4612,18.8219,3013
"2026-09-09 18:00:00","2026-09-10 09:00:00","CAPE","surface",-67.4372,18.8219,3125
"2026-09-09 18:00:00","2026-09-10 09:00:00","CAPE","surface",-67.4133,18.8219,3105
"2026-09-09 18:00:00","2026-09-10 09:00:00","CAPE","surface",-67.3894,18.8219,3101
"2026-09-09 18:00:00","2026-09-10 09:00:00","CAPE","surface",-67.3655,18.8219,3168
"2026-09-09 18:00:00","2026-09-10 09:00:00","CAPE","surface",-67.3415,18.8219,3057
"2026-09-09 18:00:00","2026-09-10 09:00:00","CAPE","surface",-67.3176,18.8219,3057
"2026-09-09 18:00:00","2026-09-10 09:00:00","CAPE","surface",-67.2937,18.8219,2960
"2026-09-09 18:00:00","2026-09-10 09:00:00","CAPE","surface",-67.2698,18.8219,3023
"2026-09-09 18:00:00","2026-09-10 09:00:00","CAPE","surface",-67.2458,18.8219,2948
"2026-09-09 18:00:00","2026-09-10 09:00:00","CAPE","surface",-67.2219,18.8219,2872
"2026-09-09 18:00:00","2026-09-10 09:00:00","CAPE","surface",-67.198,18.8219,2840
"2026-09-09 18:00:00","2026-09-10 09:00:00","CAPE","surface",-67.1741,18.8219,2832
"2026-09-09 18:00:00","2026-09-10 09:00:00","CAPE","surface",-67.1501,18.8219,2786
"2026-09-09 18:00:00","2026-09-10 09:00:00","CAPE","surface",-67.1262,18.8219,3054
"2026-09-09 18:00:00","2026-09-10 09:00:00","CAPE","surface",-67.1023,18.8219,3010
"2026-09-09 18:00:00","2026-09-10 09:00:00","CAPE","surface",-67.0784,18.8219,3218
"2026-09-09 18:00:00","2026-09-10 09:00:00","CAPE","surface",-67.0544,18.8219,3249
"2026-09-09 18:00:00","2026-09-10 09:00:00","CAPE","surface",-67.0305,18.8219,3249
"2026-09-09 18:00:00","2026-09-10 09:00:00","CAPE","surface",-67.0066,18.8219,3134
"2026-09-09 18:00:00","2026-09-10 09:00:00","CAPE","surface",-74.7822,18.8445,2383
"2026-09-09 18:00:00","2026-09-10 09:00:00","CAPE","surface",-74.7583,18.8445,2353
"2026-09-09 18:00:00","2026-09-10 09:00:00","CAPE","surface",-74.7344,18.8445,2317
"2026-09-09 18:00:00","2026-09-10 09:00:00","CAPE","surface",-74.7105,18.8445,2317
"2026-09-09 18:00:00","2026-09-10 09:00:00","CAPE","surface",-74.6865,18.8445,2280
"2026-09-09 18:00:00","2026-09-10 09:00:00","CAPE","surface",-74.6626,18.8445,2415
"2026-09-09 18:00:00","2026-09-10 09:00:00","CAPE","surface",-74.6387,18.8445,2442
"2026-09-09 18:00:00","2026-09-10 09:00:00","CAPE","surface",-74.6148,18.8445,2462
"2026-09-09 18:00:00","2026-09-10 09:00:00","CAPE","surface",-74.5908,18.8445,2478
"2026-09-09 18:00:00","2026-09-10 09:00:00","CAPE","surface",-74.5669,18.8445,2400
"2026-09-09 18:00:00","2026-09-10 09:00:00","CAPE","surface",-74.543,18.8445,2415
"2026-09-09 18:00:00","2026-09-10 09:00:00","CAPE","surface",-74.5191,18.8445,2402
"2026-09-09 18:00:00","2026-09-10 09:00:00","CAPE","surface",-74.4951,18.8445,2370
"2026-09-09 18:00:00","2026-09-10 09:00:00","CAPE","surface",-74.4712,18.8445,2327
"2026-09-09 18:00:00","2026-09-10 09:00:00","CAPE","surface",-74.4473,18.8445,2327
"2026-09-09 18:00:00","2026-09-10 09:00:00","CAPE","surface",-74.4234,18.8445,2184
"2026-09-09 18:00:00","2026-09-10 09:00:00","CAPE","surface",-74.3994,18.8445,2136
"2026-09-09 18:00:00","2026-09-10 09:00:00","CAPE","surface",-74.3755,18.8445,2180
"2026-09-09 18:00:00","2026-09-10 09:00:00","CAPE","surface",-74.3516,18.8445,2141
"2026-09-09 18:00:00","2026-09-10 09:00:00","CAPE","surface",-74.3277,18.8445,2300
"2026-09-09 18:00:00","2026-09-10 09:00:00","CAPE","surface",-74.3037,18.8445,2300
"2026-09-09 18:00:00","2026-09-10 09:00:00","CAPE","surface",-74.2798,18.8445,2392
"2026-09-09 18:00:00","2026-09-10 09:00:00","CAPE","surface",-74.2559,18.8445,2320
"2026-09-09 18:00:00","2026-09-10 09:00:00","CAPE","surface",-74.232,18.8445,2041
"2026-09-09 18:00:00","2026-09-10 09:00:00","CAPE","surface",-74.208,18.8445,1872
"2026-09-09 18:00:00","2026-09-10 09:00:00","CAPE","surface",-74.1841,18.8445,1786
"2026-09-09 18:00:00","2026-09-10 09:00:00","CAPE","surface",-74.1602,18.8445,1786
"2026-09-09 18:00:00","2026-09-10 09:00:00","CAPE","surface",-74.1363,18.8445,1708
"2026-09-09 18:00:00","2026-09-10 09:00:00","CAPE","surface",-74.1123,18.8445,1692
"2026-09-09 18:00:00","2026-09-10 09:00:00","CAPE","surface",-74.0884,18.8445,1740
"2026-09-09 18:00:00","2026-09-10 09:00:00","CAPE","surface",-74.0645,18.8445,1730
"2026-09-09 18:00:00","2026-09-10 09:00:00","CAPE","surface",-74.0406,18.8445,1789
"2026-09-09 18:00:00","2026-09-10 09:00:00","CAPE","surface",-74.0166,18.8445,1721
"2026-09-09 18:00:00","2026-09-10 09:00:00","CAPE","surface",-73.9927,18.8445,1859
"2026-09-09 18:00:00","2026-09-10 09:00:00","CAPE","surface",-73.9688,18.8445,1756
"2026-09-09 18:00:00","2026-09-10 09:00:00","CAPE","surface",-73.9449,18.8445,1778
"2026-09-09 18:00:00","2026-09-10 09:00:00","CAPE","surface",-73.9209,18.8445,1790
"2026-09-09 18:00:00","2026-09-10 09:00:00","CAPE","surface",-73.897,18.8445,1788
"2026-09-09 18:00:00","2026-09-10 09:00:00","CAPE","surface",-73.8731,18.8445,1738
"2026-09-09 18:00:00","2026-09-10 09:00:00","CAPE","surface",-73.8492,18.8445,1760
"2026-09-09 18:00:00","2026-09-10 09:00:00","CAPE","surface",-73.8252,18.8445,1747
"2026-09-09 18:00:00","2026-09-10 09:00:00","CAPE","surface",-73.8013,18.8445,1784
"2026-09-09 18:00:00","2026-09-10 09:00:00","CAPE","surface",-73.7774,18.8445,1784
"2026-09-09 18:00:00","2026-09-10 09:00:00","CAPE","surface",-73.7535,18.8445,1897
"2026-09-09 18:00:00","2026-09-10 09:00:00","CAPE","surface",-73.7295,18.8445,1890
"2026-09-09 18:00:00","2026-09-10 09:00:00","CAPE","surface",-73.7056,18.8445,2017
"2026-09-09 18:00:00","2026-09-10 09:00:00","CAPE","surface",-73.6817,18.8445,2022
"2026-09-09 18:00:00","2026-09-10 09:00:00","CAPE","surface",-73.6578,18.8445,2005
"2026-09-09 18:00:00","2026-09-10 09:00:00","CAPE","surface",-73.6338,18.8445,1924
"2026-09-09 18:00:00","2026-09-10 09:00:00","CAPE","surface",-73.6099,18.8445,1897
"2026-09-09 18:00:00","2026-09-10 09:00:00","CAPE","surface",-73.586,18.8445,1786
"2026-09-09 18:00:00","2026-09-10 09:00:00","CAPE","surface",-73.5621,18.8445,1803
"2026-09-09 18:00:00","2026-09-10 09:00:00","CAPE","surface",-73.5381,18.8445,1879
"2026-09-09 18:00:00","2026-09-10 09:00:00","CAPE","surface",-73.5142,18.8445,1879
"2026-09-09 18:00:00","2026-09-10 09:00:00","CAPE","surface",-73.4903,18.8445,1934
"2026-09-09 18:00:00","2026-09-10 09:00:00","CAPE","surface",-73.4664,18.8445,1966
"2026-09-09 18:00:00","2026-09-10 09:00:00","CAPE","surface",-73.4424,18.8445,1915
"2026-09-09 18:00:00","2026-09-10 09:00:00","CAPE","surface",-73.4185,18.8445,1920
"2026-09-09 18:00:00","2026-09-10 09:00:00","CAPE","surface",-73.3946,18.8445,1940
"2026-09-09 18:00:00","2026-09-10 09:00:00","CAPE","surface",-73.3707,18.8445,1940
"2026-09-09 18:00:00","2026-09-10 09:00:00","CAPE","surface",-73.3467,18.8445,2088
"2026-09-09 18:00:00","2026-09-10 09:00:00","CAPE","surface",-73.3228,18.8445,2097
"2026-09-09 18:00:00","2026-09-10 09:00:00","CAPE","surface",-73.2989,18.8445,1748
"2026-09-09 18:00:00","2026-09-10 09:00:00","CAPE","surface",-73.275,18.8445,1681
"2026-09-09 18:00:00","2026-09-10 09:00:00","CAPE","surface",-73.251,18.8445,1768
"2026-09-09 18:00:00","2026-09-10 09:00:00","CAPE","surface",-73.2271,18.8445,1758
"2026-09-09 18:00:00","2026-09-10 09:00:00","CAPE","surface",-73.2032,18.8445,1302
"2026-09-09 18:00:00","2026-09-10 09:00:00","CAPE","surface",-73.1793,18.8445,1313
"2026-09-09 18:00:00","2026-09-10 09:00:00","CAPE","surface",-73.1553,18.8445,1025
"2026-09-09 18:00:00","2026-09-10 09:00:00","CAPE","surface",-73.1314,18.8445,1025
"2026-09-09 18:00:00","2026-09-10 09:00:00","CAPE","surface",-73.1075,18.8445,953
"2026-09-09 18:00:00","2026-09-10 09:00:00","CAPE","surface",-73.0836,18.8445,920
"2026-09-09 18:00:00","2026-09-10 09:00:00","CAPE","surface",-73.0596,18.8445,922
"2026-09-09 18:00:00","2026-09-10 09:00:00","CAPE","surface",-73.0357,18.8445,1015
"2026-09-09 18:00:00","2026-09-10 09:00:00","CAPE","surface",-73.0118,18.8445,1076
"2026-09-09 18:00:00","2026-09-10 09:00:00","CAPE","surface",-72.9879,18.8445,1118
"2026-09-09 18:00:00","2026-09-10 09:00:00","CAPE","surface",-72.9639,18.8445,1194
"2026-09-09 18:00:00","2026-09-10 09:00:00","CAPE","surface",-72.94,18.8445,1615
"2026-09-09 18:00:00","2026-09-10 09:00:00","CAPE","surface",-72.9161,18.8445,1578
"2026-09-09 18:00:00","2026-09-10 09:00:00","CAPE","surface",-72.8922,18.8445,1858
"2026-09-09 18:00:00","2026-09-10 09:00:00","CAPE","surface",-72.8682,18.8445,1858
"2026-09-09 18:00:00","2026-09-10 09:00:00","CAPE","surface",-72.8443,18.8445,1768
"2026-09-09 18:00:00","2026-09-10 09:00:00","CAPE","surface",-72.8204,18.8445,1746
"2026-09-09 18:00:00","2026-09-10 09:00:00","CAPE","surface",-72.7965,18.8445,1706
"2026-09-09 18:00:00","2026-09-10 09:00:00","CAPE","surface",-72.7725,18.8445,1686
"2026-09-09 18:00:00","2026-09-10 09:00:00","CAPE","surface",-72.7486,18.8445,1659
"2026-09-09 18:00:00","2026-09-10 09:00:00","CAPE","surface",-72.7247,18.8445,1644
"2026-09-09 18:00:00","2026-09-10 09:00:00","CAPE","surface",-72.7008,18.8445,1465
"2026-09-09 18:00:00","2026-09-10 09:00:00","CAPE","surface",-72.6768,18.8445,1459
"2026-09-09 18:00:00","2026-09-10 09:00:00","CAPE","surface",-72.6529,18.8445,1230
"2026-09-09 18:00:00","2026-09-10 09:00:00","CAPE","surface",-72.629,18.8445,1230
"2026-09-09 18:00:00","2026-09-10 09:00:00","CAPE","surface",-72.6051,18.8445,947
"2026-09-09 18:00:00","2026-09-10 09:00:00","CAPE","surface",-72.5811,18.8445,812
"2026-09-09 18:00:00","2026-09-10 09:00:00","CAPE","surface",-72.5572,18.8445,551
"2026-09-09 18:00:00","2026-09-10 09:00:00","CAPE","surface",-72.5333,18.8445,460
"2026-09-09 18:00:00","2026-09-10 09:00:00","CAPE","surface",-72.5094,18.8445,463
"2026-09-09 18:00:00","2026-09-10 09:00:00","CAPE","surface",-72.4854,18.8445,405
"2026-09-09 18:00:00","2026-09-10 09:00:00","CAPE","surface",-72.4615,18.8445,398
"2026-09-09 18:00:00","2026-09-10 09:00:00","CAPE","surface",-72.4376,18.8445,386
"2026-09-09 18:00:00","2026-09-10 09:00:00","CAPE","surface",-72.4137,18.8445,375
"2026-09-09 18:00:00","2026-09-10 09:00:00","CAPE","surface",-72.3897,18.8445,404
"2026-09-09 18:00:00","2026-09-10 09:00:00","CAPE","surface",-72.3658,18.8445,404
"2026-09-09 18:00:00","2026-09-10 09:00:00","CAPE","surface",-72.3419,18.8445,452
"2026-09-09 18:00:00","2026-09-10 09:00:00","CAPE","surface",-72.318,18.8445,464
"2026-09-09 18:00:00","2026-09-10 09:00:00","CAPE","surface",-72.294,18.8445,610
"2026-09-09 18:00:00","2026-09-10 09:00:00","CAPE","surface",-72.2701,18.8445,654
"2026-09-09 18:00:00","2026-09-10 09:00:00","CAPE","surface",-72.2462,18.8445,615
"2026-09-09 18:00:00","2026-09-10 09:00:00","CAPE","surface",-72.2223,18.8445,601
"2026-09-09 18:00:00","2026-09-10 09:00:00","CAPE","surface",-72.1983,18.8445,535
"2026-09-09 18:00:00","2026-09-10 09:00:00","CAPE","surface",-72.1744,18.8445,549
"2026-09-09 18:00:00","2026-09-10 09:00:00","CAPE","surface",-72.1505,18.8445,702
"2026-09-09 18:00:00","2026-09-10 09:00:00","CAPE","surface",-72.1266,18.8445,707
"2026-09-09 18:00:00","2026-09-10 09:00:00","CAPE","surface",-72.1026,18.8445,699
"2026-09-09 18:00:00","2026-09-10 09:00:00","CAPE","surface",-72.0787,18.8445,722
"2026-09-09 18:00:00","2026-09-10 09:00:00","CAPE","surface",-72.0548,18.8445,857
"2026-09-09 18:00:00","2026-09-10 09:00:00","CAPE","surface",-72.0309,18.8445,938
"2026-09-09 18:00:00","2026-09-10 09:00:00","CAPE","surface",-72.0069,18.8445,938
"2026-09-09 18:00:00","2026-09-10 09:00:00","CAPE","surface",-71.983,18.8445,765
"2026-09-09 18:00:00","2026-09-10 09:00:00","CAPE","surface",-71.9591,18.8445,875
"2026-09-09 18:00:00","2026-09-10 09:00:00","CAPE","surface",-71.9352,18.8445,794
"2026-09-09 18:00:00","2026-09-10 09:00:00","CAPE","surface",-71.9112,18.8445,484
"2026-09-09 18:00:00","2026-09-10 09:00:00","CAPE","surface",-71.8873,18.8445,720
"2026-09-09 18:00:00","2026-09-10 09:00:00","CAPE","surface",-71.8634,18.8445,422
"2026-09-09 18:00:00","2026-09-10 09:00:00","CAPE","surface",-71.8395,18.8445,615
"2026-09-09 18:00:00","2026-09-10 09:00:00","CAPE","surface",-71.8155,18.8445,299
"2026-09-09 18:00:00","2026-09-10 09:00:00","CAPE","surface",-71.7916,18.8445,297
"2026-09-09 18:00:00","2026-09-10 09:00:00","CAPE","surface",-71.7677,18.8445,297
"2026-09-09 18:00:00","2026-09-10 09:00:00","CAPE","surface",-71.7438,18.8445,221
"2026-09-09 18:00:00","2026-09-10 09:00:00","CAPE","surface",-71.7198,18.8445,109
"2026-09-09 18:00:00","2026-09-10 09:00:00","CAPE","surface",-71.6959,18.8445,110
"2026-09-09 18:00:00","2026-09-10 09:00:00","CAPE","surface",-71.672,18.8445,212
"2026-09-09 18:00:00","2026-09-10 09:00:00","CAPE","surface",-71.6481,18.8445,212
"2026-09-09 18:00:00","2026-09-10 09:00:00","CAPE","surface",-71.6241,18.8445,298
"2026-09-09 18:00:00","2026-09-10 09:00:00","CAPE","surface",-71.6002,18.8445,322
"2026-09-09 18:00:00","2026-09-10 09:00:00","CAPE","surface",-71.5763,18.8445,361
"2026-09-09 18:00:00","2026-09-10 09:00:00","CAPE","surface",-71.5524,18.8445,377
"2026-09-09 18:00:00","2026-09-10 09:00:00","CAPE","surface",-71.5284,18.8445,307
"2026-09-09 18:00:00","2026-09-10 09:00:00","CAPE","surface",-71.5045,18.8445,273
"2026-09-09 18:00:00","2026-09-10 09:00:00","CAPE","surface",-71.4806,18.8445,274
"2026-09-09 18:00:00","2026-09-10 09:00:00","CAPE","surface",-71.4567,18.8445,236
"2026-09-09 18:00:00","2026-09-10 09:00:00","CAPE","surface",-71.4327,18.8445,313
"2026-09-09 18:00:00","2026-09-10 09:00:00","CAPE","surface",-71.4088,18.8445,437
"2026-09-09 18:00:00","2026-09-10 09:00:00","CAPE","surface",-71.3849,18.8445,403
"2026-09-09 18:00:00","2026-09-10 09:00:00","CAPE","surface",-71.361,18.8445,506
"2026-09-09 18:00:00","2026-09-10 09:00:00","CAPE","surface",-71.337,18.8445,509
"2026-09-09 18:00:00","2026-09-10 09:00:00","CAPE","surface",-71.3131,18.8445,557
"2026-09-09 18:00:00","2026-09-10 09:00:00","CAPE","surface",-71.2892,18.8445,545
"2026-09-09 18:00:00","2026-09-10 09:00:00","CAPE","surface",-71.2653,18.8445,550
"2026-09-09 18:00:00","2026-09-10 09:00:00","CAPE","surface",-71.2413,18.8445,535
"2026-09-09 18:00:00","2026-09-10 09:00:00","CAPE","surface",-71.2174,18.8445,559
"2026-09-09 18:00:00","2026-09-10 09:00:00","CAPE","surface",-71.1935,18.8445,559
"2026-09-09 18:00:00","2026-09-10 09:00:00","CAPE","surface",-71.1696,18.8445,572
"2026-09-09 18:00:00","2026-09-10 09:00:00","CAPE","surface",-71.1456,18.8445,580
"2026-09-09 18:00:00","2026-09-10 09:00:00","CAPE","surface",-71.1217,18.8445,581
"2026-09-09 18:00:00","2026-09-10 09:00:00","CAPE","surface",-71.0978,18.8445,568
"2026-09-09 18:00:00","2026-09-10 09:00:00","CAPE","surface",-71.0739,18.8445,547
"2026-09-09 18:00:00","2026-09-10 09:00:00","CAPE","surface",-71.0499,18.8445,459
"2026-09-09 18:00:00","2026-09-10 09:00:00","CAPE","surface",-71.026,18.8445,568
"2026-09-09 18:00:00","2026-09-10 09:00:00","CAPE","surface",-71.0021,18.8445,317
"2026-09-09 18:00:00","2026-09-10 09:00:00","CAPE","surface",-70.9782,18.8445,426
"2026-09-09 18:00:00","2026-09-10 09:00:00","CAPE","surface",-70.9542,18.8445,158
"2026-09-09 18:00:00","2026-09-10 09:00:00","CAPE","surface",-70.9303,18.8445,235
"2026-09-09 18:00:00","2026-09-10 09:00:00","CAPE","surface",-70.9064,18.8445,245
"2026-09-09 18:00:00","2026-09-10 09:00:00","CAPE","surface",-70.8825,18.8445,243
"2026-09-09 18:00:00","2026-09-10 09:00:00","CAPE","surface",-70.8585,18.8445,258
"2026-09-09 18:00:00","2026-09-10 09:00:00","CAPE","surface",-70.8346,18.8445,258
"2026-09-09 18:00:00","2026-09-10 09:00:00","CAPE","surface",-70.8107,18.8445,170
"2026-09-09 18:00:00","2026-09-10 09:00:00","CAPE","surface",-70.7868,18.8445,266
"2026-09-09 18:00:00","2026-09-10 09:00:00","CAPE","surface",-70.7628,18.8445,90
"2026-09-09 18:00:00","2026-09-10 09:00:00","CAPE","surface",-70.7389,18.8445,359
"2026-09-09 18:00:00","2026-09-10 09:00:00","CAPE","surface",-70.715,18.8445,161
"2026-09-09 18:00:00","2026-09-10 09:00:00","CAPE","surface",-70.6911,18.8445,171
"2026-09-09 18:00:00","2026-09-10 09:00:00","CAPE","surface",-70.6671,18.8445,113
"2026-09-09 18:00:00","2026-09-10 09:00:00","CAPE","surface",-70.6432,18.8445,233
"2026-09-09 18:00:00","2026-09-10 09:00:00","CAPE","surface",-70.6193,18.8445,233
"2026-09-09 18:00:00","2026-09-10 09:00:00","CAPE","surface",-70.5954,18.8445,660
"2026-09-09 18:00:00","2026-09-10 09:00:00","CAPE","surface",-70.5714,18.8445,628
"2026-09-09 18:00:00","2026-09-10 09:00:00","CAPE","surface",-70.5475,18.8445,732
"2026-09-09 18:00:00","2026-09-10 09:00:00","CAPE","surface",-70.5236,18.8445,723
"2026-09-09 18:00:00","2026-09-10 09:00:00","CAPE","surface",-70.4997,18.8445,825
"2026-09-09 18:00:00","2026-09-10 09:00:00","CAPE","surface",-70.4757,18.8445,924
"2026-09-09 18:00:00","2026-09-10 09:00:00","CAPE","surface",-70.4518,18.8445,1085
"2026-09-09 18:00:00","2026-09-10 09:00:00","CAPE","surface",-70.4279,18.8445,1011
"2026-09-09 18:00:00","2026-09-10 09:00:00","CAPE","surface",-70.404,18.8445,1011
"2026-09-09 18:00:00","2026-09-10 09:00:00","CAPE","surface",-70.38,18.8445,1015
"2026-09-09 18:00:00","2026-09-10 09:00:00","CAPE","surface",-70.3561,18.8445,1013
"2026-09-09 18:00:00","2026-09-10 09:00:00","CAPE","surface",-70.3322,18.8445,1139
"2026-09-09 18:00:00","2026-09-10 09:00:00","CAPE","surface",-70.3083,18.8445,1091
"2026-09-09 18:00:00","2026-09-10 09:00:00","CAPE","surface",-70.2843,18.8445,1073
"2026-09-09 18:00:00","2026-09-10 09:00:00","CAPE","surface",-70.2604,18.8445,1052
"2026-09-09 18:00:00","2026-09-10 09:00:00","CAPE","surface",-70.2365,18.8445,1061
"2026-09-09 18:00:00","2026-09-10 09:00:00","CAPE","surface",-70.2126,18.8445,1091
"2026-09-09 18:00:00","2026-09-10 09:00:00","CAPE","surface",-70.1886,18.8445,1086
"2026-09-09 18:00:00","2026-09-10 09:00:00","CAPE","surface",-70.1647,18.8445,1123
"2026-09-09 18:00:00","2026-09-10 09:00:00","CAPE","surface",-70.1408,18.8445,1129
"2026-09-09 18:00:00","2026-09-10 09:00:00","CAPE","surface",-70.1169,18.8445,1253
"2026-09-09 18:00:00","2026-09-10 09:00:00","CAPE","surface",-70.0929,18.8445,1293
"2026-09-09 18:00:00","2026-09-10 09:00:00","CAPE","surface",-70.069,18.8445,1374
"2026-09-09 18:00:00","2026-09-10 09:00:00","CAPE","surface",-70.0451,18.8445,1382
"2026-09-09 18:00:00","2026-09-10 09:00:00","CAPE","surface",-70.0212,18.8445,1420
"2026-09-09 18:00:00","2026-09-10 09:00:00","CAPE","surface",-69.9972,18.8445,1420
"2026-09-09 18:00:00","2026-09-10 09:00:00","CAPE","surface",-69.9733,18.8445,1415
"2026-09-09 18:00:00","2026-09-10 09:00:00","CAPE","surface",-69.9494,18.8445,1458
"2026-09-09 18:00:00","2026-09-10 09:00:00","CAPE","surface",-69.9255,18.8445,1469
"2026-09-09 18:00:00","2026-09-10 09:00:00","CAPE","surface",-69.9015,18.8445,1538
"2026-09-09 18:00:00","2026-09-10 09:00:00","CAPE","surface",-69.8776,18.8445,1535
"2026-09-09 18:00:00","2026-09-10 09:00:00","CAPE","surface",-69.8537,18.8445,1646
"2026-09-09 18:00:00","2026-09-10 09:00:00","CAPE","surface",-69.8298,18.8445,1679
"2026-09-09 18:00:00","2026-09-10 09:00:00","CAPE","surface",-69.8058,18.8445,1751
"2026-09-09 18:00:00","2026-09-10 09:00:00","CAPE","surface",-69.7819,18.8445,1697
"2026-09-09 18:00:00","2026-09-10 09:00:00","CAPE","surface",-69.758,18.8445,1696
"2026-09-09 18:00:00","2026-09-10 09:00:00","CAPE","surface",-69.7341,18.8445,1733
"2026-09-09 18:00:00","2026-09-10 09:00:00","CAPE","surface",-69.7101,18.8445,1707
"2026-09-09 18:00:00","2026-09-10 09:00:00","CAPE","surface",-69.6862,18.8445,1714
"2026-09-09 18:00:00","2026-09-10 09:00:00","CAPE","surface",-69.6623,18.8445,1666
"2026-09-09 18:00:00","2026-09-10 09:00:00","CAPE","surface",-69.6384,18.8445,1683
"2026-09-09 18:00:00","2026-09-10 09:00:00","CAPE","surface",-69.6144,18.8445,1633
"2026-09-09 18:00:00","2026-09-10 09:00:00","CAPE","surface",-69.5905,18.8445,1603
"2026-09-09 18:00:00","2026-09-10 09:00:00","CAPE","surface",-69.5666,18.8445,1592
"2026-09-09 18:00:00","2026-09-10 09:00:00","CAPE","surface",-69.5427,18.8445,1587
"2026-09-09 18:00:00","2026-09-10 09:00:00","CAPE","surface",-69.5187,18.8445,1587
"2026-09-09 18:00:00","2026-09-10 09:00:00","CAPE","surface",-69.4948,18.8445,1593
"2026-09-09 18:00:00","2026-09-10 09:00:00","CAPE","surface",-69.4709,18.8445,1636
"2026-09-09 18:00:00","2026-09-10 09:00:00","CAPE","surface",-69.447,18.8445,1682
"2026-09-09 18:00:00","2026-09-10 09:00:00","CAPE","surface",-69.423,18.8445,1707
"2026-09-09 18:00:00","2026-09-10 09:00:00","CAPE","surface",-69.3991,18.8445,1752
"2026-09-09 18:00:00","2026-09-10 09:00:00","CAPE","surface",-69.3752,18.8445,1817
"2026-09-09 18:00:00","2026-09-10 09:00:00","CAPE","surface",-69.3513,18.8445,1847
"2026-09-09 18:00:00","2026-09-10 09:00:00","CAPE","surface",-69.3273,18.8445,1887
"2026-09-09 18:00:00","2026-09-10 09:00:00","CAPE","surface",-69.3034,18.8445,1887
"2026-09-09 18:00:00","2026-09-10 09:00:00","CAPE","surface",-69.2795,18.8445,1940
"2026-09-09 18:00:00","2026-09-10 09:00:00","CAPE","surface",-69.2556,18.8445,1977
"2026-09-09 18:00:00","2026-09-10 09:00:00","CAPE","surface",-69.2316,18.8445,1999
"2026-09-09 18:00:00","2026-09-10 09:00:00","CAPE","surface",-69.2077,18.8445,1973
"2026-09-09 18:00:00","2026-09-10 09:00:00","CAPE","surface",-69.1838,18.8445,2020
"2026-09-09 18:00:00","2026-09-10 09:00:00","CAPE","surface",-69.1599,18.8445,2047
"2026-09-09 18:00:00","2026-09-10 09:00:00","CAPE","surface",-69.1359,18.8445,2069
"2026-09-09 18:00:00","2026-09-10 09:00:00","CAPE","surface",-69.112,18.8445,2073
"2026-09-09 18:00:00","2026-09-10 09:00:00","CAPE","surface",-69.0881,18.8445,2087
"2026-09-09 18:00:00","2026-09-10 09:00:00","CAPE","surface",-69.0642,18.8445,2170
"2026-09-09 18:00:00","2026-09-10 09:00:00","CAPE","surface",-69.0402,18.8445,2302
"2026-09-09 18:00:00","2026-09-10 09:00:00","CAPE","surface",-69.0163,18.8445,2369
"2026-09-09 18:00:00","2026-09-10 09:00:00","CAPE","surface",-68.9924,18.8445,2480
"2026-09-09 18:00:00","2026-09-10 09:00:00","CAPE","surface",-68.9685,18.8445,2501
"2026-09-09 18:00:00","2026-09-10 09:00:00","CAPE","surface",-68.9445,18.8445,2495
"2026-09-09 18:00:00","2026-09-10 09:00:00","CAPE","surface",-68.9206,18.8445,2463
"2026-09-09 18:00:00","2026-09-10 09:00:00","CAPE","surface",-68.8967,18.8445,2353
"2026-09-09 18:00:00","2026-09-10 09:00:00","CAPE","surface",-68.8728,18.8445,2422
"2026-09-09 18:00:00","2026-09-10 09:00:00","CAPE","surface",-68.8488,18.8445,2664
"2026-09-09 18:00:00","2026-09-10 09:00:00","CAPE","surface",-68.8249,18.8445,2742
"2026-09-09 18:00:00","2026-09-10 09:00:00","CAPE","surface",-68.801,18.8445,2778
"2026-09-09 18:00:00","2026-09-10 09:00:00","CAPE","surface",-68.7771,18.8445,2617
"2026-09-09 18:00:00","2026-09-10 09:00:00","CAPE","surface",-68.7531,18.8445,2704
"2026-09-09 18:00:00","2026-09-10 09:00:00","CAPE","surface",-68.7292,18.8445,2548
"2026-09-09 18:00:00","2026-09-10 09:00:00","CAPE","surface",-68.7053,18.8445,2618
"2026-09-09 18:00:00","2026-09-10 09:00:00","CAPE","surface",-68.6813,18.8445,2384
"2026-09-09 18:00:00","2026-09-10 09:00:00","CAPE","surface",-68.6574,18.8445,2472
"2026-09-09 18:00:00","2026-09-10 09:00:00","CAPE","surface",-68.6335,18.8445,2551
"2026-09-09 18:00:00","2026-09-10 09:00:00","CAPE","surface",-68.6096,18.8445,2774
"2026-09-09 18:00:00","2026-09-10 09:00:00","CAPE","surface",-68.5856,18.8445,2774
"2026-09-09 18:00:00","2026-09-10 09:00:00","CAPE","surface",-68.5617,18.8445,2781
"2026-09-09 18:00:00","2026-09-10 09:00:00","CAPE","surface",-68.5378,18.8445,2847
"2026-09-09 18:00:00","2026-09-10 09:00:00","CAPE","surface",-68.5139,18.8445,2825
"2026-09-09 18:00:00","2026-09-10 09:00:00","CAPE","surface",-68.4899,18.8445,2825
"2026-09-09 18:00:00","2026-09-10 09:00:00","CAPE","surface",-68.466,18.8445,2857
"2026-09-09 18:00:00","2026-09-10 09:00:00","CAPE","surface",-68.4421,18.8445,2985
"2026-09-09 18:00:00","2026-09-10 09:00:00","CAPE","surface",-68.4182,18.8445,3063
"2026-09-09 18:00:00","2026-09-10 09:00:00","CAPE","surface",-68.3942,18.8445,3116
"2026-09-09 18:00:00","2026-09-10 09:00:00","CAPE","surface",-68.3703,18.8445,3116
"2026-09-09 18:00:00","2026-09-10 09:00:00","CAPE","surface",-68.3464,18.8445,3080
"2026-09-09 18:00:00","2026-09-10 09:00:00","CAPE","surface",-68.3225,18.8445,2912
"2026-09-09 18:00:00","2026-09-10 09:00:00","CAPE","surface",-68.2985,18.8445,2821
"2026-09-09 18:00:00","2026-09-10 09:00:00","CAPE","surface",-68.2746,18.8445,2821
"2026-09-09 18:00:00","2026-09-10 09:00:00","CAPE","surface",-68.2507,18.8445,2857
"2026-09-09 18:00:00","2026-09-10 09:00:00","CAPE","surface",-68.2268,18.8445,2928
"2026-09-09 18:00:00","2026-09-10 09:00:00","CAPE","surface",-68.2028,18.8445,2999
"2026-09-09 18:00:00","2026-09-10 09:00:00","CAPE","surface",-68.1789,18.8445,3048
"2026-09-09 18:00:00","2026-09-10 09:00:00","CAPE","surface",-68.155,18.8445,3028
"2026-09-09 18:00:00","2026-09-10 09:00:00","CAPE","surface",-68.1311,18.8445,3157
"2026-09-09 18:00:00","2026-09-10 09:00:00","CAPE","surface",-68.1071,18.8445,3173
"2026-09-09 18:00:00","2026-09-10 09:00:00","CAPE","surface",-68.0832,18.8445,3377
"2026-09-09 18:00:00","2026-09-10 09:00:00","CAPE","surface",-68.0593,18.8445,3359
"2026-09-09 18:00:00","2026-09-10 09:00:00","CAPE","surface",-68.0354,18.8445,3430
"2026-09-09 18:00:00","2026-09-10 09:00:00","CAPE","surface",-68.0114,18.8445,3443
"2026-09-09 18:00:00","2026-09-10 09:00:00","CAPE","surface",-67.9875,18.8445,3404
"2026-09-09 18:00:00","2026-09-10 09:00:00","CAPE","surface",-67.9636,18.8445,3322
"2026-09-09 18:00:00","2026-09-10 09:00:00","CAPE","surface",-67.9397,18.8445,3255
"2026-09-09 18:00:00","2026-09-10 09:00:00","CAPE","surface",-67.9157,18.8445,3232
"2026-09-09 18:00:00","2026-09-10 09:00:00","CAPE","surface",-67.8918,18.8445,3226
"2026-09-09 18:00:00","2026-09-10 09:00:00","CAPE","surface",-67.8679,18.8445,3279
"2026-09-09 18:00:00","2026-09-10 09:00:00","CAPE","surface",-67.844,18.8445,3218
"2026-09-09 18:00:00","2026-09-10 09:00:00","CAPE","surface",-67.82,18.8445,3176
"2026-09-09 18:00:00","2026-09-10 09:00:00","CAPE","surface",-67.7961,18.8445,3032
"2026-09-09 18:00:00","2026-09-10 09:00:00","CAPE","surface",-67.7722,18.8445,3032
"2026-09-09 18:00:00","2026-09-10 09:00:00","CAPE","surface",-67.7483,18.8445,2871
"2026-09-09 18:00:00","2026-09-10 09:00:00","CAPE","surface",-67.7243,18.8445,2806
"2026-09-09 18:00:00","2026-09-10 09:00:00","CAPE","surface",-67.7004,18.8445,2677
"2026-09-09 18:00:00","2026-09-10 09:00:00","CAPE","surface",-67.6765,18.8445,2677
"2026-09-09 18:00:00","2026-09-10 09:00:00","CAPE","surface",-67.6526,18.8445,2654
"2026-09-09 18:00:00","2026-09-10 09:00:00","CAPE","surface",-67.6286,18.8445,2658
"2026-09-09 18:00:00","2026-09-10 09:00:00","CAPE","surface",-67.6047,18.8445,2689
"2026-09-09 18:00:00","2026-09-10 09:00:00","CAPE","surface",-67.5808,18.8445,2707
"2026-09-09 18:00:00","2026-09-10 09:00:00","CAPE","surface",-67.5569,18.8445,2748
"2026-09-09 18:00:00","2026-09-10 09:00:00","CAPE","surface",-67.5329,18.8445,2771
"2026-09-09 18:00:00","2026-09-10 09:00:00","CAPE","surface",-67.509,18.8445,2867
"2026-09-09 18:00:00","2026-09-10 09:00:00","CAPE","surface",-67.4851,18.8445,2781
"2026-09-09 18:00:00","2026-09-10 09:00:00","CAPE","surface",-67.4612,18.8445,2865
"2026-09-09 18:00:00","2026-09-10 09:00:00","CAPE","surface",-67.4372,18.8445,2980
"2026-09-09 18:00:00","2026-09-10 09:00:00","CAPE","surface",-67.4133,18.8445,3002
"2026-09-09 18:00:00","2026-09-10 09:00:00","CAPE","surface",-67.3894,18.8445,3002
"2026-09-09 18:00:00","2026-09-10 09:00:00","CAPE","surface",-67.3655,18.8445,2949
"2026-09-09 18:00:00","2026-09-10 09:00:00","CAPE","surface",-67.3415,18.8445,3013
"2026-09-09 18:00:00","2026-09-10 09:00:00","CAPE","surface",-67.3176,18.8445,2930
"2026-09-09 18:00:00","2026-09-10 09:00:00","CAPE","surface",-67.2937,18.8445,2894
"2026-09-09 18:00:00","2026-09-10 09:00:00","CAPE","surface",-67.2698,18.8445,2894
"2026-09-09 18:00:00","2026-09-10 09:00:00","CAPE","surface",-67.2458,18.8445,2870
"2026-09-09 18:00:00","2026-09-10 09:00:00","CAPE","surface",-67.2219,18.8445,2872
"2026-09-09 18:00:00","2026-09-10 09:00:00","CAPE","surface",-67.198,18.8445,2875
"2026-09-09 18:00:00","2026-09-10 09:00:00","CAPE","surface",-67.1741,18.8445,2875
"2026-09-09 18:00:00","2026-09-10 09:00:00","CAPE","surface",-67.1501,18.8445,3073
"2026-09-09 18:00:00","2026-09-10 09:00:00","CAPE","surface",-67.1262,18.8445,3263
"2026-09-09 18:00:00","2026-09-10 09:00:00","CAPE","surface",-67.1023,18.8445,3246
"2026-09-09 18:00:00","2026-09-10 09:00:00","CAPE","surface",-67.0784,18.8445,3258
"2026-09-09 18:00:00","2026-09-10 09:00:00","CAPE","surface",-67.0544,18.8445,3249
"2026-09-09 18:00:00","2026-09-10 09:00:00","CAPE","surface",-67.0305,18.8445,3108
"2026-09-09 18:00:00","2026-09-10 09:00:00","CAPE","surface",-67.0066,18.8445,3134
"2026-09-09 18:00:00","2026-09-10 09:00:00","CAPE","surface",-74.7822,18.8672,2370
"2026-09-09 18:00:00","2026-09-10 09:00:00","CAPE","surface",-74.7583,18.8672,2373
"2026-09-09 18:00:00","2026-09-10 09:00:00","CAPE","surface",-74.7344,18.8672,2333
"2026-09-09 18:00:00","2026-09-10 09:00:00","CAPE","surface",-74.7105,18.8672,2298
"2026-09-09 18:00:00","2026-09-10 09:00:00","CAPE","surface",-74.6865,18.8672,2322
"2026-09-09 18:00:00","2026-09-10 09:00:00","CAPE","surface",-74.6626,18.8672,2322
"2026-09-09 18:00:00","2026-09-10 09:00:00","CAPE","surface",-74.6387,18.8672,2414
"2026-09-09 18:00:00","2026-09-10 09:00:00","CAPE","surface",-74.6148,18.8672,2425
"2026-09-09 18:00:00","2026-09-10 09:00:00","CAPE","surface",-74.5908,18.8672,2359
"2026-09-09 18:00:00","2026-09-10 09:00:00","CAPE","surface",-74.5669,18.8672,2400
"2026-09-09 18:00:00","2026-09-10 09:00:00","CAPE","surface",-74.543,18.8672,2403
"2026-09-09 18:00:00","2026-09-10 09:00:00","CAPE","surface",-74.5191,18.8672,2403
"2026-09-09 18:00:00","2026-09-10 09:00:00","CAPE","surface",-74.4951,18.8672,2366
"2026-09-09 18:00:00","2026-09-10 09:00:00","CAPE","surface",-74.4712,18.8672,2368
"2026-09-09 18:00:00","2026-09-10 09:00:00","CAPE","surface",-74.4473,18.8672,2224
"2026-09-09 18:00:00","2026-09-10 09:00:00","CAPE","surface",-74.4234,18.8672,2184
"2026-09-09 18:00:00","2026-09-10 09:00:00","CAPE","surface",-74.3994,18.8672,2196
"2026-09-09 18:00:00","2026-09-10 09:00:00","CAPE","surface",-74.3755,18.8672,2196
"2026-09-09 18:00:00","2026-09-10 09:00:00","CAPE","surface",-74.3516,18.8672,2322
"2026-09-09 18:00:00","2026-09-10 09:00:00","CAPE","surface",-74.3277,18.8672,2309
"2026-09-09 18:00:00","2026-09-10 09:00:00","CAPE","surface",-74.3037,18.8672,2387
"2026-09-09 18:00:00","2026-09-10 09:00:00","CAPE","surface",-74.2798,18.8672,2392
"2026-09-09 18:00:00","2026-09-10 09:00:00","CAPE","surface",-74.2559,18.8672,2369
"2026-09-09 18:00:00","2026-09-10 09:00:00","CAPE","surface",-74.232,18.8672,2242
"2026-09-09 18:00:00","2026-09-10 09:00:00","CAPE","surface",-74.208,18.8672,1976
"2026-09-09 18:00:00","2026-09-10 09:00:00","CAPE","surface",-74.1841,18.8672,1859
"2026-09-09 18:00:00","2026-09-10 09:00:00","CAPE","surface",-74.1602,18.8672,1777
"2026-09-09 18:00:00","2026-09-10 09:00:00","CAPE","surface",-74.1363,18.8672,1708
"2026-09-09 18:00:00","2026-09-10 09:00:00","CAPE","surface",-74.1123,18.8672,1781
"2026-09-09 18:00:00","2026-09-10 09:00:00","CAPE","surface",-74.0884,18.8672,1831
"2026-09-09 18:00:00","2026-09-10 09:00:00","CAPE","surface",-74.0645,18.8672,1817
"2026-09-09 18:00:00","2026-09-10 09:00:00","CAPE","surface",-74.0406,18.8672,1875
"2026-09-09 18:00:00","2026-09-10 09:00:00","CAPE","surface",-74.0166,18.8672,1923
"2026-09-09 18:00:00","2026-09-10 09:00:00","CAPE","surface",-73.9927,18.8672,1864
"2026-09-09 18:00:00","2026-09-10 09:00:00","CAPE","surface",-73.9688,18.8672,1864
"2026-09-09 18:00:00","2026-09-10 09:00:00","CAPE","surface",-73.9449,18.8672,1839
"2026-09-09 18:00:00","2026-09-10 09:00:00","CAPE","surface",-73.9209,18.8672,1798
"2026-09-09 18:00:00","2026-09-10 09:00:00","CAPE","surface",-73.897,18.8672,1795
"2026-09-09 18:00:00","2026-09-10 09:00:00","CAPE","surface",-73.8731,18.8672,1768
"2026-09-09 18:00:00","2026-09-10 09:00:00","CAPE","surface",-73.8492,18.8672,1830
"2026-09-09 18:00:00","2026-09-10 09:00:00","CAPE","surface",-73.8252,18.8672,1820
"2026-09-09 18:00:00","2026-09-10 09:00:00","CAPE","surface",-73.8013,18.8672,1943
"2026-09-09 18:00:00","2026-09-10 09:00:00","CAPE","surface",-73.7774,18.8672,1928
"2026-09-09 18:00:00","2026-09-10 09:00:00","CAPE","surface",-73.7535,18.8672,2060
"2026-09-09 18:00:00","2026-09-10 09:00:00","CAPE","surface",-73.7295,18.8672,2042
"2026-09-09 18:00:00","2026-09-10 09:00:00","CAPE","surface",-73.7056,18.8672,2065
"2026-09-09 18:00:00","2026-09-10 09:00:00","CAPE","surface",-73.6817,18.8672,2046
"2026-09-09 18:00:00","2026-09-10 09:00:00","CAPE","surface",-73.6578,18.8672,1977
"2026-09-09 18:00:00","2026-09-10 09:00:00","CAPE","surface",-73.6338,18.8672,1924
"2026-09-09 18:00:00","2026-09-10 09:00:00","CAPE","surface",-73.6099,18.8672,1796
"2026-09-09 18:00:00","2026-09-10 09:00:00","CAPE","surface",-73.586,18.8672,1796
"2026-09-09 18:00:00","2026-09-10 09:00:00","CAPE","surface",-73.5621,18.8672,1783
"2026-09-09 18:00:00","2026-09-10 09:00:00","CAPE","surface",-73.5381,18.8672,1823
"2026-09-09 18:00:00","2026-09-10 09:00:00","CAPE","surface",-73.5142,18.8672,1889
"2026-09-09 18:00:00","2026-09-10 09:00:00","CAPE","surface",-73.4903,18.8672,1934
"2026-09-09 18:00:00","2026-09-10 09:00:00","CAPE","surface",-73.4664,18.8672,1908
"2026-09-09 18:00:00","2026-09-10 09:00:00","CAPE","surface",-73.4424,18.8672,1908
"2026-09-09 18:00:00","2026-09-10 09:00:00","CAPE","surface",-73.4185,18.8672,1907
"2026-09-09 18:00:00","2026-09-10 09:00:00","CAPE","surface",-73.3946,18.8672,1921
"2026-09-09 18:00:00","2026-09-10 09:00:00","CAPE","surface",-73.3707,18.8672,2072
"2026-09-09 18:00:00","2026-09-10 09:00:00","CAPE","surface",-73.3467,18.8672,2088
"2026-09-09 18:00:00","2026-09-10 09:00:00","CAPE","surface",-73.3228,18.8672,2100
"2026-09-09 18:00:00","2026-09-10 09:00:00","CAPE","surface",-73.2989,18.8672,1821
"2026-09-09 18:00:00","2026-09-10 09:00:00","CAPE","surface",-73.275,18.8672,1797
"2026-09-09 18:00:00","2026-09-10 09:00:00","CAPE","surface",-73.251,18.8672,1356
"2026-09-09 18:00:00","2026-09-10 09:00:00","CAPE","surface",-73.2271,18.8672,1322
"2026-09-09 18:00:00","2026-09-10 09:00:00","CAPE","surface",-73.2032,18.8672,1124
"2026-09-09 18:00:00","2026-09-10 09:00:00","CAPE","surface",-73.1793,18.8672,1055
"2026-09-09 18:00:00","2026-09-10 09:00:00","CAPE","surface",-73.1553,18.8672,963
"2026-09-09 18:00:00","2026-09-10 09:00:00","CAPE","surface",-73.1314,18.8672,964
"2026-09-09 18:00:00","2026-09-10 09:00:00","CAPE","surface",-73.1075,18.8672,982
"2026-09-09 18:00:00","2026-09-10 09:00:00","CAPE","surface",-73.0836,18.8672,968
"2026-09-09 18:00:00","2026-09-10 09:00:00","CAPE","surface",-73.0596,18.8672,998
"2026-09-09 18:00:00","2026-09-10 09:00:00","CAPE","surface",-73.0357,18.8672,980
"2026-09-09 18:00:00","2026-09-10 09:00:00","CAPE","surface",-73.0118,18.8672,1042
"2026-09-09 18:00:00","2026-09-10 09:00:00","CAPE","surface",-72.9879,18.8672,1118
"2026-09-09 18:00:00","2026-09-10 09:00:00","CAPE","surface",-72.9639,18.8672,1675
"2026-09-09 18:00:00","2026-09-10 09:00:00","CAPE","surface",-72.94,18.8672,1675
"2026-09-09 18:00:00","2026-09-10 09:00:00","CAPE","surface",-72.9161,18.8672,1843
"2026-09-09 18:00:00","2026-09-10 09:00:00","CAPE","surface",-72.8922,18.8672,1846
"2026-09-09 18:00:00","2026-09-10 09:00:00","CAPE","surface",-72.8682,18.8672,1774
"2026-09-09 18:00:00","2026-09-10 09:00:00","CAPE","surface",-72.8443,18.8672,1768
"2026-09-09 18:00:00","2026-09-10 09:00:00","CAPE","surface",-72.8204,18.8672,1733
"2026-09-09 18:00:00","2026-09-10 09:00:00","CAPE","surface",-72.7965,18.8672,1724
"2026-09-09 18:00:00","2026-09-10 09:00:00","CAPE","surface",-72.7725,18.8672,1654
"2026-09-09 18:00:00","2026-09-10 09:00:00","CAPE","surface",-72.7486,18.8672,1447
"2026-09-09 18:00:00","2026-09-10 09:00:00","CAPE","surface",-72.7247,18.8672,1465
"2026-09-09 18:00:00","2026-09-10 09:00:00","CAPE","surface",-72.7008,18.8672,1330
"2026-09-09 18:00:00","2026-09-10 09:00:00","CAPE","surface",-72.6768,18.8672,1310
"2026-09-09 18:00:00","2026-09-10 09:00:00","CAPE","surface",-72.6529,18.8672,1124
"2026-09-09 18:00:00","2026-09-10 09:00:00","CAPE","surface",-72.629,18.8672,1045
"2026-09-09 18:00:00","2026-09-10 09:00:00","CAPE","surface",-72.6051,18.8672,589
"2026-09-09 18:00:00","2026-09-10 09:00:00","CAPE","surface",-72.5811,18.8672,537
"2026-09-09 18:00:00","2026-09-10 09:00:00","CAPE","surface",-72.5572,18.8672,401
"2026-09-09 18:00:00","2026-09-10 09:00:00","CAPE","surface",-72.5333,18.8672,441
"2026-09-09 18:00:00","2026-09-10 09:00:00","CAPE","surface",-72.5094,18.8672,430
"2026-09-09 18:00:00","2026-09-10 09:00:00","CAPE","surface",-72.4854,18.8672,405
"2026-09-09 18:00:00","2026-09-10 09:00:00","CAPE","surface",-72.4615,18.8672,409
"2026-09-09 18:00:00","2026-09-10 09:00:00","CAPE","surface",-72.4376,18.8672,409
"2026-09-09 18:00:00","2026-09-10 09:00:00","CAPE","surface",-72.4137,18.8672,433
"2026-09-09 18:00:00","2026-09-10 09:00:00","CAPE","surface",-72.3897,18.8672,402
"2026-09-09 18:00:00","2026-09-10 09:00:00","CAPE","surface",-72.3658,18.8672,464
"2026-09-09 18:00:00","2026-09-10 09:00:00","CAPE","surface",-72.3419,18.8672,452
"2026-09-09 18:00:00","2026-09-10 09:00:00","CAPE","surface",-72.318,18.8672,566
"2026-09-09 18:00:00","2026-09-10 09:00:00","CAPE","surface",-72.294,18.8672,587
"2026-09-09 18:00:00","2026-09-10 09:00:00","CAPE","surface",-72.2701,18.8672,597
"2026-09-09 18:00:00","2026-09-10 09:00:00","CAPE","surface",-72.2462,18.8672,594
"2026-09-09 18:00:00","2026-09-10 09:00:00","CAPE","surface",-72.2223,18.8672,570
"2026-09-09 18:00:00","2026-09-10 09:00:00","CAPE","surface",-72.1983,18.8672,523
"2026-09-09 18:00:00","2026-09-10 09:00:00","CAPE","surface",-72.1744,18.8672,589
"2026-09-09 18:00:00","2026-09-10 09:00:00","CAPE","surface",-72.1505,18.8672,745
"2026-09-09 18:00:00","2026-09-10 09:00:00","CAPE","surface",-72.1266,18.8672,707
"2026-09-09 18:00:00","2026-09-10 09:00:00","CAPE","surface",-72.1026,18.8672,732
"2026-09-09 18:00:00","2026-09-10 09:00:00","CAPE","surface",-72.0787,18.8672,732
"2026-09-09 18:00:00","2026-09-10 09:00:00","CAPE","surface",-72.0548,18.8672,598
"2026-09-09 18:00:00","2026-09-10 09:00:00","CAPE","surface",-72.0309,18.8672,749
"2026-09-09 18:00:00","2026-09-10 09:00:00","CAPE","surface",-72.0069,18.8672,721
"2026-09-09 18:00:00","2026-09-10 09:00:00","CAPE","surface",-71.983,18.8672,765
"2026-09-09 18:00:00","2026-09-10 09:00:00","CAPE","surface",-71.9591,18.8672,617
"2026-09-09 18:00:00","2026-09-10 09:00:00","CAPE","surface",-71.9352,18.8672,764
"2026-09-09 18:00:00","2026-09-10 09:00:00","CAPE","surface",-71.9112,18.8672,756
"2026-09-09 18:00:00","2026-09-10 09:00:00","CAPE","surface",-71.8873,18.8672,821
"2026-09-09 18:00:00","2026-09-10 09:00:00","CAPE","surface",-71.8634,18.8672,832
"2026-09-09 18:00:00","2026-09-10 09:00:00","CAPE","surface",-71.8395,18.8672,913
"2026-09-09 18:00:00","2026-09-10 09:00:00","CAPE","surface",-71.8155,18.8672,895
"2026-09-09 18:00:00","2026-09-10 09:00:00","CAPE","surface",-71.7916,18.8672,944
"2026-09-09 18:00:00","2026-09-10 09:00:00","CAPE","surface",-71.7677,18.8672,813
"2026-09-09 18:00:00","2026-09-10 09:00:00","CAPE","surface",-71.7438,18.8672,175
"2026-09-09 18:00:00","2026-09-10 09:00:00","CAPE","surface",-71.7198,18.8672,175
"2026-09-09 18:00:00","2026-09-10 09:00:00","CAPE","surface",-71.6959,18.8672,259
"2026-09-09 18:00:00","2026-09-10 09:00:00","CAPE","surface",-71.672,18.8672,204
"2026-09-09 18:00:00","2026-09-10 09:00:00","CAPE","surface",-71.6481,18.8672,292
"2026-09-09 18:00:00","2026-09-10 09:00:00","CAPE","surface",-71.6241,18.8672,298
"2026-09-09 18:00:00","2026-09-10 09:00:00","CAPE","surface",-71.6002,18.8672,374
"2026-09-09 18:00:00","2026-09-10 09:00:00","CAPE","surface",-71.5763,18.8672,362
"2026-09-09 18:00:00","2026-09-10 09:00:00","CAPE","surface",-71.5524,18.8672,357
"2026-09-09 18:00:00","2026-09-10 09:00:00","CAPE","surface",-71.5284,18.8672,385
"2026-09-09 18:00:00","2026-09-10 09:00:00","CAPE","surface",-71.5045,18.8672,337
"2026-09-09 18:00:00","2026-09-10 09:00:00","CAPE","surface",-71.4806,18.8672,417
"2026-09-09 18:00:00","2026-09-10 09:00:00","CAPE","surface",-71.4567,18.8672,391
"2026-09-09 18:00:00","2026-09-10 09:00:00","CAPE","surface",-71.4327,18.8672,470
"2026-09-09 18:00:00","2026-09-10 09:00:00","CAPE","surface",-71.4088,18.8672,437
"2026-09-09 18:00:00","2026-09-10 09:00:00","CAPE","surface",-71.3849,18.8672,502
"2026-09-09 18:00:00","2026-09-10 09:00:00","CAPE","surface",-71.361,18.8672,502
"2026-09-09 18:00:00","2026-09-10 09:00:00","CAPE","surface",-71.337,18.8672,549
"2026-09-09 18:00:00","2026-09-10 09:00:00","CAPE","surface",-71.3131,18.8672,557
"2026-09-09 18:00:00","2026-09-10 09:00:00","CAPE","surface",-71.2892,18.8672,565
"2026-09-09 18:00:00","2026-09-10 09:00:00","CAPE","surface",-71.2653,18.8672,565
"2026-09-09 18:00:00","2026-09-10 09:00:00","CAPE","surface",-71.2413,18.8672,570
"2026-09-09 18:00:00","2026-09-10 09:00:00","CAPE","surface",-71.2174,18.8672,567
"2026-09-09 18:00:00","2026-09-10 09:00:00","CAPE","surface",-71.1935,18.8672,574
"2026-09-09 18:00:00","2026-09-10 09:00:00","CAPE","surface",-71.1696,18.8672,593
"2026-09-09 18:00:00","2026-09-10 09:00:00","CAPE","surface",-71.1456,18.8672,593
"2026-09-09 18:00:00","2026-09-10 09:00:00","CAPE","surface",-71.1217,18.8672,538
"2026-09-09 18:00:00","2026-09-10 09:00:00","CAPE","surface",-71.0978,18.8672,536
"2026-09-09 18:00:00","2026-09-10 09:00:00","CAPE","surface",-71.0739,18.8672,321
"2026-09-09 18:00:00","2026-09-10 09:00:00","CAPE","surface",-71.0499,18.8672,459
"2026-09-09 18:00:00","2026-09-10 09:00:00","CAPE","surface",-71.026,18.8672,273
"2026-09-09 18:00:00","2026-09-10 09:00:00","CAPE","surface",-71.0021,18.8672,372
"2026-09-09 18:00:00","2026-09-10 09:00:00","CAPE","surface",-70.9782,18.8672,86
"2026-09-09 18:00:00","2026-09-10 09:00:00","CAPE","surface",-70.9542,18.8672,158
"2026-09-09 18:00:00","2026-09-10 09:00:00","CAPE","surface",-70.9303,18.8672,239
"2026-09-09 18:00:00","2026-09-10 09:00:00","CAPE","surface",-70.9064,18.8672,239
"2026-09-09 18:00:00","2026-09-10 09:00:00","CAPE","surface",-70.8825,18.8672,267
"2026-09-09 18:00:00","2026-09-10 09:00:00","CAPE","surface",-70.8585,18.8672,335
"2026-09-09 18:00:00","2026-09-10 09:00:00","CAPE","surface",-70.8346,18.8672,414
"2026-09-09 18:00:00","2026-09-10 09:00:00","CAPE","surface",-70.8107,18.8672,460
"2026-09-09 18:00:00","2026-09-10 09:00:00","CAPE","surface",-70.7868,18.8672,460
"2026-09-09 18:00:00","2026-09-10 09:00:00","CAPE","surface",-70.7628,18.8672,486
"2026-09-09 18:00:00","2026-09-10 09:00:00","CAPE","surface",-70.7389,18.8672,359
"2026-09-09 18:00:00","2026-09-10 09:00:00","CAPE","surface",-70.715,18.8672,253
"2026-09-09 18:00:00","2026-09-10 09:00:00","CAPE","surface",-70.6911,18.8672,253
"2026-09-09 18:00:00","2026-09-10 09:00:00","CAPE","surface",-70.6671,18.8672,286
"2026-09-09 18:00:00","2026-09-10 09:00:00","CAPE","surface",-70.6432,18.8672,229
"2026-09-09 18:00:00","2026-09-10 09:00:00","CAPE","surface",-70.6193,18.8672,668
"2026-09-09 18:00:00","2026-09-10 09:00:00","CAPE","surface",-70.5954,18.8672,761
"2026-09-09 18:00:00","2026-09-10 09:00:00","CAPE","surface",-70.5714,18.8672,761
"2026-09-09 18:00:00","2026-09-10 09:00:00","CAPE","surface",-70.5475,18.8672,649
"2026-09-09 18:00:00","2026-09-10 09:00:00","CAPE","surface",-70.5236,18.8672,742
"2026-09-09 18:00:00","2026-09-10 09:00:00","CAPE","surface",-70.4997,18.8672,735
"2026-09-09 18:00:00","2026-09-10 09:00:00","CAPE","surface",-70.4757,18.8672,924
"2026-09-09 18:00:00","2026-09-10 09:00:00","CAPE","surface",-70.4518,18.8672,819
"2026-09-09 18:00:00","2026-09-10 09:00:00","CAPE","surface",-70.4279,18.8672,964
"2026-09-09 18:00:00","2026-09-10 09:00:00","CAPE","surface",-70.404,18.8672,972
"2026-09-09 18:00:00","2026-09-10 09:00:00","CAPE","surface",-70.38,18.8672,1015
"2026-09-09 18:00:00","2026-09-10 09:00:00","CAPE","surface",-70.3561,18.8672,1071
"2026-09-09 18:00:00","2026-09-10 09:00:00","CAPE","surface",-70.3322,18.8672,1178
"2026-09-09 18:00:00","2026-09-10 09:00:00","CAPE","surface",-70.3083,18.8672,1182
"2026-09-09 18:00:00","2026-09-10 09:00:00","CAPE","surface",-70.2843,18.8672,1064
"2026-09-09 18:00:00","2026-09-10 09:00:00","CAPE","surface",-70.2604,18.8672,1061
"2026-09-09 18:00:00","2026-09-10 09:00:00","CAPE","surface",-70.2365,18.8672,1079
"2026-09-09 18:00:00","2026-09-10 09:00:00","CAPE","surface",-70.2126,18.8672,1090
"2026-09-09 18:00:00","2026-09-10 09:00:00","CAPE","surface",-70.1886,18.8672,1122
"2026-09-09 18:00:00","2026-09-10 09:00:00","CAPE","surface",-70.1647,18.8672,1123
"2026-09-09 18:00:00","2026-09-10 09:00:00","CAPE","surface",-70.1408,18.8672,1185
"2026-09-09 18:00:00","2026-09-10 09:00:00","CAPE","surface",-70.1169,18.8672,1210
"2026-09-09 18:00:00","2026-09-10 09:00:00","CAPE","surface",-70.0929,18.8672,1349
"2026-09-09 18:00:00","2026-09-10 09:00:00","CAPE","surface",-70.069,18.8672,1371
"2026-09-09 18:00:00","2026-09-10 09:00:00","CAPE","surface",-70.0451,18.8672,1413
"2026-09-09 18:00:00","2026-09-10 09:00:00","CAPE","surface",-70.0212,18.8672,1402
"2026-09-09 18:00:00","2026-09-10 09:00:00","CAPE","surface",-69.9972,18.8672,1442
"2026-09-09 18:00:00","2026-09-10 09:00:00","CAPE","surface",-69.9733,18.8672,1460
"2026-09-09 18:00:00","2026-09-10 09:00:00","CAPE","surface",-69.9494,18.8672,1458
"2026-09-09 18:00:00","2026-09-10 09:00:00","CAPE","surface",-69.9255,18.8672,1531
"2026-09-09 18:00:00","2026-09-10 09:00:00","CAPE","surface",-69.9015,18.8672,1531
"2026-09-09 18:00:00","2026-09-10 09:00:00","CAPE","surface",-69.8776,18.8672,1646
"2026-09-09 18:00:00","2026-09-10 09:00:00","CAPE","surface",-69.8537,18.8672,1646
"2026-09-09 18:00:00","2026-09-10 09:00:00","CAPE","surface",-69.8298,18.8672,1762
"2026-09-09 18:00:00","2026-09-10 09:00:00","CAPE","surface",-69.8058,18.8672,1778
"2026-09-09 18:00:00","2026-09-10 09:00:00","CAPE","surface",-69.7819,18.8672,1763
"2026-09-09 18:00:00","2026-09-10 09:00:00","CAPE","surface",-69.758,18.8672,1763
"2026-09-09 18:00:00","2026-09-10 09:00:00","CAPE","surface",-69.7341,18.8672,1733
"2026-09-09 18:00:00","2026-09-10 09:00:00","CAPE","surface",-69.7101,18.8672,1756
"2026-09-09 18:00:00","2026-09-10 09:00:00","CAPE","surface",-69.6862,18.8672,1756
"2026-09-09 18:00:00","2026-09-10 09:00:00","CAPE","surface",-69.6623,18.8672,1742
"2026-09-09 18:00:00","2026-09-10 09:00:00","CAPE","surface",-69.6384,18.8672,1683
"2026-09-09 18:00:00","2026-09-10 09:00:00","CAPE","surface",-69.6144,18.8672,1626
"2026-09-09 18:00:00","2026-09-10 09:00:00","CAPE","surface",-69.5905,18.8672,1629
"2026-09-09 18:00:00","2026-09-10 09:00:00","CAPE","surface",-69.5666,18.8672,1604
"2026-09-09 18:00:00","2026-09-10 09:00:00","CAPE","surface",-69.5427,18.8672,1599
"2026-09-09 18:00:00","2026-09-10 09:00:00","CAPE","surface",-69.5187,18.8672,1585
"2026-09-09 18:00:00","2026-09-10 09:00:00","CAPE","surface",-69.4948,18.8672,1603
"2026-09-09 18:00:00","2026-09-10 09:00:00","CAPE","surface",-69.4709,18.8672,1603
"2026-09-09 18:00:00","2026-09-10 09:00:00","CAPE","surface",-69.447,18.8672,1662
"2026-09-09 18:00:00","2026-09-10 09:00:00","CAPE","surface",-69.423,18.8672,1707
"2026-09-09 18:00:00","2026-09-10 09:00:00","CAPE","surface",-69.3991,18.8672,1778
"2026-09-09 18:00:00","2026-09-10 09:00:00","CAPE","surface",-69.3752,18.8672,1778
"2026-09-09 18:00:00","2026-09-10 09:00:00","CAPE","surface",-69.3513,18.8672,1817
"2026-09-09 18:00:00","2026-09-10 09:00:00","CAPE","surface",-69.3273,18.8672,1825
"2026-09-09 18:00:00","2026-09-10 09:00:00","CAPE","surface",-69.3034,18.8672,1887
"2026-09-09 18:00:00","2026-09-10 09:00:00","CAPE","surface",-69.2795,18.8672,1861
"2026-09-09 18:00:00","2026-09-10 09:00:00","CAPE","surface",-69.2556,18.8672,1939
"2026-09-09 18:00:00","2026-09-10 09:00:00","CAPE","surface",-69.2316,18.8672,1933
"2026-09-09 18:00:00","2026-09-10 09:00:00","CAPE","surface",-69.2077,18.8672,1973
"2026-09-09 18:00:00","2026-09-10 09:00:00","CAPE","surface",-69.1838,18.8672,1983
"2026-09-09 18:00:00","2026-09-10 09:00:00","CAPE","surface",-69.1599,18.8672,1983
"2026-09-09 18:00:00","2026-09-10 09:00:00","CAPE","surface",-69.1359,18.8672,2043
"2026-09-09 18:00:00","2026-09-10 09:00:00","CAPE","surface",-69.112,18.8672,2103
"2026-09-09 18:00:00","2026-09-10 09:00:00","CAPE","surface",-69.0881,18.8672,2143
"2026-09-09 18:00:00","2026-09-10 09:00:00","CAPE","surface",-69.0642,18.8672,2216
"2026-09-09 18:00:00","2026-09-10 09:00:00","CAPE","surface",-69.0402,18.8672,2233
"2026-09-09 18:00:00","2026-09-10 09:00:00","CAPE","surface",-69.0163,18.8672,2391
"2026-09-09 18:00:00","2026-09-10 09:00:00","CAPE","surface",-68.9924,18.8672,2480
"2026-09-09 18:00:00","2026-09-10 09:00:00","CAPE","surface",-68.9685,18.8672,2501
"2026-09-09 18:00:00","2026-09-10 09:00:00","CAPE","surface",-68.9445,18.8672,2501
"2026-09-09 18:00:00","2026-09-10 09:00:00","CAPE","surface",-68.9206,18.8672,2387
"2026-09-09 18:00:00","2026-09-10 09:00:00","CAPE","surface",-68.8967,18.8672,2294
"2026-09-09 18:00:00","2026-09-10 09:00:00","CAPE","surface",-68.8728,18.8672,2472
"2026-09-09 18:00:00","2026-09-10 09:00:00","CAPE","surface",-68.8488,18.8672,2534
"2026-09-09 18:00:00","2026-09-10 09:00:00","CAPE","surface",-68.8249,18.8672,2659
"2026-09-09 18:00:00","2026-09-10 09:00:00","CAPE","surface",-68.801,18.8672,2501
"2026-09-09 18:00:00","2026-09-10 09:00:00","CAPE","surface",-68.7771,18.8672,2617
"2026-09-09 18:00:00","2026-09-10 09:00:00","CAPE","surface",-68.7531,18.8672,2220
"2026-09-09 18:00:00","2026-09-10 09:00:00","CAPE","surface",-68.7292,18.8672,2402
"2026-09-09 18:00:00","2026-09-10 09:00:00","CAPE","surface",-68.7053,18.8672,2223
"2026-09-09 18:00:00","2026-09-10 09:00:00","CAPE","surface",-68.6813,18.8672,2346
"2026-09-09 18:00:00","2026-09-10 09:00:00","CAPE","surface",-68.6574,18.8672,2488
"2026-09-09 18:00:00","2026-09-10 09:00:00","CAPE","surface",-68.6335,18.8672,2621
"2026-09-09 18:00:00","2026-09-10 09:00:00","CAPE","surface",-68.6096,18.8672,2725
"2026-09-09 18:00:00","2026-09-10 09:00:00","CAPE","surface",-68.5856,18.8672,2689
"2026-09-09 18:00:00","2026-09-10 09:00:00","CAPE","surface",-68.5617,18.8672,2781
"2026-09-09 18:00:00","2026-09-10 09:00:00","CAPE","surface",-68.5378,18.8672,2560
"2026-09-09 18:00:00","2026-09-10 09:00:00","CAPE","surface",-68.5139,18.8672,2697
"2026-09-09 18:00:00","2026-09-10 09:00:00","CAPE","surface",-68.4899,18.8672,2648
"2026-09-09 18:00:00","2026-09-10 09:00:00","CAPE","surface",-68.466,18.8672,2743
"2026-09-09 18:00:00","2026-09-10 09:00:00","CAPE","surface",-68.4421,18.8672,2743
"2026-09-09 18:00:00","2026-09-10 09:00:00","CAPE","surface",-68.4182,18.8672,2978
"2026-09-09 18:00:00","2026-09-10 09:00:00","CAPE","surface",-68.3942,18.8672,3069
"2026-09-09 18:00:00","2026-09-10 09:00:00","CAPE","surface",-68.3703,18.8672,3197
"2026-09-09 18:00:00","2026-09-10 09:00:00","CAPE","surface",-68.3464,18.8672,3197
"2026-09-09 18:00:00","2026-09-10 09:00:00","CAPE","surface",-68.3225,18.8672,3120
"2026-09-09 18:00:00","2026-09-10 09:00:00","CAPE","surface",-68.2985,18.8672,2920
"2026-09-09 18:00:00","2026-09-10 09:00:00","CAPE","surface",-68.2746,18.8672,2825
"2026-09-09 18:00:00","2026-09-10 09:00:00","CAPE","surface",-68.2507,18.8672,2916
"2026-09-09 18:00:00","2026-09-10 09:00:00","CAPE","surface",-68.2268,18.8672,2916
"2026-09-09 18:00:00","2026-09-10 09:00:00","CAPE","surface",-68.2028,18.8672,3026
"2026-09-09 18:00:00","2026-09-10 09:00:00","CAPE","surface",-68.1789,18.8672,3048
"2026-09-09 18:00:00","2026-09-10 09:00:00","CAPE","surface",-68.155,18.8672,3144
"2026-09-09 18:00:00","2026-09-10 09:00:00","CAPE","surface",-68.1311,18.8672,3144
"2026-09-09 18:00:00","2026-09-10 09:00:00","CAPE","surface",-68.1071,18.8672,3351
"2026-09-09 18:00:00","2026-09-10 09:00:00","CAPE","surface",-68.0832,18.8672,3472
"2026-09-09 18:00:00","2026-09-10 09:00:00","CAPE","surface",-68.0593,18.8672,3449
"2026-09-09 18:00:00","2026-09-10 09:00:00","CAPE","surface",-68.0354,18.8672,3447
"2026-09-09 18:00:00","2026-09-10 09:00:00","CAPE","surface",-68.0114,18.8672,3436
"2026-09-09 18:00:00","2026-09-10 09:00:00","CAPE","surface",-67.9875,18.8672,3344
"2026-09-09 18:00:00","2026-09-10 09:00:00","CAPE","surface",-67.9636,18.8672,3322
"2026-09-09 18:00:00","2026-09-10 09:00:00","CAPE","surface",-67.9397,18.8672,3259
"2026-09-09 18:00:00","2026-09-10 09:00:00","CAPE","surface",-67.9157,18.8672,3288
"2026-09-09 18:00:00","2026-09-10 09:00:00","CAPE","surface",-67.8918,18.8672,3303
"2026-09-09 18:00:00","2026-09-10 09:00:00","CAPE","surface",-67.8679,18.8672,3313
"2026-09-09 18:00:00","2026-09-10 09:00:00","CAPE","surface",-67.844,18.8672,3313
"2026-09-09 18:00:00","2026-09-10 09:00:00","CAPE","surface",-67.82,18.8672,3127
"2026-09-09 18:00:00","2026-09-10 09:00:00","CAPE","surface",-67.7961,18.8672,3049
"2026-09-09 18:00:00","2026-09-10 09:00:00","CAPE","surface",-67.7722,18.8672,2927
"2026-09-09 18:00:00","2026-09-10 09:00:00","CAPE","surface",-67.7483,18.8672,2871
"2026-09-09 18:00:00","2026-09-10 09:00:00","CAPE","surface",-67.7243,18.8672,2761
"2026-09-09 18:00:00","2026-09-10 09:00:00","CAPE","surface",-67.7004,18.8672,2675
"2026-09-09 18:00:00","2026-09-10 09:00:00","CAPE","surface",-67.6765,18.8672,2658
"2026-09-09 18:00:00","2026-09-10 09:00:00","CAPE","surface",-67.6526,18.8672,2656
"2026-09-09 18:00:00","2026-09-10 09:00:00","CAPE","surface",-67.6286,18.8672,2656
"2026-09-09 18:00:00","2026-09-10 09:00:00","CAPE","surface",-67.6047,18.8672,2667
"2026-09-09 18:00:00","2026-09-10 09:00:00","CAPE","surface",-67.5808,18.8672,2707
"2026-09-09 18:00:00","2026-09-10 09:00:00","CAPE","surface",-67.5569,18.8672,2708
"2026-09-09 18:00:00","2026-09-10 09:00:00","CAPE","surface",-67.5329,18.8672,2697
"2026-09-09 18:00:00","2026-09-10 09:00:00","CAPE","surface",-67.509,18.8672,2727
"2026-09-09 18:00:00","2026-09-10 09:00:00","CAPE","surface",-67.4851,18.8672,2783
"2026-09-09 18:00:00","2026-09-10 09:00:00","CAPE","surface",-67.4612,18.8672,2865
"2026-09-09 18:00:00","2026-09-10 09:00:00","CAPE","surface",-67.4372,18.8672,2857
"2026-09-09 18:00:00","2026-09-10 09:00:00","CAPE","surface",-67.4133,18.8672,2910
"2026-09-09 18:00:00","2026-09-10 09:00:00","CAPE","surface",-67.3894,18.8672,2878
"2026-09-09 18:00:00","2026-09-10 09:00:00","CAPE","surface",-67.3655,18.8672,2879
"2026-09-09 18:00:00","2026-09-10 09:00:00","CAPE","surface",-67.3415,18.8672,2879
"2026-09-09 18:00:00","2026-09-10 09:00:00","CAPE","surface",-67.3176,18.8672,2886
"2026-09-09 18:00:00","2026-09-10 09:00:00","CAPE","surface",-67.2937,18.8672,2886
"2026-09-09 18:00:00","2026-09-10 09:00:00","CAPE","surface",-67.2698,18.8672,2864
"2026-09-09 18:00:00","2026-09-10 09:00:00","CAPE","surface",-67.2458,18.8672,2864
"2026-09-09 18:00:00","2026-09-10 09:00:00","CAPE","surface",-67.2219,18.8672,2878
"2026-09-09 18:00:00","2026-09-10 09:00:00","CAPE","surface",-67.198,18.8672,2968
"2026-09-09 18:00:00","2026-09-10 09:00:00","CAPE","surface",-67.1741,18.8672,3040
"2026-09-09 18:00:00","2026-09-10 09:00:00","CAPE","surface",-67.1501,18.8672,3149
"2026-09-09 18:00:00","2026-09-10 09:00:00","CAPE","surface",-67.1262,18.8672,3239
"2026-09-09 18:00:00","2026-09-10 09:00:00","CAPE","surface",-67.1023,18.8672,3266
"2026-09-09 18:00:00","2026-09-10 09:00:00","CAPE","surface",-67.0784,18.8672,3258
"2026-09-09 18:00:00","2026-09-10 09:00:00","CAPE","surface",-67.0544,18.8672,3082
"2026-09-09 18:00:00","2026-09-10 09:00:00","CAPE","surface",-67.0305,18.8672,3088
"2026-09-09 18:00:00","2026-09-10 09:00:00","CAPE","surface",-67.0066,18.8672,3027
"2026-09-09 18:00:00","2026-09-10 09:00:00","CAPE","surface",-74.7822,18.8898,2370
"2026-09-09 18:00:00","2026-09-10 09:00:00","CAPE","surface",-74.7583,18.8898,2351
"2026-09-09 18:00:00","2026-09-10 09:00:00","CAPE","surface",-74.7344,18.8898,2351
"2026-09-09 18:00:00","2026-09-10 09:00:00","CAPE","surface",-74.7105,18.8898,2279
"2026-09-09 18:00:00","2026-09-10 09:00:00","CAPE","surface",-74.6865,18.8898,2289
"2026-09-09 18:00:00","2026-09-10 09:00:00","CAPE","surface",-74.6626,18.8898,2370
"2026-09-09 18:00:00","2026-09-10 09:00:00","CAPE","surface",-74.6387,18.8898,2314
"2026-09-09 18:00:00","2026-09-10 09:00:00","CAPE","surface",-74.6148,18.8898,2320
"2026-09-09 18:00:00","2026-09-10 09:00:00","CAPE","surface",-74.5908,18.8898,2290
"2026-09-09 18:00:00","2026-09-10 09:00:00","CAPE","surface",-74.5669,18.8898,2316
"2026-09-09 18:00:00","2026-09-10 09:00:00","CAPE","surface",-74.543,18.8898,2377
"2026-09-09 18:00:00","2026-09-10 09:00:00","CAPE","surface",-74.5191,18.8898,2369
"2026-09-09 18:00:00","2026-09-10 09:00:00","CAPE","surface",-74.4951,18.8898,2265
"2026-09-09 18:00:00","2026-09-10 09:00:00","CAPE","surface",-74.4712,18.8898,2225
"2026-09-09 18:00:00","2026-09-10 09:00:00","CAPE","surface",-74.4473,18.8898,2228
"2026-09-09 18:00:00","2026-09-10 09:00:00","CAPE","surface",-74.4234,18.8898,2201
"2026-09-09 18:00:00","2026-09-10 09:00:00","CAPE","surface",-74.3994,18.8898,2349
"2026-09-09 18:00:00","2026-09-10 09:00:00","CAPE","surface",-74.3755,18.8898,2349
"2026-09-09 18:00:00","2026-09-10 09:00:00","CAPE","surface",-74.3516,18.8898,2380
"2026-09-09 18:00:00","2026-09-10 09:00:00","CAPE","surface",-74.3277,18.8898,2380
"2026-09-09 18:00:00","2026-09-10 09:00:00","CAPE","surface",-74.3037,18.8898,2343
"2026-09-09 18:00:00","2026-09-10 09:00:00","CAPE","surface",-74.2798,18.8898,2398
"2026-09-09 18:00:00","2026-09-10 09:00:00","CAPE","surface",-74.2559,18.8898,2172
"2026-09-09 18:00:00","2026-09-10 09:00:00","CAPE","surface",-74.232,18.8898,2093
"2026-09-09 18:00:00","2026-09-10 09:00:00","CAPE","surface",-74.208,18.8898,1945
"2026-09-09 18:00:00","2026-09-10 09:00:00","CAPE","surface",-74.1841,18.8898,1945
"2026-09-09 18:00:00","2026-09-10 09:00:00","CAPE","surface",-74.1602,18.8898,1926
"2026-09-09 18:00:00","2026-09-10 09:00:00","CAPE","surface",-74.1363,18.8898,1842
"2026-09-09 18:00:00","2026-09-10 09:00:00","CAPE","surface",-74.1123,18.8898,1847
"2026-09-09 18:00:00","2026-09-10 09:00:00","CAPE","surface",-74.0884,18.8898,1831
"2026-09-09 18:00:00","2026-09-10 09:00:00","CAPE","surface",-74.0645,18.8898,1851
"2026-09-09 18:00:00","2026-09-10 09:00:00","CAPE","surface",-74.0406,18.8898,1851
"2026-09-09 18:00:00","2026-09-10 09:00:00","CAPE","surface",-74.0166,18.8898,1908
"2026-09-09 18:00:00","2026-09-10 09:00:00","CAPE","surface",-73.9927,18.8898,1904
"2026-09-09 18:00:00","2026-09-10 09:00:00","CAPE","surface",-73.9688,18.8898,1901
"2026-09-09 18:00:00","2026-09-10 09:00:00","CAPE","surface",-73.9449,18.8898,1839
"2026-09-09 18:00:00","2026-09-10 09:00:00","CAPE","surface",-73.9209,18.8898,1864
"2026-09-09 18:00:00","2026-09-10 09:00:00","CAPE","surface",-73.897,18.8898,1824
"2026-09-09 18:00:00","2026-09-10 09:00:00","CAPE","surface",-73.8731,18.8898,1831
"2026-09-09 18:00:00","2026-09-10 09:00:00","CAPE","surface",-73.8492,18.8898,1830
"2026-09-09 18:00:00","2026-09-10 09:00:00","CAPE","surface",-73.8252,18.8898,1917
"2026-09-09 18:00:00","2026-09-10 09:00:00","CAPE","surface",-73.8013,18.8898,1943
"2026-09-09 18:00:00","2026-09-10 09:00:00","CAPE","surface",-73.7774,18.8898,2038
"2026-09-09 18:00:00","2026-09-10 09:00:00","CAPE","surface",-73.7535,18.8898,2060
"2026-09-09 18:00:00","2026-09-10 09:00:00","CAPE","surface",-73.7295,18.8898,2080
"2026-09-09 18:00:00","2026-09-10 09:00:00","CAPE","surface",-73.7056,18.8898,2065
"2026-09-09 18:00:00","2026-09-10 09:00:00","CAPE","surface",-73.6817,18.8898,2044
"2026-09-09 18:00:00","2026-09-10 09:00:00","CAPE","surface",-73.6578,18.8898,1946
"2026-09-09 18:00:00","2026-09-10 09:00:00","CAPE","surface",-73.6338,18.8898,1871
"2026-09-09 18:00:00","2026-09-10 09:00:00","CAPE","surface",-73.6099,18.8898,1783
"2026-09-09 18:00:00","2026-09-10 09:00:00","CAPE","surface",-73.586,18.8898,1784
"2026-09-09 18:00:00","2026-09-10 09:00:00","CAPE","surface",-73.5621,18.8898,1797
"2026-09-09 18:00:00","2026-09-10 09:00:00","CAPE","surface",-73.5381,18.8898,1849
"2026-09-09 18:00:00","2026-09-10 09:00:00","CAPE","surface",-73.5142,18.8898,1877
"2026-09-09 18:00:00","2026-09-10 09:00:00","CAPE","surface",-73.4903,18.8898,1899
"2026-09-09 18:00:00","2026-09-10 09:00:00","CAPE","surface",-73.4664,18.8898,1887
"2026-09-09 18:00:00","2026-09-10 09:00:00","CAPE","surface",-73.4424,18.8898,1896
"2026-09-09 18:00:00","2026-09-10 09:00:00","CAPE","surface",-73.4185,18.8898,1973
"2026-09-09 18:00:00","2026-09-10 09:00:00","CAPE","surface",-73.3946,18.8898,1973
"2026-09-09 18:00:00","2026-09-10 09:00:00","CAPE","surface",-73.3707,18.8898,2248
"2026-09-09 18:00:00","2026-09-10 09:00:00","CAPE","surface",-73.3467,18.8898,2184
"2026-09-09 18:00:00","2026-09-10 09:00:00","CAPE","surface",-73.3228,18.8898,1865
"2026-09-09 18:00:00","2026-09-10 09:00:00","CAPE","surface",-73.2989,18.8898,1821
"2026-09-09 18:00:00","2026-09-10 09:00:00","CAPE","surface",-73.275,18.8898,1647
"2026-09-09 18:00:00","2026-09-10 09:00:00","CAPE","surface",-73.251,18.8898,1562
"2026-09-09 18:00:00","2026-09-10 09:00:00","CAPE","surface",-73.2271,18.8898,1206
"2026-09-09 18:00:00","2026-09-10 09:00:00","CAPE","surface",-73.2032,18.8898,1124
"2026-09-09 18:00:00","2026-09-10 09:00:00","CAPE","surface",-73.1793,18.8898,947
"2026-09-09 18:00:00","2026-09-10 09:00:00","CAPE","surface",-73.1553,18.8898,963
"2026-09-09 18:00:00","2026-09-10 09:00:00","CAPE","surface",-73.1314,18.8898,998
"2026-09-09 18:00:00","2026-09-10 09:00:00","CAPE","surface",-73.1075,18.8898,990
"2026-09-09 18:00:00","2026-09-10 09:00:00","CAPE","surface",-73.0836,18.8898,1016
"2026-09-09 18:00:00","2026-09-10 09:00:00","CAPE","surface",-73.0596,18.8898,998
"2026-09-09 18:00:00","2026-09-10 09:00:00","CAPE","surface",-73.0357,18.8898,1056
"2026-09-09 18:00:00","2026-09-10 09:00:00","CAPE","surface",-73.0118,18.8898,2041
"2026-09-09 18:00:00","2026-09-10 09:00:00","CAPE","surface",-72.9879,18.8898,1937
"2026-09-09 18:00:00","2026-09-10 09:00:00","CAPE","surface",-72.9639,18.8898,1848
"2026-09-09 18:00:00","2026-09-10 09:00:00","CAPE","surface",-72.94,18.8898,1842
"2026-09-09 18:00:00","2026-09-10 09:00:00","CAPE","surface",-72.9161,18.8898,1784
"2026-09-09 18:00:00","2026-09-10 09:00:00","CAPE","surface",-72.8922,18.8898,1784
"2026-09-09 18:00:00","2026-09-10 09:00:00","CAPE","surface",-72.8682,18.8898,1731
"2026-09-09 18:00:00","2026-09-10 09:00:00","CAPE","surface",-72.8443,18.8898,1730
"2026-09-09 18:00:00","2026-09-10 09:00:00","CAPE","surface",-72.8204,18.8898,1627
"2026-09-09 18:00:00","2026-09-10 09:00:00","CAPE","surface",-72.7965,18.8898,1644
"2026-09-09 18:00:00","2026-09-10 09:00:00","CAPE","surface",-72.7725,18.8898,1440
"2026-09-09 18:00:00","2026-09-10 09:00:00","CAPE","surface",-72.7486,18.8898,1440
"2026-09-09 18:00:00","2026-09-10 09:00:00","CAPE","surface",-72.7247,18.8898,1335
"2026-09-09 18:00:00","2026-09-10 09:00:00","CAPE","surface",-72.7008,18.8898,1330
"2026-09-09 18:00:00","2026-09-10 09:00:00","CAPE","surface",-72.6768,18.8898,1159
"2026-09-09 18:00:00","2026-09-10 09:00:00","CAPE","surface",-72.6529,18.8898,1124
"2026-09-09 18:00:00","2026-09-10 09:00:00","CAPE","surface",-72.629,18.8898,723
"2026-09-09 18:00:00","2026-09-10 09:00:00","CAPE","surface",-72.6051,18.8898,583
"2026-09-09 18:00:00","2026-09-10 09:00:00","CAPE","surface",-72.5811,18.8898,387
"2026-09-09 18:00:00","2026-09-10 09:00:00","CAPE","surface",-72.5572,18.8898,401
"2026-09-09 18:00:00","2026-09-10 09:00:00","CAPE","surface",-72.5333,18.8898,411
"2026-09-09 18:00:00","2026-09-10 09:00:00","CAPE","surface",-72.5094,18.8898,380
"2026-09-09 18:00:00","2026-09-10 09:00:00","CAPE","surface",-72.4854,18.8898,476
"2026-09-09 18:00:00","2026-09-10 09:00:00","CAPE","surface",-72.4615,18.8898,511
"2026-09-09 18:00:00","2026-09-10 09:00:00","CAPE","surface",-72.4376,18.8898,478
"2026-09-09 18:00:00","2026-09-10 09:00:00","CAPE","surface",-72.4137,18.8898,534
"2026-09-09 18:00:00","2026-09-10 09:00:00","CAPE","surface",-72.3897,18.8898,534
"2026-09-09 18:00:00","2026-09-10 09:00:00","CAPE","surface",-72.3658,18.8898,561
"2026-09-09 18:00:00","2026-09-10 09:00:00","CAPE","surface",-72.3419,18.8898,555
"2026-09-09 18:00:00","2026-09-10 09:00:00","CAPE","surface",-72.318,18.8898,577
"2026-09-09 18:00:00","2026-09-10 09:00:00","CAPE","surface",-72.294,18.8898,587
"2026-09-09 18:00:00","2026-09-10 09:00:00","CAPE","surface",-72.2701,18.8898,592
"2026-09-09 18:00:00","2026-09-10 09:00:00","CAPE","surface",-72.2462,18.8898,605
"2026-09-09 18:00:00","2026-09-10 09:00:00","CAPE","surface",-72.2223,18.8898,490
"2026-09-09 18:00:00","2026-09-10 09:00:00","CAPE","surface",-72.1983,18.8898,523
"2026-09-09 18:00:00","2026-09-10 09:00:00","CAPE","surface",-72.1744,18.8898,759
"2026-09-09 18:00:00","2026-09-10 09:00:00","CAPE","surface",-72.1505,18.8898,759
"2026-09-09 18:00:00","2026-09-10 09:00:00","CAPE","surface",-72.1266,18.8898,843
"2026-09-09 18:00:00","2026-09-10 09:00:00","CAPE","surface",-72.1026,18.8898,645
"2026-09-09 18:00:00","2026-09-10 09:00:00","CAPE","surface",-72.0787,18.8898,588
"2026-09-09 18:00:00","2026-09-10 09:00:00","CAPE","surface",-72.0548,18.8898,541
"2026-09-09 18:00:00","2026-09-10 09:00:00","CAPE","surface",-72.0309,18.8898,541
"2026-09-09 18:00:00","2026-09-10 09:00:00","CAPE","surface",-72.0069,18.8898,552
"2026-09-09 18:00:00","2026-09-10 09:00:00","CAPE","surface",-71.983,18.8898,550
"2026-09-09 18:00:00","2026-09-10 09:00:00","CAPE","surface",-71.9591,18.8898,570
"2026-09-09 18:00:00","2026-09-10 09:00:00","CAPE","surface",-71.9352,18.8898,636
"2026-09-09 18:00:00","2026-09-10 09:00:00","CAPE","surface",-71.9112,18.8898,629
"2026-09-09 18:00:00","2026-09-10 09:00:00","CAPE","surface",-71.8873,18.8898,739
"2026-09-09 18:00:00","2026-09-10 09:00:00","CAPE","surface",-71.8634,18.8898,853
"2026-09-09 18:00:00","2026-09-10 09:00:00","CAPE","surface",-71.8395,18.8898,913
"2026-09-09 18:00:00","2026-09-10 09:00:00","CAPE","surface",-71.8155,18.8898,956
"2026-09-09 18:00:00","2026-09-10 09:00:00","CAPE","surface",-71.7916,18.8898,956
"2026-09-09 18:00:00","2026-09-10 09:00:00","CAPE","surface",-71.7677,18.8898,471
"2026-09-09 18:00:00","2026-09-10 09:00:00","CAPE","surface",-71.7438,18.8898,410
"2026-09-09 18:00:00","2026-09-10 09:00:00","CAPE","surface",-71.7198,18.8898,318
"2026-09-09 18:00:00","2026-09-10 09:00:00","CAPE","surface",-71.6959,18.8898,371
"2026-09-09 18:00:00","2026-09-10 09:00:00","CAPE","surface",-71.672,18.8898,371
"2026-09-09 18:00:00","2026-09-10 09:00:00","CAPE","surface",-71.6481,18.8898,414
"2026-09-09 18:00:00","2026-09-10 09:00:00","CAPE","surface",-71.6241,18.8898,389
"2026-09-09 18:00:00","2026-09-10 09:00:00","CAPE","surface",-71.6002,18.8898,424
"2026-09-09 18:00:00","2026-09-10 09:00:00","CAPE","surface",-71.5763,18.8898,396
"2026-09-09 18:00:00","2026-09-10 09:00:00","CAPE","surface",-71.5524,18.8898,450
"2026-09-09 18:00:00","2026-09-10 09:00:00","CAPE","surface",-71.5284,18.8898,438
"2026-09-09 18:00:00","2026-09-10 09:00:00","CAPE","surface",-71.5045,18.8898,444
"2026-09-09 18:00:00","2026-09-10 09:00:00","CAPE","surface",-71.4806,18.8898,417
"2026-09-09 18:00:00","2026-09-10 09:00:00","CAPE","surface",-71.4567,18.8898,499
"2026-09-09 18:00:00","2026-09-10 09:00:00","CAPE","surface",-71.4327,18.8898,499
"2026-09-09 18:00:00","2026-09-10 09:00:00","CAPE","surface",-71.4088,18.8898,510
"2026-09-09 18:00:00","2026-09-10 09:00:00","CAPE","surface",-71.3849,18.8898,536
"2026-09-09 18:00:00","2026-09-10 09:00:00","CAPE","surface",-71.361,18.8898,534
"2026-09-09 18:00:00","2026-09-10 09:00:00","CAPE","surface",-71.337,18.8898,544
"2026-09-09 18:00:00","2026-09-10 09:00:00","CAPE","surface",-71.3131,18.8898,544
"2026-09-09 18:00:00","2026-09-10 09:00:00","CAPE","surface",-71.2892,18.8898,557
"2026-09-09 18:00:00","2026-09-10 09:00:00","CAPE","surface",-71.2653,18.8898,573
"2026-09-09 18:00:00","2026-09-10 09:00:00","CAPE","surface",-71.2413,18.8898,563
"2026-09-09 18:00:00","2026-09-10 09:00:00","CAPE","surface",-71.2174,18.8898,563
"2026-09-09 18:00:00","2026-09-10 09:00:00","CAPE","surface",-71.1935,18.8898,584
"2026-09-09 18:00:00","2026-09-10 09:00:00","CAPE","surface",-71.1696,18.8898,594
"2026-09-09 18:00:00","2026-09-10 09:00:00","CAPE","surface",-71.1456,18.8898,547
"2026-09-09 18:00:00","2026-09-10 09:00:00","CAPE","surface",-71.1217,18.8898,538
"2026-09-09 18:00:00","2026-09-10 09:00:00","CAPE","surface",-71.0978,18.8898,161
"2026-09-09 18:00:00","2026-09-10 09:00:00","CAPE","surface",-71.0739,18.8898,216
"2026-09-09 18:00:00","2026-09-10 09:00:00","CAPE","surface",-71.0499,18.8898,152
"2026-09-09 18:00:00","2026-09-10 09:00:00","CAPE","surface",-71.026,18.8898,97
"2026-09-09 18:00:00","2026-09-10 09:00:00","CAPE","surface",-71.0021,18.8898,97
"2026-09-09 18:00:00","2026-09-10 09:00:00","CAPE","surface",-70.9782,18.8898,35
"2026-09-09 18:00:00","2026-09-10 09:00:00","CAPE","surface",-70.9542,18.8898,64
"2026-09-09 18:00:00","2026-09-10 09:00:00","CAPE","surface",-70.9303,18.8898,124
"2026-09-09 18:00:00","2026-09-10 09:00:00","CAPE","surface",-70.9064,18.8898,239
"2026-09-09 18:00:00","2026-09-10 09:00:00","CAPE","surface",-70.8825,18.8898,292
"2026-09-09 18:00:00","2026-09-10 09:00:00","CAPE","surface",-70.8585,18.8898,292
"2026-09-09 18:00:00","2026-09-10 09:00:00","CAPE","surface",-70.8346,18.8898,349
"2026-09-09 18:00:00","2026-09-10 09:00:00","CAPE","surface",-70.8107,18.8898,431
"2026-09-09 18:00:00","2026-09-10 09:00:00","CAPE","surface",-70.7868,18.8898,470
"2026-09-09 18:00:00","2026-09-10 09:00:00","CAPE","surface",-70.7628,18.8898,450
"2026-09-09 18:00:00","2026-09-10 09:00:00","CAPE","surface",-70.7389,18.8898,450
"2026-09-09 18:00:00","2026-09-10 09:00:00","CAPE","surface",-70.715,18.8898,467
"2026-09-09 18:00:00","2026-09-10 09:00:00","CAPE","surface",-70.6911,18.8898,440
"2026-09-09 18:00:00","2026-09-10 09:00:00","CAPE","surface",-70.6671,18.8898,617
"2026-09-09 18:00:00","2026-09-10 09:00:00","CAPE","surface",-70.6432,18.8898,617
"2026-09-09 18:00:00","2026-09-10 09:00:00","CAPE","surface",-70.6193,18.8898,587
"2026-09-09 18:00:00","2026-09-10 09:00:00","CAPE","surface",-70.5954,18.8898,682
"2026-09-09 18:00:00","2026-09-10 09:00:00","CAPE","surface",-70.5714,18.8898,636
"2026-09-09 18:00:00","2026-09-10 09:00:00","CAPE","surface",-70.5475,18.8898,649
"2026-09-09 18:00:00","2026-09-10 09:00:00","CAPE","surface",-70.5236,18.8898,576
"2026-09-09 18:00:00","2026-09-10 09:00:00","CAPE","surface",-70.4997,18.8898,578
"2026-09-09 18:00:00","2026-09-10 09:00:00","CAPE","surface",-70.4757,18.8898,676
"2026-09-09 18:00:00","2026-09-10 09:00:00","CAPE","surface",-70.4518,18.8898,808
"2026-09-09 18:00:00","2026-09-10 09:00:00","CAPE","surface",-70.4279,18.8898,942
"2026-09-09 18:00:00","2026-09-10 09:00:00","CAPE","surface",-70.404,18.8898,918
"2026-09-09 18:00:00","2026-09-10 09:00:00","CAPE","surface",-70.38,18.8898,986
"2026-09-09 18:00:00","2026-09-10 09:00:00","CAPE","surface",-70.3561,18.8898,1142
"2026-09-09 18:00:00","2026-09-10 09:00:00","CAPE","surface",-70.3322,18.8898,1178
"2026-09-09 18:00:00","2026-09-10 09:00:00","CAPE","surface",-70.3083,18.8898,1138
"2026-09-09 18:00:00","2026-09-10 09:00:00","CAPE","surface",-70.2843,18.8898,1111
"2026-09-09 18:00:00","2026-09-10 09:00:00","CAPE","surface",-70.2604,18.8898,1060
"2026-09-09 18:00:00","2026-09-10 09:00:00","CAPE","surface",-70.2365,18.8898,1079
"2026-09-09 18:00:00","2026-09-10 09:00:00","CAPE","surface",-70.2126,18.8898,1113
"2026-09-09 18:00:00","2026-09-10 09:00:00","CAPE","surface",-70.1886,18.8898,1150
"2026-09-09 18:00:00","2026-09-10 09:00:00","CAPE","surface",-70.1647,18.8898,1176
"2026-09-09 18:00:00","2026-09-10 09:00:00","CAPE","surface",-70.1408,18.8898,1254
"2026-09-09 18:00:00","2026-09-10 09:00:00","CAPE","surface",-70.1169,18.8898,1313
"2026-09-09 18:00:00","2026-09-10 09:00:00","CAPE","surface",-70.0929,18.8898,1273
"2026-09-09 18:00:00","2026-09-10 09:00:00","CAPE","surface",-70.069,18.8898,1305
"2026-09-09 18:00:00","2026-09-10 09:00:00","CAPE","surface",-70.0451,18.8898,1327
"2026-09-09 18:00:00","2026-09-10 09:00:00","CAPE","surface",-70.0212,18.8898,1402
"2026-09-09 18:00:00","2026-09-10 09:00:00","CAPE","surface",-69.9972,18.8898,1455
"2026-09-09 18:00:00","2026-09-10 09:00:00","CAPE","surface",-69.9733,18.8898,1455
"2026-09-09 18:00:00","2026-09-10 09:00:00","CAPE","surface",-69.9494,18.8898,1517
"2026-09-09 18:00:00","2026-09-10 09:00:00","CAPE","surface",-69.9255,18.8898,1658
"2026-09-09 18:00:00","2026-09-10 09:00:00","CAPE","surface",-69.9015,18.8898,1660
"2026-09-09 18:00:00","2026-09-10 09:00:00","CAPE","surface",-69.8776,18.8898,1773
"2026-09-09 18:00:00","2026-09-10 09:00:00","CAPE","surface",-69.8537,18.8898,1756
"2026-09-09 18:00:00","2026-09-10 09:00:00","CAPE","surface",-69.8298,18.8898,1774
"2026-09-09 18:00:00","2026-09-10 09:00:00","CAPE","surface",-69.8058,18.8898,1778
"2026-09-09 18:00:00","2026-09-10 09:00:00","CAPE","surface",-69.7819,18.8898,1786
"2026-09-09 18:00:00","2026-09-10 09:00:00","CAPE","surface",-69.758,18.8898,1786
"2026-09-09 18:00:00","2026-09-10 09:00:00","CAPE","surface",-69.7341,18.8898,1806
"2026-09-09 18:00:00","2026-09-10 09:00:00","CAPE","surface",-69.7101,18.8898,1780
"2026-09-09 18:00:00","2026-09-10 09:00:00","CAPE","surface",-69.6862,18.8898,1794
"2026-09-09 18:00:00","2026-09-10 09:00:00","CAPE","surface",-69.6623,18.8898,1812
"2026-09-09 18:00:00","2026-09-10 09:00:00","CAPE","surface",-69.6384,18.8898,1738
"2026-09-09 18:00:00","2026-09-10 09:00:00","CAPE","surface",-69.6144,18.8898,1679
"2026-09-09 18:00:00","2026-09-10 09:00:00","CAPE","surface",-69.5905,18.8898,1629
"2026-09-09 18:00:00","2026-09-10 09:00:00","CAPE","surface",-69.5666,18.8898,1629
"2026-09-09 18:00:00","2026-09-10 09:00:00","CAPE","surface",-69.5427,18.8898,1629
"2026-09-09 18:00:00","2026-09-10 09:00:00","CAPE","surface",-69.5187,18.8898,1634
"2026-09-09 18:00:00","2026-09-10 09:00:00","CAPE","surface",-69.4948,18.8898,1608
"2026-09-09 18:00:00","2026-09-10 09:00:00","CAPE","surface",-69.4709,18.8898,1644
"2026-09-09 18:00:00","2026-09-10 09:00:00","CAPE","surface",-69.447,18.8898,1736
"2026-09-09 18:00:00","2026-09-10 09:00:00","CAPE","surface",-69.423,18.8898,1701
"2026-09-09 18:00:00","2026-09-10 09:00:00","CAPE","surface",-69.3991,18.8898,1746
"2026-09-09 18:00:00","2026-09-10 09:00:00","CAPE","surface",-69.3752,18.8898,1780
"2026-09-09 18:00:00","2026-09-10 09:00:00","CAPE","surface",-69.3513,18.8898,1781
"2026-09-09 18:00:00","2026-09-10 09:00:00","CAPE","surface",-69.3273,18.8898,1781
"2026-09-09 18:00:00","2026-09-10 09:00:00","CAPE","surface",-69.3034,18.8898,1796
"2026-09-09 18:00:00","2026-09-10 09:00:00","CAPE","surface",-69.2795,18.8898,1861
"2026-09-09 18:00:00","2026-09-10 09:00:00","CAPE","surface",-69.2556,18.8898,1895
"2026-09-09 18:00:00","2026-09-10 09:00:00","CAPE","surface",-69.2316,18.8898,1885
"2026-09-09 18:00:00","2026-09-10 09:00:00","CAPE","surface",-69.2077,18.8898,1906
"2026-09-09 18:00:00","2026-09-10 09:00:00","CAPE","surface",-69.1838,18.8898,1936
"2026-09-09 18:00:00","2026-09-10 09:00:00","CAPE","surface",-69.1599,18.8898,1963
"2026-09-09 18:00:00","2026-09-10 09:00:00","CAPE","surface",-69.1359,18.8898,2046
"2026-09-09 18:00:00","2026-09-10 09:00:00","CAPE","surface",-69.112,18.8898,2046
"2026-09-09 18:00:00","2026-09-10 09:00:00","CAPE","surface",-69.0881,18.8898,2172
"2026-09-09 18:00:00","2026-09-10 09:00:00","CAPE","surface",-69.0642,18.8898,2216
"2026-09-09 18:00:00","2026-09-10 09:00:00","CAPE","surface",-69.0402,18.8898,2285
"2026-09-09 18:00:00","2026-09-10 09:00:00","CAPE","surface",-69.0163,18.8898,2339
"2026-09-09 18:00:00","2026-09-10 09:00:00","CAPE","surface",-68.9924,18.8898,2375
"2026-09-09 18:00:00","2026-09-10 09:00:00","CAPE","surface",-68.9685,18.8898,2529
"2026-09-09 18:00:00","2026-09-10 09:00:00","CAPE","surface",-68.9445,18.8898,2488
"2026-09-09 18:00:00","2026-09-10 09:00:00","CAPE","surface",-68.9206,18.8898,2434
"2026-09-09 18:00:00","2026-09-10 09:00:00","CAPE","surface",-68.8967,18.8898,2308
"2026-09-09 18:00:00","2026-09-10 09:00:00","CAPE","surface",-68.8728,18.8898,2353
"2026-09-09 18:00:00","2026-09-10 09:00:00","CAPE","surface",-68.8488,18.8898,2534
"2026-09-09 18:00:00","2026-09-10 09:00:00","CAPE","surface",-68.8249,18.8898,2388
"2026-09-09 18:00:00","2026-09-10 09:00:00","CAPE","surface",-68.801,18.8898,1983
"2026-09-09 18:00:00","2026-09-10 09:00:00","CAPE","surface",-68.7771,18.8898,2056
"2026-09-09 18:00:00","2026-09-10 09:00:00","CAPE","surface",-68.7531,18.8898,1852
"2026-09-09 18:00:00","2026-09-10 09:00:00","CAPE","surface",-68.7292,18.8898,2034
"2026-09-09 18:00:00","2026-09-10 09:00:00","CAPE","surface",-68.7053,18.8898,2005
"2026-09-09 18:00:00","2026-09-10 09:00:00","CAPE","surface",-68.6813,18.8898,2161
"2026-09-09 18:00:00","2026-09-10 09:00:00","CAPE","surface",-68.6574,18.8898,2408
"2026-09-09 18:00:00","2026-09-10 09:00:00","CAPE","surface",-68.6335,18.8898,2621
"2026-09-09 18:00:00","2026-09-10 09:00:00","CAPE","surface",-68.6096,18.8898,2500
"2026-09-09 18:00:00","2026-09-10 09:00:00","CAPE","surface",-68.5856,18.8898,2395
"2026-09-09 18:00:00","2026-09-10 09:00:00","CAPE","surface",-68.5617,18.8898,2444
"2026-09-09 18:00:00","2026-09-10 09:00:00","CAPE","surface",-68.5378,18.8898,2314
"2026-09-09 18:00:00","2026-09-10 09:00:00","CAPE","surface",-68.5139,18.8898,2462
"2026-09-09 18:00:00","2026-09-10 09:00:00","CAPE","surface",-68.4899,18.8898,2351
"2026-09-09 18:00:00","2026-09-10 09:00:00","CAPE","surface",-68.466,18.8898,2532
"2026-09-09 18:00:00","2026-09-10 09:00:00","CAPE","surface",-68.4421,18.8898,2813
"2026-09-09 18:00:00","2026-09-10 09:00:00","CAPE","surface",-68.4182,18.8898,2978
"2026-09-09 18:00:00","2026-09-10 09:00:00","CAPE","surface",-68.3942,18.8898,3105
"2026-09-09 18:00:00","2026-09-10 09:00:00","CAPE","surface",-68.3703,18.8898,3309
"2026-09-09 18:00:00","2026-09-10 09:00:00","CAPE","surface",-68.3464,18.8898,3294
"2026-09-09 18:00:00","2026-09-10 09:00:00","CAPE","surface",-68.3225,18.8898,3156
"2026-09-09 18:00:00","2026-09-10 09:00:00","CAPE","surface",-68.2985,18.8898,3156
"2026-09-09 18:00:00","2026-09-10 09:00:00","CAPE","surface",-68.2746,18.8898,3019
"2026-09-09 18:00:00","2026-09-10 09:00:00","CAPE","surface",-68.2507,18.8898,2902
"2026-09-09 18:00:00","2026-09-10 09:00:00","CAPE","surface",-68.2268,18.8898,2984
"2026-09-09 18:00:00","2026-09-10 09:00:00","CAPE","surface",-68.2028,18.8898,2984
"2026-09-09 18:00:00","2026-09-10 09:00:00","CAPE","surface",-68.1789,18.8898,3089
"2026-09-09 18:00:00","2026-09-10 09:00:00","CAPE","surface",-68.155,18.8898,3258
"2026-09-09 18:00:00","2026-09-10 09:00:00","CAPE","surface",-68.1311,18.8898,3310
"2026-09-09 18:00:00","2026-09-10 09:00:00","CAPE","surface",-68.1071,18.8898,3483
"2026-09-09 18:00:00","2026-09-10 09:00:00","CAPE","surface",-68.0832,18.8898,3483
"2026-09-09 18:00:00","2026-09-10 09:00:00","CAPE","surface",-68.0593,18.8898,3468
"2026-09-09 18:00:00","2026-09-10 09:00:00","CAPE","surface",-68.0354,18.8898,3447
"2026-09-09 18:00:00","2026-09-10 09:00:00","CAPE","surface",-68.0114,18.8898,3313
"2026-09-09 18:00:00","2026-09-10 09:00:00","CAPE","surface",-67.9875,18.8898,3234
"2026-09-09 18:00:00","2026-09-10 09:00:00","CAPE","surface",-67.9636,18.8898,3265
"2026-09-09 18:00:00","2026-09-10 09:00:00","CAPE","surface",-67.9397,18.8898,3272
"2026-09-09 18:00:00","2026-09-10 09:00:00","CAPE","surface",-67.9157,18.8898,3288
"2026-09-09 18:00:00","2026-09-10 09:00:00","CAPE","surface",-67.8918,18.8898,3339
"2026-09-09 18:00:00","2026-09-10 09:00:00","CAPE","surface",-67.8679,18.8898,3348
"2026-09-09 18:00:00","2026-09-10 09:00:00","CAPE","surface",-67.844,18.8898,3225
"2026-09-09 18:00:00","2026-09-10 09:00:00","CAPE","surface",-67.82,18.8898,3127
"2026-09-09 18:00:00","2026-09-10 09:00:00","CAPE","surface",-67.7961,18.8898,3035
"2026-09-09 18:00:00","2026-09-10 09:00:00","CAPE","surface",-67.7722,18.8898,2955
"2026-09-09 18:00:00","2026-09-10 09:00:00","CAPE","surface",-67.7483,18.8898,2904
"2026-09-09 18:00:00","2026-09-10 09:00:00","CAPE","surface",-67.7243,18.8898,2702
"2026-09-09 18:00:00","2026-09-10 09:00:00","CAPE","surface",-67.7004,18.8898,2702
"2026-09-09 18:00:00","2026-09-10 09:00:00","CAPE","surface",-67.6765,18.8898,2671
"2026-09-09 18:00:00","2026-09-10 09:00:00","CAPE","surface",-67.6526,18.8898,2673
"2026-09-09 18:00:00","2026-09-10 09:00:00","CAPE","surface",-67.6286,18.8898,2654
"2026-09-09 18:00:00","2026-09-10 09:00:00","CAPE","surface",-67.6047,18.8898,2650
"2026-09-09 18:00:00","2026-09-10 09:00:00","CAPE","surface",-67.5808,18.8898,2663
"2026-09-09 18:00:00","2026-09-10 09:00:00","CAPE","surface",-67.5569,18.8898,2681
"2026-09-09 18:00:00","2026-09-10 09:00:00","CAPE","surface",-67.5329,18.8898,2697
"2026-09-09 18:00:00","2026-09-10 09:00:00","CAPE","surface",-67.509,18.8898,2733
"2026-09-09 18:00:00","2026-09-10 09:00:00","CAPE","surface",-67.4851,18.8898,2747
"2026-09-09 18:00:00","2026-09-10 09:00:00","CAPE","surface",-67.4612,18.8898,2821
"2026-09-09 18:00:00","2026-09-10 09:00:00","CAPE","surface",-67.4372,18.8898,2818
"2026-09-09 18:00:00","2026-09-10 09:00:00","CAPE","surface",-67.4133,18.8898,2825
"2026-09-09 18:00:00","2026-09-10 09:00:00","CAPE","surface",-67.3894,18.8898,2801
"2026-09-09 18:00:00","2026-09-10 09:00:00","CAPE","surface",-67.3655,18.8898,2840
"2026-09-09 18:00:00","2026-09-10 09:00:00","CAPE","surface",-67.3415,18.8898,2863
"2026-09-09 18:00:00","2026-09-10 09:00:00","CAPE","surface",-67.3176,18.8898,2886
"2026-09-09 18:00:00","2026-09-10 09:00:00","CAPE","surface",-67.2937,18.8898,2860
"2026-09-09 18:00:00","2026-09-10 09:00:00","CAPE","surface",-67.2698,18.8898,2876
"2026-09-09 18:00:00","2026-09-10 09:00:00","CAPE","surface",-67.2458,18.8898,2871
"2026-09-09 18:00:00","2026-09-10 09:00:00","CAPE","surface",-67.2219,18.8898,2891
"2026-09-09 18:00:00","2026-09-10 09:00:00","CAPE","surface",-67.198,18.8898,2891
"2026-09-09 18:00:00","2026-09-10 09:00:00","CAPE","surface",-67.1741,18.8898,3035
"2026-09-09 18:00:00","2026-09-10 09:00:00","CAPE","surface",-67.1501,18.8898,3149
"2026-09-09 18:00:00","2026-09-10 09:00:00","CAPE","surface",-67.1262,18.8898,3241
"2026-09-09 18:00:00","2026-09-10 09:00:00","CAPE","surface",-67.1023,18.8898,3241
"2026-09-09 18:00:00","2026-09-10 09:00:00","CAPE","surface",-67.0784,18.8898,3091
"2026-09-09 18:00:00","2026-09-10 09:00:00","CAPE","surface",-67.0544,18.8898,3043
"2026-09-09 18:00:00","2026-09-10 09:00:00","CAPE","surface",-67.0305,18.8898,3022
"2026-09-09 18:00:00","2026-09-10 09:00:00","CAPE","surface",-67.0066,18.8898,3063
"2026-09-09 18:00:00","2026-09-10 09:00:00","CAPE","surface",-74.7822,18.9124,2324
"2026-09-09 18:00:00","2026-09-10 09:00:00","CAPE","surface",-74.7583,18.9124,2294
"2026-09-09 18:00:00","2026-09-10 09:00:00","CAPE","surface",-74.7344,18.9124,2287
"2026-09-09 18:00:00","2026-09-10 09:00:00","CAPE","surface",-74.7105,18.9124,2321
"2026-09-09 18:00:00","2026-09-10 09:00:00","CAPE","surface",-74.6865,18.9124,2346
"2026-09-09 18:00:00","2026-09-10 09:00:00","CAPE","surface",-74.6626,18.9124,2318
"2026-09-09 18:00:00","2026-09-10 09:00:00","CAPE","surface",-74.6387,18.9124,2311
"2026-09-09 18:00:00","2026-09-10 09:00:00","CAPE","surface",-74.6148,18.9124,2279
"2026-09-09 18:00:00","2026-09-10 09:00:00","CAPE","surface",-74.5908,18.9124,2290
"2026-09-09 18:00:00","2026-09-10 09:00:00","CAPE","surface",-74.5669,18.9124,2361
"2026-09-09 18:00:00","2026-09-10 09:00:00","CAPE","surface",-74.543,18.9124,2361
"2026-09-09 18:00:00","2026-09-10 09:00:00","CAPE","surface",-74.5191,18.9124,2335
"2026-09-09 18:00:00","2026-09-10 09:00:00","CAPE","surface",-74.4951,18.9124,2302
"2026-09-09 18:00:00","2026-09-10 09:00:00","CAPE","surface",-74.4712,18.9124,2255
"2026-09-09 18:00:00","2026-09-10 09:00:00","CAPE","surface",-74.4473,18.9124,2228
"2026-09-09 18:00:00","2026-09-10 09:00:00","CAPE","surface",-74.4234,18.9124,2358
"2026-09-09 18:00:00","2026-09-10 09:00:00","CAPE","surface",-74.3994,18.9124,2358
"2026-09-09 18:00:00","2026-09-10 09:00:00","CAPE","surface",-74.3755,18.9124,2277
"2026-09-09 18:00:00","2026-09-10 09:00:00","CAPE","surface",-74.3516,18.9124,2327
"2026-09-09 18:00:00","2026-09-10 09:00:00","CAPE","surface",-74.3277,18.9124,2271
"2026-09-09 18:00:00","2026-09-10 09:00:00","CAPE","surface",-74.3037,18.9124,2343
"2026-09-09 18:00:00","2026-09-10 09:00:00","CAPE","surface",-74.2798,18.9124,2206
"2026-09-09 18:00:00","2026-09-10 09:00:00","CAPE","surface",-74.2559,18.9124,2206
"2026-09-09 18:00:00","2026-09-10 09:00:00","CAPE","surface",-74.232,18.9124,2018
"2026-09-09 18:00:00","2026-09-10 09:00:00","CAPE","surface",-74.208,18.9124,1996
"2026-09-09 18:00:00","2026-09-10 09:00:00","CAPE","surface",-74.1841,18.9124,2030
"2026-09-09 18:00:00","2026-09-10 09:00:00","CAPE","surface",-74.1602,18.9124,1926
"2026-09-09 18:00:00","2026-09-10 09:00:00","CAPE","surface",-74.1363,18.9124,1918
"2026-09-09 18:00:00","2026-09-10 09:00:00","CAPE","surface",-74.1123,18.9124,1874
"2026-09-09 18:00:00","2026-09-10 09:00:00","CAPE","surface",-74.0884,18.9124,1856
"2026-09-09 18:00:00","2026-09-10 09:00:00","CAPE","surface",-74.0645,18.9124,1842
"2026-09-09 18:00:00","2026-09-10 09:00:00","CAPE","surface",-74.0406,18.9124,1879
"2026-09-09 18:00:00","2026-09-10 09:00:00","CAPE","surface",-74.0166,18.9124,1914
"2026-09-09 18:00:00","2026-09-10 09:00:00","CAPE","surface",-73.9927,18.9124,1914
"2026-09-09 18:00:00","2026-09-10 09:00:00","CAPE","surface",-73.9688,18.9124,1884
"2026-09-09 18:00:00","2026-09-10 09:00:00","CAPE","surface",-73.9449,18.9124,1890
"2026-09-09 18:00:00","2026-09-10 09:00:00","CAPE","surface",-73.9209,18.9124,1843
"2026-09-09 18:00:00","2026-09-10 09:00:00","CAPE","surface",-73.897,18.9124,1839
"2026-09-09 18:00:00","2026-09-10 09:00:00","CAPE","surface",-73.8731,18.9124,1821
"2026-09-09 18:00:00","2026-09-10 09:00:00","CAPE","surface",-73.8492,18.9124,1850
"2026-09-09 18:00:00","2026-09-10 09:00:00","CAPE","surface",-73.8252,18.9124,1921
"2026-09-09 18:00:00","2026-09-10 09:00:00","CAPE","surface",-73.8013,18.9124,1987
"2026-09-09 18:00:00","2026-09-10 09:00:00","CAPE","surface",-73.7774,18.9124,2071
"2026-09-09 18:00:00","2026-09-10 09:00:00","CAPE","surface",-73.7535,18.9124,2096
"2026-09-09 18:00:00","2026-09-10 09:00:00","CAPE","surface",-73.7295,18.9124,2087
"2026-09-09 18:00:00","2026-09-10 09:00:00","CAPE","surface",-73.7056,18.9124,2084
"2026-09-09 18:00:00","2026-09-10 09:00:00","CAPE","surface",-73.6817,18.9124,1985
"2026-09-09 18:00:00","2026-09-10 09:00:00","CAPE","surface",-73.6578,18.9124,1946
"2026-09-09 18:00:00","2026-09-10 09:00:00","CAPE","surface",-73.6338,18.9124,1812
"2026-09-09 18:00:00","2026-09-10 09:00:00","CAPE","surface",-73.6099,18.9124,1812
"2026-09-09 18:00:00","2026-09-10 09:00:00","CAPE","surface",-73.586,18.9124,1792
"2026-09-09 18:00:00","2026-09-10 09:00:00","CAPE","surface",-73.5621,18.9124,1792
"2026-09-09 18:00:00","2026-09-10 09:00:00","CAPE","surface",-73.5381,18.9124,1824
"2026-09-09 18:00:00","2026-09-10 09:00:00","CAPE","surface",-73.5142,18.9124,1877
"2026-09-09 18:00:00","2026-09-10 09:00:00","CAPE","surface",-73.4903,18.9124,1881
"2026-09-09 18:00:00","2026-09-10 09:00:00","CAPE","surface",-73.4664,18.9124,1881
"2026-09-09 18:00:00","2026-09-10 09:00:00","CAPE","surface",-73.4424,18.9124,1911
"2026-09-09 18:00:00","2026-09-10 09:00:00","CAPE","surface",-73.4185,18.9124,1939
"2026-09-09 18:00:00","2026-09-10 09:00:00","CAPE","surface",-73.3946,18.9124,2222
"2026-09-09 18:00:00","2026-09-10 09:00:00","CAPE","surface",-73.3707,18.9124,2248
"2026-09-09 18:00:00","2026-09-10 09:00:00","CAPE","surface",-73.3467,18.9124,2080
"2026-09-09 18:00:00","2026-09-10 09:00:00","CAPE","surface",-73.3228,18.9124,1783
"2026-09-09 18:00:00","2026-09-10 09:00:00","CAPE","surface",-73.2989,18.9124,1813
"2026-09-09 18:00:00","2026-09-10 09:00:00","CAPE","surface",-73.275,18.9124,1252
"2026-09-09 18:00:00","2026-09-10 09:00:00","CAPE","surface",-73.251,18.9124,1264
"2026-09-09 18:00:00","2026-09-10 09:00:00","CAPE","surface",-73.2271,18.9124,940
"2026-09-09 18:00:00","2026-09-10 09:00:00","CAPE","surface",-73.2032,18.9124,940
"2026-09-09 18:00:00","2026-09-10 09:00:00","CAPE","surface",-73.1793,18.9124,986
"2026-09-09 18:00:00","2026-09-10 09:00:00","CAPE","surface",-73.1553,18.9124,1000
"2026-09-09 18:00:00","2026-09-10 09:00:00","CAPE","surface",-73.1314,18.9124,1050
"2026-09-09 18:00:00","2026-09-10 09:00:00","CAPE","surface",-73.1075,18.9124,1024
"2026-09-09 18:00:00","2026-09-10 09:00:00","CAPE","surface",-73.0836,18.9124,1370
"2026-09-09 18:00:00","2026-09-10 09:00:00","CAPE","surface",-73.0596,18.9124,1300
"2026-09-09 18:00:00","2026-09-10 09:00:00","CAPE","surface",-73.0357,18.9124,2070
"2026-09-09 18:00:00","2026-09-10 09:00:00","CAPE","surface",-73.0118,18.9124,2041
"2026-09-09 18:00:00","2026-09-10 09:00:00","CAPE","surface",-72.9879,18.9124,1869
"2026-09-09 18:00:00","2026-09-10 09:00:00","CAPE","surface",-72.9639,18.9124,1869
"2026-09-09 18:00:00","2026-09-10 09:00:00","CAPE","surface",-72.94,18.9124,1840
"2026-09-09 18:00:00","2026-09-10 09:00:00","CAPE","surface",-72.9161,18.9124,1813
"2026-09-09 18:00:00","2026-09-10 09:00:00","CAPE","surface",-72.8922,18.9124,1740
"2026-09-09 18:00:00","2026-09-10 09:00:00","CAPE","surface",-72.8682,18.9124,1731
"2026-09-09 18:00:00","2026-09-10 09:00:00","CAPE","surface",-72.8443,18.9124,1622
"2026-09-09 18:00:00","2026-09-10 09:00:00","CAPE","surface",-72.8204,18.9124,1623
"2026-09-09 18:00:00","2026-09-10 09:00:00","CAPE","surface",-72.7965,18.9124,1444
"2026-09-09 18:00:00","2026-09-10 09:00:00","CAPE","surface",-72.7725,18.9124,1440
"2026-09-09 18:00:00","2026-09-10 09:00:00","CAPE","surface",-72.7486,18.9124,1347
"2026-09-09 18:00:00","2026-09-10 09:00:00","CAPE","surface",-72.7247,18.9124,1228
"2026-09-09 18:00:00","2026-09-10 09:00:00","CAPE","surface",-72.7008,18.9124,1228
"2026-09-09 18:00:00","2026-09-10 09:00:00","CAPE","surface",-72.6768,18.9124,1089
"2026-09-09 18:00:00","2026-09-10 09:00:00","CAPE","surface",-72.6529,18.9124,984
"2026-09-09 18:00:00","2026-09-10 09:00:00","CAPE","surface",-72.629,18.9124,220
"2026-09-09 18:00:00","2026-09-10 09:00:00","CAPE","surface",-72.6051,18.9124,240
"2026-09-09 18:00:00","2026-09-10 09:00:00","CAPE","surface",-72.5811,18.9124,194
"2026-09-09 18:00:00","2026-09-10 09:00:00","CAPE","surface",-72.5572,18.9124,291
"2026-09-09 18:00:00","2026-09-10 09:00:00","CAPE","surface",-72.5333,18.9124,379
"2026-09-09 18:00:00","2026-09-10 09:00:00","CAPE","surface",-72.5094,18.9124,380
"2026-09-09 18:00:00","2026-09-10 09:00:00","CAPE","surface",-72.4854,18.9124,526
"2026-09-09 18:00:00","2026-09-10 09:00:00","CAPE","surface",-72.4615,18.9124,526
"2026-09-09 18:00:00","2026-09-10 09:00:00","CAPE","surface",-72.4376,18.9124,602
"2026-09-09 18:00:00","2026-09-10 09:00:00","CAPE","surface",-72.4137,18.9124,578
"2026-09-09 18:00:00","2026-09-10 09:00:00","CAPE","surface",-72.3897,18.9124,567
"2026-09-09 18:00:00","2026-09-10 09:00:00","CAPE","surface",-72.3658,18.9124,561
"2026-09-09 18:00:00","2026-09-10 09:00:00","CAPE","surface",-72.3419,18.9124,544
"2026-09-09 18:00:00","2026-09-10 09:00:00","CAPE","surface",-72.318,18.9124,552
"2026-09-09 18:00:00","2026-09-10 09:00:00","CAPE","surface",-72.294,18.9124,573
"2026-09-09 18:00:00","2026-09-10 09:00:00","CAPE","surface",-72.2701,18.9124,519
"2026-09-09 18:00:00","2026-09-10 09:00:00","CAPE","surface",-72.2462,18.9124,509
"2026-09-09 18:00:00","2026-09-10 09:00:00","CAPE","surface",-72.2223,18.9124,659
"2026-09-09 18:00:00","2026-09-10 09:00:00","CAPE","surface",-72.1983,18.9124,745
"2026-09-09 18:00:00","2026-09-10 09:00:00","CAPE","surface",-72.1744,18.9124,877
"2026-09-09 18:00:00","2026-09-10 09:00:00","CAPE","surface",-72.1505,18.9124,836
"2026-09-09 18:00:00","2026-09-10 09:00:00","CAPE","surface",-72.1266,18.9124,651
"2026-09-09 18:00:00","2026-09-10 09:00:00","CAPE","surface",-72.1026,18.9124,651
"2026-09-09 18:00:00","2026-09-10 09:00:00","CAPE","surface",-72.0787,18.9124,451
"2026-09-09 18:00:00","2026-09-10 09:00:00","CAPE","surface",-72.0548,18.9124,481
"2026-09-09 18:00:00","2026-09-10 09:00:00","CAPE","surface",-72.0309,18.9124,527
"2026-09-09 18:00:00","2026-09-10 09:00:00","CAPE","surface",-72.0069,18.9124,552
"2026-09-09 18:00:00","2026-09-10 09:00:00","CAPE","surface",-71.983,18.9124,568
"2026-09-09 18:00:00","2026-09-10 09:00:00","CAPE","surface",-71.9591,18.9124,571
"2026-09-09 18:00:00","2026-09-10 09:00:00","CAPE","surface",-71.9352,18.9124,575
"2026-09-09 18:00:00","2026-09-10 09:00:00","CAPE","surface",-71.9112,18.9124,629
"2026-09-09 18:00:00","2026-09-10 09:00:00","CAPE","surface",-71.8873,18.9124,729
"2026-09-09 18:00:00","2026-09-10 09:00:00","CAPE","surface",-71.8634,18.9124,787
"2026-09-09 18:00:00","2026-09-10 09:00:00","CAPE","surface",-71.8395,18.9124,910
"2026-09-09 18:00:00","2026-09-10 09:00:00","CAPE","surface",-71.8155,18.9124,721
"2026-09-09 18:00:00","2026-09-10 09:00:00","CAPE","surface",-71.7916,18.9124,614
"2026-09-09 18:00:00","2026-09-10 09:00:00","CAPE","surface",-71.7677,18.9124,388
"2026-09-09 18:00:00","2026-09-10 09:00:00","CAPE","surface",-71.7438,18.9124,388
"2026-09-09 18:00:00","2026-09-10 09:00:00","CAPE","surface",-71.7198,18.9124,409
"2026-09-09 18:00:00","2026-09-10 09:00:00","CAPE","surface",-71.6959,18.9124,397
"2026-09-09 18:00:00","2026-09-10 09:00:00","CAPE","surface",-71.672,18.9124,429
"2026-09-09 18:00:00","2026-09-10 09:00:00","CAPE","surface",-71.6481,18.9124,414
"2026-09-09 18:00:00","2026-09-10 09:00:00","CAPE","surface",-71.6241,18.9124,451
"2026-09-09 18:00:00","2026-09-10 09:00:00","CAPE","surface",-71.6002,18.9124,443
"2026-09-09 18:00:00","2026-09-10 09:00:00","CAPE","surface",-71.5763,18.9124,456
"2026-09-09 18:00:00","2026-09-10 09:00:00","CAPE","surface",-71.5524,18.9124,450
"2026-09-09 18:00:00","2026-09-10 09:00:00","CAPE","surface",-71.5284,18.9124,461
"2026-09-09 18:00:00","2026-09-10 09:00:00","CAPE","surface",-71.5045,18.9124,473
"2026-09-09 18:00:00","2026-09-10 09:00:00","CAPE","surface",-71.4806,18.9124,492
"2026-09-09 18:00:00","2026-09-10 09:00:00","CAPE","surface",-71.4567,18.9124,475
"2026-09-09 18:00:00","2026-09-10 09:00:00","CAPE","surface",-71.4327,18.9124,496
"2026-09-09 18:00:00","2026-09-10 09:00:00","CAPE","surface",-71.4088,18.9124,517
"2026-09-09 18:00:00","2026-09-10 09:00:00","CAPE","surface",-71.3849,18.9124,517
"2026-09-09 18:00:00","2026-09-10 09:00:00","CAPE","surface",-71.361,18.9124,528
"2026-09-09 18:00:00","2026-09-10 09:00:00","CAPE","surface",-71.337,18.9124,530
"2026-09-09 18:00:00","2026-09-10 09:00:00","CAPE","surface",-71.3131,18.9124,495
"2026-09-09 18:00:00","2026-09-10 09:00:00","CAPE","surface",-71.2892,18.9124,557
"2026-09-09 18:00:00","2026-09-10 09:00:00","CAPE","surface",-71.2653,18.9124,508
"2026-09-09 18:00:00","2026-09-10 09:00:00","CAPE","surface",-71.2413,18.9124,567
"2026-09-09 18:00:00","2026-09-10 09:00:00","CAPE","surface",-71.2174,18.9124,516
"2026-09-09 18:00:00","2026-09-10 09:00:00","CAPE","surface",-71.1935,18.9124,286
"2026-09-09 18:00:00","2026-09-10 09:00:00","CAPE","surface",-71.1696,18.9124,286
"2026-09-09 18:00:00","2026-09-10 09:00:00","CAPE","surface",-71.1456,18.9124,25
"2026-09-09 18:00:00","2026-09-10 09:00:00","CAPE","surface",-71.1217,18.9124,92
"2026-09-09 18:00:00","2026-09-10 09:00:00","CAPE","surface",-71.0978,18.9124,42
"2026-09-09 18:00:00","2026-09-10 09:00:00","CAPE","surface",-71.0739,18.9124,75
"2026-09-09 18:00:00","2026-09-10 09:00:00","CAPE","surface",-71.0499,18.9124,21
"2026-09-09 18:00:00","2026-09-10 09:00:00","CAPE","surface",-71.026,18.9124,65
"2026-09-09 18:00:00","2026-09-10 09:00:00","CAPE","surface",-71.0021,18.9124,23
"2026-09-09 18:00:00","2026-09-10 09:00:00","CAPE","surface",-70.9782,18.9124,35
"2026-09-09 18:00:00","2026-09-10 09:00:00","CAPE","surface",-70.9542,18.9124,47
"2026-09-09 18:00:00","2026-09-10 09:00:00","CAPE","surface",-70.9303,18.9124,47
"2026-09-09 18:00:00","2026-09-10 09:00:00","CAPE","surface",-70.9064,18.9124,110
"2026-09-09 18:00:00","2026-09-10 09:00:00","CAPE","surface",-70.8825,18.9124,204
"2026-09-09 18:00:00","2026-09-10 09:00:00","CAPE","surface",-70.8585,18.9124,291
"2026-09-09 18:00:00","2026-09-10 09:00:00","CAPE","surface",-70.8346,18.9124,343
"2026-09-09 18:00:00","2026-09-10 09:00:00","CAPE","surface",-70.8107,18.9124,343
"2026-09-09 18:00:00","2026-09-10 09:00:00","CAPE","surface",-70.7868,18.9124,390
"2026-09-09 18:00:00","2026-09-10 09:00:00","CAPE","surface",-70.7628,18.9124,433
"2026-09-09 18:00:00","2026-09-10 09:00:00","CAPE","surface",-70.7389,18.9124,440
"2026-09-09 18:00:00","2026-09-10 09:00:00","CAPE","surface",-70.715,18.9124,440
"2026-09-09 18:00:00","2026-09-10 09:00:00","CAPE","surface",-70.6911,18.9124,451
"2026-09-09 18:00:00","2026-09-10 09:00:00","CAPE","surface",-70.6671,18.9124,524
"2026-09-09 18:00:00","2026-09-10 09:00:00","CAPE","surface",-70.6432,18.9124,528
"2026-09-09 18:00:00","2026-09-10 09:00:00","CAPE","surface",-70.6193,18.9124,587
"2026-09-09 18:00:00","2026-09-10 09:00:00","CAPE","surface",-70.5954,18.9124,487
"2026-09-09 18:00:00","2026-09-10 09:00:00","CAPE","surface",-70.5714,18.9124,533
"2026-09-09 18:00:00","2026-09-10 09:00:00","CAPE","surface",-70.5475,18.9124,543
"2026-09-09 18:00:00","2026-09-10 09:00:00","CAPE","surface",-70.5236,18.9124,684
"2026-09-09 18:00:00","2026-09-10 09:00:00","CAPE","surface",-70.4997,18.9124,596
"2026-09-09 18:00:00","2026-09-10 09:00:00","CAPE","surface",-70.4757,18.9124,726
"2026-09-09 18:00:00","2026-09-10 09:00:00","CAPE","surface",-70.4518,18.9124,763
"2026-09-09 18:00:00","2026-09-10 09:00:00","CAPE","surface",-70.4279,18.9124,809
"2026-09-09 18:00:00","2026-09-10 09:00:00","CAPE","surface",-70.404,18.9124,918
"2026-09-09 18:00:00","2026-09-10 09:00:00","CAPE","surface",-70.38,18.9124,922
"2026-09-09 18:00:00","2026-09-10 09:00:00","CAPE","surface",-70.3561,18.9124,1025
"2026-09-09 18:00:00","2026-09-10 09:00:00","CAPE","surface",-70.3322,18.9124,1113
"2026-09-09 18:00:00","2026-09-10 09:00:00","CAPE","surface",-70.3083,18.9124,1068
"2026-09-09 18:00:00","2026-09-10 09:00:00","CAPE","surface",-70.2843,18.9124,1053
"2026-09-09 18:00:00","2026-09-10 09:00:00","CAPE","surface",-70.2604,18.9124,1014
"2026-09-09 18:00:00","2026-09-10 09:00:00","CAPE","surface",-70.2365,18.9124,1042
"2026-09-09 18:00:00","2026-09-10 09:00:00","CAPE","surface",-70.2126,18.9124,1072
"2026-09-09 18:00:00","2026-09-10 09:00:00","CAPE","surface",-70.1886,18.9124,1150
"2026-09-09 18:00:00","2026-09-10 09:00:00","CAPE","surface",-70.1647,18.9124,1222
"2026-09-09 18:00:00","2026-09-10 09:00:00","CAPE","surface",-70.1408,18.9124,1222
"2026-09-09 18:00:00","2026-09-10 09:00:00","CAPE","surface",-70.1169,18.9124,1231
"2026-09-09 18:00:00","2026-09-10 09:00:00","CAPE","surface",-70.0929,18.9124,1273
"2026-09-09 18:00:00","2026-09-10 09:00:00","CAPE","surface",-70.069,18.9124,1288
"2026-09-09 18:00:00","2026-09-10 09:00:00","CAPE","surface",-70.0451,18.9124,1314
"2026-09-09 18:00:00","2026-09-10 09:00:00","CAPE","surface",-70.0212,18.9124,1316
"2026-09-09 18:00:00","2026-09-10 09:00:00","CAPE","surface",-69.9972,18.9124,1516
"2026-09-09 18:00:00","2026-09-10 09:00:00","CAPE","surface",-69.9733,18.9124,1513
"2026-09-09 18:00:00","2026-09-10 09:00:00","CAPE","surface",-69.9494,18.9124,1632
"2026-09-09 18:00:00","2026-09-10 09:00:00","CAPE","surface",-69.9255,18.9124,1632
"2026-09-09 18:00:00","2026-09-10 09:00:00","CAPE","surface",-69.9015,18.9124,1775
"2026-09-09 18:00:00","2026-09-10 09:00:00","CAPE","surface",-69.8776,18.9124,1773
"2026-09-09 18:00:00","2026-09-10 09:00:00","CAPE","surface",-69.8537,18.9124,1771
"2026-09-09 18:00:00","2026-09-10 09:00:00","CAPE","surface",-69.8298,18.9124,1771
"2026-09-09 18:00:00","2026-09-10 09:00:00","CAPE","surface",-69.8058,18.9124,1778
"2026-09-09 18:00:00","2026-09-10 09:00:00","CAPE","surface",-69.7819,18.9124,1847
"2026-09-09 18:00:00","2026-09-10 09:00:00","CAPE","surface",-69.758,18.9124,1832
"2026-09-09 18:00:00","2026-09-10 09:00:00","CAPE","surface",-69.7341,18.9124,1838
"2026-09-09 18:00:00","2026-09-10 09:00:00","CAPE","surface",-69.7101,18.9124,1838
"2026-09-09 18:00:00","2026-09-10 09:00:00","CAPE","surface",-69.6862,18.9124,1857
"2026-09-09 18:00:00","2026-09-10 09:00:00","CAPE","surface",-69.6623,18.9124,1812
"2026-09-09 18:00:00","2026-09-10 09:00:00","CAPE","surface",-69.6384,18.9124,1747
"2026-09-09 18:00:00","2026-09-10 09:00:00","CAPE","surface",-69.6144,18.9124,1747
"2026-09-09 18:00:00","2026-09-10 09:00:00","CAPE","surface",-69.5905,18.9124,1745
"2026-09-09 18:00:00","2026-09-10 09:00:00","CAPE","surface",-69.5666,18.9124,1801
"2026-09-09 18:00:00","2026-09-10 09:00:00","CAPE","surface",-69.5427,18.9124,1698
"2026-09-09 18:00:00","2026-09-10 09:00:00","CAPE","surface",-69.5187,18.9124,1739
"2026-09-09 18:00:00","2026-09-10 09:00:00","CAPE","surface",-69.4948,18.9124,1739
"2026-09-09 18:00:00","2026-09-10 09:00:00","CAPE","surface",-69.4709,18.9124,1849
"2026-09-09 18:00:00","2026-09-10 09:00:00","CAPE","surface",-69.447,18.9124,1736
"2026-09-09 18:00:00","2026-09-10 09:00:00","CAPE","surface",-69.423,18.9124,1788
"2026-09-09 18:00:00","2026-09-10 09:00:00","CAPE","surface",-69.3991,18.9124,1788
"2026-09-09 18:00:00","2026-09-10 09:00:00","CAPE","surface",-69.3752,18.9124,1810
"2026-09-09 18:00:00","2026-09-10 09:00:00","CAPE","surface",-69.3513,18.9124,1766
"2026-09-09 18:00:00","2026-09-10 09:00:00","CAPE","surface",-69.3273,18.9124,1760
"2026-09-09 18:00:00","2026-09-10 09:00:00","CAPE","surface",-69.3034,18.9124,1789
"2026-09-09 18:00:00","2026-09-10 09:00:00","CAPE","surface",-69.2795,18.9124,1789
"2026-09-09 18:00:00","2026-09-10 09:00:00","CAPE","surface",-69.2556,18.9124,1857
"2026-09-09 18:00:00","2026-09-10 09:00:00","CAPE","surface",-69.2316,18.9124,1885
"2026-09-09 18:00:00","2026-09-10 09:00:00","CAPE","surface",-69.2077,18.9124,1917
"2026-09-09 18:00:00","2026-09-10 09:00:00","CAPE","surface",-69.1838,18.9124,1917
"2026-09-09 18:00:00","2026-09-10 09:00:00","CAPE","surface",-69.1599,18.9124,1967
"2026-09-09 18:00:00","2026-09-10 09:00:00","CAPE","surface",-69.1359,18.9124,1989
"2026-09-09 18:00:00","2026-09-10 09:00:00","CAPE","surface",-69.112,18.9124,2102
"2026-09-09 18:00:00","2026-09-10 09:00:00","CAPE","surface",-69.0881,18.9124,2306
"2026-09-09 18:00:00","2026-09-10 09:00:00","CAPE","surface",-69.0642,18.9124,2291
"2026-09-09 18:00:00","2026-09-10 09:00:00","CAPE","surface",-69.0402,18.9124,2361
"2026-09-09 18:00:00","2026-09-10 09:00:00","CAPE","surface",-69.0163,18.9124,2339
"2026-09-09 18:00:00","2026-09-10 09:00:00","CAPE","surface",-68.9924,18.9124,2486
"2026-09-09 18:00:00","2026-09-10 09:00:00","CAPE","surface",-68.9685,18.9124,2486
"2026-09-09 18:00:00","2026-09-10 09:00:00","CAPE","surface",-68.9445,18.9124,2555
"2026-09-09 18:00:00","2026-09-10 09:00:00","CAPE","surface",-68.9206,18.9124,2434
"2026-09-09 18:00:00","2026-09-10 09:00:00","CAPE","surface",-68.8967,18.9124,2359
"2026-09-09 18:00:00","2026-09-10 09:00:00","CAPE","surface",-68.8728,18.9124,2221
"2026-09-09 18:00:00","2026-09-10 09:00:00","CAPE","surface",-68.8488,18.9124,2243
"2026-09-09 18:00:00","2026-09-10 09:00:00","CAPE","surface",-68.8249,18.9124,1972
"2026-09-09 18:00:00","2026-09-10 09:00:00","CAPE","surface",-68.801,18.9124,1983
"2026-09-09 18:00:00","2026-09-10 09:00:00","CAPE","surface",-68.7771,18.9124,1694
"2026-09-09 18:00:00","2026-09-10 09:00:00","CAPE","surface",-68.7531,18.9124,1734
"2026-09-09 18:00:00","2026-09-10 09:00:00","CAPE","surface",-68.7292,18.9124,1859
"2026-09-09 18:00:00","2026-09-10 09:00:00","CAPE","surface",-68.7053,18.9124,2005
"2026-09-09 18:00:00","2026-09-10 09:00:00","CAPE","surface",-68.6813,18.9124,2248
"2026-09-09 18:00:00","2026-09-10 09:00:00","CAPE","surface",-68.6574,18.9124,2460
"2026-09-09 18:00:00","2026-09-10 09:00:00","CAPE","surface",-68.6335,18.9124,2491
"2026-09-09 18:00:00","2026-09-10 09:00:00","CAPE","surface",-68.6096,18.9124,2387
"2026-09-09 18:00:00","2026-09-10 09:00:00","CAPE","surface",-68.5856,18.9124,2395
"2026-09-09 18:00:00","2026-09-10 09:00:00","CAPE","surface",-68.5617,18.9124,2176
"2026-09-09 18:00:00","2026-09-10 09:00:00","CAPE","surface",-68.5378,18.9124,2223
"2026-09-09 18:00:00","2026-09-10 09:00:00","CAPE","surface",-68.5139,18.9124,2199
"2026-09-09 18:00:00","2026-09-10 09:00:00","CAPE","surface",-68.4899,18.9124,2351
"2026-09-09 18:00:00","2026-09-10 09:00:00","CAPE","surface",-68.466,18.9124,2378
"2026-09-09 18:00:00","2026-09-10 09:00:00","CAPE","surface",-68.4421,18.9124,2664
"2026-09-09 18:00:00","2026-09-10 09:00:00","CAPE","surface",-68.4182,18.9124,2933
"2026-09-09 18:00:00","2026-09-10 09:00:00","CAPE","surface",-68.3942,18.9124,3206
"2026-09-09 18:00:00","2026-09-10 09:00:00","CAPE","surface",-68.3703,18.9124,3309
"2026-09-09 18:00:00","2026-09-10 09:00:00","CAPE","surface",-68.3464,18.9124,3365
"2026-09-09 18:00:00","2026-09-10 09:00:00","CAPE","surface",-68.3225,18.9124,3373
"2026-09-09 18:00:00","2026-09-10 09:00:00","CAPE","surface",-68.2985,18.9124,3241
"2026-09-09 18:00:00","2026-09-10 09:00:00","CAPE","surface",-68.2746,18.9124,3078
"2026-09-09 18:00:00","2026-09-10 09:00:00","CAPE","surface",-68.2507,18.9124,3078
"2026-09-09 18:00:00","2026-09-10 09:00:00","CAPE","surface",-68.2268,18.9124,3094
"2026-09-09 18:00:00","2026-09-10 09:00:00","CAPE","surface",-68.2028,18.9124,3072
"2026-09-09 18:00:00","2026-09-10 09:00:00","CAPE","surface",-68.1789,18.9124,3222
"2026-09-09 18:00:00","2026-09-10 09:00:00","CAPE","surface",-68.155,18.9124,3222
"2026-09-09 18:00:00","2026-09-10 09:00:00","CAPE","surface",-68.1311,18.9124,3447
"2026-09-09 18:00:00","2026-09-10 09:00:00","CAPE","surface",-68.1071,18.9124,3475
"2026-09-09 18:00:00","2026-09-10 09:00:00","CAPE","surface",-68.0832,18.9124,3501
"2026-09-09 18:00:00","2026-09-10 09:00:00","CAPE","surface",-68.0593,18.9124,3228
"2026-09-09 18:00:00","2026-09-10 09:00:00","CAPE","surface",-68.0354,18.9124,3202
"2026-09-09 18:00:00","2026-09-10 09:00:00","CAPE","surface",-68.0114,18.9124,3165
"2026-09-09 18:00:00","2026-09-10 09:00:00","CAPE","surface",-67.9875,18.9124,3234
"2026-09-09 18:00:00","2026-09-10 09:00:00","CAPE","surface",-67.9636,18.9124,3228
"2026-09-09 18:00:00","2026-09-10 09:00:00","CAPE","surface",-67.9397,18.9124,3256
"2026-09-09 18:00:00","2026-09-10 09:00:00","CAPE","surface",-67.9157,18.9124,3313
"2026-09-09 18:00:00","2026-09-10 09:00:00","CAPE","surface",-67.8918,18.9124,3339
"2026-09-09 18:00:00","2026-09-10 09:00:00","CAPE","surface",-67.8679,18.9124,3261
"2026-09-09 18:00:00","2026-09-10 09:00:00","CAPE","surface",-67.844,18.9124,3052
"2026-09-09 18:00:00","2026-09-10 09:00:00","CAPE","surface",-67.82,18.9124,3064
"2026-09-09 18:00:00","2026-09-10 09:00:00","CAPE","surface",-67.7961,18.9124,2963
"2026-09-09 18:00:00","2026-09-10 09:00:00","CAPE","surface",-67.7722,18.9124,2955
"2026-09-09 18:00:00","2026-09-10 09:00:00","CAPE","surface",-67.7483,18.9124,2842
"2026-09-09 18:00:00","2026-09-10 09:00:00","CAPE","surface",-67.7243,18.9124,2790
"2026-09-09 18:00:00","2026-09-10 09:00:00","CAPE","surface",-67.7004,18.9124,2689
"2026-09-09 18:00:00","2026-09-10 09:00:00","CAPE","surface",-67.6765,18.9124,2682
"2026-09-09 18:00:00","2026-09-10 09:00:00","CAPE","surface",-67.6526,18.9124,2682
"2026-09-09 18:00:00","2026-09-10 09:00:00","CAPE","surface",-67.6286,18.9124,2674
"2026-09-09 18:00:00","2026-09-10 09:00:00","CAPE","surface",-67.6047,18.9124,2650
"2026-09-09 18:00:00","2026-09-10 09:00:00","CAPE","surface",-67.5808,18.9124,2672
"2026-09-09 18:00:00","2026-09-10 09:00:00","CAPE","surface",-67.5569,18.9124,2672
"2026-09-09 18:00:00","2026-09-10 09:00:00","CAPE","surface",-67.5329,18.9124,2715
"2026-09-09 18:00:00","2026-09-10 09:00:00","CAPE","surface",-67.509,18.9124,2777
"2026-09-09 18:00:00","2026-09-10 09:00:00","CAPE","surface",-67.4851,18.9124,2805
"2026-09-09 18:00:00","2026-09-10 09:00:00","CAPE","surface",-67.4612,18.9124,2801
"2026-09-09 18:00:00","2026-09-10 09:00:00","CAPE","surface",-67.4372,18.9124,2821
"2026-09-09 18:00:00","2026-09-10 09:00:00","CAPE","surface",-67.4133,18.9124,2784
"2026-09-09 18:00:00","2026-09-10 09:00:00","CAPE","surface",-67.3894,18.9124,2801
"2026-09-09 18:00:00","2026-09-10 09:00:00","CAPE","surface",-67.3655,18.9124,2788
"2026-09-09 18:00:00","2026-09-10 09:00:00","CAPE","surface",-67.3415,18.9124,2805
"2026-09-09 18:00:00","2026-09-10 09:00:00","CAPE","surface",-67.3176,18.9124,2830
"2026-09-09 18:00:00","2026-09-10 09:00:00","CAPE","surface",-67.2937,18.9124,2865
"2026-09-09 18:00:00","2026-09-10 09:00:00","CAPE","surface",-67.2698,18.9124,2865
"2026-09-09 18:00:00","2026-09-10 09:00:00","CAPE","surface",-67.2458,18.9124,2894
"2026-09-09 18:00:00","2026-09-10 09:00:00","CAPE","surface",-67.2219,18.9124,2888
"2026-09-09 18:00:00","2026-09-10 09:00:00","CAPE","surface",-67.198,18.9124,2927
"2026-09-09 18:00:00","2026-09-10 09:00:00","CAPE","surface",-67.1741,18.9124,2927
"2026-09-09 18:00:00","2026-09-10 09:00:00","CAPE","surface",-67.1501,18.9124,3035
"2026-09-09 18:00:00","2026-09-10 09:00:00","CAPE","surface",-67.1262,18.9124,3122
"2026-09-09 18:00:00","2026-09-10 09:00:00","CAPE","surface",-67.1023,18.9124,3153
"2026-09-09 18:00:00","2026-09-10 09:00:00","CAPE","surface",-67.0784,18.9124,3134
"2026-09-09 18:00:00","2026-09-10 09:00:00","CAPE","surface",-67.0544,18.9124,3078
"2026-09-09 18:00:00","2026-09-10 09:00:00","CAPE","surface",-67.0305,18.9124,3136
"2026-09-09 18:00:00","2026-09-10 09:00:00","CAPE","surface",-67.0066,18.9124,3063
"2026-09-09 18:00:00","2026-09-10 09:00:00","CAPE","surface",-74.7822,18.9351,2295
"2026-09-09 18:00:00","2026-09-10 09:00:00","CAPE","surface",-74.7583,18.9351,2295
"2026-09-09 18:00:00","2026-09-10 09:00:00","CAPE","surface",-74.7344,18.9351,2294
"2026-09-09 18:00:00","2026-09-10 09:00:00","CAPE","surface",-74.7105,18.9351,2301
"2026-09-09 18:00:00","2026-09-10 09:00:00","CAPE","surface",-74.6865,18.9351,2336
"2026-09-09 18:00:00","2026-09-10 09:00:00","CAPE","surface",-74.6626,18.9351,2289
"2026-09-09 18:00:00","2026-09-10 09:00:00","CAPE","surface",-74.6387,18.9351,2281
"2026-09-09 18:00:00","2026-09-10 09:00:00","CAPE","surface",-74.6148,18.9351,2350
"2026-09-09 18:00:00","2026-09-10 09:00:00","CAPE","surface",-74.5908,18.9351,2343
"2026-09-09 18:00:00","2026-09-10 09:00:00","CAPE","surface",-74.5669,18.9351,2312
"2026-09-09 18:00:00","2026-09-10 09:00:00","CAPE","surface",-74.543,18.9351,2339
"2026-09-09 18:00:00","2026-09-10 09:00:00","CAPE","surface",-74.5191,18.9351,2251
"2026-09-09 18:00:00","2026-09-10 09:00:00","CAPE","surface",-74.4951,18.9351,2259
"2026-09-09 18:00:00","2026-09-10 09:00:00","CAPE","surface",-74.4712,18.9351,2189
"2026-09-09 18:00:00","2026-09-10 09:00:00","CAPE","surface",-74.4473,18.9351,2241
"2026-09-09 18:00:00","2026-09-10 09:00:00","CAPE","surface",-74.4234,18.9351,2183
"2026-09-09 18:00:00","2026-09-10 09:00:00","CAPE","surface",-74.3994,18.9351,2234
"2026-09-09 18:00:00","2026-09-10 09:00:00","CAPE","surface",-74.3755,18.9351,2092
"2026-09-09 18:00:00","2026-09-10 09:00:00","CAPE","surface",-74.3516,18.9351,2149
"2026-09-09 18:00:00","2026-09-10 09:00:00","CAPE","surface",-74.3277,18.9351,2024
"2026-09-09 18:00:00","2026-09-10 09:00:00","CAPE","surface",-74.3037,18.9351,2064
"2026-09-09 18:00:00","2026-09-10 09:00:00","CAPE","surface",-74.2798,18.9351,1989
"2026-09-09 18:00:00","2026-09-10 09:00:00","CAPE","surface",-74.2559,18.9351,2016
"2026-09-09 18:00:00","2026-09-10 09:00:00","CAPE","surface",-74.232,18.9351,1974
"2026-09-09 18:00:00","2026-09-10 09:00:00","CAPE","surface",-74.208,18.9351,1974
"2026-09-09 18:00:00","2026-09-10 09:00:00","CAPE","surface",-74.1841,18.9351,1973
"2026-09-09 18:00:00","2026-09-10 09:00:00","CAPE","surface",-74.1602,18.9351,1970
"2026-09-09 18:00:00","2026-09-10 09:00:00","CAPE","surface",-74.1363,18.9351,1892
"2026-09-09 18:00:00","2026-09-10 09:00:00","CAPE","surface",-74.1123,18.9351,1866
"2026-09-09 18:00:00","2026-09-10 09:00:00","CAPE","surface",-74.0884,18.9351,1839
"2026-09-09 18:00:00","2026-09-10 09:00:00","CAPE","surface",-74.0645,18.9351,1839
"2026-09-09 18:00:00","2026-09-10 09:00:00","CAPE","surface",-74.0406,18.9351,1871
"2026-09-09 18:00:00","2026-09-10 09:00:00","CAPE","surface",-74.0166,18.9351,1888
"2026-09-09 18:00:00","2026-09-10 09:00:00","CAPE","surface",-73.9927,18.9351,1867
"2026-09-09 18:00:00","2026-09-10 09:00:00","CAPE","surface",-73.9688,18.9351,1884
"2026-09-09 18:00:00","2026-09-10 09:00:00","CAPE","surface",-73.9449,18.9351,1811
"2026-09-09 18:00:00","2026-09-10 09:00:00","CAPE","surface",-73.9209,18.9351,1825
"2026-09-09 18:00:00","2026-09-10 09:00:00","CAPE","surface",-73.897,18.9351,1805
"2026-09-09 18:00:00","2026-09-10 09:00:00","CAPE","surface",-73.8731,18.9351,1821
"2026-09-09 18:00:00","2026-09-10 09:00:00","CAPE","surface",-73.8492,18.9351,1857
"2026-09-09 18:00:00","2026-09-10 09:00:00","CAPE","surface",-73.8252,18.9351,1921
"2026-09-09 18:00:00","2026-09-10 09:00:00","CAPE","surface",-73.8013,18.9351,1926
"2026-09-09 18:00:00","2026-09-10 09:00:00","CAPE","surface",-73.7774,18.9351,2007
"2026-09-09 18:00:00","2026-09-10 09:00:00","CAPE","surface",-73.7535,18.9351,2053
"2026-09-09 18:00:00","2026-09-10 09:00:00","CAPE","surface",-73.7295,18.9351,2087
"2026-09-09 18:00:00","2026-09-10 09:00:00","CAPE","surface",-73.7056,18.9351,1996
"2026-09-09 18:00:00","2026-09-10 09:00:00","CAPE","surface",-73.6817,18.9351,1996
"2026-09-09 18:00:00","2026-09-10 09:00:00","CAPE","surface",-73.6578,18.9351,1909
"2026-09-09 18:00:00","2026-09-10 09:00:00","CAPE","surface",-73.6338,18.9351,1849
"2026-09-09 18:00:00","2026-09-10 09:00:00","CAPE","surface",-73.6099,18.9351,1810
"2026-09-09 18:00:00","2026-09-10 09:00:00","CAPE","surface",-73.586,18.9351,1818
"2026-09-09 18:00:00","2026-09-10 09:00:00","CAPE","surface",-73.5621,18.9351,1813
"2026-09-09 18:00:00","2026-09-10 09:00:00","CAPE","surface",-73.5381,18.9351,1875
"2026-09-09 18:00:00","2026-09-10 09:00:00","CAPE","surface",-73.5142,18.9351,1862
"2026-09-09 18:00:00","2026-09-10 09:00:00","CAPE","surface",-73.4903,18.9351,1903
"2026-09-09 18:00:00","2026-09-10 09:00:00","CAPE","surface",-73.4664,18.9351,1903
"2026-09-09 18:00:00","2026-09-10 09:00:00","CAPE","surface",-73.4424,18.9351,2063
"2026-09-09 18:00:00","2026-09-10 09:00:00","CAPE","surface",-73.4185,18.9351,2063
"2026-09-09 18:00:00","2026-09-10 09:00:00","CAPE","surface",-73.3946,18.9351,2305
"2026-09-09 18:00:00","2026-09-10 09:00:00","CAPE","surface",-73.3707,18.9351,2217
"2026-09-09 18:00:00","2026-09-10 09:00:00","CAPE","surface",-73.3467,18.9351,1764
"2026-09-09 18:00:00","2026-09-10 09:00:00","CAPE","surface",-73.3228,18.9351,1783
"2026-09-09 18:00:00","2026-09-10 09:00:00","CAPE","surface",-73.2989,18.9351,1629
"2026-09-09 18:00:00","2026-09-10 09:00:00","CAPE","surface",-73.275,18.9351,1629
"2026-09-09 18:00:00","2026-09-10 09:00:00","CAPE","surface",-73.251,18.9351,990
"2026-09-09 18:00:00","2026-09-10 09:00:00","CAPE","surface",-73.2271,18.9351,966
"2026-09-09 18:00:00","2026-09-10 09:00:00","CAPE","surface",-73.2032,18.9351,1000
"2026-09-09 18:00:00","2026-09-10 09:00:00","CAPE","surface",-73.1793,18.9351,986
"2026-09-09 18:00:00","2026-09-10 09:00:00","CAPE","surface",-73.1553,18.9351,1349
"2026-09-09 18:00:00","2026-09-10 09:00:00","CAPE","surface",-73.1314,18.9351,1264
"2026-09-09 18:00:00","2026-09-10 09:00:00","CAPE","surface",-73.1075,18.9351,1459
"2026-09-09 18:00:00","2026-09-10 09:00:00","CAPE","surface",-73.0836,18.9351,1370
"2026-09-09 18:00:00","2026-09-10 09:00:00","CAPE","surface",-73.0596,18.9351,2028
"2026-09-09 18:00:00","2026-09-10 09:00:00","CAPE","surface",-73.0357,18.9351,2028
"2026-09-09 18:00:00","2026-09-10 09:00:00","CAPE","surface",-73.0118,18.9351,1963
"2026-09-09 18:00:00","2026-09-10 09:00:00","CAPE","surface",-72.9879,18.9351,1870
"2026-09-09 18:00:00","2026-09-10 09:00:00","CAPE","surface",-72.9639,18.9351,1854
"2026-09-09 18:00:00","2026-09-10 09:00:00","CAPE","surface",-72.94,18.9351,1779
"2026-09-09 18:00:00","2026-09-10 09:00:00","CAPE","surface",-72.9161,18.9351,1779
"2026-09-09 18:00:00","2026-09-10 09:00:00","CAPE","surface",-72.8922,18.9351,1630
"2026-09-09 18:00:00","2026-09-10 09:00:00","CAPE","surface",-72.8682,18.9351,1621
"2026-09-09 18:00:00","2026-09-10 09:00:00","CAPE","surface",-72.8443,18.9351,1474
"2026-09-09 18:00:00","2026-09-10 09:00:00","CAPE","surface",-72.8204,18.9351,1460
"2026-09-09 18:00:00","2026-09-10 09:00:00","CAPE","surface",-72.7965,18.9351,1381
"2026-09-09 18:00:00","2026-09-10 09:00:00","CAPE","surface",-72.7725,18.9351,1381
"2026-09-09 18:00:00","2026-09-10 09:00:00","CAPE","surface",-72.7486,18.9351,1338
"2026-09-09 18:00:00","2026-09-10 09:00:00","CAPE","surface",-72.7247,18.9351,1279
"2026-09-09 18:00:00","2026-09-10 09:00:00","CAPE","surface",-72.7008,18.9351,1034
"2026-09-09 18:00:00","2026-09-10 09:00:00","CAPE","surface",-72.6768,18.9351,1089
"2026-09-09 18:00:00","2026-09-10 09:00:00","CAPE","surface",-72.6529,18.9351,450
"2026-09-09 18:00:00","2026-09-10 09:00:00","CAPE","surface",-72.629,18.9351,230
"2026-09-09 18:00:00","2026-09-10 09:00:00","CAPE","surface",-72.6051,18.9351,142
"2026-09-09 18:00:00","2026-09-10 09:00:00","CAPE","surface",-72.5811,18.9351,194
"2026-09-09 18:00:00","2026-09-10 09:00:00","CAPE","surface",-72.5572,18.9351,255
"2026-09-09 18:00:00","2026-09-10 09:00:00","CAPE","surface",-72.5333,18.9351,255
"2026-09-09 18:00:00","2026-09-10 09:00:00","CAPE","surface",-72.5094,18.9351,315
"2026-09-09 18:00:00","2026-09-10 09:00:00","CAPE","surface",-72.4854,18.9351,424
"2026-09-09 18:00:00","2026-09-10 09:00:00","CAPE","surface",-72.4615,18.9351,545
"2026-09-09 18:00:00","2026-09-10 09:00:00","CAPE","surface",-72.4376,18.9351,559
"2026-09-09 18:00:00","2026-09-10 09:00:00","CAPE","surface",-72.4137,18.9351,559
"2026-09-09 18:00:00","2026-09-10 09:00:00","CAPE","surface",-72.3897,18.9351,527
"2026-09-09 18:00:00","2026-09-10 09:00:00","CAPE","surface",-72.3658,18.9351,545
"2026-09-09 18:00:00","2026-09-10 09:00:00","CAPE","surface",-72.3419,18.9351,549
"2026-09-09 18:00:00","2026-09-10 09:00:00","CAPE","surface",-72.318,18.9351,543
"2026-09-09 18:00:00","2026-09-10 09:00:00","CAPE","surface",-72.294,18.9351,626
"2026-09-09 18:00:00","2026-09-10 09:00:00","CAPE","surface",-72.2701,18.9351,552
"2026-09-09 18:00:00","2026-09-10 09:00:00","CAPE","surface",-72.2462,18.9351,649
"2026-09-09 18:00:00","2026-09-10 09:00:00","CAPE","surface",-72.2223,18.9351,659
"2026-09-09 18:00:00","2026-09-10 09:00:00","CAPE","surface",-72.1983,18.9351,952
"2026-09-09 18:00:00","2026-09-10 09:00:00","CAPE","surface",-72.1744,18.9351,952
"2026-09-09 18:00:00","2026-09-10 09:00:00","CAPE","surface",-72.1505,18.9351,664
"2026-09-09 18:00:00","2026-09-10 09:00:00","CAPE","surface",-72.1266,18.9351,592
"2026-09-09 18:00:00","2026-09-10 09:00:00","CAPE","surface",-72.1026,18.9351,442
"2026-09-09 18:00:00","2026-09-10 09:00:00","CAPE","surface",-72.0787,18.9351,466
"2026-09-09 18:00:00","2026-09-10 09:00:00","CAPE","surface",-72.0548,18.9351,466
"2026-09-09 18:00:00","2026-09-10 09:00:00","CAPE","surface",-72.0309,18.9351,513
"2026-09-09 18:00:00","2026-09-10 09:00:00","CAPE","surface",-72.0069,18.9351,550
"2026-09-09 18:00:00","2026-09-10 09:00:00","CAPE","surface",-71.983,18.9351,573
"2026-09-09 18:00:00","2026-09-10 09:00:00","CAPE","surface",-71.9591,18.9351,578
"2026-09-09 18:00:00","2026-09-10 09:00:00","CAPE","surface",-71.9352,18.9351,574
"2026-09-09 18:00:00","2026-09-10 09:00:00","CAPE","surface",-71.9112,18.9351,588
"2026-09-09 18:00:00","2026-09-10 09:00:00","CAPE","surface",-71.8873,18.9351,662
"2026-09-09 18:00:00","2026-09-10 09:00:00","CAPE","surface",-71.8634,18.9351,787
"2026-09-09 18:00:00","2026-09-10 09:00:00","CAPE","surface",-71.8395,18.9351,736
"2026-09-09 18:00:00","2026-09-10 09:00:00","CAPE","surface",-71.8155,18.9351,736
"2026-09-09 18:00:00","2026-09-10 09:00:00","CAPE","surface",-71.7916,18.9351,451
"2026-09-09 18:00:00","2026-09-10 09:00:00","CAPE","surface",-71.7677,18.9351,408
"2026-09-09 18:00:00","2026-09-10 09:00:00","CAPE","surface",-71.7438,18.9351,416
"2026-09-09 18:00:00","2026-09-10 09:00:00","CAPE","surface",-71.7198,18.9351,409
"2026-09-09 18:00:00","2026-09-10 09:00:00","CAPE","surface",-71.6959,18.9351,436
"2026-09-09 18:00:00","2026-09-10 09:00:00","CAPE","surface",-71.672,18.9351,456
"2026-09-09 18:00:00","2026-09-10 09:00:00","CAPE","surface",-71.6481,18.9351,455
"2026-09-09 18:00:00","2026-09-10 09:00:00","CAPE","surface",-71.6241,18.9351,454
"2026-09-09 18:00:00","2026-09-10 09:00:00","CAPE","surface",-71.6002,18.9351,456
"2026-09-09 18:00:00","2026-09-10 09:00:00","CAPE","surface",-71.5763,18.9351,444
"2026-09-09 18:00:00","2026-09-10 09:00:00","CAPE","surface",-71.5524,18.9351,457
"2026-09-09 18:00:00","2026-09-10 09:00:00","CAPE","surface",-71.5284,18.9351,456
"2026-09-09 18:00:00","2026-09-10 09:00:00","CAPE","surface",-71.5045,18.9351,473
"2026-09-09 18:00:00","2026-09-10 09:00:00","CAPE","surface",-71.4806,18.9351,472
"2026-09-09 18:00:00","2026-09-10 09:00:00","CAPE","surface",-71.4567,18.9351,472
"2026-09-09 18:00:00","2026-09-10 09:00:00","CAPE","surface",-71.4327,18.9351,479
"2026-09-09 18:00:00","2026-09-10 09:00:00","CAPE","surface",-71.4088,18.9351,495
"2026-09-09 18:00:00","2026-09-10 09:00:00","CAPE","surface",-71.3849,18.9351,500
"2026-09-09 18:00:00","2026-09-10 09:00:00","CAPE","surface",-71.361,18.9351,528
"2026-09-09 18:00:00","2026-09-10 09:00:00","CAPE","surface",-71.337,18.9351,501
"2026-09-09 18:00:00","2026-09-10 09:00:00","CAPE","surface",-71.3131,18.9351,464
"2026-09-09 18:00:00","2026-09-10 09:00:00","CAPE","surface",-71.2892,18.9351,455
"2026-09-09 18:00:00","2026-09-10 09:00:00","CAPE","surface",-71.2653,18.9351,245
"2026-09-09 18:00:00","2026-09-10 09:00:00","CAPE","surface",-71.2413,18.9351,385
"2026-09-09 18:00:00","2026-09-10 09:00:00","CAPE","surface",-71.2174,18.9351,32
"2026-09-09 18:00:00","2026-09-10 09:00:00","CAPE","surface",-71.1935,18.9351,123
"2026-09-09 18:00:00","2026-09-10 09:00:00","CAPE","surface",-71.1696,18.9351,0
"2026-09-09 18:00:00","2026-09-10 09:00:00","CAPE","surface",-71.1456,18.9351,25
"2026-09-09 18:00:00","2026-09-10 09:00:00","CAPE","surface",-71.1217,18.9351,0
"2026-09-09 18:00:00","2026-09-10 09:00:00","CAPE","surface",-71.0978,18.9351,22
"2026-09-09 18:00:00","2026-09-10 09:00:00","CAPE","surface",-71.0739,18.9351,6
"2026-09-09 18:00:00","2026-09-10 09:00:00","CAPE","surface",-71.0499,18.9351,21
"2026-09-09 18:00:00","2026-09-10 09:00:00","CAPE","surface",-71.026,18.9351,23
"2026-09-09 18:00:00","2026-09-10 09:00:00","CAPE","surface",-71.0021,18.9351,0
"2026-09-09 18:00:00","2026-09-10 09:00:00","CAPE","surface",-70.9782,18.9351,9
"2026-09-09 18:00:00","2026-09-10 09:00:00","CAPE","surface",-70.9542,18.9351,22
"2026-09-09 18:00:00","2026-09-10 09:00:00","CAPE","surface",-70.9303,18.9351,38
"2026-09-09 18:00:00","2026-09-10 09:00:00","CAPE","surface",-70.9064,18.9351,62
"2026-09-09 18:00:00","2026-09-10 09:00:00","CAPE","surface",-70.8825,18.9351,62
"2026-09-09 18:00:00","2026-09-10 09:00:00","CAPE","surface",-70.8585,18.9351,171
"2026-09-09 18:00:00","2026-09-10 09:00:00","CAPE","surface",-70.8346,18.9351,256
"2026-09-09 18:00:00","2026-09-10 09:00:00","CAPE","surface",-70.8107,18.9351,293
"2026-09-09 18:00:00","2026-09-10 09:00:00","CAPE","surface",-70.7868,18.9351,390
"2026-09-09 18:00:00","2026-09-10 09:00:00","CAPE","surface",-70.7628,18.9351,368
"2026-09-09 18:00:00","2026-09-10 09:00:00","CAPE","surface",-70.7389,18.9351,408
"2026-09-09 18:00:00","2026-09-10 09:00:00","CAPE","surface",-70.715,18.9351,421
"2026-09-09 18:00:00","2026-09-10 09:00:00","CAPE","surface",-70.6911,18.9351,449
"2026-09-09 18:00:00","2026-09-10 09:00:00","CAPE","surface",-70.6671,18.9351,449
"2026-09-09 18:00:00","2026-09-10 09:00:00","CAPE","surface",-70.6432,18.9351,468
"2026-09-09 18:00:00","2026-09-10 09:00:00","CAPE","surface",-70.6193,18.9351,472
"2026-09-09 18:00:00","2026-09-10 09:00:00","CAPE","surface",-70.5954,18.9351,547
"2026-09-09 18:00:00","2026-09-10 09:00:00","CAPE","surface",-70.5714,18.9351,533
"2026-09-09 18:00:00","2026-09-10 09:00:00","CAPE","surface",-70.5475,18.9351,562
"2026-09-09 18:00:00","2026-09-10 09:00:00","CAPE","surface",-70.5236,18.9351,647
"2026-09-09 18:00:00","2026-09-10 09:00:00","CAPE","surface",-70.4997,18.9351,729
"2026-09-09 18:00:00","2026-09-10 09:00:00","CAPE","surface",-70.4757,18.9351,726
"2026-09-09 18:00:00","2026-09-10 09:00:00","CAPE","surface",-70.4518,18.9351,812
"2026-09-09 18:00:00","2026-09-10 09:00:00","CAPE","surface",-70.4279,18.9351,856
"2026-09-09 18:00:00","2026-09-10 09:00:00","CAPE","surface",-70.404,18.9351,849
"2026-09-09 18:00:00","2026-09-10 09:00:00","CAPE","surface",-70.38,18.9351,955
"2026-09-09 18:00:00","2026-09-10 09:00:00","CAPE","surface",-70.3561,18.9351,1057
"2026-09-09 18:00:00","2026-09-10 09:00:00","CAPE","surface",-70.3322,18.9351,1053
"2026-09-09 18:00:00","2026-09-10 09:00:00","CAPE","surface",-70.3083,18.9351,1073
"2026-09-09 18:00:00","2026-09-10 09:00:00","CAPE","surface",-70.2843,18.9351,1014
"2026-09-09 18:00:00","2026-09-10 09:00:00","CAPE","surface",-70.2604,18.9351,1014
"2026-09-09 18:00:00","2026-09-10 09:00:00","CAPE","surface",-70.2365,18.9351,981
"2026-09-09 18:00:00","2026-09-10 09:00:00","CAPE","surface",-70.2126,18.9351,981
"2026-09-09 18:00:00","2026-09-10 09:00:00","CAPE","surface",-70.1886,18.9351,1109
"2026-09-09 18:00:00","2026-09-10 09:00:00","CAPE","surface",-70.1647,18.9351,1197
"2026-09-09 18:00:00","2026-09-10 09:00:00","CAPE","surface",-70.1408,18.9351,1211
"2026-09-09 18:00:00","2026-09-10 09:00:00","CAPE","surface",-70.1169,18.9351,1129
"2026-09-09 18:00:00","2026-09-10 09:00:00","CAPE","surface",-70.0929,18.9351,1129
"2026-09-09 18:00:00","2026-09-10 09:00:00","CAPE","surface",-70.069,18.9351,1261
"2026-09-09 18:00:00","2026-09-10 09:00:00","CAPE","surface",-70.0451,18.9351,1314
"2026-09-09 18:00:00","2026-09-10 09:00:00","CAPE","surface",-70.0212,18.9351,1329
"2026-09-09 18:00:00","2026-09-10 09:00:00","CAPE","surface",-69.9972,18.9351,1329
"2026-09-09 18:00:00","2026-09-10 09:00:00","CAPE","surface",-69.9733,18.9351,1696
"2026-09-09 18:00:00","2026-09-10 09:00:00","CAPE","surface",-69.9494,18.9351,1639
"2026-09-09 18:00:00","2026-09-10 09:00:00","CAPE","surface",-69.9255,18.9351,1717
"2026-09-09 18:00:00","2026-09-10 09:00:00","CAPE","surface",-69.9015,18.9351,1795
"2026-09-09 18:00:00","2026-09-10 09:00:00","CAPE","surface",-69.8776,18.9351,1795
"2026-09-09 18:00:00","2026-09-10 09:00:00","CAPE","surface",-69.8537,18.9351,1832
"2026-09-09 18:00:00","2026-09-10 09:00:00","CAPE","surface",-69.8298,18.9351,1798
"2026-09-09 18:00:00","2026-09-10 09:00:00","CAPE","surface",-69.8058,18.9351,1854
"2026-09-09 18:00:00","2026-09-10 09:00:00","CAPE","surface",-69.7819,18.9351,1854
"2026-09-09 18:00:00","2026-09-10 09:00:00","CAPE","surface",-69.758,18.9351,1878
"2026-09-09 18:00:00","2026-09-10 09:00:00","CAPE","surface",-69.7341,18.9351,1864
"2026-09-09 18:00:00","2026-09-10 09:00:00","CAPE","surface",-69.7101,18.9351,1876
"2026-09-09 18:00:00","2026-09-10 09:00:00","CAPE","surface",-69.6862,18.9351,1857
"2026-09-09 18:00:00","2026-09-10 09:00:00","CAPE","surface",-69.6623,18.9351,1890
"2026-09-09 18:00:00","2026-09-10 09:00:00","CAPE","surface",-69.6384,18.9351,1893
"2026-09-09 18:00:00","2026-09-10 09:00:00","CAPE","surface",-69.6144,18.9351,1795
"2026-09-09 18:00:00","2026-09-10 09:00:00","CAPE","surface",-69.5905,18.9351,1900
"2026-09-09 18:00:00","2026-09-10 09:00:00","CAPE","surface",-69.5666,18.9351,1900
"2026-09-09 18:00:00","2026-09-10 09:00:00","CAPE","surface",-69.5427,18.9351,2040
"2026-09-09 18:00:00","2026-09-10 09:00:00","CAPE","surface",-69.5187,18.9351,1870
"2026-09-09 18:00:00","2026-09-10 09:00:00","CAPE","surface",-69.4948,18.9351,2008
"2026-09-09 18:00:00","2026-09-10 09:00:00","CAPE","surface",-69.4709,18.9351,1849
"2026-09-09 18:00:00","2026-09-10 09:00:00","CAPE","surface",-69.447,18.9351,2117
"2026-09-09 18:00:00","2026-09-10 09:00:00","CAPE","surface",-69.423,18.9351,2116
"2026-09-09 18:00:00","2026-09-10 09:00:00","CAPE","surface",-69.3991,18.9351,1953
"2026-09-09 18:00:00","2026-09-10 09:00:00","CAPE","surface",-69.3752,18.9351,1910
"2026-09-09 18:00:00","2026-09-10 09:00:00","CAPE","surface",-69.3513,18.9351,1910
"2026-09-09 18:00:00","2026-09-10 09:00:00","CAPE","surface",-69.3273,18.9351,1884
"2026-09-09 18:00:00","2026-09-10 09:00:00","CAPE","surface",-69.3034,18.9351,1781
"2026-09-09 18:00:00","2026-09-10 09:00:00","CAPE","surface",-69.2795,18.9351,1847
"2026-09-09 18:00:00","2026-09-10 09:00:00","CAPE","surface",-69.2556,18.9351,1847
"2026-09-09 18:00:00","2026-09-10 09:00:00","CAPE","surface",-69.2316,18.9351,1894
"2026-09-09 18:00:00","2026-09-10 09:00:00","CAPE","surface",-69.2077,18.9351,1969
"2026-09-09 18:00:00","2026-09-10 09:00:00","CAPE","surface",-69.1838,18.9351,1960
"2026-09-09 18:00:00","2026-09-10 09:00:00","CAPE","surface",-69.1599,18.9351,2119
"2026-09-09 18:00:00","2026-09-10 09:00:00","CAPE","surface",-69.1359,18.9351,2119
"2026-09-09 18:00:00","2026-09-10 09:00:00","CAPE","surface",-69.112,18.9351,2335
"2026-09-09 18:00:00","2026-09-10 09:00:00","CAPE","surface",-69.0881,18.9351,2306
"2026-09-09 18:00:00","2026-09-10 09:00:00","CAPE","surface",-69.0642,18.9351,2397
"2026-09-09 18:00:00","2026-09-10 09:00:00","CAPE","surface",-69.0402,18.9351,2397
"2026-09-09 18:00:00","2026-09-10 09:00:00","CAPE","surface",-69.0163,18.9351,2503
"2026-09-09 18:00:00","2026-09-10 09:00:00","CAPE","surface",-68.9924,18.9351,2488
"2026-09-09 18:00:00","2026-09-10 09:00:00","CAPE","surface",-68.9685,18.9351,2567
"2026-09-09 18:00:00","2026-09-10 09:00:00","CAPE","surface",-68.9445,18.9351,2453
"2026-09-09 18:00:00","2026-09-10 09:00:00","CAPE","surface",-68.9206,18.9351,2453
"2026-09-09 18:00:00","2026-09-10 09:00:00","CAPE","surface",-68.8967,18.9351,2215
"2026-09-09 18:00:00","2026-09-10 09:00:00","CAPE","surface",-68.8728,18.9351,2221
"2026-09-09 18:00:00","2026-09-10 09:00:00","CAPE","surface",-68.8488,18.9351,1966
"2026-09-09 18:00:00","2026-09-10 09:00:00","CAPE","surface",-68.8249,18.9351,1966
"2026-09-09 18:00:00","2026-09-10 09:00:00","CAPE","surface",-68.801,18.9351,1673
"2026-09-09 18:00:00","2026-09-10 09:00:00","CAPE","surface",-68.7771,18.9351,1694
"2026-09-09 18:00:00","2026-09-10 09:00:00","CAPE","surface",-68.7531,18.9351,1698
"2026-09-09 18:00:00","2026-09-10 09:00:00","CAPE","surface",-68.7292,18.9351,1923
"2026-09-09 18:00:00","2026-09-10 09:00:00","CAPE","surface",-68.7053,18.9351,2076
"2026-09-09 18:00:00","2026-09-10 09:00:00","CAPE","surface",-68.6813,18.9351,2429
"2026-09-09 18:00:00","2026-09-10 09:00:00","CAPE","surface",-68.6574,18.9351,2460
"2026-09-09 18:00:00","2026-09-10 09:00:00","CAPE","surface",-68.6335,18.9351,2327
"2026-09-09 18:00:00","2026-09-10 09:00:00","CAPE","surface",-68.6096,18.9351,2382
"2026-09-09 18:00:00","2026-09-10 09:00:00","CAPE","surface",-68.5856,18.9351,2147
"2026-09-09 18:00:00","2026-09-10 09:00:00","CAPE","surface",-68.5617,18.9351,1967
"2026-09-09 18:00:00","2026-09-10 09:00:00","CAPE","surface",-68.5378,18.9351,2079
"2026-09-09 18:00:00","2026-09-10 09:00:00","CAPE","surface",-68.5139,18.9351,2028
"2026-09-09 18:00:00","2026-09-10 09:00:00","CAPE","surface",-68.4899,18.9351,2195
"2026-09-09 18:00:00","2026-09-10 09:00:00","CAPE","surface",-68.466,18.9351,2430
"2026-09-09 18:00:00","2026-09-10 09:00:00","CAPE","surface",-68.4421,18.9351,2664
"2026-09-09 18:00:00","2026-09-10 09:00:00","CAPE","surface",-68.4182,18.9351,2735
"2026-09-09 18:00:00","2026-09-10 09:00:00","CAPE","surface",-68.3942,18.9351,3004
"2026-09-09 18:00:00","2026-09-10 09:00:00","CAPE","surface",-68.3703,18.9351,3240
"2026-09-09 18:00:00","2026-09-10 09:00:00","CAPE","surface",-68.3464,18.9351,3325
"2026-09-09 18:00:00","2026-09-10 09:00:00","CAPE","surface",-68.3225,18.9351,3325
"2026-09-09 18:00:00","2026-09-10 09:00:00","CAPE","surface",-68.2985,18.9351,3323
"2026-09-09 18:00:00","2026-09-10 09:00:00","CAPE","surface",-68.2746,18.9351,3292
"2026-09-09 18:00:00","2026-09-10 09:00:00","CAPE","surface",-68.2507,18.9351,3179
"2026-09-09 18:00:00","2026-09-10 09:00:00","CAPE","surface",-68.2268,18.9351,3179
"2026-09-09 18:00:00","2026-09-10 09:00:00","CAPE","surface",-68.2028,18.9351,3228
"2026-09-09 18:00:00","2026-09-10 09:00:00","CAPE","surface",-68.1789,18.9351,3217
"2026-09-09 18:00:00","2026-09-10 09:00:00","CAPE","surface",-68.155,18.9351,3421
"2026-09-09 18:00:00","2026-09-10 09:00:00","CAPE","surface",-68.1311,18.9351,3566
"2026-09-09 18:00:00","2026-09-10 09:00:00","CAPE","surface",-68.1071,18.9351,3566
"2026-09-09 18:00:00","2026-09-10 09:00:00","CAPE","surface",-68.0832,18.9351,3308
"2026-09-09 18:00:00","2026-09-10 09:00:00","CAPE","surface",-68.0593,18.9351,3228
"2026-09-09 18:00:00","2026-09-10 09:00:00","CAPE","surface",-68.0354,18.9351,3089
"2026-09-09 18:00:00","2026-09-10 09:00:00","CAPE","surface",-68.0114,18.9351,3089
"2026-09-09 18:00:00","2026-09-10 09:00:00","CAPE","surface",-67.9875,18.9351,3173
"2026-09-09 18:00:00","2026-09-10 09:00:00","CAPE","surface",-67.9636,18.9351,3268
"2026-09-09 18:00:00","2026-09-10 09:00:00","CAPE","surface",-67.9397,18.9351,3288
"2026-09-09 18:00:00","2026-09-10 09:00:00","CAPE","surface",-67.9157,18.9351,3192
"2026-09-09 18:00:00","2026-09-10 09:00:00","CAPE","surface",-67.8918,18.9351,3212
"2026-09-09 18:00:00","2026-09-10 09:00:00","CAPE","surface",-67.8679,18.9351,3009
"2026-09-09 18:00:00","2026-09-10 09:00:00","CAPE","surface",-67.844,18.9351,3052
"2026-09-09 18:00:00","2026-09-10 09:00:00","CAPE","surface",-67.82,18.9351,2888
"2026-09-09 18:00:00","2026-09-10 09:00:00","CAPE","surface",-67.7961,18.9351,2937
"2026-09-09 18:00:00","2026-09-10 09:00:00","CAPE","surface",-67.7722,18.9351,2833
"2026-09-09 18:00:00","2026-09-10 09:00:00","CAPE","surface",-67.7483,18.9351,2706
"2026-09-09 18:00:00","2026-09-10 09:00:00","CAPE","surface",-67.7243,18.9351,2706
"2026-09-09 18:00:00","2026-09-10 09:00:00","CAPE","surface",-67.7004,18.9351,2693
"2026-09-09 18:00:00","2026-09-10 09:00:00","CAPE","surface",-67.6765,18.9351,2688
"2026-09-09 18:00:00","2026-09-10 09:00:00","CAPE","surface",-67.6526,18.9351,2699
"2026-09-09 18:00:00","2026-09-10 09:00:00","CAPE","surface",-67.6286,18.9351,2699
"2026-09-09 18:00:00","2026-09-10 09:00:00","CAPE","surface",-67.6047,18.9351,2698
"2026-09-09 18:00:00","2026-09-10 09:00:00","CAPE","surface",-67.5808,18.9351,2714
"2026-09-09 18:00:00","2026-09-10 09:00:00","CAPE","surface",-67.5569,18.9351,2708
"2026-09-09 18:00:00","2026-09-10 09:00:00","CAPE","surface",-67.5329,18.9351,2737
"2026-09-09 18:00:00","2026-09-10 09:00:00","CAPE","surface",-67.509,18.9351,2737
"2026-09-09 18:00:00","2026-09-10 09:00:00","CAPE","surface",-67.4851,18.9351,2762
"2026-09-09 18:00:00","2026-09-10 09:00:00","CAPE","surface",-67.4612,18.9351,2801
"2026-09-09 18:00:00","2026-09-10 09:00:00","CAPE","surface",-67.4372,18.9351,2770
"2026-09-09 18:00:00","2026-09-10 09:00:00","CAPE","surface",-67.4133,18.9351,2759
"2026-09-09 18:00:00","2026-09-10 09:00:00","CAPE","surface",-67.3894,18.9351,2765
"2026-09-09 18:00:00","2026-09-10 09:00:00","CAPE","surface",-67.3655,18.9351,2784
"2026-09-09 18:00:00","2026-09-10 09:00:00","CAPE","surface",-67.3415,18.9351,2805
"2026-09-09 18:00:00","2026-09-10 09:00:00","CAPE","surface",-67.3176,18.9351,2826
"2026-09-09 18:00:00","2026-09-10 09:00:00","CAPE","surface",-67.2937,18.9351,2849
"2026-09-09 18:00:00","2026-09-10 09:00:00","CAPE","surface",-67.2698,18.9351,2889
"2026-09-09 18:00:00","2026-09-10 09:00:00","CAPE","surface",-67.2458,18.9351,2894
"2026-09-09 18:00:00","2026-09-10 09:00:00","CAPE","surface",-67.2219,18.9351,2908
"2026-09-09 18:00:00","2026-09-10 09:00:00","CAPE","surface",-67.198,18.9351,2924
"2026-09-09 18:00:00","2026-09-10 09:00:00","CAPE","surface",-67.1741,18.9351,2951
"2026-09-09 18:00:00","2026-09-10 09:00:00","CAPE","surface",-67.1501,18.9351,3050
"2026-09-09 18:00:00","2026-09-10 09:00:00","CAPE","surface",-67.1262,18.9351,3050
"2026-09-09 18:00:00","2026-09-10 09:00:00","CAPE","surface",-67.1023,18.9351,3136
"2026-09-09 18:00:00","2026-09-10 09:00:00","CAPE","surface",-67.0784,18.9351,3134
"2026-09-09 18:00:00","2026-09-10 09:00:00","CAPE","surface",-67.0544,18.9351,3225
"2026-09-09 18:00:00","2026-09-10 09:00:00","CAPE","surface",-67.0305,18.9351,3349
"2026-09-09 18:00:00","2026-09-10 09:00:00","CAPE","surface",-67.0066,18.9351,3326
"2026-09-09 18:00:00","2026-09-10 09:00:00","CAPE","surface",-74.7822,18.9577,2305
"2026-09-09 18:00:00","2026-09-10 09:00:00","CAPE","surface",-74.7583,18.9577,2295
"2026-09-09 18:00:00","2026-09-10 09:00:00","CAPE","surface",-74.7344,18.9577,2345
"2026-09-09 18:00:00","2026-09-10 09:00:00","CAPE","surface",-74.7105,18.9577,2350
"2026-09-09 18:00:00","2026-09-10 09:00:00","CAPE","surface",-74.6865,18.9577,2335
"2026-09-09 18:00:00","2026-09-10 09:00:00","CAPE","surface",-74.6626,18.9577,2304
"2026-09-09 18:00:00","2026-09-10 09:00:00","CAPE","surface",-74.6387,18.9577,2346
"2026-09-09 18:00:00","2026-09-10 09:00:00","CAPE","surface",-74.6148,18.9577,2350
"2026-09-09 18:00:00","2026-09-10 09:00:00","CAPE","surface",-74.5908,18.9577,2271
"2026-09-09 18:00:00","2026-09-10 09:00:00","CAPE","surface",-74.5669,18.9577,2312
"2026-09-09 18:00:00","2026-09-10 09:00:00","CAPE","surface",-74.543,18.9577,2196
"2026-09-09 18:00:00","2026-09-10 09:00:00","CAPE","surface",-74.5191,18.9577,2229
"2026-09-09 18:00:00","2026-09-10 09:00:00","CAPE","surface",-74.4951,18.9577,2157
"2026-09-09 18:00:00","2026-09-10 09:00:00","CAPE","surface",-74.4712,18.9577,2189
"2026-09-09 18:00:00","2026-09-10 09:00:00","CAPE","surface",-74.4473,18.9577,2131
"2026-09-09 18:00:00","2026-09-10 09:00:00","CAPE","surface",-74.4234,18.9577,2131
"2026-09-09 18:00:00","2026-09-10 09:00:00","CAPE","surface",-74.3994,18.9577,2054
"2026-09-09 18:00:00","2026-09-10 09:00:00","CAPE","surface",-74.3755,18.9577,2072
"2026-09-09 18:00:00","2026-09-10 09:00:00","CAPE","surface",-74.3516,18.9577,2022
"2026-09-09 18:00:00","2026-09-10 09:00:00","CAPE","surface",-74.3277,18.9577,2024
"2026-09-09 18:00:00","2026-09-10 09:00:00","CAPE","surface",-74.3037,18.9577,1980
"2026-09-09 18:00:00","2026-09-10 09:00:00","CAPE","surface",-74.2798,18.9577,1980
"2026-09-09 18:00:00","2026-09-10 09:00:00","CAPE","surface",-74.2559,18.9577,1952
"2026-09-09 18:00:00","2026-09-10 09:00:00","CAPE","surface",-74.232,18.9577,1950
"2026-09-09 18:00:00","2026-09-10 09:00:00","CAPE","surface",-74.208,18.9577,1952
"2026-09-09 18:00:00","2026-09-10 09:00:00","CAPE","surface",-74.1841,18.9577,1973
"2026-09-09 18:00:00","2026-09-10 09:00:00","CAPE","surface",-74.1602,18.9577,1901
"2026-09-09 18:00:00","2026-09-10 09:00:00","CAPE","surface",-74.1363,18.9577,1901
"2026-09-09 18:00:00","2026-09-10 09:00:00","CAPE","surface",-74.1123,18.9577,1865
"2026-09-09 18:00:00","2026-09-10 09:00:00","CAPE","surface",-74.0884,18.9577,1849
"2026-09-09 18:00:00","2026-09-10 09:00:00","CAPE","surface",-74.0645,18.9577,1846
"2026-09-09 18:00:00","2026-09-10 09:00:00","CAPE","surface",-74.0406,18.9577,1852
"2026-09-09 18:00:00","2026-09-10 09:00:00","CAPE","surface",-74.0166,18.9577,1852
"2026-09-09 18:00:00","2026-09-10 09:00:00","CAPE","surface",-73.9927,18.9577,1830
"2026-09-09 18:00:00","2026-09-10 09:00:00","CAPE","surface",-73.9688,18.9577,1818
"2026-09-09 18:00:00","2026-09-10 09:00:00","CAPE","surface",-73.9449,18.9577,1797
"2026-09-09 18:00:00","2026-09-10 09:00:00","CAPE","surface",-73.9209,18.9577,1788
"2026-09-09 18:00:00","2026-09-10 09:00:00","CAPE","surface",-73.897,18.9577,1788
"2026-09-09 18:00:00","2026-09-10 09:00:00","CAPE","surface",-73.8731,18.9577,1788
"2026-09-09 18:00:00","2026-09-10 09:00:00","CAPE","surface",-73.8492,18.9577,1815
"2026-09-09 18:00:00","2026-09-10 09:00:00","CAPE","surface",-73.8252,18.9577,1849
"2026-09-09 18:00:00","2026-09-10 09:00:00","CAPE","surface",-73.8013,18.9577,1914
"2026-09-09 18:00:00","2026-09-10 09:00:00","CAPE","surface",-73.7774,18.9577,1987
"2026-09-09 18:00:00","2026-09-10 09:00:00","CAPE","surface",-73.7535,18.9577,1949
"2026-09-09 18:00:00","2026-09-10 09:00:00","CAPE","surface",-73.7295,18.9577,1982
"2026-09-09 18:00:00","2026-09-10 09:00:00","CAPE","surface",-73.7056,18.9577,1944
"2026-09-09 18:00:00","2026-09-10 09:00:00","CAPE","surface",-73.6817,18.9577,1931
"2026-09-09 18:00:00","2026-09-10 09:00:00","CAPE","surface",-73.6578,18.9577,1897
"2026-09-09 18:00:00","2026-09-10 09:00:00","CAPE","surface",-73.6338,18.9577,1849
"2026-09-09 18:00:00","2026-09-10 09:00:00","CAPE","surface",-73.6099,18.9577,1862
"2026-09-09 18:00:00","2026-09-10 09:00:00","CAPE","surface",-73.586,18.9577,1833
"2026-09-09 18:00:00","2026-09-10 09:00:00","CAPE","surface",-73.5621,18.9577,1914
"2026-09-09 18:00:00","2026-09-10 09:00:00","CAPE","surface",-73.5381,18.9577,1875
"2026-09-09 18:00:00","2026-09-10 09:00:00","CAPE","surface",-73.5142,18.9577,1928
"2026-09-09 18:00:00","2026-09-10 09:00:00","CAPE","surface",-73.4903,18.9577,1928
"2026-09-09 18:00:00","2026-09-10 09:00:00","CAPE","surface",-73.4664,18.9577,2010
"2026-09-09 18:00:00","2026-09-10 09:00:00","CAPE","surface",-73.4424,18.9577,2013
"2026-09-09 18:00:00","2026-09-10 09:00:00","CAPE","surface",-73.4185,18.9577,2325
"2026-09-09 18:00:00","2026-09-10 09:00:00","CAPE","surface",-73.3946,18.9577,2305
"2026-09-09 18:00:00","2026-09-10 09:00:00","CAPE","surface",-73.3707,18.9577,1800
"2026-09-09 18:00:00","2026-09-10 09:00:00","CAPE","surface",-73.3467,18.9577,1800
"2026-09-09 18:00:00","2026-09-10 09:00:00","CAPE","surface",-73.3228,18.9577,1635
"2026-09-09 18:00:00","2026-09-10 09:00:00","CAPE","surface",-73.2989,18.9577,1603
"2026-09-09 18:00:00","2026-09-10 09:00:00","CAPE","surface",-73.275,18.9577,1387
"2026-09-09 18:00:00","2026-09-10 09:00:00","CAPE","surface",-73.251,18.9577,1235
"2026-09-09 18:00:00","2026-09-10 09:00:00","CAPE","surface",-73.2271,18.9577,1235
"2026-09-09 18:00:00","2026-09-10 09:00:00","CAPE","surface",-73.2032,18.9577,1682
"2026-09-09 18:00:00","2026-09-10 09:00:00","CAPE","surface",-73.1793,18.9577,1492
"2026-09-09 18:00:00","2026-09-10 09:00:00","CAPE","surface",-73.1553,18.9577,1866
"2026-09-09 18:00:00","2026-09-10 09:00:00","CAPE","surface",-73.1314,18.9577,1736
"2026-09-09 18:00:00","2026-09-10 09:00:00","CAPE","surface",-73.1075,18.9577,2017
"2026-09-09 18:00:00","2026-09-10 09:00:00","CAPE","surface",-73.0836,18.9577,1972
"2026-09-09 18:00:00","2026-09-10 09:00:00","CAPE","surface",-73.0596,18.9577,2038
"2026-09-09 18:00:00","2026-09-10 09:00:00","CAPE","surface",-73.0357,18.9577,2022
"2026-09-09 18:00:00","2026-09-10 09:00:00","CAPE","surface",-73.0118,18.9577,1902
"2026-09-09 18:00:00","2026-09-10 09:00:00","CAPE","surface",-72.9879,18.9577,1902
"2026-09-09 18:00:00","2026-09-10 09:00:00","CAPE","surface",-72.9639,18.9577,1811
"2026-09-09 18:00:00","2026-09-10 09:00:00","CAPE","surface",-72.94,18.9577,1806
"2026-09-09 18:00:00","2026-09-10 09:00:00","CAPE","surface",-72.9161,18.9577,1658
"2026-09-09 18:00:00","2026-09-10 09:00:00","CAPE","surface",-72.8922,18.9577,1630
"2026-09-09 18:00:00","2026-09-10 09:00:00","CAPE","surface",-72.8682,18.9577,1472
"2026-09-09 18:00:00","2026-09-10 09:00:00","CAPE","surface",-72.8443,18.9577,1472
"2026-09-09 18:00:00","2026-09-10 09:00:00","CAPE","surface",-72.8204,18.9577,1420
"2026-09-09 18:00:00","2026-09-10 09:00:00","CAPE","surface",-72.7965,18.9577,1404
"2026-09-09 18:00:00","2026-09-10 09:00:00","CAPE","surface",-72.7725,18.9577,1398
"2026-09-09 18:00:00","2026-09-10 09:00:00","CAPE","surface",-72.7486,18.9577,1338
"2026-09-09 18:00:00","2026-09-10 09:00:00","CAPE","surface",-72.7247,18.9577,1284
"2026-09-09 18:00:00","2026-09-10 09:00:00","CAPE","surface",-72.7008,18.9577,990
"2026-09-09 18:00:00","2026-09-10 09:00:00","CAPE","surface",-72.6768,18.9577,889
"2026-09-09 18:00:00","2026-09-10 09:00:00","CAPE","surface",-72.6529,18.9577,193
"2026-09-09 18:00:00","2026-09-10 09:00:00","CAPE","surface",-72.629,18.9577,119
"2026-09-09 18:00:00","2026-09-10 09:00:00","CAPE","surface",-72.6051,18.9577,155
"2026-09-09 18:00:00","2026-09-10 09:00:00","CAPE","surface",-72.5811,18.9577,160
"2026-09-09 18:00:00","2026-09-10 09:00:00","CAPE","surface",-72.5572,18.9577,181
"2026-09-09 18:00:00","2026-09-10 09:00:00","CAPE","surface",-72.5333,18.9577,233
"2026-09-09 18:00:00","2026-09-10 09:00:00","CAPE","surface",-72.5094,18.9577,334
"2026-09-09 18:00:00","2026-09-10 09:00:00","CAPE","surface",-72.4854,18.9577,334
"2026-09-09 18:00:00","2026-09-10 09:00:00","CAPE","surface",-72.4615,18.9577,508
"2026-09-09 18:00:00","2026-09-10 09:00:00","CAPE","surface",-72.4376,18.9577,537
"2026-09-09 18:00:00","2026-09-10 09:00:00","CAPE","surface",-72.4137,18.9577,526
"2026-09-09 18:00:00","2026-09-10 09:00:00","CAPE","surface",-72.3897,18.9577,527
"2026-09-09 18:00:00","2026-09-10 09:00:00","CAPE","surface",-72.3658,18.9577,564
"2026-09-09 18:00:00","2026-09-10 09:00:00","CAPE","surface",-72.3419,18.9577,564
"2026-09-09 18:00:00","2026-09-10 09:00:00","CAPE","surface",-72.318,18.9577,647
"2026-09-09 18:00:00","2026-09-10 09:00:00","CAPE","surface",-72.294,18.9577,626
"2026-09-09 18:00:00","2026-09-10 09:00:00","CAPE","surface",-72.2701,18.9577,740
"2026-09-09 18:00:00","2026-09-10 09:00:00","CAPE","surface",-72.2462,18.9577,885
"2026-09-09 18:00:00","2026-09-10 09:00:00","CAPE","surface",-72.2223,18.9577,929
"2026-09-09 18:00:00","2026-09-10 09:00:00","CAPE","surface",-72.1983,18.9577,783
"2026-09-09 18:00:00","2026-09-10 09:00:00","CAPE","surface",-72.1744,18.9577,787
"2026-09-09 18:00:00","2026-09-10 09:00:00","CAPE","surface",-72.1505,18.9577,392
"2026-09-09 18:00:00","2026-09-10 09:00:00","CAPE","surface",-72.1266,18.9577,392
"2026-09-09 18:00:00","2026-09-10 09:00:00","CAPE","surface",-72.1026,18.9577,409
"2026-09-09 18:00:00","2026-09-10 09:00:00","CAPE","surface",-72.0787,18.9577,438
"2026-09-09 18:00:00","2026-09-10 09:00:00","CAPE","surface",-72.0548,18.9577,490
"2026-09-09 18:00:00","2026-09-10 09:00:00","CAPE","surface",-72.0309,18.9577,513
"2026-09-09 18:00:00","2026-09-10 09:00:00","CAPE","surface",-72.0069,18.9577,543
"2026-09-09 18:00:00","2026-09-10 09:00:00","CAPE","surface",-71.983,18.9577,569
"2026-09-09 18:00:00","2026-09-10 09:00:00","CAPE","surface",-71.9591,18.9577,577
"2026-09-09 18:00:00","2026-09-10 09:00:00","CAPE","surface",-71.9352,18.9577,574
"2026-09-09 18:00:00","2026-09-10 09:00:00","CAPE","surface",-71.9112,18.9577,597
"2026-09-09 18:00:00","2026-09-10 09:00:00","CAPE","surface",-71.8873,18.9577,597
"2026-09-09 18:00:00","2026-09-10 09:00:00","CAPE","surface",-71.8634,18.9577,573
"2026-09-09 18:00:00","2026-09-10 09:00:00","CAPE","surface",-71.8395,18.9577,607
"2026-09-09 18:00:00","2026-09-10 09:00:00","CAPE","surface",-71.8155,18.9577,495
"2026-09-09 18:00:00","2026-09-10 09:00:00","CAPE","surface",-71.7916,18.9577,415
"2026-09-09 18:00:00","2026-09-10 09:00:00","CAPE","surface",-71.7677,18.9577,415
"2026-09-09 18:00:00","2026-09-10 09:00:00","CAPE","surface",-71.7438,18.9577,420
"2026-09-09 18:00:00","2026-09-10 09:00:00","CAPE","surface",-71.7198,18.9577,432
"2026-09-09 18:00:00","2026-09-10 09:00:00","CAPE","surface",-71.6959,18.9577,454
"2026-09-09 18:00:00","2026-09-10 09:00:00","CAPE","surface",-71.672,18.9577,456
"2026-09-09 18:00:00","2026-09-10 09:00:00","CAPE","surface",-71.6481,18.9577,475
"2026-09-09 18:00:00","2026-09-10 09:00:00","CAPE","surface",-71.6241,18.9577,460
"2026-09-09 18:00:00","2026-09-10 09:00:00","CAPE","surface",-71.6002,18.9577,427
"2026-09-09 18:00:00","2026-09-10 09:00:00","CAPE","surface",-71.5763,18.9577,444
"2026-09-09 18:00:00","2026-09-10 09:00:00","CAPE","surface",-71.5524,18.9577,443
"2026-09-09 18:00:00","2026-09-10 09:00:00","CAPE","surface",-71.5284,18.9577,443
"2026-09-09 18:00:00","2026-09-10 09:00:00","CAPE","surface",-71.5045,18.9577,454
"2026-09-09 18:00:00","2026-09-10 09:00:00","CAPE","surface",-71.4806,18.9577,459
"2026-09-09 18:00:00","2026-09-10 09:00:00","CAPE","surface",-71.4567,18.9577,468
"2026-09-09 18:00:00","2026-09-10 09:00:00","CAPE","surface",-71.4327,18.9577,452
"2026-09-09 18:00:00","2026-09-10 09:00:00","CAPE","surface",-71.4088,18.9577,452
"2026-09-09 18:00:00","2026-09-10 09:00:00","CAPE","surface",-71.3849,18.9577,466
"2026-09-09 18:00:00","2026-09-10 09:00:00","CAPE","surface",-71.361,18.9577,485
"2026-09-09 18:00:00","2026-09-10 09:00:00","CAPE","surface",-71.337,18.9577,479
"2026-09-09 18:00:00","2026-09-10 09:00:00","CAPE","surface",-71.3131,18.9577,464
"2026-09-09 18:00:00","2026-09-10 09:00:00","CAPE","surface",-71.2892,18.9577,416
"2026-09-09 18:00:00","2026-09-10 09:00:00","CAPE","surface",-71.2653,18.9577,304
"2026-09-09 18:00:00","2026-09-10 09:00:00","CAPE","surface",-71.2413,18.9577,45
"2026-09-09 18:00:00","2026-09-10 09:00:00","CAPE","surface",-71.2174,18.9577,32
"2026-09-09 18:00:00","2026-09-10 09:00:00","CAPE","surface",-71.1935,18.9577,0
"2026-09-09 18:00:00","2026-09-10 09:00:00","CAPE","surface",-71.1696,18.9577,0
"2026-09-09 18:00:00","2026-09-10 09:00:00","CAPE","surface",-71.1456,18.9577,0
"2026-09-09 18:00:00","2026-09-10 09:00:00","CAPE","surface",-71.1217,18.9577,0
"2026-09-09 18:00:00","2026-09-10 09:00:00","CAPE","surface",-71.0978,18.9577,0
"2026-09-09 18:00:00","2026-09-10 09:00:00","CAPE","surface",-71.0739,18.9577,0
"2026-09-09 18:00:00","2026-09-10 09:00:00","CAPE","surface",-71.0499,18.9577,0
"2026-09-09 18:00:00","2026-09-10 09:00:00","CAPE","surface",-71.026,18.9577,0
"2026-09-09 18:00:00","2026-09-10 09:00:00","CAPE","surface",-71.0021,18.9577,0
"2026-09-09 18:00:00","2026-09-10 09:00:00","CAPE","surface",-70.9782,18.9577,0
"2026-09-09 18:00:00","2026-09-10 09:00:00","CAPE","surface",-70.9542,18.9577,0
"2026-09-09 18:00:00","2026-09-10 09:00:00","CAPE","surface",-70.9303,18.9577,0
"2026-09-09 18:00:00","2026-09-10 09:00:00","CAPE","surface",-70.9064,18.9577,22
"2026-09-09 18:00:00","2026-09-10 09:00:00","CAPE","surface",-70.8825,18.9577,28
"2026-09-09 18:00:00","2026-09-10 09:00:00","CAPE","surface",-70.8585,18.9577,180
"2026-09-09 18:00:00","2026-09-10 09:00:00","CAPE","surface",-70.8346,18.9577,180
"2026-09-09 18:00:00","2026-09-10 09:00:00","CAPE","surface",-70.8107,18.9577,207
"2026-09-09 18:00:00","2026-09-10 09:00:00","CAPE","surface",-70.7868,18.9577,273
"2026-09-09 18:00:00","2026-09-10 09:00:00","CAPE","surface",-70.7628,18.9577,396
"2026-09-09 18:00:00","2026-09-10 09:00:00","CAPE","surface",-70.7389,18.9577,424
"2026-09-09 18:00:00","2026-09-10 09:00:00","CAPE","surface",-70.715,18.9577,485
"2026-09-09 18:00:00","2026-09-10 09:00:00","CAPE","surface",-70.6911,18.9577,442
"2026-09-09 18:00:00","2026-09-10 09:00:00","CAPE","surface",-70.6671,18.9577,461
"2026-09-09 18:00:00","2026-09-10 09:00:00","CAPE","surface",-70.6432,18.9577,468
"2026-09-09 18:00:00","2026-09-10 09:00:00","CAPE","surface",-70.6193,18.9577,506
"2026-09-09 18:00:00","2026-09-10 09:00:00","CAPE","surface",-70.5954,18.9577,516
"2026-09-09 18:00:00","2026-09-10 09:00:00","CAPE","surface",-70.5714,18.9577,551
"2026-09-09 18:00:00","2026-09-10 09:00:00","CAPE","surface",-70.5475,18.9577,614
"2026-09-09 18:00:00","2026-09-10 09:00:00","CAPE","surface",-70.5236,18.9577,712
"2026-09-09 18:00:00","2026-09-10 09:00:00","CAPE","surface",-70.4997,18.9577,708
"2026-09-09 18:00:00","2026-09-10 09:00:00","CAPE","surface",-70.4757,18.9577,699
"2026-09-09 18:00:00","2026-09-10 09:00:00","CAPE","surface",-70.4518,18.9577,835
"2026-09-09 18:00:00","2026-09-10 09:00:00","CAPE","surface",-70.4279,18.9577,856
"2026-09-09 18:00:00","2026-09-10 09:00:00","CAPE","surface",-70.404,18.9577,866
"2026-09-09 18:00:00","2026-09-10 09:00:00","CAPE","surface",-70.38,18.9577,866
"2026-09-09 18:00:00","2026-09-10 09:00:00","CAPE","surface",-70.3561,18.9577,995
"2026-09-09 18:00:00","2026-09-10 09:00:00","CAPE","surface",-70.3322,18.9577,1053
"2026-09-09 18:00:00","2026-09-10 09:00:00","CAPE","surface",-70.3083,18.9577,1005
"2026-09-09 18:00:00","2026-09-10 09:00:00","CAPE","surface",-70.2843,18.9577,991
"2026-09-09 18:00:00","2026-09-10 09:00:00","CAPE","surface",-70.2604,18.9577,976
"2026-09-09 18:00:00","2026-09-10 09:00:00","CAPE","surface",-70.2365,18.9577,939
"2026-09-09 18:00:00","2026-09-10 09:00:00","CAPE","surface",-70.2126,18.9577,1000
"2026-09-09 18:00:00","2026-09-10 09:00:00","CAPE","surface",-70.1886,18.9577,1177
"2026-09-09 18:00:00","2026-09-10 09:00:00","CAPE","surface",-70.1647,18.9577,1177
"2026-09-09 18:00:00","2026-09-10 09:00:00","CAPE","surface",-70.1408,18.9577,1145
"2026-09-09 18:00:00","2026-09-10 09:00:00","CAPE","surface",-70.1169,18.9577,1122
"2026-09-09 18:00:00","2026-09-10 09:00:00","CAPE","surface",-70.0929,18.9577,1193
"2026-09-09 18:00:00","2026-09-10 09:00:00","CAPE","surface",-70.069,18.9577,1193
"2026-09-09 18:00:00","2026-09-10 09:00:00","CAPE","surface",-70.0451,18.9577,1310
"2026-09-09 18:00:00","2026-09-10 09:00:00","CAPE","surface",-70.0212,18.9577,1574
"2026-09-09 18:00:00","2026-09-10 09:00:00","CAPE","surface",-69.9972,18.9577,1612
"2026-09-09 18:00:00","2026-09-10 09:00:00","CAPE","surface",-69.9733,18.9577,1733
"2026-09-09 18:00:00","2026-09-10 09:00:00","CAPE","surface",-69.9494,18.9577,1733
"2026-09-09 18:00:00","2026-09-10 09:00:00","CAPE","surface",-69.9255,18.9577,1690
"2026-09-09 18:00:00","2026-09-10 09:00:00","CAPE","surface",-69.9015,18.9577,1720
"2026-09-09 18:00:00","2026-09-10 09:00:00","CAPE","surface",-69.8776,18.9577,1815
"2026-09-09 18:00:00","2026-09-10 09:00:00","CAPE","surface",-69.8537,18.9577,1815
"2026-09-09 18:00:00","2026-09-10 09:00:00","CAPE","surface",-69.8298,18.9577,1882
"2026-09-09 18:00:00","2026-09-10 09:00:00","CAPE","surface",-69.8058,18.9577,1848
"2026-09-09 18:00:00","2026-09-10 09:00:00","CAPE","surface",-69.7819,18.9577,1881
"2026-09-09 18:00:00","2026-09-10 09:00:00","CAPE","surface",-69.758,18.9577,1897
"2026-09-09 18:00:00","2026-09-10 09:00:00","CAPE","surface",-69.7341,18.9577,1897
"2026-09-09 18:00:00","2026-09-10 09:00:00","CAPE","surface",-69.7101,18.9577,1929
"2026-09-09 18:00:00","2026-09-10 09:00:00","CAPE","surface",-69.6862,18.9577,1914
"2026-09-09 18:00:00","2026-09-10 09:00:00","CAPE","surface",-69.6623,18.9577,1948
"2026-09-09 18:00:00","2026-09-10 09:00:00","CAPE","surface",-69.6384,18.9577,1948
"2026-09-09 18:00:00","2026-09-10 09:00:00","CAPE","surface",-69.6144,18.9577,2033
"2026-09-09 18:00:00","2026-09-10 09:00:00","CAPE","surface",-69.5905,18.9577,1970
"2026-09-09 18:00:00","2026-09-10 09:00:00","CAPE","surface",-69.5666,18.9577,2113
"2026-09-09 18:00:00","2026-09-10 09:00:00","CAPE","surface",-69.5427,18.9577,2040
"2026-09-09 18:00:00","2026-09-10 09:00:00","CAPE","surface",-69.5187,18.9577,2221
"2026-09-09 18:00:00","2026-09-10 09:00:00","CAPE","surface",-69.4948,18.9577,2219
"2026-09-09 18:00:00","2026-09-10 09:00:00","CAPE","surface",-69.4709,18.9577,2195
"2026-09-09 18:00:00","2026-09-10 09:00:00","CAPE","surface",-69.447,18.9577,2198
"2026-09-09 18:00:00","2026-09-10 09:00:00","CAPE","surface",-69.423,18.9577,2198
"2026-09-09 18:00:00","2026-09-10 09:00:00","CAPE","surface",-69.3991,18.9577,2073
"2026-09-09 18:00:00","2026-09-10 09:00:00","CAPE","surface",-69.3752,18.9577,2026
"2026-09-09 18:00:00","2026-09-10 09:00:00","CAPE","surface",-69.3513,18.9577,1988
"2026-09-09 18:00:00","2026-09-10 09:00:00","CAPE","surface",-69.3273,18.9577,1884
"2026-09-09 18:00:00","2026-09-10 09:00:00","CAPE","surface",-69.3034,18.9577,1961
"2026-09-09 18:00:00","2026-09-10 09:00:00","CAPE","surface",-69.2795,18.9577,1994
"2026-09-09 18:00:00","2026-09-10 09:00:00","CAPE","surface",-69.2556,18.9577,1940
"2026-09-09 18:00:00","2026-09-10 09:00:00","CAPE","surface",-69.2316,18.9577,2005
"2026-09-09 18:00:00","2026-09-10 09:00:00","CAPE","surface",-69.2077,18.9577,2005
"2026-09-09 18:00:00","2026-09-10 09:00:00","CAPE","surface",-69.1838,18.9577,2150
"2026-09-09 18:00:00","2026-09-10 09:00:00","CAPE","surface",-69.1599,18.9577,2159
"2026-09-09 18:00:00","2026-09-10 09:00:00","CAPE","surface",-69.1359,18.9577,2347
"2026-09-09 18:00:00","2026-09-10 09:00:00","CAPE","surface",-69.112,18.9577,2335
"2026-09-09 18:00:00","2026-09-10 09:00:00","CAPE","surface",-69.0881,18.9577,2428
"2026-09-09 18:00:00","2026-09-10 09:00:00","CAPE","surface",-69.0642,18.9577,2514
"2026-09-09 18:00:00","2026-09-10 09:00:00","CAPE","surface",-69.0402,18.9577,2511
"2026-09-09 18:00:00","2026-09-10 09:00:00","CAPE","surface",-69.0163,18.9577,2643
"2026-09-09 18:00:00","2026-09-10 09:00:00","CAPE","surface",-68.9924,18.9577,2643
"2026-09-09 18:00:00","2026-09-10 09:00:00","CAPE","surface",-68.9685,18.9577,2571
"2026-09-09 18:00:00","2026-09-10 09:00:00","CAPE","surface",-68.9445,18.9577,2528
"2026-09-09 18:00:00","2026-09-10 09:00:00","CAPE","surface",-68.9206,18.9577,2241
"2026-09-09 18:00:00","2026-09-10 09:00:00","CAPE","surface",-68.8967,18.9577,2241
"2026-09-09 18:00:00","2026-09-10 09:00:00","CAPE","surface",-68.8728,18.9577,1993
"2026-09-09 18:00:00","2026-09-10 09:00:00","CAPE","surface",-68.8488,18.9577,1649
"2026-09-09 18:00:00","2026-09-10 09:00:00","CAPE","surface",-68.8249,18.9577,1659
"2026-09-09 18:00:00","2026-09-10 09:00:00","CAPE","surface",-68.801,18.9577,1339
"2026-09-09 18:00:00","2026-09-10 09:00:00","CAPE","surface",-68.7771,18.9577,1339
"2026-09-09 18:00:00","2026-09-10 09:00:00","CAPE","surface",-68.7531,18.9577,1738
"2026-09-09 18:00:00","2026-09-10 09:00:00","CAPE","surface",-68.7292,18.9577,1923
"2026-09-09 18:00:00","2026-09-10 09:00:00","CAPE","surface",-68.7053,18.9577,2361
"2026-09-09 18:00:00","2026-09-10 09:00:00","CAPE","surface",-68.6813,18.9577,2361
"2026-09-09 18:00:00","2026-09-10 09:00:00","CAPE","surface",-68.6574,18.9577,2298
"2026-09-09 18:00:00","2026-09-10 09:00:00","CAPE","surface",-68.6335,18.9577,2124
"2026-09-09 18:00:00","2026-09-10 09:00:00","CAPE","surface",-68.6096,18.9577,2125
"2026-09-09 18:00:00","2026-09-10 09:00:00","CAPE","surface",-68.5856,18.9577,1845
"2026-09-09 18:00:00","2026-09-10 09:00:00","CAPE","surface",-68.5617,18.9577,1882
"2026-09-09 18:00:00","2026-09-10 09:00:00","CAPE","surface",-68.5378,18.9577,1914
"2026-09-09 18:00:00","2026-09-10 09:00:00","CAPE","surface",-68.5139,18.9577,2028
"2026-09-09 18:00:00","2026-09-10 09:00:00","CAPE","surface",-68.4899,18.9577,2081
"2026-09-09 18:00:00","2026-09-10 09:00:00","CAPE","surface",-68.466,18.9577,2233
"2026-09-09 18:00:00","2026-09-10 09:00:00","CAPE","surface",-68.4421,18.9577,2501
"2026-09-09 18:00:00","2026-09-10 09:00:00","CAPE","surface",-68.4182,18.9577,2766
"2026-09-09 18:00:00","2026-09-10 09:00:00","CAPE","surface",-68.3942,18.9577,3010
"2026-09-09 18:00:00","2026-09-10 09:00:00","CAPE","surface",-68.3703,18.9577,2940
"2026-09-09 18:00:00","2026-09-10 09:00:00","CAPE","surface",-68.3464,18.9577,3160
"2026-09-09 18:00:00","2026-09-10 09:00:00","CAPE","surface",-68.3225,18.9577,3215
"2026-09-09 18:00:00","2026-09-10 09:00:00","CAPE","surface",-68.2985,18.9577,3323
"2026-09-09 18:00:00","2026-09-10 09:00:00","CAPE","surface",-68.2746,18.9577,3248
"2026-09-09 18:00:00","2026-09-10 09:00:00","CAPE","surface",-68.2507,18.9577,3283
"2026-09-09 18:00:00","2026-09-10 09:00:00","CAPE","surface",-68.2268,18.9577,3278
"2026-09-09 18:00:00","2026-09-10 09:00:00","CAPE","surface",-68.2028,18.9577,3353
"2026-09-09 18:00:00","2026-09-10 09:00:00","CAPE","surface",-68.1789,18.9577,3353
"2026-09-09 18:00:00","2026-09-10 09:00:00","CAPE","surface",-68.155,18.9577,3469
"2026-09-09 18:00:00","2026-09-10 09:00:00","CAPE","surface",-68.1311,18.9577,3532
"2026-09-09 18:00:00","2026-09-10 09:00:00","CAPE","surface",-68.1071,18.9577,3372
"2026-09-09 18:00:00","2026-09-10 09:00:00","CAPE","surface",-68.0832,18.9577,3372
"2026-09-09 18:00:00","2026-09-10 09:00:00","CAPE","surface",-68.0593,18.9577,3102
"2026-09-09 18:00:00","2026-09-10 09:00:00","CAPE","surface",-68.0354,18.9577,3073
"2026-09-09 18:00:00","2026-09-10 09:00:00","CAPE","surface",-68.0114,18.9577,3099
"2026-09-09 18:00:00","2026-09-10 09:00:00","CAPE","surface",-67.9875,18.9577,3253
"2026-09-09 18:00:00","2026-09-10 09:00:00","CAPE","surface",-67.9636,18.9577,3253
"2026-09-09 18:00:00","2026-09-10 09:00:00","CAPE","surface",-67.9397,18.9577,3218
"2026-09-09 18:00:00","2026-09-10 09:00:00","CAPE","surface",-67.9157,18.9577,3192
"2026-09-09 18:00:00","2026-09-10 09:00:00","CAPE","surface",-67.8918,18.9577,2954
"2026-09-09 18:00:00","2026-09-10 09:00:00","CAPE","surface",-67.8679,18.9577,2954
"2026-09-09 18:00:00","2026-09-10 09:00:00","CAPE","surface",-67.844,18.9577,2848
"2026-09-09 18:00:00","2026-09-10 09:00:00","CAPE","surface",-67.82,18.9577,2741
"2026-09-09 18:00:00","2026-09-10 09:00:00","CAPE","surface",-67.7961,18.9577,2791
"2026-09-09 18:00:00","2026-09-10 09:00:00","CAPE","surface",-67.7722,18.9577,2669
"2026-09-09 18:00:00","2026-09-10 09:00:00","CAPE","surface",-67.7483,18.9577,2689
"2026-09-09 18:00:00","2026-09-10 09:00:00","CAPE","surface",-67.7243,18.9577,2684
"2026-09-09 18:00:00","2026-09-10 09:00:00","CAPE","surface",-67.7004,18.9577,2693
"2026-09-09 18:00:00","2026-09-10 09:00:00","CAPE","surface",-67.6765,18.9577,2709
"2026-09-09 18:00:00","2026-09-10 09:00:00","CAPE","surface",-67.6526,18.9577,2766
"2026-09-09 18:00:00","2026-09-10 09:00:00","CAPE","surface",-67.6286,18.9577,2741
"2026-09-09 18:00:00","2026-09-10 09:00:00","CAPE","surface",-67.6047,18.9577,2731
"2026-09-09 18:00:00","2026-09-10 09:00:00","CAPE","surface",-67.5808,18.9577,2731
"2026-09-09 18:00:00","2026-09-10 09:00:00","CAPE","surface",-67.5569,18.9577,2709
"2026-09-09 18:00:00","2026-09-10 09:00:00","CAPE","surface",-67.5329,18.9577,2707
"2026-09-09 18:00:00","2026-09-10 09:00:00","CAPE","surface",-67.509,18.9577,2719
"2026-09-09 18:00:00","2026-09-10 09:00:00","CAPE","surface",-67.4851,18.9577,2713
"2026-09-09 18:00:00","2026-09-10 09:00:00","CAPE","surface",-67.4612,18.9577,2736
"2026-09-09 18:00:00","2026-09-10 09:00:00","CAPE","surface",-67.4372,18.9577,2761
"2026-09-09 18:00:00","2026-09-10 09:00:00","CAPE","surface",-67.4133,18.9577,2759
"2026-09-09 18:00:00","2026-09-10 09:00:00","CAPE","surface",-67.3894,18.9577,2773
"2026-09-09 18:00:00","2026-09-10 09:00:00","CAPE","surface",-67.3655,18.9577,2772
"2026-09-09 18:00:00","2026-09-10 09:00:00","CAPE","surface",-67.3415,18.9577,2805
"2026-09-09 18:00:00","2026-09-10 09:00:00","CAPE","surface",-67.3176,18.9577,2826
"2026-09-09 18:00:00","2026-09-10 09:00:00","CAPE","surface",-67.2937,18.9577,2847
"2026-09-09 18:00:00","2026-09-10 09:00:00","CAPE","surface",-67.2698,18.9577,2893
"2026-09-09 18:00:00","2026-09-10 09:00:00","CAPE","surface",-67.2458,18.9577,2909
"2026-09-09 18:00:00","2026-09-10 09:00:00","CAPE","surface",-67.2219,18.9577,2936
"2026-09-09 18:00:00","2026-09-10 09:00:00","CAPE","surface",-67.198,18.9577,2936
"2026-09-09 18:00:00","2026-09-10 09:00:00","CAPE","surface",-67.1741,18.9577,2946
"2026-09-09 18:00:00","2026-09-10 09:00:00","CAPE","surface",-67.1501,18.9577,2978
"2026-09-09 18:00:00","2026-09-10 09:00:00","CAPE","surface",-67.1262,18.9577,3069
"2026-09-09 18:00:00","2026-09-10 09:00:00","CAPE","surface",-67.1023,18.9577,3072
"2026-09-09 18:00:00","2026-09-10 09:00:00","CAPE","surface",-67.0784,18.9577,3202
"2026-09-09 18:00:00","2026-09-10 09:00:00","CAPE","surface",-67.0544,18.9577,3302
"2026-09-09 18:00:00","2026-09-10 09:00:00","CAPE","surface",-67.0305,18.9577,3349
"2026-09-09 18:00:00","2026-09-10 09:00:00","CAPE","surface",-67.0066,18.9577,3338
"2026-09-09 18:00:00","2026-09-10 09:00:00","CAPE","surface",-74.7822,18.9803,2305
"2026-09-09 18:00:00","2026-09-10 09:00:00","CAPE","surface",-74.7583,18.9803,2326
"2026-09-09 18:00:00","2026-09-10 09:00:00","CAPE","surface",-74.7344,18.9803,2340
"2026-09-09 18:00:00","2026-09-10 09:00:00","CAPE","surface",-74.7105,18.9803,2368
"2026-09-09 18:00:00","2026-09-10 09:00:00","CAPE","surface",-74.6865,18.9803,2335
"2026-09-09 18:00:00","2026-09-10 09:00:00","CAPE","surface",-74.6626,18.9803,2347
"2026-09-09 18:00:00","2026-09-10 09:00:00","CAPE","surface",-74.6387,18.9803,2331
"2026-09-09 18:00:00","2026-09-10 09:00:00","CAPE","surface",-74.6148,18.9803,2293
"2026-09-09 18:00:00","2026-09-10 09:00:00","CAPE","surface",-74.5908,18.9803,2137
"2026-09-09 18:00:00","2026-09-10 09:00:00","CAPE","surface",-74.5669,18.9803,2147
"2026-09-09 18:00:00","2026-09-10 09:00:00","CAPE","surface",-74.543,18.9803,2099
"2026-09-09 18:00:00","2026-09-10 09:00:00","CAPE","surface",-74.5191,18.9803,2119
"2026-09-09 18:00:00","2026-09-10 09:00:00","CAPE","surface",-74.4951,18.9803,2080
"2026-09-09 18:00:00","2026-09-10 09:00:00","CAPE","surface",-74.4712,18.9803,2080
"2026-09-09 18:00:00","2026-09-10 09:00:00","CAPE","surface",-74.4473,18.9803,2046
"2026-09-09 18:00:00","2026-09-10 09:00:00","CAPE","surface",-74.4234,18.9803,2036
"2026-09-09 18:00:00","2026-09-10 09:00:00","CAPE","surface",-74.3994,18.9803,2097
"2026-09-09 18:00:00","2026-09-10 09:00:00","CAPE","surface",-74.3755,18.9803,2047
"2026-09-09 18:00:00","2026-09-10 09:00:00","CAPE","surface",-74.3516,18.9803,2101
"2026-09-09 18:00:00","2026-09-10 09:00:00","CAPE","surface",-74.3277,18.9803,2057
"2026-09-09 18:00:00","2026-09-10 09:00:00","CAPE","surface",-74.3037,18.9803,2032
"2026-09-09 18:00:00","2026-09-10 09:00:00","CAPE","surface",-74.2798,18.9803,1982
"2026-09-09 18:00:00","2026-09-10 09:00:00","CAPE","surface",-74.2559,18.9803,1968
"2026-09-09 18:00:00","2026-09-10 09:00:00","CAPE","surface",-74.232,18.9803,1968
"2026-09-09 18:00:00","2026-09-10 09:00:00","CAPE","surface",-74.208,18.9803,1924
"2026-09-09 18:00:00","2026-09-10 09:00:00","CAPE","surface",-74.1841,18.9803,1893
"2026-09-09 18:00:00","2026-09-10 09:00:00","CAPE","surface",-74.1602,18.9803,1904
"2026-09-09 18:00:00","2026-09-10 09:00:00","CAPE","surface",-74.1363,18.9803,1880
"2026-09-09 18:00:00","2026-09-10 09:00:00","CAPE","surface",-74.1123,18.9803,1872
"2026-09-09 18:00:00","2026-09-10 09:00:00","CAPE","surface",-74.0884,18.9803,1872
"2026-09-09 18:00:00","2026-09-10 09:00:00","CAPE","surface",-74.0645,18.9803,1875
"2026-09-09 18:00:00","2026-09-10 09:00:00","CAPE","surface",-74.0406,18.9803,1859
"2026-09-09 18:00:00","2026-09-10 09:00:00","CAPE","surface",-74.0166,18.9803,1846
"2026-09-09 18:00:00","2026-09-10 09:00:00","CAPE","surface",-73.9927,18.9803,1830
"2026-09-09 18:00:00","2026-09-10 09:00:00","CAPE","surface",-73.9688,18.9803,1815
"2026-09-09 18:00:00","2026-09-10 09:00:00","CAPE","surface",-73.9449,18.9803,1815
"2026-09-09 18:00:00","2026-09-10 09:00:00","CAPE","surface",-73.9209,18.9803,1798
"2026-09-09 18:00:00","2026-09-10 09:00:00","CAPE","surface",-73.897,18.9803,1786
"2026-09-09 18:00:00","2026-09-10 09:00:00","CAPE","surface",-73.8731,18.9803,1800
"2026-09-09 18:00:00","2026-09-10 09:00:00","CAPE","surface",-73.8492,18.9803,1815
"2026-09-09 18:00:00","2026-09-10 09:00:00","CAPE","surface",-73.8252,18.9803,1825
"2026-09-09 18:00:00","2026-09-10 09:00:00","CAPE","surface",-73.8013,18.9803,1849
"2026-09-09 18:00:00","2026-09-10 09:00:00","CAPE","surface",-73.7774,18.9803,1911
"2026-09-09 18:00:00","2026-09-10 09:00:00","CAPE","surface",-73.7535,18.9803,1949
"2026-09-09 18:00:00","2026-09-10 09:00:00","CAPE","surface",-73.7295,18.9803,1953
"2026-09-09 18:00:00","2026-09-10 09:00:00","CAPE","surface",-73.7056,18.9803,1944
"2026-09-09 18:00:00","2026-09-10 09:00:00","CAPE","surface",-73.6817,18.9803,1947
"2026-09-09 18:00:00","2026-09-10 09:00:00","CAPE","surface",-73.6578,18.9803,1928
"2026-09-09 18:00:00","2026-09-10 09:00:00","CAPE","surface",-73.6338,18.9803,1915
"2026-09-09 18:00:00","2026-09-10 09:00:00","CAPE","surface",-73.6099,18.9803,2002
"2026-09-09 18:00:00","2026-09-10 09:00:00","CAPE","surface",-73.586,18.9803,1964
"2026-09-09 18:00:00","2026-09-10 09:00:00","CAPE","surface",-73.5621,18.9803,2108
"2026-09-09 18:00:00","2026-09-10 09:00:00","CAPE","surface",-73.5381,18.9803,2054
"2026-09-09 18:00:00","2026-09-10 09:00:00","CAPE","surface",-73.5142,18.9803,2075
"2026-09-09 18:00:00","2026-09-10 09:00:00","CAPE","surface",-73.4903,18.9803,2034
"2026-09-09 18:00:00","2026-09-10 09:00:00","CAPE","surface",-73.4664,18.9803,2229
"2026-09-09 18:00:00","2026-09-10 09:00:00","CAPE","surface",-73.4424,18.9803,2229
"2026-09-09 18:00:00","2026-09-10 09:00:00","CAPE","surface",-73.4185,18.9803,2249
"2026-09-09 18:00:00","2026-09-10 09:00:00","CAPE","surface",-73.3946,18.9803,1979
"2026-09-09 18:00:00","2026-09-10 09:00:00","CAPE","surface",-73.3707,18.9803,1530
"2026-09-09 18:00:00","2026-09-10 09:00:00","CAPE","surface",-73.3467,18.9803,1568
"2026-09-09 18:00:00","2026-09-10 09:00:00","CAPE","surface",-73.3228,18.9803,1595
"2026-09-09 18:00:00","2026-09-10 09:00:00","CAPE","surface",-73.2989,18.9803,1595
"2026-09-09 18:00:00","2026-09-10 09:00:00","CAPE","surface",-73.275,18.9803,1709
"2026-09-09 18:00:00","2026-09-10 09:00:00","CAPE","surface",-73.251,18.9803,1550
"2026-09-09 18:00:00","2026-09-10 09:00:00","CAPE","surface",-73.2271,18.9803,1831
"2026-09-09 18:00:00","2026-09-10 09:00:00","CAPE","surface",-73.2032,18.9803,1682
"2026-09-09 18:00:00","2026-09-10 09:00:00","CAPE","surface",-73.1793,18.9803,2091
"2026-09-09 18:00:00","2026-09-10 09:00:00","CAPE","surface",-73.1553,18.9803,1979
"2026-09-09 18:00:00","2026-09-10 09:00:00","CAPE","surface",-73.1314,18.9803,2048
"2026-09-09 18:00:00","2026-09-10 09:00:00","CAPE","surface",-73.1075,18.9803,2017
"2026-09-09 18:00:00","2026-09-10 09:00:00","CAPE","surface",-73.0836,18.9803,2063
"2026-09-09 18:00:00","2026-09-10 09:00:00","CAPE","surface",-73.0596,18.9803,2063
"2026-09-09 18:00:00","2026-09-10 09:00:00","CAPE","surface",-73.0357,18.9803,1981
"2026-09-09 18:00:00","2026-09-10 09:00:00","CAPE","surface",-73.0118,18.9803,1945
"2026-09-09 18:00:00","2026-09-10 09:00:00","CAPE","surface",-72.9879,18.9803,1817
"2026-09-09 18:00:00","2026-09-10 09:00:00","CAPE","surface",-72.9639,18.9803,1671
"2026-09-09 18:00:00","2026-09-10 09:00:00","CAPE","surface",-72.94,18.9803,1673
"2026-09-09 18:00:00","2026-09-10 09:00:00","CAPE","surface",-72.9161,18.9803,1497
"2026-09-09 18:00:00","2026-09-10 09:00:00","CAPE","surface",-72.8922,18.9803,1495
"2026-09-09 18:00:00","2026-09-10 09:00:00","CAPE","surface",-72.8682,18.9803,1436
"2026-09-09 18:00:00","2026-09-10 09:00:00","CAPE","surface",-72.8443,18.9803,1422
"2026-09-09 18:00:00","2026-09-10 09:00:00","CAPE","surface",-72.8204,18.9803,1450
"2026-09-09 18:00:00","2026-09-10 09:00:00","CAPE","surface",-72.7965,18.9803,1450
"2026-09-09 18:00:00","2026-09-10 09:00:00","CAPE","surface",-72.7725,18.9803,1621
"2026-09-09 18:00:00","2026-09-10 09:00:00","CAPE","surface",-72.7486,18.9803,1502
"2026-09-09 18:00:00","2026-09-10 09:00:00","CAPE","surface",-72.7247,18.9803,973
"2026-09-09 18:00:00","2026-09-10 09:00:00","CAPE","surface",-72.7008,18.9803,990
"2026-09-09 18:00:00","2026-09-10 09:00:00","CAPE","surface",-72.6768,18.9803,745
"2026-09-09 18:00:00","2026-09-10 09:00:00","CAPE","surface",-72.6529,18.9803,384
"2026-09-09 18:00:00","2026-09-10 09:00:00","CAPE","surface",-72.629,18.9803,178
"2026-09-09 18:00:00","2026-09-10 09:00:00","CAPE","surface",-72.6051,18.9803,155
"2026-09-09 18:00:00","2026-09-10 09:00:00","CAPE","surface",-72.5811,18.9803,176
"2026-09-09 18:00:00","2026-09-10 09:00:00","CAPE","surface",-72.5572,18.9803,176
"2026-09-09 18:00:00","2026-09-10 09:00:00","CAPE","surface",-72.5333,18.9803,319
"2026-09-09 18:00:00","2026-09-10 09:00:00","CAPE","surface",-72.5094,18.9803,299
"2026-09-09 18:00:00","2026-09-10 09:00:00","CAPE","surface",-72.4854,18.9803,477
"2026-09-09 18:00:00","2026-09-10 09:00:00","CAPE","surface",-72.4615,18.9803,553
"2026-09-09 18:00:00","2026-09-10 09:00:00","CAPE","surface",-72.4376,18.9803,553
"2026-09-09 18:00:00","2026-09-10 09:00:00","CAPE","surface",-72.4137,18.9803,548
"2026-09-09 18:00:00","2026-09-10 09:00:00","CAPE","surface",-72.3897,18.9803,557
"2026-09-09 18:00:00","2026-09-10 09:00:00","CAPE","surface",-72.3658,18.9803,670
"2026-09-09 18:00:00","2026-09-10 09:00:00","CAPE","surface",-72.3419,18.9803,652
"2026-09-09 18:00:00","2026-09-10 09:00:00","CAPE","surface",-72.318,18.9803,683
"2026-09-09 18:00:00","2026-09-10 09:00:00","CAPE","surface",-72.294,18.9803,765
"2026-09-09 18:00:00","2026-09-10 09:00:00","CAPE","surface",-72.2701,18.9803,755
"2026-09-09 18:00:00","2026-09-10 09:00:00","CAPE","surface",-72.2462,18.9803,885
"2026-09-09 18:00:00","2026-09-10 09:00:00","CAPE","surface",-72.2223,18.9803,637
"2026-09-09 18:00:00","2026-09-10 09:00:00","CAPE","surface",-72.1983,18.9803,637
"2026-09-09 18:00:00","2026-09-10 09:00:00","CAPE","surface",-72.1744,18.9803,324
"2026-09-09 18:00:00","2026-09-10 09:00:00","CAPE","surface",-72.1505,18.9803,349
"2026-09-09 18:00:00","2026-09-10 09:00:00","CAPE","surface",-72.1266,18.9803,366
"2026-09-09 18:00:00","2026-09-10 09:00:00","CAPE","surface",-72.1026,18.9803,409
"2026-09-09 18:00:00","2026-09-10 09:00:00","CAPE","surface",-72.0787,18.9803,459
"2026-09-09 18:00:00","2026-09-10 09:00:00","CAPE","surface",-72.0548,18.9803,509
"2026-09-09 18:00:00","2026-09-10 09:00:00","CAPE","surface",-72.0309,18.9803,517
"2026-09-09 18:00:00","2026-09-10 09:00:00","CAPE","surface",-72.0069,18.9803,551
"2026-09-09 18:00:00","2026-09-10 09:00:00","CAPE","surface",-71.983,18.9803,574
"2026-09-09 18:00:00","2026-09-10 09:00:00","CAPE","surface",-71.9591,18.9803,580
"2026-09-09 18:00:00","2026-09-10 09:00:00","CAPE","surface",-71.9352,18.9803,583
"2026-09-09 18:00:00","2026-09-10 09:00:00","CAPE","surface",-71.9112,18.9803,587
"2026-09-09 18:00:00","2026-09-10 09:00:00","CAPE","surface",-71.8873,18.9803,577
"2026-09-09 18:00:00","2026-09-10 09:00:00","CAPE","surface",-71.8634,18.9803,582
"2026-09-09 18:00:00","2026-09-10 09:00:00","CAPE","surface",-71.8395,18.9803,582
"2026-09-09 18:00:00","2026-09-10 09:00:00","CAPE","surface",-71.8155,18.9803,586
"2026-09-09 18:00:00","2026-09-10 09:00:00","CAPE","surface",-71.7916,18.9803,496
"2026-09-09 18:00:00","2026-09-10 09:00:00","CAPE","surface",-71.7677,18.9803,440
"2026-09-09 18:00:00","2026-09-10 09:00:00","CAPE","surface",-71.7438,18.9803,420
"2026-09-09 18:00:00","2026-09-10 09:00:00","CAPE","surface",-71.7198,18.9803,433
"2026-09-09 18:00:00","2026-09-10 09:00:00","CAPE","surface",-71.6959,18.9803,457
"2026-09-09 18:00:00","2026-09-10 09:00:00","CAPE","surface",-71.672,18.9803,462
"2026-09-09 18:00:00","2026-09-10 09:00:00","CAPE","surface",-71.6481,18.9803,430
"2026-09-09 18:00:00","2026-09-10 09:00:00","CAPE","surface",-71.6241,18.9803,420
"2026-09-09 18:00:00","2026-09-10 09:00:00","CAPE","surface",-71.6002,18.9803,423
"2026-09-09 18:00:00","2026-09-10 09:00:00","CAPE","surface",-71.5763,18.9803,415
"2026-09-09 18:00:00","2026-09-10 09:00:00","CAPE","surface",-71.5524,18.9803,435
"2026-09-09 18:00:00","2026-09-10 09:00:00","CAPE","surface",-71.5284,18.9803,445
"2026-09-09 18:00:00","2026-09-10 09:00:00","CAPE","surface",-71.5045,18.9803,448
"2026-09-09 18:00:00","2026-09-10 09:00:00","CAPE","surface",-71.4806,18.9803,448
"2026-09-09 18:00:00","2026-09-10 09:00:00","CAPE","surface",-71.4567,18.9803,402
"2026-09-09 18:00:00","2026-09-10 09:00:00","CAPE","surface",-71.4327,18.9803,420
"2026-09-09 18:00:00","2026-09-10 09:00:00","CAPE","surface",-71.4088,18.9803,434
"2026-09-09 18:00:00","2026-09-10 09:00:00","CAPE","surface",-71.3849,18.9803,466
"2026-09-09 18:00:00","2026-09-10 09:00:00","CAPE","surface",-71.361,18.9803,412
"2026-09-09 18:00:00","2026-09-10 09:00:00","CAPE","surface",-71.337,18.9803,461
"2026-09-09 18:00:00","2026-09-10 09:00:00","CAPE","surface",-71.3131,18.9803,465
"2026-09-09 18:00:00","2026-09-10 09:00:00","CAPE","surface",-71.2892,18.9803,369
"2026-09-09 18:00:00","2026-09-10 09:00:00","CAPE","surface",-71.2653,18.9803,127
"2026-09-09 18:00:00","2026-09-10 09:00:00","CAPE","surface",-71.2413,18.9803,94
"2026-09-09 18:00:00","2026-09-10 09:00:00","CAPE","surface",-71.2174,18.9803,0
"2026-09-09 18:00:00","2026-09-10 09:00:00","CAPE","surface",-71.1935,18.9803,0
"2026-09-09 18:00:00","2026-09-10 09:00:00","CAPE","surface",-71.1696,18.9803,0
"2026-09-09 18:00:00","2026-09-10 09:00:00","CAPE","surface",-71.1456,18.9803,0
"2026-09-09 18:00:00","2026-09-10 09:00:00","CAPE","surface",-71.1217,18.9803,0
"2026-09-09 18:00:00","2026-09-10 09:00:00","CAPE","surface",-71.0978,18.9803,0
"2026-09-09 18:00:00","2026-09-10 09:00:00","CAPE","surface",-71.0739,18.9803,0
"2026-09-09 18:00:00","2026-09-10 09:00:00","CAPE","surface",-71.0499,18.9803,0
"2026-09-09 18:00:00","2026-09-10 09:00:00","CAPE","surface",-71.026,18.9803,0
"2026-09-09 18:00:00","2026-09-10 09:00:00","CAPE","surface",-71.0021,18.9803,0
"2026-09-09 18:00:00","2026-09-10 09:00:00","CAPE","surface",-70.9782,18.9803,0
"2026-09-09 18:00:00","2026-09-10 09:00:00","CAPE","surface",-70.9542,18.9803,0
"2026-09-09 18:00:00","2026-09-10 09:00:00","CAPE","surface",-70.9303,18.9803,0
"2026-09-09 18:00:00","2026-09-10 09:00:00","CAPE","surface",-70.9064,18.9803,0
"2026-09-09 18:00:00","2026-09-10 09:00:00","CAPE","surface",-70.8825,18.9803,31
"2026-09-09 18:00:00","2026-09-10 09:00:00","CAPE","surface",-70.8585,18.9803,80
"2026-09-09 18:00:00","2026-09-10 09:00:00","CAPE","surface",-70.8346,18.9803,173
"2026-09-09 18:00:00","2026-09-10 09:00:00","CAPE","surface",-70.8107,18.9803,207
"2026-09-09 18:00:00","2026-09-10 09:00:00","CAPE","surface",-70.7868,18.9803,231
"2026-09-09 18:00:00","2026-09-10 09:00:00","CAPE","surface",-70.7628,18.9803,312
"2026-09-09 18:00:00","2026-09-10 09:00:00","CAPE","surface",-70.7389,18.9803,423
"2026-09-09 18:00:00","2026-09-10 09:00:00","CAPE","surface",-70.715,18.9803,485
"2026-09-09 18:00:00","2026-09-10 09:00:00","CAPE","surface",-70.6911,18.9803,464
"2026-09-09 18:00:00","2026-09-10 09:00:00","CAPE","surface",-70.6671,18.9803,505
"2026-09-09 18:00:00","2026-09-10 09:00:00","CAPE","surface",-70.6432,18.9803,492
"2026-09-09 18:00:00","2026-09-10 09:00:00","CAPE","surface",-70.6193,18.9803,554
"2026-09-09 18:00:00","2026-09-10 09:00:00","CAPE","surface",-70.5954,18.9803,563
"2026-09-09 18:00:00","2026-09-10 09:00:00","CAPE","surface",-70.5714,18.9803,586
"2026-09-09 18:00:00","2026-09-10 09:00:00","CAPE","surface",-70.5475,18.9803,585
"2026-09-09 18:00:00","2026-09-10 09:00:00","CAPE","surface",-70.5236,18.9803,645
"2026-09-09 18:00:00","2026-09-10 09:00:00","CAPE","surface",-70.4997,18.9803,708
"2026-09-09 18:00:00","2026-09-10 09:00:00","CAPE","surface",-70.4757,18.9803,673
"2026-09-09 18:00:00","2026-09-10 09:00:00","CAPE","surface",-70.4518,18.9803,673
"2026-09-09 18:00:00","2026-09-10 09:00:00","CAPE","surface",-70.4279,18.9803,876
"2026-09-09 18:00:00","2026-09-10 09:00:00","CAPE","surface",-70.404,18.9803,897
"2026-09-09 18:00:00","2026-09-10 09:00:00","CAPE","surface",-70.38,18.9803,909
"2026-09-09 18:00:00","2026-09-10 09:00:00","CAPE","surface",-70.3561,18.9803,977
"2026-09-09 18:00:00","2026-09-10 09:00:00","CAPE","surface",-70.3322,18.9803,977
"2026-09-09 18:00:00","2026-09-10 09:00:00","CAPE","surface",-70.3083,18.9803,969
"2026-09-09 18:00:00","2026-09-10 09:00:00","CAPE","surface",-70.2843,18.9803,991
"2026-09-09 18:00:00","2026-09-10 09:00:00","CAPE","surface",-70.2604,18.9803,978
"2026-09-09 18:00:00","2026-09-10 09:00:00","CAPE","surface",-70.2365,18.9803,978
"2026-09-09 18:00:00","2026-09-10 09:00:00","CAPE","surface",-70.2126,18.9803,1037
"2026-09-09 18:00:00","2026-09-10 09:00:00","CAPE","surface",-70.1886,18.9803,1123
"2026-09-09 18:00:00","2026-09-10 09:00:00","CAPE","surface",-70.1647,18.9803,1190
"2026-09-09 18:00:00","2026-09-10 09:00:00","CAPE","surface",-70.1408,18.9803,1085
"2026-09-09 18:00:00","2026-09-10 09:00:00","CAPE","surface",-70.1169,18.9803,1085
"2026-09-09 18:00:00","2026-09-10 09:00:00","CAPE","surface",-70.0929,18.9803,1189
"2026-09-09 18:00:00","2026-09-10 09:00:00","CAPE","surface",-70.069,18.9803,1299
"2026-09-09 18:00:00","2026-09-10 09:00:00","CAPE","surface",-70.0451,18.9803,1558
"2026-09-09 18:00:00","2026-09-10 09:00:00","CAPE","surface",-70.0212,18.9803,1558
"2026-09-09 18:00:00","2026-09-10 09:00:00","CAPE","surface",-69.9972,18.9803,1658
"2026-09-09 18:00:00","2026-09-10 09:00:00","CAPE","surface",-69.9733,18.9803,1713
"2026-09-09 18:00:00","2026-09-10 09:00:00","CAPE","surface",-69.9494,18.9803,1705
"2026-09-09 18:00:00","2026-09-10 09:00:00","CAPE","surface",-69.9255,18.9803,1690
"2026-09-09 18:00:00","2026-09-10 09:00:00","CAPE","surface",-69.9015,18.9803,1636
"2026-09-09 18:00:00","2026-09-10 09:00:00","CAPE","surface",-69.8776,18.9803,1842
"2026-09-09 18:00:00","2026-09-10 09:00:00","CAPE","surface",-69.8537,18.9803,1916
"2026-09-09 18:00:00","2026-09-10 09:00:00","CAPE","surface",-69.8298,18.9803,1972
"2026-09-09 18:00:00","2026-09-10 09:00:00","CAPE","surface",-69.8058,18.9803,1972
"2026-09-09 18:00:00","2026-09-10 09:00:00","CAPE","surface",-69.7819,18.9803,1969
"2026-09-09 18:00:00","2026-09-10 09:00:00","CAPE","surface",-69.758,18.9803,1913
"2026-09-09 18:00:00","2026-09-10 09:00:00","CAPE","surface",-69.7341,18.9803,1949
"2026-09-09 18:00:00","2026-09-10 09:00:00","CAPE","surface",-69.7101,18.9803,1929
"2026-09-09 18:00:00","2026-09-10 09:00:00","CAPE","surface",-69.6862,18.9803,2019
"2026-09-09 18:00:00","2026-09-10 09:00:00","CAPE","surface",-69.6623,18.9803,1987
"2026-09-09 18:00:00","2026-09-10 09:00:00","CAPE","surface",-69.6384,18.9803,2086
"2026-09-09 18:00:00","2026-09-10 09:00:00","CAPE","surface",-69.6144,18.9803,2180
"2026-09-09 18:00:00","2026-09-10 09:00:00","CAPE","surface",-69.5905,18.9803,2180
"2026-09-09 18:00:00","2026-09-10 09:00:00","CAPE","surface",-69.5666,18.9803,2220
"2026-09-09 18:00:00","2026-09-10 09:00:00","CAPE","surface",-69.5427,18.9803,2244
"2026-09-09 18:00:00","2026-09-10 09:00:00","CAPE","surface",-69.5187,18.9803,2207
"2026-09-09 18:00:00","2026-09-10 09:00:00","CAPE","surface",-69.4948,18.9803,2219
"2026-09-09 18:00:00","2026-09-10 09:00:00","CAPE","surface",-69.4709,18.9803,2116
"2026-09-09 18:00:00","2026-09-10 09:00:00","CAPE","surface",-69.447,18.9803,2168
"2026-09-09 18:00:00","2026-09-10 09:00:00","CAPE","surface",-69.423,18.9803,2055
"2026-09-09 18:00:00","2026-09-10 09:00:00","CAPE","surface",-69.3991,18.9803,1999
"2026-09-09 18:00:00","2026-09-10 09:00:00","CAPE","surface",-69.3752,18.9803,1999
"2026-09-09 18:00:00","2026-09-10 09:00:00","CAPE","surface",-69.3513,18.9803,2069
"2026-09-09 18:00:00","2026-09-10 09:00:00","CAPE","surface",-69.3273,18.9803,2029
"2026-09-09 18:00:00","2026-09-10 09:00:00","CAPE","surface",-69.3034,18.9803,2075
"2026-09-09 18:00:00","2026-09-10 09:00:00","CAPE","surface",-69.2795,18.9803,1994
"2026-09-09 18:00:00","2026-09-10 09:00:00","CAPE","surface",-69.2556,18.9803,2137
"2026-09-09 18:00:00","2026-09-10 09:00:00","CAPE","surface",-69.2316,18.9803,2072
"2026-09-09 18:00:00","2026-09-10 09:00:00","CAPE","surface",-69.2077,18.9803,2162
"2026-09-09 18:00:00","2026-09-10 09:00:00","CAPE","surface",-69.1838,18.9803,2150
"2026-09-09 18:00:00","2026-09-10 09:00:00","CAPE","surface",-69.1599,18.9803,2320
"2026-09-09 18:00:00","2026-09-10 09:00:00","CAPE","surface",-69.1359,18.9803,2389
"2026-09-09 18:00:00","2026-09-10 09:00:00","CAPE","surface",-69.112,18.9803,2415
"2026-09-09 18:00:00","2026-09-10 09:00:00","CAPE","surface",-69.0881,18.9803,2535
"2026-09-09 18:00:00","2026-09-10 09:00:00","CAPE","surface",-69.0642,18.9803,2535
"2026-09-09 18:00:00","2026-09-10 09:00:00","CAPE","surface",-69.0402,18.9803,2700
"2026-09-09 18:00:00","2026-09-10 09:00:00","CAPE","surface",-69.0163,18.9803,2658
"2026-09-09 18:00:00","2026-09-10 09:00:00","CAPE","surface",-68.9924,18.9803,2619
"2026-09-09 18:00:00","2026-09-10 09:00:00","CAPE","surface",-68.9685,18.9803,2571
"2026-09-09 18:00:00","2026-09-10 09:00:00","CAPE","surface",-68.9445,18.9803,2465
"2026-09-09 18:00:00","2026-09-10 09:00:00","CAPE","surface",-68.9206,18.9803,2094
"2026-09-09 18:00:00","2026-09-10 09:00:00","CAPE","surface",-68.8967,18.9803,2050
"2026-09-09 18:00:00","2026-09-10 09:00:00","CAPE","surface",-68.8728,18.9803,1651
"2026-09-09 18:00:00","2026-09-10 09:00:00","CAPE","surface",-68.8488,18.9803,1651
"2026-09-09 18:00:00","2026-09-10 09:00:00","CAPE","surface",-68.8249,18.9803,1035
"2026-09-09 18:00:00","2026-09-10 09:00:00","CAPE","surface",-68.801,18.9803,1169
"2026-09-09 18:00:00","2026-09-10 09:00:00","CAPE","surface",-68.7771,18.9803,1530
"2026-09-09 18:00:00","2026-09-10 09:00:00","CAPE","surface",-68.7531,18.9803,1530
"2026-09-09 18:00:00","2026-09-10 09:00:00","CAPE","surface",-68.7292,18.9803,2033
"2026-09-09 18:00:00","2026-09-10 09:00:00","CAPE","surface",-68.7053,18.9803,2260
"2026-09-09 18:00:00","2026-09-10 09:00:00","CAPE","surface",-68.6813,18.9803,2289
"2026-09-09 18:00:00","2026-09-10 09:00:00","CAPE","surface",-68.6574,18.9803,2162
"2026-09-09 18:00:00","2026-09-10 09:00:00","CAPE","surface",-68.6335,18.9803,2162
"2026-09-09 18:00:00","2026-09-10 09:00:00","CAPE","surface",-68.6096,18.9803,1879
"2026-09-09 18:00:00","2026-09-10 09:00:00","CAPE","surface",-68.5856,18.9803,1845
"2026-09-09 18:00:00","2026-09-10 09:00:00","CAPE","surface",-68.5617,18.9803,1840
"2026-09-09 18:00:00","2026-09-10 09:00:00","CAPE","surface",-68.5378,18.9803,1840
"2026-09-09 18:00:00","2026-09-10 09:00:00","CAPE","surface",-68.5139,18.9803,1984
"2026-09-09 18:00:00","2026-09-10 09:00:00","CAPE","surface",-68.4899,18.9803,2206
"2026-09-09 18:00:00","2026-09-10 09:00:00","CAPE","surface",-68.466,18.9803,2326
"2026-09-09 18:00:00","2026-09-10 09:00:00","CAPE","surface",-68.4421,18.9803,2385
"2026-09-09 18:00:00","2026-09-10 09:00:00","CAPE","surface",-68.4182,18.9803,2549
"2026-09-09 18:00:00","2026-09-10 09:00:00","CAPE","surface",-68.3942,18.9803,2726
"2026-09-09 18:00:00","2026-09-10 09:00:00","CAPE","surface",-68.3703,18.9803,2940
"2026-09-09 18:00:00","2026-09-10 09:00:00","CAPE","surface",-68.3464,18.9803,2832
"2026-09-09 18:00:00","2026-09-10 09:00:00","CAPE","surface",-68.3225,18.9803,2980
"2026-09-09 18:00:00","2026-09-10 09:00:00","CAPE","surface",-68.2985,18.9803,3133
"2026-09-09 18:00:00","2026-09-10 09:00:00","CAPE","surface",-68.2746,18.9803,3258
"2026-09-09 18:00:00","2026-09-10 09:00:00","CAPE","surface",-68.2507,18.9803,3290
"2026-09-09 18:00:00","2026-09-10 09:00:00","CAPE","surface",-68.2268,18.9803,3335
"2026-09-09 18:00:00","2026-09-10 09:00:00","CAPE","surface",-68.2028,18.9803,3348
"2026-09-09 18:00:00","2026-09-10 09:00:00","CAPE","surface",-68.1789,18.9803,3406
"2026-09-09 18:00:00","2026-09-10 09:00:00","CAPE","surface",-68.155,18.9803,3469
"2026-09-09 18:00:00","2026-09-10 09:00:00","CAPE","surface",-68.1311,18.9803,3240
"2026-09-09 18:00:00","2026-09-10 09:00:00","CAPE","surface",-68.1071,18.9803,2992
"2026-09-09 18:00:00","2026-09-10 09:00:00","CAPE","surface",-68.0832,18.9803,3072
"2026-09-09 18:00:00","2026-09-10 09:00:00","CAPE","surface",-68.0593,18.9803,3066
"2026-09-09 18:00:00","2026-09-10 09:00:00","CAPE","surface",-68.0354,18.9803,3066
"2026-09-09 18:00:00","2026-09-10 09:00:00","CAPE","surface",-68.0114,18.9803,3201
"2026-09-09 18:00:00","2026-09-10 09:00:00","CAPE","surface",-67.9875,18.9803,3224
"2026-09-09 18:00:00","2026-09-10 09:00:00","CAPE","surface",-67.9636,18.9803,3296
"2026-09-09 18:00:00","2026-09-10 09:00:00","CAPE","surface",-67.9397,18.9803,3296
"2026-09-09 18:00:00","2026-09-10 09:00:00","CAPE","surface",-67.9157,18.9803,2926
"2026-09-09 18:00:00","2026-09-10 09:00:00","CAPE","surface",-67.8918,18.9803,2800
"2026-09-09 18:00:00","2026-09-10 09:00:00","CAPE","surface",-67.8679,18.9803,2820
"2026-09-09 18:00:00","2026-09-10 09:00:00","CAPE","surface",-67.844,18.9803,2725
"2026-09-09 18:00:00","2026-09-10 09:00:00","CAPE","surface",-67.82,18.9803,2721
"2026-09-09 18:00:00","2026-09-10 09:00:00","CAPE","surface",-67.7961,18.9803,2649
"2026-09-09 18:00:00","2026-09-10 09:00:00","CAPE","surface",-67.7722,18.9803,2669
"2026-09-09 18:00:00","2026-09-10 09:00:00","CAPE","surface",-67.7483,18.9803,2661
"2026-09-09 18:00:00","2026-09-10 09:00:00","CAPE","surface",-67.7243,18.9803,2678
"2026-09-09 18:00:00","2026-09-10 09:00:00","CAPE","surface",-67.7004,18.9803,2690
"2026-09-09 18:00:00","2026-09-10 09:00:00","CAPE","surface",-67.6765,18.9803,2760
"2026-09-09 18:00:00","2026-09-10 09:00:00","CAPE","surface",-67.6526,18.9803,2766
"2026-09-09 18:00:00","2026-09-10 09:00:00","CAPE","surface",-67.6286,18.9803,2780
"2026-09-09 18:00:00","2026-09-10 09:00:00","CAPE","surface",-67.6047,18.9803,2761
"2026-09-09 18:00:00","2026-09-10 09:00:00","CAPE","surface",-67.5808,18.9803,2731
"2026-09-09 18:00:00","2026-09-10 09:00:00","CAPE","surface",-67.5569,18.9803,2705
"2026-09-09 18:00:00","2026-09-10 09:00:00","CAPE","surface",-67.5329,18.9803,2705
"2026-09-09 18:00:00","2026-09-10 09:00:00","CAPE","surface",-67.509,18.9803,2719
"2026-09-09 18:00:00","2026-09-10 09:00:00","CAPE","surface",-67.4851,18.9803,2713
"2026-09-09 18:00:00","2026-09-10 09:00:00","CAPE","surface",-67.4612,18.9803,2748
"2026-09-09 18:00:00","2026-09-10 09:00:00","CAPE","surface",-67.4372,18.9803,2748
"2026-09-09 18:00:00","2026-09-10 09:00:00","CAPE","surface",-67.4133,18.9803,2781
"2026-09-09 18:00:00","2026-09-10 09:00:00","CAPE","surface",-67.3894,18.9803,2773
"2026-09-09 18:00:00","2026-09-10 09:00:00","CAPE","surface",-67.3655,18.9803,2804
"2026-09-09 18:00:00","2026-09-10 09:00:00","CAPE","surface",-67.3415,18.9803,2841
"2026-09-09 18:00:00","2026-09-10 09:00:00","CAPE","surface",-67.3176,18.9803,2820
"2026-09-09 18:00:00","2026-09-10 09:00:00","CAPE","surface",-67.2937,18.9803,2868
"2026-09-09 18:00:00","2026-09-10 09:00:00","CAPE","surface",-67.2698,18.9803,2893
"2026-09-09 18:00:00","2026-09-10 09:00:00","CAPE","surface",-67.2458,18.9803,2961
"2026-09-09 18:00:00","2026-09-10 09:00:00","CAPE","surface",-67.2219,18.9803,2954
"2026-09-09 18:00:00","2026-09-10 09:00:00","CAPE","surface",-67.198,18.9803,2966
"2026-09-09 18:00:00","2026-09-10 09:00:00","CAPE","surface",-67.1741,18.9803,2949
"2026-09-09 18:00:00","2026-09-10 09:00:00","CAPE","surface",-67.1501,18.9803,2949
"2026-09-09 18:00:00","2026-09-10 09:00:00","CAPE","surface",-67.1262,18.9803,2940
"2026-09-09 18:00:00","2026-09-10 09:00:00","CAPE","surface",-67.1023,18.9803,3072
"2026-09-09 18:00:00","2026-09-10 09:00:00","CAPE","surface",-67.0784,18.9803,3171
"2026-09-09 18:00:00","2026-09-10 09:00:00","CAPE","surface",-67.0544,18.9803,3171
"2026-09-09 18:00:00","2026-09-10 09:00:00","CAPE","surface",-67.0305,18.9803,3144
"2026-09-09 18:00:00","2026-09-10 09:00:00","CAPE","surface",-67.0066,18.9803,2892
"2026-09-09 18:00:00","2026-09-10 09:00:00","CAPE","surface",-74.7822,19.0029,2308
"2026-09-09 18:00:00","2026-09-10 09:00:00","CAPE","surface",-74.7583,19.0029,2352
"2026-09-09 18:00:00","2026-09-10 09:00:00","CAPE","surface",-74.7344,19.0029,2373
"2026-09-09 18:00:00","2026-09-10 09:00:00","CAPE","surface",-74.7105,19.0029,2373
"2026-09-09 18:00:00","2026-09-10 09:00:00","CAPE","surface",-74.6865,19.0029,2378
"2026-09-09 18:00:00","2026-09-10 09:00:00","CAPE","surface",-74.6626,19.0029,2340
"2026-09-09 18:00:00","2026-09-10 09:00:00","CAPE","surface",-74.6387,19.0029,2331
"2026-09-09 18:00:00","2026-09-10 09:00:00","CAPE","surface",-74.6148,19.0029,2127
"2026-09-09 18:00:00","2026-09-10 09:00:00","CAPE","surface",-74.5908,19.0029,2137
"2026-09-09 18:00:00","2026-09-10 09:00:00","CAPE","surface",-74.5669,19.0029,2065
"2026-09-09 18:00:00","2026-09-10 09:00:00","CAPE","surface",-74.543,19.0029,2085
"2026-09-09 18:00:00","2026-09-10 09:00:00","CAPE","surface",-74.5191,19.0029,2077
"2026-09-09 18:00:00","2026-09-10 09:00:00","CAPE","surface",-74.4951,19.0029,2080
"2026-09-09 18:00:00","2026-09-10 09:00:00","CAPE","surface",-74.4712,19.0029,2076
"2026-09-09 18:00:00","2026-09-10 09:00:00","CAPE","surface",-74.4473,19.0029,2046
"2026-09-09 18:00:00","2026-09-10 09:00:00","CAPE","surface",-74.4234,19.0029,2135
"2026-09-09 18:00:00","2026-09-10 09:00:00","CAPE","surface",-74.3994,19.0029,2132
"2026-09-09 18:00:00","2026-09-10 09:00:00","CAPE","surface",-74.3755,19.0029,2130
"2026-09-09 18:00:00","2026-09-10 09:00:00","CAPE","surface",-74.3516,19.0029,2101
"2026-09-09 18:00:00","2026-09-10 09:00:00","CAPE","surface",-74.3277,19.0029,2068
"2026-09-09 18:00:00","2026-09-10 09:00:00","CAPE","surface",-74.3037,19.0029,2068
"2026-09-09 18:00:00","2026-09-10 09:00:00","CAPE","surface",-74.2798,19.0029,2051
"2026-09-09 18:00:00","2026-09-10 09:00:00","CAPE","surface",-74.2559,19.0029,2011
"2026-09-09 18:00:00","2026-09-10 09:00:00","CAPE","surface",-74.232,19.0029,1966
"2026-09-09 18:00:00","2026-09-10 09:00:00","CAPE","surface",-74.208,19.0029,1924
"2026-09-09 18:00:00","2026-09-10 09:00:00","CAPE","surface",-74.1841,19.0029,1938
"2026-09-09 18:00:00","2026-09-10 09:00:00","CAPE","surface",-74.1602,19.0029,1938
"2026-09-09 18:00:00","2026-09-10 09:00:00","CAPE","surface",-74.1363,19.0029,1929
"2026-09-09 18:00:00","2026-09-10 09:00:00","CAPE","surface",-74.1123,19.0029,1896
"2026-09-09 18:00:00","2026-09-10 09:00:00","CAPE","surface",-74.0884,19.0029,1893
"2026-09-09 18:00:00","2026-09-10 09:00:00","CAPE","surface",-74.0645,19.0029,1875
"2026-09-09 18:00:00","2026-09-10 09:00:00","CAPE","surface",-74.0406,19.0029,1867
"2026-09-09 18:00:00","2026-09-10 09:00:00","CAPE","surface",-74.0166,19.0029,1876
"2026-09-09 18:00:00","2026-09-10 09:00:00","CAPE","surface",-73.9927,19.0029,1853
"2026-09-09 18:00:00","2026-09-10 09:00:00","CAPE","surface",-73.9688,19.0029,1853
"2026-09-09 18:00:00","2026-09-10 09:00:00","CAPE","surface",-73.9449,19.0029,1824
"2026-09-09 18:00:00","2026-09-10 09:00:00","CAPE","surface",-73.9209,19.0029,1824
"2026-09-09 18:00:00","2026-09-10 09:00:00","CAPE","surface",-73.897,19.0029,1824
"2026-09-09 18:00:00","2026-09-10 09:00:00","CAPE","surface",-73.8731,19.0029,1836
"2026-09-09 18:00:00","2026-09-10 09:00:00","CAPE","surface",-73.8492,19.0029,1822
"2026-09-09 18:00:00","2026-09-10 09:00:00","CAPE","surface",-73.8252,19.0029,1868
"2026-09-09 18:00:00","2026-09-10 09:00:00","CAPE","surface",-73.8013,19.0029,1880
"2026-09-09 18:00:00","2026-09-10 09:00:00","CAPE","surface",-73.7774,19.0029,1933
"2026-09-09 18:00:00","2026-09-10 09:00:00","CAPE","surface",-73.7535,19.0029,1933
"2026-09-09 18:00:00","2026-09-10 09:00:00","CAPE","surface",-73.7295,19.0029,1984
"2026-09-09 18:00:00","2026-09-10 09:00:00","CAPE","surface",-73.7056,19.0029,1969
"2026-09-09 18:00:00","2026-09-10 09:00:00","CAPE","surface",-73.6817,19.0029,1989
"2026-09-09 18:00:00","2026-09-10 09:00:00","CAPE","surface",-73.6578,19.0029,1960
"2026-09-09 18:00:00","2026-09-10 09:00:00","CAPE","surface",-73.6338,19.0029,2066
"2026-09-09 18:00:00","2026-09-10 09:00:00","CAPE","surface",-73.6099,19.0029,2038
"2026-09-09 18:00:00","2026-09-10 09:00:00","CAPE","surface",-73.586,19.0029,2134
"2026-09-09 18:00:00","2026-09-10 09:00:00","CAPE","surface",-73.5621,19.0029,2108
"2026-09-09 18:00:00","2026-09-10 09:00:00","CAPE","surface",-73.5381,19.0029,2135
"2026-09-09 18:00:00","2026-09-10 09:00:00","CAPE","surface",-73.5142,19.0029,2135
"2026-09-09 18:00:00","2026-09-10 09:00:00","CAPE","surface",-73.4903,19.0029,2196
"2026-09-09 18:00:00","2026-09-10 09:00:00","CAPE","surface",-73.4664,19.0029,2200
"2026-09-09 18:00:00","2026-09-10 09:00:00","CAPE","surface",-73.4424,19.0029,2337
"2026-09-09 18:00:00","2026-09-10 09:00:00","CAPE","surface",-73.4185,19.0029,2249
"2026-09-09 18:00:00","2026-09-10 09:00:00","CAPE","surface",-73.3946,19.0029,1539
"2026-09-09 18:00:00","2026-09-10 09:00:00","CAPE","surface",-73.3707,19.0029,1539
"2026-09-09 18:00:00","2026-09-10 09:00:00","CAPE","surface",-73.3467,19.0029,1610
"2026-09-09 18:00:00","2026-09-10 09:00:00","CAPE","surface",-73.3228,19.0029,1594
"2026-09-09 18:00:00","2026-09-10 09:00:00","CAPE","surface",-73.2989,19.0029,1812
"2026-09-09 18:00:00","2026-09-10 09:00:00","CAPE","surface",-73.275,19.0029,2045
"2026-09-09 18:00:00","2026-09-10 09:00:00","CAPE","surface",-73.251,19.0029,2045
"2026-09-09 18:00:00","2026-09-10 09:00:00","CAPE","surface",-73.2271,19.0029,2181
"2026-09-09 18:00:00","2026-09-10 09:00:00","CAPE","surface",-73.2032,19.0029,2148
"2026-09-09 18:00:00","2026-09-10 09:00:00","CAPE","surface",-73.1793,19.0029,2082
"2026-09-09 18:00:00","2026-09-10 09:00:00","CAPE","surface",-73.1553,19.0029,2066
"2026-09-09 18:00:00","2026-09-10 09:00:00","CAPE","surface",-73.1314,19.0029,2042
"2026-09-09 18:00:00","2026-09-10 09:00:00","CAPE","surface",-73.1075,19.0029,2061
"2026-09-09 18:00:00","2026-09-10 09:00:00","CAPE","surface",-73.0836,19.0029,2023
"2026-09-09 18:00:00","2026-09-10 09:00:00","CAPE","surface",-73.0596,19.0029,2010
"2026-09-09 18:00:00","2026-09-10 09:00:00","CAPE","surface",-73.0357,19.0029,1872
"2026-09-09 18:00:00","2026-09-10 09:00:00","CAPE","surface",-73.0118,19.0029,1842
"2026-09-09 18:00:00","2026-09-10 09:00:00","CAPE","surface",-72.9879,19.0029,1712
"2026-09-09 18:00:00","2026-09-10 09:00:00","CAPE","surface",-72.9639,19.0029,1680
"2026-09-09 18:00:00","2026-09-10 09:00:00","CAPE","surface",-72.94,19.0029,1516
"2026-09-09 18:00:00","2026-09-10 09:00:00","CAPE","surface",-72.9161,19.0029,1497
"2026-09-09 18:00:00","2026-09-10 09:00:00","CAPE","surface",-72.8922,19.0029,1440
"2026-09-09 18:00:00","2026-09-10 09:00:00","CAPE","surface",-72.8682,19.0029,1440
"2026-09-09 18:00:00","2026-09-10 09:00:00","CAPE","surface",-72.8443,19.0029,1405
"2026-09-09 18:00:00","2026-09-10 09:00:00","CAPE","surface",-72.8204,19.0029,1403
"2026-09-09 18:00:00","2026-09-10 09:00:00","CAPE","surface",-72.7965,19.0029,1687
"2026-09-09 18:00:00","2026-09-10 09:00:00","CAPE","surface",-72.7725,19.0029,1621
"2026-09-09 18:00:00","2026-09-10 09:00:00","CAPE","surface",-72.7486,19.0029,1436
"2026-09-09 18:00:00","2026-09-10 09:00:00","CAPE","surface",-72.7247,19.0029,1267
"2026-09-09 18:00:00","2026-09-10 09:00:00","CAPE","surface",-72.7008,19.0029,788
"2026-09-09 18:00:00","2026-09-10 09:00:00","CAPE","surface",-72.6768,19.0029,327
"2026-09-09 18:00:00","2026-09-10 09:00:00","CAPE","surface",-72.6529,19.0029,184
"2026-09-09 18:00:00","2026-09-10 09:00:00","CAPE","surface",-72.629,19.0029,249
"2026-09-09 18:00:00","2026-09-10 09:00:00","CAPE","surface",-72.6051,19.0029,255
"2026-09-09 18:00:00","2026-09-10 09:00:00","CAPE","surface",-72.5811,19.0029,393
"2026-09-09 18:00:00","2026-09-10 09:00:00","CAPE","surface",-72.5572,19.0029,363
"2026-09-09 18:00:00","2026-09-10 09:00:00","CAPE","surface",-72.5333,19.0029,502
"2026-09-09 18:00:00","2026-09-10 09:00:00","CAPE","surface",-72.5094,19.0029,502
"2026-09-09 18:00:00","2026-09-10 09:00:00","CAPE","surface",-72.4854,19.0029,558
"2026-09-09 18:00:00","2026-09-10 09:00:00","CAPE","surface",-72.4615,19.0029,560
"2026-09-09 18:00:00","2026-09-10 09:00:00","CAPE","surface",-72.4376,19.0029,551
"2026-09-09 18:00:00","2026-09-10 09:00:00","CAPE","surface",-72.4137,19.0029,548
"2026-09-09 18:00:00","2026-09-10 09:00:00","CAPE","surface",-72.3897,19.0029,671
"2026-09-09 18:00:00","2026-09-10 09:00:00","CAPE","surface",-72.3658,19.0029,671
"2026-09-09 18:00:00","2026-09-10 09:00:00","CAPE","surface",-72.3419,19.0029,661
"2026-09-09 18:00:00","2026-09-10 09:00:00","CAPE","surface",-72.318,19.0029,683
"2026-09-09 18:00:00","2026-09-10 09:00:00","CAPE","surface",-72.294,19.0029,577
"2026-09-09 18:00:00","2026-09-10 09:00:00","CAPE","surface",-72.2701,19.0029,755
"2026-09-09 18:00:00","2026-09-10 09:00:00","CAPE","surface",-72.2462,19.0029,432
"2026-09-09 18:00:00","2026-09-10 09:00:00","CAPE","surface",-72.2223,19.0029,326
"2026-09-09 18:00:00","2026-09-10 09:00:00","CAPE","surface",-72.1983,19.0029,343
"2026-09-09 18:00:00","2026-09-10 09:00:00","CAPE","surface",-72.1744,19.0029,308
"2026-09-09 18:00:00","2026-09-10 09:00:00","CAPE","surface",-72.1505,19.0029,318
"2026-09-09 18:00:00","2026-09-10 09:00:00","CAPE","surface",-72.1266,19.0029,358
"2026-09-09 18:00:00","2026-09-10 09:00:00","CAPE","surface",-72.1026,19.0029,422
"2026-09-09 18:00:00","2026-09-10 09:00:00","CAPE","surface",-72.0787,19.0029,522
"2026-09-09 18:00:00","2026-09-10 09:00:00","CAPE","surface",-72.0548,19.0029,509
"2026-09-09 18:00:00","2026-09-10 09:00:00","CAPE","surface",-72.0309,19.0029,541
"2026-09-09 18:00:00","2026-09-10 09:00:00","CAPE","surface",-72.0069,19.0029,541
"2026-09-09 18:00:00","2026-09-10 09:00:00","CAPE","surface",-71.983,19.0029,570
"2026-09-09 18:00:00","2026-09-10 09:00:00","CAPE","surface",-71.9591,19.0029,580
"2026-09-09 18:00:00","2026-09-10 09:00:00","CAPE","surface",-71.9352,19.0029,593
"2026-09-09 18:00:00","2026-09-10 09:00:00","CAPE","surface",-71.9112,19.0029,587
"2026-09-09 18:00:00","2026-09-10 09:00:00","CAPE","surface",-71.8873,19.0029,597
"2026-09-09 18:00:00","2026-09-10 09:00:00","CAPE","surface",-71.8634,19.0029,595
"2026-09-09 18:00:00","2026-09-10 09:00:00","CAPE","surface",-71.8395,19.0029,582
"2026-09-09 18:00:00","2026-09-10 09:00:00","CAPE","surface",-71.8155,19.0029,514
"2026-09-09 18:00:00","2026-09-10 09:00:00","CAPE","surface",-71.7916,19.0029,498
"2026-09-09 18:00:00","2026-09-10 09:00:00","CAPE","surface",-71.7677,19.0029,421
"2026-09-09 18:00:00","2026-09-10 09:00:00","CAPE","surface",-71.7438,19.0029,416
"2026-09-09 18:00:00","2026-09-10 09:00:00","CAPE","surface",-71.7198,19.0029,428
"2026-09-09 18:00:00","2026-09-10 09:00:00","CAPE","surface",-71.6959,19.0029,458
"2026-09-09 18:00:00","2026-09-10 09:00:00","CAPE","surface",-71.672,19.0029,413
"2026-09-09 18:00:00","2026-09-10 09:00:00","CAPE","surface",-71.6481,19.0029,425
"2026-09-09 18:00:00","2026-09-10 09:00:00","CAPE","surface",-71.6241,19.0029,416
"2026-09-09 18:00:00","2026-09-10 09:00:00","CAPE","surface",-71.6002,19.0029,423
"2026-09-09 18:00:00","2026-09-10 09:00:00","CAPE","surface",-71.5763,19.0029,434
"2026-09-09 18:00:00","2026-09-10 09:00:00","CAPE","surface",-71.5524,19.0029,434
"2026-09-09 18:00:00","2026-09-10 09:00:00","CAPE","surface",-71.5284,19.0029,419
"2026-09-09 18:00:00","2026-09-10 09:00:00","CAPE","surface",-71.5045,19.0029,426
"2026-09-09 18:00:00","2026-09-10 09:00:00","CAPE","surface",-71.4806,19.0029,406
"2026-09-09 18:00:00","2026-09-10 09:00:00","CAPE","surface",-71.4567,19.0029,335
"2026-09-09 18:00:00","2026-09-10 09:00:00","CAPE","surface",-71.4327,19.0029,335
"2026-09-09 18:00:00","2026-09-10 09:00:00","CAPE","surface",-71.4088,19.0029,341
"2026-09-09 18:00:00","2026-09-10 09:00:00","CAPE","surface",-71.3849,19.0029,370
"2026-09-09 18:00:00","2026-09-10 09:00:00","CAPE","surface",-71.361,19.0029,370
"2026-09-09 18:00:00","2026-09-10 09:00:00","CAPE","surface",-71.337,19.0029,465
"2026-09-09 18:00:00","2026-09-10 09:00:00","CAPE","surface",-71.3131,19.0029,265
"2026-09-09 18:00:00","2026-09-10 09:00:00","CAPE","surface",-71.2892,19.0029,356
"2026-09-09 18:00:00","2026-09-10 09:00:00","CAPE","surface",-71.2653,19.0029,233
"2026-09-09 18:00:00","2026-09-10 09:00:00","CAPE","surface",-71.2413,19.0029,94
"2026-09-09 18:00:00","2026-09-10 09:00:00","CAPE","surface",-71.2174,19.0029,0
"2026-09-09 18:00:00","2026-09-10 09:00:00","CAPE","surface",-71.1935,19.0029,0
"2026-09-09 18:00:00","2026-09-10 09:00:00","CAPE","surface",-71.1696,19.0029,0
"2026-09-09 18:00:00","2026-09-10 09:00:00","CAPE","surface",-71.1456,19.0029,0
"2026-09-09 18:00:00","2026-09-10 09:00:00","CAPE","surface",-71.1217,19.0029,0
"2026-09-09 18:00:00","2026-09-10 09:00:00","CAPE","surface",-71.0978,19.0029,0
"2026-09-09 18:00:00","2026-09-10 09:00:00","CAPE","surface",-71.0739,19.0029,0
"2026-09-09 18:00:00","2026-09-10 09:00:00","CAPE","surface",-71.0499,19.0029,0
"2026-09-09 18:00:00","2026-09-10 09:00:00","CAPE","surface",-71.026,19.0029,0
"2026-09-09 18:00:00","2026-09-10 09:00:00","CAPE","surface",-71.0021,19.0029,0
"2026-09-09 18:00:00","2026-09-10 09:00:00","CAPE","surface",-70.9782,19.0029,0
"2026-09-09 18:00:00","2026-09-10 09:00:00","CAPE","surface",-70.9542,19.0029,0
"2026-09-09 18:00:00","2026-09-10 09:00:00","CAPE","surface",-70.9303,19.0029,0
"2026-09-09 18:00:00","2026-09-10 09:00:00","CAPE","surface",-70.9064,19.0029,1
"2026-09-09 18:00:00","2026-09-10 09:00:00","CAPE","surface",-70.8825,19.0029,31
"2026-09-09 18:00:00","2026-09-10 09:00:00","CAPE","surface",-70.8585,19.0029,69
"2026-09-09 18:00:00","2026-09-10 09:00:00","CAPE","surface",-70.8346,19.0029,141
"2026-09-09 18:00:00","2026-09-10 09:00:00","CAPE","surface",-70.8107,19.0029,180
"2026-09-09 18:00:00","2026-09-10 09:00:00","CAPE","surface",-70.7868,19.0029,257
"2026-09-09 18:00:00","2026-09-10 09:00:00","CAPE","surface",-70.7628,19.0029,324
"2026-09-09 18:00:00","2026-09-10 09:00:00","CAPE","surface",-70.7389,19.0029,317
"2026-09-09 18:00:00","2026-09-10 09:00:00","CAPE","surface",-70.715,19.0029,406
"2026-09-09 18:00:00","2026-09-10 09:00:00","CAPE","surface",-70.6911,19.0029,475
"2026-09-09 18:00:00","2026-09-10 09:00:00","CAPE","surface",-70.6671,19.0029,505
"2026-09-09 18:00:00","2026-09-10 09:00:00","CAPE","surface",-70.6432,19.0029,559
"2026-09-09 18:00:00","2026-09-10 09:00:00","CAPE","surface",-70.6193,19.0029,559
"2026-09-09 18:00:00","2026-09-10 09:00:00","CAPE","surface",-70.5954,19.0029,581
"2026-09-09 18:00:00","2026-09-10 09:00:00","CAPE","surface",-70.5714,19.0029,586
"2026-09-09 18:00:00","2026-09-10 09:00:00","CAPE","surface",-70.5475,19.0029,612
"2026-09-09 18:00:00","2026-09-10 09:00:00","CAPE","surface",-70.5236,19.0029,638
"2026-09-09 18:00:00","2026-09-10 09:00:00","CAPE","surface",-70.4997,19.0029,695
"2026-09-09 18:00:00","2026-09-10 09:00:00","CAPE","surface",-70.4757,19.0029,752
"2026-09-09 18:00:00","2026-09-10 09:00:00","CAPE","surface",-70.4518,19.0029,755
"2026-09-09 18:00:00","2026-09-10 09:00:00","CAPE","surface",-70.4279,19.0029,864
"2026-09-09 18:00:00","2026-09-10 09:00:00","CAPE","surface",-70.404,19.0029,864
"2026-09-09 18:00:00","2026-09-10 09:00:00","CAPE","surface",-70.38,19.0029,898
"2026-09-09 18:00:00","2026-09-10 09:00:00","CAPE","surface",-70.3561,19.0029,933
"2026-09-09 18:00:00","2026-09-10 09:00:00","CAPE","surface",-70.3322,19.0029,959
"2026-09-09 18:00:00","2026-09-10 09:00:00","CAPE","surface",-70.3083,19.0029,959
"2026-09-09 18:00:00","2026-09-10 09:00:00","CAPE","surface",-70.2843,19.0029,1004
"2026-09-09 18:00:00","2026-09-10 09:00:00","CAPE","surface",-70.2604,19.0029,1037
"2026-09-09 18:00:00","2026-09-10 09:00:00","CAPE","surface",-70.2365,19.0029,1012
"2026-09-09 18:00:00","2026-09-10 09:00:00","CAPE","surface",-70.2126,19.0029,1121
"2026-09-09 18:00:00","2026-09-10 09:00:00","CAPE","surface",-70.1886,19.0029,1121
"2026-09-09 18:00:00","2026-09-10 09:00:00","CAPE","surface",-70.1647,19.0029,1237
"2026-09-09 18:00:00","2026-09-10 09:00:00","CAPE","surface",-70.1408,19.0029,1152
"2026-09-09 18:00:00","2026-09-10 09:00:00","CAPE","surface",-70.1169,19.0029,1116
"2026-09-09 18:00:00","2026-09-10 09:00:00","CAPE","surface",-70.0929,19.0029,1189
"2026-09-09 18:00:00","2026-09-10 09:00:00","CAPE","surface",-70.069,19.0029,1228
"2026-09-09 18:00:00","2026-09-10 09:00:00","CAPE","surface",-70.0451,19.0029,1434
"2026-09-09 18:00:00","2026-09-10 09:00:00","CAPE","surface",-70.0212,19.0029,1616
"2026-09-09 18:00:00","2026-09-10 09:00:00","CAPE","surface",-69.9972,19.0029,1704
"2026-09-09 18:00:00","2026-09-10 09:00:00","CAPE","surface",-69.9733,19.0029,1704
"2026-09-09 18:00:00","2026-09-10 09:00:00","CAPE","surface",-69.9494,19.0029,1738
"2026-09-09 18:00:00","2026-09-10 09:00:00","CAPE","surface",-69.9255,19.0029,1694
"2026-09-09 18:00:00","2026-09-10 09:00:00","CAPE","surface",-69.9015,19.0029,1678
"2026-09-09 18:00:00","2026-09-10 09:00:00","CAPE","surface",-69.8776,19.0029,1842
"2026-09-09 18:00:00","2026-09-10 09:00:00","CAPE","surface",-69.8537,19.0029,2112
"2026-09-09 18:00:00","2026-09-10 09:00:00","CAPE","surface",-69.8298,19.0029,2053
"2026-09-09 18:00:00","2026-09-10 09:00:00","CAPE","surface",-69.8058,19.0029,2067
"2026-09-09 18:00:00","2026-09-10 09:00:00","CAPE","surface",-69.7819,19.0029,1969
"2026-09-09 18:00:00","2026-09-10 09:00:00","CAPE","surface",-69.758,19.0029,2075
"2026-09-09 18:00:00","2026-09-10 09:00:00","CAPE","surface",-69.7341,19.0029,2124
"2026-09-09 18:00:00","2026-09-10 09:00:00","CAPE","surface",-69.7101,19.0029,2052
"2026-09-09 18:00:00","2026-09-10 09:00:00","CAPE","surface",-69.6862,19.0029,2178
"2026-09-09 18:00:00","2026-09-10 09:00:00","CAPE","surface",-69.6623,19.0029,2135
"2026-09-09 18:00:00","2026-09-10 09:00:00","CAPE","surface",-69.6384,19.0029,2234
"2026-09-09 18:00:00","2026-09-10 09:00:00","CAPE","surface",-69.6144,19.0029,2204
"2026-09-09 18:00:00","2026-09-10 09:00:00","CAPE","surface",-69.5905,19.0029,2186
"2026-09-09 18:00:00","2026-09-10 09:00:00","CAPE","surface",-69.5666,19.0029,2220
"2026-09-09 18:00:00","2026-09-10 09:00:00","CAPE","surface",-69.5427,19.0029,2111
"2026-09-09 18:00:00","2026-09-10 09:00:00","CAPE","surface",-69.5187,19.0029,2170
"2026-09-09 18:00:00","2026-09-10 09:00:00","CAPE","surface",-69.4948,19.0029,2080
"2026-09-09 18:00:00","2026-09-10 09:00:00","CAPE","surface",-69.4709,19.0029,1999
"2026-09-09 18:00:00","2026-09-10 09:00:00","CAPE","surface",-69.447,19.0029,2039
"2026-09-09 18:00:00","2026-09-10 09:00:00","CAPE","surface",-69.423,19.0029,1878
"2026-09-09 18:00:00","2026-09-10 09:00:00","CAPE","surface",-69.3991,19.0029,1932
"2026-09-09 18:00:00","2026-09-10 09:00:00","CAPE","surface",-69.3752,19.0029,2087
"2026-09-09 18:00:00","2026-09-10 09:00:00","CAPE","surface",-69.3513,19.0029,2069
"2026-09-09 18:00:00","2026-09-10 09:00:00","CAPE","surface",-69.3273,19.0029,2227
"2026-09-09 18:00:00","2026-09-10 09:00:00","CAPE","surface",-69.3034,19.0029,2145
"2026-09-09 18:00:00","2026-09-10 09:00:00","CAPE","surface",-69.2795,19.0029,2225
"2026-09-09 18:00:00","2026-09-10 09:00:00","CAPE","surface",-69.2556,19.0029,2287
"2026-09-09 18:00:00","2026-09-10 09:00:00","CAPE","surface",-69.2316,19.0029,2287
"2026-09-09 18:00:00","2026-09-10 09:00:00","CAPE","surface",-69.2077,19.0029,2407
"2026-09-09 18:00:00","2026-09-10 09:00:00","CAPE","surface",-69.1838,19.0029,2339
"2026-09-09 18:00:00","2026-09-10 09:00:00","CAPE","surface",-69.1599,19.0029,2432
"2026-09-09 18:00:00","2026-09-10 09:00:00","CAPE","surface",-69.1359,19.0029,2389
"2026-09-09 18:00:00","2026-09-10 09:00:00","CAPE","surface",-69.112,19.0029,2676
"2026-09-09 18:00:00","2026-09-10 09:00:00","CAPE","surface",-69.0881,19.0029,2571
"2026-09-09 18:00:00","2026-09-10 09:00:00","CAPE","surface",-69.0642,19.0029,2894
"2026-09-09 18:00:00","2026-09-10 09:00:00","CAPE","surface",-69.0402,19.0029,3050
"2026-09-09 18:00:00","2026-09-10 09:00:00","CAPE","surface",-69.0163,19.0029,3050
"2026-09-09 18:00:00","2026-09-10 09:00:00","CAPE","surface",-68.9924,19.0029,2841
"2026-09-09 18:00:00","2026-09-10 09:00:00","CAPE","surface",-68.9685,19.0029,2503
"2026-09-09 18:00:00","2026-09-10 09:00:00","CAPE","surface",-68.9445,19.0029,2246
"2026-09-09 18:00:00","2026-09-10 09:00:00","CAPE","surface",-68.9206,19.0029,2246
"2026-09-09 18:00:00","2026-09-10 09:00:00","CAPE","surface",-68.8967,19.0029,1791
"2026-09-09 18:00:00","2026-09-10 09:00:00","CAPE","surface",-68.8728,19.0029,1696
"2026-09-09 18:00:00","2026-09-10 09:00:00","CAPE","surface",-68.8488,19.0029,1154
"2026-09-09 18:00:00","2026-09-10 09:00:00","CAPE","surface",-68.8249,19.0029,1169
"2026-09-09 18:00:00","2026-09-10 09:00:00","CAPE","surface",-68.801,19.0029,1169
"2026-09-09 18:00:00","2026-09-10 09:00:00","CAPE","surface",-68.7771,19.0029,1500
"2026-09-09 18:00:00","2026-09-10 09:00:00","CAPE","surface",-68.7531,19.0029,1803
"2026-09-09 18:00:00","2026-09-10 09:00:00","CAPE","surface",-68.7292,19.0029,2174
"2026-09-09 18:00:00","2026-09-10 09:00:00","CAPE","surface",-68.7053,19.0029,2174
"2026-09-09 18:00:00","2026-09-10 09:00:00","CAPE","surface",-68.6813,19.0029,2254
"2026-09-09 18:00:00","2026-09-10 09:00:00","CAPE","surface",-68.6574,19.0029,2232
"2026-09-09 18:00:00","2026-09-10 09:00:00","CAPE","surface",-68.6335,19.0029,1950
"2026-09-09 18:00:00","2026-09-10 09:00:00","CAPE","surface",-68.6096,19.0029,1812
"2026-09-09 18:00:00","2026-09-10 09:00:00","CAPE","surface",-68.5856,19.0029,1805
"2026-09-09 18:00:00","2026-09-10 09:00:00","CAPE","surface",-68.5617,19.0029,1908
"2026-09-09 18:00:00","2026-09-10 09:00:00","CAPE","surface",-68.5378,19.0029,1930
"2026-09-09 18:00:00","2026-09-10 09:00:00","CAPE","surface",-68.5139,19.0029,2138
"2026-09-09 18:00:00","2026-09-10 09:00:00","CAPE","surface",-68.4899,19.0029,2138
"2026-09-09 18:00:00","2026-09-10 09:00:00","CAPE","surface",-68.466,19.0029,2269
"2026-09-09 18:00:00","2026-09-10 09:00:00","CAPE","surface",-68.4421,19.0029,2385
"2026-09-09 18:00:00","2026-09-10 09:00:00","CAPE","surface",-68.4182,19.0029,2529
"2026-09-09 18:00:00","2026-09-10 09:00:00","CAPE","surface",-68.3942,19.0029,2520
"2026-09-09 18:00:00","2026-09-10 09:00:00","CAPE","surface",-68.3703,19.0029,2671
"2026-09-09 18:00:00","2026-09-10 09:00:00","CAPE","surface",-68.3464,19.0029,2827
"2026-09-09 18:00:00","2026-09-10 09:00:00","CAPE","surface",-68.3225,19.0029,2980
"2026-09-09 18:00:00","2026-09-10 09:00:00","CAPE","surface",-68.2985,19.0029,3030
"2026-09-09 18:00:00","2026-09-10 09:00:00","CAPE","surface",-68.2746,19.0029,3176
"2026-09-09 18:00:00","2026-09-10 09:00:00","CAPE","surface",-68.2507,19.0029,3305
"2026-09-09 18:00:00","2026-09-10 09:00:00","CAPE","surface",-68.2268,19.0029,3335
"2026-09-09 18:00:00","2026-09-10 09:00:00","CAPE","surface",-68.2028,19.0029,3344
"2026-09-09 18:00:00","2026-09-10 09:00:00","CAPE","surface",-68.1789,19.0029,3160
"2026-09-09 18:00:00","2026-09-10 09:00:00","CAPE","surface",-68.155,19.0029,3181
"2026-09-09 18:00:00","2026-09-10 09:00:00","CAPE","surface",-68.1311,19.0029,2886
"2026-09-09 18:00:00","2026-09-10 09:00:00","CAPE","surface",-68.1071,19.0029,2886
"2026-09-09 18:00:00","2026-09-10 09:00:00","CAPE","surface",-68.0832,19.0029,2928
"2026-09-09 18:00:00","2026-09-10 09:00:00","CAPE","surface",-68.0593,19.0029,3020
"2026-09-09 18:00:00","2026-09-10 09:00:00","CAPE","surface",-68.0354,19.0029,3168
"2026-09-09 18:00:00","2026-09-10 09:00:00","CAPE","surface",-68.0114,19.0029,3372
"2026-09-09 18:00:00","2026-09-10 09:00:00","CAPE","surface",-67.9875,19.0029,3372
"2026-09-09 18:00:00","2026-09-10 09:00:00","CAPE","surface",-67.9636,19.0029,3246
"2026-09-09 18:00:00","2026-09-10 09:00:00","CAPE","surface",-67.9397,19.0029,3055
"2026-09-09 18:00:00","2026-09-10 09:00:00","CAPE","surface",-67.9157,19.0029,2815
"2026-09-09 18:00:00","2026-09-10 09:00:00","CAPE","surface",-67.8918,19.0029,2815
"2026-09-09 18:00:00","2026-09-10 09:00:00","CAPE","surface",-67.8679,19.0029,2733
"2026-09-09 18:00:00","2026-09-10 09:00:00","CAPE","surface",-67.844,19.0029,2725
"2026-09-09 18:00:00","2026-09-10 09:00:00","CAPE","surface",-67.82,19.0029,2649
"2026-09-09 18:00:00","2026-09-10 09:00:00","CAPE","surface",-67.7961,19.0029,2644
"2026-09-09 18:00:00","2026-09-10 09:00:00","CAPE","surface",-67.7722,19.0029,2652
"2026-09-09 18:00:00","2026-09-10 09:00:00","CAPE","surface",-67.7483,19.0029,2677
"2026-09-09 18:00:00","2026-09-10 09:00:00","CAPE","surface",-67.7243,19.0029,2678
"2026-09-09 18:00:00","2026-09-10 09:00:00","CAPE","surface",-67.7004,19.0029,2727
"2026-09-09 18:00:00","2026-09-10 09:00:00","CAPE","surface",-67.6765,19.0029,2737
"2026-09-09 18:00:00","2026-09-10 09:00:00","CAPE","surface",-67.6526,19.0029,2803
"2026-09-09 18:00:00","2026-09-10 09:00:00","CAPE","surface",-67.6286,19.0029,2815
"2026-09-09 18:00:00","2026-09-10 09:00:00","CAPE","surface",-67.6047,19.0029,2815
"2026-09-09 18:00:00","2026-09-10 09:00:00","CAPE","surface",-67.5808,19.0029,2820
"2026-09-09 18:00:00","2026-09-10 09:00:00","CAPE","surface",-67.5569,19.0029,2734
"2026-09-09 18:00:00","2026-09-10 09:00:00","CAPE","surface",-67.5329,19.0029,2740
"2026-09-09 18:00:00","2026-09-10 09:00:00","CAPE","surface",-67.509,19.0029,2740
"2026-09-09 18:00:00","2026-09-10 09:00:00","CAPE","surface",-67.4851,19.0029,2753
"2026-09-09 18:00:00","2026-09-10 09:00:00","CAPE","surface",-67.4612,19.0029,2737
"2026-09-09 18:00:00","2026-09-10 09:00:00","CAPE","surface",-67.4372,19.0029,2767
"2026-09-09 18:00:00","2026-09-10 09:00:00","CAPE","surface",-67.4133,19.0029,2794
"2026-09-09 18:00:00","2026-09-10 09:00:00","CAPE","surface",-67.3894,19.0029,2814
"2026-09-09 18:00:00","2026-09-10 09:00:00","CAPE","surface",-67.3655,19.0029,2870
"2026-09-09 18:00:00","2026-09-10 09:00:00","CAPE","surface",-67.3415,19.0029,2841
"2026-09-09 18:00:00","2026-09-10 09:00:00","CAPE","surface",-67.3176,19.0029,2887
"2026-09-09 18:00:00","2026-09-10 09:00:00","CAPE","surface",-67.2937,19.0029,2887
"2026-09-09 18:00:00","2026-09-10 09:00:00","CAPE","surface",-67.2698,19.0029,2975
"2026-09-09 18:00:00","2026-09-10 09:00:00","CAPE","surface",-67.2458,19.0029,3044
"2026-09-09 18:00:00","2026-09-10 09:00:00","CAPE","surface",-67.2219,19.0029,3010
"2026-09-09 18:00:00","2026-09-10 09:00:00","CAPE","surface",-67.198,19.0029,3019
"2026-09-09 18:00:00","2026-09-10 09:00:00","CAPE","surface",-67.1741,19.0029,2975
"2026-09-09 18:00:00","2026-09-10 09:00:00","CAPE","surface",-67.1501,19.0029,2938
"2026-09-09 18:00:00","2026-09-10 09:00:00","CAPE","surface",-67.1262,19.0029,2940
"2026-09-09 18:00:00","2026-09-10 09:00:00","CAPE","surface",-67.1023,19.0029,2858
"2026-09-09 18:00:00","2026-09-10 09:00:00","CAPE","surface",-67.0784,19.0029,2777
"2026-09-09 18:00:00","2026-09-10 09:00:00","CAPE","surface",-67.0544,19.0029,2941
"2026-09-09 18:00:00","2026-09-10 09:00:00","CAPE","surface",-67.0305,19.0029,2745
"2026-09-09 18:00:00","2026-09-10 09:00:00","CAPE","surface",-67.0066,19.0029,2745
"2026-09-09 18:00:00","2026-09-10 09:00:00","CAPE","surface",-74.7822,19.0256,2256
"2026-09-09 18:00:00","2026-09-10 09:00:00","CAPE","surface",-74.7583,19.0256,2313
"2026-09-09 18:00:00","2026-09-10 09:00:00","CAPE","surface",-74.7344,19.0256,2349
"2026-09-09 18:00:00","2026-09-10 09:00:00","CAPE","surface",-74.7105,19.0256,2373
"2026-09-09 18:00:00","2026-09-10 09:00:00","CAPE","surface",-74.6865,19.0256,2336
"2026-09-09 18:00:00","2026-09-10 09:00:00","CAPE","surface",-74.6626,19.0256,2142
"2026-09-09 18:00:00","2026-09-10 09:00:00","CAPE","surface",-74.6387,19.0256,2142
"2026-09-09 18:00:00","2026-09-10 09:00:00","CAPE","surface",-74.6148,19.0256,2026
"2026-09-09 18:00:00","2026-09-10 09:00:00","CAPE","surface",-74.5908,19.0256,2041
"2026-09-09 18:00:00","2026-09-10 09:00:00","CAPE","surface",-74.5669,19.0256,2063
"2026-09-09 18:00:00","2026-09-10 09:00:00","CAPE","surface",-74.543,19.0256,2078
"2026-09-09 18:00:00","2026-09-10 09:00:00","CAPE","surface",-74.5191,19.0256,2094
"2026-09-09 18:00:00","2026-09-10 09:00:00","CAPE","surface",-74.4951,19.0256,2096
"2026-09-09 18:00:00","2026-09-10 09:00:00","CAPE","surface",-74.4712,19.0256,2114
"2026-09-09 18:00:00","2026-09-10 09:00:00","CAPE","surface",-74.4473,19.0256,2128
"2026-09-09 18:00:00","2026-09-10 09:00:00","CAPE","surface",-74.4234,19.0256,2125
"2026-09-09 18:00:00","2026-09-10 09:00:00","CAPE","surface",-74.3994,19.0256,2131
"2026-09-09 18:00:00","2026-09-10 09:00:00","CAPE","surface",-74.3755,19.0256,2090
"2026-09-09 18:00:00","2026-09-10 09:00:00","CAPE","surface",-74.3516,19.0256,2098
"2026-09-09 18:00:00","2026-09-10 09:00:00","CAPE","surface",-74.3277,19.0256,2064
"2026-09-09 18:00:00","2026-09-10 09:00:00","CAPE","surface",-74.3037,19.0256,2061
"2026-09-09 18:00:00","2026-09-10 09:00:00","CAPE","surface",-74.2798,19.0256,2044
"2026-09-09 18:00:00","2026-09-10 09:00:00","CAPE","surface",-74.2559,19.0256,2016
"2026-09-09 18:00:00","2026-09-10 09:00:00","CAPE","surface",-74.232,19.0256,2032
"2026-09-09 18:00:00","2026-09-10 09:00:00","CAPE","surface",-74.208,19.0256,1990
"2026-09-09 18:00:00","2026-09-10 09:00:00","CAPE","surface",-74.1841,19.0256,1976
"2026-09-09 18:00:00","2026-09-10 09:00:00","CAPE","surface",-74.1602,19.0256,1937
"2026-09-09 18:00:00","2026-09-10 09:00:00","CAPE","surface",-74.1363,19.0256,1927
"2026-09-09 18:00:00","2026-09-10 09:00:00","CAPE","surface",-74.1123,19.0256,1927
"2026-09-09 18:00:00","2026-09-10 09:00:00","CAPE","surface",-74.0884,19.0256,1931
"2026-09-09 18:00:00","2026-09-10 09:00:00","CAPE","surface",-74.0645,19.0256,1899
"2026-09-09 18:00:00","2026-09-10 09:00:00","CAPE","surface",-74.0406,19.0256,1899
"2026-09-09 18:00:00","2026-09-10 09:00:00","CAPE","surface",-74.0166,19.0256,1876
"2026-09-09 18:00:00","2026-09-10 09:00:00","CAPE","surface",-73.9927,19.0256,1879
"2026-09-09 18:00:00","2026-09-10 09:00:00","CAPE","surface",-73.9688,19.0256,1879
"2026-09-09 18:00:00","2026-09-10 09:00:00","CAPE","surface",-73.9449,19.0256,1877
"2026-09-09 18:00:00","2026-09-10 09:00:00","CAPE","surface",-73.9209,19.0256,1850
"2026-09-09 18:00:00","2026-09-10 09:00:00","CAPE","surface",-73.897,19.0256,1857
"2026-09-09 18:00:00","2026-09-10 09:00:00","CAPE","surface",-73.8731,19.0256,1836
"2026-09-09 18:00:00","2026-09-10 09:00:00","CAPE","surface",-73.8492,19.0256,1899
"2026-09-09 18:00:00","2026-09-10 09:00:00","CAPE","surface",-73.8252,19.0256,1875
"2026-09-09 18:00:00","2026-09-10 09:00:00","CAPE","surface",-73.8013,19.0256,1947
"2026-09-09 18:00:00","2026-09-10 09:00:00","CAPE","surface",-73.7774,19.0256,1928
"2026-09-09 18:00:00","2026-09-10 09:00:00","CAPE","surface",-73.7535,19.0256,2009
"2026-09-09 18:00:00","2026-09-10 09:00:00","CAPE","surface",-73.7295,19.0256,1984
"2026-09-09 18:00:00","2026-09-10 09:00:00","CAPE","surface",-73.7056,19.0256,2079
"2026-09-09 18:00:00","2026-09-10 09:00:00","CAPE","surface",-73.6817,19.0256,2032
"2026-09-09 18:00:00","2026-09-10 09:00:00","CAPE","surface",-73.6578,19.0256,2096
"2026-09-09 18:00:00","2026-09-10 09:00:00","CAPE","surface",-73.6338,19.0256,2066
"2026-09-09 18:00:00","2026-09-10 09:00:00","CAPE","surface",-73.6099,19.0256,2161
"2026-09-09 18:00:00","2026-09-10 09:00:00","CAPE","surface",-73.586,19.0256,2220
"2026-09-09 18:00:00","2026-09-10 09:00:00","CAPE","surface",-73.5621,19.0256,2199
"2026-09-09 18:00:00","2026-09-10 09:00:00","CAPE","surface",-73.5381,19.0256,2228
"2026-09-09 18:00:00","2026-09-10 09:00:00","CAPE","surface",-73.5142,19.0256,2207
"2026-09-09 18:00:00","2026-09-10 09:00:00","CAPE","surface",-73.4903,19.0256,2271
"2026-09-09 18:00:00","2026-09-10 09:00:00","CAPE","surface",-73.4664,19.0256,2295
"2026-09-09 18:00:00","2026-09-10 09:00:00","CAPE","surface",-73.4424,19.0256,1914
"2026-09-09 18:00:00","2026-09-10 09:00:00","CAPE","surface",-73.4185,19.0256,1739
"2026-09-09 18:00:00","2026-09-10 09:00:00","CAPE","surface",-73.3946,19.0256,1579
"2026-09-09 18:00:00","2026-09-10 09:00:00","CAPE","surface",-73.3707,19.0256,1620
"2026-09-09 18:00:00","2026-09-10 09:00:00","CAPE","surface",-73.3467,19.0256,1931
"2026-09-09 18:00:00","2026-09-10 09:00:00","CAPE","surface",-73.3228,19.0256,1931
"2026-09-09 18:00:00","2026-09-10 09:00:00","CAPE","surface",-73.2989,19.0256,2152
"2026-09-09 18:00:00","2026-09-10 09:00:00","CAPE","surface",-73.275,19.0256,2113
"2026-09-09 18:00:00","2026-09-10 09:00:00","CAPE","surface",-73.251,19.0256,2190
"2026-09-09 18:00:00","2026-09-10 09:00:00","CAPE","surface",-73.2271,19.0256,2181
"2026-09-09 18:00:00","2026-09-10 09:00:00","CAPE","surface",-73.2032,19.0256,2099
"2026-09-09 18:00:00","2026-09-10 09:00:00","CAPE","surface",-73.1793,19.0256,2093
"2026-09-09 18:00:00","2026-09-10 09:00:00","CAPE","surface",-73.1553,19.0256,2014
"2026-09-09 18:00:00","2026-09-10 09:00:00","CAPE","surface",-73.1314,19.0256,2042
"2026-09-09 18:00:00","2026-09-10 09:00:00","CAPE","surface",-73.1075,19.0256,2006
"2026-09-09 18:00:00","2026-09-10 09:00:00","CAPE","surface",-73.0836,19.0256,2023
"2026-09-09 18:00:00","2026-09-10 09:00:00","CAPE","surface",-73.0596,19.0256,1889
"2026-09-09 18:00:00","2026-09-10 09:00:00","CAPE","surface",-73.0357,19.0256,1893
"2026-09-09 18:00:00","2026-09-10 09:00:00","CAPE","surface",-73.0118,19.0256,1749
"2026-09-09 18:00:00","2026-09-10 09:00:00","CAPE","surface",-72.9879,19.0256,1712
"2026-09-09 18:00:00","2026-09-10 09:00:00","CAPE","surface",-72.9639,19.0256,1569
"2026-09-09 18:00:00","2026-09-10 09:00:00","CAPE","surface",-72.94,19.0256,1580
"2026-09-09 18:00:00","2026-09-10 09:00:00","CAPE","surface",-72.9161,19.0256,1463
"2026-09-09 18:00:00","2026-09-10 09:00:00","CAPE","surface",-72.8922,19.0256,1544
"2026-09-09 18:00:00","2026-09-10 09:00:00","CAPE","surface",-72.8682,19.0256,1451
"2026-09-09 18:00:00","2026-09-10 09:00:00","CAPE","surface",-72.8443,19.0256,1595
"2026-09-09 18:00:00","2026-09-10 09:00:00","CAPE","surface",-72.8204,19.0256,1595
"2026-09-09 18:00:00","2026-09-10 09:00:00","CAPE","surface",-72.7965,19.0256,1555
"2026-09-09 18:00:00","2026-09-10 09:00:00","CAPE","surface",-72.7725,19.0256,1500
"2026-09-09 18:00:00","2026-09-10 09:00:00","CAPE","surface",-72.7486,19.0256,928
"2026-09-09 18:00:00","2026-09-10 09:00:00","CAPE","surface",-72.7247,19.0256,782
"2026-09-09 18:00:00","2026-09-10 09:00:00","CAPE","surface",-72.7008,19.0256,832
"2026-09-09 18:00:00","2026-09-10 09:00:00","CAPE","surface",-72.6768,19.0256,614
"2026-09-09 18:00:00","2026-09-10 09:00:00","CAPE","surface",-72.6529,19.0256,250
"2026-09-09 18:00:00","2026-09-10 09:00:00","CAPE","surface",-72.629,19.0256,249
"2026-09-09 18:00:00","2026-09-10 09:00:00","CAPE","surface",-72.6051,19.0256,442
"2026-09-09 18:00:00","2026-09-10 09:00:00","CAPE","surface",-72.5811,19.0256,442
"2026-09-09 18:00:00","2026-09-10 09:00:00","CAPE","surface",-72.5572,19.0256,478
"2026-09-09 18:00:00","2026-09-10 09:00:00","CAPE","surface",-72.5333,19.0256,512
"2026-09-09 18:00:00","2026-09-10 09:00:00","CAPE","surface",-72.5094,19.0256,534
"2026-09-09 18:00:00","2026-09-10 09:00:00","CAPE","surface",-72.4854,19.0256,558
"2026-09-09 18:00:00","2026-09-10 09:00:00","CAPE","surface",-72.4615,19.0256,560
"2026-09-09 18:00:00","2026-09-10 09:00:00","CAPE","surface",-72.4376,19.0256,716
"2026-09-09 18:00:00","2026-09-10 09:00:00","CAPE","surface",-72.4137,19.0256,647
"2026-09-09 18:00:00","2026-09-10 09:00:00","CAPE","surface",-72.3897,19.0256,743
"2026-09-09 18:00:00","2026-09-10 09:00:00","CAPE","surface",-72.3658,19.0256,710
"2026-09-09 18:00:00","2026-09-10 09:00:00","CAPE","surface",-72.3419,19.0256,493
"2026-09-09 18:00:00","2026-09-10 09:00:00","CAPE","surface",-72.318,19.0256,493
"2026-09-09 18:00:00","2026-09-10 09:00:00","CAPE","surface",-72.294,19.0256,359
"2026-09-09 18:00:00","2026-09-10 09:00:00","CAPE","surface",-72.2701,19.0256,336
"2026-09-09 18:00:00","2026-09-10 09:00:00","CAPE","surface",-72.2462,19.0256,334
"2026-09-09 18:00:00","2026-09-10 09:00:00","CAPE","surface",-72.2223,19.0256,326
"2026-09-09 18:00:00","2026-09-10 09:00:00","CAPE","surface",-72.1983,19.0256,327
"2026-09-09 18:00:00","2026-09-10 09:00:00","CAPE","surface",-72.1744,19.0256,341
"2026-09-09 18:00:00","2026-09-10 09:00:00","CAPE","surface",-72.1505,19.0256,365
"2026-09-09 18:00:00","2026-09-10 09:00:00","CAPE","surface",-72.1266,19.0256,358
"2026-09-09 18:00:00","2026-09-10 09:00:00","CAPE","surface",-72.1026,19.0256,516
"2026-09-09 18:00:00","2026-09-10 09:00:00","CAPE","surface",-72.0787,19.0256,516
"2026-09-09 18:00:00","2026-09-10 09:00:00","CAPE","surface",-72.0548,19.0256,550
"2026-09-09 18:00:00","2026-09-10 09:00:00","CAPE","surface",-72.0309,19.0256,562
"2026-09-09 18:00:00","2026-09-10 09:00:00","CAPE","surface",-72.0069,19.0256,559
"2026-09-09 18:00:00","2026-09-10 09:00:00","CAPE","surface",-71.983,19.0256,581
"2026-09-09 18:00:00","2026-09-10 09:00:00","CAPE","surface",-71.9591,19.0256,581
"2026-09-09 18:00:00","2026-09-10 09:00:00","CAPE","surface",-71.9352,19.0256,615
"2026-09-09 18:00:00","2026-09-10 09:00:00","CAPE","surface",-71.9112,19.0256,605
"2026-09-09 18:00:00","2026-09-10 09:00:00","CAPE","surface",-71.8873,19.0256,595
"2026-09-09 18:00:00","2026-09-10 09:00:00","CAPE","surface",-71.8634,19.0256,595
"2026-09-09 18:00:00","2026-09-10 09:00:00","CAPE","surface",-71.8395,19.0256,584
"2026-09-09 18:00:00","2026-09-10 09:00:00","CAPE","surface",-71.8155,19.0256,529
"2026-09-09 18:00:00","2026-09-10 09:00:00","CAPE","surface",-71.7916,19.0256,419
"2026-09-09 18:00:00","2026-09-10 09:00:00","CAPE","surface",-71.7677,19.0256,421
"2026-09-09 18:00:00","2026-09-10 09:00:00","CAPE","surface",-71.7438,19.0256,386
"2026-09-09 18:00:00","2026-09-10 09:00:00","CAPE","surface",-71.7198,19.0256,386
"2026-09-09 18:00:00","2026-09-10 09:00:00","CAPE","surface",-71.6959,19.0256,384
"2026-09-09 18:00:00","2026-09-10 09:00:00","CAPE","surface",-71.672,19.0256,413
"2026-09-09 18:00:00","2026-09-10 09:00:00","CAPE","surface",-71.6481,19.0256,409
"2026-09-09 18:00:00","2026-09-10 09:00:00","CAPE","surface",-71.6241,19.0256,425
"2026-09-09 18:00:00","2026-09-10 09:00:00","CAPE","surface",-71.6002,19.0256,425
"2026-09-09 18:00:00","2026-09-10 09:00:00","CAPE","surface",-71.5763,19.0256,419
"2026-09-09 18:00:00","2026-09-10 09:00:00","CAPE","surface",-71.5524,19.0256,419
"2026-09-09 18:00:00","2026-09-10 09:00:00","CAPE","surface",-71.5284,19.0256,381
"2026-09-09 18:00:00","2026-09-10 09:00:00","CAPE","surface",-71.5045,19.0256,381
"2026-09-09 18:00:00","2026-09-10 09:00:00","CAPE","surface",-71.4806,19.0256,408
"2026-09-09 18:00:00","2026-09-10 09:00:00","CAPE","surface",-71.4567,19.0256,378
"2026-09-09 18:00:00","2026-09-10 09:00:00","CAPE","surface",-71.4327,19.0256,370
"2026-09-09 18:00:00","2026-09-10 09:00:00","CAPE","surface",-71.4088,19.0256,341
"2026-09-09 18:00:00","2026-09-10 09:00:00","CAPE","surface",-71.3849,19.0256,508
"2026-09-09 18:00:00","2026-09-10 09:00:00","CAPE","surface",-71.361,19.0256,469
"2026-09-09 18:00:00","2026-09-10 09:00:00","CAPE","surface",-71.337,19.0256,378
"2026-09-09 18:00:00","2026-09-10 09:00:00","CAPE","surface",-71.3131,19.0256,265
"2026-09-09 18:00:00","2026-09-10 09:00:00","CAPE","surface",-71.2892,19.0256,153
"2026-09-09 18:00:00","2026-09-10 09:00:00","CAPE","surface",-71.2653,19.0256,42
"2026-09-09 18:00:00","2026-09-10 09:00:00","CAPE","surface",-71.2413,19.0256,85
"2026-09-09 18:00:00","2026-09-10 09:00:00","CAPE","surface",-71.2174,19.0256,0
"2026-09-09 18:00:00","2026-09-10 09:00:00","CAPE","surface",-71.1935,19.0256,0
"2026-09-09 18:00:00","2026-09-10 09:00:00","CAPE","surface",-71.1696,19.0256,0
"2026-09-09 18:00:00","2026-09-10 09:00:00","CAPE","surface",-71.1456,19.0256,0
"2026-09-09 18:00:00","2026-09-10 09:00:00","CAPE","surface",-71.1217,19.0256,0
"2026-09-09 18:00:00","2026-09-10 09:00:00","CAPE","surface",-71.0978,19.0256,0
"2026-09-09 18:00:00","2026-09-10 09:00:00","CAPE","surface",-71.0739,19.0256,0
"2026-09-09 18:00:00","2026-09-10 09:00:00","CAPE","surface",-71.0499,19.0256,0
"2026-09-09 18:00:00","2026-09-10 09:00:00","CAPE","surface",-71.026,19.0256,0
"2026-09-09 18:00:00","2026-09-10 09:00:00","CAPE","surface",-71.0021,19.0256,0
"2026-09-09 18:00:00","2026-09-10 09:00:00","CAPE","surface",-70.9782,19.0256,0
"2026-09-09 18:00:00","2026-09-10 09:00:00","CAPE","surface",-70.9542,19.0256,0
"2026-09-09 18:00:00","2026-09-10 09:00:00","CAPE","surface",-70.9303,19.0256,0
"2026-09-09 18:00:00","2026-09-10 09:00:00","CAPE","surface",-70.9064,19.0256,0
"2026-09-09 18:00:00","2026-09-10 09:00:00","CAPE","surface",-70.8825,19.0256,44
"2026-09-09 18:00:00","2026-09-10 09:00:00","CAPE","surface",-70.8585,19.0256,107
"2026-09-09 18:00:00","2026-09-10 09:00:00","CAPE","surface",-70.8346,19.0256,141
"2026-09-09 18:00:00","2026-09-10 09:00:00","CAPE","surface",-70.8107,19.0256,202
"2026-09-09 18:00:00","2026-09-10 09:00:00","CAPE","surface",-70.7868,19.0256,238
"2026-09-09 18:00:00","2026-09-10 09:00:00","CAPE","surface",-70.7628,19.0256,268
"2026-09-09 18:00:00","2026-09-10 09:00:00","CAPE","surface",-70.7389,19.0256,317
"2026-09-09 18:00:00","2026-09-10 09:00:00","CAPE","surface",-70.715,19.0256,391
"2026-09-09 18:00:00","2026-09-10 09:00:00","CAPE","surface",-70.6911,19.0256,391
"2026-09-09 18:00:00","2026-09-10 09:00:00","CAPE","surface",-70.6671,19.0256,521
"2026-09-09 18:00:00","2026-09-10 09:00:00","CAPE","surface",-70.6432,19.0256,572
"2026-09-09 18:00:00","2026-09-10 09:00:00","CAPE","surface",-70.6193,19.0256,577
"2026-09-09 18:00:00","2026-09-10 09:00:00","CAPE","surface",-70.5954,19.0256,566
"2026-09-09 18:00:00","2026-09-10 09:00:00","CAPE","surface",-70.5714,19.0256,577
"2026-09-09 18:00:00","2026-09-10 09:00:00","CAPE","surface",-70.5475,19.0256,587
"2026-09-09 18:00:00","2026-09-10 09:00:00","CAPE","surface",-70.5236,19.0256,638
"2026-09-09 18:00:00","2026-09-10 09:00:00","CAPE","surface",-70.4997,19.0256,729
"2026-09-09 18:00:00","2026-09-10 09:00:00","CAPE","surface",-70.4757,19.0256,729
"2026-09-09 18:00:00","2026-09-10 09:00:00","CAPE","surface",-70.4518,19.0256,777
"2026-09-09 18:00:00","2026-09-10 09:00:00","CAPE","surface",-70.4279,19.0256,810
"2026-09-09 18:00:00","2026-09-10 09:00:00","CAPE","surface",-70.404,19.0256,860
"2026-09-09 18:00:00","2026-09-10 09:00:00","CAPE","surface",-70.38,19.0256,921
"2026-09-09 18:00:00","2026-09-10 09:00:00","CAPE","surface",-70.3561,19.0256,921
"2026-09-09 18:00:00","2026-09-10 09:00:00","CAPE","surface",-70.3322,19.0256,971
"2026-09-09 18:00:00","2026-09-10 09:00:00","CAPE","surface",-70.3083,19.0256,981
"2026-09-09 18:00:00","2026-09-10 09:00:00","CAPE","surface",-70.2843,19.0256,1024
"2026-09-09 18:00:00","2026-09-10 09:00:00","CAPE","surface",-70.2604,19.0256,1024
"2026-09-09 18:00:00","2026-09-10 09:00:00","CAPE","surface",-70.2365,19.0256,1075
"2026-09-09 18:00:00","2026-09-10 09:00:00","CAPE","surface",-70.2126,19.0256,1083
"2026-09-09 18:00:00","2026-09-10 09:00:00","CAPE","surface",-70.1886,19.0256,1190
"2026-09-09 18:00:00","2026-09-10 09:00:00","CAPE","surface",-70.1647,19.0256,1237
"2026-09-09 18:00:00","2026-09-10 09:00:00","CAPE","surface",-70.1408,19.0256,1243
"2026-09-09 18:00:00","2026-09-10 09:00:00","CAPE","surface",-70.1169,19.0256,1147
"2026-09-09 18:00:00","2026-09-10 09:00:00","CAPE","surface",-70.0929,19.0256,1186
"2026-09-09 18:00:00","2026-09-10 09:00:00","CAPE","surface",-70.069,19.0256,1250
"2026-09-09 18:00:00","2026-09-10 09:00:00","CAPE","surface",-70.0451,19.0256,1250
"2026-09-09 18:00:00","2026-09-10 09:00:00","CAPE","surface",-70.0212,19.0256,1494
"2026-09-09 18:00:00","2026-09-10 09:00:00","CAPE","surface",-69.9972,19.0256,1681
"2026-09-09 18:00:00","2026-09-10 09:00:00","CAPE","surface",-69.9733,19.0256,1724
"2026-09-09 18:00:00","2026-09-10 09:00:00","CAPE","surface",-69.9494,19.0256,1738
"2026-09-09 18:00:00","2026-09-10 09:00:00","CAPE","surface",-69.9255,19.0256,1648
"2026-09-09 18:00:00","2026-09-10 09:00:00","CAPE","surface",-69.9015,19.0256,1625
"2026-09-09 18:00:00","2026-09-10 09:00:00","CAPE","surface",-69.8776,19.0256,1986
"2026-09-09 18:00:00","2026-09-10 09:00:00","CAPE","surface",-69.8537,19.0256,2266
"2026-09-09 18:00:00","2026-09-10 09:00:00","CAPE","surface",-69.8298,19.0256,2266
"2026-09-09 18:00:00","2026-09-10 09:00:00","CAPE","surface",-69.8058,19.0256,2315
"2026-09-09 18:00:00","2026-09-10 09:00:00","CAPE","surface",-69.7819,19.0256,2185
"2026-09-09 18:00:00","2026-09-10 09:00:00","CAPE","surface",-69.758,19.0256,2186
"2026-09-09 18:00:00","2026-09-10 09:00:00","CAPE","surface",-69.7341,19.0256,2124
"2026-09-09 18:00:00","2026-09-10 09:00:00","CAPE","surface",-69.7101,19.0256,2242
"2026-09-09 18:00:00","2026-09-10 09:00:00","CAPE","surface",-69.6862,19.0256,2210
"2026-09-09 18:00:00","2026-09-10 09:00:00","CAPE","surface",-69.6623,19.0256,2288
"2026-09-09 18:00:00","2026-09-10 09:00:00","CAPE","surface",-69.6384,19.0256,2234
"2026-09-09 18:00:00","2026-09-10 09:00:00","CAPE","surface",-69.6144,19.0256,2152
"2026-09-09 18:00:00","2026-09-10 09:00:00","CAPE","surface",-69.5905,19.0256,1949
"2026-09-09 18:00:00","2026-09-10 09:00:00","CAPE","surface",-69.5666,19.0256,2026
"2026-09-09 18:00:00","2026-09-10 09:00:00","CAPE","surface",-69.5427,19.0256,1976
"2026-09-09 18:00:00","2026-09-10 09:00:00","CAPE","surface",-69.5187,19.0256,2037
"2026-09-09 18:00:00","2026-09-10 09:00:00","CAPE","surface",-69.4948,19.0256,2007
"2026-09-09 18:00:00","2026-09-10 09:00:00","CAPE","surface",-69.4709,19.0256,1985
"2026-09-09 18:00:00","2026-09-10 09:00:00","CAPE","surface",-69.447,19.0256,1869
"2026-09-09 18:00:00","2026-09-10 09:00:00","CAPE","surface",-69.423,19.0256,1878
"2026-09-09 18:00:00","2026-09-10 09:00:00","CAPE","surface",-69.3991,19.0256,1968
"2026-09-09 18:00:00","2026-09-10 09:00:00","CAPE","surface",-69.3752,19.0256,2362
"2026-09-09 18:00:00","2026-09-10 09:00:00","CAPE","surface",-69.3513,19.0256,2316
"2026-09-09 18:00:00","2026-09-10 09:00:00","CAPE","surface",-69.3273,19.0256,2405
"2026-09-09 18:00:00","2026-09-10 09:00:00","CAPE","surface",-69.3034,19.0256,2305
"2026-09-09 18:00:00","2026-09-10 09:00:00","CAPE","surface",-69.2795,19.0256,2636
"2026-09-09 18:00:00","2026-09-10 09:00:00","CAPE","surface",-69.2556,19.0256,2470
"2026-09-09 18:00:00","2026-09-10 09:00:00","CAPE","surface",-69.2316,19.0256,2592
"2026-09-09 18:00:00","2026-09-10 09:00:00","CAPE","surface",-69.2077,19.0256,2407
"2026-09-09 18:00:00","2026-09-10 09:00:00","CAPE","surface",-69.1838,19.0256,2855
"2026-09-09 18:00:00","2026-09-10 09:00:00","CAPE","surface",-69.1599,19.0256,2695
"2026-09-09 18:00:00","2026-09-10 09:00:00","CAPE","surface",-69.1359,19.0256,2864
"2026-09-09 18:00:00","2026-09-10 09:00:00","CAPE","surface",-69.112,19.0256,3067
"2026-09-09 18:00:00","2026-09-10 09:00:00","CAPE","surface",-69.0881,19.0256,3067
"2026-09-09 18:00:00","2026-09-10 09:00:00","CAPE","surface",-69.0642,19.0256,3265
"2026-09-09 18:00:00","2026-09-10 09:00:00","CAPE","surface",-69.0402,19.0256,3210
"2026-09-09 18:00:00","2026-09-10 09:00:00","CAPE","surface",-69.0163,19.0256,3128
"2026-09-09 18:00:00","2026-09-10 09:00:00","CAPE","surface",-68.9924,19.0256,2841
"2026-09-09 18:00:00","2026-09-10 09:00:00","CAPE","surface",-68.9685,19.0256,2673
"2026-09-09 18:00:00","2026-09-10 09:00:00","CAPE","surface",-68.9445,19.0256,2410
"2026-09-09 18:00:00","2026-09-10 09:00:00","CAPE","surface",-68.9206,19.0256,2063
"2026-09-09 18:00:00","2026-09-10 09:00:00","CAPE","surface",-68.8967,19.0256,1398
"2026-09-09 18:00:00","2026-09-10 09:00:00","CAPE","surface",-68.8728,19.0256,1398
"2026-09-09 18:00:00","2026-09-10 09:00:00","CAPE","surface",-68.8488,19.0256,1102
"2026-09-09 18:00:00","2026-09-10 09:00:00","CAPE","surface",-68.8249,19.0256,1108
"2026-09-09 18:00:00","2026-09-10 09:00:00","CAPE","surface",-68.801,19.0256,1230
"2026-09-09 18:00:00","2026-09-10 09:00:00","CAPE","surface",-68.7771,19.0256,1230
"2026-09-09 18:00:00","2026-09-10 09:00:00","CAPE","surface",-68.7531,19.0256,1713
"2026-09-09 18:00:00","2026-09-10 09:00:00","CAPE","surface",-68.7292,19.0256,2006
"2026-09-09 18:00:00","2026-09-10 09:00:00","CAPE","surface",-68.7053,19.0256,2244
"2026-09-09 18:00:00","2026-09-10 09:00:00","CAPE","surface",-68.6813,19.0256,2077
"2026-09-09 18:00:00","2026-09-10 09:00:00","CAPE","surface",-68.6574,19.0256,2077
"2026-09-09 18:00:00","2026-09-10 09:00:00","CAPE","surface",-68.6335,19.0256,1824
"2026-09-09 18:00:00","2026-09-10 09:00:00","CAPE","surface",-68.6096,19.0256,1812
"2026-09-09 18:00:00","2026-09-10 09:00:00","CAPE","surface",-68.5856,19.0256,1879
"2026-09-09 18:00:00","2026-09-10 09:00:00","CAPE","surface",-68.5617,19.0256,1879
"2026-09-09 18:00:00","2026-09-10 09:00:00","CAPE","surface",-68.5378,19.0256,2032
"2026-09-09 18:00:00","2026-09-10 09:00:00","CAPE","surface",-68.5139,19.0256,2089
"2026-09-09 18:00:00","2026-09-10 09:00:00","CAPE","surface",-68.4899,19.0256,2202
"2026-09-09 18:00:00","2026-09-10 09:00:00","CAPE","surface",-68.466,19.0256,2124
"2026-09-09 18:00:00","2026-09-10 09:00:00","CAPE","surface",-68.4421,19.0256,2235
"2026-09-09 18:00:00","2026-09-10 09:00:00","CAPE","surface",-68.4182,19.0256,2326
"2026-09-09 18:00:00","2026-09-10 09:00:00","CAPE","surface",-68.3942,19.0256,2520
"2026-09-09 18:00:00","2026-09-10 09:00:00","CAPE","surface",-68.3703,19.0256,2700
"2026-09-09 18:00:00","2026-09-10 09:00:00","CAPE","surface",-68.3464,19.0256,2700
"2026-09-09 18:00:00","2026-09-10 09:00:00","CAPE","surface",-68.3225,19.0256,2883
"2026-09-09 18:00:00","2026-09-10 09:00:00","CAPE","surface",-68.2985,19.0256,3077
"2026-09-09 18:00:00","2026-09-10 09:00:00","CAPE","surface",-68.2746,19.0256,3236
"2026-09-09 18:00:00","2026-09-10 09:00:00","CAPE","surface",-68.2507,19.0256,3205
"2026-09-09 18:00:00","2026-09-10 09:00:00","CAPE","surface",-68.2268,19.0256,3307
"2026-09-09 18:00:00","2026-09-10 09:00:00","CAPE","surface",-68.2028,19.0256,3169
"2026-09-09 18:00:00","2026-09-10 09:00:00","CAPE","surface",-68.1789,19.0256,3160
"2026-09-09 18:00:00","2026-09-10 09:00:00","CAPE","surface",-68.155,19.0256,2792
"2026-09-09 18:00:00","2026-09-10 09:00:00","CAPE","surface",-68.1311,19.0256,2801
"2026-09-09 18:00:00","2026-09-10 09:00:00","CAPE","surface",-68.1071,19.0256,2804
"2026-09-09 18:00:00","2026-09-10 09:00:00","CAPE","surface",-68.0832,19.0256,3036
"2026-09-09 18:00:00","2026-09-10 09:00:00","CAPE","surface",-68.0593,19.0256,3036
"2026-09-09 18:00:00","2026-09-10 09:00:00","CAPE","surface",-68.0354,19.0256,3272
"2026-09-09 18:00:00","2026-09-10 09:00:00","CAPE","surface",-68.0114,19.0256,3350
"2026-09-09 18:00:00","2026-09-10 09:00:00","CAPE","surface",-67.9875,19.0256,3383
"2026-09-09 18:00:00","2026-09-10 09:00:00","CAPE","surface",-67.9636,19.0256,3383
"2026-09-09 18:00:00","2026-09-10 09:00:00","CAPE","surface",-67.9397,19.0256,3066
"2026-09-09 18:00:00","2026-09-10 09:00:00","CAPE","surface",-67.9157,19.0256,2901
"2026-09-09 18:00:00","2026-09-10 09:00:00","CAPE","surface",-67.8918,19.0256,2758
"2026-09-09 18:00:00","2026-09-10 09:00:00","CAPE","surface",-67.8679,19.0256,2756
"2026-09-09 18:00:00","2026-09-10 09:00:00","CAPE","surface",-67.844,19.0256,2678
"2026-09-09 18:00:00","2026-09-10 09:00:00","CAPE","surface",-67.82,19.0256,2640
"2026-09-09 18:00:00","2026-09-10 09:00:00","CAPE","surface",-67.7961,19.0256,2644
"2026-09-09 18:00:00","2026-09-10 09:00:00","CAPE","surface",-67.7722,19.0256,2677
"2026-09-09 18:00:00","2026-09-10 09:00:00","CAPE","surface",-67.7483,19.0256,2677
"2026-09-09 18:00:00","2026-09-10 09:00:00","CAPE","surface",-67.7243,19.0256,2727
"2026-09-09 18:00:00","2026-09-10 09:00:00","CAPE","surface",-67.7004,19.0256,2800
"2026-09-09 18:00:00","2026-09-10 09:00:00","CAPE","surface",-67.6765,19.0256,2808
"2026-09-09 18:00:00","2026-09-10 09:00:00","CAPE","surface",-67.6526,19.0256,2865
"2026-09-09 18:00:00","2026-09-10 09:00:00","CAPE","surface",-67.6286,19.0256,2854
"2026-09-09 18:00:00","2026-09-10 09:00:00","CAPE","surface",-67.6047,19.0256,2930
"2026-09-09 18:00:00","2026-09-10 09:00:00","CAPE","surface",-67.5808,19.0256,2820
"2026-09-09 18:00:00","2026-09-10 09:00:00","CAPE","surface",-67.5569,19.0256,2941
"2026-09-09 18:00:00","2026-09-10 09:00:00","CAPE","surface",-67.5329,19.0256,2868
"2026-09-09 18:00:00","2026-09-10 09:00:00","CAPE","surface",-67.509,19.0256,2785
"2026-09-09 18:00:00","2026-09-10 09:00:00","CAPE","surface",-67.4851,19.0256,2773
"2026-09-09 18:00:00","2026-09-10 09:00:00","CAPE","surface",-67.4612,19.0256,2773
"2026-09-09 18:00:00","2026-09-10 09:00:00","CAPE","surface",-67.4372,19.0256,2777
"2026-09-09 18:00:00","2026-09-10 09:00:00","CAPE","surface",-67.4133,19.0256,2794
"2026-09-09 18:00:00","2026-09-10 09:00:00","CAPE","surface",-67.3894,19.0256,2852
"2026-09-09 18:00:00","2026-09-10 09:00:00","CAPE","surface",-67.3655,19.0256,2852
"2026-09-09 18:00:00","2026-09-10 09:00:00","CAPE","surface",-67.3415,19.0256,2959
"2026-09-09 18:00:00","2026-09-10 09:00:00","CAPE","surface",-67.3176,19.0256,3091
"2026-09-09 18:00:00","2026-09-10 09:00:00","CAPE","surface",-67.2937,19.0256,3037
"2026-09-09 18:00:00","2026-09-10 09:00:00","CAPE","surface",-67.2698,19.0256,3184
"2026-09-09 18:00:00","2026-09-10 09:00:00","CAPE","surface",-67.2458,19.0256,3109
"2026-09-09 18:00:00","2026-09-10 09:00:00","CAPE","surface",-67.2219,19.0256,3110
"2026-09-09 18:00:00","2026-09-10 09:00:00","CAPE","surface",-67.198,19.0256,3019
"2026-09-09 18:00:00","2026-09-10 09:00:00","CAPE","surface",-67.1741,19.0256,3016
"2026-09-09 18:00:00","2026-09-10 09:00:00","CAPE","surface",-67.1501,19.0256,2915
"2026-09-09 18:00:00","2026-09-10 09:00:00","CAPE","surface",-67.1262,19.0256,2870
"2026-09-09 18:00:00","2026-09-10 09:00:00","CAPE","surface",-67.1023,19.0256,2732
"2026-09-09 18:00:00","2026-09-10 09:00:00","CAPE","surface",-67.0784,19.0256,2732
"2026-09-09 18:00:00","2026-09-10 09:00:00","CAPE","surface",-67.0544,19.0256,2666
"2026-09-09 18:00:00","2026-09-10 09:00:00","CAPE","surface",-67.0305,19.0256,2690
"2026-09-09 18:00:00","2026-09-10 09:00:00","CAPE","surface",-67.0066,19.0256,2641
"2026-09-09 18:00:00","2026-09-10 09:00:00","CAPE","surface",-74.7822,19.0482,2243
"2026-09-09 18:00:00","2026-09-10 09:00:00","CAPE","surface",-74.7583,19.0482,2315
"2026-09-09 18:00:00","2026-09-10 09:00:00","CAPE","surface",-74.7344,19.0482,2346
"2026-09-09 18:00:00","2026-09-10 09:00:00","CAPE","surface",-74.7105,19.0482,2346
"2026-09-09 18:00:00","2026-09-10 09:00:00","CAPE","surface",-74.6865,19.0482,2258
"2026-09-09 18:00:00","2026-09-10 09:00:00","CAPE","surface",-74.6626,19.0482,2192
"2026-09-09 18:00:00","2026-09-10 09:00:00","CAPE","surface",-74.6387,19.0482,2031
"2026-09-09 18:00:00","2026-09-10 09:00:00","CAPE","surface",-74.6148,19.0482,2026
"2026-09-09 18:00:00","2026-09-10 09:00:00","CAPE","surface",-74.5908,19.0482,2033
"2026-09-09 18:00:00","2026-09-10 09:00:00","CAPE","surface",-74.5669,19.0482,2033
"2026-09-09 18:00:00","2026-09-10 09:00:00","CAPE","surface",-74.543,19.0482,2082
"2026-09-09 18:00:00","2026-09-10 09:00:00","CAPE","surface",-74.5191,19.0482,2094
"2026-09-09 18:00:00","2026-09-10 09:00:00","CAPE","surface",-74.4951,19.0482,2094
"2026-09-09 18:00:00","2026-09-10 09:00:00","CAPE","surface",-74.4712,19.0482,2114
"2026-09-09 18:00:00","2026-09-10 09:00:00","CAPE","surface",-74.4473,19.0482,2091
"2026-09-09 18:00:00","2026-09-10 09:00:00","CAPE","surface",-74.4234,19.0482,2112
"2026-09-09 18:00:00","2026-09-10 09:00:00","CAPE","surface",-74.3994,19.0482,2079
"2026-09-09 18:00:00","2026-09-10 09:00:00","CAPE","surface",-74.3755,19.0482,2090
"2026-09-09 18:00:00","2026-09-10 09:00:00","CAPE","surface",-74.3516,19.0482,2064
"2026-09-09 18:00:00","2026-09-10 09:00:00","CAPE","surface",-74.3277,19.0482,2064
"2026-09-09 18:00:00","2026-09-10 09:00:00","CAPE","surface",-74.3037,19.0482,2082
"2026-09-09 18:00:00","2026-09-10 09:00:00","CAPE","surface",-74.2798,19.0482,2063
"2026-09-09 18:00:00","2026-09-10 09:00:00","CAPE","surface",-74.2559,19.0482,2070
"2026-09-09 18:00:00","2026-09-10 09:00:00","CAPE","surface",-74.232,19.0482,2032
"2026-09-09 18:00:00","2026-09-10 09:00:00","CAPE","surface",-74.208,19.0482,2030
"2026-09-09 18:00:00","2026-09-10 09:00:00","CAPE","surface",-74.1841,19.0482,2030
"2026-09-09 18:00:00","2026-09-10 09:00:00","CAPE","surface",-74.1602,19.0482,2036
"2026-09-09 18:00:00","2026-09-10 09:00:00","CAPE","surface",-74.1363,19.0482,1972
"2026-09-09 18:00:00","2026-09-10 09:00:00","CAPE","surface",-74.1123,19.0482,1991
"2026-09-09 18:00:00","2026-09-10 09:00:00","CAPE","surface",-74.0884,19.0482,1931
"2026-09-09 18:00:00","2026-09-10 09:00:00","CAPE","surface",-74.0645,19.0482,1925
"2026-09-09 18:00:00","2026-09-10 09:00:00","CAPE","surface",-74.0406,19.0482,1925
"2026-09-09 18:00:00","2026-09-10 09:00:00","CAPE","surface",-74.0166,19.0482,1965
"2026-09-09 18:00:00","2026-09-10 09:00:00","CAPE","surface",-73.9927,19.0482,1981
"2026-09-09 18:00:00","2026-09-10 09:00:00","CAPE","surface",-73.9688,19.0482,1918
"2026-09-09 18:00:00","2026-09-10 09:00:00","CAPE","surface",-73.9449,19.0482,1954
"2026-09-09 18:00:00","2026-09-10 09:00:00","CAPE","surface",-73.9209,19.0482,1954
"2026-09-09 18:00:00","2026-09-10 09:00:00","CAPE","surface",-73.897,19.0482,2017
"2026-09-09 18:00:00","2026-09-10 09:00:00","CAPE","surface",-73.8731,19.0482,1932
"2026-09-09 18:00:00","2026-09-10 09:00:00","CAPE","surface",-73.8492,19.0482,2100
"2026-09-09 18:00:00","2026-09-10 09:00:00","CAPE","surface",-73.8252,19.0482,2004
"2026-09-09 18:00:00","2026-09-10 09:00:00","CAPE","surface",-73.8013,19.0482,2125
"2026-09-09 18:00:00","2026-09-10 09:00:00","CAPE","surface",-73.7774,19.0482,2125
"2026-09-09 18:00:00","2026-09-10 09:00:00","CAPE","surface",-73.7535,19.0482,2199
"2026-09-09 18:00:00","2026-09-10 09:00:00","CAPE","surface",-73.7295,19.0482,2133
"2026-09-09 18:00:00","2026-09-10 09:00:00","CAPE","surface",-73.7056,19.0482,2193
"2026-09-09 18:00:00","2026-09-10 09:00:00","CAPE","surface",-73.6817,19.0482,2140
"2026-09-09 18:00:00","2026-09-10 09:00:00","CAPE","surface",-73.6578,19.0482,2287
"2026-09-09 18:00:00","2026-09-10 09:00:00","CAPE","surface",-73.6338,19.0482,2261
"2026-09-09 18:00:00","2026-09-10 09:00:00","CAPE","surface",-73.6099,19.0482,2241
"2026-09-09 18:00:00","2026-09-10 09:00:00","CAPE","surface",-73.586,19.0482,2220
"2026-09-09 18:00:00","2026-09-10 09:00:00","CAPE","surface",-73.5621,19.0482,2246
"2026-09-09 18:00:00","2026-09-10 09:00:00","CAPE","surface",-73.5381,19.0482,2228
"2026-09-09 18:00:00","2026-09-10 09:00:00","CAPE","surface",-73.5142,19.0482,2281
"2026-09-09 18:00:00","2026-09-10 09:00:00","CAPE","surface",-73.4903,19.0482,2274
"2026-09-09 18:00:00","2026-09-10 09:00:00","CAPE","surface",-73.4664,19.0482,2034
"2026-09-09 18:00:00","2026-09-10 09:00:00","CAPE","surface",-73.4424,19.0482,1914
"2026-09-09 18:00:00","2026-09-10 09:00:00","CAPE","surface",-73.4185,19.0482,1534
"2026-09-09 18:00:00","2026-09-10 09:00:00","CAPE","surface",-73.3946,19.0482,1534
"2026-09-09 18:00:00","2026-09-10 09:00:00","CAPE","surface",-73.3707,19.0482,1991
"2026-09-09 18:00:00","2026-09-10 09:00:00","CAPE","surface",-73.3467,19.0482,1968
"2026-09-09 18:00:00","2026-09-10 09:00:00","CAPE","surface",-73.3228,19.0482,2175
"2026-09-09 18:00:00","2026-09-10 09:00:00","CAPE","surface",-73.2989,19.0482,2152
"2026-09-09 18:00:00","2026-09-10 09:00:00","CAPE","surface",-73.275,19.0482,2196
"2026-09-09 18:00:00","2026-09-10 09:00:00","CAPE","surface",-73.251,19.0482,2052
"2026-09-09 18:00:00","2026-09-10 09:00:00","CAPE","surface",-73.2271,19.0482,2084
"2026-09-09 18:00:00","2026-09-10 09:00:00","CAPE","surface",-73.2032,19.0482,1940
"2026-09-09 18:00:00","2026-09-10 09:00:00","CAPE","surface",-73.1793,19.0482,1977
"2026-09-09 18:00:00","2026-09-10 09:00:00","CAPE","surface",-73.1553,19.0482,1918
"2026-09-09 18:00:00","2026-09-10 09:00:00","CAPE","surface",-73.1314,19.0482,1918
"2026-09-09 18:00:00","2026-09-10 09:00:00","CAPE","surface",-73.1075,19.0482,1829
"2026-09-09 18:00:00","2026-09-10 09:00:00","CAPE","surface",-73.0836,19.0482,1865
"2026-09-09 18:00:00","2026-09-10 09:00:00","CAPE","surface",-73.0596,19.0482,1757
"2026-09-09 18:00:00","2026-09-10 09:00:00","CAPE","surface",-73.0357,19.0482,1766
"2026-09-09 18:00:00","2026-09-10 09:00:00","CAPE","surface",-73.0118,19.0482,1797
"2026-09-09 18:00:00","2026-09-10 09:00:00","CAPE","surface",-72.9879,19.0482,1746
"2026-09-09 18:00:00","2026-09-10 09:00:00","CAPE","surface",-72.9639,19.0482,1764
"2026-09-09 18:00:00","2026-09-10 09:00:00","CAPE","surface",-72.94,19.0482,1580
"2026-09-09 18:00:00","2026-09-10 09:00:00","CAPE","surface",-72.9161,19.0482,1722
"2026-09-09 18:00:00","2026-09-10 09:00:00","CAPE","surface",-72.8922,19.0482,1722
"2026-09-09 18:00:00","2026-09-10 09:00:00","CAPE","surface",-72.8682,19.0482,1622
"2026-09-09 18:00:00","2026-09-10 09:00:00","CAPE","surface",-72.8443,19.0482,1607
"2026-09-09 18:00:00","2026-09-10 09:00:00","CAPE","surface",-72.8204,19.0482,1666
"2026-09-09 18:00:00","2026-09-10 09:00:00","CAPE","surface",-72.7965,19.0482,1555
"2026-09-09 18:00:00","2026-09-10 09:00:00","CAPE","surface",-72.7725,19.0482,1248
"2026-09-09 18:00:00","2026-09-10 09:00:00","CAPE","surface",-72.7486,19.0482,1160
"2026-09-09 18:00:00","2026-09-10 09:00:00","CAPE","surface",-72.7247,19.0482,1054
"2026-09-09 18:00:00","2026-09-10 09:00:00","CAPE","surface",-72.7008,19.0482,832
"2026-09-09 18:00:00","2026-09-10 09:00:00","CAPE","surface",-72.6768,19.0482,405
"2026-09-09 18:00:00","2026-09-10 09:00:00","CAPE","surface",-72.6529,19.0482,404
"2026-09-09 18:00:00","2026-09-10 09:00:00","CAPE","surface",-72.629,19.0482,404
"2026-09-09 18:00:00","2026-09-10 09:00:00","CAPE","surface",-72.6051,19.0482,426
"2026-09-09 18:00:00","2026-09-10 09:00:00","CAPE","surface",-72.5811,19.0482,458
"2026-09-09 18:00:00","2026-09-10 09:00:00","CAPE","surface",-72.5572,19.0482,473
"2026-09-09 18:00:00","2026-09-10 09:00:00","CAPE","surface",-72.5333,19.0482,509
"2026-09-09 18:00:00","2026-09-10 09:00:00","CAPE","surface",-72.5094,19.0482,593
"2026-09-09 18:00:00","2026-09-10 09:00:00","CAPE","surface",-72.4854,19.0482,592
"2026-09-09 18:00:00","2026-09-10 09:00:00","CAPE","surface",-72.4615,19.0482,785
"2026-09-09 18:00:00","2026-09-10 09:00:00","CAPE","surface",-72.4376,19.0482,716
"2026-09-09 18:00:00","2026-09-10 09:00:00","CAPE","surface",-72.4137,19.0482,788
"2026-09-09 18:00:00","2026-09-10 09:00:00","CAPE","surface",-72.3897,19.0482,788
"2026-09-09 18:00:00","2026-09-10 09:00:00","CAPE","surface",-72.3658,19.0482,788
"2026-09-09 18:00:00","2026-09-10 09:00:00","CAPE","surface",-72.3419,19.0482,670
"2026-09-09 18:00:00","2026-09-10 09:00:00","CAPE","surface",-72.318,19.0482,384
"2026-09-09 18:00:00","2026-09-10 09:00:00","CAPE","surface",-72.294,19.0482,359
"2026-09-09 18:00:00","2026-09-10 09:00:00","CAPE","surface",-72.2701,19.0482,307
"2026-09-09 18:00:00","2026-09-10 09:00:00","CAPE","surface",-72.2462,19.0482,308
"2026-09-09 18:00:00","2026-09-10 09:00:00","CAPE","surface",-72.2223,19.0482,328
"2026-09-09 18:00:00","2026-09-10 09:00:00","CAPE","surface",-72.1983,19.0482,340
"2026-09-09 18:00:00","2026-09-10 09:00:00","CAPE","surface",-72.1744,19.0482,360
"2026-09-09 18:00:00","2026-09-10 09:00:00","CAPE","surface",-72.1505,19.0482,393
"2026-09-09 18:00:00","2026-09-10 09:00:00","CAPE","surface",-72.1266,19.0482,442
"2026-09-09 18:00:00","2026-09-10 09:00:00","CAPE","surface",-72.1026,19.0482,565
"2026-09-09 18:00:00","2026-09-10 09:00:00","CAPE","surface",-72.0787,19.0482,549
"2026-09-09 18:00:00","2026-09-10 09:00:00","CAPE","surface",-72.0548,19.0482,559
"2026-09-09 18:00:00","2026-09-10 09:00:00","CAPE","surface",-72.0309,19.0482,559
"2026-09-09 18:00:00","2026-09-10 09:00:00","CAPE","surface",-72.0069,19.0482,571
"2026-09-09 18:00:00","2026-09-10 09:00:00","CAPE","surface",-71.983,19.0482,571
"2026-09-09 18:00:00","2026-09-10 09:00:00","CAPE","surface",-71.9591,19.0482,621
"2026-09-09 18:00:00","2026-09-10 09:00:00","CAPE","surface",-71.9352,19.0482,615
"2026-09-09 18:00:00","2026-09-10 09:00:00","CAPE","surface",-71.9112,19.0482,727
"2026-09-09 18:00:00","2026-09-10 09:00:00","CAPE","surface",-71.8873,19.0482,636
"2026-09-09 18:00:00","2026-09-10 09:00:00","CAPE","surface",-71.8634,19.0482,633
"2026-09-09 18:00:00","2026-09-10 09:00:00","CAPE","surface",-71.8395,19.0482,584
"2026-09-09 18:00:00","2026-09-10 09:00:00","CAPE","surface",-71.8155,19.0482,429
"2026-09-09 18:00:00","2026-09-10 09:00:00","CAPE","surface",-71.7916,19.0482,409
"2026-09-09 18:00:00","2026-09-10 09:00:00","CAPE","surface",-71.7677,19.0482,407
"2026-09-09 18:00:00","2026-09-10 09:00:00","CAPE","surface",-71.7438,19.0482,352
"2026-09-09 18:00:00","2026-09-10 09:00:00","CAPE","surface",-71.7198,19.0482,345
"2026-09-09 18:00:00","2026-09-10 09:00:00","CAPE","surface",-71.6959,19.0482,356
"2026-09-09 18:00:00","2026-09-10 09:00:00","CAPE","surface",-71.672,19.0482,356
"2026-09-09 18:00:00","2026-09-10 09:00:00","CAPE","surface",-71.6481,19.0482,374
"2026-09-09 18:00:00","2026-09-10 09:00:00","CAPE","surface",-71.6241,19.0482,405
"2026-09-09 18:00:00","2026-09-10 09:00:00","CAPE","surface",-71.6002,19.0482,410
"2026-09-09 18:00:00","2026-09-10 09:00:00","CAPE","surface",-71.5763,19.0482,419
"2026-09-09 18:00:00","2026-09-10 09:00:00","CAPE","surface",-71.5524,19.0482,384
"2026-09-09 18:00:00","2026-09-10 09:00:00","CAPE","surface",-71.5284,19.0482,380
"2026-09-09 18:00:00","2026-09-10 09:00:00","CAPE","surface",-71.5045,19.0482,433
"2026-09-09 18:00:00","2026-09-10 09:00:00","CAPE","surface",-71.4806,19.0482,408
"2026-09-09 18:00:00","2026-09-10 09:00:00","CAPE","surface",-71.4567,19.0482,534
"2026-09-09 18:00:00","2026-09-10 09:00:00","CAPE","surface",-71.4327,19.0482,559
"2026-09-09 18:00:00","2026-09-10 09:00:00","CAPE","surface",-71.4088,19.0482,547
"2026-09-09 18:00:00","2026-09-10 09:00:00","CAPE","surface",-71.3849,19.0482,527
"2026-09-09 18:00:00","2026-09-10 09:00:00","CAPE","surface",-71.361,19.0482,459
"2026-09-09 18:00:00","2026-09-10 09:00:00","CAPE","surface",-71.337,19.0482,310
"2026-09-09 18:00:00","2026-09-10 09:00:00","CAPE","surface",-71.3131,19.0482,197
"2026-09-09 18:00:00","2026-09-10 09:00:00","CAPE","surface",-71.2892,19.0482,16
"2026-09-09 18:00:00","2026-09-10 09:00:00","CAPE","surface",-71.2653,19.0482,42
"2026-09-09 18:00:00","2026-09-10 09:00:00","CAPE","surface",-71.2413,19.0482,0
"2026-09-09 18:00:00","2026-09-10 09:00:00","CAPE","surface",-71.2174,19.0482,0
"2026-09-09 18:00:00","2026-09-10 09:00:00","CAPE","surface",-71.1935,19.0482,0
"2026-09-09 18:00:00","2026-09-10 09:00:00","CAPE","surface",-71.1696,19.0482,0
"2026-09-09 18:00:00","2026-09-10 09:00:00","CAPE","surface",-71.1456,19.0482,0
"2026-09-09 18:00:00","2026-09-10 09:00:00","CAPE","surface",-71.1217,19.0482,0
"2026-09-09 18:00:00","2026-09-10 09:00:00","CAPE","surface",-71.0978,19.0482,0
"2026-09-09 18:00:00","2026-09-10 09:00:00","CAPE","surface",-71.0739,19.0482,0
"2026-09-09 18:00:00","2026-09-10 09:00:00","CAPE","surface",-71.0499,19.0482,0
"2026-09-09 18:00:00","2026-09-10 09:00:00","CAPE","surface",-71.026,19.0482,0
"2026-09-09 18:00:00","2026-09-10 09:00:00","CAPE","surface",-71.0021,19.0482,0
"2026-09-09 18:00:00","2026-09-10 09:00:00","CAPE","surface",-70.9782,19.0482,0
"2026-09-09 18:00:00","2026-09-10 09:00:00","CAPE","surface",-70.9542,19.0482,0
"2026-09-09 18:00:00","2026-09-10 09:00:00","CAPE","surface",-70.9303,19.0482,16
"2026-09-09 18:00:00","2026-09-10 09:00:00","CAPE","surface",-70.9064,19.0482,0
"2026-09-09 18:00:00","2026-09-10 09:00:00","CAPE","surface",-70.8825,19.0482,30
"2026-09-09 18:00:00","2026-09-10 09:00:00","CAPE","surface",-70.8585,19.0482,102
"2026-09-09 18:00:00","2026-09-10 09:00:00","CAPE","surface",-70.8346,19.0482,177
"2026-09-09 18:00:00","2026-09-10 09:00:00","CAPE","surface",-70.8107,19.0482,263
"2026-09-09 18:00:00","2026-09-10 09:00:00","CAPE","surface",-70.7868,19.0482,252
"2026-09-09 18:00:00","2026-09-10 09:00:00","CAPE","surface",-70.7628,19.0482,361
"2026-09-09 18:00:00","2026-09-10 09:00:00","CAPE","surface",-70.7389,19.0482,263
"2026-09-09 18:00:00","2026-09-10 09:00:00","CAPE","surface",-70.715,19.0482,324
"2026-09-09 18:00:00","2026-09-10 09:00:00","CAPE","surface",-70.6911,19.0482,429
"2026-09-09 18:00:00","2026-09-10 09:00:00","CAPE","surface",-70.6671,19.0482,545
"2026-09-09 18:00:00","2026-09-10 09:00:00","CAPE","surface",-70.6432,19.0482,545
"2026-09-09 18:00:00","2026-09-10 09:00:00","CAPE","surface",-70.6193,19.0482,561
"2026-09-09 18:00:00","2026-09-10 09:00:00","CAPE","surface",-70.5954,19.0482,566
"2026-09-09 18:00:00","2026-09-10 09:00:00","CAPE","surface",-70.5714,19.0482,544
"2026-09-09 18:00:00","2026-09-10 09:00:00","CAPE","surface",-70.5475,19.0482,544
"2026-09-09 18:00:00","2026-09-10 09:00:00","CAPE","surface",-70.5236,19.0482,522
"2026-09-09 18:00:00","2026-09-10 09:00:00","CAPE","surface",-70.4997,19.0482,630
"2026-09-09 18:00:00","2026-09-10 09:00:00","CAPE","surface",-70.4757,19.0482,737
"2026-09-09 18:00:00","2026-09-10 09:00:00","CAPE","surface",-70.4518,19.0482,785
"2026-09-09 18:00:00","2026-09-10 09:00:00","CAPE","surface",-70.4279,19.0482,785
"2026-09-09 18:00:00","2026-09-10 09:00:00","CAPE","surface",-70.404,19.0482,808
"2026-09-09 18:00:00","2026-09-10 09:00:00","CAPE","surface",-70.38,19.0482,871
"2026-09-09 18:00:00","2026-09-10 09:00:00","CAPE","surface",-70.3561,19.0482,958
"2026-09-09 18:00:00","2026-09-10 09:00:00","CAPE","surface",-70.3322,19.0482,971
"2026-09-09 18:00:00","2026-09-10 09:00:00","CAPE","surface",-70.3083,19.0482,988
"2026-09-09 18:00:00","2026-09-10 09:00:00","CAPE","surface",-70.2843,19.0482,1001
"2026-09-09 18:00:00","2026-09-10 09:00:00","CAPE","surface",-70.2604,19.0482,1056
"2026-09-09 18:00:00","2026-09-10 09:00:00","CAPE","surface",-70.2365,19.0482,1121
"2026-09-09 18:00:00","2026-09-10 09:00:00","CAPE","surface",-70.2126,19.0482,1121
"2026-09-09 18:00:00","2026-09-10 09:00:00","CAPE","surface",-70.1886,19.0482,1132
"2026-09-09 18:00:00","2026-09-10 09:00:00","CAPE","surface",-70.1647,19.0482,1219
"2026-09-09 18:00:00","2026-09-10 09:00:00","CAPE","surface",-70.1408,19.0482,1139
"2026-09-09 18:00:00","2026-09-10 09:00:00","CAPE","surface",-70.1169,19.0482,1147
"2026-09-09 18:00:00","2026-09-10 09:00:00","CAPE","surface",-70.0929,19.0482,1043
"2026-09-09 18:00:00","2026-09-10 09:00:00","CAPE","surface",-70.069,19.0482,1125
"2026-09-09 18:00:00","2026-09-10 09:00:00","CAPE","surface",-70.0451,19.0482,1261
"2026-09-09 18:00:00","2026-09-10 09:00:00","CAPE","surface",-70.0212,19.0482,1494
"2026-09-09 18:00:00","2026-09-10 09:00:00","CAPE","surface",-69.9972,19.0482,1468
"2026-09-09 18:00:00","2026-09-10 09:00:00","CAPE","surface",-69.9733,19.0482,1407
"2026-09-09 18:00:00","2026-09-10 09:00:00","CAPE","surface",-69.9494,19.0482,1541
"2026-09-09 18:00:00","2026-09-10 09:00:00","CAPE","surface",-69.9255,19.0482,1748
"2026-09-09 18:00:00","2026-09-10 09:00:00","CAPE","surface",-69.9015,19.0482,1835
"2026-09-09 18:00:00","2026-09-10 09:00:00","CAPE","surface",-69.8776,19.0482,2106
"2026-09-09 18:00:00","2026-09-10 09:00:00","CAPE","surface",-69.8537,19.0482,2195
"2026-09-09 18:00:00","2026-09-10 09:00:00","CAPE","surface",-69.8298,19.0482,2308
"2026-09-09 18:00:00","2026-09-10 09:00:00","CAPE","surface",-69.8058,19.0482,2315
"2026-09-09 18:00:00","2026-09-10 09:00:00","CAPE","surface",-69.7819,19.0482,2371
"2026-09-09 18:00:00","2026-09-10 09:00:00","CAPE","surface",-69.758,19.0482,2316
"2026-09-09 18:00:00","2026-09-10 09:00:00","CAPE","surface",-69.7341,19.0482,2297
"2026-09-09 18:00:00","2026-09-10 09:00:00","CAPE","surface",-69.7101,19.0482,2378
"2026-09-09 18:00:00","2026-09-10 09:00:00","CAPE","surface",-69.6862,19.0482,2347
"2026-09-09 18:00:00","2026-09-10 09:00:00","CAPE","surface",-69.6623,19.0482,2326
"2026-09-09 18:00:00","2026-09-10 09:00:00","CAPE","surface",-69.6384,19.0482,2212
"2026-09-09 18:00:00","2026-09-10 09:00:00","CAPE","surface",-69.6144,19.0482,1872
"2026-09-09 18:00:00","2026-09-10 09:00:00","CAPE","surface",-69.5905,19.0482,1949
"2026-09-09 18:00:00","2026-09-10 09:00:00","CAPE","surface",-69.5666,19.0482,1699
"2026-09-09 18:00:00","2026-09-10 09:00:00","CAPE","surface",-69.5427,19.0482,1819
"2026-09-09 18:00:00","2026-09-10 09:00:00","CAPE","surface",-69.5187,19.0482,1960
"2026-09-09 18:00:00","2026-09-10 09:00:00","CAPE","surface",-69.4948,19.0482,2007
"2026-09-09 18:00:00","2026-09-10 09:00:00","CAPE","surface",-69.4709,19.0482,1920
"2026-09-09 18:00:00","2026-09-10 09:00:00","CAPE","surface",-69.447,19.0482,1895
"2026-09-09 18:00:00","2026-09-10 09:00:00","CAPE","surface",-69.423,19.0482,1806
"2026-09-09 18:00:00","2026-09-10 09:00:00","CAPE","surface",-69.3991,19.0482,2326
"2026-09-09 18:00:00","2026-09-10 09:00:00","CAPE","surface",-69.3752,19.0482,2362
"2026-09-09 18:00:00","2026-09-10 09:00:00","CAPE","surface",-69.3513,19.0482,2861
"2026-09-09 18:00:00","2026-09-10 09:00:00","CAPE","surface",-69.3273,19.0482,2652
"2026-09-09 18:00:00","2026-09-10 09:00:00","CAPE","surface",-69.3034,19.0482,2768
"2026-09-09 18:00:00","2026-09-10 09:00:00","CAPE","surface",-69.2795,19.0482,2636
"2026-09-09 18:00:00","2026-09-10 09:00:00","CAPE","surface",-69.2556,19.0482,3045
"2026-09-09 18:00:00","2026-09-10 09:00:00","CAPE","surface",-69.2316,19.0482,3181
"2026-09-09 18:00:00","2026-09-10 09:00:00","CAPE","surface",-69.2077,19.0482,3020
"2026-09-09 18:00:00","2026-09-10 09:00:00","CAPE","surface",-69.1838,19.0482,3004
"2026-09-09 18:00:00","2026-09-10 09:00:00","CAPE","surface",-69.1599,19.0482,2922
"2026-09-09 18:00:00","2026-09-10 09:00:00","CAPE","surface",-69.1359,19.0482,2923
"2026-09-09 18:00:00","2026-09-10 09:00:00","CAPE","surface",-69.112,19.0482,3017
"2026-09-09 18:00:00","2026-09-10 09:00:00","CAPE","surface",-69.0881,19.0482,3221
"2026-09-09 18:00:00","2026-09-10 09:00:00","CAPE","surface",-69.0642,19.0482,3265
"2026-09-09 18:00:00","2026-09-10 09:00:00","CAPE","surface",-69.0402,19.0482,3361
"2026-09-09 18:00:00","2026-09-10 09:00:00","CAPE","surface",-69.0163,19.0482,3191
"2026-09-09 18:00:00","2026-09-10 09:00:00","CAPE","surface",-68.9924,19.0482,2957
"2026-09-09 18:00:00","2026-09-10 09:00:00","CAPE","surface",-68.9685,19.0482,2467
"2026-09-09 18:00:00","2026-09-10 09:00:00","CAPE","surface",-68.9445,19.0482,2298
"2026-09-09 18:00:00","2026-09-10 09:00:00","CAPE","surface",-68.9206,19.0482,1935
"2026-09-09 18:00:00","2026-09-10 09:00:00","CAPE","surface",-68.8967,19.0482,1650
"2026-09-09 18:00:00","2026-09-10 09:00:00","CAPE","surface",-68.8728,19.0482,1166
"2026-09-09 18:00:00","2026-09-10 09:00:00","CAPE","surface",-68.8488,19.0482,1102
"2026-09-09 18:00:00","2026-09-10 09:00:00","CAPE","surface",-68.8249,19.0482,1042
"2026-09-09 18:00:00","2026-09-10 09:00:00","CAPE","surface",-68.801,19.0482,1060
"2026-09-09 18:00:00","2026-09-10 09:00:00","CAPE","surface",-68.7771,19.0482,1360
"2026-09-09 18:00:00","2026-09-10 09:00:00","CAPE","surface",-68.7531,19.0482,1938
"2026-09-09 18:00:00","2026-09-10 09:00:00","CAPE","surface",-68.7292,19.0482,1938
"2026-09-09 18:00:00","2026-09-10 09:00:00","CAPE","surface",-68.7053,19.0482,2052
"2026-09-09 18:00:00","2026-09-10 09:00:00","CAPE","surface",-68.6813,19.0482,2083
"2026-09-09 18:00:00","2026-09-10 09:00:00","CAPE","surface",-68.6574,19.0482,1812
"2026-09-09 18:00:00","2026-09-10 09:00:00","CAPE","surface",-68.6335,19.0482,1812
"2026-09-09 18:00:00","2026-09-10 09:00:00","CAPE","surface",-68.6096,19.0482,1775
"2026-09-09 18:00:00","2026-09-10 09:00:00","CAPE","surface",-68.5856,19.0482,1948
"2026-09-09 18:00:00","2026-09-10 09:00:00","CAPE","surface",-68.5617,19.0482,2004
"2026-09-09 18:00:00","2026-09-10 09:00:00","CAPE","surface",-68.5378,19.0482,2115
"2026-09-09 18:00:00","2026-09-10 09:00:00","CAPE","surface",-68.5139,19.0482,2115
"2026-09-09 18:00:00","2026-09-10 09:00:00","CAPE","surface",-68.4899,19.0482,2099
"2026-09-09 18:00:00","2026-09-10 09:00:00","CAPE","surface",-68.466,19.0482,2124
"2026-09-09 18:00:00","2026-09-10 09:00:00","CAPE","surface",-68.4421,19.0482,2187
"2026-09-09 18:00:00","2026-09-10 09:00:00","CAPE","surface",-68.4182,19.0482,2187
"2026-09-09 18:00:00","2026-09-10 09:00:00","CAPE","surface",-68.3942,19.0482,2395
"2026-09-09 18:00:00","2026-09-10 09:00:00","CAPE","surface",-68.3703,19.0482,2734
"2026-09-09 18:00:00","2026-09-10 09:00:00","CAPE","surface",-68.3464,19.0482,2798
"2026-09-09 18:00:00","2026-09-10 09:00:00","CAPE","surface",-68.3225,19.0482,2901
"2026-09-09 18:00:00","2026-09-10 09:00:00","CAPE","surface",-68.2985,19.0482,2953
"2026-09-09 18:00:00","2026-09-10 09:00:00","CAPE","surface",-68.2746,19.0482,3076
"2026-09-09 18:00:00","2026-09-10 09:00:00","CAPE","surface",-68.2507,19.0482,3205
"2026-09-09 18:00:00","2026-09-10 09:00:00","CAPE","surface",-68.2268,19.0482,3093
"2026-09-09 18:00:00","2026-09-10 09:00:00","CAPE","surface",-68.2028,19.0482,3138
"2026-09-09 18:00:00","2026-09-10 09:00:00","CAPE","surface",-68.1789,19.0482,2853
"2026-09-09 18:00:00","2026-09-10 09:00:00","CAPE","surface",-68.155,19.0482,2672
"2026-09-09 18:00:00","2026-09-10 09:00:00","CAPE","surface",-68.1311,19.0482,2694
"2026-09-09 18:00:00","2026-09-10 09:00:00","CAPE","surface",-68.1071,19.0482,2785
"2026-09-09 18:00:00","2026-09-10 09:00:00","CAPE","surface",-68.0832,19.0482,2923
"2026-09-09 18:00:00","2026-09-10 09:00:00","CAPE","surface",-68.0593,19.0482,3137
"2026-09-09 18:00:00","2026-09-10 09:00:00","CAPE","surface",-68.0354,19.0482,3272
"2026-09-09 18:00:00","2026-09-10 09:00:00","CAPE","surface",-68.0114,19.0482,3307
"2026-09-09 18:00:00","2026-09-10 09:00:00","CAPE","surface",-67.9875,19.0482,3389
"2026-09-09 18:00:00","2026-09-10 09:00:00","CAPE","surface",-67.9636,19.0482,3228
"2026-09-09 18:00:00","2026-09-10 09:00:00","CAPE","surface",-67.9397,19.0482,2994
"2026-09-09 18:00:00","2026-09-10 09:00:00","CAPE","surface",-67.9157,19.0482,2994
"2026-09-09 18:00:00","2026-09-10 09:00:00","CAPE","surface",-67.8918,19.0482,2869
"2026-09-09 18:00:00","2026-09-10 09:00:00","CAPE","surface",-67.8679,19.0482,2756
"2026-09-09 18:00:00","2026-09-10 09:00:00","CAPE","surface",-67.844,19.0482,2655
"2026-09-09 18:00:00","2026-09-10 09:00:00","CAPE","surface",-67.82,19.0482,2655
"2026-09-09 18:00:00","2026-09-10 09:00:00","CAPE","surface",-67.7961,19.0482,2650
"2026-09-09 18:00:00","2026-09-10 09:00:00","CAPE","surface",-67.7722,19.0482,2720
"2026-09-09 18:00:00","2026-09-10 09:00:00","CAPE","surface",-67.7483,19.0482,2725
"2026-09-09 18:00:00","2026-09-10 09:00:00","CAPE","surface",-67.7243,19.0482,2767
"2026-09-09 18:00:00","2026-09-10 09:00:00","CAPE","surface",-67.7004,19.0482,2787
"2026-09-09 18:00:00","2026-09-10 09:00:00","CAPE","surface",-67.6765,19.0482,2859
"2026-09-09 18:00:00","2026-09-10 09:00:00","CAPE","surface",-67.6526,19.0482,2865
"2026-09-09 18:00:00","2026-09-10 09:00:00","CAPE","surface",-67.6286,19.0482,3001
"2026-09-09 18:00:00","2026-09-10 09:00:00","CAPE","surface",-67.6047,19.0482,3139
"2026-09-09 18:00:00","2026-09-10 09:00:00","CAPE","surface",-67.5808,19.0482,3089
"2026-09-09 18:00:00","2026-09-10 09:00:00","CAPE","surface",-67.5569,19.0482,3032
"2026-09-09 18:00:00","2026-09-10 09:00:00","CAPE","surface",-67.5329,19.0482,3032
"2026-09-09 18:00:00","2026-09-10 09:00:00","CAPE","surface",-67.509,19.0482,2886
"2026-09-09 18:00:00","2026-09-10 09:00:00","CAPE","surface",-67.4851,19.0482,2803
"2026-09-09 18:00:00","2026-09-10 09:00:00","CAPE","surface",-67.4612,19.0482,2778
"2026-09-09 18:00:00","2026-09-10 09:00:00","CAPE","surface",-67.4372,19.0482,2777
"2026-09-09 18:00:00","2026-09-10 09:00:00","CAPE","surface",-67.4133,19.0482,2766
"2026-09-09 18:00:00","2026-09-10 09:00:00","CAPE","surface",-67.3894,19.0482,2811
"2026-09-09 18:00:00","2026-09-10 09:00:00","CAPE","surface",-67.3655,19.0482,2903
"2026-09-09 18:00:00","2026-09-10 09:00:00","CAPE","surface",-67.3415,19.0482,3075
"2026-09-09 18:00:00","2026-09-10 09:00:00","CAPE","surface",-67.3176,19.0482,3075
"2026-09-09 18:00:00","2026-09-10 09:00:00","CAPE","surface",-67.2937,19.0482,3204
"2026-09-09 18:00:00","2026-09-10 09:00:00","CAPE","surface",-67.2698,19.0482,3184
"2026-09-09 18:00:00","2026-09-10 09:00:00","CAPE","surface",-67.2458,19.0482,3216
"2026-09-09 18:00:00","2026-09-10 09:00:00","CAPE","surface",-67.2219,19.0482,3245
"2026-09-09 18:00:00","2026-09-10 09:00:00","CAPE","surface",-67.198,19.0482,3126
"2026-09-09 18:00:00","2026-09-10 09:00:00","CAPE","surface",-67.1741,19.0482,3013
"2026-09-09 18:00:00","2026-09-10 09:00:00","CAPE","surface",-67.1501,19.0482,2915
"2026-09-09 18:00:00","2026-09-10 09:00:00","CAPE","surface",-67.1262,19.0482,2808
"2026-09-09 18:00:00","2026-09-10 09:00:00","CAPE","surface",-67.1023,19.0482,2738
"2026-09-09 18:00:00","2026-09-10 09:00:00","CAPE","surface",-67.0784,19.0482,2663
"2026-09-09 18:00:00","2026-09-10 09:00:00","CAPE","surface",-67.0544,19.0482,2657
"2026-09-09 18:00:00","2026-09-10 09:00:00","CAPE","surface",-67.0305,19.0482,2657
"2026-09-09 18:00:00","2026-09-10 09:00:00","CAPE","surface",-67.0066,19.0482,2684
"2026-09-09 18:00:00","2026-09-10 09:00:00","CAPE","surface",-74.7822,19.0708,2236
"2026-09-09 18:00:00","2026-09-10 09:00:00","CAPE","surface",-74.7583,19.0708,2293
"2026-09-09 18:00:00","2026-09-10 09:00:00","CAPE","surface",-74.7344,19.0708,2325
"2026-09-09 18:00:00","2026-09-10 09:00:00","CAPE","surface",-74.7105,19.0708,2292
"2026-09-09 18:00:00","2026-09-10 09:00:00","CAPE","surface",-74.6865,19.0708,2258
"2026-09-09 18:00:00","2026-09-10 09:00:00","CAPE","surface",-74.6626,19.0708,2109
"2026-09-09 18:00:00","2026-09-10 09:00:00","CAPE","surface",-74.6387,19.0708,2041
"2026-09-09 18:00:00","2026-09-10 09:00:00","CAPE","surface",-74.6148,19.0708,2044
"2026-09-09 18:00:00","2026-09-10 09:00:00","CAPE","surface",-74.5908,19.0708,2032
"2026-09-09 18:00:00","2026-09-10 09:00:00","CAPE","surface",-74.5669,19.0708,2060
"2026-09-09 18:00:00","2026-09-10 09:00:00","CAPE","surface",-74.543,19.0708,2048
"2026-09-09 18:00:00","2026-09-10 09:00:00","CAPE","surface",-74.5191,19.0708,2048
"2026-09-09 18:00:00","2026-09-10 09:00:00","CAPE","surface",-74.4951,19.0708,2042
"2026-09-09 18:00:00","2026-09-10 09:00:00","CAPE","surface",-74.4712,19.0708,2064
"2026-09-09 18:00:00","2026-09-10 09:00:00","CAPE","surface",-74.4473,19.0708,2087
"2026-09-09 18:00:00","2026-09-10 09:00:00","CAPE","surface",-74.4234,19.0708,2079
"2026-09-09 18:00:00","2026-09-10 09:00:00","CAPE","surface",-74.3994,19.0708,2131
"2026-09-09 18:00:00","2026-09-10 09:00:00","CAPE","surface",-74.3755,19.0708,2096
"2026-09-09 18:00:00","2026-09-10 09:00:00","CAPE","surface",-74.3516,19.0708,2127
"2026-09-09 18:00:00","2026-09-10 09:00:00","CAPE","surface",-74.3277,19.0708,2102
"2026-09-09 18:00:00","2026-09-10 09:00:00","CAPE","surface",-74.3037,19.0708,2162
"2026-09-09 18:00:00","2026-09-10 09:00:00","CAPE","surface",-74.2798,19.0708,2115
"2026-09-09 18:00:00","2026-09-10 09:00:00","CAPE","surface",-74.2559,19.0708,2217
"2026-09-09 18:00:00","2026-09-10 09:00:00","CAPE","surface",-74.232,19.0708,2156
"2026-09-09 18:00:00","2026-09-10 09:00:00","CAPE","surface",-74.208,19.0708,2185
"2026-09-09 18:00:00","2026-09-10 09:00:00","CAPE","surface",-74.1841,19.0708,2109
"2026-09-09 18:00:00","2026-09-10 09:00:00","CAPE","surface",-74.1602,19.0708,2137
"2026-09-09 18:00:00","2026-09-10 09:00:00","CAPE","surface",-74.1363,19.0708,2061
"2026-09-09 18:00:00","2026-09-10 09:00:00","CAPE","surface",-74.1123,19.0708,2159
"2026-09-09 18:00:00","2026-09-10 09:00:00","CAPE","surface",-74.0884,19.0708,2089
"2026-09-09 18:00:00","2026-09-10 09:00:00","CAPE","surface",-74.0645,19.0708,2134
"2026-09-09 18:00:00","2026-09-10 09:00:00","CAPE","surface",-74.0406,19.0708,2048
"2026-09-09 18:00:00","2026-09-10 09:00:00","CAPE","surface",-74.0166,19.0708,2052
"2026-09-09 18:00:00","2026-09-10 09:00:00","CAPE","surface",-73.9927,19.0708,2052
"2026-09-09 18:00:00","2026-09-10 09:00:00","CAPE","surface",-73.9688,19.0708,2108
"2026-09-09 18:00:00","2026-09-10 09:00:00","CAPE","surface",-73.9449,19.0708,2023
"2026-09-09 18:00:00","2026-09-10 09:00:00","CAPE","surface",-73.9209,19.0708,2116
"2026-09-09 18:00:00","2026-09-10 09:00:00","CAPE","surface",-73.897,19.0708,2017
"2026-09-09 18:00:00","2026-09-10 09:00:00","CAPE","surface",-73.8731,19.0708,2192
"2026-09-09 18:00:00","2026-09-10 09:00:00","CAPE","surface",-73.8492,19.0708,2192
"2026-09-09 18:00:00","2026-09-10 09:00:00","CAPE","surface",-73.8252,19.0708,2229
"2026-09-09 18:00:00","2026-09-10 09:00:00","CAPE","surface",-73.8013,19.0708,2180
"2026-09-09 18:00:00","2026-09-10 09:00:00","CAPE","surface",-73.7774,19.0708,2263
"2026-09-09 18:00:00","2026-09-10 09:00:00","CAPE","surface",-73.7535,19.0708,2199
"2026-09-09 18:00:00","2026-09-10 09:00:00","CAPE","surface",-73.7295,19.0708,2283
"2026-09-09 18:00:00","2026-09-10 09:00:00","CAPE","surface",-73.7056,19.0708,2252
"2026-09-09 18:00:00","2026-09-10 09:00:00","CAPE","surface",-73.6817,19.0708,2315
"2026-09-09 18:00:00","2026-09-10 09:00:00","CAPE","surface",-73.6578,19.0708,2287
"2026-09-09 18:00:00","2026-09-10 09:00:00","CAPE","surface",-73.6338,19.0708,2252
"2026-09-09 18:00:00","2026-09-10 09:00:00","CAPE","surface",-73.6099,19.0708,2241
"2026-09-09 18:00:00","2026-09-10 09:00:00","CAPE","surface",-73.586,19.0708,2257
"2026-09-09 18:00:00","2026-09-10 09:00:00","CAPE","surface",-73.5621,19.0708,2282
"2026-09-09 18:00:00","2026-09-10 09:00:00","CAPE","surface",-73.5381,19.0708,2281
"2026-09-09 18:00:00","2026-09-10 09:00:00","CAPE","surface",-73.5142,19.0708,2088
"2026-09-09 18:00:00","2026-09-10 09:00:00","CAPE","surface",-73.4903,19.0708,2097
"2026-09-09 18:00:00","2026-09-10 09:00:00","CAPE","surface",-73.4664,19.0708,1724
"2026-09-09 18:00:00","2026-09-10 09:00:00","CAPE","surface",-73.4424,19.0708,1632
"2026-09-09 18:00:00","2026-09-10 09:00:00","CAPE","surface",-73.4185,19.0708,1978
"2026-09-09 18:00:00","2026-09-10 09:00:00","CAPE","surface",-73.3946,19.0708,2011
"2026-09-09 18:00:00","2026-09-10 09:00:00","CAPE","surface",-73.3707,19.0708,2216
"2026-09-09 18:00:00","2026-09-10 09:00:00","CAPE","surface",-73.3467,19.0708,2216
"2026-09-09 18:00:00","2026-09-10 09:00:00","CAPE","surface",-73.3228,19.0708,2216
"2026-09-09 18:00:00","2026-09-10 09:00:00","CAPE","surface",-73.2989,19.0708,2199
"2026-09-09 18:00:00","2026-09-10 09:00:00","CAPE","surface",-73.275,19.0708,2018
"2026-09-09 18:00:00","2026-09-10 09:00:00","CAPE","surface",-73.251,19.0708,2052
"2026-09-09 18:00:00","2026-09-10 09:00:00","CAPE","surface",-73.2271,19.0708,1876
"2026-09-09 18:00:00","2026-09-10 09:00:00","CAPE","surface",-73.2032,19.0708,1876
"2026-09-09 18:00:00","2026-09-10 09:00:00","CAPE","surface",-73.1793,19.0708,1770
"2026-09-09 18:00:00","2026-09-10 09:00:00","CAPE","surface",-73.1553,19.0708,1850
"2026-09-09 18:00:00","2026-09-10 09:00:00","CAPE","surface",-73.1314,19.0708,1778
"2026-09-09 18:00:00","2026-09-10 09:00:00","CAPE","surface",-73.1075,19.0708,1829
"2026-09-09 18:00:00","2026-09-10 09:00:00","CAPE","surface",-73.0836,19.0708,1830
"2026-09-09 18:00:00","2026-09-10 09:00:00","CAPE","surface",-73.0596,19.0708,1776
"2026-09-09 18:00:00","2026-09-10 09:00:00","CAPE","surface",-73.0357,19.0708,1869
"2026-09-09 18:00:00","2026-09-10 09:00:00","CAPE","surface",-73.0118,19.0708,1797
"2026-09-09 18:00:00","2026-09-10 09:00:00","CAPE","surface",-72.9879,19.0708,1848
"2026-09-09 18:00:00","2026-09-10 09:00:00","CAPE","surface",-72.9639,19.0708,1848
"2026-09-09 18:00:00","2026-09-10 09:00:00","CAPE","surface",-72.94,19.0708,1776
"2026-09-09 18:00:00","2026-09-10 09:00:00","CAPE","surface",-72.9161,19.0708,1676
"2026-09-09 18:00:00","2026-09-10 09:00:00","CAPE","surface",-72.8922,19.0708,1632
"2026-09-09 18:00:00","2026-09-10 09:00:00","CAPE","surface",-72.8682,19.0708,1528
"2026-09-09 18:00:00","2026-09-10 09:00:00","CAPE","surface",-72.8443,19.0708,1528
"2026-09-09 18:00:00","2026-09-10 09:00:00","CAPE","surface",-72.8204,19.0708,1450
"2026-09-09 18:00:00","2026-09-10 09:00:00","CAPE","surface",-72.7965,19.0708,1515
"2026-09-09 18:00:00","2026-09-10 09:00:00","CAPE","surface",-72.7725,19.0708,1338
"2026-09-09 18:00:00","2026-09-10 09:00:00","CAPE","surface",-72.7486,19.0708,1277
"2026-09-09 18:00:00","2026-09-10 09:00:00","CAPE","surface",-72.7247,19.0708,1203
"2026-09-09 18:00:00","2026-09-10 09:00:00","CAPE","surface",-72.7008,19.0708,1203
"2026-09-09 18:00:00","2026-09-10 09:00:00","CAPE","surface",-72.6768,19.0708,586
"2026-09-09 18:00:00","2026-09-10 09:00:00","CAPE","surface",-72.6529,19.0708,348
"2026-09-09 18:00:00","2026-09-10 09:00:00","CAPE","surface",-72.629,19.0708,368
"2026-09-09 18:00:00","2026-09-10 09:00:00","CAPE","surface",-72.6051,19.0708,426
"2026-09-09 18:00:00","2026-09-10 09:00:00","CAPE","surface",-72.5811,19.0708,442
"2026-09-09 18:00:00","2026-09-10 09:00:00","CAPE","surface",-72.5572,19.0708,437
"2026-09-09 18:00:00","2026-09-10 09:00:00","CAPE","surface",-72.5333,19.0708,582
"2026-09-09 18:00:00","2026-09-10 09:00:00","CAPE","surface",-72.5094,19.0708,593
"2026-09-09 18:00:00","2026-09-10 09:00:00","CAPE","surface",-72.4854,19.0708,847
"2026-09-09 18:00:00","2026-09-10 09:00:00","CAPE","surface",-72.4615,19.0708,847
"2026-09-09 18:00:00","2026-09-10 09:00:00","CAPE","surface",-72.4376,19.0708,955
"2026-09-09 18:00:00","2026-09-10 09:00:00","CAPE","surface",-72.4137,19.0708,923
"2026-09-09 18:00:00","2026-09-10 09:00:00","CAPE","surface",-72.3897,19.0708,864
"2026-09-09 18:00:00","2026-09-10 09:00:00","CAPE","surface",-72.3658,19.0708,478
"2026-09-09 18:00:00","2026-09-10 09:00:00","CAPE","surface",-72.3419,19.0708,478
"2026-09-09 18:00:00","2026-09-10 09:00:00","CAPE","surface",-72.318,19.0708,297
"2026-09-09 18:00:00","2026-09-10 09:00:00","CAPE","surface",-72.294,19.0708,313
"2026-09-09 18:00:00","2026-09-10 09:00:00","CAPE","surface",-72.2701,19.0708,284
"2026-09-09 18:00:00","2026-09-10 09:00:00","CAPE","surface",-72.2462,19.0708,299
"2026-09-09 18:00:00","2026-09-10 09:00:00","CAPE","surface",-72.2223,19.0708,311
"2026-09-09 18:00:00","2026-09-10 09:00:00","CAPE","surface",-72.1983,19.0708,328
"2026-09-09 18:00:00","2026-09-10 09:00:00","CAPE","surface",-72.1744,19.0708,382
"2026-09-09 18:00:00","2026-09-10 09:00:00","CAPE","surface",-72.1505,19.0708,393
"2026-09-09 18:00:00","2026-09-10 09:00:00","CAPE","surface",-72.1266,19.0708,533
"2026-09-09 18:00:00","2026-09-10 09:00:00","CAPE","surface",-72.1026,19.0708,533
"2026-09-09 18:00:00","2026-09-10 09:00:00","CAPE","surface",-72.0787,19.0708,582
"2026-09-09 18:00:00","2026-09-10 09:00:00","CAPE","surface",-72.0548,19.0708,548
"2026-09-09 18:00:00","2026-09-10 09:00:00","CAPE","surface",-72.0309,19.0708,585
"2026-09-09 18:00:00","2026-09-10 09:00:00","CAPE","surface",-72.0069,19.0708,710
"2026-09-09 18:00:00","2026-09-10 09:00:00","CAPE","surface",-71.983,19.0708,710
"2026-09-09 18:00:00","2026-09-10 09:00:00","CAPE","surface",-71.9591,19.0708,819
"2026-09-09 18:00:00","2026-09-10 09:00:00","CAPE","surface",-71.9352,19.0708,789
"2026-09-09 18:00:00","2026-09-10 09:00:00","CAPE","surface",-71.9112,19.0708,910
"2026-09-09 18:00:00","2026-09-10 09:00:00","CAPE","surface",-71.8873,19.0708,717
"2026-09-09 18:00:00","2026-09-10 09:00:00","CAPE","surface",-71.8634,19.0708,839
"2026-09-09 18:00:00","2026-09-10 09:00:00","CAPE","surface",-71.8395,19.0708,724
"2026-09-09 18:00:00","2026-09-10 09:00:00","CAPE","surface",-71.8155,19.0708,428
"2026-09-09 18:00:00","2026-09-10 09:00:00","CAPE","surface",-71.7916,19.0708,409
"2026-09-09 18:00:00","2026-09-10 09:00:00","CAPE","surface",-71.7677,19.0708,429
"2026-09-09 18:00:00","2026-09-10 09:00:00","CAPE","surface",-71.7438,19.0708,429
"2026-09-09 18:00:00","2026-09-10 09:00:00","CAPE","surface",-71.7198,19.0708,376
"2026-09-09 18:00:00","2026-09-10 09:00:00","CAPE","surface",-71.6959,19.0708,324
"2026-09-09 18:00:00","2026-09-10 09:00:00","CAPE","surface",-71.672,19.0708,337
"2026-09-09 18:00:00","2026-09-10 09:00:00","CAPE","surface",-71.6481,19.0708,374
"2026-09-09 18:00:00","2026-09-10 09:00:00","CAPE","surface",-71.6241,19.0708,357
"2026-09-09 18:00:00","2026-09-10 09:00:00","CAPE","surface",-71.6002,19.0708,382
"2026-09-09 18:00:00","2026-09-10 09:00:00","CAPE","surface",-71.5763,19.0708,387
"2026-09-09 18:00:00","2026-09-10 09:00:00","CAPE","surface",-71.5524,19.0708,410
"2026-09-09 18:00:00","2026-09-10 09:00:00","CAPE","surface",-71.5284,19.0708,445
"2026-09-09 18:00:00","2026-09-10 09:00:00","CAPE","surface",-71.5045,19.0708,612
"2026-09-09 18:00:00","2026-09-10 09:00:00","CAPE","surface",-71.4806,19.0708,580
"2026-09-09 18:00:00","2026-09-10 09:00:00","CAPE","surface",-71.4567,19.0708,602
"2026-09-09 18:00:00","2026-09-10 09:00:00","CAPE","surface",-71.4327,19.0708,559
"2026-09-09 18:00:00","2026-09-10 09:00:00","CAPE","surface",-71.4088,19.0708,545
"2026-09-09 18:00:00","2026-09-10 09:00:00","CAPE","surface",-71.3849,19.0708,546
"2026-09-09 18:00:00","2026-09-10 09:00:00","CAPE","surface",-71.361,19.0708,406
"2026-09-09 18:00:00","2026-09-10 09:00:00","CAPE","surface",-71.337,19.0708,310
"2026-09-09 18:00:00","2026-09-10 09:00:00","CAPE","surface",-71.3131,19.0708,39
"2026-09-09 18:00:00","2026-09-10 09:00:00","CAPE","surface",-71.2892,19.0708,39
"2026-09-09 18:00:00","2026-09-10 09:00:00","CAPE","surface",-71.2653,19.0708,10
"2026-09-09 18:00:00","2026-09-10 09:00:00","CAPE","surface",-71.2413,19.0708,0
"2026-09-09 18:00:00","2026-09-10 09:00:00","CAPE","surface",-71.2174,19.0708,0
"2026-09-09 18:00:00","2026-09-10 09:00:00","CAPE","surface",-71.1935,19.0708,0
"2026-09-09 18:00:00","2026-09-10 09:00:00","CAPE","surface",-71.1696,19.0708,0
"2026-09-09 18:00:00","2026-09-10 09:00:00","CAPE","surface",-71.1456,19.0708,0
"2026-09-09 18:00:00","2026-09-10 09:00:00","CAPE","surface",-71.1217,19.0708,0
"2026-09-09 18:00:00","2026-09-10 09:00:00","CAPE","surface",-71.0978,19.0708,0
"2026-09-09 18:00:00","2026-09-10 09:00:00","CAPE","surface",-71.0739,19.0708,0
"2026-09-09 18:00:00","2026-09-10 09:00:00","CAPE","surface",-71.0499,19.0708,0
"2026-09-09 18:00:00","2026-09-10 09:00:00","CAPE","surface",-71.026,19.0708,0
"2026-09-09 18:00:00","2026-09-10 09:00:00","CAPE","surface",-71.0021,19.0708,0
"2026-09-09 18:00:00","2026-09-10 09:00:00","CAPE","surface",-70.9782,19.0708,0
"2026-09-09 18:00:00","2026-09-10 09:00:00","CAPE","surface",-70.9542,19.0708,0
"2026-09-09 18:00:00","2026-09-10 09:00:00","CAPE","surface",-70.9303,19.0708,17
"2026-09-09 18:00:00","2026-09-10 09:00:00","CAPE","surface",-70.9064,19.0708,26
"2026-09-09 18:00:00","2026-09-10 09:00:00","CAPE","surface",-70.8825,19.0708,98
"2026-09-09 18:00:00","2026-09-10 09:00:00","CAPE","surface",-70.8585,19.0708,161
"2026-09-09 18:00:00","2026-09-10 09:00:00","CAPE","surface",-70.8346,19.0708,257
"2026-09-09 18:00:00","2026-09-10 09:00:00","CAPE","surface",-70.8107,19.0708,248
"2026-09-09 18:00:00","2026-09-10 09:00:00","CAPE","surface",-70.7868,19.0708,430
"2026-09-09 18:00:00","2026-09-10 09:00:00","CAPE","surface",-70.7628,19.0708,361
"2026-09-09 18:00:00","2026-09-10 09:00:00","CAPE","surface",-70.7389,19.0708,366
"2026-09-09 18:00:00","2026-09-10 09:00:00","CAPE","surface",-70.715,19.0708,366
"2026-09-09 18:00:00","2026-09-10 09:00:00","CAPE","surface",-70.6911,19.0708,377
"2026-09-09 18:00:00","2026-09-10 09:00:00","CAPE","surface",-70.6671,19.0708,453
"2026-09-09 18:00:00","2026-09-10 09:00:00","CAPE","surface",-70.6432,19.0708,556
"2026-09-09 18:00:00","2026-09-10 09:00:00","CAPE","surface",-70.6193,19.0708,501
"2026-09-09 18:00:00","2026-09-10 09:00:00","CAPE","surface",-70.5954,19.0708,501
"2026-09-09 18:00:00","2026-09-10 09:00:00","CAPE","surface",-70.5714,19.0708,461
"2026-09-09 18:00:00","2026-09-10 09:00:00","CAPE","surface",-70.5475,19.0708,481
"2026-09-09 18:00:00","2026-09-10 09:00:00","CAPE","surface",-70.5236,19.0708,523
"2026-09-09 18:00:00","2026-09-10 09:00:00","CAPE","surface",-70.4997,19.0708,523
"2026-09-09 18:00:00","2026-09-10 09:00:00","CAPE","surface",-70.4757,19.0708,715
"2026-09-09 18:00:00","2026-09-10 09:00:00","CAPE","surface",-70.4518,19.0708,766
"2026-09-09 18:00:00","2026-09-10 09:00:00","CAPE","surface",-70.4279,19.0708,786
"2026-09-09 18:00:00","2026-09-10 09:00:00","CAPE","surface",-70.404,19.0708,808
"2026-09-09 18:00:00","2026-09-10 09:00:00","CAPE","surface",-70.38,19.0708,844
"2026-09-09 18:00:00","2026-09-10 09:00:00","CAPE","surface",-70.3561,19.0708,972
"2026-09-09 18:00:00","2026-09-10 09:00:00","CAPE","surface",-70.3322,19.0708,985
"2026-09-09 18:00:00","2026-09-10 09:00:00","CAPE","surface",-70.3083,19.0708,1006
"2026-09-09 18:00:00","2026-09-10 09:00:00","CAPE","surface",-70.2843,19.0708,1006
"2026-09-09 18:00:00","2026-09-10 09:00:00","CAPE","surface",-70.2604,19.0708,1069
"2026-09-09 18:00:00","2026-09-10 09:00:00","CAPE","surface",-70.2365,19.0708,1116
"2026-09-09 18:00:00","2026-09-10 09:00:00","CAPE","surface",-70.2126,19.0708,1067
"2026-09-09 18:00:00","2026-09-10 09:00:00","CAPE","surface",-70.1886,19.0708,1132
"2026-09-09 18:00:00","2026-09-10 09:00:00","CAPE","surface",-70.1647,19.0708,1082
"2026-09-09 18:00:00","2026-09-10 09:00:00","CAPE","surface",-70.1408,19.0708,1104
"2026-09-09 18:00:00","2026-09-10 09:00:00","CAPE","surface",-70.1169,19.0708,1085
"2026-09-09 18:00:00","2026-09-10 09:00:00","CAPE","surface",-70.0929,19.0708,1219
"2026-09-09 18:00:00","2026-09-10 09:00:00","CAPE","surface",-70.069,19.0708,1153
"2026-09-09 18:00:00","2026-09-10 09:00:00","CAPE","surface",-70.0451,19.0708,1439
"2026-09-09 18:00:00","2026-09-10 09:00:00","CAPE","surface",-70.0212,19.0708,1399
"2026-09-09 18:00:00","2026-09-10 09:00:00","CAPE","surface",-69.9972,19.0708,1413
"2026-09-09 18:00:00","2026-09-10 09:00:00","CAPE","surface",-69.9733,19.0708,1407
"2026-09-09 18:00:00","2026-09-10 09:00:00","CAPE","surface",-69.9494,19.0708,1641
"2026-09-09 18:00:00","2026-09-10 09:00:00","CAPE","surface",-69.9255,19.0708,1671
"2026-09-09 18:00:00","2026-09-10 09:00:00","CAPE","surface",-69.9015,19.0708,2066
"2026-09-09 18:00:00","2026-09-10 09:00:00","CAPE","surface",-69.8776,19.0708,2106
"2026-09-09 18:00:00","2026-09-10 09:00:00","CAPE","surface",-69.8537,19.0708,2233
"2026-09-09 18:00:00","2026-09-10 09:00:00","CAPE","surface",-69.8298,19.0708,2224
"2026-09-09 18:00:00","2026-09-10 09:00:00","CAPE","surface",-69.8058,19.0708,2322
"2026-09-09 18:00:00","2026-09-10 09:00:00","CAPE","surface",-69.7819,19.0708,2388
"2026-09-09 18:00:00","2026-09-10 09:00:00","CAPE","surface",-69.758,19.0708,2385
"2026-09-09 18:00:00","2026-09-10 09:00:00","CAPE","surface",-69.7341,19.0708,2407
"2026-09-09 18:00:00","2026-09-10 09:00:00","CAPE","surface",-69.7101,19.0708,2412
"2026-09-09 18:00:00","2026-09-10 09:00:00","CAPE","surface",-69.6862,19.0708,2445
"2026-09-09 18:00:00","2026-09-10 09:00:00","CAPE","surface",-69.6623,19.0708,2326
"2026-09-09 18:00:00","2026-09-10 09:00:00","CAPE","surface",-69.6384,19.0708,1903
"2026-09-09 18:00:00","2026-09-10 09:00:00","CAPE","surface",-69.6144,19.0708,1903
"2026-09-09 18:00:00","2026-09-10 09:00:00","CAPE","surface",-69.5905,19.0708,1589
"2026-09-09 18:00:00","2026-09-10 09:00:00","CAPE","surface",-69.5666,19.0708,1740
"2026-09-09 18:00:00","2026-09-10 09:00:00","CAPE","surface",-69.5427,19.0708,1760
"2026-09-09 18:00:00","2026-09-10 09:00:00","CAPE","surface",-69.5187,19.0708,2050
"2026-09-09 18:00:00","2026-09-10 09:00:00","CAPE","surface",-69.4948,19.0708,2073
"2026-09-09 18:00:00","2026-09-10 09:00:00","CAPE","surface",-69.4709,19.0708,2089
"2026-09-09 18:00:00","2026-09-10 09:00:00","CAPE","surface",-69.447,19.0708,1895
"2026-09-09 18:00:00","2026-09-10 09:00:00","CAPE","surface",-69.423,19.0708,1956
"2026-09-09 18:00:00","2026-09-10 09:00:00","CAPE","surface",-69.3991,19.0708,2040
"2026-09-09 18:00:00","2026-09-10 09:00:00","CAPE","surface",-69.3752,19.0708,2692
"2026-09-09 18:00:00","2026-09-10 09:00:00","CAPE","surface",-69.3513,19.0708,2861
"2026-09-09 18:00:00","2026-09-10 09:00:00","CAPE","surface",-69.3273,19.0708,2910
"2026-09-09 18:00:00","2026-09-10 09:00:00","CAPE","surface",-69.3034,19.0708,3199
"2026-09-09 18:00:00","2026-09-10 09:00:00","CAPE","surface",-69.2795,19.0708,3133
"2026-09-09 18:00:00","2026-09-10 09:00:00","CAPE","surface",-69.2556,19.0708,3292
"2026-09-09 18:00:00","2026-09-10 09:00:00","CAPE","surface",-69.2316,19.0708,3181
"2026-09-09 18:00:00","2026-09-10 09:00:00","CAPE","surface",-69.2077,19.0708,3255
"2026-09-09 18:00:00","2026-09-10 09:00:00","CAPE","surface",-69.1838,19.0708,3141
"2026-09-09 18:00:00","2026-09-10 09:00:00","CAPE","surface",-69.1599,19.0708,2921
"2026-09-09 18:00:00","2026-09-10 09:00:00","CAPE","surface",-69.1359,19.0708,2923
"2026-09-09 18:00:00","2026-09-10 09:00:00","CAPE","surface",-69.112,19.0708,3061
"2026-09-09 18:00:00","2026-09-10 09:00:00","CAPE","surface",-69.0881,19.0708,3145
"2026-09-09 18:00:00","2026-09-10 09:00:00","CAPE","surface",-69.0642,19.0708,3333
"2026-09-09 18:00:00","2026-09-10 09:00:00","CAPE","surface",-69.0402,19.0708,3345
"2026-09-09 18:00:00","2026-09-10 09:00:00","CAPE","surface",-69.0163,19.0708,3191
"2026-09-09 18:00:00","2026-09-10 09:00:00","CAPE","surface",-68.9924,19.0708,2924
"2026-09-09 18:00:00","2026-09-10 09:00:00","CAPE","surface",-68.9685,19.0708,2650
"2026-09-09 18:00:00","2026-09-10 09:00:00","CAPE","surface",-68.9445,19.0708,2171
"2026-09-09 18:00:00","2026-09-10 09:00:00","CAPE","surface",-68.9206,19.0708,1935
"2026-09-09 18:00:00","2026-09-10 09:00:00","CAPE","surface",-68.8967,19.0708,1670
"2026-09-09 18:00:00","2026-09-10 09:00:00","CAPE","surface",-68.8728,19.0708,1193
"2026-09-09 18:00:00","2026-09-10 09:00:00","CAPE","surface",-68.8488,19.0708,1073
"2026-09-09 18:00:00","2026-09-10 09:00:00","CAPE","surface",-68.8249,19.0708,909
"2026-09-09 18:00:00","2026-09-10 09:00:00","CAPE","surface",-68.801,19.0708,1060
"2026-09-09 18:00:00","2026-09-10 09:00:00","CAPE","surface",-68.7771,19.0708,1113
"2026-09-09 18:00:00","2026-09-10 09:00:00","CAPE","surface",-68.7531,19.0708,1554
"2026-09-09 18:00:00","2026-09-10 09:00:00","CAPE","surface",-68.7292,19.0708,1936
"2026-09-09 18:00:00","2026-09-10 09:00:00","CAPE","surface",-68.7053,19.0708,2052
"2026-09-09 18:00:00","2026-09-10 09:00:00","CAPE","surface",-68.6813,19.0708,1751
"2026-09-09 18:00:00","2026-09-10 09:00:00","CAPE","surface",-68.6574,19.0708,1625
"2026-09-09 18:00:00","2026-09-10 09:00:00","CAPE","surface",-68.6335,19.0708,1700
"2026-09-09 18:00:00","2026-09-10 09:00:00","CAPE","surface",-68.6096,19.0708,1864
"2026-09-09 18:00:00","2026-09-10 09:00:00","CAPE","surface",-68.5856,19.0708,1864
"2026-09-09 18:00:00","2026-09-10 09:00:00","CAPE","surface",-68.5617,19.0708,2031
"2026-09-09 18:00:00","2026-09-10 09:00:00","CAPE","surface",-68.5378,19.0708,2083
"2026-09-09 18:00:00","2026-09-10 09:00:00","CAPE","surface",-68.5139,19.0708,2101
"2026-09-09 18:00:00","2026-09-10 09:00:00","CAPE","surface",-68.4899,19.0708,2101
"2026-09-09 18:00:00","2026-09-10 09:00:00","CAPE","surface",-68.466,19.0708,2048
"2026-09-09 18:00:00","2026-09-10 09:00:00","CAPE","surface",-68.4421,19.0708,2162
"2026-09-09 18:00:00","2026-09-10 09:00:00","CAPE","surface",-68.4182,19.0708,2250
"2026-09-09 18:00:00","2026-09-10 09:00:00","CAPE","surface",-68.3942,19.0708,2618
"2026-09-09 18:00:00","2026-09-10 09:00:00","CAPE","surface",-68.3703,19.0708,2618
"2026-09-09 18:00:00","2026-09-10 09:00:00","CAPE","surface",-68.3464,19.0708,2874
"2026-09-09 18:00:00","2026-09-10 09:00:00","CAPE","surface",-68.3225,19.0708,2901
"2026-09-09 18:00:00","2026-09-10 09:00:00","CAPE","surface",-68.2985,19.0708,2983
"2026-09-09 18:00:00","2026-09-10 09:00:00","CAPE","surface",-68.2746,19.0708,2983
"2026-09-09 18:00:00","2026-09-10 09:00:00","CAPE","surface",-68.2507,19.0708,3047
"2026-09-09 18:00:00","2026-09-10 09:00:00","CAPE","surface",-68.2268,19.0708,3055
"2026-09-09 18:00:00","2026-09-10 09:00:00","CAPE","surface",-68.2028,19.0708,2979
"2026-09-09 18:00:00","2026-09-10 09:00:00","CAPE","surface",-68.1789,19.0708,2846
"2026-09-09 18:00:00","2026-09-10 09:00:00","CAPE","surface",-68.155,19.0708,2706
"2026-09-09 18:00:00","2026-09-10 09:00:00","CAPE","surface",-68.1311,19.0708,2687
"2026-09-09 18:00:00","2026-09-10 09:00:00","CAPE","surface",-68.1071,19.0708,2785
"2026-09-09 18:00:00","2026-09-10 09:00:00","CAPE","surface",-68.0832,19.0708,2852
"2026-09-09 18:00:00","2026-09-10 09:00:00","CAPE","surface",-68.0593,19.0708,3043
"2026-09-09 18:00:00","2026-09-10 09:00:00","CAPE","surface",-68.0354,19.0708,3177
"2026-09-09 18:00:00","2026-09-10 09:00:00","CAPE","surface",-68.0114,19.0708,3189
"2026-09-09 18:00:00","2026-09-10 09:00:00","CAPE","surface",-67.9875,19.0708,3189
"2026-09-09 18:00:00","2026-09-10 09:00:00","CAPE","surface",-67.9636,19.0708,3071
"2026-09-09 18:00:00","2026-09-10 09:00:00","CAPE","surface",-67.9397,19.0708,3058
"2026-09-09 18:00:00","2026-09-10 09:00:00","CAPE","surface",-67.9157,19.0708,2973
"2026-09-09 18:00:00","2026-09-10 09:00:00","CAPE","surface",-67.8918,19.0708,2869
"2026-09-09 18:00:00","2026-09-10 09:00:00","CAPE","surface",-67.8679,19.0708,2902
"2026-09-09 18:00:00","2026-09-10 09:00:00","CAPE","surface",-67.844,19.0708,2802
"2026-09-09 18:00:00","2026-09-10 09:00:00","CAPE","surface",-67.82,19.0708,2675
"2026-09-09 18:00:00","2026-09-10 09:00:00","CAPE","surface",-67.7961,19.0708,2710
"2026-09-09 18:00:00","2026-09-10 09:00:00","CAPE","surface",-67.7722,19.0708,2710
"2026-09-09 18:00:00","2026-09-10 09:00:00","CAPE","surface",-67.7483,19.0708,2766
"2026-09-09 18:00:00","2026-09-10 09:00:00","CAPE","surface",-67.7243,19.0708,2767
"2026-09-09 18:00:00","2026-09-10 09:00:00","CAPE","surface",-67.7004,19.0708,2831
"2026-09-09 18:00:00","2026-09-10 09:00:00","CAPE","surface",-67.6765,19.0708,2942
"2026-09-09 18:00:00","2026-09-10 09:00:00","CAPE","surface",-67.6526,19.0708,2973
"2026-09-09 18:00:00","2026-09-10 09:00:00","CAPE","surface",-67.6286,19.0708,3133
"2026-09-09 18:00:00","2026-09-10 09:00:00","CAPE","surface",-67.6047,19.0708,3139
"2026-09-09 18:00:00","2026-09-10 09:00:00","CAPE","surface",-67.5808,19.0708,3259
"2026-09-09 18:00:00","2026-09-10 09:00:00","CAPE","surface",-67.5569,19.0708,3238
"2026-09-09 18:00:00","2026-09-10 09:00:00","CAPE","surface",-67.5329,19.0708,3094
"2026-09-09 18:00:00","2026-09-10 09:00:00","CAPE","surface",-67.509,19.0708,2886
"2026-09-09 18:00:00","2026-09-10 09:00:00","CAPE","surface",-67.4851,19.0708,2934
"2026-09-09 18:00:00","2026-09-10 09:00:00","CAPE","surface",-67.4612,19.0708,2808
"2026-09-09 18:00:00","2026-09-10 09:00:00","CAPE","surface",-67.4372,19.0708,2769
"2026-09-09 18:00:00","2026-09-10 09:00:00","CAPE","surface",-67.4133,19.0708,2734
"2026-09-09 18:00:00","2026-09-10 09:00:00","CAPE","surface",-67.3894,19.0708,2734
"2026-09-09 18:00:00","2026-09-10 09:00:00","CAPE","surface",-67.3655,19.0708,2816
"2026-09-09 18:00:00","2026-09-10 09:00:00","CAPE","surface",-67.3415,19.0708,2972
"2026-09-09 18:00:00","2026-09-10 09:00:00","CAPE","surface",-67.3176,19.0708,3148
"2026-09-09 18:00:00","2026-09-10 09:00:00","CAPE","surface",-67.2937,19.0708,3176
"2026-09-09 18:00:00","2026-09-10 09:00:00","CAPE","surface",-67.2698,19.0708,3229
"2026-09-09 18:00:00","2026-09-10 09:00:00","CAPE","surface",-67.2458,19.0708,3292
"2026-09-09 18:00:00","2026-09-10 09:00:00","CAPE","surface",-67.2219,19.0708,3245
"2026-09-09 18:00:00","2026-09-10 09:00:00","CAPE","surface",-67.198,19.0708,3304
"2026-09-09 18:00:00","2026-09-10 09:00:00","CAPE","surface",-67.1741,19.0708,3160
"2026-09-09 18:00:00","2026-09-10 09:00:00","CAPE","surface",-67.1501,19.0708,2984
"2026-09-09 18:00:00","2026-09-10 09:00:00","CAPE","surface",-67.1262,19.0708,2734
"2026-09-09 18:00:00","2026-09-10 09:00:00","CAPE","surface",-67.1023,19.0708,2734
"2026-09-09 18:00:00","2026-09-10 09:00:00","CAPE","surface",-67.0784,19.0708,2682
"2026-09-09 18:00:00","2026-09-10 09:00:00","CAPE","surface",-67.0544,19.0708,2671
"2026-09-09 18:00:00","2026-09-10 09:00:00","CAPE","surface",-67.0305,19.0708,2714
"2026-09-09 18:00:00","2026-09-10 09:00:00","CAPE","surface",-67.0066,19.0708,2714
"2026-09-09 18:00:00","2026-09-10 09:00:00","CAPE","surface",-74.7822,19.0934,2267
"2026-09-09 18:00:00","2026-09-10 09:00:00","CAPE","surface",-74.7583,19.0934,2272
"2026-09-09 18:00:00","2026-09-10 09:00:00","CAPE","surface",-74.7344,19.0934,2272
"2026-09-09 18:00:00","2026-09-10 09:00:00","CAPE","surface",-74.7105,19.0934,2188
"2026-09-09 18:00:00","2026-09-10 09:00:00","CAPE","surface",-74.6865,19.0934,2160
"2026-09-09 18:00:00","2026-09-10 09:00:00","CAPE","surface",-74.6626,19.0934,2052
"2026-09-09 18:00:00","2026-09-10 09:00:00","CAPE","surface",-74.6387,19.0934,2041
"2026-09-09 18:00:00","2026-09-10 09:00:00","CAPE","surface",-74.6148,19.0934,2027
"2026-09-09 18:00:00","2026-09-10 09:00:00","CAPE","surface",-74.5908,19.0934,2027
"2026-09-09 18:00:00","2026-09-10 09:00:00","CAPE","surface",-74.5669,19.0934,2018
"2026-09-09 18:00:00","2026-09-10 09:00:00","CAPE","surface",-74.543,19.0934,2030
"2026-09-09 18:00:00","2026-09-10 09:00:00","CAPE","surface",-74.5191,19.0934,2030
"2026-09-09 18:00:00","2026-09-10 09:00:00","CAPE","surface",-74.4951,19.0934,2042
"2026-09-09 18:00:00","2026-09-10 09:00:00","CAPE","surface",-74.4712,19.0934,2096
"2026-09-09 18:00:00","2026-09-10 09:00:00","CAPE","surface",-74.4473,19.0934,2092
"2026-09-09 18:00:00","2026-09-10 09:00:00","CAPE","surface",-74.4234,19.0934,2153
"2026-09-09 18:00:00","2026-09-10 09:00:00","CAPE","surface",-74.3994,19.0934,2131
"2026-09-09 18:00:00","2026-09-10 09:00:00","CAPE","surface",-74.3755,19.0934,2159
"2026-09-09 18:00:00","2026-09-10 09:00:00","CAPE","surface",-74.3516,19.0934,2127
"2026-09-09 18:00:00","2026-09-10 09:00:00","CAPE","surface",-74.3277,19.0934,2223
"2026-09-09 18:00:00","2026-09-10 09:00:00","CAPE","surface",-74.3037,19.0934,2190
"2026-09-09 18:00:00","2026-09-10 09:00:00","CAPE","surface",-74.2798,19.0934,2267
"2026-09-09 18:00:00","2026-09-10 09:00:00","CAPE","surface",-74.2559,19.0934,2217
"2026-09-09 18:00:00","2026-09-10 09:00:00","CAPE","surface",-74.232,19.0934,2260
"2026-09-09 18:00:00","2026-09-10 09:00:00","CAPE","surface",-74.208,19.0934,2185
"2026-09-09 18:00:00","2026-09-10 09:00:00","CAPE","surface",-74.1841,19.0934,2257
"2026-09-09 18:00:00","2026-09-10 09:00:00","CAPE","surface",-74.1602,19.0934,2205
"2026-09-09 18:00:00","2026-09-10 09:00:00","CAPE","surface",-74.1363,19.0934,2212
"2026-09-09 18:00:00","2026-09-10 09:00:00","CAPE","surface",-74.1123,19.0934,2159
"2026-09-09 18:00:00","2026-09-10 09:00:00","CAPE","surface",-74.0884,19.0934,2188
"2026-09-09 18:00:00","2026-09-10 09:00:00","CAPE","surface",-74.0645,19.0934,2188
"2026-09-09 18:00:00","2026-09-10 09:00:00","CAPE","surface",-74.0406,19.0934,2175
"2026-09-09 18:00:00","2026-09-10 09:00:00","CAPE","surface",-74.0166,19.0934,2124
"2026-09-09 18:00:00","2026-09-10 09:00:00","CAPE","surface",-73.9927,19.0934,2181
"2026-09-09 18:00:00","2026-09-10 09:00:00","CAPE","surface",-73.9688,19.0934,2280
"2026-09-09 18:00:00","2026-09-10 09:00:00","CAPE","surface",-73.9449,19.0934,2207
"2026-09-09 18:00:00","2026-09-10 09:00:00","CAPE","surface",-73.9209,19.0934,2323
"2026-09-09 18:00:00","2026-09-10 09:00:00","CAPE","surface",-73.897,19.0934,2273
"2026-09-09 18:00:00","2026-09-10 09:00:00","CAPE","surface",-73.8731,19.0934,2310
"2026-09-09 18:00:00","2026-09-10 09:00:00","CAPE","surface",-73.8492,19.0934,2272
"2026-09-09 18:00:00","2026-09-10 09:00:00","CAPE","surface",-73.8252,19.0934,2322
"2026-09-09 18:00:00","2026-09-10 09:00:00","CAPE","surface",-73.8013,19.0934,2322
"2026-09-09 18:00:00","2026-09-10 09:00:00","CAPE","surface",-73.7774,19.0934,2335
"2026-09-09 18:00:00","2026-09-10 09:00:00","CAPE","surface",-73.7535,19.0934,2313
"2026-09-09 18:00:00","2026-09-10 09:00:00","CAPE","surface",-73.7295,19.0934,2353
"2026-09-09 18:00:00","2026-09-10 09:00:00","CAPE","surface",-73.7056,19.0934,2341
"2026-09-09 18:00:00","2026-09-10 09:00:00","CAPE","surface",-73.6817,19.0934,2311
"2026-09-09 18:00:00","2026-09-10 09:00:00","CAPE","surface",-73.6578,19.0934,2311
"2026-09-09 18:00:00","2026-09-10 09:00:00","CAPE","surface",-73.6338,19.0934,2251
"2026-09-09 18:00:00","2026-09-10 09:00:00","CAPE","surface",-73.6099,19.0934,2264
"2026-09-09 18:00:00","2026-09-10 09:00:00","CAPE","surface",-73.586,19.0934,2278
"2026-09-09 18:00:00","2026-09-10 09:00:00","CAPE","surface",-73.5621,19.0934,2282
"2026-09-09 18:00:00","2026-09-10 09:00:00","CAPE","surface",-73.5381,19.0934,2024
"2026-09-09 18:00:00","2026-09-10 09:00:00","CAPE","surface",-73.5142,19.0934,2041
"2026-09-09 18:00:00","2026-09-10 09:00:00","CAPE","surface",-73.4903,19.0934,1742
"2026-09-09 18:00:00","2026-09-10 09:00:00","CAPE","surface",-73.4664,19.0934,1724
"2026-09-09 18:00:00","2026-09-10 09:00:00","CAPE","surface",-73.4424,19.0934,1862
"2026-09-09 18:00:00","2026-09-10 09:00:00","CAPE","surface",-73.4185,19.0934,1862
"2026-09-09 18:00:00","2026-09-10 09:00:00","CAPE","surface",-73.3946,19.0934,2201
"2026-09-09 18:00:00","2026-09-10 09:00:00","CAPE","surface",-73.3707,19.0934,2230
"2026-09-09 18:00:00","2026-09-10 09:00:00","CAPE","surface",-73.3467,19.0934,2244
"2026-09-09 18:00:00","2026-09-10 09:00:00","CAPE","surface",-73.3228,19.0934,2216
"2026-09-09 18:00:00","2026-09-10 09:00:00","CAPE","surface",-73.2989,19.0934,1992
"2026-09-09 18:00:00","2026-09-10 09:00:00","CAPE","surface",-73.275,19.0934,1992
"2026-09-09 18:00:00","2026-09-10 09:00:00","CAPE","surface",-73.251,19.0934,1762
"2026-09-09 18:00:00","2026-09-10 09:00:00","CAPE","surface",-73.2271,19.0934,1652
"2026-09-09 18:00:00","2026-09-10 09:00:00","CAPE","surface",-73.2032,19.0934,1697
"2026-09-09 18:00:00","2026-09-10 09:00:00","CAPE","surface",-73.1793,19.0934,1710
"2026-09-09 18:00:00","2026-09-10 09:00:00","CAPE","surface",-73.1553,19.0934,1710
"2026-09-09 18:00:00","2026-09-10 09:00:00","CAPE","surface",-73.1314,19.0934,1946
"2026-09-09 18:00:00","2026-09-10 09:00:00","CAPE","surface",-73.1075,19.0934,1894
"2026-09-09 18:00:00","2026-09-10 09:00:00","CAPE","surface",-73.0836,19.0934,2027
"2026-09-09 18:00:00","2026-09-10 09:00:00","CAPE","surface",-73.0596,19.0934,1955
"2026-09-09 18:00:00","2026-09-10 09:00:00","CAPE","surface",-73.0357,19.0934,1955
"2026-09-09 18:00:00","2026-09-10 09:00:00","CAPE","surface",-73.0118,19.0934,1920
"2026-09-09 18:00:00","2026-09-10 09:00:00","CAPE","surface",-72.9879,19.0934,1837
"2026-09-09 18:00:00","2026-09-10 09:00:00","CAPE","surface",-72.9639,19.0934,1804
"2026-09-09 18:00:00","2026-09-10 09:00:00","CAPE","surface",-72.94,19.0934,1714
"2026-09-09 18:00:00","2026-09-10 09:00:00","CAPE","surface",-72.9161,19.0934,1714
"2026-09-09 18:00:00","2026-09-10 09:00:00","CAPE","surface",-72.8922,19.0934,1683
"2026-09-09 18:00:00","2026-09-10 09:00:00","CAPE","surface",-72.8682,19.0934,1613
"2026-09-09 18:00:00","2026-09-10 09:00:00","CAPE","surface",-72.8443,19.0934,1452
"2026-09-09 18:00:00","2026-09-10 09:00:00","CAPE","surface",-72.8204,19.0934,1450
"2026-09-09 18:00:00","2026-09-10 09:00:00","CAPE","surface",-72.7965,19.0934,1382
"2026-09-09 18:00:00","2026-09-10 09:00:00","CAPE","surface",-72.7725,19.0934,1382
"2026-09-09 18:00:00","2026-09-10 09:00:00","CAPE","surface",-72.7486,19.0934,1345
"2026-09-09 18:00:00","2026-09-10 09:00:00","CAPE","surface",-72.7247,19.0934,1309
"2026-09-09 18:00:00","2026-09-10 09:00:00","CAPE","surface",-72.7008,19.0934,1103
"2026-09-09 18:00:00","2026-09-10 09:00:00","CAPE","surface",-72.6768,19.0934,586
"2026-09-09 18:00:00","2026-09-10 09:00:00","CAPE","surface",-72.6529,19.0934,611
"2026-09-09 18:00:00","2026-09-10 09:00:00","CAPE","surface",-72.629,19.0934,702
"2026-09-09 18:00:00","2026-09-10 09:00:00","CAPE","surface",-72.6051,19.0934,496
"2026-09-09 18:00:00","2026-09-10 09:00:00","CAPE","surface",-72.5811,19.0934,739
"2026-09-09 18:00:00","2026-09-10 09:00:00","CAPE","surface",-72.5572,19.0934,616
"2026-09-09 18:00:00","2026-09-10 09:00:00","CAPE","surface",-72.5333,19.0934,913
"2026-09-09 18:00:00","2026-09-10 09:00:00","CAPE","surface",-72.5094,19.0934,889
"2026-09-09 18:00:00","2026-09-10 09:00:00","CAPE","surface",-72.4854,19.0934,1184
"2026-09-09 18:00:00","2026-09-10 09:00:00","CAPE","surface",-72.4615,19.0934,1099
"2026-09-09 18:00:00","2026-09-10 09:00:00","CAPE","surface",-72.4376,19.0934,933
"2026-09-09 18:00:00","2026-09-10 09:00:00","CAPE","surface",-72.4137,19.0934,933
"2026-09-09 18:00:00","2026-09-10 09:00:00","CAPE","surface",-72.3897,19.0934,886
"2026-09-09 18:00:00","2026-09-10 09:00:00","CAPE","surface",-72.3658,19.0934,730
"2026-09-09 18:00:00","2026-09-10 09:00:00","CAPE","surface",-72.3419,19.0934,310
"2026-09-09 18:00:00","2026-09-10 09:00:00","CAPE","surface",-72.318,19.0934,297
"2026-09-09 18:00:00","2026-09-10 09:00:00","CAPE","surface",-72.294,19.0934,301
"2026-09-09 18:00:00","2026-09-10 09:00:00","CAPE","surface",-72.2701,19.0934,281
"2026-09-09 18:00:00","2026-09-10 09:00:00","CAPE","surface",-72.2462,19.0934,299
"2026-09-09 18:00:00","2026-09-10 09:00:00","CAPE","surface",-72.2223,19.0934,311
"2026-09-09 18:00:00","2026-09-10 09:00:00","CAPE","surface",-72.1983,19.0934,391
"2026-09-09 18:00:00","2026-09-10 09:00:00","CAPE","surface",-72.1744,19.0934,554
"2026-09-09 18:00:00","2026-09-10 09:00:00","CAPE","surface",-72.1505,19.0934,541
"2026-09-09 18:00:00","2026-09-10 09:00:00","CAPE","surface",-72.1266,19.0934,870
"2026-09-09 18:00:00","2026-09-10 09:00:00","CAPE","surface",-72.1026,19.0934,722
"2026-09-09 18:00:00","2026-09-10 09:00:00","CAPE","surface",-72.0787,19.0934,751
"2026-09-09 18:00:00","2026-09-10 09:00:00","CAPE","surface",-72.0548,19.0934,751
"2026-09-09 18:00:00","2026-09-10 09:00:00","CAPE","surface",-72.0309,19.0934,769
"2026-09-09 18:00:00","2026-09-10 09:00:00","CAPE","surface",-72.0069,19.0934,756
"2026-09-09 18:00:00","2026-09-10 09:00:00","CAPE","surface",-71.983,19.0934,862
"2026-09-09 18:00:00","2026-09-10 09:00:00","CAPE","surface",-71.9591,19.0934,819
"2026-09-09 18:00:00","2026-09-10 09:00:00","CAPE","surface",-71.9352,19.0934,945
"2026-09-09 18:00:00","2026-09-10 09:00:00","CAPE","surface",-71.9112,19.0934,959
"2026-09-09 18:00:00","2026-09-10 09:00:00","CAPE","surface",-71.8873,19.0934,840
"2026-09-09 18:00:00","2026-09-10 09:00:00","CAPE","surface",-71.8634,19.0934,839
"2026-09-09 18:00:00","2026-09-10 09:00:00","CAPE","surface",-71.8395,19.0934,522
"2026-09-09 18:00:00","2026-09-10 09:00:00","CAPE","surface",-71.8155,19.0934,522
"2026-09-09 18:00:00","2026-09-10 09:00:00","CAPE","surface",-71.7916,19.0934,446
"2026-09-09 18:00:00","2026-09-10 09:00:00","CAPE","surface",-71.7677,19.0934,526
"2026-09-09 18:00:00","2026-09-10 09:00:00","CAPE","surface",-71.7438,19.0934,467
"2026-09-09 18:00:00","2026-09-10 09:00:00","CAPE","surface",-71.7198,19.0934,524
"2026-09-09 18:00:00","2026-09-10 09:00:00","CAPE","surface",-71.6959,19.0934,524
"2026-09-09 18:00:00","2026-09-10 09:00:00","CAPE","surface",-71.672,19.0934,526
"2026-09-09 18:00:00","2026-09-10 09:00:00","CAPE","surface",-71.6481,19.0934,351
"2026-09-09 18:00:00","2026-09-10 09:00:00","CAPE","surface",-71.6241,19.0934,320
"2026-09-09 18:00:00","2026-09-10 09:00:00","CAPE","surface",-71.6002,19.0934,382
"2026-09-09 18:00:00","2026-09-10 09:00:00","CAPE","surface",-71.5763,19.0934,287
"2026-09-09 18:00:00","2026-09-10 09:00:00","CAPE","surface",-71.5524,19.0934,333
"2026-09-09 18:00:00","2026-09-10 09:00:00","CAPE","surface",-71.5284,19.0934,543
"2026-09-09 18:00:00","2026-09-10 09:00:00","CAPE","surface",-71.5045,19.0934,612
"2026-09-09 18:00:00","2026-09-10 09:00:00","CAPE","surface",-71.4806,19.0934,642
"2026-09-09 18:00:00","2026-09-10 09:00:00","CAPE","surface",-71.4567,19.0934,642
"2026-09-09 18:00:00","2026-09-10 09:00:00","CAPE","surface",-71.4327,19.0934,547
"2026-09-09 18:00:00","2026-09-10 09:00:00","CAPE","surface",-71.4088,19.0934,548
"2026-09-09 18:00:00","2026-09-10 09:00:00","CAPE","surface",-71.3849,19.0934,532
"2026-09-09 18:00:00","2026-09-10 09:00:00","CAPE","surface",-71.361,19.0934,373
"2026-09-09 18:00:00","2026-09-10 09:00:00","CAPE","surface",-71.337,19.0934,209
"2026-09-09 18:00:00","2026-09-10 09:00:00","CAPE","surface",-71.3131,19.0934,9
"2026-09-09 18:00:00","2026-09-10 09:00:00","CAPE","surface",-71.2892,19.0934,0
"2026-09-09 18:00:00","2026-09-10 09:00:00","CAPE","surface",-71.2653,19.0934,0
"2026-09-09 18:00:00","2026-09-10 09:00:00","CAPE","surface",-71.2413,19.0934,0
"2026-09-09 18:00:00","2026-09-10 09:00:00","CAPE","surface",-71.2174,19.0934,0
"2026-09-09 18:00:00","2026-09-10 09:00:00","CAPE","surface",-71.1935,19.0934,0
"2026-09-09 18:00:00","2026-09-10 09:00:00","CAPE","surface",-71.1696,19.0934,0
"2026-09-09 18:00:00","2026-09-10 09:00:00","CAPE","surface",-71.1456,19.0934,0
"2026-09-09 18:00:00","2026-09-10 09:00:00","CAPE","surface",-71.1217,19.0934,0
"2026-09-09 18:00:00","2026-09-10 09:00:00","CAPE","surface",-71.0978,19.0934,0
"2026-09-09 18:00:00","2026-09-10 09:00:00","CAPE","surface",-71.0739,19.0934,0
"2026-09-09 18:00:00","2026-09-10 09:00:00","CAPE","surface",-71.0499,19.0934,0
"2026-09-09 18:00:00","2026-09-10 09:00:00","CAPE","surface",-71.026,19.0934,0
"2026-09-09 18:00:00","2026-09-10 09:00:00","CAPE","surface",-71.0021,19.0934,0
"2026-09-09 18:00:00","2026-09-10 09:00:00","CAPE","surface",-70.9782,19.0934,0
"2026-09-09 18:00:00","2026-09-10 09:00:00","CAPE","surface",-70.9542,19.0934,9
"2026-09-09 18:00:00","2026-09-10 09:00:00","CAPE","surface",-70.9303,19.0934,17
"2026-09-09 18:00:00","2026-09-10 09:00:00","CAPE","surface",-70.9064,19.0934,73
"2026-09-09 18:00:00","2026-09-10 09:00:00","CAPE","surface",-70.8825,19.0934,73
"2026-09-09 18:00:00","2026-09-10 09:00:00","CAPE","surface",-70.8585,19.0934,192
"2026-09-09 18:00:00","2026-09-10 09:00:00","CAPE","surface",-70.8346,19.0934,257
"2026-09-09 18:00:00","2026-09-10 09:00:00","CAPE","surface",-70.8107,19.0934,417
"2026-09-09 18:00:00","2026-09-10 09:00:00","CAPE","surface",-70.7868,19.0934,417
"2026-09-09 18:00:00","2026-09-10 09:00:00","CAPE","surface",-70.7628,19.0934,449
"2026-09-09 18:00:00","2026-09-10 09:00:00","CAPE","surface",-70.7389,19.0934,544
"2026-09-09 18:00:00","2026-09-10 09:00:00","CAPE","surface",-70.715,19.0934,463
"2026-09-09 18:00:00","2026-09-10 09:00:00","CAPE","surface",-70.6911,19.0934,468
"2026-09-09 18:00:00","2026-09-10 09:00:00","CAPE","surface",-70.6671,19.0934,468
"2026-09-09 18:00:00","2026-09-10 09:00:00","CAPE","surface",-70.6432,19.0934,525
"2026-09-09 18:00:00","2026-09-10 09:00:00","CAPE","surface",-70.6193,19.0934,507
"2026-09-09 18:00:00","2026-09-10 09:00:00","CAPE","surface",-70.5954,19.0934,464
"2026-09-09 18:00:00","2026-09-10 09:00:00","CAPE","surface",-70.5714,19.0934,461
"2026-09-09 18:00:00","2026-09-10 09:00:00","CAPE","surface",-70.5475,19.0934,492
"2026-09-09 18:00:00","2026-09-10 09:00:00","CAPE","surface",-70.5236,19.0934,482
"2026-09-09 18:00:00","2026-09-10 09:00:00","CAPE","surface",-70.4997,19.0934,646
"2026-09-09 18:00:00","2026-09-10 09:00:00","CAPE","surface",-70.4757,19.0934,816
"2026-09-09 18:00:00","2026-09-10 09:00:00","CAPE","surface",-70.4518,19.0934,816
"2026-09-09 18:00:00","2026-09-10 09:00:00","CAPE","surface",-70.4279,19.0934,839
"2026-09-09 18:00:00","2026-09-10 09:00:00","CAPE","surface",-70.404,19.0934,808
"2026-09-09 18:00:00","2026-09-10 09:00:00","CAPE","surface",-70.38,19.0934,908
"2026-09-09 18:00:00","2026-09-10 09:00:00","CAPE","surface",-70.3561,19.0934,972
"2026-09-09 18:00:00","2026-09-10 09:00:00","CAPE","surface",-70.3322,19.0934,1014
"2026-09-09 18:00:00","2026-09-10 09:00:00","CAPE","surface",-70.3083,19.0934,1001
"2026-09-09 18:00:00","2026-09-10 09:00:00","CAPE","surface",-70.2843,19.0934,1015
"2026-09-09 18:00:00","2026-09-10 09:00:00","CAPE","surface",-70.2604,19.0934,1069
"2026-09-09 18:00:00","2026-09-10 09:00:00","CAPE","surface",-70.2365,19.0934,1068
"2026-09-09 18:00:00","2026-09-10 09:00:00","CAPE","surface",-70.2126,19.0934,1072
"2026-09-09 18:00:00","2026-09-10 09:00:00","CAPE","surface",-70.1886,19.0934,1239
"2026-09-09 18:00:00","2026-09-10 09:00:00","CAPE","surface",-70.1647,19.0934,1235
"2026-09-09 18:00:00","2026-09-10 09:00:00","CAPE","surface",-70.1408,19.0934,1158
"2026-09-09 18:00:00","2026-09-10 09:00:00","CAPE","surface",-70.1169,19.0934,1296
"2026-09-09 18:00:00","2026-09-10 09:00:00","CAPE","surface",-70.0929,19.0934,1281
"2026-09-09 18:00:00","2026-09-10 09:00:00","CAPE","surface",-70.069,19.0934,1518
"2026-09-09 18:00:00","2026-09-10 09:00:00","CAPE","surface",-70.0451,19.0934,1439
"2026-09-09 18:00:00","2026-09-10 09:00:00","CAPE","surface",-70.0212,19.0934,1652
"2026-09-09 18:00:00","2026-09-10 09:00:00","CAPE","surface",-69.9972,19.0934,1521
"2026-09-09 18:00:00","2026-09-10 09:00:00","CAPE","surface",-69.9733,19.0934,1670
"2026-09-09 18:00:00","2026-09-10 09:00:00","CAPE","surface",-69.9494,19.0934,1641
"2026-09-09 18:00:00","2026-09-10 09:00:00","CAPE","surface",-69.9255,19.0934,2077
"2026-09-09 18:00:00","2026-09-10 09:00:00","CAPE","surface",-69.9015,19.0934,2068
"2026-09-09 18:00:00","2026-09-10 09:00:00","CAPE","surface",-69.8776,19.0934,2094
"2026-09-09 18:00:00","2026-09-10 09:00:00","CAPE","surface",-69.8537,19.0934,2130
"2026-09-09 18:00:00","2026-09-10 09:00:00","CAPE","surface",-69.8298,19.0934,2224
"2026-09-09 18:00:00","2026-09-10 09:00:00","CAPE","surface",-69.8058,19.0934,2232
"2026-09-09 18:00:00","2026-09-10 09:00:00","CAPE","surface",-69.7819,19.0934,2320
"2026-09-09 18:00:00","2026-09-10 09:00:00","CAPE","surface",-69.758,19.0934,2382
"2026-09-09 18:00:00","2026-09-10 09:00:00","CAPE","surface",-69.7341,19.0934,2407
"2026-09-09 18:00:00","2026-09-10 09:00:00","CAPE","surface",-69.7101,19.0934,2498
"2026-09-09 18:00:00","2026-09-10 09:00:00","CAPE","surface",-69.6862,19.0934,2372
"2026-09-09 18:00:00","2026-09-10 09:00:00","CAPE","surface",-69.6623,19.0934,2205
"2026-09-09 18:00:00","2026-09-10 09:00:00","CAPE","surface",-69.6384,19.0934,1786
"2026-09-09 18:00:00","2026-09-10 09:00:00","CAPE","surface",-69.6144,19.0934,1684
"2026-09-09 18:00:00","2026-09-10 09:00:00","CAPE","surface",-69.5905,19.0934,1897
"2026-09-09 18:00:00","2026-09-10 09:00:00","CAPE","surface",-69.5666,19.0934,1803
"2026-09-09 18:00:00","2026-09-10 09:00:00","CAPE","surface",-69.5427,19.0934,2084
"2026-09-09 18:00:00","2026-09-10 09:00:00","CAPE","surface",-69.5187,19.0934,2050
"2026-09-09 18:00:00","2026-09-10 09:00:00","CAPE","surface",-69.4948,19.0934,2257
"2026-09-09 18:00:00","2026-09-10 09:00:00","CAPE","surface",-69.4709,19.0934,2257
"2026-09-09 18:00:00","2026-09-10 09:00:00","CAPE","surface",-69.447,19.0934,2156
"2026-09-09 18:00:00","2026-09-10 09:00:00","CAPE","surface",-69.423,19.0934,2192
"2026-09-09 18:00:00","2026-09-10 09:00:00","CAPE","surface",-69.3991,19.0934,2407
"2026-09-09 18:00:00","2026-09-10 09:00:00","CAPE","surface",-69.3752,19.0934,2884
"2026-09-09 18:00:00","2026-09-10 09:00:00","CAPE","surface",-69.3513,19.0934,3021
"2026-09-09 18:00:00","2026-09-10 09:00:00","CAPE","surface",-69.3273,19.0934,3238
"2026-09-09 18:00:00","2026-09-10 09:00:00","CAPE","surface",-69.3034,19.0934,3199
"2026-09-09 18:00:00","2026-09-10 09:00:00","CAPE","surface",-69.2795,19.0934,3328
"2026-09-09 18:00:00","2026-09-10 09:00:00","CAPE","surface",-69.2556,19.0934,3328
"2026-09-09 18:00:00","2026-09-10 09:00:00","CAPE","surface",-69.2316,19.0934,3259
"2026-09-09 18:00:00","2026-09-10 09:00:00","CAPE","surface",-69.2077,19.0934,3059
"2026-09-09 18:00:00","2026-09-10 09:00:00","CAPE","surface",-69.1838,19.0934,3017
"2026-09-09 18:00:00","2026-09-10 09:00:00","CAPE","surface",-69.1599,19.0934,2869
"2026-09-09 18:00:00","2026-09-10 09:00:00","CAPE","surface",-69.1359,19.0934,2855
"2026-09-09 18:00:00","2026-09-10 09:00:00","CAPE","surface",-69.112,19.0934,2971
"2026-09-09 18:00:00","2026-09-10 09:00:00","CAPE","surface",-69.0881,19.0934,3145
"2026-09-09 18:00:00","2026-09-10 09:00:00","CAPE","surface",-69.0642,19.0934,3268
"2026-09-09 18:00:00","2026-09-10 09:00:00","CAPE","surface",-69.0402,19.0934,3369
"2026-09-09 18:00:00","2026-09-10 09:00:00","CAPE","surface",-69.0163,19.0934,3157
"2026-09-09 18:00:00","2026-09-10 09:00:00","CAPE","surface",-68.9924,19.0934,2924
"2026-09-09 18:00:00","2026-09-10 09:00:00","CAPE","surface",-68.9685,19.0934,2388
"2026-09-09 18:00:00","2026-09-10 09:00:00","CAPE","surface",-68.9445,19.0934,2276
"2026-09-09 18:00:00","2026-09-10 09:00:00","CAPE","surface",-68.9206,19.0934,2019
"2026-09-09 18:00:00","2026-09-10 09:00:00","CAPE","surface",-68.8967,19.0934,1588
"2026-09-09 18:00:00","2026-09-10 09:00:00","CAPE","surface",-68.8728,19.0934,1193
"2026-09-09 18:00:00","2026-09-10 09:00:00","CAPE","surface",-68.8488,19.0934,1009
"2026-09-09 18:00:00","2026-09-10 09:00:00","CAPE","surface",-68.8249,19.0934,912
"2026-09-09 18:00:00","2026-09-10 09:00:00","CAPE","surface",-68.801,19.0934,865
"2026-09-09 18:00:00","2026-09-10 09:00:00","CAPE","surface",-68.7771,19.0934,1113
"2026-09-09 18:00:00","2026-09-10 09:00:00","CAPE","surface",-68.7531,19.0934,1161
"2026-09-09 18:00:00","2026-09-10 09:00:00","CAPE","surface",-68.7292,19.0934,1312
"2026-09-09 18:00:00","2026-09-10 09:00:00","CAPE","surface",-68.7053,19.0934,1651
"2026-09-09 18:00:00","2026-09-10 09:00:00","CAPE","surface",-68.6813,19.0934,1520
"2026-09-09 18:00:00","2026-09-10 09:00:00","CAPE","surface",-68.6574,19.0934,1625
"2026-09-09 18:00:00","2026-09-10 09:00:00","CAPE","surface",-68.6335,19.0934,1634
"2026-09-09 18:00:00","2026-09-10 09:00:00","CAPE","surface",-68.6096,19.0934,1766
"2026-09-09 18:00:00","2026-09-10 09:00:00","CAPE","surface",-68.5856,19.0934,1958
"2026-09-09 18:00:00","2026-09-10 09:00:00","CAPE","surface",-68.5617,19.0934,2031
"2026-09-09 18:00:00","2026-09-10 09:00:00","CAPE","surface",-68.5378,19.0934,2055
"2026-09-09 18:00:00","2026-09-10 09:00:00","CAPE","surface",-68.5139,19.0934,2072
"2026-09-09 18:00:00","2026-09-10 09:00:00","CAPE","surface",-68.4899,19.0934,2051
"2026-09-09 18:00:00","2026-09-10 09:00:00","CAPE","surface",-68.466,19.0934,2110
"2026-09-09 18:00:00","2026-09-10 09:00:00","CAPE","surface",-68.4421,19.0934,2110
"2026-09-09 18:00:00","2026-09-10 09:00:00","CAPE","surface",-68.4182,19.0934,2380
"2026-09-09 18:00:00","2026-09-10 09:00:00","CAPE","surface",-68.3942,19.0934,2494
"2026-09-09 18:00:00","2026-09-10 09:00:00","CAPE","surface",-68.3703,19.0934,2832
"2026-09-09 18:00:00","2026-09-10 09:00:00","CAPE","surface",-68.3464,19.0934,2921
"2026-09-09 18:00:00","2026-09-10 09:00:00","CAPE","surface",-68.3225,19.0934,2937
"2026-09-09 18:00:00","2026-09-10 09:00:00","CAPE","surface",-68.2985,19.0934,2976
"2026-09-09 18:00:00","2026-09-10 09:00:00","CAPE","surface",-68.2746,19.0934,3001
"2026-09-09 18:00:00","2026-09-10 09:00:00","CAPE","surface",-68.2507,19.0934,3083
"2026-09-09 18:00:00","2026-09-10 09:00:00","CAPE","surface",-68.2268,19.0934,3083
"2026-09-09 18:00:00","2026-09-10 09:00:00","CAPE","surface",-68.2028,19.0934,3022
"2026-09-09 18:00:00","2026-09-10 09:00:00","CAPE","surface",-68.1789,19.0934,2846
"2026-09-09 18:00:00","2026-09-10 09:00:00","CAPE","surface",-68.155,19.0934,2676
"2026-09-09 18:00:00","2026-09-10 09:00:00","CAPE","surface",-68.1311,19.0934,2689
"2026-09-09 18:00:00","2026-09-10 09:00:00","CAPE","surface",-68.1071,19.0934,2734
"2026-09-09 18:00:00","2026-09-10 09:00:00","CAPE","surface",-68.0832,19.0934,2910
"2026-09-09 18:00:00","2026-09-10 09:00:00","CAPE","surface",-68.0593,19.0934,3043
"2026-09-09 18:00:00","2026-09-10 09:00:00","CAPE","surface",-68.0354,19.0934,3005
"2026-09-09 18:00:00","2026-09-10 09:00:00","CAPE","surface",-68.0114,19.0934,3099
"2026-09-09 18:00:00","2026-09-10 09:00:00","CAPE","surface",-67.9875,19.0934,3044
"2026-09-09 18:00:00","2026-09-10 09:00:00","CAPE","surface",-67.9636,19.0934,3071
"2026-09-09 18:00:00","2026-09-10 09:00:00","CAPE","surface",-67.9397,19.0934,3005
"2026-09-09 18:00:00","2026-09-10 09:00:00","CAPE","surface",-67.9157,19.0934,3001
"2026-09-09 18:00:00","2026-09-10 09:00:00","CAPE","surface",-67.8918,19.0934,2976
"2026-09-09 18:00:00","2026-09-10 09:00:00","CAPE","surface",-67.8679,19.0934,2936
"2026-09-09 18:00:00","2026-09-10 09:00:00","CAPE","surface",-67.844,19.0934,2936
"2026-09-09 18:00:00","2026-09-10 09:00:00","CAPE","surface",-67.82,19.0934,2895
"2026-09-09 18:00:00","2026-09-10 09:00:00","CAPE","surface",-67.7961,19.0934,2759
"2026-09-09 18:00:00","2026-09-10 09:00:00","CAPE","surface",-67.7722,19.0934,2774
"2026-09-09 18:00:00","2026-09-10 09:00:00","CAPE","surface",-67.7483,19.0934,2871
"2026-09-09 18:00:00","2026-09-10 09:00:00","CAPE","surface",-67.7243,19.0934,2849
"2026-09-09 18:00:00","2026-09-10 09:00:00","CAPE","surface",-67.7004,19.0934,2939
"2026-09-09 18:00:00","2026-09-10 09:00:00","CAPE","surface",-67.6765,19.0934,2942
"2026-09-09 18:00:00","2026-09-10 09:00:00","CAPE","surface",-67.6526,19.0934,3084
"2026-09-09 18:00:00","2026-09-10 09:00:00","CAPE","surface",-67.6286,19.0934,3084
"2026-09-09 18:00:00","2026-09-10 09:00:00","CAPE","surface",-67.6047,19.0934,3238
"2026-09-09 18:00:00","2026-09-10 09:00:00","CAPE","surface",-67.5808,19.0934,3259
"2026-09-09 18:00:00","2026-09-10 09:00:00","CAPE","surface",-67.5569,19.0934,3295
"2026-09-09 18:00:00","2026-09-10 09:00:00","CAPE","surface",-67.5329,19.0934,3332
"2026-09-09 18:00:00","2026-09-10 09:00:00","CAPE","surface",-67.509,19.0934,3192
"2026-09-09 18:00:00","2026-09-10 09:00:00","CAPE","surface",-67.4851,19.0934,2972
"2026-09-09 18:00:00","2026-09-10 09:00:00","CAPE","surface",-67.4612,19.0934,2808
"2026-09-09 18:00:00","2026-09-10 09:00:00","CAPE","surface",-67.4372,19.0934,2812
"2026-09-09 18:00:00","2026-09-10 09:00:00","CAPE","surface",-67.4133,19.0934,2752
"2026-09-09 18:00:00","2026-09-10 09:00:00","CAPE","surface",-67.3894,19.0934,2743
"2026-09-09 18:00:00","2026-09-10 09:00:00","CAPE","surface",-67.3655,19.0934,2870
"2026-09-09 18:00:00","2026-09-10 09:00:00","CAPE","surface",-67.3415,19.0934,2870
"2026-09-09 18:00:00","2026-09-10 09:00:00","CAPE","surface",-67.3176,19.0934,3066
"2026-09-09 18:00:00","2026-09-10 09:00:00","CAPE","surface",-67.2937,19.0934,3176
"2026-09-09 18:00:00","2026-09-10 09:00:00","CAPE","surface",-67.2698,19.0934,3269
"2026-09-09 18:00:00","2026-09-10 09:00:00","CAPE","surface",-67.2458,19.0934,3269
"2026-09-09 18:00:00","2026-09-10 09:00:00","CAPE","surface",-67.2219,19.0934,3386
"2026-09-09 18:00:00","2026-09-10 09:00:00","CAPE","surface",-67.198,19.0934,3470
"2026-09-09 18:00:00","2026-09-10 09:00:00","CAPE","surface",-67.1741,19.0934,3269
"2026-09-09 18:00:00","2026-09-10 09:00:00","CAPE","surface",-67.1501,19.0934,3311
"2026-09-09 18:00:00","2026-09-10 09:00:00","CAPE","surface",-67.1262,19.0934,2925
"2026-09-09 18:00:00","2026-09-10 09:00:00","CAPE","surface",-67.1023,19.0934,2714
"2026-09-09 18:00:00","2026-09-10 09:00:00","CAPE","surface",-67.0784,19.0934,2682
"2026-09-09 18:00:00","2026-09-10 09:00:00","CAPE","surface",-67.0544,19.0934,2745
"2026-09-09 18:00:00","2026-09-10 09:00:00","CAPE","surface",-67.0305,19.0934,2887
"2026-09-09 18:00:00","2026-09-10 09:00:00","CAPE","surface",-67.0066,19.0934,2891
"2026-09-09 18:00:00","2026-09-10 09:00:00","CAPE","surface",-74.7822,19.116,2300
"2026-09-09 18:00:00","2026-09-10 09:00:00","CAPE","surface",-74.7583,19.116,2271
"2026-09-09 18:00:00","2026-09-10 09:00:00","CAPE","surface",-74.7344,19.116,2190
"2026-09-09 18:00:00","2026-09-10 09:00:00","CAPE","surface",-74.7105,19.116,2188
"2026-09-09 18:00:00","2026-09-10 09:00:00","CAPE","surface",-74.6865,19.116,2106
"2026-09-09 18:00:00","2026-09-10 09:00:00","CAPE","surface",-74.6626,19.116,2042
"2026-09-09 18:00:00","2026-09-10 09:00:00","CAPE","surface",-74.6387,19.116,2036
"2026-09-09 18:00:00","2026-09-10 09:00:00","CAPE","surface",-74.6148,19.116,2017
"2026-09-09 18:00:00","2026-09-10 09:00:00","CAPE","surface",-74.5908,19.116,2014
"2026-09-09 18:00:00","2026-09-10 09:00:00","CAPE","surface",-74.5669,19.116,2004
"2026-09-09 18:00:00","2026-09-10 09:00:00","CAPE","surface",-74.543,19.116,2004
"2026-09-09 18:00:00","2026-09-10 09:00:00","CAPE","surface",-74.5191,19.116,2093
"2026-09-09 18:00:00","2026-09-10 09:00:00","CAPE","surface",-74.4951,19.116,2098
"2026-09-09 18:00:00","2026-09-10 09:00:00","CAPE","surface",-74.4712,19.116,2197
"2026-09-09 18:00:00","2026-09-10 09:00:00","CAPE","surface",-74.4473,19.116,2180
"2026-09-09 18:00:00","2026-09-10 09:00:00","CAPE","surface",-74.4234,19.116,2242
"2026-09-09 18:00:00","2026-09-10 09:00:00","CAPE","surface",-74.3994,19.116,2242
"2026-09-09 18:00:00","2026-09-10 09:00:00","CAPE","surface",-74.3755,19.116,2297
"2026-09-09 18:00:00","2026-09-10 09:00:00","CAPE","surface",-74.3516,19.116,2255
"2026-09-09 18:00:00","2026-09-10 09:00:00","CAPE","surface",-74.3277,19.116,2351
"2026-09-09 18:00:00","2026-09-10 09:00:00","CAPE","surface",-74.3037,19.116,2312
"2026-09-09 18:00:00","2026-09-10 09:00:00","CAPE","surface",-74.2798,19.116,2425
"2026-09-09 18:00:00","2026-09-10 09:00:00","CAPE","surface",-74.2559,19.116,2370
"2026-09-09 18:00:00","2026-09-10 09:00:00","CAPE","surface",-74.232,19.116,2362
"2026-09-09 18:00:00","2026-09-10 09:00:00","CAPE","surface",-74.208,19.116,2303
"2026-09-09 18:00:00","2026-09-10 09:00:00","CAPE","surface",-74.1841,19.116,2290
"2026-09-09 18:00:00","2026-09-10 09:00:00","CAPE","surface",-74.1602,19.116,2262
"2026-09-09 18:00:00","2026-09-10 09:00:00","CAPE","surface",-74.1363,19.116,2269
"2026-09-09 18:00:00","2026-09-10 09:00:00","CAPE","surface",-74.1123,19.116,2238
"2026-09-09 18:00:00","2026-09-10 09:00:00","CAPE","surface",-74.0884,19.116,2212
"2026-09-09 18:00:00","2026-09-10 09:00:00","CAPE","surface",-74.0645,19.116,2194
"2026-09-09 18:00:00","2026-09-10 09:00:00","CAPE","surface",-74.0406,19.116,2277
"2026-09-09 18:00:00","2026-09-10 09:00:00","CAPE","surface",-74.0166,19.116,2234
"2026-09-09 18:00:00","2026-09-10 09:00:00","CAPE","surface",-73.9927,19.116,2374
"2026-09-09 18:00:00","2026-09-10 09:00:00","CAPE","surface",-73.9688,19.116,2333
"2026-09-09 18:00:00","2026-09-10 09:00:00","CAPE","surface",-73.9449,19.116,2379
"2026-09-09 18:00:00","2026-09-10 09:00:00","CAPE","surface",-73.9209,19.116,2323
"2026-09-09 18:00:00","2026-09-10 09:00:00","CAPE","surface",-73.897,19.116,2370
"2026-09-09 18:00:00","2026-09-10 09:00:00","CAPE","surface",-73.8731,19.116,2370
"2026-09-09 18:00:00","2026-09-10 09:00:00","CAPE","surface",-73.8492,19.116,2423
"2026-09-09 18:00:00","2026-09-10 09:00:00","CAPE","surface",-73.8252,19.116,2367
"2026-09-09 18:00:00","2026-09-10 09:00:00","CAPE","surface",-73.8013,19.116,2387
"2026-09-09 18:00:00","2026-09-10 09:00:00","CAPE","surface",-73.7774,19.116,2335
"2026-09-09 18:00:00","2026-09-10 09:00:00","CAPE","surface",-73.7535,19.116,2365
"2026-09-09 18:00:00","2026-09-10 09:00:00","CAPE","surface",-73.7295,19.116,2365
"2026-09-09 18:00:00","2026-09-10 09:00:00","CAPE","surface",-73.7056,19.116,2366
"2026-09-09 18:00:00","2026-09-10 09:00:00","CAPE","surface",-73.6817,19.116,2347
"2026-09-09 18:00:00","2026-09-10 09:00:00","CAPE","surface",-73.6578,19.116,2259
"2026-09-09 18:00:00","2026-09-10 09:00:00","CAPE","surface",-73.6338,19.116,2251
"2026-09-09 18:00:00","2026-09-10 09:00:00","CAPE","surface",-73.6099,19.116,2241
"2026-09-09 18:00:00","2026-09-10 09:00:00","CAPE","surface",-73.586,19.116,2272
"2026-09-09 18:00:00","2026-09-10 09:00:00","CAPE","surface",-73.5621,19.116,2032
"2026-09-09 18:00:00","2026-09-10 09:00:00","CAPE","surface",-73.5381,19.116,1675
"2026-09-09 18:00:00","2026-09-10 09:00:00","CAPE","surface",-73.5142,19.116,1707
"2026-09-09 18:00:00","2026-09-10 09:00:00","CAPE","surface",-73.4903,19.116,1634
"2026-09-09 18:00:00","2026-09-10 09:00:00","CAPE","surface",-73.4664,19.116,1670
"2026-09-09 18:00:00","2026-09-10 09:00:00","CAPE","surface",-73.4424,19.116,1937
"2026-09-09 18:00:00","2026-09-10 09:00:00","CAPE","surface",-73.4185,19.116,2070
"2026-09-09 18:00:00","2026-09-10 09:00:00","CAPE","surface",-73.3946,19.116,2256
"2026-09-09 18:00:00","2026-09-10 09:00:00","CAPE","surface",-73.3707,19.116,2265
"2026-09-09 18:00:00","2026-09-10 09:00:00","CAPE","surface",-73.3467,19.116,1975
"2026-09-09 18:00:00","2026-09-10 09:00:00","CAPE","surface",-73.3228,19.116,1972
"2026-09-09 18:00:00","2026-09-10 09:00:00","CAPE","surface",-73.2989,19.116,1707
"2026-09-09 18:00:00","2026-09-10 09:00:00","CAPE","surface",-73.275,19.116,1731
"2026-09-09 18:00:00","2026-09-10 09:00:00","CAPE","surface",-73.251,19.116,1643
"2026-09-09 18:00:00","2026-09-10 09:00:00","CAPE","surface",-73.2271,19.116,1643
"2026-09-09 18:00:00","2026-09-10 09:00:00","CAPE","surface",-73.2032,19.116,1796
"2026-09-09 18:00:00","2026-09-10 09:00:00","CAPE","surface",-73.1793,19.116,1726
"2026-09-09 18:00:00","2026-09-10 09:00:00","CAPE","surface",-73.1553,19.116,1985
"2026-09-09 18:00:00","2026-09-10 09:00:00","CAPE","surface",-73.1314,19.116,1946
"2026-09-09 18:00:00","2026-09-10 09:00:00","CAPE","surface",-73.1075,19.116,2064
"2026-09-09 18:00:00","2026-09-10 09:00:00","CAPE","surface",-73.0836,19.116,2060
"2026-09-09 18:00:00","2026-09-10 09:00:00","CAPE","surface",-73.0596,19.116,1994
"2026-09-09 18:00:00","2026-09-10 09:00:00","CAPE","surface",-73.0357,19.116,1955
"2026-09-09 18:00:00","2026-09-10 09:00:00","CAPE","surface",-73.0118,19.116,1863
"2026-09-09 18:00:00","2026-09-10 09:00:00","CAPE","surface",-72.9879,19.116,1863
"2026-09-09 18:00:00","2026-09-10 09:00:00","CAPE","surface",-72.9639,19.116,1795
"2026-09-09 18:00:00","2026-09-10 09:00:00","CAPE","surface",-72.94,19.116,1753
"2026-09-09 18:00:00","2026-09-10 09:00:00","CAPE","surface",-72.9161,19.116,1702
"2026-09-09 18:00:00","2026-09-10 09:00:00","CAPE","surface",-72.8922,19.116,1654
"2026-09-09 18:00:00","2026-09-10 09:00:00","CAPE","surface",-72.8682,19.116,1551
"2026-09-09 18:00:00","2026-09-10 09:00:00","CAPE","surface",-72.8443,19.116,1544
"2026-09-09 18:00:00","2026-09-10 09:00:00","CAPE","surface",-72.8204,19.116,1421
"2026-09-09 18:00:00","2026-09-10 09:00:00","CAPE","surface",-72.7965,19.116,1352
"2026-09-09 18:00:00","2026-09-10 09:00:00","CAPE","surface",-72.7725,19.116,1339
"2026-09-09 18:00:00","2026-09-10 09:00:00","CAPE","surface",-72.7486,19.116,1269
"2026-09-09 18:00:00","2026-09-10 09:00:00","CAPE","surface",-72.7247,19.116,1269
"2026-09-09 18:00:00","2026-09-10 09:00:00","CAPE","surface",-72.7008,19.116,1010
"2026-09-09 18:00:00","2026-09-10 09:00:00","CAPE","surface",-72.6768,19.116,870
"2026-09-09 18:00:00","2026-09-10 09:00:00","CAPE","surface",-72.6529,19.116,771
"2026-09-09 18:00:00","2026-09-10 09:00:00","CAPE","surface",-72.629,19.116,702
"2026-09-09 18:00:00","2026-09-10 09:00:00","CAPE","surface",-72.6051,19.116,816
"2026-09-09 18:00:00","2026-09-10 09:00:00","CAPE","surface",-72.5811,19.116,760
"2026-09-09 18:00:00","2026-09-10 09:00:00","CAPE","surface",-72.5572,19.116,867
"2026-09-09 18:00:00","2026-09-10 09:00:00","CAPE","surface",-72.5333,19.116,913
"2026-09-09 18:00:00","2026-09-10 09:00:00","CAPE","surface",-72.5094,19.116,1113
"2026-09-09 18:00:00","2026-09-10 09:00:00","CAPE","surface",-72.4854,19.116,1113
"2026-09-09 18:00:00","2026-09-10 09:00:00","CAPE","surface",-72.4615,19.116,1176
"2026-09-09 18:00:00","2026-09-10 09:00:00","CAPE","surface",-72.4376,19.116,1083
"2026-09-09 18:00:00","2026-09-10 09:00:00","CAPE","surface",-72.4137,19.116,978
"2026-09-09 18:00:00","2026-09-10 09:00:00","CAPE","surface",-72.3897,19.116,825
"2026-09-09 18:00:00","2026-09-10 09:00:00","CAPE","surface",-72.3658,19.116,825
"2026-09-09 18:00:00","2026-09-10 09:00:00","CAPE","surface",-72.3419,19.116,754
"2026-09-09 18:00:00","2026-09-10 09:00:00","CAPE","surface",-72.318,19.116,602
"2026-09-09 18:00:00","2026-09-10 09:00:00","CAPE","surface",-72.294,19.116,465
"2026-09-09 18:00:00","2026-09-10 09:00:00","CAPE","surface",-72.2701,19.116,339
"2026-09-09 18:00:00","2026-09-10 09:00:00","CAPE","surface",-72.2462,19.116,512
"2026-09-09 18:00:00","2026-09-10 09:00:00","CAPE","surface",-72.2223,19.116,428
"2026-09-09 18:00:00","2026-09-10 09:00:00","CAPE","surface",-72.1983,19.116,548
"2026-09-09 18:00:00","2026-09-10 09:00:00","CAPE","surface",-72.1744,19.116,554
"2026-09-09 18:00:00","2026-09-10 09:00:00","CAPE","surface",-72.1505,19.116,721
"2026-09-09 18:00:00","2026-09-10 09:00:00","CAPE","surface",-72.1266,19.116,721
"2026-09-09 18:00:00","2026-09-10 09:00:00","CAPE","surface",-72.1026,19.116,603
"2026-09-09 18:00:00","2026-09-10 09:00:00","CAPE","surface",-72.0787,19.116,717
"2026-09-09 18:00:00","2026-09-10 09:00:00","CAPE","surface",-72.0548,19.116,725
"2026-09-09 18:00:00","2026-09-10 09:00:00","CAPE","surface",-72.0309,19.116,769
"2026-09-09 18:00:00","2026-09-10 09:00:00","CAPE","surface",-72.0069,19.116,763
"2026-09-09 18:00:00","2026-09-10 09:00:00","CAPE","surface",-71.983,19.116,870
"2026-09-09 18:00:00","2026-09-10 09:00:00","CAPE","surface",-71.9591,19.116,924
"2026-09-09 18:00:00","2026-09-10 09:00:00","CAPE","surface",-71.9352,19.116,900
"2026-09-09 18:00:00","2026-09-10 09:00:00","CAPE","surface",-71.9112,19.116,814
"2026-09-09 18:00:00","2026-09-10 09:00:00","CAPE","surface",-71.8873,19.116,569
"2026-09-09 18:00:00","2026-09-10 09:00:00","CAPE","surface",-71.8634,19.116,559
"2026-09-09 18:00:00","2026-09-10 09:00:00","CAPE","surface",-71.8395,19.116,491
"2026-09-09 18:00:00","2026-09-10 09:00:00","CAPE","surface",-71.8155,19.116,477
"2026-09-09 18:00:00","2026-09-10 09:00:00","CAPE","surface",-71.7916,19.116,555
"2026-09-09 18:00:00","2026-09-10 09:00:00","CAPE","surface",-71.7677,19.116,555
"2026-09-09 18:00:00","2026-09-10 09:00:00","CAPE","surface",-71.7438,19.116,668
"2026-09-09 18:00:00","2026-09-10 09:00:00","CAPE","surface",-71.7198,19.116,629
"2026-09-09 18:00:00","2026-09-10 09:00:00","CAPE","surface",-71.6959,19.116,683
"2026-09-09 18:00:00","2026-09-10 09:00:00","CAPE","surface",-71.672,19.116,526
"2026-09-09 18:00:00","2026-09-10 09:00:00","CAPE","surface",-71.6481,19.116,594
"2026-09-09 18:00:00","2026-09-10 09:00:00","CAPE","surface",-71.6241,19.116,419
"2026-09-09 18:00:00","2026-09-10 09:00:00","CAPE","surface",-71.6002,19.116,276
"2026-09-09 18:00:00","2026-09-10 09:00:00","CAPE","surface",-71.5763,19.116,340
"2026-09-09 18:00:00","2026-09-10 09:00:00","CAPE","surface",-71.5524,19.116,402
"2026-09-09 18:00:00","2026-09-10 09:00:00","CAPE","surface",-71.5284,19.116,481
"2026-09-09 18:00:00","2026-09-10 09:00:00","CAPE","surface",-71.5045,19.116,608
"2026-09-09 18:00:00","2026-09-10 09:00:00","CAPE","surface",-71.4806,19.116,607
"2026-09-09 18:00:00","2026-09-10 09:00:00","CAPE","surface",-71.4567,19.116,622
"2026-09-09 18:00:00","2026-09-10 09:00:00","CAPE","surface",-71.4327,19.116,556
"2026-09-09 18:00:00","2026-09-10 09:00:00","CAPE","surface",-71.4088,19.116,556
"2026-09-09 18:00:00","2026-09-10 09:00:00","CAPE","surface",-71.3849,19.116,532
"2026-09-09 18:00:00","2026-09-10 09:00:00","CAPE","surface",-71.361,19.116,373
"2026-09-09 18:00:00","2026-09-10 09:00:00","CAPE","surface",-71.337,19.116,92
"2026-09-09 18:00:00","2026-09-10 09:00:00","CAPE","surface",-71.3131,19.116,92
"2026-09-09 18:00:00","2026-09-10 09:00:00","CAPE","surface",-71.2892,19.116,0
"2026-09-09 18:00:00","2026-09-10 09:00:00","CAPE","surface",-71.2653,19.116,0
"2026-09-09 18:00:00","2026-09-10 09:00:00","CAPE","surface",-71.2413,19.116,0
"2026-09-09 18:00:00","2026-09-10 09:00:00","CAPE","surface",-71.2174,19.116,0
"2026-09-09 18:00:00","2026-09-10 09:00:00","CAPE","surface",-71.1935,19.116,0
"2026-09-09 18:00:00","2026-09-10 09:00:00","CAPE","surface",-71.1696,19.116,0
"2026-09-09 18:00:00","2026-09-10 09:00:00","CAPE","surface",-71.1456,19.116,0
"2026-09-09 18:00:00","2026-09-10 09:00:00","CAPE","surface",-71.1217,19.116,0
"2026-09-09 18:00:00","2026-09-10 09:00:00","CAPE","surface",-71.0978,19.116,0
"2026-09-09 18:00:00","2026-09-10 09:00:00","CAPE","surface",-71.0739,19.116,0
"2026-09-09 18:00:00","2026-09-10 09:00:00","CAPE","surface",-71.0499,19.116,0
"2026-09-09 18:00:00","2026-09-10 09:00:00","CAPE","surface",-71.026,19.116,0
"2026-09-09 18:00:00","2026-09-10 09:00:00","CAPE","surface",-71.0021,19.116,0
"2026-09-09 18:00:00","2026-09-10 09:00:00","CAPE","surface",-70.9782,19.116,0
"2026-09-09 18:00:00","2026-09-10 09:00:00","CAPE","surface",-70.9542,19.116,0
"2026-09-09 18:00:00","2026-09-10 09:00:00","CAPE","surface",-70.9303,19.116,43
"2026-09-09 18:00:00","2026-09-10 09:00:00","CAPE","surface",-70.9064,19.116,129
"2026-09-09 18:00:00","2026-09-10 09:00:00","CAPE","surface",-70.8825,19.116,144
"2026-09-09 18:00:00","2026-09-10 09:00:00","CAPE","surface",-70.8585,19.116,262
"2026-09-09 18:00:00","2026-09-10 09:00:00","CAPE","surface",-70.8346,19.116,401
"2026-09-09 18:00:00","2026-09-10 09:00:00","CAPE","surface",-70.8107,19.116,432
"2026-09-09 18:00:00","2026-09-10 09:00:00","CAPE","surface",-70.7868,19.116,447
"2026-09-09 18:00:00","2026-09-10 09:00:00","CAPE","surface",-70.7628,19.116,554
"2026-09-09 18:00:00","2026-09-10 09:00:00","CAPE","surface",-70.7389,19.116,554
"2026-09-09 18:00:00","2026-09-10 09:00:00","CAPE","surface",-70.715,19.116,570
"2026-09-09 18:00:00","2026-09-10 09:00:00","CAPE","surface",-70.6911,19.116,524
"2026-09-09 18:00:00","2026-09-10 09:00:00","CAPE","surface",-70.6671,19.116,575
"2026-09-09 18:00:00","2026-09-10 09:00:00","CAPE","surface",-70.6432,19.116,525
"2026-09-09 18:00:00","2026-09-10 09:00:00","CAPE","surface",-70.6193,19.116,562
"2026-09-09 18:00:00","2026-09-10 09:00:00","CAPE","surface",-70.5954,19.116,537
"2026-09-09 18:00:00","2026-09-10 09:00:00","CAPE","surface",-70.5714,19.116,500
"2026-09-09 18:00:00","2026-09-10 09:00:00","CAPE","surface",-70.5475,19.116,605
"2026-09-09 18:00:00","2026-09-10 09:00:00","CAPE","surface",-70.5236,19.116,605
"2026-09-09 18:00:00","2026-09-10 09:00:00","CAPE","surface",-70.4997,19.116,718
"2026-09-09 18:00:00","2026-09-10 09:00:00","CAPE","surface",-70.4757,19.116,775
"2026-09-09 18:00:00","2026-09-10 09:00:00","CAPE","surface",-70.4518,19.116,879
"2026-09-09 18:00:00","2026-09-10 09:00:00","CAPE","surface",-70.4279,19.116,839
"2026-09-09 18:00:00","2026-09-10 09:00:00","CAPE","surface",-70.404,19.116,850
"2026-09-09 18:00:00","2026-09-10 09:00:00","CAPE","surface",-70.38,19.116,852
"2026-09-09 18:00:00","2026-09-10 09:00:00","CAPE","surface",-70.3561,19.116,1027
"2026-09-09 18:00:00","2026-09-10 09:00:00","CAPE","surface",-70.3322,19.116,1197
"2026-09-09 18:00:00","2026-09-10 09:00:00","CAPE","surface",-70.3083,19.116,1138
"2026-09-09 18:00:00","2026-09-10 09:00:00","CAPE","surface",-70.2843,19.116,1292
"2026-09-09 18:00:00","2026-09-10 09:00:00","CAPE","surface",-70.2604,19.116,1187
"2026-09-09 18:00:00","2026-09-10 09:00:00","CAPE","surface",-70.2365,19.116,1326
"2026-09-09 18:00:00","2026-09-10 09:00:00","CAPE","surface",-70.2126,19.116,1292
"2026-09-09 18:00:00","2026-09-10 09:00:00","CAPE","surface",-70.1886,19.116,1451
"2026-09-09 18:00:00","2026-09-10 09:00:00","CAPE","surface",-70.1647,19.116,1395
"2026-09-09 18:00:00","2026-09-10 09:00:00","CAPE","surface",-70.1408,19.116,1335
"2026-09-09 18:00:00","2026-09-10 09:00:00","CAPE","surface",-70.1169,19.116,1296
"2026-09-09 18:00:00","2026-09-10 09:00:00","CAPE","surface",-70.0929,19.116,1475
"2026-09-09 18:00:00","2026-09-10 09:00:00","CAPE","surface",-70.069,19.116,1475
"2026-09-09 18:00:00","2026-09-10 09:00:00","CAPE","surface",-70.0451,19.116,1700
"2026-09-09 18:00:00","2026-09-10 09:00:00","CAPE","surface",-70.0212,19.116,1727
"2026-09-09 18:00:00","2026-09-10 09:00:00","CAPE","surface",-69.9972,19.116,1729
"2026-09-09 18:00:00","2026-09-10 09:00:00","CAPE","surface",-69.9733,19.116,1878
"2026-09-09 18:00:00","2026-09-10 09:00:00","CAPE","surface",-69.9494,19.116,2002
"2026-09-09 18:00:00","2026-09-10 09:00:00","CAPE","surface",-69.9255,19.116,2022
"2026-09-09 18:00:00","2026-09-10 09:00:00","CAPE","surface",-69.9015,19.116,2068
"2026-09-09 18:00:00","2026-09-10 09:00:00","CAPE","surface",-69.8776,19.116,2057
"2026-09-09 18:00:00","2026-09-10 09:00:00","CAPE","surface",-69.8537,19.116,2057
"2026-09-09 18:00:00","2026-09-10 09:00:00","CAPE","surface",-69.8298,19.116,2149
"2026-09-09 18:00:00","2026-09-10 09:00:00","CAPE","surface",-69.8058,19.116,2232
"2026-09-09 18:00:00","2026-09-10 09:00:00","CAPE","surface",-69.7819,19.116,2332
"2026-09-09 18:00:00","2026-09-10 09:00:00","CAPE","surface",-69.758,19.116,2373
"2026-09-09 18:00:00","2026-09-10 09:00:00","CAPE","surface",-69.7341,19.116,2374
"2026-09-09 18:00:00","2026-09-10 09:00:00","CAPE","surface",-69.7101,19.116,2491
"2026-09-09 18:00:00","2026-09-10 09:00:00","CAPE","surface",-69.6862,19.116,2372
"2026-09-09 18:00:00","2026-09-10 09:00:00","CAPE","surface",-69.6623,19.116,1801
"2026-09-09 18:00:00","2026-09-10 09:00:00","CAPE","surface",-69.6384,19.116,1801
"2026-09-09 18:00:00","2026-09-10 09:00:00","CAPE","surface",-69.6144,19.116,1898
"2026-09-09 18:00:00","2026-09-10 09:00:00","CAPE","surface",-69.5905,19.116,1897
"2026-09-09 18:00:00","2026-09-10 09:00:00","CAPE","surface",-69.5666,19.116,2100
"2026-09-09 18:00:00","2026-09-10 09:00:00","CAPE","surface",-69.5427,19.116,2110
"2026-09-09 18:00:00","2026-09-10 09:00:00","CAPE","surface",-69.5187,19.116,2316
"2026-09-09 18:00:00","2026-09-10 09:00:00","CAPE","surface",-69.4948,19.116,2401
"2026-09-09 18:00:00","2026-09-10 09:00:00","CAPE","surface",-69.4709,19.116,2337
"2026-09-09 18:00:00","2026-09-10 09:00:00","CAPE","surface",-69.447,19.116,2299
"2026-09-09 18:00:00","2026-09-10 09:00:00","CAPE","surface",-69.423,19.116,2299
"2026-09-09 18:00:00","2026-09-10 09:00:00","CAPE","surface",-69.3991,19.116,2715
"2026-09-09 18:00:00","2026-09-10 09:00:00","CAPE","surface",-69.3752,19.116,2884
"2026-09-09 18:00:00","2026-09-10 09:00:00","CAPE","surface",-69.3513,19.116,3231
"2026-09-09 18:00:00","2026-09-10 09:00:00","CAPE","surface",-69.3273,19.116,3231
"2026-09-09 18:00:00","2026-09-10 09:00:00","CAPE","surface",-69.3034,19.116,3354
"2026-09-09 18:00:00","2026-09-10 09:00:00","CAPE","surface",-69.2795,19.116,3210
"2026-09-09 18:00:00","2026-09-10 09:00:00","CAPE","surface",-69.2556,19.116,3232
"2026-09-09 18:00:00","2026-09-10 09:00:00","CAPE","surface",-69.2316,19.116,3002
"2026-09-09 18:00:00","2026-09-10 09:00:00","CAPE","surface",-69.2077,19.116,3041
"2026-09-09 18:00:00","2026-09-10 09:00:00","CAPE","surface",-69.1838,19.116,2888
"2026-09-09 18:00:00","2026-09-10 09:00:00","CAPE","surface",-69.1599,19.116,2869
"2026-09-09 18:00:00","2026-09-10 09:00:00","CAPE","surface",-69.1359,19.116,2859
"2026-09-09 18:00:00","2026-09-10 09:00:00","CAPE","surface",-69.112,19.116,2859
"2026-09-09 18:00:00","2026-09-10 09:00:00","CAPE","surface",-69.0881,19.116,3098
"2026-09-09 18:00:00","2026-09-10 09:00:00","CAPE","surface",-69.0642,19.116,3280
"2026-09-09 18:00:00","2026-09-10 09:00:00","CAPE","surface",-69.0402,19.116,3266
"2026-09-09 18:00:00","2026-09-10 09:00:00","CAPE","surface",-69.0163,19.116,3168
"2026-09-09 18:00:00","2026-09-10 09:00:00","CAPE","surface",-68.9924,19.116,2979
"2026-09-09 18:00:00","2026-09-10 09:00:00","CAPE","surface",-68.9685,19.116,2549
"2026-09-09 18:00:00","2026-09-10 09:00:00","CAPE","surface",-68.9445,19.116,2276
"2026-09-09 18:00:00","2026-09-10 09:00:00","CAPE","surface",-68.9206,19.116,2276
"2026-09-09 18:00:00","2026-09-10 09:00:00","CAPE","surface",-68.8967,19.116,1993
"2026-09-09 18:00:00","2026-09-10 09:00:00","CAPE","surface",-68.8728,19.116,1522
"2026-09-09 18:00:00","2026-09-10 09:00:00","CAPE","surface",-68.8488,19.116,961
"2026-09-09 18:00:00","2026-09-10 09:00:00","CAPE","surface",-68.8249,19.116,846
"2026-09-09 18:00:00","2026-09-10 09:00:00","CAPE","surface",-68.801,19.116,772
"2026-09-09 18:00:00","2026-09-10 09:00:00","CAPE","surface",-68.7771,19.116,847
"2026-09-09 18:00:00","2026-09-10 09:00:00","CAPE","surface",-68.7531,19.116,859
"2026-09-09 18:00:00","2026-09-10 09:00:00","CAPE","surface",-68.7292,19.116,1312
"2026-09-09 18:00:00","2026-09-10 09:00:00","CAPE","surface",-68.7053,19.116,867
"2026-09-09 18:00:00","2026-09-10 09:00:00","CAPE","surface",-68.6813,19.116,1233
"2026-09-09 18:00:00","2026-09-10 09:00:00","CAPE","surface",-68.6574,19.116,1383
"2026-09-09 18:00:00","2026-09-10 09:00:00","CAPE","surface",-68.6335,19.116,1662
"2026-09-09 18:00:00","2026-09-10 09:00:00","CAPE","surface",-68.6096,19.116,1662
"2026-09-09 18:00:00","2026-09-10 09:00:00","CAPE","surface",-68.5856,19.116,1897
"2026-09-09 18:00:00","2026-09-10 09:00:00","CAPE","surface",-68.5617,19.116,2009
"2026-09-09 18:00:00","2026-09-10 09:00:00","CAPE","surface",-68.5378,19.116,2076
"2026-09-09 18:00:00","2026-09-10 09:00:00","CAPE","surface",-68.5139,19.116,2072
"2026-09-09 18:00:00","2026-09-10 09:00:00","CAPE","surface",-68.4899,19.116,2125
"2026-09-09 18:00:00","2026-09-10 09:00:00","CAPE","surface",-68.466,19.116,2107
"2026-09-09 18:00:00","2026-09-10 09:00:00","CAPE","surface",-68.4421,19.116,2299
"2026-09-09 18:00:00","2026-09-10 09:00:00","CAPE","surface",-68.4182,19.116,2579
"2026-09-09 18:00:00","2026-09-10 09:00:00","CAPE","surface",-68.3942,19.116,2579
"2026-09-09 18:00:00","2026-09-10 09:00:00","CAPE","surface",-68.3703,19.116,2857
"2026-09-09 18:00:00","2026-09-10 09:00:00","CAPE","surface",-68.3464,19.116,2921
"2026-09-09 18:00:00","2026-09-10 09:00:00","CAPE","surface",-68.3225,19.116,2985
"2026-09-09 18:00:00","2026-09-10 09:00:00","CAPE","surface",-68.2985,19.116,2985
"2026-09-09 18:00:00","2026-09-10 09:00:00","CAPE","surface",-68.2746,19.116,3110
"2026-09-09 18:00:00","2026-09-10 09:00:00","CAPE","surface",-68.2507,19.116,3091
"2026-09-09 18:00:00","2026-09-10 09:00:00","CAPE","surface",-68.2268,19.116,3165
"2026-09-09 18:00:00","2026-09-10 09:00:00","CAPE","surface",-68.2028,19.116,3212
"2026-09-09 18:00:00","2026-09-10 09:00:00","CAPE","surface",-68.1789,19.116,2964
"2026-09-09 18:00:00","2026-09-10 09:00:00","CAPE","surface",-68.155,19.116,2718
"2026-09-09 18:00:00","2026-09-10 09:00:00","CAPE","surface",-68.1311,19.116,2689
"2026-09-09 18:00:00","2026-09-10 09:00:00","CAPE","surface",-68.1071,19.116,2718
"2026-09-09 18:00:00","2026-09-10 09:00:00","CAPE","surface",-68.0832,19.116,2797
"2026-09-09 18:00:00","2026-09-10 09:00:00","CAPE","surface",-68.0593,19.116,2927
"2026-09-09 18:00:00","2026-09-10 09:00:00","CAPE","surface",-68.0354,19.116,2920
"2026-09-09 18:00:00","2026-09-10 09:00:00","CAPE","surface",-68.0114,19.116,2987
"2026-09-09 18:00:00","2026-09-10 09:00:00","CAPE","surface",-67.9875,19.116,2954
"2026-09-09 18:00:00","2026-09-10 09:00:00","CAPE","surface",-67.9636,19.116,2993
"2026-09-09 18:00:00","2026-09-10 09:00:00","CAPE","surface",-67.9397,19.116,3008
"2026-09-09 18:00:00","2026-09-10 09:00:00","CAPE","surface",-67.9157,19.116,3001
"2026-09-09 18:00:00","2026-09-10 09:00:00","CAPE","surface",-67.8918,19.116,3021
"2026-09-09 18:00:00","2026-09-10 09:00:00","CAPE","surface",-67.8679,19.116,3007
"2026-09-09 18:00:00","2026-09-10 09:00:00","CAPE","surface",-67.844,19.116,3016
"2026-09-09 18:00:00","2026-09-10 09:00:00","CAPE","surface",-67.82,19.116,2967
"2026-09-09 18:00:00","2026-09-10 09:00:00","CAPE","surface",-67.7961,19.116,2967
"2026-09-09 18:00:00","2026-09-10 09:00:00","CAPE","surface",-67.7722,19.116,2910
"2026-09-09 18:00:00","2026-09-10 09:00:00","CAPE","surface",-67.7483,19.116,2871
"2026-09-09 18:00:00","2026-09-10 09:00:00","CAPE","surface",-67.7243,19.116,2937
"2026-09-09 18:00:00","2026-09-10 09:00:00","CAPE","surface",-67.7004,19.116,2937
"2026-09-09 18:00:00","2026-09-10 09:00:00","CAPE","surface",-67.6765,19.116,3011
"2026-09-09 18:00:00","2026-09-10 09:00:00","CAPE","surface",-67.6526,19.116,3073
"2026-09-09 18:00:00","2026-09-10 09:00:00","CAPE","surface",-67.6286,19.116,3159
"2026-09-09 18:00:00","2026-09-10 09:00:00","CAPE","surface",-67.6047,19.116,3210
"2026-09-09 18:00:00","2026-09-10 09:00:00","CAPE","surface",-67.5808,19.116,3303
"2026-09-09 18:00:00","2026-09-10 09:00:00","CAPE","surface",-67.5569,19.116,3367
"2026-09-09 18:00:00","2026-09-10 09:00:00","CAPE","surface",-67.5329,19.116,3332
"2026-09-09 18:00:00","2026-09-10 09:00:00","CAPE","surface",-67.509,19.116,3345
"2026-09-09 18:00:00","2026-09-10 09:00:00","CAPE","surface",-67.4851,19.116,3190
"2026-09-09 18:00:00","2026-09-10 09:00:00","CAPE","surface",-67.4612,19.116,2955
"2026-09-09 18:00:00","2026-09-10 09:00:00","CAPE","surface",-67.4372,19.116,2874
"2026-09-09 18:00:00","2026-09-10 09:00:00","CAPE","surface",-67.4133,19.116,2874
"2026-09-09 18:00:00","2026-09-10 09:00:00","CAPE","surface",-67.3894,19.116,2852
"2026-09-09 18:00:00","2026-09-10 09:00:00","CAPE","surface",-67.3655,19.116,2823
"2026-09-09 18:00:00","2026-09-10 09:00:00","CAPE","surface",-67.3415,19.116,2977
"2026-09-09 18:00:00","2026-09-10 09:00:00","CAPE","surface",-67.3176,19.116,2977
"2026-09-09 18:00:00","2026-09-10 09:00:00","CAPE","surface",-67.2937,19.116,3160
"2026-09-09 18:00:00","2026-09-10 09:00:00","CAPE","surface",-67.2698,19.116,3347
"2026-09-09 18:00:00","2026-09-10 09:00:00","CAPE","surface",-67.2458,19.116,3379
"2026-09-09 18:00:00","2026-09-10 09:00:00","CAPE","surface",-67.2219,19.116,3543
"2026-09-09 18:00:00","2026-09-10 09:00:00","CAPE","surface",-67.198,19.116,3532
"2026-09-09 18:00:00","2026-09-10 09:00:00","CAPE","surface",-67.1741,19.116,3598
"2026-09-09 18:00:00","2026-09-10 09:00:00","CAPE","surface",-67.1501,19.116,3311
"2026-09-09 18:00:00","2026-09-10 09:00:00","CAPE","surface",-67.1262,19.116,3226
"2026-09-09 18:00:00","2026-09-10 09:00:00","CAPE","surface",-67.1023,19.116,2912
"2026-09-09 18:00:00","2026-09-10 09:00:00","CAPE","surface",-67.0784,19.116,2792
"2026-09-09 18:00:00","2026-09-10 09:00:00","CAPE","surface",-67.0544,19.116,2844
"2026-09-09 18:00:00","2026-09-10 09:00:00","CAPE","surface",-67.0305,19.116,2844
"2026-09-09 18:00:00","2026-09-10 09:00:00","CAPE","surface",-67.0066,19.116,3081
"2026-09-09 18:00:00","2026-09-10 09:00:00","CAPE","surface",-74.7822,19.1386,2210
"2026-09-09 18:00:00","2026-09-10 09:00:00","CAPE","surface",-74.7583,19.1386,2210
"2026-09-09 18:00:00","2026-09-10 09:00:00","CAPE","surface",-74.7344,19.1386,2121
"2026-09-09 18:00:00","2026-09-10 09:00:00","CAPE","surface",-74.7105,19.1386,2118
"2026-09-09 18:00:00","2026-09-10 09:00:00","CAPE","surface",-74.6865,19.1386,2074
"2026-09-09 18:00:00","2026-09-10 09:00:00","CAPE","surface",-74.6626,19.1386,2042
"2026-09-09 18:00:00","2026-09-10 09:00:00","CAPE","surface",-74.6387,19.1386,2024
"2026-09-09 18:00:00","2026-09-10 09:00:00","CAPE","surface",-74.6148,19.1386,2024
"2026-09-09 18:00:00","2026-09-10 09:00:00","CAPE","surface",-74.5908,19.1386,2007
"2026-09-09 18:00:00","2026-09-10 09:00:00","CAPE","surface",-74.5669,19.1386,1997
"2026-09-09 18:00:00","2026-09-10 09:00:00","CAPE","surface",-74.543,19.1386,2084
"2026-09-09 18:00:00","2026-09-10 09:00:00","CAPE","surface",-74.5191,19.1386,2093
"2026-09-09 18:00:00","2026-09-10 09:00:00","CAPE","surface",-74.4951,19.1386,2206
"2026-09-09 18:00:00","2026-09-10 09:00:00","CAPE","surface",-74.4712,19.1386,2206
"2026-09-09 18:00:00","2026-09-10 09:00:00","CAPE","surface",-74.4473,19.1386,2285
"2026-09-09 18:00:00","2026-09-10 09:00:00","CAPE","surface",-74.4234,19.1386,2267
"2026-09-09 18:00:00","2026-09-10 09:00:00","CAPE","surface",-74.3994,19.1386,2337
"2026-09-09 18:00:00","2026-09-10 09:00:00","CAPE","surface",-74.3755,19.1386,2297
"2026-09-09 18:00:00","2026-09-10 09:00:00","CAPE","surface",-74.3516,19.1386,2429
"2026-09-09 18:00:00","2026-09-10 09:00:00","CAPE","surface",-74.3277,19.1386,2390
"2026-09-09 18:00:00","2026-09-10 09:00:00","CAPE","surface",-74.3037,19.1386,2473
"2026-09-09 18:00:00","2026-09-10 09:00:00","CAPE","surface",-74.2798,19.1386,2425
"2026-09-09 18:00:00","2026-09-10 09:00:00","CAPE","surface",-74.2559,19.1386,2426
"2026-09-09 18:00:00","2026-09-10 09:00:00","CAPE","surface",-74.232,19.1386,2362
"2026-09-09 18:00:00","2026-09-10 09:00:00","CAPE","surface",-74.208,19.1386,2369
"2026-09-09 18:00:00","2026-09-10 09:00:00","CAPE","surface",-74.1841,19.1386,2322
"2026-09-09 18:00:00","2026-09-10 09:00:00","CAPE","surface",-74.1602,19.1386,2312
"2026-09-09 18:00:00","2026-09-10 09:00:00","CAPE","surface",-74.1363,19.1386,2269
"2026-09-09 18:00:00","2026-09-10 09:00:00","CAPE","surface",-74.1123,19.1386,2228
"2026-09-09 18:00:00","2026-09-10 09:00:00","CAPE","surface",-74.0884,19.1386,2228
"2026-09-09 18:00:00","2026-09-10 09:00:00","CAPE","surface",-74.0645,19.1386,2337
"2026-09-09 18:00:00","2026-09-10 09:00:00","CAPE","surface",-74.0406,19.1386,2313
"2026-09-09 18:00:00","2026-09-10 09:00:00","CAPE","surface",-74.0166,19.1386,2418
"2026-09-09 18:00:00","2026-09-10 09:00:00","CAPE","surface",-73.9927,19.1386,2374
"2026-09-09 18:00:00","2026-09-10 09:00:00","CAPE","surface",-73.9688,19.1386,2415
"2026-09-09 18:00:00","2026-09-10 09:00:00","CAPE","surface",-73.9449,19.1386,2467
"2026-09-09 18:00:00","2026-09-10 09:00:00","CAPE","surface",-73.9209,19.1386,2463
"2026-09-09 18:00:00","2026-09-10 09:00:00","CAPE","surface",-73.897,19.1386,2490
"2026-09-09 18:00:00","2026-09-10 09:00:00","CAPE","surface",-73.8731,19.1386,2483
"2026-09-09 18:00:00","2026-09-10 09:00:00","CAPE","surface",-73.8492,19.1386,2503
"2026-09-09 18:00:00","2026-09-10 09:00:00","CAPE","surface",-73.8252,19.1386,2503
"2026-09-09 18:00:00","2026-09-10 09:00:00","CAPE","surface",-73.8013,19.1386,2488
"2026-09-09 18:00:00","2026-09-10 09:00:00","CAPE","surface",-73.7774,19.1386,2422
"2026-09-09 18:00:00","2026-09-10 09:00:00","CAPE","surface",-73.7535,19.1386,2399
"2026-09-09 18:00:00","2026-09-10 09:00:00","CAPE","surface",-73.7295,19.1386,2381
"2026-09-09 18:00:00","2026-09-10 09:00:00","CAPE","surface",-73.7056,19.1386,2303
"2026-09-09 18:00:00","2026-09-10 09:00:00","CAPE","surface",-73.6817,19.1386,2303
"2026-09-09 18:00:00","2026-09-10 09:00:00","CAPE","surface",-73.6578,19.1386,2195
"2026-09-09 18:00:00","2026-09-10 09:00:00","CAPE","surface",-73.6338,19.1386,2205
"2026-09-09 18:00:00","2026-09-10 09:00:00","CAPE","surface",-73.6099,19.1386,2058
"2026-09-09 18:00:00","2026-09-10 09:00:00","CAPE","surface",-73.586,19.1386,2051
"2026-09-09 18:00:00","2026-09-10 09:00:00","CAPE","surface",-73.5621,19.1386,1655
"2026-09-09 18:00:00","2026-09-10 09:00:00","CAPE","surface",-73.5381,19.1386,1653
"2026-09-09 18:00:00","2026-09-10 09:00:00","CAPE","surface",-73.5142,19.1386,1605
"2026-09-09 18:00:00","2026-09-10 09:00:00","CAPE","surface",-73.4903,19.1386,1634
"2026-09-09 18:00:00","2026-09-10 09:00:00","CAPE","surface",-73.4664,19.1386,1833
"2026-09-09 18:00:00","2026-09-10 09:00:00","CAPE","surface",-73.4424,19.1386,1937
"2026-09-09 18:00:00","2026-09-10 09:00:00","CAPE","surface",-73.4185,19.1386,2166
"2026-09-09 18:00:00","2026-09-10 09:00:00","CAPE","surface",-73.3946,19.1386,2227
"2026-09-09 18:00:00","2026-09-10 09:00:00","CAPE","surface",-73.3707,19.1386,2044
"2026-09-09 18:00:00","2026-09-10 09:00:00","CAPE","surface",-73.3467,19.1386,1975
"2026-09-09 18:00:00","2026-09-10 09:00:00","CAPE","surface",-73.3228,19.1386,1696
"2026-09-09 18:00:00","2026-09-10 09:00:00","CAPE","surface",-73.2989,19.1386,1696
"2026-09-09 18:00:00","2026-09-10 09:00:00","CAPE","surface",-73.275,19.1386,1709
"2026-09-09 18:00:00","2026-09-10 09:00:00","CAPE","surface",-73.251,19.1386,1656
"2026-09-09 18:00:00","2026-09-10 09:00:00","CAPE","surface",-73.2271,19.1386,1871
"2026-09-09 18:00:00","2026-09-10 09:00:00","CAPE","surface",-73.2032,19.1386,2091
"2026-09-09 18:00:00","2026-09-10 09:00:00","CAPE","surface",-73.1793,19.1386,2091
"2026-09-09 18:00:00","2026-09-10 09:00:00","CAPE","surface",-73.1553,19.1386,2109
"2026-09-09 18:00:00","2026-09-10 09:00:00","CAPE","surface",-73.1314,19.1386,2081
"2026-09-09 18:00:00","2026-09-10 09:00:00","CAPE","surface",-73.1075,19.1386,2064
"2026-09-09 18:00:00","2026-09-10 09:00:00","CAPE","surface",-73.0836,19.1386,2015
"2026-09-09 18:00:00","2026-09-10 09:00:00","CAPE","surface",-73.0596,19.1386,2021
"2026-09-09 18:00:00","2026-09-10 09:00:00","CAPE","surface",-73.0357,19.1386,1962
"2026-09-09 18:00:00","2026-09-10 09:00:00","CAPE","surface",-73.0118,19.1386,1835
"2026-09-09 18:00:00","2026-09-10 09:00:00","CAPE","surface",-72.9879,19.1386,1797
"2026-09-09 18:00:00","2026-09-10 09:00:00","CAPE","surface",-72.9639,19.1386,1750
"2026-09-09 18:00:00","2026-09-10 09:00:00","CAPE","surface",-72.94,19.1386,1709
"2026-09-09 18:00:00","2026-09-10 09:00:00","CAPE","surface",-72.9161,19.1386,1709
"2026-09-09 18:00:00","2026-09-10 09:00:00","CAPE","surface",-72.8922,19.1386,1680
"2026-09-09 18:00:00","2026-09-10 09:00:00","CAPE","surface",-72.8682,19.1386,1640
"2026-09-09 18:00:00","2026-09-10 09:00:00","CAPE","surface",-72.8443,19.1386,1544
"2026-09-09 18:00:00","2026-09-10 09:00:00","CAPE","surface",-72.8204,19.1386,1439
"2026-09-09 18:00:00","2026-09-10 09:00:00","CAPE","surface",-72.7965,19.1386,1439
"2026-09-09 18:00:00","2026-09-10 09:00:00","CAPE","surface",-72.7725,19.1386,1345
"2026-09-09 18:00:00","2026-09-10 09:00:00","CAPE","surface",-72.7486,19.1386,1292
"2026-09-09 18:00:00","2026-09-10 09:00:00","CAPE","surface",-72.7247,19.1386,994
"2026-09-09 18:00:00","2026-09-10 09:00:00","CAPE","surface",-72.7008,19.1386,1010
"2026-09-09 18:00:00","2026-09-10 09:00:00","CAPE","surface",-72.6768,19.1386,764
"2026-09-09 18:00:00","2026-09-10 09:00:00","CAPE","surface",-72.6529,19.1386,723
"2026-09-09 18:00:00","2026-09-10 09:00:00","CAPE","surface",-72.629,19.1386,761
"2026-09-09 18:00:00","2026-09-10 09:00:00","CAPE","surface",-72.6051,19.1386,766
"2026-09-09 18:00:00","2026-09-10 09:00:00","CAPE","surface",-72.5811,19.1386,870
"2026-09-09 18:00:00","2026-09-10 09:00:00","CAPE","surface",-72.5572,19.1386,748
"2026-09-09 18:00:00","2026-09-10 09:00:00","CAPE","surface",-72.5333,19.1386,910
"2026-09-09 18:00:00","2026-09-10 09:00:00","CAPE","surface",-72.5094,19.1386,988
"2026-09-09 18:00:00","2026-09-10 09:00:00","CAPE","surface",-72.4854,19.1386,1150
"2026-09-09 18:00:00","2026-09-10 09:00:00","CAPE","surface",-72.4615,19.1386,1133
"2026-09-09 18:00:00","2026-09-10 09:00:00","CAPE","surface",-72.4376,19.1386,1133
"2026-09-09 18:00:00","2026-09-10 09:00:00","CAPE","surface",-72.4137,19.1386,989
"2026-09-09 18:00:00","2026-09-10 09:00:00","CAPE","surface",-72.3897,19.1386,912
"2026-09-09 18:00:00","2026-09-10 09:00:00","CAPE","surface",-72.3658,19.1386,844
"2026-09-09 18:00:00","2026-09-10 09:00:00","CAPE","surface",-72.3419,19.1386,754
"2026-09-09 18:00:00","2026-09-10 09:00:00","CAPE","surface",-72.318,19.1386,797
"2026-09-09 18:00:00","2026-09-10 09:00:00","CAPE","surface",-72.294,19.1386,661
"2026-09-09 18:00:00","2026-09-10 09:00:00","CAPE","surface",-72.2701,19.1386,542
"2026-09-09 18:00:00","2026-09-10 09:00:00","CAPE","surface",-72.2462,19.1386,512
"2026-09-09 18:00:00","2026-09-10 09:00:00","CAPE","surface",-72.2223,19.1386,568
"2026-09-09 18:00:00","2026-09-10 09:00:00","CAPE","surface",-72.1983,19.1386,568
"2026-09-09 18:00:00","2026-09-10 09:00:00","CAPE","surface",-72.1744,19.1386,521
"2026-09-09 18:00:00","2026-09-10 09:00:00","CAPE","surface",-72.1505,19.1386,448
"2026-09-09 18:00:00","2026-09-10 09:00:00","CAPE","surface",-72.1266,19.1386,473
"2026-09-09 18:00:00","2026-09-10 09:00:00","CAPE","surface",-72.1026,19.1386,525
"2026-09-09 18:00:00","2026-09-10 09:00:00","CAPE","surface",-72.0787,19.1386,525
"2026-09-09 18:00:00","2026-09-10 09:00:00","CAPE","surface",-72.0548,19.1386,588
"2026-09-09 18:00:00","2026-09-10 09:00:00","CAPE","surface",-72.0309,19.1386,645
"2026-09-09 18:00:00","2026-09-10 09:00:00","CAPE","surface",-72.0069,19.1386,727
"2026-09-09 18:00:00","2026-09-10 09:00:00","CAPE","surface",-71.983,19.1386,870
"2026-09-09 18:00:00","2026-09-10 09:00:00","CAPE","surface",-71.9591,19.1386,875
"2026-09-09 18:00:00","2026-09-10 09:00:00","CAPE","surface",-71.9352,19.1386,899
"2026-09-09 18:00:00","2026-09-10 09:00:00","CAPE","surface",-71.9112,19.1386,657
"2026-09-09 18:00:00","2026-09-10 09:00:00","CAPE","surface",-71.8873,19.1386,569
"2026-09-09 18:00:00","2026-09-10 09:00:00","CAPE","surface",-71.8634,19.1386,488
"2026-09-09 18:00:00","2026-09-10 09:00:00","CAPE","surface",-71.8395,19.1386,488
"2026-09-09 18:00:00","2026-09-10 09:00:00","CAPE","surface",-71.8155,19.1386,546
"2026-09-09 18:00:00","2026-09-10 09:00:00","CAPE","surface",-71.7916,19.1386,556
"2026-09-09 18:00:00","2026-09-10 09:00:00","CAPE","surface",-71.7677,19.1386,670
"2026-09-09 18:00:00","2026-09-10 09:00:00","CAPE","surface",-71.7438,19.1386,759
"2026-09-09 18:00:00","2026-09-10 09:00:00","CAPE","surface",-71.7198,19.1386,759
"2026-09-09 18:00:00","2026-09-10 09:00:00","CAPE","surface",-71.6959,19.1386,781
"2026-09-09 18:00:00","2026-09-10 09:00:00","CAPE","surface",-71.672,19.1386,725
"2026-09-09 18:00:00","2026-09-10 09:00:00","CAPE","surface",-71.6481,19.1386,674
"2026-09-09 18:00:00","2026-09-10 09:00:00","CAPE","surface",-71.6241,19.1386,453
"2026-09-09 18:00:00","2026-09-10 09:00:00","CAPE","surface",-71.6002,19.1386,519
"2026-09-09 18:00:00","2026-09-10 09:00:00","CAPE","surface",-71.5763,19.1386,385
"2026-09-09 18:00:00","2026-09-10 09:00:00","CAPE","surface",-71.5524,19.1386,369
"2026-09-09 18:00:00","2026-09-10 09:00:00","CAPE","surface",-71.5284,19.1386,481
"2026-09-09 18:00:00","2026-09-10 09:00:00","CAPE","surface",-71.5045,19.1386,608
"2026-09-09 18:00:00","2026-09-10 09:00:00","CAPE","surface",-71.4806,19.1386,608
"2026-09-09 18:00:00","2026-09-10 09:00:00","CAPE","surface",-71.4567,19.1386,640
"2026-09-09 18:00:00","2026-09-10 09:00:00","CAPE","surface",-71.4327,19.1386,600
"2026-09-09 18:00:00","2026-09-10 09:00:00","CAPE","surface",-71.4088,19.1386,603
"2026-09-09 18:00:00","2026-09-10 09:00:00","CAPE","surface",-71.3849,19.1386,383
"2026-09-09 18:00:00","2026-09-10 09:00:00","CAPE","surface",-71.361,19.1386,383
"2026-09-09 18:00:00","2026-09-10 09:00:00","CAPE","surface",-71.337,19.1386,89
"2026-09-09 18:00:00","2026-09-10 09:00:00","CAPE","surface",-71.3131,19.1386,10
"2026-09-09 18:00:00","2026-09-10 09:00:00","CAPE","surface",-71.2892,19.1386,0
"2026-09-09 18:00:00","2026-09-10 09:00:00","CAPE","surface",-71.2653,19.1386,0
"2026-09-09 18:00:00","2026-09-10 09:00:00","CAPE","surface",-71.2413,19.1386,0
"2026-09-09 18:00:00","2026-09-10 09:00:00","CAPE","surface",-71.2174,19.1386,0
"2026-09-09 18:00:00","2026-09-10 09:00:00","CAPE","surface",-71.1935,19.1386,0
"2026-09-09 18:00:00","2026-09-10 09:00:00","CAPE","surface",-71.1696,19.1386,0
"2026-09-09 18:00:00","2026-09-10 09:00:00","CAPE","surface",-71.1456,19.1386,0
"2026-09-09 18:00:00","2026-09-10 09:00:00","CAPE","surface",-71.1217,19.1386,0
"2026-09-09 18:00:00","2026-09-10 09:00:00","CAPE","surface",-71.0978,19.1386,0
"2026-09-09 18:00:00","2026-09-10 09:00:00","CAPE","surface",-71.0739,19.1386,0
"2026-09-09 18:00:00","2026-09-10 09:00:00","CAPE","surface",-71.0499,19.1386,0
"2026-09-09 18:00:00","2026-09-10 09:00:00","CAPE","surface",-71.026,19.1386,0
"2026-09-09 18:00:00","2026-09-10 09:00:00","CAPE","surface",-71.0021,19.1386,0
"2026-09-09 18:00:00","2026-09-10 09:00:00","CAPE","surface",-70.9782,19.1386,26
"2026-09-09 18:00:00","2026-09-10 09:00:00","CAPE","surface",-70.9542,19.1386,22
"2026-09-09 18:00:00","2026-09-10 09:00:00","CAPE","surface",-70.9303,19.1386,104
"2026-09-09 18:00:00","2026-09-10 09:00:00","CAPE","surface",-70.9064,19.1386,104
"2026-09-09 18:00:00","2026-09-10 09:00:00","CAPE","surface",-70.8825,19.1386,193
"2026-09-09 18:00:00","2026-09-10 09:00:00","CAPE","surface",-70.8585,19.1386,262
"2026-09-09 18:00:00","2026-09-10 09:00:00","CAPE","surface",-70.8346,19.1386,422
"2026-09-09 18:00:00","2026-09-10 09:00:00","CAPE","surface",-70.8107,19.1386,422
"2026-09-09 18:00:00","2026-09-10 09:00:00","CAPE","surface",-70.7868,19.1386,462
"2026-09-09 18:00:00","2026-09-10 09:00:00","CAPE","surface",-70.7628,19.1386,517
"2026-09-09 18:00:00","2026-09-10 09:00:00","CAPE","surface",-70.7389,19.1386,577
"2026-09-09 18:00:00","2026-09-10 09:00:00","CAPE","surface",-70.715,19.1386,608
"2026-09-09 18:00:00","2026-09-10 09:00:00","CAPE","surface",-70.6911,19.1386,608
"2026-09-09 18:00:00","2026-09-10 09:00:00","CAPE","surface",-70.6671,19.1386,589
"2026-09-09 18:00:00","2026-09-10 09:00:00","CAPE","surface",-70.6432,19.1386,599
"2026-09-09 18:00:00","2026-09-10 09:00:00","CAPE","surface",-70.6193,19.1386,603
"2026-09-09 18:00:00","2026-09-10 09:00:00","CAPE","surface",-70.5954,19.1386,537
"2026-09-09 18:00:00","2026-09-10 09:00:00","CAPE","surface",-70.5714,19.1386,627
"2026-09-09 18:00:00","2026-09-10 09:00:00","CAPE","surface",-70.5475,19.1386,605
"2026-09-09 18:00:00","2026-09-10 09:00:00","CAPE","surface",-70.5236,19.1386,695
"2026-09-09 18:00:00","2026-09-10 09:00:00","CAPE","surface",-70.4997,19.1386,718
"2026-09-09 18:00:00","2026-09-10 09:00:00","CAPE","surface",-70.4757,19.1386,875
"2026-09-09 18:00:00","2026-09-10 09:00:00","CAPE","surface",-70.4518,19.1386,929
"2026-09-09 18:00:00","2026-09-10 09:00:00","CAPE","surface",-70.4279,19.1386,887
"2026-09-09 18:00:00","2026-09-10 09:00:00","CAPE","surface",-70.404,19.1386,1048
"2026-09-09 18:00:00","2026-09-10 09:00:00","CAPE","surface",-70.38,19.1386,1030
"2026-09-09 18:00:00","2026-09-10 09:00:00","CAPE","surface",-70.3561,19.1386,1257
"2026-09-09 18:00:00","2026-09-10 09:00:00","CAPE","surface",-70.3322,19.1386,1235
"2026-09-09 18:00:00","2026-09-10 09:00:00","CAPE","surface",-70.3083,19.1386,1354
"2026-09-09 18:00:00","2026-09-10 09:00:00","CAPE","surface",-70.2843,19.1386,1292
"2026-09-09 18:00:00","2026-09-10 09:00:00","CAPE","surface",-70.2604,19.1386,1355
"2026-09-09 18:00:00","2026-09-10 09:00:00","CAPE","surface",-70.2365,19.1386,1355
"2026-09-09 18:00:00","2026-09-10 09:00:00","CAPE","surface",-70.2126,19.1386,1455
"2026-09-09 18:00:00","2026-09-10 09:00:00","CAPE","surface",-70.1886,19.1386,1451
"2026-09-09 18:00:00","2026-09-10 09:00:00","CAPE","surface",-70.1647,19.1386,1414
"2026-09-09 18:00:00","2026-09-10 09:00:00","CAPE","surface",-70.1408,19.1386,1503
"2026-09-09 18:00:00","2026-09-10 09:00:00","CAPE","surface",-70.1169,19.1386,1468
"2026-09-09 18:00:00","2026-09-10 09:00:00","CAPE","surface",-70.0929,19.1386,1550
"2026-09-09 18:00:00","2026-09-10 09:00:00","CAPE","surface",-70.069,19.1386,1585
"2026-09-09 18:00:00","2026-09-10 09:00:00","CAPE","surface",-70.0451,19.1386,1699
"2026-09-09 18:00:00","2026-09-10 09:00:00","CAPE","surface",-70.0212,19.1386,1699
"2026-09-09 18:00:00","2026-09-10 09:00:00","CAPE","surface",-69.9972,19.1386,1792
"2026-09-09 18:00:00","2026-09-10 09:00:00","CAPE","surface",-69.9733,19.1386,1878
"2026-09-09 18:00:00","2026-09-10 09:00:00","CAPE","surface",-69.9494,19.1386,1933
"2026-09-09 18:00:00","2026-09-10 09:00:00","CAPE","surface",-69.9255,19.1386,1933
"2026-09-09 18:00:00","2026-09-10 09:00:00","CAPE","surface",-69.9015,19.1386,1986
"2026-09-09 18:00:00","2026-09-10 09:00:00","CAPE","surface",-69.8776,19.1386,2057
"2026-09-09 18:00:00","2026-09-10 09:00:00","CAPE","surface",-69.8537,19.1386,2110
"2026-09-09 18:00:00","2026-09-10 09:00:00","CAPE","surface",-69.8298,19.1386,2228
"2026-09-09 18:00:00","2026-09-10 09:00:00","CAPE","surface",-69.8058,19.1386,2228
"2026-09-09 18:00:00","2026-09-10 09:00:00","CAPE","surface",-69.7819,19.1386,2365
"2026-09-09 18:00:00","2026-09-10 09:00:00","CAPE","surface",-69.758,19.1386,2373
"2026-09-09 18:00:00","2026-09-10 09:00:00","CAPE","surface",-69.7341,19.1386,2387
"2026-09-09 18:00:00","2026-09-10 09:00:00","CAPE","surface",-69.7101,19.1386,2387
"2026-09-09 18:00:00","2026-09-10 09:00:00","CAPE","surface",-69.6862,19.1386,2361
"2026-09-09 18:00:00","2026-09-10 09:00:00","CAPE","surface",-69.6623,19.1386,1786
"2026-09-09 18:00:00","2026-09-10 09:00:00","CAPE","surface",-69.6384,19.1386,1685
"2026-09-09 18:00:00","2026-09-10 09:00:00","CAPE","surface",-69.6144,19.1386,2034
"2026-09-09 18:00:00","2026-09-10 09:00:00","CAPE","surface",-69.5905,19.1386,2034
"2026-09-09 18:00:00","2026-09-10 09:00:00","CAPE","surface",-69.5666,19.1386,1874
"2026-09-09 18:00:00","2026-09-10 09:00:00","CAPE","surface",-69.5427,19.1386,2110
"2026-09-09 18:00:00","2026-09-10 09:00:00","CAPE","surface",-69.5187,19.1386,2218
"2026-09-09 18:00:00","2026-09-10 09:00:00","CAPE","surface",-69.4948,19.1386,2218
"2026-09-09 18:00:00","2026-09-10 09:00:00","CAPE","surface",-69.4709,19.1386,2404
"2026-09-09 18:00:00","2026-09-10 09:00:00","CAPE","surface",-69.447,19.1386,2436
"2026-09-09 18:00:00","2026-09-10 09:00:00","CAPE","surface",-69.423,19.1386,2651
"2026-09-09 18:00:00","2026-09-10 09:00:00","CAPE","surface",-69.3991,19.1386,2992
"2026-09-09 18:00:00","2026-09-10 09:00:00","CAPE","surface",-69.3752,19.1386,3049
"2026-09-09 18:00:00","2026-09-10 09:00:00","CAPE","surface",-69.3513,19.1386,3301
"2026-09-09 18:00:00","2026-09-10 09:00:00","CAPE","surface",-69.3273,19.1386,3348
"2026-09-09 18:00:00","2026-09-10 09:00:00","CAPE","surface",-69.3034,19.1386,3216
"2026-09-09 18:00:00","2026-09-10 09:00:00","CAPE","surface",-69.2795,19.1386,3216
"2026-09-09 18:00:00","2026-09-10 09:00:00","CAPE","surface",-69.2556,19.1386,2983
"2026-09-09 18:00:00","2026-09-10 09:00:00","CAPE","surface",-69.2316,19.1386,3002
"2026-09-09 18:00:00","2026-09-10 09:00:00","CAPE","surface",-69.2077,19.1386,2887
"2026-09-09 18:00:00","2026-09-10 09:00:00","CAPE","surface",-69.1838,19.1386,2799
"2026-09-09 18:00:00","2026-09-10 09:00:00","CAPE","surface",-69.1599,19.1386,2831
"2026-09-09 18:00:00","2026-09-10 09:00:00","CAPE","surface",-69.1359,19.1386,2812
"2026-09-09 18:00:00","2026-09-10 09:00:00","CAPE","surface",-69.112,19.1386,2921
"2026-09-09 18:00:00","2026-09-10 09:00:00","CAPE","surface",-69.0881,19.1386,3192
"2026-09-09 18:00:00","2026-09-10 09:00:00","CAPE","surface",-69.0642,19.1386,3192
"2026-09-09 18:00:00","2026-09-10 09:00:00","CAPE","surface",-69.0402,19.1386,3243
"2026-09-09 18:00:00","2026-09-10 09:00:00","CAPE","surface",-69.0163,19.1386,3168
"2026-09-09 18:00:00","2026-09-10 09:00:00","CAPE","surface",-68.9924,19.1386,2840
"2026-09-09 18:00:00","2026-09-10 09:00:00","CAPE","surface",-68.9685,19.1386,2840
"2026-09-09 18:00:00","2026-09-10 09:00:00","CAPE","surface",-68.9445,19.1386,2492
"2026-09-09 18:00:00","2026-09-10 09:00:00","CAPE","surface",-68.9206,19.1386,2419
"2026-09-09 18:00:00","2026-09-10 09:00:00","CAPE","surface",-68.8967,19.1386,2068
"2026-09-09 18:00:00","2026-09-10 09:00:00","CAPE","surface",-68.8728,19.1386,2160
"2026-09-09 18:00:00","2026-09-10 09:00:00","CAPE","surface",-68.8488,19.1386,1476
"2026-09-09 18:00:00","2026-09-10 09:00:00","CAPE","surface",-68.8249,19.1386,927
"2026-09-09 18:00:00","2026-09-10 09:00:00","CAPE","surface",-68.801,19.1386,772
"2026-09-09 18:00:00","2026-09-10 09:00:00","CAPE","surface",-68.7771,19.1386,680
"2026-09-09 18:00:00","2026-09-10 09:00:00","CAPE","surface",-68.7531,19.1386,680
"2026-09-09 18:00:00","2026-09-10 09:00:00","CAPE","surface",-68.7292,19.1386,653
"2026-09-09 18:00:00","2026-09-10 09:00:00","CAPE","surface",-68.7053,19.1386,728
"2026-09-09 18:00:00","2026-09-10 09:00:00","CAPE","surface",-68.6813,19.1386,1010
"2026-09-09 18:00:00","2026-09-10 09:00:00","CAPE","surface",-68.6574,19.1386,939
"2026-09-09 18:00:00","2026-09-10 09:00:00","CAPE","surface",-68.6335,19.1386,1313
"2026-09-09 18:00:00","2026-09-10 09:00:00","CAPE","surface",-68.6096,19.1386,1616
"2026-09-09 18:00:00","2026-09-10 09:00:00","CAPE","surface",-68.5856,19.1386,1897
"2026-09-09 18:00:00","2026-09-10 09:00:00","CAPE","surface",-68.5617,19.1386,1867
"2026-09-09 18:00:00","2026-09-10 09:00:00","CAPE","surface",-68.5378,19.1386,2041
"2026-09-09 18:00:00","2026-09-10 09:00:00","CAPE","surface",-68.5139,19.1386,2140
"2026-09-09 18:00:00","2026-09-10 09:00:00","CAPE","surface",-68.4899,19.1386,2272
"2026-09-09 18:00:00","2026-09-10 09:00:00","CAPE","surface",-68.466,19.1386,2272
"2026-09-09 18:00:00","2026-09-10 09:00:00","CAPE","surface",-68.4421,19.1386,2402
"2026-09-09 18:00:00","2026-09-10 09:00:00","CAPE","surface",-68.4182,19.1386,2442
"2026-09-09 18:00:00","2026-09-10 09:00:00","CAPE","surface",-68.3942,19.1386,2730
"2026-09-09 18:00:00","2026-09-10 09:00:00","CAPE","surface",-68.3703,19.1386,2857
"2026-09-09 18:00:00","2026-09-10 09:00:00","CAPE","surface",-68.3464,19.1386,2922
"2026-09-09 18:00:00","2026-09-10 09:00:00","CAPE","surface",-68.3225,19.1386,2985
"2026-09-09 18:00:00","2026-09-10 09:00:00","CAPE","surface",-68.2985,19.1386,3139
"2026-09-09 18:00:00","2026-09-10 09:00:00","CAPE","surface",-68.2746,19.1386,3314
"2026-09-09 18:00:00","2026-09-10 09:00:00","CAPE","surface",-68.2507,19.1386,3314
"2026-09-09 18:00:00","2026-09-10 09:00:00","CAPE","surface",-68.2268,19.1386,3383
"2026-09-09 18:00:00","2026-09-10 09:00:00","CAPE","surface",-68.2028,19.1386,3212
"2026-09-09 18:00:00","2026-09-10 09:00:00","CAPE","surface",-68.1789,19.1386,2832
"2026-09-09 18:00:00","2026-09-10 09:00:00","CAPE","surface",-68.155,19.1386,2832
"2026-09-09 18:00:00","2026-09-10 09:00:00","CAPE","surface",-68.1311,19.1386,2717
"2026-09-09 18:00:00","2026-09-10 09:00:00","CAPE","surface",-68.1071,19.1386,2819
"2026-09-09 18:00:00","2026-09-10 09:00:00","CAPE","surface",-68.0832,19.1386,2867
"2026-09-09 18:00:00","2026-09-10 09:00:00","CAPE","surface",-68.0593,19.1386,2866
"2026-09-09 18:00:00","2026-09-10 09:00:00","CAPE","surface",-68.0354,19.1386,2888
"2026-09-09 18:00:00","2026-09-10 09:00:00","CAPE","surface",-68.0114,19.1386,2894
"2026-09-09 18:00:00","2026-09-10 09:00:00","CAPE","surface",-67.9875,19.1386,2954
"2026-09-09 18:00:00","2026-09-10 09:00:00","CAPE","surface",-67.9636,19.1386,2954
"2026-09-09 18:00:00","2026-09-10 09:00:00","CAPE","surface",-67.9397,19.1386,2998
"2026-09-09 18:00:00","2026-09-10 09:00:00","CAPE","surface",-67.9157,19.1386,3014
"2026-09-09 18:00:00","2026-09-10 09:00:00","CAPE","surface",-67.8918,19.1386,3036
"2026-09-09 18:00:00","2026-09-10 09:00:00","CAPE","surface",-67.8679,19.1386,3036
"2026-09-09 18:00:00","2026-09-10 09:00:00","CAPE","surface",-67.844,19.1386,3078
"2026-09-09 18:00:00","2026-09-10 09:00:00","CAPE","surface",-67.82,19.1386,3059
"2026-09-09 18:00:00","2026-09-10 09:00:00","CAPE","surface",-67.7961,19.1386,2965
"2026-09-09 18:00:00","2026-09-10 09:00:00","CAPE","surface",-67.7722,19.1386,2910
"2026-09-09 18:00:00","2026-09-10 09:00:00","CAPE","surface",-67.7483,19.1386,2938
"2026-09-09 18:00:00","2026-09-10 09:00:00","CAPE","surface",-67.7243,19.1386,2966
"2026-09-09 18:00:00","2026-09-10 09:00:00","CAPE","surface",-67.7004,19.1386,2986
"2026-09-09 18:00:00","2026-09-10 09:00:00","CAPE","surface",-67.6765,19.1386,3015
"2026-09-09 18:00:00","2026-09-10 09:00:00","CAPE","surface",-67.6526,19.1386,3015
"2026-09-09 18:00:00","2026-09-10 09:00:00","CAPE","surface",-67.6286,19.1386,3088
"2026-09-09 18:00:00","2026-09-10 09:00:00","CAPE","surface",-67.6047,19.1386,3210
"2026-09-09 18:00:00","2026-09-10 09:00:00","CAPE","surface",-67.5808,19.1386,3326
"2026-09-09 18:00:00","2026-09-10 09:00:00","CAPE","surface",-67.5569,19.1386,3326
"2026-09-09 18:00:00","2026-09-10 09:00:00","CAPE","surface",-67.5329,19.1386,3403
"2026-09-09 18:00:00","2026-09-10 09:00:00","CAPE","surface",-67.509,19.1386,3358
"2026-09-09 18:00:00","2026-09-10 09:00:00","CAPE","surface",-67.4851,19.1386,3162
"2026-09-09 18:00:00","2026-09-10 09:00:00","CAPE","surface",-67.4612,19.1386,3157
"2026-09-09 18:00:00","2026-09-10 09:00:00","CAPE","surface",-67.4372,19.1386,3001
"2026-09-09 18:00:00","2026-09-10 09:00:00","CAPE","surface",-67.4133,19.1386,2931
"2026-09-09 18:00:00","2026-09-10 09:00:00","CAPE","surface",-67.3894,19.1386,2852
"2026-09-09 18:00:00","2026-09-10 09:00:00","CAPE","surface",-67.3655,19.1386,2929
"2026-09-09 18:00:00","2026-09-10 09:00:00","CAPE","surface",-67.3415,19.1386,3060
"2026-09-09 18:00:00","2026-09-10 09:00:00","CAPE","surface",-67.3176,19.1386,3106
"2026-09-09 18:00:00","2026-09-10 09:00:00","CAPE","surface",-67.2937,19.1386,3297
"2026-09-09 18:00:00","2026-09-10 09:00:00","CAPE","surface",-67.2698,19.1386,3297
"2026-09-09 18:00:00","2026-09-10 09:00:00","CAPE","surface",-67.2458,19.1386,3510
"2026-09-09 18:00:00","2026-09-10 09:00:00","CAPE","surface",-67.2219,19.1386,3543
"2026-09-09 18:00:00","2026-09-10 09:00:00","CAPE","surface",-67.198,19.1386,3692
"2026-09-09 18:00:00","2026-09-10 09:00:00","CAPE","surface",-67.1741,19.1386,3638
"2026-09-09 18:00:00","2026-09-10 09:00:00","CAPE","surface",-67.1501,19.1386,3520
"2026-09-09 18:00:00","2026-09-10 09:00:00","CAPE","surface",-67.1262,19.1386,3105
"2026-09-09 18:00:00","2026-09-10 09:00:00","CAPE","surface",-67.1023,19.1386,2912
"2026-09-09 18:00:00","2026-09-10 09:00:00","CAPE","surface",-67.0784,19.1386,2892
"2026-09-09 18:00:00","2026-09-10 09:00:00","CAPE","surface",-67.0544,19.1386,2845
"2026-09-09 18:00:00","2026-09-10 09:00:00","CAPE","surface",-67.0305,19.1386,2959
"2026-09-09 18:00:00","2026-09-10 09:00:00","CAPE","surface",-67.0066,19.1386,3081
"2026-09-09 18:00:00","2026-09-10 09:00:00","CAPE","surface",-74.7822,19.1612,2258
"2026-09-09 18:00:00","2026-09-10 09:00:00","CAPE","surface",-74.7583,19.1612,2138
"2026-09-09 18:00:00","2026-09-10 09:00:00","CAPE","surface",-74.7344,19.1612,2121
"2026-09-09 18:00:00","2026-09-10 09:00:00","CAPE","surface",-74.7105,19.1612,2112
"2026-09-09 18:00:00","2026-09-10 09:00:00","CAPE","surface",-74.6865,19.1612,2112
"2026-09-09 18:00:00","2026-09-10 09:00:00","CAPE","surface",-74.6626,19.1612,2063
"2026-09-09 18:00:00","2026-09-10 09:00:00","CAPE","surface",-74.6387,19.1612,2016
"2026-09-09 18:00:00","2026-09-10 09:00:00","CAPE","surface",-74.6148,19.1612,2012
"2026-09-09 18:00:00","2026-09-10 09:00:00","CAPE","surface",-74.5908,19.1612,2095
"2026-09-09 18:00:00","2026-09-10 09:00:00","CAPE","surface",-74.5669,19.1612,2095
"2026-09-09 18:00:00","2026-09-10 09:00:00","CAPE","surface",-74.543,19.1612,2194
"2026-09-09 18:00:00","2026-09-10 09:00:00","CAPE","surface",-74.5191,19.1612,2207
"2026-09-09 18:00:00","2026-09-10 09:00:00","CAPE","surface",-74.4951,19.1612,2306
"2026-09-09 18:00:00","2026-09-10 09:00:00","CAPE","surface",-74.4712,19.1612,2296
"2026-09-09 18:00:00","2026-09-10 09:00:00","CAPE","surface",-74.4473,19.1612,2400
"2026-09-09 18:00:00","2026-09-10 09:00:00","CAPE","surface",-74.4234,19.1612,2400
"2026-09-09 18:00:00","2026-09-10 09:00:00","CAPE","surface",-74.3994,19.1612,2514
"2026-09-09 18:00:00","2026-09-10 09:00:00","CAPE","surface",-74.3755,19.1612,2470
"2026-09-09 18:00:00","2026-09-10 09:00:00","CAPE","surface",-74.3516,19.1612,2546
"2026-09-09 18:00:00","2026-09-10 09:00:00","CAPE","surface",-74.3277,19.1612,2512
"2026-09-09 18:00:00","2026-09-10 09:00:00","CAPE","surface",-74.3037,19.1612,2583
"2026-09-09 18:00:00","2026-09-10 09:00:00","CAPE","surface",-74.2798,19.1612,2583
"2026-09-09 18:00:00","2026-09-10 09:00:00","CAPE","surface",-74.2559,19.1612,2595
"2026-09-09 18:00:00","2026-09-10 09:00:00","CAPE","surface",-74.232,19.1612,2458
"2026-09-09 18:00:00","2026-09-10 09:00:00","CAPE","surface",-74.208,19.1612,2484
"2026-09-09 18:00:00","2026-09-10 09:00:00","CAPE","surface",-74.1841,19.1612,2372
"2026-09-09 18:00:00","2026-09-10 09:00:00","CAPE","surface",-74.1602,19.1612,2551
"2026-09-09 18:00:00","2026-09-10 09:00:00","CAPE","surface",-74.1363,19.1612,2395
"2026-09-09 18:00:00","2026-09-10 09:00:00","CAPE","surface",-74.1123,19.1612,2577
"2026-09-09 18:00:00","2026-09-10 09:00:00","CAPE","surface",-74.0884,19.1612,2428
"2026-09-09 18:00:00","2026-09-10 09:00:00","CAPE","surface",-74.0645,19.1612,2607
"2026-09-09 18:00:00","2026-09-10 09:00:00","CAPE","surface",-74.0406,19.1612,2480
"2026-09-09 18:00:00","2026-09-10 09:00:00","CAPE","surface",-74.0166,19.1612,2652
"2026-09-09 18:00:00","2026-09-10 09:00:00","CAPE","surface",-73.9927,19.1612,2500
"2026-09-09 18:00:00","2026-09-10 09:00:00","CAPE","surface",-73.9688,19.1612,2493
"2026-09-09 18:00:00","2026-09-10 09:00:00","CAPE","surface",-73.9449,19.1612,2467
"2026-09-09 18:00:00","2026-09-10 09:00:00","CAPE","surface",-73.9209,19.1612,2485
"2026-09-09 18:00:00","2026-09-10 09:00:00","CAPE","surface",-73.897,19.1612,2485
"2026-09-09 18:00:00","2026-09-10 09:00:00","CAPE","surface",-73.8731,19.1612,2520
"2026-09-09 18:00:00","2026-09-10 09:00:00","CAPE","surface",-73.8492,19.1612,2536
"2026-09-09 18:00:00","2026-09-10 09:00:00","CAPE","surface",-73.8252,19.1612,2518
"2026-09-09 18:00:00","2026-09-10 09:00:00","CAPE","surface",-73.8013,19.1612,2488
"2026-09-09 18:00:00","2026-09-10 09:00:00","CAPE","surface",-73.7774,19.1612,2408
"2026-09-09 18:00:00","2026-09-10 09:00:00","CAPE","surface",-73.7535,19.1612,2408
"2026-09-09 18:00:00","2026-09-10 09:00:00","CAPE","surface",-73.7295,19.1612,2342
"2026-09-09 18:00:00","2026-09-10 09:00:00","CAPE","surface",-73.7056,19.1612,2332
"2026-09-09 18:00:00","2026-09-10 09:00:00","CAPE","surface",-73.6817,19.1612,2214
"2026-09-09 18:00:00","2026-09-10 09:00:00","CAPE","surface",-73.6578,19.1612,2195
"2026-09-09 18:00:00","2026-09-10 09:00:00","CAPE","surface",-73.6338,19.1612,2069
"2026-09-09 18:00:00","2026-09-10 09:00:00","CAPE","surface",-73.6099,19.1612,2055
"2026-09-09 18:00:00","2026-09-10 09:00:00","CAPE","surface",-73.586,19.1612,1721
"2026-09-09 18:00:00","2026-09-10 09:00:00","CAPE","surface",-73.5621,19.1612,1655
"2026-09-09 18:00:00","2026-09-10 09:00:00","CAPE","surface",-73.5381,19.1612,1589
"2026-09-09 18:00:00","2026-09-10 09:00:00","CAPE","surface",-73.5142,19.1612,1694
"2026-09-09 18:00:00","2026-09-10 09:00:00","CAPE","surface",-73.4903,19.1612,1694
"2026-09-09 18:00:00","2026-09-10 09:00:00","CAPE","surface",-73.4664,19.1612,1973
"2026-09-09 18:00:00","2026-09-10 09:00:00","CAPE","surface",-73.4424,19.1612,2075
"2026-09-09 18:00:00","2026-09-10 09:00:00","CAPE","surface",-73.4185,19.1612,2135
"2026-09-09 18:00:00","2026-09-10 09:00:00","CAPE","surface",-73.3946,19.1612,2101
"2026-09-09 18:00:00","2026-09-10 09:00:00","CAPE","surface",-73.3707,19.1612,1762
"2026-09-09 18:00:00","2026-09-10 09:00:00","CAPE","surface",-73.3467,19.1612,1713
"2026-09-09 18:00:00","2026-09-10 09:00:00","CAPE","surface",-73.3228,19.1612,1794
"2026-09-09 18:00:00","2026-09-10 09:00:00","CAPE","surface",-73.2989,19.1612,1763
"2026-09-09 18:00:00","2026-09-10 09:00:00","CAPE","surface",-73.275,19.1612,2001
"2026-09-09 18:00:00","2026-09-10 09:00:00","CAPE","surface",-73.251,19.1612,2001
"2026-09-09 18:00:00","2026-09-10 09:00:00","CAPE","surface",-73.2271,19.1612,2126
"2026-09-09 18:00:00","2026-09-10 09:00:00","CAPE","surface",-73.2032,19.1612,2120
"2026-09-09 18:00:00","2026-09-10 09:00:00","CAPE","surface",-73.1793,19.1612,2143
"2026-09-09 18:00:00","2026-09-10 09:00:00","CAPE","surface",-73.1553,19.1612,2109
"2026-09-09 18:00:00","2026-09-10 09:00:00","CAPE","surface",-73.1314,19.1612,2094
"2026-09-09 18:00:00","2026-09-10 09:00:00","CAPE","surface",-73.1075,19.1612,2094
"2026-09-09 18:00:00","2026-09-10 09:00:00","CAPE","surface",-73.0836,19.1612,2098
"2026-09-09 18:00:00","2026-09-10 09:00:00","CAPE","surface",-73.0596,19.1612,2021
"2026-09-09 18:00:00","2026-09-10 09:00:00","CAPE","surface",-73.0357,19.1612,1881
"2026-09-09 18:00:00","2026-09-10 09:00:00","CAPE","surface",-73.0118,19.1612,1835
"2026-09-09 18:00:00","2026-09-10 09:00:00","CAPE","surface",-72.9879,19.1612,1834
"2026-09-09 18:00:00","2026-09-10 09:00:00","CAPE","surface",-72.9639,19.1612,1759
"2026-09-09 18:00:00","2026-09-10 09:00:00","CAPE","surface",-72.94,19.1612,1725
"2026-09-09 18:00:00","2026-09-10 09:00:00","CAPE","surface",-72.9161,19.1612,1709
"2026-09-09 18:00:00","2026-09-10 09:00:00","CAPE","surface",-72.8922,19.1612,1683
"2026-09-09 18:00:00","2026-09-10 09:00:00","CAPE","surface",-72.8682,19.1612,1710
"2026-09-09 18:00:00","2026-09-10 09:00:00","CAPE","surface",-72.8443,19.1612,1664
"2026-09-09 18:00:00","2026-09-10 09:00:00","CAPE","surface",-72.8204,19.1612,1582
"2026-09-09 18:00:00","2026-09-10 09:00:00","CAPE","surface",-72.7965,19.1612,1502
"2026-09-09 18:00:00","2026-09-10 09:00:00","CAPE","surface",-72.7725,19.1612,1168
"2026-09-09 18:00:00","2026-09-10 09:00:00","CAPE","surface",-72.7486,19.1612,1168
"2026-09-09 18:00:00","2026-09-10 09:00:00","CAPE","surface",-72.7247,19.1612,818
"2026-09-09 18:00:00","2026-09-10 09:00:00","CAPE","surface",-72.7008,19.1612,866
"2026-09-09 18:00:00","2026-09-10 09:00:00","CAPE","surface",-72.6768,19.1612,831
"2026-09-09 18:00:00","2026-09-10 09:00:00","CAPE","surface",-72.6529,19.1612,769
"2026-09-09 18:00:00","2026-09-10 09:00:00","CAPE","surface",-72.629,19.1612,763
"2026-09-09 18:00:00","2026-09-10 09:00:00","CAPE","surface",-72.6051,19.1612,706
"2026-09-09 18:00:00","2026-09-10 09:00:00","CAPE","surface",-72.5811,19.1612,648
"2026-09-09 18:00:00","2026-09-10 09:00:00","CAPE","surface",-72.5572,19.1612,748
"2026-09-09 18:00:00","2026-09-10 09:00:00","CAPE","surface",-72.5333,19.1612,758
"2026-09-09 18:00:00","2026-09-10 09:00:00","CAPE","surface",-72.5094,19.1612,758
"2026-09-09 18:00:00","2026-09-10 09:00:00","CAPE","surface",-72.4854,19.1612,877
"2026-09-09 18:00:00","2026-09-10 09:00:00","CAPE","surface",-72.4615,19.1612,1022
"2026-09-09 18:00:00","2026-09-10 09:00:00","CAPE","surface",-72.4376,19.1612,1034
"2026-09-09 18:00:00","2026-09-10 09:00:00","CAPE","surface",-72.4137,19.1612,989
"2026-09-09 18:00:00","2026-09-10 09:00:00","CAPE","surface",-72.3897,19.1612,897
"2026-09-09 18:00:00","2026-09-10 09:00:00","CAPE","surface",-72.3658,19.1612,885
"2026-09-09 18:00:00","2026-09-10 09:00:00","CAPE","surface",-72.3419,19.1612,868
"2026-09-09 18:00:00","2026-09-10 09:00:00","CAPE","surface",-72.318,19.1612,859
"2026-09-09 18:00:00","2026-09-10 09:00:00","CAPE","surface",-72.294,19.1612,664
"2026-09-09 18:00:00","2026-09-10 09:00:00","CAPE","surface",-72.2701,19.1612,573
"2026-09-09 18:00:00","2026-09-10 09:00:00","CAPE","surface",-72.2462,19.1612,480
"2026-09-09 18:00:00","2026-09-10 09:00:00","CAPE","surface",-72.2223,19.1612,426
"2026-09-09 18:00:00","2026-09-10 09:00:00","CAPE","surface",-72.1983,19.1612,470
"2026-09-09 18:00:00","2026-09-10 09:00:00","CAPE","surface",-72.1744,19.1612,401
"2026-09-09 18:00:00","2026-09-10 09:00:00","CAPE","surface",-72.1505,19.1612,401
"2026-09-09 18:00:00","2026-09-10 09:00:00","CAPE","surface",-72.1266,19.1612,430
"2026-09-09 18:00:00","2026-09-10 09:00:00","CAPE","surface",-72.1026,19.1612,464
"2026-09-09 18:00:00","2026-09-10 09:00:00","CAPE","surface",-72.0787,19.1612,527
"2026-09-09 18:00:00","2026-09-10 09:00:00","CAPE","surface",-72.0548,19.1612,588
"2026-09-09 18:00:00","2026-09-10 09:00:00","CAPE","surface",-72.0309,19.1612,567
"2026-09-09 18:00:00","2026-09-10 09:00:00","CAPE","surface",-72.0069,19.1612,614
"2026-09-09 18:00:00","2026-09-10 09:00:00","CAPE","surface",-71.983,19.1612,788
"2026-09-09 18:00:00","2026-09-10 09:00:00","CAPE","surface",-71.9591,19.1612,875
"2026-09-09 18:00:00","2026-09-10 09:00:00","CAPE","surface",-71.9352,19.1612,626
"2026-09-09 18:00:00","2026-09-10 09:00:00","CAPE","surface",-71.9112,19.1612,428
"2026-09-09 18:00:00","2026-09-10 09:00:00","CAPE","surface",-71.8873,19.1612,451
"2026-09-09 18:00:00","2026-09-10 09:00:00","CAPE","surface",-71.8634,19.1612,497
"2026-09-09 18:00:00","2026-09-10 09:00:00","CAPE","surface",-71.8395,19.1612,493
"2026-09-09 18:00:00","2026-09-10 09:00:00","CAPE","surface",-71.8155,19.1612,570
"2026-09-09 18:00:00","2026-09-10 09:00:00","CAPE","surface",-71.7916,19.1612,570
"2026-09-09 18:00:00","2026-09-10 09:00:00","CAPE","surface",-71.7677,19.1612,651
"2026-09-09 18:00:00","2026-09-10 09:00:00","CAPE","surface",-71.7438,19.1612,717
"2026-09-09 18:00:00","2026-09-10 09:00:00","CAPE","surface",-71.7198,19.1612,812
"2026-09-09 18:00:00","2026-09-10 09:00:00","CAPE","surface",-71.6959,19.1612,781
"2026-09-09 18:00:00","2026-09-10 09:00:00","CAPE","surface",-71.672,19.1612,774
"2026-09-09 18:00:00","2026-09-10 09:00:00","CAPE","surface",-71.6481,19.1612,726
"2026-09-09 18:00:00","2026-09-10 09:00:00","CAPE","surface",-71.6241,19.1612,722
"2026-09-09 18:00:00","2026-09-10 09:00:00","CAPE","surface",-71.6002,19.1612,519
"2026-09-09 18:00:00","2026-09-10 09:00:00","CAPE","surface",-71.5763,19.1612,374
"2026-09-09 18:00:00","2026-09-10 09:00:00","CAPE","surface",-71.5524,19.1612,601
"2026-09-09 18:00:00","2026-09-10 09:00:00","CAPE","surface",-71.5284,19.1612,573
"2026-09-09 18:00:00","2026-09-10 09:00:00","CAPE","surface",-71.5045,19.1612,634
"2026-09-09 18:00:00","2026-09-10 09:00:00","CAPE","surface",-71.4806,19.1612,657
"2026-09-09 18:00:00","2026-09-10 09:00:00","CAPE","surface",-71.4567,19.1612,661
"2026-09-09 18:00:00","2026-09-10 09:00:00","CAPE","surface",-71.4327,19.1612,661
"2026-09-09 18:00:00","2026-09-10 09:00:00","CAPE","surface",-71.4088,19.1612,646
"2026-09-09 18:00:00","2026-09-10 09:00:00","CAPE","surface",-71.3849,19.1612,643
"2026-09-09 18:00:00","2026-09-10 09:00:00","CAPE","surface",-71.361,19.1612,251
"2026-09-09 18:00:00","2026-09-10 09:00:00","CAPE","surface",-71.337,19.1612,89
"2026-09-09 18:00:00","2026-09-10 09:00:00","CAPE","surface",-71.3131,19.1612,87
"2026-09-09 18:00:00","2026-09-10 09:00:00","CAPE","surface",-71.2892,19.1612,4
"2026-09-09 18:00:00","2026-09-10 09:00:00","CAPE","surface",-71.2653,19.1612,0
"2026-09-09 18:00:00","2026-09-10 09:00:00","CAPE","surface",-71.2413,19.1612,0
"2026-09-09 18:00:00","2026-09-10 09:00:00","CAPE","surface",-71.2174,19.1612,0
"2026-09-09 18:00:00","2026-09-10 09:00:00","CAPE","surface",-71.1935,19.1612,0
"2026-09-09 18:00:00","2026-09-10 09:00:00","CAPE","surface",-71.1696,19.1612,0
"2026-09-09 18:00:00","2026-09-10 09:00:00","CAPE","surface",-71.1456,19.1612,0
"2026-09-09 18:00:00","2026-09-10 09:00:00","CAPE","surface",-71.1217,19.1612,0
"2026-09-09 18:00:00","2026-09-10 09:00:00","CAPE","surface",-71.0978,19.1612,0
"2026-09-09 18:00:00","2026-09-10 09:00:00","CAPE","surface",-71.0739,19.1612,0
"2026-09-09 18:00:00","2026-09-10 09:00:00","CAPE","surface",-71.0499,19.1612,0
"2026-09-09 18:00:00","2026-09-10 09:00:00","CAPE","surface",-71.026,19.1612,0
"2026-09-09 18:00:00","2026-09-10 09:00:00","CAPE","surface",-71.0021,19.1612,26
"2026-09-09 18:00:00","2026-09-10 09:00:00","CAPE","surface",-70.9782,19.1612,26
"2026-09-09 18:00:00","2026-09-10 09:00:00","CAPE","surface",-70.9542,19.1612,49
"2026-09-09 18:00:00","2026-09-10 09:00:00","CAPE","surface",-70.9303,19.1612,64
"2026-09-09 18:00:00","2026-09-10 09:00:00","CAPE","surface",-70.9064,19.1612,168
"2026-09-09 18:00:00","2026-09-10 09:00:00","CAPE","surface",-70.8825,19.1612,292
"2026-09-09 18:00:00","2026-09-10 09:00:00","CAPE","surface",-70.8585,19.1612,292
"2026-09-09 18:00:00","2026-09-10 09:00:00","CAPE","surface",-70.8346,19.1612,396
"2026-09-09 18:00:00","2026-09-10 09:00:00","CAPE","surface",-70.8107,19.1612,421
"2026-09-09 18:00:00","2026-09-10 09:00:00","CAPE","surface",-70.7868,19.1612,511
"2026-09-09 18:00:00","2026-09-10 09:00:00","CAPE","surface",-70.7628,19.1612,511
"2026-09-09 18:00:00","2026-09-10 09:00:00","CAPE","surface",-70.7389,19.1612,555
"2026-09-09 18:00:00","2026-09-10 09:00:00","CAPE","surface",-70.715,19.1612,597
"2026-09-09 18:00:00","2026-09-10 09:00:00","CAPE","surface",-70.6911,19.1612,610
"2026-09-09 18:00:00","2026-09-10 09:00:00","CAPE","surface",-70.6671,19.1612,589
"2026-09-09 18:00:00","2026-09-10 09:00:00","CAPE","surface",-70.6432,19.1612,587
"2026-09-09 18:00:00","2026-09-10 09:00:00","CAPE","surface",-70.6193,19.1612,602
"2026-09-09 18:00:00","2026-09-10 09:00:00","CAPE","surface",-70.5954,19.1612,708
"2026-09-09 18:00:00","2026-09-10 09:00:00","CAPE","surface",-70.5714,19.1612,770
"2026-09-09 18:00:00","2026-09-10 09:00:00","CAPE","surface",-70.5475,19.1612,702
"2026-09-09 18:00:00","2026-09-10 09:00:00","CAPE","surface",-70.5236,19.1612,937
"2026-09-09 18:00:00","2026-09-10 09:00:00","CAPE","surface",-70.4997,19.1612,848
"2026-09-09 18:00:00","2026-09-10 09:00:00","CAPE","surface",-70.4757,19.1612,956
"2026-09-09 18:00:00","2026-09-10 09:00:00","CAPE","surface",-70.4518,19.1612,929
"2026-09-09 18:00:00","2026-09-10 09:00:00","CAPE","surface",-70.4279,19.1612,1148
"2026-09-09 18:00:00","2026-09-10 09:00:00","CAPE","surface",-70.404,19.1612,1091
"2026-09-09 18:00:00","2026-09-10 09:00:00","CAPE","surface",-70.38,19.1612,1254
"2026-09-09 18:00:00","2026-09-10 09:00:00","CAPE","surface",-70.3561,19.1612,1257
"2026-09-09 18:00:00","2026-09-10 09:00:00","CAPE","surface",-70.3322,19.1612,1387
"2026-09-09 18:00:00","2026-09-10 09:00:00","CAPE","surface",-70.3083,19.1612,1387
"2026-09-09 18:00:00","2026-09-10 09:00:00","CAPE","surface",-70.2843,19.1612,1428
"2026-09-09 18:00:00","2026-09-10 09:00:00","CAPE","surface",-70.2604,19.1612,1465
"2026-09-09 18:00:00","2026-09-10 09:00:00","CAPE","surface",-70.2365,19.1612,1452
"2026-09-09 18:00:00","2026-09-10 09:00:00","CAPE","surface",-70.2126,19.1612,1483
"2026-09-09 18:00:00","2026-09-10 09:00:00","CAPE","surface",-70.1886,19.1612,1479
"2026-09-09 18:00:00","2026-09-10 09:00:00","CAPE","surface",-70.1647,19.1612,1536
"2026-09-09 18:00:00","2026-09-10 09:00:00","CAPE","surface",-70.1408,19.1612,1503
"2026-09-09 18:00:00","2026-09-10 09:00:00","CAPE","surface",-70.1169,19.1612,1561
"2026-09-09 18:00:00","2026-09-10 09:00:00","CAPE","surface",-70.0929,19.1612,1561
"2026-09-09 18:00:00","2026-09-10 09:00:00","CAPE","surface",-70.069,19.1612,1593
"2026-09-09 18:00:00","2026-09-10 09:00:00","CAPE","surface",-70.0451,19.1612,1658
"2026-09-09 18:00:00","2026-09-10 09:00:00","CAPE","surface",-70.0212,19.1612,1827
"2026-09-09 18:00:00","2026-09-10 09:00:00","CAPE","surface",-69.9972,19.1612,1906
"2026-09-09 18:00:00","2026-09-10 09:00:00","CAPE","surface",-69.9733,19.1612,1906
"2026-09-09 18:00:00","2026-09-10 09:00:00","CAPE","surface",-69.9494,19.1612,1955
"2026-09-09 18:00:00","2026-09-10 09:00:00","CAPE","surface",-69.9255,19.1612,1962
"2026-09-09 18:00:00","2026-09-10 09:00:00","CAPE","surface",-69.9015,19.1612,2004
"2026-09-09 18:00:00","2026-09-10 09:00:00","CAPE","surface",-69.8776,19.1612,2004
"2026-09-09 18:00:00","2026-09-10 09:00:00","CAPE","surface",-69.8537,19.1612,2137
"2026-09-09 18:00:00","2026-09-10 09:00:00","CAPE","surface",-69.8298,19.1612,2186
"2026-09-09 18:00:00","2026-09-10 09:00:00","CAPE","surface",-69.8058,19.1612,2315
"2026-09-09 18:00:00","2026-09-10 09:00:00","CAPE","surface",-69.7819,19.1612,2365
"2026-09-09 18:00:00","2026-09-10 09:00:00","CAPE","surface",-69.758,19.1612,2348
"2026-09-09 18:00:00","2026-09-10 09:00:00","CAPE","surface",-69.7341,19.1612,2200
"2026-09-09 18:00:00","2026-09-10 09:00:00","CAPE","surface",-69.7101,19.1612,2275
"2026-09-09 18:00:00","2026-09-10 09:00:00","CAPE","surface",-69.6862,19.1612,2034
"2026-09-09 18:00:00","2026-09-10 09:00:00","CAPE","surface",-69.6623,19.1612,2034
"2026-09-09 18:00:00","2026-09-10 09:00:00","CAPE","surface",-69.6384,19.1612,1989
"2026-09-09 18:00:00","2026-09-10 09:00:00","CAPE","surface",-69.6144,19.1612,1988
"2026-09-09 18:00:00","2026-09-10 09:00:00","CAPE","surface",-69.5905,19.1612,1918
"2026-09-09 18:00:00","2026-09-10 09:00:00","CAPE","surface",-69.5666,19.1612,1918
"2026-09-09 18:00:00","2026-09-10 09:00:00","CAPE","surface",-69.5427,19.1612,1745
"2026-09-09 18:00:00","2026-09-10 09:00:00","CAPE","surface",-69.5187,19.1612,1631
"2026-09-09 18:00:00","2026-09-10 09:00:00","CAPE","surface",-69.4948,19.1612,1943
"2026-09-09 18:00:00","2026-09-10 09:00:00","CAPE","surface",-69.4709,19.1612,2348
"2026-09-09 18:00:00","2026-09-10 09:00:00","CAPE","surface",-69.447,19.1612,2348
"2026-09-09 18:00:00","2026-09-10 09:00:00","CAPE","surface",-69.423,19.1612,2789
"2026-09-09 18:00:00","2026-09-10 09:00:00","CAPE","surface",-69.3991,19.1612,2992
"2026-09-09 18:00:00","2026-09-10 09:00:00","CAPE","surface",-69.3752,19.1612,3161
"2026-09-09 18:00:00","2026-09-10 09:00:00","CAPE","surface",-69.3513,19.1612,3161
"2026-09-09 18:00:00","2026-09-10 09:00:00","CAPE","surface",-69.3273,19.1612,3250
"2026-09-09 18:00:00","2026-09-10 09:00:00","CAPE","surface",-69.3034,19.1612,3265
"2026-09-09 18:00:00","2026-09-10 09:00:00","CAPE","surface",-69.2795,19.1612,3018
"2026-09-09 18:00:00","2026-09-10 09:00:00","CAPE","surface",-69.2556,19.1612,2876
"2026-09-09 18:00:00","2026-09-10 09:00:00","CAPE","surface",-69.2316,19.1612,2876
"2026-09-09 18:00:00","2026-09-10 09:00:00","CAPE","surface",-69.2077,19.1612,2804
"2026-09-09 18:00:00","2026-09-10 09:00:00","CAPE","surface",-69.1838,19.1612,2799
"2026-09-09 18:00:00","2026-09-10 09:00:00","CAPE","surface",-69.1599,19.1612,2799
"2026-09-09 18:00:00","2026-09-10 09:00:00","CAPE","surface",-69.1359,19.1612,2799
"2026-09-09 18:00:00","2026-09-10 09:00:00","CAPE","surface",-69.112,19.1612,2945
"2026-09-09 18:00:00","2026-09-10 09:00:00","CAPE","surface",-69.0881,19.1612,3051
"2026-09-09 18:00:00","2026-09-10 09:00:00","CAPE","surface",-69.0642,19.1612,3242
"2026-09-09 18:00:00","2026-09-10 09:00:00","CAPE","surface",-69.0402,19.1612,3313
"2026-09-09 18:00:00","2026-09-10 09:00:00","CAPE","surface",-69.0163,19.1612,3232
"2026-09-09 18:00:00","2026-09-10 09:00:00","CAPE","surface",-68.9924,19.1612,2966
"2026-09-09 18:00:00","2026-09-10 09:00:00","CAPE","surface",-68.9685,19.1612,2717
"2026-09-09 18:00:00","2026-09-10 09:00:00","CAPE","surface",-68.9445,19.1612,2551
"2026-09-09 18:00:00","2026-09-10 09:00:00","CAPE","surface",-68.9206,19.1612,2551
"2026-09-09 18:00:00","2026-09-10 09:00:00","CAPE","surface",-68.8967,19.1612,2627
"2026-09-09 18:00:00","2026-09-10 09:00:00","CAPE","surface",-68.8728,19.1612,2160
"2026-09-09 18:00:00","2026-09-10 09:00:00","CAPE","surface",-68.8488,19.1612,1432
"2026-09-09 18:00:00","2026-09-10 09:00:00","CAPE","surface",-68.8249,19.1612,1366
"2026-09-09 18:00:00","2026-09-10 09:00:00","CAPE","surface",-68.801,19.1612,819
"2026-09-09 18:00:00","2026-09-10 09:00:00","CAPE","surface",-68.7771,19.1612,602
"2026-09-09 18:00:00","2026-09-10 09:00:00","CAPE","surface",-68.7531,19.1612,582
"2026-09-09 18:00:00","2026-09-10 09:00:00","CAPE","surface",-68.7292,19.1612,559
"2026-09-09 18:00:00","2026-09-10 09:00:00","CAPE","surface",-68.7053,19.1612,594
"2026-09-09 18:00:00","2026-09-10 09:00:00","CAPE","surface",-68.6813,19.1612,673
"2026-09-09 18:00:00","2026-09-10 09:00:00","CAPE","surface",-68.6574,19.1612,939
"2026-09-09 18:00:00","2026-09-10 09:00:00","CAPE","surface",-68.6335,19.1612,1227
"2026-09-09 18:00:00","2026-09-10 09:00:00","CAPE","surface",-68.6096,19.1612,1127
"2026-09-09 18:00:00","2026-09-10 09:00:00","CAPE","surface",-68.5856,19.1612,1525
"2026-09-09 18:00:00","2026-09-10 09:00:00","CAPE","surface",-68.5617,19.1612,1831
"2026-09-09 18:00:00","2026-09-10 09:00:00","CAPE","surface",-68.5378,19.1612,2074
"2026-09-09 18:00:00","2026-09-10 09:00:00","CAPE","surface",-68.5139,19.1612,2113
"2026-09-09 18:00:00","2026-09-10 09:00:00","CAPE","surface",-68.4899,19.1612,2249
"2026-09-09 18:00:00","2026-09-10 09:00:00","CAPE","surface",-68.466,19.1612,2384
"2026-09-09 18:00:00","2026-09-10 09:00:00","CAPE","surface",-68.4421,19.1612,2402
"2026-09-09 18:00:00","2026-09-10 09:00:00","CAPE","surface",-68.4182,19.1612,2534
"2026-09-09 18:00:00","2026-09-10 09:00:00","CAPE","surface",-68.3942,19.1612,2690
"2026-09-09 18:00:00","2026-09-10 09:00:00","CAPE","surface",-68.3703,19.1612,2804
"2026-09-09 18:00:00","2026-09-10 09:00:00","CAPE","surface",-68.3464,19.1612,3030
"2026-09-09 18:00:00","2026-09-10 09:00:00","CAPE","surface",-68.3225,19.1612,3030
"2026-09-09 18:00:00","2026-09-10 09:00:00","CAPE","surface",-68.2985,19.1612,3245
"2026-09-09 18:00:00","2026-09-10 09:00:00","CAPE","surface",-68.2746,19.1612,3311
"2026-09-09 18:00:00","2026-09-10 09:00:00","CAPE","surface",-68.2507,19.1612,3435
"2026-09-09 18:00:00","2026-09-10 09:00:00","CAPE","surface",-68.2268,19.1612,3435
"2026-09-09 18:00:00","2026-09-10 09:00:00","CAPE","surface",-68.2028,19.1612,3394
"2026-09-09 18:00:00","2026-09-10 09:00:00","CAPE","surface",-68.1789,19.1612,3073
"2026-09-09 18:00:00","2026-09-10 09:00:00","CAPE","surface",-68.155,19.1612,2795
"2026-09-09 18:00:00","2026-09-10 09:00:00","CAPE","surface",-68.1311,19.1612,2805
"2026-09-09 18:00:00","2026-09-10 09:00:00","CAPE","surface",-68.1071,19.1612,2805
"2026-09-09 18:00:00","2026-09-10 09:00:00","CAPE","surface",-68.0832,19.1612,2871
"2026-09-09 18:00:00","2026-09-10 09:00:00","CAPE","surface",-68.0593,19.1612,2866
"2026-09-09 18:00:00","2026-09-10 09:00:00","CAPE","surface",-68.0354,19.1612,2883
"2026-09-09 18:00:00","2026-09-10 09:00:00","CAPE","surface",-68.0114,19.1612,2883
"2026-09-09 18:00:00","2026-09-10 09:00:00","CAPE","surface",-67.9875,19.1612,2923
"2026-09-09 18:00:00","2026-09-10 09:00:00","CAPE","surface",-67.9636,19.1612,2941
"2026-09-09 18:00:00","2026-09-10 09:00:00","CAPE","surface",-67.9397,19.1612,2987
"2026-09-09 18:00:00","2026-09-10 09:00:00","CAPE","surface",-67.9157,19.1612,2970
"2026-09-09 18:00:00","2026-09-10 09:00:00","CAPE","surface",-67.8918,19.1612,2980
"2026-09-09 18:00:00","2026-09-10 09:00:00","CAPE","surface",-67.8679,19.1612,3030
"2026-09-09 18:00:00","2026-09-10 09:00:00","CAPE","surface",-67.844,19.1612,3078
"2026-09-09 18:00:00","2026-09-10 09:00:00","CAPE","surface",-67.82,19.1612,3049
"2026-09-09 18:00:00","2026-09-10 09:00:00","CAPE","surface",-67.7961,19.1612,2999
"2026-09-09 18:00:00","2026-09-10 09:00:00","CAPE","surface",-67.7722,19.1612,2958
"2026-09-09 18:00:00","2026-09-10 09:00:00","CAPE","surface",-67.7483,19.1612,2933
"2026-09-09 18:00:00","2026-09-10 09:00:00","CAPE","surface",-67.7243,19.1612,2933
"2026-09-09 18:00:00","2026-09-10 09:00:00","CAPE","surface",-67.7004,19.1612,2944
"2026-09-09 18:00:00","2026-09-10 09:00:00","CAPE","surface",-67.6765,19.1612,2958
"2026-09-09 18:00:00","2026-09-10 09:00:00","CAPE","surface",-67.6526,19.1612,3001
"2026-09-09 18:00:00","2026-09-10 09:00:00","CAPE","surface",-67.6286,19.1612,3001
"2026-09-09 18:00:00","2026-09-10 09:00:00","CAPE","surface",-67.6047,19.1612,3071
"2026-09-09 18:00:00","2026-09-10 09:00:00","CAPE","surface",-67.5808,19.1612,3273
"2026-09-09 18:00:00","2026-09-10 09:00:00","CAPE","surface",-67.5569,19.1612,3371
"2026-09-09 18:00:00","2026-09-10 09:00:00","CAPE","surface",-67.5329,19.1612,3443
"2026-09-09 18:00:00","2026-09-10 09:00:00","CAPE","surface",-67.509,19.1612,3458
"2026-09-09 18:00:00","2026-09-10 09:00:00","CAPE","surface",-67.4851,19.1612,3360
"2026-09-09 18:00:00","2026-09-10 09:00:00","CAPE","surface",-67.4612,19.1612,3157
"2026-09-09 18:00:00","2026-09-10 09:00:00","CAPE","surface",-67.4372,19.1612,3129
"2026-09-09 18:00:00","2026-09-10 09:00:00","CAPE","surface",-67.4133,19.1612,3008
"2026-09-09 18:00:00","2026-09-10 09:00:00","CAPE","surface",-67.3894,19.1612,2960
"2026-09-09 18:00:00","2026-09-10 09:00:00","CAPE","surface",-67.3655,19.1612,3015
"2026-09-09 18:00:00","2026-09-10 09:00:00","CAPE","surface",-67.3415,19.1612,3060
"2026-09-09 18:00:00","2026-09-10 09:00:00","CAPE","surface",-67.3176,19.1612,3181
"2026-09-09 18:00:00","2026-09-10 09:00:00","CAPE","surface",-67.2937,19.1612,3239
"2026-09-09 18:00:00","2026-09-10 09:00:00","CAPE","surface",-67.2698,19.1612,3446
"2026-09-09 18:00:00","2026-09-10 09:00:00","CAPE","surface",-67.2458,19.1612,3627
"2026-09-09 18:00:00","2026-09-10 09:00:00","CAPE","surface",-67.2219,19.1612,3627
"2026-09-09 18:00:00","2026-09-10 09:00:00","CAPE","surface",-67.198,19.1612,3607
"2026-09-09 18:00:00","2026-09-10 09:00:00","CAPE","surface",-67.1741,19.1612,3638
"2026-09-09 18:00:00","2026-09-10 09:00:00","CAPE","surface",-67.1501,19.1612,3253
"2026-09-09 18:00:00","2026-09-10 09:00:00","CAPE","surface",-67.1262,19.1612,3253
"2026-09-09 18:00:00","2026-09-10 09:00:00","CAPE","surface",-67.1023,19.1612,2947
"2026-09-09 18:00:00","2026-09-10 09:00:00","CAPE","surface",-67.0784,19.1612,2892
"2026-09-09 18:00:00","2026-09-10 09:00:00","CAPE","surface",-67.0544,19.1612,2876
"2026-09-09 18:00:00","2026-09-10 09:00:00","CAPE","surface",-67.0305,19.1612,2985
"2026-09-09 18:00:00","2026-09-10 09:00:00","CAPE","surface",-67.0066,19.1612,3074
"2026-09-09 18:00:00","2026-09-10 09:00:00","CAPE","surface",-74.7822,19.1838,2149
"2026-09-09 18:00:00","2026-09-10 09:00:00","CAPE","surface",-74.7583,19.1838,2136
"2026-09-09 18:00:00","2026-09-10 09:00:00","CAPE","surface",-74.7344,19.1838,2131
"2026-09-09 18:00:00","2026-09-10 09:00:00","CAPE","surface",-74.7105,19.1838,2126
"2026-09-09 18:00:00","2026-09-10 09:00:00","CAPE","surface",-74.6865,19.1838,2099
"2026-09-09 18:00:00","2026-09-10 09:00:00","CAPE","surface",-74.6626,19.1838,2031
"2026-09-09 18:00:00","2026-09-10 09:00:00","CAPE","surface",-74.6387,19.1838,2031
"2026-09-09 18:00:00","2026-09-10 09:00:00","CAPE","surface",-74.6148,19.1838,2085
"2026-09-09 18:00:00","2026-09-10 09:00:00","CAPE","surface",-74.5908,19.1838,2089
"2026-09-09 18:00:00","2026-09-10 09:00:00","CAPE","surface",-74.5669,19.1838,2195
"2026-09-09 18:00:00","2026-09-10 09:00:00","CAPE","surface",-74.543,19.1838,2194
"2026-09-09 18:00:00","2026-09-10 09:00:00","CAPE","surface",-74.5191,19.1838,2311
"2026-09-09 18:00:00","2026-09-10 09:00:00","CAPE","surface",-74.4951,19.1838,2311
"2026-09-09 18:00:00","2026-09-10 09:00:00","CAPE","surface",-74.4712,19.1838,2438
"2026-09-09 18:00:00","2026-09-10 09:00:00","CAPE","surface",-74.4473,19.1838,2423
"2026-09-09 18:00:00","2026-09-10 09:00:00","CAPE","surface",-74.4234,19.1838,2543
"2026-09-09 18:00:00","2026-09-10 09:00:00","CAPE","surface",-74.3994,19.1838,2514
"2026-09-09 18:00:00","2026-09-10 09:00:00","CAPE","surface",-74.3755,19.1838,2585
"2026-09-09 18:00:00","2026-09-10 09:00:00","CAPE","surface",-74.3516,19.1838,2585
"2026-09-09 18:00:00","2026-09-10 09:00:00","CAPE","surface",-74.3277,19.1838,2642
"2026-09-09 18:00:00","2026-09-10 09:00:00","CAPE","surface",-74.3037,19.1838,2619
"2026-09-09 18:00:00","2026-09-10 09:00:00","CAPE","surface",-74.2798,19.1838,2730
"2026-09-09 18:00:00","2026-09-10 09:00:00","CAPE","surface",-74.2559,19.1838,2595
"2026-09-09 18:00:00","2026-09-10 09:00:00","CAPE","surface",-74.232,19.1838,2857
"2026-09-09 18:00:00","2026-09-10 09:00:00","CAPE","surface",-74.208,19.1838,2669
"2026-09-09 18:00:00","2026-09-10 09:00:00","CAPE","surface",-74.1841,19.1838,2735
"2026-09-09 18:00:00","2026-09-10 09:00:00","CAPE","surface",-74.1602,19.1838,2551
"2026-09-09 18:00:00","2026-09-10 09:00:00","CAPE","surface",-74.1363,19.1838,2731
"2026-09-09 18:00:00","2026-09-10 09:00:00","CAPE","surface",-74.1123,19.1838,2577
"2026-09-09 18:00:00","2026-09-10 09:00:00","CAPE","surface",-74.0884,19.1838,3008
"2026-09-09 18:00:00","2026-09-10 09:00:00","CAPE","surface",-74.0645,19.1838,2832
"2026-09-09 18:00:00","2026-09-10 09:00:00","CAPE","surface",-74.0406,19.1838,2879
"2026-09-09 18:00:00","2026-09-10 09:00:00","CAPE","surface",-74.0166,19.1838,2652
"2026-09-09 18:00:00","2026-09-10 09:00:00","CAPE","surface",-73.9927,19.1838,2611
"2026-09-09 18:00:00","2026-09-10 09:00:00","CAPE","surface",-73.9688,19.1838,2627
"2026-09-09 18:00:00","2026-09-10 09:00:00","CAPE","surface",-73.9449,19.1838,2535
"2026-09-09 18:00:00","2026-09-10 09:00:00","CAPE","surface",-73.9209,19.1838,2516
"2026-09-09 18:00:00","2026-09-10 09:00:00","CAPE","surface",-73.897,19.1838,2507
"2026-09-09 18:00:00","2026-09-10 09:00:00","CAPE","surface",-73.8731,19.1838,2486
"2026-09-09 18:00:00","2026-09-10 09:00:00","CAPE","surface",-73.8492,19.1838,2520
"2026-09-09 18:00:00","2026-09-10 09:00:00","CAPE","surface",-73.8252,19.1838,2339
"2026-09-09 18:00:00","2026-09-10 09:00:00","CAPE","surface",-73.8013,19.1838,2370
"2026-09-09 18:00:00","2026-09-10 09:00:00","CAPE","surface",-73.7774,19.1838,2274
"2026-09-09 18:00:00","2026-09-10 09:00:00","CAPE","surface",-73.7535,19.1838,2323
"2026-09-09 18:00:00","2026-09-10 09:00:00","CAPE","surface",-73.7295,19.1838,2258
"2026-09-09 18:00:00","2026-09-10 09:00:00","CAPE","surface",-73.7056,19.1838,2258
"2026-09-09 18:00:00","2026-09-10 09:00:00","CAPE","surface",-73.6817,19.1838,2129
"2026-09-09 18:00:00","2026-09-10 09:00:00","CAPE","surface",-73.6578,19.1838,2111
"2026-09-09 18:00:00","2026-09-10 09:00:00","CAPE","surface",-73.6338,19.1838,1937
"2026-09-09 18:00:00","2026-09-10 09:00:00","CAPE","surface",-73.6099,19.1838,1880
"2026-09-09 18:00:00","2026-09-10 09:00:00","CAPE","surface",-73.586,19.1838,1641
"2026-09-09 18:00:00","2026-09-10 09:00:00","CAPE","surface",-73.5621,19.1838,1641
"2026-09-09 18:00:00","2026-09-10 09:00:00","CAPE","surface",-73.5381,19.1838,1619
"2026-09-09 18:00:00","2026-09-10 09:00:00","CAPE","surface",-73.5142,19.1838,1646
"2026-09-09 18:00:00","2026-09-10 09:00:00","CAPE","surface",-73.4903,19.1838,1847
"2026-09-09 18:00:00","2026-09-10 09:00:00","CAPE","surface",-73.4664,19.1838,1973
"2026-09-09 18:00:00","2026-09-10 09:00:00","CAPE","surface",-73.4424,19.1838,2132
"2026-09-09 18:00:00","2026-09-10 09:00:00","CAPE","surface",-73.4185,19.1838,2170
"2026-09-09 18:00:00","2026-09-10 09:00:00","CAPE","surface",-73.3946,19.1838,1857
"2026-09-09 18:00:00","2026-09-10 09:00:00","CAPE","surface",-73.3707,19.1838,1762
"2026-09-09 18:00:00","2026-09-10 09:00:00","CAPE","surface",-73.3467,19.1838,1812
"2026-09-09 18:00:00","2026-09-10 09:00:00","CAPE","surface",-73.3228,19.1838,1812
"2026-09-09 18:00:00","2026-09-10 09:00:00","CAPE","surface",-73.2989,19.1838,2067
"2026-09-09 18:00:00","2026-09-10 09:00:00","CAPE","surface",-73.275,19.1838,2044
"2026-09-09 18:00:00","2026-09-10 09:00:00","CAPE","surface",-73.251,19.1838,2107
"2026-09-09 18:00:00","2026-09-10 09:00:00","CAPE","surface",-73.2271,19.1838,2126
"2026-09-09 18:00:00","2026-09-10 09:00:00","CAPE","surface",-73.2032,19.1838,2173
"2026-09-09 18:00:00","2026-09-10 09:00:00","CAPE","surface",-73.1793,19.1838,2269
"2026-09-09 18:00:00","2026-09-10 09:00:00","CAPE","surface",-73.1553,19.1838,2192
"2026-09-09 18:00:00","2026-09-10 09:00:00","CAPE","surface",-73.1314,19.1838,2156
"2026-09-09 18:00:00","2026-09-10 09:00:00","CAPE","surface",-73.1075,19.1838,2131
"2026-09-09 18:00:00","2026-09-10 09:00:00","CAPE","surface",-73.0836,19.1838,2017
"2026-09-09 18:00:00","2026-09-10 09:00:00","CAPE","surface",-73.0596,19.1838,2017
"2026-09-09 18:00:00","2026-09-10 09:00:00","CAPE","surface",-73.0357,19.1838,1922
"2026-09-09 18:00:00","2026-09-10 09:00:00","CAPE","surface",-73.0118,19.1838,1880
"2026-09-09 18:00:00","2026-09-10 09:00:00","CAPE","surface",-72.9879,19.1838,1814
"2026-09-09 18:00:00","2026-09-10 09:00:00","CAPE","surface",-72.9639,19.1838,1757
"2026-09-09 18:00:00","2026-09-10 09:00:00","CAPE","surface",-72.94,19.1838,1764
"2026-09-09 18:00:00","2026-09-10 09:00:00","CAPE","surface",-72.9161,19.1838,1741
"2026-09-09 18:00:00","2026-09-10 09:00:00","CAPE","surface",-72.8922,19.1838,1728
"2026-09-09 18:00:00","2026-09-10 09:00:00","CAPE","surface",-72.8682,19.1838,1710
"2026-09-09 18:00:00","2026-09-10 09:00:00","CAPE","surface",-72.8443,19.1838,1671
"2026-09-09 18:00:00","2026-09-10 09:00:00","CAPE","surface",-72.8204,19.1838,1671
"2026-09-09 18:00:00","2026-09-10 09:00:00","CAPE","surface",-72.7965,19.1838,1634
"2026-09-09 18:00:00","2026-09-10 09:00:00","CAPE","surface",-72.7725,19.1838,1493
"2026-09-09 18:00:00","2026-09-10 09:00:00","CAPE","surface",-72.7486,19.1838,819
"2026-09-09 18:00:00","2026-09-10 09:00:00","CAPE","surface",-72.7247,19.1838,818
"2026-09-09 18:00:00","2026-09-10 09:00:00","CAPE","surface",-72.7008,19.1838,912
"2026-09-09 18:00:00","2026-09-10 09:00:00","CAPE","surface",-72.6768,19.1838,979
"2026-09-09 18:00:00","2026-09-10 09:00:00","CAPE","surface",-72.6529,19.1838,892
"2026-09-09 18:00:00","2026-09-10 09:00:00","CAPE","surface",-72.629,19.1838,763
"2026-09-09 18:00:00","2026-09-10 09:00:00","CAPE","surface",-72.6051,19.1838,665
"2026-09-09 18:00:00","2026-09-10 09:00:00","CAPE","surface",-72.5811,19.1838,652
"2026-09-09 18:00:00","2026-09-10 09:00:00","CAPE","surface",-72.5572,19.1838,611
"2026-09-09 18:00:00","2026-09-10 09:00:00","CAPE","surface",-72.5333,19.1838,660
"2026-09-09 18:00:00","2026-09-10 09:00:00","CAPE","surface",-72.5094,19.1838,749
"2026-09-09 18:00:00","2026-09-10 09:00:00","CAPE","surface",-72.4854,19.1838,811
"2026-09-09 18:00:00","2026-09-10 09:00:00","CAPE","surface",-72.4615,19.1838,992
"2026-09-09 18:00:00","2026-09-10 09:00:00","CAPE","surface",-72.4376,19.1838,876
"2026-09-09 18:00:00","2026-09-10 09:00:00","CAPE","surface",-72.4137,19.1838,889
"2026-09-09 18:00:00","2026-09-10 09:00:00","CAPE","surface",-72.3897,19.1838,879
"2026-09-09 18:00:00","2026-09-10 09:00:00","CAPE","surface",-72.3658,19.1838,885
"2026-09-09 18:00:00","2026-09-10 09:00:00","CAPE","surface",-72.3419,19.1838,913
"2026-09-09 18:00:00","2026-09-10 09:00:00","CAPE","surface",-72.318,19.1838,913
"2026-09-09 18:00:00","2026-09-10 09:00:00","CAPE","surface",-72.294,19.1838,783
"2026-09-09 18:00:00","2026-09-10 09:00:00","CAPE","surface",-72.2701,19.1838,573
"2026-09-09 18:00:00","2026-09-10 09:00:00","CAPE","surface",-72.2462,19.1838,400
"2026-09-09 18:00:00","2026-09-10 09:00:00","CAPE","surface",-72.2223,19.1838,426
"2026-09-09 18:00:00","2026-09-10 09:00:00","CAPE","surface",-72.1983,19.1838,353
"2026-09-09 18:00:00","2026-09-10 09:00:00","CAPE","surface",-72.1744,19.1838,367
"2026-09-09 18:00:00","2026-09-10 09:00:00","CAPE","surface",-72.1505,19.1838,399
"2026-09-09 18:00:00","2026-09-10 09:00:00","CAPE","surface",-72.1266,19.1838,435
"2026-09-09 18:00:00","2026-09-10 09:00:00","CAPE","surface",-72.1026,19.1838,462
"2026-09-09 18:00:00","2026-09-10 09:00:00","CAPE","surface",-72.0787,19.1838,543
"2026-09-09 18:00:00","2026-09-10 09:00:00","CAPE","surface",-72.0548,19.1838,536
"2026-09-09 18:00:00","2026-09-10 09:00:00","CAPE","surface",-72.0309,19.1838,713
"2026-09-09 18:00:00","2026-09-10 09:00:00","CAPE","surface",-72.0069,19.1838,744
"2026-09-09 18:00:00","2026-09-10 09:00:00","CAPE","surface",-71.983,19.1838,719
"2026-09-09 18:00:00","2026-09-10 09:00:00","CAPE","surface",-71.9591,19.1838,719
"2026-09-09 18:00:00","2026-09-10 09:00:00","CAPE","surface",-71.9352,19.1838,469
"2026-09-09 18:00:00","2026-09-10 09:00:00","CAPE","surface",-71.9112,19.1838,428
"2026-09-09 18:00:00","2026-09-10 09:00:00","CAPE","surface",-71.8873,19.1838,456
"2026-09-09 18:00:00","2026-09-10 09:00:00","CAPE","surface",-71.8634,19.1838,456
"2026-09-09 18:00:00","2026-09-10 09:00:00","CAPE","surface",-71.8395,19.1838,494
"2026-09-09 18:00:00","2026-09-10 09:00:00","CAPE","surface",-71.8155,19.1838,531
"2026-09-09 18:00:00","2026-09-10 09:00:00","CAPE","surface",-71.7916,19.1838,613
"2026-09-09 18:00:00","2026-09-10 09:00:00","CAPE","surface",-71.7677,19.1838,651
"2026-09-09 18:00:00","2026-09-10 09:00:00","CAPE","surface",-71.7438,19.1838,674
"2026-09-09 18:00:00","2026-09-10 09:00:00","CAPE","surface",-71.7198,19.1838,741
"2026-09-09 18:00:00","2026-09-10 09:00:00","CAPE","surface",-71.6959,19.1838,765
"2026-09-09 18:00:00","2026-09-10 09:00:00","CAPE","surface",-71.672,19.1838,770
"2026-09-09 18:00:00","2026-09-10 09:00:00","CAPE","surface",-71.6481,19.1838,728
"2026-09-09 18:00:00","2026-09-10 09:00:00","CAPE","surface",-71.6241,19.1838,699
"2026-09-09 18:00:00","2026-09-10 09:00:00","CAPE","surface",-71.6002,19.1838,695
"2026-09-09 18:00:00","2026-09-10 09:00:00","CAPE","surface",-71.5763,19.1838,649
"2026-09-09 18:00:00","2026-09-10 09:00:00","CAPE","surface",-71.5524,19.1838,601
"2026-09-09 18:00:00","2026-09-10 09:00:00","CAPE","surface",-71.5284,19.1838,689
"2026-09-09 18:00:00","2026-09-10 09:00:00","CAPE","surface",-71.5045,19.1838,689
"2026-09-09 18:00:00","2026-09-10 09:00:00","CAPE","surface",-71.4806,19.1838,646
"2026-09-09 18:00:00","2026-09-10 09:00:00","CAPE","surface",-71.4567,19.1838,633
"2026-09-09 18:00:00","2026-09-10 09:00:00","CAPE","surface",-71.4327,19.1838,675
"2026-09-09 18:00:00","2026-09-10 09:00:00","CAPE","surface",-71.4088,19.1838,646
"2026-09-09 18:00:00","2026-09-10 09:00:00","CAPE","surface",-71.3849,19.1838,671
"2026-09-09 18:00:00","2026-09-10 09:00:00","CAPE","surface",-71.361,19.1838,642
"2026-09-09 18:00:00","2026-09-10 09:00:00","CAPE","surface",-71.337,19.1838,179
"2026-09-09 18:00:00","2026-09-10 09:00:00","CAPE","surface",-71.3131,19.1838,282
"2026-09-09 18:00:00","2026-09-10 09:00:00","CAPE","surface",-71.2892,19.1838,0
"2026-09-09 18:00:00","2026-09-10 09:00:00","CAPE","surface",-71.2653,19.1838,0
"2026-09-09 18:00:00","2026-09-10 09:00:00","CAPE","surface",-71.2413,19.1838,0
"2026-09-09 18:00:00","2026-09-10 09:00:00","CAPE","surface",-71.2174,19.1838,0
"2026-09-09 18:00:00","2026-09-10 09:00:00","CAPE","surface",-71.1935,19.1838,0
"2026-09-09 18:00:00","2026-09-10 09:00:00","CAPE","surface",-71.1696,19.1838,0
"2026-09-09 18:00:00","2026-09-10 09:00:00","CAPE","surface",-71.1456,19.1838,0
"2026-09-09 18:00:00","2026-09-10 09:00:00","CAPE","surface",-71.1217,19.1838,0
"2026-09-09 18:00:00","2026-09-10 09:00:00","CAPE","surface",-71.0978,19.1838,0
"2026-09-09 18:00:00","2026-09-10 09:00:00","CAPE","surface",-71.0739,19.1838,0
"2026-09-09 18:00:00","2026-09-10 09:00:00","CAPE","surface",-71.0499,19.1838,0
"2026-09-09 18:00:00","2026-09-10 09:00:00","CAPE","surface",-71.026,19.1838,0
"2026-09-09 18:00:00","2026-09-10 09:00:00","CAPE","surface",-71.0021,19.1838,59
"2026-09-09 18:00:00","2026-09-10 09:00:00","CAPE","surface",-70.9782,19.1838,52
"2026-09-09 18:00:00","2026-09-10 09:00:00","CAPE","surface",-70.9542,19.1838,114
"2026-09-09 18:00:00","2026-09-10 09:00:00","CAPE","surface",-70.9303,19.1838,114
"2026-09-09 18:00:00","2026-09-10 09:00:00","CAPE","surface",-70.9064,19.1838,245
"2026-09-09 18:00:00","2026-09-10 09:00:00","CAPE","surface",-70.8825,19.1838,267
"2026-09-09 18:00:00","2026-09-10 09:00:00","CAPE","surface",-70.8585,19.1838,377
"2026-09-09 18:00:00","2026-09-10 09:00:00","CAPE","surface",-70.8346,19.1838,396
"2026-09-09 18:00:00","2026-09-10 09:00:00","CAPE","surface",-70.8107,19.1838,450
"2026-09-09 18:00:00","2026-09-10 09:00:00","CAPE","surface",-70.7868,19.1838,478
"2026-09-09 18:00:00","2026-09-10 09:00:00","CAPE","surface",-70.7628,19.1838,533
"2026-09-09 18:00:00","2026-09-10 09:00:00","CAPE","surface",-70.7389,19.1838,555
"2026-09-09 18:00:00","2026-09-10 09:00:00","CAPE","surface",-70.715,19.1838,557
"2026-09-09 18:00:00","2026-09-10 09:00:00","CAPE","surface",-70.6911,19.1838,545
"2026-09-09 18:00:00","2026-09-10 09:00:00","CAPE","surface",-70.6671,19.1838,563
"2026-09-09 18:00:00","2026-09-10 09:00:00","CAPE","surface",-70.6432,19.1838,753
"2026-09-09 18:00:00","2026-09-10 09:00:00","CAPE","surface",-70.6193,19.1838,741
"2026-09-09 18:00:00","2026-09-10 09:00:00","CAPE","surface",-70.5954,19.1838,891
"2026-09-09 18:00:00","2026-09-10 09:00:00","CAPE","surface",-70.5714,19.1838,865
"2026-09-09 18:00:00","2026-09-10 09:00:00","CAPE","surface",-70.5475,19.1838,1055
"2026-09-09 18:00:00","2026-09-10 09:00:00","CAPE","surface",-70.5236,19.1838,937
"2026-09-09 18:00:00","2026-09-10 09:00:00","CAPE","surface",-70.4997,19.1838,1049
"2026-09-09 18:00:00","2026-09-10 09:00:00","CAPE","surface",-70.4757,19.1838,1049
"2026-09-09 18:00:00","2026-09-10 09:00:00","CAPE","surface",-70.4518,19.1838,1220
"2026-09-09 18:00:00","2026-09-10 09:00:00","CAPE","surface",-70.4279,19.1838,1276
"2026-09-09 18:00:00","2026-09-10 09:00:00","CAPE","surface",-70.404,19.1838,1288
"2026-09-09 18:00:00","2026-09-10 09:00:00","CAPE","surface",-70.38,19.1838,1406
"2026-09-09 18:00:00","2026-09-10 09:00:00","CAPE","surface",-70.3561,19.1838,1415
"2026-09-09 18:00:00","2026-09-10 09:00:00","CAPE","surface",-70.3322,19.1838,1538
"2026-09-09 18:00:00","2026-09-10 09:00:00","CAPE","surface",-70.3083,19.1838,1495
"2026-09-09 18:00:00","2026-09-10 09:00:00","CAPE","surface",-70.2843,19.1838,1502
"2026-09-09 18:00:00","2026-09-10 09:00:00","CAPE","surface",-70.2604,19.1838,1502
"2026-09-09 18:00:00","2026-09-10 09:00:00","CAPE","surface",-70.2365,19.1838,1515
"2026-09-09 18:00:00","2026-09-10 09:00:00","CAPE","surface",-70.2126,19.1838,1483
"2026-09-09 18:00:00","2026-09-10 09:00:00","CAPE","surface",-70.1886,19.1838,1548
"2026-09-09 18:00:00","2026-09-10 09:00:00","CAPE","surface",-70.1647,19.1838,1548
"2026-09-09 18:00:00","2026-09-10 09:00:00","CAPE","surface",-70.1408,19.1838,1583
"2026-09-09 18:00:00","2026-09-10 09:00:00","CAPE","surface",-70.1169,19.1838,1600
"2026-09-09 18:00:00","2026-09-10 09:00:00","CAPE","surface",-70.0929,19.1838,1580
"2026-09-09 18:00:00","2026-09-10 09:00:00","CAPE","surface",-70.069,19.1838,1790
"2026-09-09 18:00:00","2026-09-10 09:00:00","CAPE","surface",-70.0451,19.1838,1790
"2026-09-09 18:00:00","2026-09-10 09:00:00","CAPE","surface",-70.0212,19.1838,1862
"2026-09-09 18:00:00","2026-09-10 09:00:00","CAPE","surface",-69.9972,19.1838,1893
"2026-09-09 18:00:00","2026-09-10 09:00:00","CAPE","surface",-69.9733,19.1838,1889
"2026-09-09 18:00:00","2026-09-10 09:00:00","CAPE","surface",-69.9494,19.1838,1889
"2026-09-09 18:00:00","2026-09-10 09:00:00","CAPE","surface",-69.9255,19.1838,1905
"2026-09-09 18:00:00","2026-09-10 09:00:00","CAPE","surface",-69.9015,19.1838,1975
"2026-09-09 18:00:00","2026-09-10 09:00:00","CAPE","surface",-69.8776,19.1838,2069
"2026-09-09 18:00:00","2026-09-10 09:00:00","CAPE","surface",-69.8537,19.1838,2114
"2026-09-09 18:00:00","2026-09-10 09:00:00","CAPE","surface",-69.8298,19.1838,2114
"2026-09-09 18:00:00","2026-09-10 09:00:00","CAPE","surface",-69.8058,19.1838,2252
"2026-09-09 18:00:00","2026-09-10 09:00:00","CAPE","surface",-69.7819,19.1838,2339
"2026-09-09 18:00:00","2026-09-10 09:00:00","CAPE","surface",-69.758,19.1838,2164
"2026-09-09 18:00:00","2026-09-10 09:00:00","CAPE","surface",-69.7341,19.1838,2164
"2026-09-09 18:00:00","2026-09-10 09:00:00","CAPE","surface",-69.7101,19.1838,1679
"2026-09-09 18:00:00","2026-09-10 09:00:00","CAPE","surface",-69.6862,19.1838,1900
"2026-09-09 18:00:00","2026-09-10 09:00:00","CAPE","surface",-69.6623,19.1838,1725
"2026-09-09 18:00:00","2026-09-10 09:00:00","CAPE","surface",-69.6384,19.1838,1989
"2026-09-09 18:00:00","2026-09-10 09:00:00","CAPE","surface",-69.6144,19.1838,2093
"2026-09-09 18:00:00","2026-09-10 09:00:00","CAPE","surface",-69.5905,19.1838,2149
"2026-09-09 18:00:00","2026-09-10 09:00:00","CAPE","surface",-69.5666,19.1838,1941
"2026-09-09 18:00:00","2026-09-10 09:00:00","CAPE","surface",-69.5427,19.1838,1628
"2026-09-09 18:00:00","2026-09-10 09:00:00","CAPE","surface",-69.5187,19.1838,1628
"2026-09-09 18:00:00","2026-09-10 09:00:00","CAPE","surface",-69.4948,19.1838,1476
"2026-09-09 18:00:00","2026-09-10 09:00:00","CAPE","surface",-69.4709,19.1838,1717
"2026-09-09 18:00:00","2026-09-10 09:00:00","CAPE","surface",-69.447,19.1838,2192
"2026-09-09 18:00:00","2026-09-10 09:00:00","CAPE","surface",-69.423,19.1838,2789
"2026-09-09 18:00:00","2026-09-10 09:00:00","CAPE","surface",-69.3991,19.1838,2494
"2026-09-09 18:00:00","2026-09-10 09:00:00","CAPE","surface",-69.3752,19.1838,2710
"2026-09-09 18:00:00","2026-09-10 09:00:00","CAPE","surface",-69.3513,19.1838,3129
"2026-09-09 18:00:00","2026-09-10 09:00:00","CAPE","surface",-69.3273,19.1838,2992
"2026-09-09 18:00:00","2026-09-10 09:00:00","CAPE","surface",-69.3034,19.1838,2992
"2026-09-09 18:00:00","2026-09-10 09:00:00","CAPE","surface",-69.2795,19.1838,2813
"2026-09-09 18:00:00","2026-09-10 09:00:00","CAPE","surface",-69.2556,19.1838,3006
"2026-09-09 18:00:00","2026-09-10 09:00:00","CAPE","surface",-69.2316,19.1838,2768
"2026-09-09 18:00:00","2026-09-10 09:00:00","CAPE","surface",-69.2077,19.1838,2768
"2026-09-09 18:00:00","2026-09-10 09:00:00","CAPE","surface",-69.1838,19.1838,2793
"2026-09-09 18:00:00","2026-09-10 09:00:00","CAPE","surface",-69.1599,19.1838,2766
"2026-09-09 18:00:00","2026-09-10 09:00:00","CAPE","surface",-69.1359,19.1838,2889
"2026-09-09 18:00:00","2026-09-10 09:00:00","CAPE","surface",-69.112,19.1838,3155
"2026-09-09 18:00:00","2026-09-10 09:00:00","CAPE","surface",-69.0881,19.1838,3155
"2026-09-09 18:00:00","2026-09-10 09:00:00","CAPE","surface",-69.0642,19.1838,3309
"2026-09-09 18:00:00","2026-09-10 09:00:00","CAPE","surface",-69.0402,19.1838,3313
"2026-09-09 18:00:00","2026-09-10 09:00:00","CAPE","surface",-69.0163,19.1838,3170
"2026-09-09 18:00:00","2026-09-10 09:00:00","CAPE","surface",-68.9924,19.1838,3170
"2026-09-09 18:00:00","2026-09-10 09:00:00","CAPE","surface",-68.9685,19.1838,2837
"2026-09-09 18:00:00","2026-09-10 09:00:00","CAPE","surface",-68.9445,19.1838,2653
"2026-09-09 18:00:00","2026-09-10 09:00:00","CAPE","surface",-68.9206,19.1838,2732
"2026-09-09 18:00:00","2026-09-10 09:00:00","CAPE","surface",-68.8967,19.1838,2801
"2026-09-09 18:00:00","2026-09-10 09:00:00","CAPE","surface",-68.8728,19.1838,2708
"2026-09-09 18:00:00","2026-09-10 09:00:00","CAPE","surface",-68.8488,19.1838,2091
"2026-09-09 18:00:00","2026-09-10 09:00:00","CAPE","surface",-68.8249,19.1838,1366
"2026-09-09 18:00:00","2026-09-10 09:00:00","CAPE","surface",-68.801,19.1838,739
"2026-09-09 18:00:00","2026-09-10 09:00:00","CAPE","surface",-68.7771,19.1838,739
"2026-09-09 18:00:00","2026-09-10 09:00:00","CAPE","surface",-68.7531,19.1838,610
"2026-09-09 18:00:00","2026-09-10 09:00:00","CAPE","surface",-68.7292,19.1838,559
"2026-09-09 18:00:00","2026-09-10 09:00:00","CAPE","surface",-68.7053,19.1838,562
"2026-09-09 18:00:00","2026-09-10 09:00:00","CAPE","surface",-68.6813,19.1838,678
"2026-09-09 18:00:00","2026-09-10 09:00:00","CAPE","surface",-68.6574,19.1838,687
"2026-09-09 18:00:00","2026-09-10 09:00:00","CAPE","surface",-68.6335,19.1838,863
"2026-09-09 18:00:00","2026-09-10 09:00:00","CAPE","surface",-68.6096,19.1838,1127
"2026-09-09 18:00:00","2026-09-10 09:00:00","CAPE","surface",-68.5856,19.1838,1114
"2026-09-09 18:00:00","2026-09-10 09:00:00","CAPE","surface",-68.5617,19.1838,1451
"2026-09-09 18:00:00","2026-09-10 09:00:00","CAPE","surface",-68.5378,19.1838,1813
"2026-09-09 18:00:00","2026-09-10 09:00:00","CAPE","surface",-68.5139,19.1838,2113
"2026-09-09 18:00:00","2026-09-10 09:00:00","CAPE","surface",-68.4899,19.1838,2134
"2026-09-09 18:00:00","2026-09-10 09:00:00","CAPE","surface",-68.466,19.1838,2377
"2026-09-09 18:00:00","2026-09-10 09:00:00","CAPE","surface",-68.4421,19.1838,2484
"2026-09-09 18:00:00","2026-09-10 09:00:00","CAPE","surface",-68.4182,19.1838,2618
"2026-09-09 18:00:00","2026-09-10 09:00:00","CAPE","surface",-68.3942,19.1838,2690
"2026-09-09 18:00:00","2026-09-10 09:00:00","CAPE","surface",-68.3703,19.1838,2808
"2026-09-09 18:00:00","2026-09-10 09:00:00","CAPE","surface",-68.3464,19.1838,2910
"2026-09-09 18:00:00","2026-09-10 09:00:00","CAPE","surface",-68.3225,19.1838,3144
"2026-09-09 18:00:00","2026-09-10 09:00:00","CAPE","surface",-68.2985,19.1838,3245
"2026-09-09 18:00:00","2026-09-10 09:00:00","CAPE","surface",-68.2746,19.1838,3306
"2026-09-09 18:00:00","2026-09-10 09:00:00","CAPE","surface",-68.2507,19.1838,3450
"2026-09-09 18:00:00","2026-09-10 09:00:00","CAPE","surface",-68.2268,19.1838,3492
"2026-09-09 18:00:00","2026-09-10 09:00:00","CAPE","surface",-68.2028,19.1838,3395
"2026-09-09 18:00:00","2026-09-10 09:00:00","CAPE","surface",-68.1789,19.1838,3395
"2026-09-09 18:00:00","2026-09-10 09:00:00","CAPE","surface",-68.155,19.1838,3059
"2026-09-09 18:00:00","2026-09-10 09:00:00","CAPE","surface",-68.1311,19.1838,2849
"2026-09-09 18:00:00","2026-09-10 09:00:00","CAPE","surface",-68.1071,19.1838,2869
"2026-09-09 18:00:00","2026-09-10 09:00:00","CAPE","surface",-68.0832,19.1838,2924
"2026-09-09 18:00:00","2026-09-10 09:00:00","CAPE","surface",-68.0593,19.1838,2904
"2026-09-09 18:00:00","2026-09-10 09:00:00","CAPE","surface",-68.0354,19.1838,2966
"2026-09-09 18:00:00","2026-09-10 09:00:00","CAPE","surface",-68.0114,19.1838,2925
"2026-09-09 18:00:00","2026-09-10 09:00:00","CAPE","surface",-67.9875,19.1838,2996
"2026-09-09 18:00:00","2026-09-10 09:00:00","CAPE","surface",-67.9636,19.1838,2936
"2026-09-09 18:00:00","2026-09-10 09:00:00","CAPE","surface",-67.9397,19.1838,2982
"2026-09-09 18:00:00","2026-09-10 09:00:00","CAPE","surface",-67.9157,19.1838,2970
"2026-09-09 18:00:00","2026-09-10 09:00:00","CAPE","surface",-67.8918,19.1838,2961
"2026-09-09 18:00:00","2026-09-10 09:00:00","CAPE","surface",-67.8679,19.1838,2937
"2026-09-09 18:00:00","2026-09-10 09:00:00","CAPE","surface",-67.844,19.1838,2986
"2026-09-09 18:00:00","2026-09-10 09:00:00","CAPE","surface",-67.82,19.1838,2976
"2026-09-09 18:00:00","2026-09-10 09:00:00","CAPE","surface",-67.7961,19.1838,2999
"2026-09-09 18:00:00","2026-09-10 09:00:00","CAPE","surface",-67.7722,19.1838,2928
"2026-09-09 18:00:00","2026-09-10 09:00:00","CAPE","surface",-67.7483,19.1838,2924
"2026-09-09 18:00:00","2026-09-10 09:00:00","CAPE","surface",-67.7243,19.1838,2942
"2026-09-09 18:00:00","2026-09-10 09:00:00","CAPE","surface",-67.7004,19.1838,2944
"2026-09-09 18:00:00","2026-09-10 09:00:00","CAPE","surface",-67.6765,19.1838,2833
"2026-09-09 18:00:00","2026-09-10 09:00:00","CAPE","surface",-67.6526,19.1838,2856
"2026-09-09 18:00:00","2026-09-10 09:00:00","CAPE","surface",-67.6286,19.1838,2962
"2026-09-09 18:00:00","2026-09-10 09:00:00","CAPE","surface",-67.6047,19.1838,3090
"2026-09-09 18:00:00","2026-09-10 09:00:00","CAPE","surface",-67.5808,19.1838,3090
"2026-09-09 18:00:00","2026-09-10 09:00:00","CAPE","surface",-67.5569,19.1838,3346
"2026-09-09 18:00:00","2026-09-10 09:00:00","CAPE","surface",-67.5329,19.1838,3443
"2026-09-09 18:00:00","2026-09-10 09:00:00","CAPE","surface",-67.509,19.1838,3506
"2026-09-09 18:00:00","2026-09-10 09:00:00","CAPE","surface",-67.4851,19.1838,3444
"2026-09-09 18:00:00","2026-09-10 09:00:00","CAPE","surface",-67.4612,19.1838,3269
"2026-09-09 18:00:00","2026-09-10 09:00:00","CAPE","surface",-67.4372,19.1838,3075
"2026-09-09 18:00:00","2026-09-10 09:00:00","CAPE","surface",-67.4133,19.1838,3008
"2026-09-09 18:00:00","2026-09-10 09:00:00","CAPE","surface",-67.3894,19.1838,3006
"2026-09-09 18:00:00","2026-09-10 09:00:00","CAPE","surface",-67.3655,19.1838,2986
"2026-09-09 18:00:00","2026-09-10 09:00:00","CAPE","surface",-67.3415,19.1838,3104
"2026-09-09 18:00:00","2026-09-10 09:00:00","CAPE","surface",-67.3176,19.1838,3289
"2026-09-09 18:00:00","2026-09-10 09:00:00","CAPE","surface",-67.2937,19.1838,3289
"2026-09-09 18:00:00","2026-09-10 09:00:00","CAPE","surface",-67.2698,19.1838,3429
"2026-09-09 18:00:00","2026-09-10 09:00:00","CAPE","surface",-67.2458,19.1838,3544
"2026-09-09 18:00:00","2026-09-10 09:00:00","CAPE","surface",-67.2219,19.1838,3543
"2026-09-09 18:00:00","2026-09-10 09:00:00","CAPE","surface",-67.198,19.1838,3543
"2026-09-09 18:00:00","2026-09-10 09:00:00","CAPE","surface",-67.1741,19.1838,3264
"2026-09-09 18:00:00","2026-09-10 09:00:00","CAPE","surface",-67.1501,19.1838,3298
"2026-09-09 18:00:00","2026-09-10 09:00:00","CAPE","surface",-67.1262,19.1838,2978
"2026-09-09 18:00:00","2026-09-10 09:00:00","CAPE","surface",-67.1023,19.1838,2932
"2026-09-09 18:00:00","2026-09-10 09:00:00","CAPE","surface",-67.0784,19.1838,2889
"2026-09-09 18:00:00","2026-09-10 09:00:00","CAPE","surface",-67.0544,19.1838,2949
"2026-09-09 18:00:00","2026-09-10 09:00:00","CAPE","surface",-67.0305,19.1838,2985
"2026-09-09 18:00:00","2026-09-10 09:00:00","CAPE","surface",-67.0066,19.1838,3088
"2026-09-09 18:00:00","2026-09-10 09:00:00","CAPE","surface",-74.7822,19.2064,2137
"2026-09-09 18:00:00","2026-09-10 09:00:00","CAPE","surface",-74.7583,19.2064,2136
"2026-09-09 18:00:00","2026-09-10 09:00:00","CAPE","surface",-74.7344,19.2064,2147
"2026-09-09 18:00:00","2026-09-10 09:00:00","CAPE","surface",-74.7105,19.2064,2147
"2026-09-09 18:00:00","2026-09-10 09:00:00","CAPE","surface",-74.6865,19.2064,2085
"2026-09-09 18:00:00","2026-09-10 09:00:00","CAPE","surface",-74.6626,19.2064,2057
"2026-09-09 18:00:00","2026-09-10 09:00:00","CAPE","surface",-74.6387,19.2064,2091
"2026-09-09 18:00:00","2026-09-10 09:00:00","CAPE","surface",-74.6148,19.2064,2194
"2026-09-09 18:00:00","2026-09-10 09:00:00","CAPE","surface",-74.5908,19.2064,2195
"2026-09-09 18:00:00","2026-09-10 09:00:00","CAPE","surface",-74.5669,19.2064,2280
"2026-09-09 18:00:00","2026-09-10 09:00:00","CAPE","surface",-74.543,19.2064,2289
"2026-09-09 18:00:00","2026-09-10 09:00:00","CAPE","surface",-74.5191,19.2064,2452
"2026-09-09 18:00:00","2026-09-10 09:00:00","CAPE","surface",-74.4951,19.2064,2446
"2026-09-09 18:00:00","2026-09-10 09:00:00","CAPE","surface",-74.4712,19.2064,2576
"2026-09-09 18:00:00","2026-09-10 09:00:00","CAPE","surface",-74.4473,19.2064,2576
"2026-09-09 18:00:00","2026-09-10 09:00:00","CAPE","surface",-74.4234,19.2064,2684
"2026-09-09 18:00:00","2026-09-10 09:00:00","CAPE","surface",-74.3994,19.2064,2663
"2026-09-09 18:00:00","2026-09-10 09:00:00","CAPE","surface",-74.3755,19.2064,2721
"2026-09-09 18:00:00","2026-09-10 09:00:00","CAPE","surface",-74.3516,19.2064,2674
"2026-09-09 18:00:00","2026-09-10 09:00:00","CAPE","surface",-74.3277,19.2064,2782
"2026-09-09 18:00:00","2026-09-10 09:00:00","CAPE","surface",-74.3037,19.2064,2782
"2026-09-09 18:00:00","2026-09-10 09:00:00","CAPE","surface",-74.2798,19.2064,2937
"2026-09-09 18:00:00","2026-09-10 09:00:00","CAPE","surface",-74.2559,19.2064,2925
"2026-09-09 18:00:00","2026-09-10 09:00:00","CAPE","surface",-74.232,19.2064,2988
"2026-09-09 18:00:00","2026-09-10 09:00:00","CAPE","surface",-74.208,19.2064,2923
"2026-09-09 18:00:00","2026-09-10 09:00:00","CAPE","surface",-74.1841,19.2064,2965
"2026-09-09 18:00:00","2026-09-10 09:00:00","CAPE","surface",-74.1602,19.2064,2965
"2026-09-09 18:00:00","2026-09-10 09:00:00","CAPE","surface",-74.1363,19.2064,2974
"2026-09-09 18:00:00","2026-09-10 09:00:00","CAPE","surface",-74.1123,19.2064,3037
"2026-09-09 18:00:00","2026-09-10 09:00:00","CAPE","surface",-74.0884,19.2064,3049
"2026-09-09 18:00:00","2026-09-10 09:00:00","CAPE","surface",-74.0645,19.2064,3056
"2026-09-09 18:00:00","2026-09-10 09:00:00","CAPE","surface",-74.0406,19.2064,2943
"2026-09-09 18:00:00","2026-09-10 09:00:00","CAPE","surface",-74.0166,19.2064,2932
"2026-09-09 18:00:00","2026-09-10 09:00:00","CAPE","surface",-73.9927,19.2064,2742
"2026-09-09 18:00:00","2026-09-10 09:00:00","CAPE","surface",-73.9688,19.2064,2627
"2026-09-09 18:00:00","2026-09-10 09:00:00","CAPE","surface",-73.9449,19.2064,2556
"2026-09-09 18:00:00","2026-09-10 09:00:00","CAPE","surface",-73.9209,19.2064,2516
"2026-09-09 18:00:00","2026-09-10 09:00:00","CAPE","surface",-73.897,19.2064,2488
"2026-09-09 18:00:00","2026-09-10 09:00:00","CAPE","surface",-73.8731,19.2064,2467
"2026-09-09 18:00:00","2026-09-10 09:00:00","CAPE","surface",-73.8492,19.2064,2336
"2026-09-09 18:00:00","2026-09-10 09:00:00","CAPE","surface",-73.8252,19.2064,2339
"2026-09-09 18:00:00","2026-09-10 09:00:00","CAPE","surface",-73.8013,19.2064,2215
"2026-09-09 18:00:00","2026-09-10 09:00:00","CAPE","surface",-73.7774,19.2064,2215
"2026-09-09 18:00:00","2026-09-10 09:00:00","CAPE","surface",-73.7535,19.2064,2200
"2026-09-09 18:00:00","2026-09-10 09:00:00","CAPE","surface",-73.7295,19.2064,2236
"2026-09-09 18:00:00","2026-09-10 09:00:00","CAPE","surface",-73.7056,19.2064,2114
"2026-09-09 18:00:00","2026-09-10 09:00:00","CAPE","surface",-73.6817,19.2064,2129
"2026-09-09 18:00:00","2026-09-10 09:00:00","CAPE","surface",-73.6578,19.2064,1983
"2026-09-09 18:00:00","2026-09-10 09:00:00","CAPE","surface",-73.6338,19.2064,1983
"2026-09-09 18:00:00","2026-09-10 09:00:00","CAPE","surface",-73.6099,19.2064,1780
"2026-09-09 18:00:00","2026-09-10 09:00:00","CAPE","surface",-73.586,19.2064,1679
"2026-09-09 18:00:00","2026-09-10 09:00:00","CAPE","surface",-73.5621,19.2064,1623
"2026-09-09 18:00:00","2026-09-10 09:00:00","CAPE","surface",-73.5381,19.2064,1619
"2026-09-09 18:00:00","2026-09-10 09:00:00","CAPE","surface",-73.5142,19.2064,1655
"2026-09-09 18:00:00","2026-09-10 09:00:00","CAPE","surface",-73.4903,19.2064,1906
"2026-09-09 18:00:00","2026-09-10 09:00:00","CAPE","surface",-73.4664,19.2064,2037
"2026-09-09 18:00:00","2026-09-10 09:00:00","CAPE","surface",-73.4424,19.2064,2073
"2026-09-09 18:00:00","2026-09-10 09:00:00","CAPE","surface",-73.4185,19.2064,2018
"2026-09-09 18:00:00","2026-09-10 09:00:00","CAPE","surface",-73.3946,19.2064,1881
"2026-09-09 18:00:00","2026-09-10 09:00:00","CAPE","surface",-73.3707,19.2064,1865
"2026-09-09 18:00:00","2026-09-10 09:00:00","CAPE","surface",-73.3467,19.2064,2090
"2026-09-09 18:00:00","2026-09-10 09:00:00","CAPE","surface",-73.3228,19.2064,2081
"2026-09-09 18:00:00","2026-09-10 09:00:00","CAPE","surface",-73.2989,19.2064,2030
"2026-09-09 18:00:00","2026-09-10 09:00:00","CAPE","surface",-73.275,19.2064,2067
"2026-09-09 18:00:00","2026-09-10 09:00:00","CAPE","surface",-73.251,19.2064,2151
"2026-09-09 18:00:00","2026-09-10 09:00:00","CAPE","surface",-73.2271,19.2064,2171
"2026-09-09 18:00:00","2026-09-10 09:00:00","CAPE","surface",-73.2032,19.2064,2313
"2026-09-09 18:00:00","2026-09-10 09:00:00","CAPE","surface",-73.1793,19.2064,2269
"2026-09-09 18:00:00","2026-09-10 09:00:00","CAPE","surface",-73.1553,19.2064,2224
"2026-09-09 18:00:00","2026-09-10 09:00:00","CAPE","surface",-73.1314,19.2064,2224
"2026-09-09 18:00:00","2026-09-10 09:00:00","CAPE","surface",-73.1075,19.2064,2097
"2026-09-09 18:00:00","2026-09-10 09:00:00","CAPE","surface",-73.0836,19.2064,2068
"2026-09-09 18:00:00","2026-09-10 09:00:00","CAPE","surface",-73.0596,19.2064,1978
"2026-09-09 18:00:00","2026-09-10 09:00:00","CAPE","surface",-73.0357,19.2064,1922
"2026-09-09 18:00:00","2026-09-10 09:00:00","CAPE","surface",-73.0118,19.2064,1881
"2026-09-09 18:00:00","2026-09-10 09:00:00","CAPE","surface",-72.9879,19.2064,1857
"2026-09-09 18:00:00","2026-09-10 09:00:00","CAPE","surface",-72.9639,19.2064,1805
"2026-09-09 18:00:00","2026-09-10 09:00:00","CAPE","surface",-72.94,19.2064,1764
"2026-09-09 18:00:00","2026-09-10 09:00:00","CAPE","surface",-72.9161,19.2064,1741
"2026-09-09 18:00:00","2026-09-10 09:00:00","CAPE","surface",-72.8922,19.2064,1741
"2026-09-09 18:00:00","2026-09-10 09:00:00","CAPE","surface",-72.8682,19.2064,1687
"2026-09-09 18:00:00","2026-09-10 09:00:00","CAPE","surface",-72.8443,19.2064,1656
"2026-09-09 18:00:00","2026-09-10 09:00:00","CAPE","surface",-72.8204,19.2064,1671
"2026-09-09 18:00:00","2026-09-10 09:00:00","CAPE","surface",-72.7965,19.2064,1581
"2026-09-09 18:00:00","2026-09-10 09:00:00","CAPE","surface",-72.7725,19.2064,1581
"2026-09-09 18:00:00","2026-09-10 09:00:00","CAPE","surface",-72.7486,19.2064,1128
"2026-09-09 18:00:00","2026-09-10 09:00:00","CAPE","surface",-72.7247,19.2064,834
"2026-09-09 18:00:00","2026-09-10 09:00:00","CAPE","surface",-72.7008,19.2064,887
"2026-09-09 18:00:00","2026-09-10 09:00:00","CAPE","surface",-72.6768,19.2064,952
"2026-09-09 18:00:00","2026-09-10 09:00:00","CAPE","surface",-72.6529,19.2064,865
"2026-09-09 18:00:00","2026-09-10 09:00:00","CAPE","surface",-72.629,19.2064,865
"2026-09-09 18:00:00","2026-09-10 09:00:00","CAPE","surface",-72.6051,19.2064,758
"2026-09-09 18:00:00","2026-09-10 09:00:00","CAPE","surface",-72.5811,19.2064,652
"2026-09-09 18:00:00","2026-09-10 09:00:00","CAPE","surface",-72.5572,19.2064,601
"2026-09-09 18:00:00","2026-09-10 09:00:00","CAPE","surface",-72.5333,19.2064,660
"2026-09-09 18:00:00","2026-09-10 09:00:00","CAPE","surface",-72.5094,19.2064,580
"2026-09-09 18:00:00","2026-09-10 09:00:00","CAPE","surface",-72.4854,19.2064,668
"2026-09-09 18:00:00","2026-09-10 09:00:00","CAPE","surface",-72.4615,19.2064,707
"2026-09-09 18:00:00","2026-09-10 09:00:00","CAPE","surface",-72.4376,19.2064,876
"2026-09-09 18:00:00","2026-09-10 09:00:00","CAPE","surface",-72.4137,19.2064,824
"2026-09-09 18:00:00","2026-09-10 09:00:00","CAPE","surface",-72.3897,19.2064,824
"2026-09-09 18:00:00","2026-09-10 09:00:00","CAPE","surface",-72.3658,19.2064,816
"2026-09-09 18:00:00","2026-09-10 09:00:00","CAPE","surface",-72.3419,19.2064,722
"2026-09-09 18:00:00","2026-09-10 09:00:00","CAPE","surface",-72.318,19.2064,826
"2026-09-09 18:00:00","2026-09-10 09:00:00","CAPE","surface",-72.294,19.2064,468
"2026-09-09 18:00:00","2026-09-10 09:00:00","CAPE","surface",-72.2701,19.2064,468
"2026-09-09 18:00:00","2026-09-10 09:00:00","CAPE","surface",-72.2462,19.2064,371
"2026-09-09 18:00:00","2026-09-10 09:00:00","CAPE","surface",-72.2223,19.2064,356
"2026-09-09 18:00:00","2026-09-10 09:00:00","CAPE","surface",-72.1983,19.2064,343
"2026-09-09 18:00:00","2026-09-10 09:00:00","CAPE","surface",-72.1744,19.2064,366
"2026-09-09 18:00:00","2026-09-10 09:00:00","CAPE","surface",-72.1505,19.2064,446
"2026-09-09 18:00:00","2026-09-10 09:00:00","CAPE","surface",-72.1266,19.2064,447
"2026-09-09 18:00:00","2026-09-10 09:00:00","CAPE","surface",-72.1026,19.2064,575
"2026-09-09 18:00:00","2026-09-10 09:00:00","CAPE","surface",-72.0787,19.2064,543
"2026-09-09 18:00:00","2026-09-10 09:00:00","CAPE","surface",-72.0548,19.2064,680
"2026-09-09 18:00:00","2026-09-10 09:00:00","CAPE","surface",-72.0309,19.2064,680
"2026-09-09 18:00:00","2026-09-10 09:00:00","CAPE","surface",-72.0069,19.2064,742
"2026-09-09 18:00:00","2026-09-10 09:00:00","CAPE","surface",-71.983,19.2064,751
"2026-09-09 18:00:00","2026-09-10 09:00:00","CAPE","surface",-71.9591,19.2064,510
"2026-09-09 18:00:00","2026-09-10 09:00:00","CAPE","surface",-71.9352,19.2064,469
"2026-09-09 18:00:00","2026-09-10 09:00:00","CAPE","surface",-71.9112,19.2064,383
"2026-09-09 18:00:00","2026-09-10 09:00:00","CAPE","surface",-71.8873,19.2064,390
"2026-09-09 18:00:00","2026-09-10 09:00:00","CAPE","surface",-71.8634,19.2064,453
"2026-09-09 18:00:00","2026-09-10 09:00:00","CAPE","surface",-71.8395,19.2064,502
"2026-09-09 18:00:00","2026-09-10 09:00:00","CAPE","surface",-71.8155,19.2064,573
"2026-09-09 18:00:00","2026-09-10 09:00:00","CAPE","surface",-71.7916,19.2064,567
"2026-09-09 18:00:00","2026-09-10 09:00:00","CAPE","surface",-71.7677,19.2064,601
"2026-09-09 18:00:00","2026-09-10 09:00:00","CAPE","surface",-71.7438,19.2064,713
"2026-09-09 18:00:00","2026-09-10 09:00:00","CAPE","surface",-71.7198,19.2064,741
"2026-09-09 18:00:00","2026-09-10 09:00:00","CAPE","surface",-71.6959,19.2064,839
"2026-09-09 18:00:00","2026-09-10 09:00:00","CAPE","surface",-71.672,19.2064,805
"2026-09-09 18:00:00","2026-09-10 09:00:00","CAPE","surface",-71.6481,19.2064,716
"2026-09-09 18:00:00","2026-09-10 09:00:00","CAPE","surface",-71.6241,19.2064,699
"2026-09-09 18:00:00","2026-09-10 09:00:00","CAPE","surface",-71.6002,19.2064,675
"2026-09-09 18:00:00","2026-09-10 09:00:00","CAPE","surface",-71.5763,19.2064,675
"2026-09-09 18:00:00","2026-09-10 09:00:00","CAPE","surface",-71.5524,19.2064,645
"2026-09-09 18:00:00","2026-09-10 09:00:00","CAPE","surface",-71.5284,19.2064,653
"2026-09-09 18:00:00","2026-09-10 09:00:00","CAPE","surface",-71.5045,19.2064,688
"2026-09-09 18:00:00","2026-09-10 09:00:00","CAPE","surface",-71.4806,19.2064,638
"2026-09-09 18:00:00","2026-09-10 09:00:00","CAPE","surface",-71.4567,19.2064,638
"2026-09-09 18:00:00","2026-09-10 09:00:00","CAPE","surface",-71.4327,19.2064,637
"2026-09-09 18:00:00","2026-09-10 09:00:00","CAPE","surface",-71.4088,19.2064,676
"2026-09-09 18:00:00","2026-09-10 09:00:00","CAPE","surface",-71.3849,19.2064,657
"2026-09-09 18:00:00","2026-09-10 09:00:00","CAPE","surface",-71.361,19.2064,642
"2026-09-09 18:00:00","2026-09-10 09:00:00","CAPE","surface",-71.337,19.2064,614
"2026-09-09 18:00:00","2026-09-10 09:00:00","CAPE","surface",-71.3131,19.2064,337
"2026-09-09 18:00:00","2026-09-10 09:00:00","CAPE","surface",-71.2892,19.2064,362
"2026-09-09 18:00:00","2026-09-10 09:00:00","CAPE","surface",-71.2653,19.2064,0
"2026-09-09 18:00:00","2026-09-10 09:00:00","CAPE","surface",-71.2413,19.2064,0
"2026-09-09 18:00:00","2026-09-10 09:00:00","CAPE","surface",-71.2174,19.2064,0
"2026-09-09 18:00:00","2026-09-10 09:00:00","CAPE","surface",-71.1935,19.2064,0
"2026-09-09 18:00:00","2026-09-10 09:00:00","CAPE","surface",-71.1696,19.2064,0
"2026-09-09 18:00:00","2026-09-10 09:00:00","CAPE","surface",-71.1456,19.2064,0
"2026-09-09 18:00:00","2026-09-10 09:00:00","CAPE","surface",-71.1217,19.2064,0
"2026-09-09 18:00:00","2026-09-10 09:00:00","CAPE","surface",-71.0978,19.2064,0
"2026-09-09 18:00:00","2026-09-10 09:00:00","CAPE","surface",-71.0739,19.2064,7
"2026-09-09 18:00:00","2026-09-10 09:00:00","CAPE","surface",-71.0499,19.2064,0
"2026-09-09 18:00:00","2026-09-10 09:00:00","CAPE","surface",-71.026,19.2064,57
"2026-09-09 18:00:00","2026-09-10 09:00:00","CAPE","surface",-71.0021,19.2064,57
"2026-09-09 18:00:00","2026-09-10 09:00:00","CAPE","surface",-70.9782,19.2064,148
"2026-09-09 18:00:00","2026-09-10 09:00:00","CAPE","surface",-70.9542,19.2064,130
"2026-09-09 18:00:00","2026-09-10 09:00:00","CAPE","surface",-70.9303,19.2064,248
"2026-09-09 18:00:00","2026-09-10 09:00:00","CAPE","surface",-70.9064,19.2064,245
"2026-09-09 18:00:00","2026-09-10 09:00:00","CAPE","surface",-70.8825,19.2064,359
"2026-09-09 18:00:00","2026-09-10 09:00:00","CAPE","surface",-70.8585,19.2064,439
"2026-09-09 18:00:00","2026-09-10 09:00:00","CAPE","surface",-70.8346,19.2064,439
"2026-09-09 18:00:00","2026-09-10 09:00:00","CAPE","surface",-70.8107,19.2064,493
"2026-09-09 18:00:00","2026-09-10 09:00:00","CAPE","surface",-70.7868,19.2064,511
"2026-09-09 18:00:00","2026-09-10 09:00:00","CAPE","surface",-70.7628,19.2064,521
"2026-09-09 18:00:00","2026-09-10 09:00:00","CAPE","surface",-70.7389,19.2064,540
"2026-09-09 18:00:00","2026-09-10 09:00:00","CAPE","surface",-70.715,19.2064,543
"2026-09-09 18:00:00","2026-09-10 09:00:00","CAPE","surface",-70.6911,19.2064,545
"2026-09-09 18:00:00","2026-09-10 09:00:00","CAPE","surface",-70.6671,19.2064,678
"2026-09-09 18:00:00","2026-09-10 09:00:00","CAPE","surface",-70.6432,19.2064,723
"2026-09-09 18:00:00","2026-09-10 09:00:00","CAPE","surface",-70.6193,19.2064,879
"2026-09-09 18:00:00","2026-09-10 09:00:00","CAPE","surface",-70.5954,19.2064,891
"2026-09-09 18:00:00","2026-09-10 09:00:00","CAPE","surface",-70.5714,19.2064,1106
"2026-09-09 18:00:00","2026-09-10 09:00:00","CAPE","surface",-70.5475,19.2064,1230
"2026-09-09 18:00:00","2026-09-10 09:00:00","CAPE","surface",-70.5236,19.2064,1255
"2026-09-09 18:00:00","2026-09-10 09:00:00","CAPE","surface",-70.4997,19.2064,1279
"2026-09-09 18:00:00","2026-09-10 09:00:00","CAPE","surface",-70.4757,19.2064,1281
"2026-09-09 18:00:00","2026-09-10 09:00:00","CAPE","surface",-70.4518,19.2064,1249
"2026-09-09 18:00:00","2026-09-10 09:00:00","CAPE","surface",-70.4279,19.2064,1265
"2026-09-09 18:00:00","2026-09-10 09:00:00","CAPE","surface",-70.404,19.2064,1358
"2026-09-09 18:00:00","2026-09-10 09:00:00","CAPE","surface",-70.38,19.2064,1406
"2026-09-09 18:00:00","2026-09-10 09:00:00","CAPE","surface",-70.3561,19.2064,1547
"2026-09-09 18:00:00","2026-09-10 09:00:00","CAPE","surface",-70.3322,19.2064,1547
"2026-09-09 18:00:00","2026-09-10 09:00:00","CAPE","surface",-70.3083,19.2064,1582
"2026-09-09 18:00:00","2026-09-10 09:00:00","CAPE","surface",-70.2843,19.2064,1573
"2026-09-09 18:00:00","2026-09-10 09:00:00","CAPE","surface",-70.2604,19.2064,1550
"2026-09-09 18:00:00","2026-09-10 09:00:00","CAPE","surface",-70.2365,19.2064,1577
"2026-09-09 18:00:00","2026-09-10 09:00:00","CAPE","surface",-70.2126,19.2064,1577
"2026-09-09 18:00:00","2026-09-10 09:00:00","CAPE","surface",-70.1886,19.2064,1607
"2026-09-09 18:00:00","2026-09-10 09:00:00","CAPE","surface",-70.1647,19.2064,1595
"2026-09-09 18:00:00","2026-09-10 09:00:00","CAPE","surface",-70.1408,19.2064,1654
"2026-09-09 18:00:00","2026-09-10 09:00:00","CAPE","surface",-70.1169,19.2064,1654
"2026-09-09 18:00:00","2026-09-10 09:00:00","CAPE","surface",-70.0929,19.2064,1738
"2026-09-09 18:00:00","2026-09-10 09:00:00","CAPE","surface",-70.069,19.2064,1757
"2026-09-09 18:00:00","2026-09-10 09:00:00","CAPE","surface",-70.0451,19.2064,1805
"2026-09-09 18:00:00","2026-09-10 09:00:00","CAPE","surface",-70.0212,19.2064,1862
"2026-09-09 18:00:00","2026-09-10 09:00:00","CAPE","surface",-69.9972,19.2064,1698
"2026-09-09 18:00:00","2026-09-10 09:00:00","CAPE","surface",-69.9733,19.2064,1758
"2026-09-09 18:00:00","2026-09-10 09:00:00","CAPE","surface",-69.9494,19.2064,1804
"2026-09-09 18:00:00","2026-09-10 09:00:00","CAPE","surface",-69.9255,19.2064,1892
"2026-09-09 18:00:00","2026-09-10 09:00:00","CAPE","surface",-69.9015,19.2064,1892
"2026-09-09 18:00:00","2026-09-10 09:00:00","CAPE","surface",-69.8776,19.2064,1917
"2026-09-09 18:00:00","2026-09-10 09:00:00","CAPE","surface",-69.8537,19.2064,2004
"2026-09-09 18:00:00","2026-09-10 09:00:00","CAPE","surface",-69.8298,19.2064,2069
"2026-09-09 18:00:00","2026-09-10 09:00:00","CAPE","surface",-69.8058,19.2064,2252
"2026-09-09 18:00:00","2026-09-10 09:00:00","CAPE","surface",-69.7819,19.2064,2116
"2026-09-09 18:00:00","2026-09-10 09:00:00","CAPE","surface",-69.758,19.2064,2162
"2026-09-09 18:00:00","2026-09-10 09:00:00","CAPE","surface",-69.7341,19.2064,1694
"2026-09-09 18:00:00","2026-09-10 09:00:00","CAPE","surface",-69.7101,19.2064,898
"2026-09-09 18:00:00","2026-09-10 09:00:00","CAPE","surface",-69.6862,19.2064,898
"2026-09-09 18:00:00","2026-09-10 09:00:00","CAPE","surface",-69.6623,19.2064,1055
"2026-09-09 18:00:00","2026-09-10 09:00:00","CAPE","surface",-69.6384,19.2064,1615
"2026-09-09 18:00:00","2026-09-10 09:00:00","CAPE","surface",-69.6144,19.2064,2070
"2026-09-09 18:00:00","2026-09-10 09:00:00","CAPE","surface",-69.5905,19.2064,2149
"2026-09-09 18:00:00","2026-09-10 09:00:00","CAPE","surface",-69.5666,19.2064,2039
"2026-09-09 18:00:00","2026-09-10 09:00:00","CAPE","surface",-69.5427,19.2064,1874
"2026-09-09 18:00:00","2026-09-10 09:00:00","CAPE","surface",-69.5187,19.2064,1619
"2026-09-09 18:00:00","2026-09-10 09:00:00","CAPE","surface",-69.4948,19.2064,1476
"2026-09-09 18:00:00","2026-09-10 09:00:00","CAPE","surface",-69.4709,19.2064,1387
"2026-09-09 18:00:00","2026-09-10 09:00:00","CAPE","surface",-69.447,19.2064,1858
"2026-09-09 18:00:00","2026-09-10 09:00:00","CAPE","surface",-69.423,19.2064,2135
"2026-09-09 18:00:00","2026-09-10 09:00:00","CAPE","surface",-69.3991,19.2064,2445
"2026-09-09 18:00:00","2026-09-10 09:00:00","CAPE","surface",-69.3752,19.2064,2445
"2026-09-09 18:00:00","2026-09-10 09:00:00","CAPE","surface",-69.3513,19.2064,2591
"2026-09-09 18:00:00","2026-09-10 09:00:00","CAPE","surface",-69.3273,19.2064,2748
"2026-09-09 18:00:00","2026-09-10 09:00:00","CAPE","surface",-69.3034,19.2064,2648
"2026-09-09 18:00:00","2026-09-10 09:00:00","CAPE","surface",-69.2795,19.2064,2813
"2026-09-09 18:00:00","2026-09-10 09:00:00","CAPE","surface",-69.2556,19.2064,2742
"2026-09-09 18:00:00","2026-09-10 09:00:00","CAPE","surface",-69.2316,19.2064,2824
"2026-09-09 18:00:00","2026-09-10 09:00:00","CAPE","surface",-69.2077,19.2064,2808
"2026-09-09 18:00:00","2026-09-10 09:00:00","CAPE","surface",-69.1838,19.2064,2849
"2026-09-09 18:00:00","2026-09-10 09:00:00","CAPE","surface",-69.1599,19.2064,2849
"2026-09-09 18:00:00","2026-09-10 09:00:00","CAPE","surface",-69.1359,19.2064,2982
"2026-09-09 18:00:00","2026-09-10 09:00:00","CAPE","surface",-69.112,19.2064,3084
"2026-09-09 18:00:00","2026-09-10 09:00:00","CAPE","surface",-69.0881,19.2064,3254
"2026-09-09 18:00:00","2026-09-10 09:00:00","CAPE","surface",-69.0642,19.2064,3309
"2026-09-09 18:00:00","2026-09-10 09:00:00","CAPE","surface",-69.0402,19.2064,3307
"2026-09-09 18:00:00","2026-09-10 09:00:00","CAPE","surface",-69.0163,19.2064,3328
"2026-09-09 18:00:00","2026-09-10 09:00:00","CAPE","surface",-68.9924,19.2064,3135
"2026-09-09 18:00:00","2026-09-10 09:00:00","CAPE","surface",-68.9685,19.2064,2778
"2026-09-09 18:00:00","2026-09-10 09:00:00","CAPE","surface",-68.9445,19.2064,2778
"2026-09-09 18:00:00","2026-09-10 09:00:00","CAPE","surface",-68.9206,19.2064,2687
"2026-09-09 18:00:00","2026-09-10 09:00:00","CAPE","surface",-68.8967,19.2064,2801
"2026-09-09 18:00:00","2026-09-10 09:00:00","CAPE","surface",-68.8728,19.2064,2590
"2026-09-09 18:00:00","2026-09-10 09:00:00","CAPE","surface",-68.8488,19.2064,2590
"2026-09-09 18:00:00","2026-09-10 09:00:00","CAPE","surface",-68.8249,19.2064,1896
"2026-09-09 18:00:00","2026-09-10 09:00:00","CAPE","surface",-68.801,19.2064,1294
"2026-09-09 18:00:00","2026-09-10 09:00:00","CAPE","surface",-68.7771,19.2064,846
"2026-09-09 18:00:00","2026-09-10 09:00:00","CAPE","surface",-68.7531,19.2064,1089
"2026-09-09 18:00:00","2026-09-10 09:00:00","CAPE","surface",-68.7292,19.2064,744
"2026-09-09 18:00:00","2026-09-10 09:00:00","CAPE","surface",-68.7053,19.2064,745
"2026-09-09 18:00:00","2026-09-10 09:00:00","CAPE","surface",-68.6813,19.2064,678
"2026-09-09 18:00:00","2026-09-10 09:00:00","CAPE","surface",-68.6574,19.2064,841
"2026-09-09 18:00:00","2026-09-10 09:00:00","CAPE","surface",-68.6335,19.2064,841
"2026-09-09 18:00:00","2026-09-10 09:00:00","CAPE","surface",-68.6096,19.2064,1032
"2026-09-09 18:00:00","2026-09-10 09:00:00","CAPE","surface",-68.5856,19.2064,1114
"2026-09-09 18:00:00","2026-09-10 09:00:00","CAPE","surface",-68.5617,19.2064,1447
"2026-09-09 18:00:00","2026-09-10 09:00:00","CAPE","surface",-68.5378,19.2064,1565
"2026-09-09 18:00:00","2026-09-10 09:00:00","CAPE","surface",-68.5139,19.2064,1822
"2026-09-09 18:00:00","2026-09-10 09:00:00","CAPE","surface",-68.4899,19.2064,2162
"2026-09-09 18:00:00","2026-09-10 09:00:00","CAPE","surface",-68.466,19.2064,2377
"2026-09-09 18:00:00","2026-09-10 09:00:00","CAPE","surface",-68.4421,19.2064,2422
"2026-09-09 18:00:00","2026-09-10 09:00:00","CAPE","surface",-68.4182,19.2064,2553
"2026-09-09 18:00:00","2026-09-10 09:00:00","CAPE","surface",-68.3942,19.2064,2742
"2026-09-09 18:00:00","2026-09-10 09:00:00","CAPE","surface",-68.3703,19.2064,2923
"2026-09-09 18:00:00","2026-09-10 09:00:00","CAPE","surface",-68.3464,19.2064,2923
"2026-09-09 18:00:00","2026-09-10 09:00:00","CAPE","surface",-68.3225,19.2064,3108
"2026-09-09 18:00:00","2026-09-10 09:00:00","CAPE","surface",-68.2985,19.2064,3210
"2026-09-09 18:00:00","2026-09-10 09:00:00","CAPE","surface",-68.2746,19.2064,3354
"2026-09-09 18:00:00","2026-09-10 09:00:00","CAPE","surface",-68.2507,19.2064,3450
"2026-09-09 18:00:00","2026-09-10 09:00:00","CAPE","surface",-68.2268,19.2064,3571
"2026-09-09 18:00:00","2026-09-10 09:00:00","CAPE","surface",-68.2028,19.2064,3593
"2026-09-09 18:00:00","2026-09-10 09:00:00","CAPE","surface",-68.1789,19.2064,3408
"2026-09-09 18:00:00","2026-09-10 09:00:00","CAPE","surface",-68.155,19.2064,3053
"2026-09-09 18:00:00","2026-09-10 09:00:00","CAPE","surface",-68.1311,19.2064,3053
"2026-09-09 18:00:00","2026-09-10 09:00:00","CAPE","surface",-68.1071,19.2064,2980
"2026-09-09 18:00:00","2026-09-10 09:00:00","CAPE","surface",-68.0832,19.2064,2924
"2026-09-09 18:00:00","2026-09-10 09:00:00","CAPE","surface",-68.0593,19.2064,3042
"2026-09-09 18:00:00","2026-09-10 09:00:00","CAPE","surface",-68.0354,19.2064,3042
"2026-09-09 18:00:00","2026-09-10 09:00:00","CAPE","surface",-68.0114,19.2064,3139
"2026-09-09 18:00:00","2026-09-10 09:00:00","CAPE","surface",-67.9875,19.2064,2996
"2026-09-09 18:00:00","2026-09-10 09:00:00","CAPE","surface",-67.9636,19.2064,3057
"2026-09-09 18:00:00","2026-09-10 09:00:00","CAPE","surface",-67.9397,19.2064,3220
"2026-09-09 18:00:00","2026-09-10 09:00:00","CAPE","surface",-67.9157,19.2064,3027
"2026-09-09 18:00:00","2026-09-10 09:00:00","CAPE","surface",-67.8918,19.2064,2939
"2026-09-09 18:00:00","2026-09-10 09:00:00","CAPE","surface",-67.8679,19.2064,2937
"2026-09-09 18:00:00","2026-09-10 09:00:00","CAPE","surface",-67.844,19.2064,2892
"2026-09-09 18:00:00","2026-09-10 09:00:00","CAPE","surface",-67.82,19.2064,2927
"2026-09-09 18:00:00","2026-09-10 09:00:00","CAPE","surface",-67.7961,19.2064,2911
"2026-09-09 18:00:00","2026-09-10 09:00:00","CAPE","surface",-67.7722,19.2064,2887
"2026-09-09 18:00:00","2026-09-10 09:00:00","CAPE","surface",-67.7483,19.2064,2887
"2026-09-09 18:00:00","2026-09-10 09:00:00","CAPE","surface",-67.7243,19.2064,2779
"2026-09-09 18:00:00","2026-09-10 09:00:00","CAPE","surface",-67.7004,19.2064,2780
"2026-09-09 18:00:00","2026-09-10 09:00:00","CAPE","surface",-67.6765,19.2064,2773
"2026-09-09 18:00:00","2026-09-10 09:00:00","CAPE","surface",-67.6526,19.2064,2773
"2026-09-09 18:00:00","2026-09-10 09:00:00","CAPE","surface",-67.6286,19.2064,2862
"2026-09-09 18:00:00","2026-09-10 09:00:00","CAPE","surface",-67.6047,19.2064,2959
"2026-09-09 18:00:00","2026-09-10 09:00:00","CAPE","surface",-67.5808,19.2064,3193
"2026-09-09 18:00:00","2026-09-10 09:00:00","CAPE","surface",-67.5569,19.2064,3456
"2026-09-09 18:00:00","2026-09-10 09:00:00","CAPE","surface",-67.5329,19.2064,3456
"2026-09-09 18:00:00","2026-09-10 09:00:00","CAPE","surface",-67.509,19.2064,3548
"2026-09-09 18:00:00","2026-09-10 09:00:00","CAPE","surface",-67.4851,19.2064,3444
"2026-09-09 18:00:00","2026-09-10 09:00:00","CAPE","surface",-67.4612,19.2064,3148
"2026-09-09 18:00:00","2026-09-10 09:00:00","CAPE","surface",-67.4372,19.2064,3148
"2026-09-09 18:00:00","2026-09-10 09:00:00","CAPE","surface",-67.4133,19.2064,3037
"2026-09-09 18:00:00","2026-09-10 09:00:00","CAPE","surface",-67.3894,19.2064,3045
"2026-09-09 18:00:00","2026-09-10 09:00:00","CAPE","surface",-67.3655,19.2064,3053
"2026-09-09 18:00:00","2026-09-10 09:00:00","CAPE","surface",-67.3415,19.2064,3106
"2026-09-09 18:00:00","2026-09-10 09:00:00","CAPE","surface",-67.3176,19.2064,3178
"2026-09-09 18:00:00","2026-09-10 09:00:00","CAPE","surface",-67.2937,19.2064,3277
"2026-09-09 18:00:00","2026-09-10 09:00:00","CAPE","surface",-67.2698,19.2064,3429
"2026-09-09 18:00:00","2026-09-10 09:00:00","CAPE","surface",-67.2458,19.2064,3331
"2026-09-09 18:00:00","2026-09-10 09:00:00","CAPE","surface",-67.2219,19.2064,3445
"2026-09-09 18:00:00","2026-09-10 09:00:00","CAPE","surface",-67.198,19.2064,3215
"2026-09-09 18:00:00","2026-09-10 09:00:00","CAPE","surface",-67.1741,19.2064,2975
"2026-09-09 18:00:00","2026-09-10 09:00:00","CAPE","surface",-67.1501,19.2064,2975
"2026-09-09 18:00:00","2026-09-10 09:00:00","CAPE","surface",-67.1262,19.2064,2929
"2026-09-09 18:00:00","2026-09-10 09:00:00","CAPE","surface",-67.1023,19.2064,2932
"2026-09-09 18:00:00","2026-09-10 09:00:00","CAPE","surface",-67.0784,19.2064,2949
"2026-09-09 18:00:00","2026-09-10 09:00:00","CAPE","surface",-67.0544,19.2064,2949
"2026-09-09 18:00:00","2026-09-10 09:00:00","CAPE","surface",-67.0305,19.2064,3040
"2026-09-09 18:00:00","2026-09-10 09:00:00","CAPE","surface",-67.0066,19.2064,3025
"2026-09-09 18:00:00","2026-09-10 09:00:00","CAPE","surface",-74.7822,19.229,2168
"2026-09-09 18:00:00","2026-09-10 09:00:00","CAPE","surface",-74.7583,19.229,2170
"2026-09-09 18:00:00","2026-09-10 09:00:00","CAPE","surface",-74.7344,19.229,2150
"2026-09-09 18:00:00","2026-09-10 09:00:00","CAPE","surface",-74.7105,19.229,2116
"2026-09-09 18:00:00","2026-09-10 09:00:00","CAPE","surface",-74.6865,19.229,2091
"2026-09-09 18:00:00","2026-09-10 09:00:00","CAPE","surface",-74.6626,19.229,2095
"2026-09-09 18:00:00","2026-09-10 09:00:00","CAPE","surface",-74.6387,19.229,2185
"2026-09-09 18:00:00","2026-09-10 09:00:00","CAPE","surface",-74.6148,19.229,2191
"2026-09-09 18:00:00","2026-09-10 09:00:00","CAPE","surface",-74.5908,19.229,2278
"2026-09-09 18:00:00","2026-09-10 09:00:00","CAPE","surface",-74.5669,19.229,2280
"2026-09-09 18:00:00","2026-09-10 09:00:00","CAPE","surface",-74.543,19.229,2450
"2026-09-09 18:00:00","2026-09-10 09:00:00","CAPE","surface",-74.5191,19.229,2450
"2026-09-09 18:00:00","2026-09-10 09:00:00","CAPE","surface",-74.4951,19.229,2593
"2026-09-09 18:00:00","2026-09-10 09:00:00","CAPE","surface",-74.4712,19.229,2584
"2026-09-09 18:00:00","2026-09-10 09:00:00","CAPE","surface",-74.4473,19.229,2692
"2026-09-09 18:00:00","2026-09-10 09:00:00","CAPE","surface",-74.4234,19.229,2684
"2026-09-09 18:00:00","2026-09-10 09:00:00","CAPE","surface",-74.3994,19.229,2778
"2026-09-09 18:00:00","2026-09-10 09:00:00","CAPE","surface",-74.3755,19.229,2778
"2026-09-09 18:00:00","2026-09-10 09:00:00","CAPE","surface",-74.3516,19.229,2835
"2026-09-09 18:00:00","2026-09-10 09:00:00","CAPE","surface",-74.3277,19.229,2799
"2026-09-09 18:00:00","2026-09-10 09:00:00","CAPE","surface",-74.3037,19.229,2924
"2026-09-09 18:00:00","2026-09-10 09:00:00","CAPE","surface",-74.2798,19.229,2937
"2026-09-09 18:00:00","2026-09-10 09:00:00","CAPE","surface",-74.2559,19.229,2967
"2026-09-09 18:00:00","2026-09-10 09:00:00","CAPE","surface",-74.232,19.229,2967
"2026-09-09 18:00:00","2026-09-10 09:00:00","CAPE","surface",-74.208,19.229,2886
"2026-09-09 18:00:00","2026-09-10 09:00:00","CAPE","surface",-74.1841,19.229,2946
"2026-09-09 18:00:00","2026-09-10 09:00:00","CAPE","surface",-74.1602,19.229,2890
"2026-09-09 18:00:00","2026-09-10 09:00:00","CAPE","surface",-74.1363,19.229,2974
"2026-09-09 18:00:00","2026-09-10 09:00:00","CAPE","surface",-74.1123,19.229,2802
"2026-09-09 18:00:00","2026-09-10 09:00:00","CAPE","surface",-74.0884,19.229,2952
"2026-09-09 18:00:00","2026-09-10 09:00:00","CAPE","surface",-74.0645,19.229,2861
"2026-09-09 18:00:00","2026-09-10 09:00:00","CAPE","surface",-74.0406,19.229,2943
"2026-09-09 18:00:00","2026-09-10 09:00:00","CAPE","surface",-74.0166,19.229,2788
"2026-09-09 18:00:00","2026-09-10 09:00:00","CAPE","surface",-73.9927,19.229,2742
"2026-09-09 18:00:00","2026-09-10 09:00:00","CAPE","surface",-73.9688,19.229,2660
"2026-09-09 18:00:00","2026-09-10 09:00:00","CAPE","surface",-73.9449,19.229,2626
"2026-09-09 18:00:00","2026-09-10 09:00:00","CAPE","surface",-73.9209,19.229,2548
"2026-09-09 18:00:00","2026-09-10 09:00:00","CAPE","surface",-73.897,19.229,2362
"2026-09-09 18:00:00","2026-09-10 09:00:00","CAPE","surface",-73.8731,19.229,2358
"2026-09-09 18:00:00","2026-09-10 09:00:00","CAPE","surface",-73.8492,19.229,2226
"2026-09-09 18:00:00","2026-09-10 09:00:00","CAPE","surface",-73.8252,19.229,2202
"2026-09-09 18:00:00","2026-09-10 09:00:00","CAPE","surface",-73.8013,19.229,2063
"2026-09-09 18:00:00","2026-09-10 09:00:00","CAPE","surface",-73.7774,19.229,2149
"2026-09-09 18:00:00","2026-09-10 09:00:00","CAPE","surface",-73.7535,19.229,1990
"2026-09-09 18:00:00","2026-09-10 09:00:00","CAPE","surface",-73.7295,19.229,1990
"2026-09-09 18:00:00","2026-09-10 09:00:00","CAPE","surface",-73.7056,19.229,1910
"2026-09-09 18:00:00","2026-09-10 09:00:00","CAPE","surface",-73.6817,19.229,1966
"2026-09-09 18:00:00","2026-09-10 09:00:00","CAPE","surface",-73.6578,19.229,1925
"2026-09-09 18:00:00","2026-09-10 09:00:00","CAPE","surface",-73.6338,19.229,1872
"2026-09-09 18:00:00","2026-09-10 09:00:00","CAPE","surface",-73.6099,19.229,1699
"2026-09-09 18:00:00","2026-09-10 09:00:00","CAPE","surface",-73.586,19.229,1699
"2026-09-09 18:00:00","2026-09-10 09:00:00","CAPE","surface",-73.5621,19.229,1633
"2026-09-09 18:00:00","2026-09-10 09:00:00","CAPE","surface",-73.5381,19.229,1624
"2026-09-09 18:00:00","2026-09-10 09:00:00","CAPE","surface",-73.5142,19.229,1761
"2026-09-09 18:00:00","2026-09-10 09:00:00","CAPE","surface",-73.4903,19.229,1906
"2026-09-09 18:00:00","2026-09-10 09:00:00","CAPE","surface",-73.4664,19.229,2015
"2026-09-09 18:00:00","2026-09-10 09:00:00","CAPE","surface",-73.4424,19.229,2073
"2026-09-09 18:00:00","2026-09-10 09:00:00","CAPE","surface",-73.4185,19.229,1946
"2026-09-09 18:00:00","2026-09-10 09:00:00","CAPE","surface",-73.3946,19.229,1881
"2026-09-09 18:00:00","2026-09-10 09:00:00","CAPE","surface",-73.3707,19.229,2066
"2026-09-09 18:00:00","2026-09-10 09:00:00","CAPE","surface",-73.3467,19.229,2090
"2026-09-09 18:00:00","2026-09-10 09:00:00","CAPE","surface",-73.3228,19.229,2135
"2026-09-09 18:00:00","2026-09-10 09:00:00","CAPE","surface",-73.2989,19.229,2067
"2026-09-09 18:00:00","2026-09-10 09:00:00","CAPE","surface",-73.275,19.229,2147
"2026-09-09 18:00:00","2026-09-10 09:00:00","CAPE","surface",-73.251,19.229,2151
"2026-09-09 18:00:00","2026-09-10 09:00:00","CAPE","surface",-73.2271,19.229,2318
"2026-09-09 18:00:00","2026-09-10 09:00:00","CAPE","surface",-73.2032,19.229,2318
"2026-09-09 18:00:00","2026-09-10 09:00:00","CAPE","surface",-73.1793,19.229,2391
"2026-09-09 18:00:00","2026-09-10 09:00:00","CAPE","surface",-73.1553,19.229,2299
"2026-09-09 18:00:00","2026-09-10 09:00:00","CAPE","surface",-73.1314,19.229,2166
"2026-09-09 18:00:00","2026-09-10 09:00:00","CAPE","surface",-73.1075,19.229,2060
"2026-09-09 18:00:00","2026-09-10 09:00:00","CAPE","surface",-73.0836,19.229,2060
"2026-09-09 18:00:00","2026-09-10 09:00:00","CAPE","surface",-73.0596,19.229,1968
"2026-09-09 18:00:00","2026-09-10 09:00:00","CAPE","surface",-73.0357,19.229,1924
"2026-09-09 18:00:00","2026-09-10 09:00:00","CAPE","surface",-73.0118,19.229,1852
"2026-09-09 18:00:00","2026-09-10 09:00:00","CAPE","surface",-72.9879,19.229,1855
"2026-09-09 18:00:00","2026-09-10 09:00:00","CAPE","surface",-72.9639,19.229,1804
"2026-09-09 18:00:00","2026-09-10 09:00:00","CAPE","surface",-72.94,19.229,1760
"2026-09-09 18:00:00","2026-09-10 09:00:00","CAPE","surface",-72.9161,19.229,1727
"2026-09-09 18:00:00","2026-09-10 09:00:00","CAPE","surface",-72.8922,19.229,1715
"2026-09-09 18:00:00","2026-09-10 09:00:00","CAPE","surface",-72.8682,19.229,1641
"2026-09-09 18:00:00","2026-09-10 09:00:00","CAPE","surface",-72.8443,19.229,1641
"2026-09-09 18:00:00","2026-09-10 09:00:00","CAPE","surface",-72.8204,19.229,1599
"2026-09-09 18:00:00","2026-09-10 09:00:00","CAPE","surface",-72.7965,19.229,1619
"2026-09-09 18:00:00","2026-09-10 09:00:00","CAPE","surface",-72.7725,19.229,1558
"2026-09-09 18:00:00","2026-09-10 09:00:00","CAPE","surface",-72.7486,19.229,1128
"2026-09-09 18:00:00","2026-09-10 09:00:00","CAPE","surface",-72.7247,19.229,848
"2026-09-09 18:00:00","2026-09-10 09:00:00","CAPE","surface",-72.7008,19.229,848
"2026-09-09 18:00:00","2026-09-10 09:00:00","CAPE","surface",-72.6768,19.229,841
"2026-09-09 18:00:00","2026-09-10 09:00:00","CAPE","surface",-72.6529,19.229,889
"2026-09-09 18:00:00","2026-09-10 09:00:00","CAPE","surface",-72.629,19.229,795
"2026-09-09 18:00:00","2026-09-10 09:00:00","CAPE","surface",-72.6051,19.229,758
"2026-09-09 18:00:00","2026-09-10 09:00:00","CAPE","surface",-72.5811,19.229,734
"2026-09-09 18:00:00","2026-09-10 09:00:00","CAPE","surface",-72.5572,19.229,617
"2026-09-09 18:00:00","2026-09-10 09:00:00","CAPE","surface",-72.5333,19.229,554
"2026-09-09 18:00:00","2026-09-10 09:00:00","CAPE","surface",-72.5094,19.229,571
"2026-09-09 18:00:00","2026-09-10 09:00:00","CAPE","surface",-72.4854,19.229,599
"2026-09-09 18:00:00","2026-09-10 09:00:00","CAPE","surface",-72.4615,19.229,598
"2026-09-09 18:00:00","2026-09-10 09:00:00","CAPE","surface",-72.4376,19.229,622
"2026-09-09 18:00:00","2026-09-10 09:00:00","CAPE","surface",-72.4137,19.229,622
"2026-09-09 18:00:00","2026-09-10 09:00:00","CAPE","surface",-72.3897,19.229,703
"2026-09-09 18:00:00","2026-09-10 09:00:00","CAPE","surface",-72.3658,19.229,653
"2026-09-09 18:00:00","2026-09-10 09:00:00","CAPE","surface",-72.3419,19.229,653
"2026-09-09 18:00:00","2026-09-10 09:00:00","CAPE","surface",-72.318,19.229,581
"2026-09-09 18:00:00","2026-09-10 09:00:00","CAPE","surface",-72.294,19.229,552
"2026-09-09 18:00:00","2026-09-10 09:00:00","CAPE","surface",-72.2701,19.229,387
"2026-09-09 18:00:00","2026-09-10 09:00:00","CAPE","surface",-72.2462,19.229,371
"2026-09-09 18:00:00","2026-09-10 09:00:00","CAPE","surface",-72.2223,19.229,352
"2026-09-09 18:00:00","2026-09-10 09:00:00","CAPE","surface",-72.1983,19.229,337
"2026-09-09 18:00:00","2026-09-10 09:00:00","CAPE","surface",-72.1744,19.229,396
"2026-09-09 18:00:00","2026-09-10 09:00:00","CAPE","surface",-72.1505,19.229,446
"2026-09-09 18:00:00","2026-09-10 09:00:00","CAPE","surface",-72.1266,19.229,563
"2026-09-09 18:00:00","2026-09-10 09:00:00","CAPE","surface",-72.1026,19.229,599
"2026-09-09 18:00:00","2026-09-10 09:00:00","CAPE","surface",-72.0787,19.229,648
"2026-09-09 18:00:00","2026-09-10 09:00:00","CAPE","surface",-72.0548,19.229,680
"2026-09-09 18:00:00","2026-09-10 09:00:00","CAPE","surface",-72.0309,19.229,690
"2026-09-09 18:00:00","2026-09-10 09:00:00","CAPE","surface",-72.0069,19.229,701
"2026-09-09 18:00:00","2026-09-10 09:00:00","CAPE","surface",-71.983,19.229,701
"2026-09-09 18:00:00","2026-09-10 09:00:00","CAPE","surface",-71.9591,19.229,385
"2026-09-09 18:00:00","2026-09-10 09:00:00","CAPE","surface",-71.9352,19.229,360
"2026-09-09 18:00:00","2026-09-10 09:00:00","CAPE","surface",-71.9112,19.229,356
"2026-09-09 18:00:00","2026-09-10 09:00:00","CAPE","surface",-71.8873,19.229,390
"2026-09-09 18:00:00","2026-09-10 09:00:00","CAPE","surface",-71.8634,19.229,406
"2026-09-09 18:00:00","2026-09-10 09:00:00","CAPE","surface",-71.8395,19.229,469
"2026-09-09 18:00:00","2026-09-10 09:00:00","CAPE","surface",-71.8155,19.229,529
"2026-09-09 18:00:00","2026-09-10 09:00:00","CAPE","surface",-71.7916,19.229,567
"2026-09-09 18:00:00","2026-09-10 09:00:00","CAPE","surface",-71.7677,19.229,650
"2026-09-09 18:00:00","2026-09-10 09:00:00","CAPE","surface",-71.7438,19.229,650
"2026-09-09 18:00:00","2026-09-10 09:00:00","CAPE","surface",-71.7198,19.229,805
"2026-09-09 18:00:00","2026-09-10 09:00:00","CAPE","surface",-71.6959,19.229,701
"2026-09-09 18:00:00","2026-09-10 09:00:00","CAPE","surface",-71.672,19.229,713
"2026-09-09 18:00:00","2026-09-10 09:00:00","CAPE","surface",-71.6481,19.229,646
"2026-09-09 18:00:00","2026-09-10 09:00:00","CAPE","surface",-71.6241,19.229,667
"2026-09-09 18:00:00","2026-09-10 09:00:00","CAPE","surface",-71.6002,19.229,641
"2026-09-09 18:00:00","2026-09-10 09:00:00","CAPE","surface",-71.5763,19.229,666
"2026-09-09 18:00:00","2026-09-10 09:00:00","CAPE","surface",-71.5524,19.229,639
"2026-09-09 18:00:00","2026-09-10 09:00:00","CAPE","surface",-71.5284,19.229,639
"2026-09-09 18:00:00","2026-09-10 09:00:00","CAPE","surface",-71.5045,19.229,700
"2026-09-09 18:00:00","2026-09-10 09:00:00","CAPE","surface",-71.4806,19.229,688
"2026-09-09 18:00:00","2026-09-10 09:00:00","CAPE","surface",-71.4567,19.229,599
"2026-09-09 18:00:00","2026-09-10 09:00:00","CAPE","surface",-71.4327,19.229,637
"2026-09-09 18:00:00","2026-09-10 09:00:00","CAPE","surface",-71.4088,19.229,660
"2026-09-09 18:00:00","2026-09-10 09:00:00","CAPE","surface",-71.3849,19.229,681
"2026-09-09 18:00:00","2026-09-10 09:00:00","CAPE","surface",-71.361,19.229,715
"2026-09-09 18:00:00","2026-09-10 09:00:00","CAPE","surface",-71.337,19.229,693
"2026-09-09 18:00:00","2026-09-10 09:00:00","CAPE","surface",-71.3131,19.229,623
"2026-09-09 18:00:00","2026-09-10 09:00:00","CAPE","surface",-71.2892,19.229,641
"2026-09-09 18:00:00","2026-09-10 09:00:00","CAPE","surface",-71.2653,19.229,472
"2026-09-09 18:00:00","2026-09-10 09:00:00","CAPE","surface",-71.2413,19.229,194
"2026-09-09 18:00:00","2026-09-10 09:00:00","CAPE","surface",-71.2174,19.229,0
"2026-09-09 18:00:00","2026-09-10 09:00:00","CAPE","surface",-71.1935,19.229,0
"2026-09-09 18:00:00","2026-09-10 09:00:00","CAPE","surface",-71.1696,19.229,0
"2026-09-09 18:00:00","2026-09-10 09:00:00","CAPE","surface",-71.1456,19.229,0
"2026-09-09 18:00:00","2026-09-10 09:00:00","CAPE","surface",-71.1217,19.229,0
"2026-09-09 18:00:00","2026-09-10 09:00:00","CAPE","surface",-71.0978,19.229,6
"2026-09-09 18:00:00","2026-09-10 09:00:00","CAPE","surface",-71.0739,19.229,6
"2026-09-09 18:00:00","2026-09-10 09:00:00","CAPE","surface",-71.0499,19.229,37
"2026-09-09 18:00:00","2026-09-10 09:00:00","CAPE","surface",-71.026,19.229,47
"2026-09-09 18:00:00","2026-09-10 09:00:00","CAPE","surface",-71.0021,19.229,151
"2026-09-09 18:00:00","2026-09-10 09:00:00","CAPE","surface",-70.9782,19.229,287
"2026-09-09 18:00:00","2026-09-10 09:00:00","CAPE","surface",-70.9542,19.229,287
"2026-09-09 18:00:00","2026-09-10 09:00:00","CAPE","surface",-70.9303,19.229,392
"2026-09-09 18:00:00","2026-09-10 09:00:00","CAPE","surface",-70.9064,19.229,368
"2026-09-09 18:00:00","2026-09-10 09:00:00","CAPE","surface",-70.8825,19.229,435
"2026-09-09 18:00:00","2026-09-10 09:00:00","CAPE","surface",-70.8585,19.229,439
"2026-09-09 18:00:00","2026-09-10 09:00:00","CAPE","surface",-70.8346,19.229,494
"2026-09-09 18:00:00","2026-09-10 09:00:00","CAPE","surface",-70.8107,19.229,483
"2026-09-09 18:00:00","2026-09-10 09:00:00","CAPE","surface",-70.7868,19.229,510
"2026-09-09 18:00:00","2026-09-10 09:00:00","CAPE","surface",-70.7628,19.229,521
"2026-09-09 18:00:00","2026-09-10 09:00:00","CAPE","surface",-70.7389,19.229,538
"2026-09-09 18:00:00","2026-09-10 09:00:00","CAPE","surface",-70.715,19.229,538
"2026-09-09 18:00:00","2026-09-10 09:00:00","CAPE","surface",-70.6911,19.229,636
"2026-09-09 18:00:00","2026-09-10 09:00:00","CAPE","surface",-70.6671,19.229,794
"2026-09-09 18:00:00","2026-09-10 09:00:00","CAPE","surface",-70.6432,19.229,836
"2026-09-09 18:00:00","2026-09-10 09:00:00","CAPE","surface",-70.6193,19.229,1010
"2026-09-09 18:00:00","2026-09-10 09:00:00","CAPE","surface",-70.5954,19.229,1061
"2026-09-09 18:00:00","2026-09-10 09:00:00","CAPE","surface",-70.5714,19.229,1185
"2026-09-09 18:00:00","2026-09-10 09:00:00","CAPE","surface",-70.5475,19.229,1230
"2026-09-09 18:00:00","2026-09-10 09:00:00","CAPE","surface",-70.5236,19.229,1265
"2026-09-09 18:00:00","2026-09-10 09:00:00","CAPE","surface",-70.4997,19.229,1265
"2026-09-09 18:00:00","2026-09-10 09:00:00","CAPE","surface",-70.4757,19.229,1252
"2026-09-09 18:00:00","2026-09-10 09:00:00","CAPE","surface",-70.4518,19.229,1249
"2026-09-09 18:00:00","2026-09-10 09:00:00","CAPE","surface",-70.4279,19.229,1325
"2026-09-09 18:00:00","2026-09-10 09:00:00","CAPE","surface",-70.404,19.229,1325
"2026-09-09 18:00:00","2026-09-10 09:00:00","CAPE","surface",-70.38,19.229,1551
"2026-09-09 18:00:00","2026-09-10 09:00:00","CAPE","surface",-70.3561,19.229,1562
"2026-09-09 18:00:00","2026-09-10 09:00:00","CAPE","surface",-70.3322,19.229,1576
"2026-09-09 18:00:00","2026-09-10 09:00:00","CAPE","surface",-70.3083,19.229,1544
"2026-09-09 18:00:00","2026-09-10 09:00:00","CAPE","surface",-70.2843,19.229,1544
"2026-09-09 18:00:00","2026-09-10 09:00:00","CAPE","surface",-70.2604,19.229,1554
"2026-09-09 18:00:00","2026-09-10 09:00:00","CAPE","surface",-70.2365,19.229,1580
"2026-09-09 18:00:00","2026-09-10 09:00:00","CAPE","surface",-70.2126,19.229,1602
"2026-09-09 18:00:00","2026-09-10 09:00:00","CAPE","surface",-70.1886,19.229,1607
"2026-09-09 18:00:00","2026-09-10 09:00:00","CAPE","surface",-70.1647,19.229,1655
"2026-09-09 18:00:00","2026-09-10 09:00:00","CAPE","surface",-70.1408,19.229,1662
"2026-09-09 18:00:00","2026-09-10 09:00:00","CAPE","surface",-70.1169,19.229,1740
"2026-09-09 18:00:00","2026-09-10 09:00:00","CAPE","surface",-70.0929,19.229,1791
"2026-09-09 18:00:00","2026-09-10 09:00:00","CAPE","surface",-70.069,19.229,1791
"2026-09-09 18:00:00","2026-09-10 09:00:00","CAPE","surface",-70.0451,19.229,1709
"2026-09-09 18:00:00","2026-09-10 09:00:00","CAPE","surface",-70.0212,19.229,1684
"2026-09-09 18:00:00","2026-09-10 09:00:00","CAPE","surface",-69.9972,19.229,1683
"2026-09-09 18:00:00","2026-09-10 09:00:00","CAPE","surface",-69.9733,19.229,1758
"2026-09-09 18:00:00","2026-09-10 09:00:00","CAPE","surface",-69.9494,19.229,1782
"2026-09-09 18:00:00","2026-09-10 09:00:00","CAPE","surface",-69.9255,19.229,1821
"2026-09-09 18:00:00","2026-09-10 09:00:00","CAPE","surface",-69.9015,19.229,1870
"2026-09-09 18:00:00","2026-09-10 09:00:00","CAPE","surface",-69.8776,19.229,1917
"2026-09-09 18:00:00","2026-09-10 09:00:00","CAPE","surface",-69.8537,19.229,1952
"2026-09-09 18:00:00","2026-09-10 09:00:00","CAPE","surface",-69.8298,19.229,1973
"2026-09-09 18:00:00","2026-09-10 09:00:00","CAPE","surface",-69.8058,19.229,1977
"2026-09-09 18:00:00","2026-09-10 09:00:00","CAPE","surface",-69.7819,19.229,1956
"2026-09-09 18:00:00","2026-09-10 09:00:00","CAPE","surface",-69.758,19.229,1830
"2026-09-09 18:00:00","2026-09-10 09:00:00","CAPE","surface",-69.7341,19.229,1535
"2026-09-09 18:00:00","2026-09-10 09:00:00","CAPE","surface",-69.7101,19.229,990
"2026-09-09 18:00:00","2026-09-10 09:00:00","CAPE","surface",-69.6862,19.229,583
"2026-09-09 18:00:00","2026-09-10 09:00:00","CAPE","surface",-69.6623,19.229,1055
"2026-09-09 18:00:00","2026-09-10 09:00:00","CAPE","surface",-69.6384,19.229,1383
"2026-09-09 18:00:00","2026-09-10 09:00:00","CAPE","surface",-69.6144,19.229,1724
"2026-09-09 18:00:00","2026-09-10 09:00:00","CAPE","surface",-69.5905,19.229,1685
"2026-09-09 18:00:00","2026-09-10 09:00:00","CAPE","surface",-69.5666,19.229,1755
"2026-09-09 18:00:00","2026-09-10 09:00:00","CAPE","surface",-69.5427,19.229,1755
"2026-09-09 18:00:00","2026-09-10 09:00:00","CAPE","surface",-69.5187,19.229,1580
"2026-09-09 18:00:00","2026-09-10 09:00:00","CAPE","surface",-69.4948,19.229,1510
"2026-09-09 18:00:00","2026-09-10 09:00:00","CAPE","surface",-69.4709,19.229,1648
"2026-09-09 18:00:00","2026-09-10 09:00:00","CAPE","surface",-69.447,19.229,1858
"2026-09-09 18:00:00","2026-09-10 09:00:00","CAPE","surface",-69.423,19.229,2076
"2026-09-09 18:00:00","2026-09-10 09:00:00","CAPE","surface",-69.3991,19.229,2203
"2026-09-09 18:00:00","2026-09-10 09:00:00","CAPE","surface",-69.3752,19.229,2457
"2026-09-09 18:00:00","2026-09-10 09:00:00","CAPE","surface",-69.3513,19.229,2553
"2026-09-09 18:00:00","2026-09-10 09:00:00","CAPE","surface",-69.3273,19.229,2553
"2026-09-09 18:00:00","2026-09-10 09:00:00","CAPE","surface",-69.3034,19.229,2605
"2026-09-09 18:00:00","2026-09-10 09:00:00","CAPE","surface",-69.2795,19.229,2679
"2026-09-09 18:00:00","2026-09-10 09:00:00","CAPE","surface",-69.2556,19.229,2816
"2026-09-09 18:00:00","2026-09-10 09:00:00","CAPE","surface",-69.2316,19.229,2824
"2026-09-09 18:00:00","2026-09-10 09:00:00","CAPE","surface",-69.2077,19.229,2763
"2026-09-09 18:00:00","2026-09-10 09:00:00","CAPE","surface",-69.1838,19.229,2805
"2026-09-09 18:00:00","2026-09-10 09:00:00","CAPE","surface",-69.1599,19.229,2901
"2026-09-09 18:00:00","2026-09-10 09:00:00","CAPE","surface",-69.1359,19.229,2982
"2026-09-09 18:00:00","2026-09-10 09:00:00","CAPE","surface",-69.112,19.229,3027
"2026-09-09 18:00:00","2026-09-10 09:00:00","CAPE","surface",-69.0881,19.229,3014
"2026-09-09 18:00:00","2026-09-10 09:00:00","CAPE","surface",-69.0642,19.229,3189
"2026-09-09 18:00:00","2026-09-10 09:00:00","CAPE","surface",-69.0402,19.229,3332
"2026-09-09 18:00:00","2026-09-10 09:00:00","CAPE","surface",-69.0163,19.229,3332
"2026-09-09 18:00:00","2026-09-10 09:00:00","CAPE","surface",-68.9924,19.229,3337
"2026-09-09 18:00:00","2026-09-10 09:00:00","CAPE","surface",-68.9685,19.229,3084
"2026-09-09 18:00:00","2026-09-10 09:00:00","CAPE","surface",-68.9445,19.229,2663
"2026-09-09 18:00:00","2026-09-10 09:00:00","CAPE","surface",-68.9206,19.229,2687
"2026-09-09 18:00:00","2026-09-10 09:00:00","CAPE","surface",-68.8967,19.229,2695
"2026-09-09 18:00:00","2026-09-10 09:00:00","CAPE","surface",-68.8728,19.229,2763
"2026-09-09 18:00:00","2026-09-10 09:00:00","CAPE","surface",-68.8488,19.229,2428
"2026-09-09 18:00:00","2026-09-10 09:00:00","CAPE","surface",-68.8249,19.229,1811
"2026-09-09 18:00:00","2026-09-10 09:00:00","CAPE","surface",-68.801,19.229,1811
"2026-09-09 18:00:00","2026-09-10 09:00:00","CAPE","surface",-68.7771,19.229,1461
"2026-09-09 18:00:00","2026-09-10 09:00:00","CAPE","surface",-68.7531,19.229,1089
"2026-09-09 18:00:00","2026-09-10 09:00:00","CAPE","surface",-68.7292,19.229,1019
"2026-09-09 18:00:00","2026-09-10 09:00:00","CAPE","surface",-68.7053,19.229,1019
"2026-09-09 18:00:00","2026-09-10 09:00:00","CAPE","surface",-68.6813,19.229,1006
"2026-09-09 18:00:00","2026-09-10 09:00:00","CAPE","surface",-68.6574,19.229,1118
"2026-09-09 18:00:00","2026-09-10 09:00:00","CAPE","surface",-68.6335,19.229,1042
"2026-09-09 18:00:00","2026-09-10 09:00:00","CAPE","surface",-68.6096,19.229,1291
"2026-09-09 18:00:00","2026-09-10 09:00:00","CAPE","surface",-68.5856,19.229,1253
"2026-09-09 18:00:00","2026-09-10 09:00:00","CAPE","surface",-68.5617,19.229,1501
"2026-09-09 18:00:00","2026-09-10 09:00:00","CAPE","surface",-68.5378,19.229,1565
"2026-09-09 18:00:00","2026-09-10 09:00:00","CAPE","surface",-68.5139,19.229,1916
"2026-09-09 18:00:00","2026-09-10 09:00:00","CAPE","surface",-68.4899,19.229,1916
"2026-09-09 18:00:00","2026-09-10 09:00:00","CAPE","surface",-68.466,19.229,2219
"2026-09-09 18:00:00","2026-09-10 09:00:00","CAPE","surface",-68.4421,19.229,2462
"2026-09-09 18:00:00","2026-09-10 09:00:00","CAPE","surface",-68.4182,19.229,2628
"2026-09-09 18:00:00","2026-09-10 09:00:00","CAPE","surface",-68.3942,19.229,2675
"2026-09-09 18:00:00","2026-09-10 09:00:00","CAPE","surface",-68.3703,19.229,2816
"2026-09-09 18:00:00","2026-09-10 09:00:00","CAPE","surface",-68.3464,19.229,2995
"2026-09-09 18:00:00","2026-09-10 09:00:00","CAPE","surface",-68.3225,19.229,3108
"2026-09-09 18:00:00","2026-09-10 09:00:00","CAPE","surface",-68.2985,19.229,3169
"2026-09-09 18:00:00","2026-09-10 09:00:00","CAPE","surface",-68.2746,19.229,3271
"2026-09-09 18:00:00","2026-09-10 09:00:00","CAPE","surface",-68.2507,19.229,3482
"2026-09-09 18:00:00","2026-09-10 09:00:00","CAPE","surface",-68.2268,19.229,3728
"2026-09-09 18:00:00","2026-09-10 09:00:00","CAPE","surface",-68.2028,19.229,3728
"2026-09-09 18:00:00","2026-09-10 09:00:00","CAPE","surface",-68.1789,19.229,3781
"2026-09-09 18:00:00","2026-09-10 09:00:00","CAPE","surface",-68.155,19.229,3407
"2026-09-09 18:00:00","2026-09-10 09:00:00","CAPE","surface",-68.1311,19.229,3159
"2026-09-09 18:00:00","2026-09-10 09:00:00","CAPE","surface",-68.1071,19.229,3159
"2026-09-09 18:00:00","2026-09-10 09:00:00","CAPE","surface",-68.0832,19.229,3195
"2026-09-09 18:00:00","2026-09-10 09:00:00","CAPE","surface",-68.0593,19.229,3120
"2026-09-09 18:00:00","2026-09-10 09:00:00","CAPE","surface",-68.0354,19.229,3340
"2026-09-09 18:00:00","2026-09-10 09:00:00","CAPE","surface",-68.0114,19.229,3588
"2026-09-09 18:00:00","2026-09-10 09:00:00","CAPE","surface",-67.9875,19.229,3588
"2026-09-09 18:00:00","2026-09-10 09:00:00","CAPE","surface",-67.9636,19.229,3580
"2026-09-09 18:00:00","2026-09-10 09:00:00","CAPE","surface",-67.9397,19.229,3220
"2026-09-09 18:00:00","2026-09-10 09:00:00","CAPE","surface",-67.9157,19.229,3037
"2026-09-09 18:00:00","2026-09-10 09:00:00","CAPE","surface",-67.8918,19.229,3037
"2026-09-09 18:00:00","2026-09-10 09:00:00","CAPE","surface",-67.8679,19.229,2907
"2026-09-09 18:00:00","2026-09-10 09:00:00","CAPE","surface",-67.844,19.229,2869
"2026-09-09 18:00:00","2026-09-10 09:00:00","CAPE","surface",-67.82,19.229,2879
"2026-09-09 18:00:00","2026-09-10 09:00:00","CAPE","surface",-67.7961,19.229,2857
"2026-09-09 18:00:00","2026-09-10 09:00:00","CAPE","surface",-67.7722,19.229,2871
"2026-09-09 18:00:00","2026-09-10 09:00:00","CAPE","surface",-67.7483,19.229,2804
"2026-09-09 18:00:00","2026-09-10 09:00:00","CAPE","surface",-67.7243,19.229,2779
"2026-09-09 18:00:00","2026-09-10 09:00:00","CAPE","surface",-67.7004,19.229,2730
"2026-09-09 18:00:00","2026-09-10 09:00:00","CAPE","surface",-67.6765,19.229,2728
"2026-09-09 18:00:00","2026-09-10 09:00:00","CAPE","surface",-67.6526,19.229,2794
"2026-09-09 18:00:00","2026-09-10 09:00:00","CAPE","surface",-67.6286,19.229,2907
"2026-09-09 18:00:00","2026-09-10 09:00:00","CAPE","surface",-67.6047,19.229,2907
"2026-09-09 18:00:00","2026-09-10 09:00:00","CAPE","surface",-67.5808,19.229,3200
"2026-09-09 18:00:00","2026-09-10 09:00:00","CAPE","surface",-67.5569,19.229,3336
"2026-09-09 18:00:00","2026-09-10 09:00:00","CAPE","surface",-67.5329,19.229,3571
"2026-09-09 18:00:00","2026-09-10 09:00:00","CAPE","surface",-67.509,19.229,3571
"2026-09-09 18:00:00","2026-09-10 09:00:00","CAPE","surface",-67.4851,19.229,3469
"2026-09-09 18:00:00","2026-09-10 09:00:00","CAPE","surface",-67.4612,19.229,3126
"2026-09-09 18:00:00","2026-09-10 09:00:00","CAPE","surface",-67.4372,19.229,3068
"2026-09-09 18:00:00","2026-09-10 09:00:00","CAPE","surface",-67.4133,19.229,3046
"2026-09-09 18:00:00","2026-09-10 09:00:00","CAPE","surface",-67.3894,19.229,3049
"2026-09-09 18:00:00","2026-09-10 09:00:00","CAPE","surface",-67.3655,19.229,3067
"2026-09-09 18:00:00","2026-09-10 09:00:00","CAPE","surface",-67.3415,19.229,3106
"2026-09-09 18:00:00","2026-09-10 09:00:00","CAPE","surface",-67.3176,19.229,3072
"2026-09-09 18:00:00","2026-09-10 09:00:00","CAPE","surface",-67.2937,19.229,3126
"2026-09-09 18:00:00","2026-09-10 09:00:00","CAPE","surface",-67.2698,19.229,3218
"2026-09-09 18:00:00","2026-09-10 09:00:00","CAPE","surface",-67.2458,19.229,3158
"2026-09-09 18:00:00","2026-09-10 09:00:00","CAPE","surface",-67.2219,19.229,3158
"2026-09-09 18:00:00","2026-09-10 09:00:00","CAPE","surface",-67.198,19.229,2987
"2026-09-09 18:00:00","2026-09-10 09:00:00","CAPE","surface",-67.1741,19.229,2974
"2026-09-09 18:00:00","2026-09-10 09:00:00","CAPE","surface",-67.1501,19.229,2905
"2026-09-09 18:00:00","2026-09-10 09:00:00","CAPE","surface",-67.1262,19.229,2905
"2026-09-09 18:00:00","2026-09-10 09:00:00","CAPE","surface",-67.1023,19.229,2912
"2026-09-09 18:00:00","2026-09-10 09:00:00","CAPE","surface",-67.0784,19.229,2925
"2026-09-09 18:00:00","2026-09-10 09:00:00","CAPE","surface",-67.0544,19.229,2997
"2026-09-09 18:00:00","2026-09-10 09:00:00","CAPE","surface",-67.0305,19.229,2928
"2026-09-09 18:00:00","2026-09-10 09:00:00","CAPE","surface",-67.0066,19.229,2999
"2026-09-09 18:00:00","2026-09-10 09:00:00","CAPE","surface",-74.7822,19.2516,2168
"2026-09-09 18:00:00","2026-09-10 09:00:00","CAPE","surface",-74.7583,19.2516,2169
"2026-09-09 18:00:00","2026-09-10 09:00:00","CAPE","surface",-74.7344,19.2516,2150
"2026-09-09 18:00:00","2026-09-10 09:00:00","CAPE","surface",-74.7105,19.2516,2126
"2026-09-09 18:00:00","2026-09-10 09:00:00","CAPE","surface",-74.6865,19.2516,2108
"2026-09-09 18:00:00","2026-09-10 09:00:00","CAPE","surface",-74.6626,19.2516,2176
"2026-09-09 18:00:00","2026-09-10 09:00:00","CAPE","surface",-74.6387,19.2516,2271
"2026-09-09 18:00:00","2026-09-10 09:00:00","CAPE","surface",-74.6148,19.2516,2277
"2026-09-09 18:00:00","2026-09-10 09:00:00","CAPE","surface",-74.5908,19.2516,2414
"2026-09-09 18:00:00","2026-09-10 09:00:00","CAPE","surface",-74.5669,19.2516,2422
"2026-09-09 18:00:00","2026-09-10 09:00:00","CAPE","surface",-74.543,19.2516,2584
"2026-09-09 18:00:00","2026-09-10 09:00:00","CAPE","surface",-74.5191,19.2516,2600
"2026-09-09 18:00:00","2026-09-10 09:00:00","CAPE","surface",-74.4951,19.2516,2694
"2026-09-09 18:00:00","2026-09-10 09:00:00","CAPE","surface",-74.4712,19.2516,2693
"2026-09-09 18:00:00","2026-09-10 09:00:00","CAPE","surface",-74.4473,19.2516,2862
"2026-09-09 18:00:00","2026-09-10 09:00:00","CAPE","surface",-74.4234,19.2516,2846
"2026-09-09 18:00:00","2026-09-10 09:00:00","CAPE","surface",-74.3994,19.2516,2944
"2026-09-09 18:00:00","2026-09-10 09:00:00","CAPE","surface",-74.3755,19.2516,2886
"2026-09-09 18:00:00","2026-09-10 09:00:00","CAPE","surface",-74.3516,19.2516,2918
"2026-09-09 18:00:00","2026-09-10 09:00:00","CAPE","surface",-74.3277,19.2516,2918
"2026-09-09 18:00:00","2026-09-10 09:00:00","CAPE","surface",-74.3037,19.2516,2912
"2026-09-09 18:00:00","2026-09-10 09:00:00","CAPE","surface",-74.2798,19.2516,2905
"2026-09-09 18:00:00","2026-09-10 09:00:00","CAPE","surface",-74.2559,19.2516,2807
"2026-09-09 18:00:00","2026-09-10 09:00:00","CAPE","surface",-74.232,19.2516,2835
"2026-09-09 18:00:00","2026-09-10 09:00:00","CAPE","surface",-74.208,19.2516,2788
"2026-09-09 18:00:00","2026-09-10 09:00:00","CAPE","surface",-74.1841,19.2516,2788
"2026-09-09 18:00:00","2026-09-10 09:00:00","CAPE","surface",-74.1602,19.2516,2745
"2026-09-09 18:00:00","2026-09-10 09:00:00","CAPE","surface",-74.1363,19.2516,2742
"2026-09-09 18:00:00","2026-09-10 09:00:00","CAPE","surface",-74.1123,19.2516,2688
"2026-09-09 18:00:00","2026-09-10 09:00:00","CAPE","surface",-74.0884,19.2516,2745
"2026-09-09 18:00:00","2026-09-10 09:00:00","CAPE","surface",-74.0645,19.2516,2720
"2026-09-09 18:00:00","2026-09-10 09:00:00","CAPE","surface",-74.0406,19.2516,2720
"2026-09-09 18:00:00","2026-09-10 09:00:00","CAPE","surface",-74.0166,19.2516,2650
"2026-09-09 18:00:00","2026-09-10 09:00:00","CAPE","surface",-73.9927,19.2516,2661
"2026-09-09 18:00:00","2026-09-10 09:00:00","CAPE","surface",-73.9688,19.2516,2624
"2026-09-09 18:00:00","2026-09-10 09:00:00","CAPE","surface",-73.9449,19.2516,2626
"2026-09-09 18:00:00","2026-09-10 09:00:00","CAPE","surface",-73.9209,19.2516,2434
"2026-09-09 18:00:00","2026-09-10 09:00:00","CAPE","surface",-73.897,19.2516,2380
"2026-09-09 18:00:00","2026-09-10 09:00:00","CAPE","surface",-73.8731,19.2516,2180
"2026-09-09 18:00:00","2026-09-10 09:00:00","CAPE","surface",-73.8492,19.2516,2226
"2026-09-09 18:00:00","2026-09-10 09:00:00","CAPE","surface",-73.8252,19.2516,2008
"2026-09-09 18:00:00","2026-09-10 09:00:00","CAPE","surface",-73.8013,19.2516,2008
"2026-09-09 18:00:00","2026-09-10 09:00:00","CAPE","surface",-73.7774,19.2516,1853
"2026-09-09 18:00:00","2026-09-10 09:00:00","CAPE","surface",-73.7535,19.2516,1932
"2026-09-09 18:00:00","2026-09-10 09:00:00","CAPE","surface",-73.7295,19.2516,1836
"2026-09-09 18:00:00","2026-09-10 09:00:00","CAPE","surface",-73.7056,19.2516,1910
"2026-09-09 18:00:00","2026-09-10 09:00:00","CAPE","surface",-73.6817,19.2516,1927
"2026-09-09 18:00:00","2026-09-10 09:00:00","CAPE","surface",-73.6578,19.2516,1927
"2026-09-09 18:00:00","2026-09-10 09:00:00","CAPE","surface",-73.6338,19.2516,1835
"2026-09-09 18:00:00","2026-09-10 09:00:00","CAPE","surface",-73.6099,19.2516,1757
"2026-09-09 18:00:00","2026-09-10 09:00:00","CAPE","surface",-73.586,19.2516,1667
"2026-09-09 18:00:00","2026-09-10 09:00:00","CAPE","surface",-73.5621,19.2516,1633
"2026-09-09 18:00:00","2026-09-10 09:00:00","CAPE","surface",-73.5381,19.2516,1618
"2026-09-09 18:00:00","2026-09-10 09:00:00","CAPE","surface",-73.5142,19.2516,1653
"2026-09-09 18:00:00","2026-09-10 09:00:00","CAPE","surface",-73.4903,19.2516,1910
"2026-09-09 18:00:00","2026-09-10 09:00:00","CAPE","surface",-73.4664,19.2516,2005
"2026-09-09 18:00:00","2026-09-10 09:00:00","CAPE","surface",-73.4424,19.2516,1995
"2026-09-09 18:00:00","2026-09-10 09:00:00","CAPE","surface",-73.4185,19.2516,1997
"2026-09-09 18:00:00","2026-09-10 09:00:00","CAPE","surface",-73.3946,19.2516,1997
"2026-09-09 18:00:00","2026-09-10 09:00:00","CAPE","surface",-73.3707,19.2516,2194
"2026-09-09 18:00:00","2026-09-10 09:00:00","CAPE","surface",-73.3467,19.2516,2184
"2026-09-09 18:00:00","2026-09-10 09:00:00","CAPE","surface",-73.3228,19.2516,2237
"2026-09-09 18:00:00","2026-09-10 09:00:00","CAPE","surface",-73.2989,19.2516,2192
"2026-09-09 18:00:00","2026-09-10 09:00:00","CAPE","surface",-73.275,19.2516,2264
"2026-09-09 18:00:00","2026-09-10 09:00:00","CAPE","surface",-73.251,19.2516,2269
"2026-09-09 18:00:00","2026-09-10 09:00:00","CAPE","surface",-73.2271,19.2516,2394
"2026-09-09 18:00:00","2026-09-10 09:00:00","CAPE","surface",-73.2032,19.2516,2406
"2026-09-09 18:00:00","2026-09-10 09:00:00","CAPE","surface",-73.1793,19.2516,2377
"2026-09-09 18:00:00","2026-09-10 09:00:00","CAPE","surface",-73.1553,19.2516,2377
"2026-09-09 18:00:00","2026-09-10 09:00:00","CAPE","surface",-73.1314,19.2516,2176
"2026-09-09 18:00:00","2026-09-10 09:00:00","CAPE","surface",-73.1075,19.2516,2091
"2026-09-09 18:00:00","2026-09-10 09:00:00","CAPE","surface",-73.0836,19.2516,2015
"2026-09-09 18:00:00","2026-09-10 09:00:00","CAPE","surface",-73.0596,19.2516,1968
"2026-09-09 18:00:00","2026-09-10 09:00:00","CAPE","surface",-73.0357,19.2516,1911
"2026-09-09 18:00:00","2026-09-10 09:00:00","CAPE","surface",-73.0118,19.2516,1868
"2026-09-09 18:00:00","2026-09-10 09:00:00","CAPE","surface",-72.9879,19.2516,1830
"2026-09-09 18:00:00","2026-09-10 09:00:00","CAPE","surface",-72.9639,19.2516,1804
"2026-09-09 18:00:00","2026-09-10 09:00:00","CAPE","surface",-72.94,19.2516,1738
"2026-09-09 18:00:00","2026-09-10 09:00:00","CAPE","surface",-72.9161,19.2516,1727
"2026-09-09 18:00:00","2026-09-10 09:00:00","CAPE","surface",-72.8922,19.2516,1685
"2026-09-09 18:00:00","2026-09-10 09:00:00","CAPE","surface",-72.8682,19.2516,1656
"2026-09-09 18:00:00","2026-09-10 09:00:00","CAPE","surface",-72.8443,19.2516,1614
"2026-09-09 18:00:00","2026-09-10 09:00:00","CAPE","surface",-72.8204,19.2516,1506
"2026-09-09 18:00:00","2026-09-10 09:00:00","CAPE","surface",-72.7965,19.2516,1578
"2026-09-09 18:00:00","2026-09-10 09:00:00","CAPE","surface",-72.7725,19.2516,1488
"2026-09-09 18:00:00","2026-09-10 09:00:00","CAPE","surface",-72.7486,19.2516,1344
"2026-09-09 18:00:00","2026-09-10 09:00:00","CAPE","surface",-72.7247,19.2516,1002
"2026-09-09 18:00:00","2026-09-10 09:00:00","CAPE","surface",-72.7008,19.2516,812
"2026-09-09 18:00:00","2026-09-10 09:00:00","CAPE","surface",-72.6768,19.2516,770
"2026-09-09 18:00:00","2026-09-10 09:00:00","CAPE","surface",-72.6529,19.2516,770
"2026-09-09 18:00:00","2026-09-10 09:00:00","CAPE","surface",-72.629,19.2516,728
"2026-09-09 18:00:00","2026-09-10 09:00:00","CAPE","surface",-72.6051,19.2516,790
"2026-09-09 18:00:00","2026-09-10 09:00:00","CAPE","surface",-72.5811,19.2516,743
"2026-09-09 18:00:00","2026-09-10 09:00:00","CAPE","surface",-72.5572,19.2516,617
"2026-09-09 18:00:00","2026-09-10 09:00:00","CAPE","surface",-72.5333,19.2516,623
"2026-09-09 18:00:00","2026-09-10 09:00:00","CAPE","surface",-72.5094,19.2516,591
"2026-09-09 18:00:00","2026-09-10 09:00:00","CAPE","surface",-72.4854,19.2516,610
"2026-09-09 18:00:00","2026-09-10 09:00:00","CAPE","surface",-72.4615,19.2516,598
"2026-09-09 18:00:00","2026-09-10 09:00:00","CAPE","surface",-72.4376,19.2516,596
"2026-09-09 18:00:00","2026-09-10 09:00:00","CAPE","surface",-72.4137,19.2516,596
"2026-09-09 18:00:00","2026-09-10 09:00:00","CAPE","surface",-72.3897,19.2516,577
"2026-09-09 18:00:00","2026-09-10 09:00:00","CAPE","surface",-72.3658,19.2516,598
"2026-09-09 18:00:00","2026-09-10 09:00:00","CAPE","surface",-72.3419,19.2516,568
"2026-09-09 18:00:00","2026-09-10 09:00:00","CAPE","surface",-72.318,19.2516,460
"2026-09-09 18:00:00","2026-09-10 09:00:00","CAPE","surface",-72.294,19.2516,460
"2026-09-09 18:00:00","2026-09-10 09:00:00","CAPE","surface",-72.2701,19.2516,434
"2026-09-09 18:00:00","2026-09-10 09:00:00","CAPE","surface",-72.2462,19.2516,395
"2026-09-09 18:00:00","2026-09-10 09:00:00","CAPE","surface",-72.2223,19.2516,377
"2026-09-09 18:00:00","2026-09-10 09:00:00","CAPE","surface",-72.1983,19.2516,375
"2026-09-09 18:00:00","2026-09-10 09:00:00","CAPE","surface",-72.1744,19.2516,483
"2026-09-09 18:00:00","2026-09-10 09:00:00","CAPE","surface",-72.1505,19.2516,503
"2026-09-09 18:00:00","2026-09-10 09:00:00","CAPE","surface",-72.1266,19.2516,561
"2026-09-09 18:00:00","2026-09-10 09:00:00","CAPE","surface",-72.1026,19.2516,599
"2026-09-09 18:00:00","2026-09-10 09:00:00","CAPE","surface",-72.0787,19.2516,627
"2026-09-09 18:00:00","2026-09-10 09:00:00","CAPE","surface",-72.0548,19.2516,627
"2026-09-09 18:00:00","2026-09-10 09:00:00","CAPE","surface",-72.0309,19.2516,636
"2026-09-09 18:00:00","2026-09-10 09:00:00","CAPE","surface",-72.0069,19.2516,673
"2026-09-09 18:00:00","2026-09-10 09:00:00","CAPE","surface",-71.983,19.2516,451
"2026-09-09 18:00:00","2026-09-10 09:00:00","CAPE","surface",-71.9591,19.2516,385
"2026-09-09 18:00:00","2026-09-10 09:00:00","CAPE","surface",-71.9352,19.2516,343
"2026-09-09 18:00:00","2026-09-10 09:00:00","CAPE","surface",-71.9112,19.2516,328
"2026-09-09 18:00:00","2026-09-10 09:00:00","CAPE","surface",-71.8873,19.2516,368
"2026-09-09 18:00:00","2026-09-10 09:00:00","CAPE","surface",-71.8634,19.2516,430
"2026-09-09 18:00:00","2026-09-10 09:00:00","CAPE","surface",-71.8395,19.2516,469
"2026-09-09 18:00:00","2026-09-10 09:00:00","CAPE","surface",-71.8155,19.2516,468
"2026-09-09 18:00:00","2026-09-10 09:00:00","CAPE","surface",-71.7916,19.2516,568
"2026-09-09 18:00:00","2026-09-10 09:00:00","CAPE","surface",-71.7677,19.2516,603
"2026-09-09 18:00:00","2026-09-10 09:00:00","CAPE","surface",-71.7438,19.2516,701
"2026-09-09 18:00:00","2026-09-10 09:00:00","CAPE","surface",-71.7198,19.2516,664
"2026-09-09 18:00:00","2026-09-10 09:00:00","CAPE","surface",-71.6959,19.2516,664
"2026-09-09 18:00:00","2026-09-10 09:00:00","CAPE","surface",-71.672,19.2516,680
"2026-09-09 18:00:00","2026-09-10 09:00:00","CAPE","surface",-71.6481,19.2516,646
"2026-09-09 18:00:00","2026-09-10 09:00:00","CAPE","surface",-71.6241,19.2516,616
"2026-09-09 18:00:00","2026-09-10 09:00:00","CAPE","surface",-71.6002,19.2516,641
"2026-09-09 18:00:00","2026-09-10 09:00:00","CAPE","surface",-71.5763,19.2516,614
"2026-09-09 18:00:00","2026-09-10 09:00:00","CAPE","surface",-71.5524,19.2516,656
"2026-09-09 18:00:00","2026-09-10 09:00:00","CAPE","surface",-71.5284,19.2516,644
"2026-09-09 18:00:00","2026-09-10 09:00:00","CAPE","surface",-71.5045,19.2516,656
"2026-09-09 18:00:00","2026-09-10 09:00:00","CAPE","surface",-71.4806,19.2516,656
"2026-09-09 18:00:00","2026-09-10 09:00:00","CAPE","surface",-71.4567,19.2516,657
"2026-09-09 18:00:00","2026-09-10 09:00:00","CAPE","surface",-71.4327,19.2516,617
"2026-09-09 18:00:00","2026-09-10 09:00:00","CAPE","surface",-71.4088,19.2516,711
"2026-09-09 18:00:00","2026-09-10 09:00:00","CAPE","surface",-71.3849,19.2516,725
"2026-09-09 18:00:00","2026-09-10 09:00:00","CAPE","surface",-71.361,19.2516,710
"2026-09-09 18:00:00","2026-09-10 09:00:00","CAPE","surface",-71.337,19.2516,670
"2026-09-09 18:00:00","2026-09-10 09:00:00","CAPE","surface",-71.3131,19.2516,481
"2026-09-09 18:00:00","2026-09-10 09:00:00","CAPE","surface",-71.2892,19.2516,641
"2026-09-09 18:00:00","2026-09-10 09:00:00","CAPE","surface",-71.2653,19.2516,595
"2026-09-09 18:00:00","2026-09-10 09:00:00","CAPE","surface",-71.2413,19.2516,595
"2026-09-09 18:00:00","2026-09-10 09:00:00","CAPE","surface",-71.2174,19.2516,48
"2026-09-09 18:00:00","2026-09-10 09:00:00","CAPE","surface",-71.1935,19.2516,0
"2026-09-09 18:00:00","2026-09-10 09:00:00","CAPE","surface",-71.1696,19.2516,0
"2026-09-09 18:00:00","2026-09-10 09:00:00","CAPE","surface",-71.1456,19.2516,0
"2026-09-09 18:00:00","2026-09-10 09:00:00","CAPE","surface",-71.1217,19.2516,0
"2026-09-09 18:00:00","2026-09-10 09:00:00","CAPE","surface",-71.0978,19.2516,33
"2026-09-09 18:00:00","2026-09-10 09:00:00","CAPE","surface",-71.0739,19.2516,32
"2026-09-09 18:00:00","2026-09-10 09:00:00","CAPE","surface",-71.0499,19.2516,133
"2026-09-09 18:00:00","2026-09-10 09:00:00","CAPE","surface",-71.026,19.2516,133
"2026-09-09 18:00:00","2026-09-10 09:00:00","CAPE","surface",-71.0021,19.2516,273
"2026-09-09 18:00:00","2026-09-10 09:00:00","CAPE","surface",-70.9782,19.2516,289
"2026-09-09 18:00:00","2026-09-10 09:00:00","CAPE","surface",-70.9542,19.2516,394
"2026-09-09 18:00:00","2026-09-10 09:00:00","CAPE","surface",-70.9303,19.2516,392
"2026-09-09 18:00:00","2026-09-10 09:00:00","CAPE","surface",-70.9064,19.2516,449
"2026-09-09 18:00:00","2026-09-10 09:00:00","CAPE","surface",-70.8825,19.2516,438
"2026-09-09 18:00:00","2026-09-10 09:00:00","CAPE","surface",-70.8585,19.2516,512
"2026-09-09 18:00:00","2026-09-10 09:00:00","CAPE","surface",-70.8346,19.2516,494
"2026-09-09 18:00:00","2026-09-10 09:00:00","CAPE","surface",-70.8107,19.2516,507
"2026-09-09 18:00:00","2026-09-10 09:00:00","CAPE","surface",-70.7868,19.2516,526
"2026-09-09 18:00:00","2026-09-10 09:00:00","CAPE","surface",-70.7628,19.2516,522
"2026-09-09 18:00:00","2026-09-10 09:00:00","CAPE","surface",-70.7389,19.2516,586
"2026-09-09 18:00:00","2026-09-10 09:00:00","CAPE","surface",-70.715,19.2516,602
"2026-09-09 18:00:00","2026-09-10 09:00:00","CAPE","surface",-70.6911,19.2516,736
"2026-09-09 18:00:00","2026-09-10 09:00:00","CAPE","surface",-70.6671,19.2516,761
"2026-09-09 18:00:00","2026-09-10 09:00:00","CAPE","surface",-70.6432,19.2516,965
"2026-09-09 18:00:00","2026-09-10 09:00:00","CAPE","surface",-70.6193,19.2516,1010
"2026-09-09 18:00:00","2026-09-10 09:00:00","CAPE","surface",-70.5954,19.2516,1149
"2026-09-09 18:00:00","2026-09-10 09:00:00","CAPE","surface",-70.5714,19.2516,1149
"2026-09-09 18:00:00","2026-09-10 09:00:00","CAPE","surface",-70.5475,19.2516,1229
"2026-09-09 18:00:00","2026-09-10 09:00:00","CAPE","surface",-70.5236,19.2516,1360
"2026-09-09 18:00:00","2026-09-10 09:00:00","CAPE","surface",-70.4997,19.2516,1292
"2026-09-09 18:00:00","2026-09-10 09:00:00","CAPE","surface",-70.4757,19.2516,1341
"2026-09-09 18:00:00","2026-09-10 09:00:00","CAPE","surface",-70.4518,19.2516,1341
"2026-09-09 18:00:00","2026-09-10 09:00:00","CAPE","surface",-70.4279,19.2516,1487
"2026-09-09 18:00:00","2026-09-10 09:00:00","CAPE","surface",-70.404,19.2516,1518
"2026-09-09 18:00:00","2026-09-10 09:00:00","CAPE","surface",-70.38,19.2516,1530
"2026-09-09 18:00:00","2026-09-10 09:00:00","CAPE","surface",-70.3561,19.2516,1530
"2026-09-09 18:00:00","2026-09-10 09:00:00","CAPE","surface",-70.3322,19.2516,1455
"2026-09-09 18:00:00","2026-09-10 09:00:00","CAPE","surface",-70.3083,19.2516,1497
"2026-09-09 18:00:00","2026-09-10 09:00:00","CAPE","surface",-70.2843,19.2516,1495
"2026-09-09 18:00:00","2026-09-10 09:00:00","CAPE","surface",-70.2604,19.2516,1554
"2026-09-09 18:00:00","2026-09-10 09:00:00","CAPE","surface",-70.2365,19.2516,1572
"2026-09-09 18:00:00","2026-09-10 09:00:00","CAPE","surface",-70.2126,19.2516,1635
"2026-09-09 18:00:00","2026-09-10 09:00:00","CAPE","surface",-70.1886,19.2516,1645
"2026-09-09 18:00:00","2026-09-10 09:00:00","CAPE","surface",-70.1647,19.2516,1712
"2026-09-09 18:00:00","2026-09-10 09:00:00","CAPE","surface",-70.1408,19.2516,1712
"2026-09-09 18:00:00","2026-09-10 09:00:00","CAPE","surface",-70.1169,19.2516,1765
"2026-09-09 18:00:00","2026-09-10 09:00:00","CAPE","surface",-70.0929,19.2516,1782
"2026-09-09 18:00:00","2026-09-10 09:00:00","CAPE","surface",-70.069,19.2516,1714
"2026-09-09 18:00:00","2026-09-10 09:00:00","CAPE","surface",-70.0451,19.2516,1709
"2026-09-09 18:00:00","2026-09-10 09:00:00","CAPE","surface",-70.0212,19.2516,1651
"2026-09-09 18:00:00","2026-09-10 09:00:00","CAPE","surface",-69.9972,19.2516,1637
"2026-09-09 18:00:00","2026-09-10 09:00:00","CAPE","surface",-69.9733,19.2516,1751
"2026-09-09 18:00:00","2026-09-10 09:00:00","CAPE","surface",-69.9494,19.2516,1877
"2026-09-09 18:00:00","2026-09-10 09:00:00","CAPE","surface",-69.9255,19.2516,1877
"2026-09-09 18:00:00","2026-09-10 09:00:00","CAPE","surface",-69.9015,19.2516,1953
"2026-09-09 18:00:00","2026-09-10 09:00:00","CAPE","surface",-69.8776,19.2516,1942
"2026-09-09 18:00:00","2026-09-10 09:00:00","CAPE","surface",-69.8537,19.2516,2004
"2026-09-09 18:00:00","2026-09-10 09:00:00","CAPE","surface",-69.8298,19.2516,1973
"2026-09-09 18:00:00","2026-09-10 09:00:00","CAPE","surface",-69.8058,19.2516,1973
"2026-09-09 18:00:00","2026-09-10 09:00:00","CAPE","surface",-69.7819,19.2516,1944
"2026-09-09 18:00:00","2026-09-10 09:00:00","CAPE","surface",-69.758,19.2516,1781
"2026-09-09 18:00:00","2026-09-10 09:00:00","CAPE","surface",-69.7341,19.2516,1535
"2026-09-09 18:00:00","2026-09-10 09:00:00","CAPE","surface",-69.7101,19.2516,1029
"2026-09-09 18:00:00","2026-09-10 09:00:00","CAPE","surface",-69.6862,19.2516,814
"2026-09-09 18:00:00","2026-09-10 09:00:00","CAPE","surface",-69.6623,19.2516,883
"2026-09-09 18:00:00","2026-09-10 09:00:00","CAPE","surface",-69.6384,19.2516,1314
"2026-09-09 18:00:00","2026-09-10 09:00:00","CAPE","surface",-69.6144,19.2516,1526
"2026-09-09 18:00:00","2026-09-10 09:00:00","CAPE","surface",-69.5905,19.2516,891
"2026-09-09 18:00:00","2026-09-10 09:00:00","CAPE","surface",-69.5666,19.2516,1252
"2026-09-09 18:00:00","2026-09-10 09:00:00","CAPE","surface",-69.5427,19.2516,1545
"2026-09-09 18:00:00","2026-09-10 09:00:00","CAPE","surface",-69.5187,19.2516,1580
"2026-09-09 18:00:00","2026-09-10 09:00:00","CAPE","surface",-69.4948,19.2516,1418
"2026-09-09 18:00:00","2026-09-10 09:00:00","CAPE","surface",-69.4709,19.2516,1465
"2026-09-09 18:00:00","2026-09-10 09:00:00","CAPE","surface",-69.447,19.2516,1845
"2026-09-09 18:00:00","2026-09-10 09:00:00","CAPE","surface",-69.423,19.2516,2153
"2026-09-09 18:00:00","2026-09-10 09:00:00","CAPE","surface",-69.3991,19.2516,2278
"2026-09-09 18:00:00","2026-09-10 09:00:00","CAPE","surface",-69.3752,19.2516,2412
"2026-09-09 18:00:00","2026-09-10 09:00:00","CAPE","surface",-69.3513,19.2516,2507
"2026-09-09 18:00:00","2026-09-10 09:00:00","CAPE","surface",-69.3273,19.2516,2587
"2026-09-09 18:00:00","2026-09-10 09:00:00","CAPE","surface",-69.3034,19.2516,2605
"2026-09-09 18:00:00","2026-09-10 09:00:00","CAPE","surface",-69.2795,19.2516,2638
"2026-09-09 18:00:00","2026-09-10 09:00:00","CAPE","surface",-69.2556,19.2516,2738
"2026-09-09 18:00:00","2026-09-10 09:00:00","CAPE","surface",-69.2316,19.2516,2800
"2026-09-09 18:00:00","2026-09-10 09:00:00","CAPE","surface",-69.2077,19.2516,2742
"2026-09-09 18:00:00","2026-09-10 09:00:00","CAPE","surface",-69.1838,19.2516,2742
"2026-09-09 18:00:00","2026-09-10 09:00:00","CAPE","surface",-69.1599,19.2516,2684
"2026-09-09 18:00:00","2026-09-10 09:00:00","CAPE","surface",-69.1359,19.2516,2873
"2026-09-09 18:00:00","2026-09-10 09:00:00","CAPE","surface",-69.112,19.2516,2882
"2026-09-09 18:00:00","2026-09-10 09:00:00","CAPE","surface",-69.0881,19.2516,3014
"2026-09-09 18:00:00","2026-09-10 09:00:00","CAPE","surface",-69.0642,19.2516,2863
"2026-09-09 18:00:00","2026-09-10 09:00:00","CAPE","surface",-69.0402,19.2516,3139
"2026-09-09 18:00:00","2026-09-10 09:00:00","CAPE","surface",-69.0163,19.2516,3320
"2026-09-09 18:00:00","2026-09-10 09:00:00","CAPE","surface",-68.9924,19.2516,3030
"2026-09-09 18:00:00","2026-09-10 09:00:00","CAPE","surface",-68.9685,19.2516,3030
"2026-09-09 18:00:00","2026-09-10 09:00:00","CAPE","surface",-68.9445,19.2516,2636
"2026-09-09 18:00:00","2026-09-10 09:00:00","CAPE","surface",-68.9206,19.2516,2560
"2026-09-09 18:00:00","2026-09-10 09:00:00","CAPE","surface",-68.8967,19.2516,2820
"2026-09-09 18:00:00","2026-09-10 09:00:00","CAPE","surface",-68.8728,19.2516,2820
"2026-09-09 18:00:00","2026-09-10 09:00:00","CAPE","surface",-68.8488,19.2516,2777
"2026-09-09 18:00:00","2026-09-10 09:00:00","CAPE","surface",-68.8249,19.2516,2323
"2026-09-09 18:00:00","2026-09-10 09:00:00","CAPE","surface",-68.801,19.2516,1848
"2026-09-09 18:00:00","2026-09-10 09:00:00","CAPE","surface",-68.7771,19.2516,1461
"2026-09-09 18:00:00","2026-09-10 09:00:00","CAPE","surface",-68.7531,19.2516,1619
"2026-09-09 18:00:00","2026-09-10 09:00:00","CAPE","surface",-68.7292,19.2516,1511
"2026-09-09 18:00:00","2026-09-10 09:00:00","CAPE","surface",-68.7053,19.2516,1248
"2026-09-09 18:00:00","2026-09-10 09:00:00","CAPE","surface",-68.6813,19.2516,1293
"2026-09-09 18:00:00","2026-09-10 09:00:00","CAPE","surface",-68.6574,19.2516,1293
"2026-09-09 18:00:00","2026-09-10 09:00:00","CAPE","surface",-68.6335,19.2516,1417
"2026-09-09 18:00:00","2026-09-10 09:00:00","CAPE","surface",-68.6096,19.2516,1291
"2026-09-09 18:00:00","2026-09-10 09:00:00","CAPE","surface",-68.5856,19.2516,1512
"2026-09-09 18:00:00","2026-09-10 09:00:00","CAPE","surface",-68.5617,19.2516,1512
"2026-09-09 18:00:00","2026-09-10 09:00:00","CAPE","surface",-68.5378,19.2516,1728
"2026-09-09 18:00:00","2026-09-10 09:00:00","CAPE","surface",-68.5139,19.2516,1928
"2026-09-09 18:00:00","2026-09-10 09:00:00","CAPE","surface",-68.4899,19.2516,2037
"2026-09-09 18:00:00","2026-09-10 09:00:00","CAPE","surface",-68.466,19.2516,2108
"2026-09-09 18:00:00","2026-09-10 09:00:00","CAPE","surface",-68.4421,19.2516,2267
"2026-09-09 18:00:00","2026-09-10 09:00:00","CAPE","surface",-68.4182,19.2516,2491
"2026-09-09 18:00:00","2026-09-10 09:00:00","CAPE","surface",-68.3942,19.2516,2675
"2026-09-09 18:00:00","2026-09-10 09:00:00","CAPE","surface",-68.3703,19.2516,2867
"2026-09-09 18:00:00","2026-09-10 09:00:00","CAPE","surface",-68.3464,19.2516,2867
"2026-09-09 18:00:00","2026-09-10 09:00:00","CAPE","surface",-68.3225,19.2516,3060
"2026-09-09 18:00:00","2026-09-10 09:00:00","CAPE","surface",-68.2985,19.2516,3286
"2026-09-09 18:00:00","2026-09-10 09:00:00","CAPE","surface",-68.2746,19.2516,3385
"2026-09-09 18:00:00","2026-09-10 09:00:00","CAPE","surface",-68.2507,19.2516,3548
"2026-09-09 18:00:00","2026-09-10 09:00:00","CAPE","surface",-68.2268,19.2516,3660
"2026-09-09 18:00:00","2026-09-10 09:00:00","CAPE","surface",-68.2028,19.2516,3820
"2026-09-09 18:00:00","2026-09-10 09:00:00","CAPE","surface",-68.1789,19.2516,3781
"2026-09-09 18:00:00","2026-09-10 09:00:00","CAPE","surface",-68.155,19.2516,3658
"2026-09-09 18:00:00","2026-09-10 09:00:00","CAPE","surface",-68.1311,19.2516,3446
"2026-09-09 18:00:00","2026-09-10 09:00:00","CAPE","surface",-68.1071,19.2516,3357
"2026-09-09 18:00:00","2026-09-10 09:00:00","CAPE","surface",-68.0832,19.2516,3440
"2026-09-09 18:00:00","2026-09-10 09:00:00","CAPE","surface",-68.0593,19.2516,3440
"2026-09-09 18:00:00","2026-09-10 09:00:00","CAPE","surface",-68.0354,19.2516,3702
"2026-09-09 18:00:00","2026-09-10 09:00:00","CAPE","surface",-68.0114,19.2516,3709
"2026-09-09 18:00:00","2026-09-10 09:00:00","CAPE","surface",-67.9875,19.2516,3811
"2026-09-09 18:00:00","2026-09-10 09:00:00","CAPE","surface",-67.9636,19.2516,3811
"2026-09-09 18:00:00","2026-09-10 09:00:00","CAPE","surface",-67.9397,19.2516,3599
"2026-09-09 18:00:00","2026-09-10 09:00:00","CAPE","surface",-67.9157,19.2516,3222
"2026-09-09 18:00:00","2026-09-10 09:00:00","CAPE","surface",-67.8918,19.2516,2988
"2026-09-09 18:00:00","2026-09-10 09:00:00","CAPE","surface",-67.8679,19.2516,2981
"2026-09-09 18:00:00","2026-09-10 09:00:00","CAPE","surface",-67.844,19.2516,2912
"2026-09-09 18:00:00","2026-09-10 09:00:00","CAPE","surface",-67.82,19.2516,2864
"2026-09-09 18:00:00","2026-09-10 09:00:00","CAPE","surface",-67.7961,19.2516,2857
"2026-09-09 18:00:00","2026-09-10 09:00:00","CAPE","surface",-67.7722,19.2516,2812
"2026-09-09 18:00:00","2026-09-10 09:00:00","CAPE","surface",-67.7483,19.2516,2812
"2026-09-09 18:00:00","2026-09-10 09:00:00","CAPE","surface",-67.7243,19.2516,2748
"2026-09-09 18:00:00","2026-09-10 09:00:00","CAPE","surface",-67.7004,19.2516,2754
"2026-09-09 18:00:00","2026-09-10 09:00:00","CAPE","surface",-67.6765,19.2516,2755
"2026-09-09 18:00:00","2026-09-10 09:00:00","CAPE","surface",-67.6526,19.2516,2893
"2026-09-09 18:00:00","2026-09-10 09:00:00","CAPE","surface",-67.6286,19.2516,2876
"2026-09-09 18:00:00","2026-09-10 09:00:00","CAPE","surface",-67.6047,19.2516,3121
"2026-09-09 18:00:00","2026-09-10 09:00:00","CAPE","surface",-67.5808,19.2516,3200
"2026-09-09 18:00:00","2026-09-10 09:00:00","CAPE","surface",-67.5569,19.2516,3439
"2026-09-09 18:00:00","2026-09-10 09:00:00","CAPE","surface",-67.5329,19.2516,3663
"2026-09-09 18:00:00","2026-09-10 09:00:00","CAPE","surface",-67.509,19.2516,3638
"2026-09-09 18:00:00","2026-09-10 09:00:00","CAPE","surface",-67.4851,19.2516,3250
"2026-09-09 18:00:00","2026-09-10 09:00:00","CAPE","surface",-67.4612,19.2516,3250
"2026-09-09 18:00:00","2026-09-10 09:00:00","CAPE","surface",-67.4372,19.2516,3036
"2026-09-09 18:00:00","2026-09-10 09:00:00","CAPE","surface",-67.4133,19.2516,3046
"2026-09-09 18:00:00","2026-09-10 09:00:00","CAPE","surface",-67.3894,19.2516,3033
"2026-09-09 18:00:00","2026-09-10 09:00:00","CAPE","surface",-67.3655,19.2516,2974
"2026-09-09 18:00:00","2026-09-10 09:00:00","CAPE","surface",-67.3415,19.2516,3033
"2026-09-09 18:00:00","2026-09-10 09:00:00","CAPE","surface",-67.3176,19.2516,3062
"2026-09-09 18:00:00","2026-09-10 09:00:00","CAPE","surface",-67.2937,19.2516,3126
"2026-09-09 18:00:00","2026-09-10 09:00:00","CAPE","surface",-67.2698,19.2516,3110
"2026-09-09 18:00:00","2026-09-10 09:00:00","CAPE","surface",-67.2458,19.2516,3141
"2026-09-09 18:00:00","2026-09-10 09:00:00","CAPE","surface",-67.2219,19.2516,3014
"2026-09-09 18:00:00","2026-09-10 09:00:00","CAPE","surface",-67.198,19.2516,2987
"2026-09-09 18:00:00","2026-09-10 09:00:00","CAPE","surface",-67.1741,19.2516,2881
"2026-09-09 18:00:00","2026-09-10 09:00:00","CAPE","surface",-67.1501,19.2516,2817
"2026-09-09 18:00:00","2026-09-10 09:00:00","CAPE","surface",-67.1262,19.2516,2857
"2026-09-09 18:00:00","2026-09-10 09:00:00","CAPE","surface",-67.1023,19.2516,2854
"2026-09-09 18:00:00","2026-09-10 09:00:00","CAPE","surface",-67.0784,19.2516,2854
"2026-09-09 18:00:00","2026-09-10 09:00:00","CAPE","surface",-67.0544,19.2516,2834
"2026-09-09 18:00:00","2026-09-10 09:00:00","CAPE","surface",-67.0305,19.2516,2928
"2026-09-09 18:00:00","2026-09-10 09:00:00","CAPE","surface",-67.0066,19.2516,2800
"2026-09-09 18:00:00","2026-09-10 09:00:00","CAPE","surface",-74.7822,19.2742,2179
"2026-09-09 18:00:00","2026-09-10 09:00:00","CAPE","surface",-74.7583,19.2742,2149
"2026-09-09 18:00:00","2026-09-10 09:00:00","CAPE","surface",-74.7344,19.2742,2140
"2026-09-09 18:00:00","2026-09-10 09:00:00","CAPE","surface",-74.7105,19.2742,2181
"2026-09-09 18:00:00","2026-09-10 09:00:00","CAPE","surface",-74.6865,19.2742,2179
"2026-09-09 18:00:00","2026-09-10 09:00:00","CAPE","surface",-74.6626,19.2742,2284
"2026-09-09 18:00:00","2026-09-10 09:00:00","CAPE","surface",-74.6387,19.2742,2276
"2026-09-09 18:00:00","2026-09-10 09:00:00","CAPE","surface",-74.6148,19.2742,2404
"2026-09-09 18:00:00","2026-09-10 09:00:00","CAPE","surface",-74.5908,19.2742,2414
"2026-09-09 18:00:00","2026-09-10 09:00:00","CAPE","surface",-74.5669,19.2742,2572
"2026-09-09 18:00:00","2026-09-10 09:00:00","CAPE","surface",-74.543,19.2742,2584
"2026-09-09 18:00:00","2026-09-10 09:00:00","CAPE","surface",-74.5191,19.2742,2679
"2026-09-09 18:00:00","2026-09-10 09:00:00","CAPE","surface",-74.4951,19.2742,2679
"2026-09-09 18:00:00","2026-09-10 09:00:00","CAPE","surface",-74.4712,19.2742,2860
"2026-09-09 18:00:00","2026-09-10 09:00:00","CAPE","surface",-74.4473,19.2742,2862
"2026-09-09 18:00:00","2026-09-10 09:00:00","CAPE","surface",-74.4234,19.2742,2968
"2026-09-09 18:00:00","2026-09-10 09:00:00","CAPE","surface",-74.3994,19.2742,2968
"2026-09-09 18:00:00","2026-09-10 09:00:00","CAPE","surface",-74.3755,19.2742,2977
"2026-09-09 18:00:00","2026-09-10 09:00:00","CAPE","surface",-74.3516,19.2742,2937
"2026-09-09 18:00:00","2026-09-10 09:00:00","CAPE","surface",-74.3277,19.2742,2932
"2026-09-09 18:00:00","2026-09-10 09:00:00","CAPE","surface",-74.3037,19.2742,2912
"2026-09-09 18:00:00","2026-09-10 09:00:00","CAPE","surface",-74.2798,19.2742,2811
"2026-09-09 18:00:00","2026-09-10 09:00:00","CAPE","surface",-74.2559,19.2742,2811
"2026-09-09 18:00:00","2026-09-10 09:00:00","CAPE","surface",-74.232,19.2742,2797
"2026-09-09 18:00:00","2026-09-10 09:00:00","CAPE","surface",-74.208,19.2742,2782
"2026-09-09 18:00:00","2026-09-10 09:00:00","CAPE","surface",-74.1841,19.2742,2771
"2026-09-09 18:00:00","2026-09-10 09:00:00","CAPE","surface",-74.1602,19.2742,2745
"2026-09-09 18:00:00","2026-09-10 09:00:00","CAPE","surface",-74.1363,19.2742,2729
"2026-09-09 18:00:00","2026-09-10 09:00:00","CAPE","surface",-74.1123,19.2742,2693
"2026-09-09 18:00:00","2026-09-10 09:00:00","CAPE","surface",-74.0884,19.2742,2672
"2026-09-09 18:00:00","2026-09-10 09:00:00","CAPE","surface",-74.0645,19.2742,2683
"2026-09-09 18:00:00","2026-09-10 09:00:00","CAPE","surface",-74.0406,19.2742,2650
"2026-09-09 18:00:00","2026-09-10 09:00:00","CAPE","surface",-74.0166,19.2742,2650
"2026-09-09 18:00:00","2026-09-10 09:00:00","CAPE","surface",-73.9927,19.2742,2610
"2026-09-09 18:00:00","2026-09-10 09:00:00","CAPE","surface",-73.9688,19.2742,2615
"2026-09-09 18:00:00","2026-09-10 09:00:00","CAPE","surface",-73.9449,19.2742,2527
"2026-09-09 18:00:00","2026-09-10 09:00:00","CAPE","surface",-73.9209,19.2742,2249
"2026-09-09 18:00:00","2026-09-10 09:00:00","CAPE","surface",-73.897,19.2742,2174
"2026-09-09 18:00:00","2026-09-10 09:00:00","CAPE","surface",-73.8731,19.2742,2073
"2026-09-09 18:00:00","2026-09-10 09:00:00","CAPE","surface",-73.8492,19.2742,2031
"2026-09-09 18:00:00","2026-09-10 09:00:00","CAPE","surface",-73.8252,19.2742,1883
"2026-09-09 18:00:00","2026-09-10 09:00:00","CAPE","surface",-73.8013,19.2742,1848
"2026-09-09 18:00:00","2026-09-10 09:00:00","CAPE","surface",-73.7774,19.2742,1821
"2026-09-09 18:00:00","2026-09-10 09:00:00","CAPE","surface",-73.7535,19.2742,1815
"2026-09-09 18:00:00","2026-09-10 09:00:00","CAPE","surface",-73.7295,19.2742,1821
"2026-09-09 18:00:00","2026-09-10 09:00:00","CAPE","surface",-73.7056,19.2742,1842
"2026-09-09 18:00:00","2026-09-10 09:00:00","CAPE","surface",-73.6817,19.2742,1854
"2026-09-09 18:00:00","2026-09-10 09:00:00","CAPE","surface",-73.6578,19.2742,1854
"2026-09-09 18:00:00","2026-09-10 09:00:00","CAPE","surface",-73.6338,19.2742,1766
"2026-09-09 18:00:00","2026-09-10 09:00:00","CAPE","surface",-73.6099,19.2742,1766
"2026-09-09 18:00:00","2026-09-10 09:00:00","CAPE","surface",-73.586,19.2742,1682
"2026-09-09 18:00:00","2026-09-10 09:00:00","CAPE","surface",-73.5621,19.2742,1631
"2026-09-09 18:00:00","2026-09-10 09:00:00","CAPE","surface",-73.5381,19.2742,1640
"2026-09-09 18:00:00","2026-09-10 09:00:00","CAPE","surface",-73.5142,19.2742,1767
"2026-09-09 18:00:00","2026-09-10 09:00:00","CAPE","surface",-73.4903,19.2742,1970
"2026-09-09 18:00:00","2026-09-10 09:00:00","CAPE","surface",-73.4664,19.2742,1970
"2026-09-09 18:00:00","2026-09-10 09:00:00","CAPE","surface",-73.4424,19.2742,1985
"2026-09-09 18:00:00","2026-09-10 09:00:00","CAPE","surface",-73.4185,19.2742,1981
"2026-09-09 18:00:00","2026-09-10 09:00:00","CAPE","surface",-73.3946,19.2742,2157
"2026-09-09 18:00:00","2026-09-10 09:00:00","CAPE","surface",-73.3707,19.2742,2194
"2026-09-09 18:00:00","2026-09-10 09:00:00","CAPE","surface",-73.3467,19.2742,2298
"2026-09-09 18:00:00","2026-09-10 09:00:00","CAPE","surface",-73.3228,19.2742,2273
"2026-09-09 18:00:00","2026-09-10 09:00:00","CAPE","surface",-73.2989,19.2742,2281
"2026-09-09 18:00:00","2026-09-10 09:00:00","CAPE","surface",-73.275,19.2742,2264
"2026-09-09 18:00:00","2026-09-10 09:00:00","CAPE","surface",-73.251,19.2742,2372
"2026-09-09 18:00:00","2026-09-10 09:00:00","CAPE","surface",-73.2271,19.2742,2372
"2026-09-09 18:00:00","2026-09-10 09:00:00","CAPE","surface",-73.2032,19.2742,2411
"2026-09-09 18:00:00","2026-09-10 09:00:00","CAPE","surface",-73.1793,19.2742,2410
"2026-09-09 18:00:00","2026-09-10 09:00:00","CAPE","surface",-73.1553,19.2742,2270
"2026-09-09 18:00:00","2026-09-10 09:00:00","CAPE","surface",-73.1314,19.2742,2068
"2026-09-09 18:00:00","2026-09-10 09:00:00","CAPE","surface",-73.1075,19.2742,2068
"2026-09-09 18:00:00","2026-09-10 09:00:00","CAPE","surface",-73.0836,19.2742,1978
"2026-09-09 18:00:00","2026-09-10 09:00:00","CAPE","surface",-73.0596,19.2742,1955
"2026-09-09 18:00:00","2026-09-10 09:00:00","CAPE","surface",-73.0357,19.2742,1870
"2026-09-09 18:00:00","2026-09-10 09:00:00","CAPE","surface",-73.0118,19.2742,1850
"2026-09-09 18:00:00","2026-09-10 09:00:00","CAPE","surface",-72.9879,19.2742,1810
"2026-09-09 18:00:00","2026-09-10 09:00:00","CAPE","surface",-72.9639,19.2742,1810
"2026-09-09 18:00:00","2026-09-10 09:00:00","CAPE","surface",-72.94,19.2742,1752
"2026-09-09 18:00:00","2026-09-10 09:00:00","CAPE","surface",-72.9161,19.2742,1727
"2026-09-09 18:00:00","2026-09-10 09:00:00","CAPE","surface",-72.8922,19.2742,1621
"2026-09-09 18:00:00","2026-09-10 09:00:00","CAPE","surface",-72.8682,19.2742,1611
"2026-09-09 18:00:00","2026-09-10 09:00:00","CAPE","surface",-72.8443,19.2742,1555
"2026-09-09 18:00:00","2026-09-10 09:00:00","CAPE","surface",-72.8204,19.2742,1566
"2026-09-09 18:00:00","2026-09-10 09:00:00","CAPE","surface",-72.7965,19.2742,1466
"2026-09-09 18:00:00","2026-09-10 09:00:00","CAPE","surface",-72.7725,19.2742,1488
"2026-09-09 18:00:00","2026-09-10 09:00:00","CAPE","surface",-72.7486,19.2742,1445
"2026-09-09 18:00:00","2026-09-10 09:00:00","CAPE","surface",-72.7247,19.2742,1445
"2026-09-09 18:00:00","2026-09-10 09:00:00","CAPE","surface",-72.7008,19.2742,1031
"2026-09-09 18:00:00","2026-09-10 09:00:00","CAPE","surface",-72.6768,19.2742,732
"2026-09-09 18:00:00","2026-09-10 09:00:00","CAPE","surface",-72.6529,19.2742,711
"2026-09-09 18:00:00","2026-09-10 09:00:00","CAPE","surface",-72.629,19.2742,728
"2026-09-09 18:00:00","2026-09-10 09:00:00","CAPE","surface",-72.6051,19.2742,728
"2026-09-09 18:00:00","2026-09-10 09:00:00","CAPE","surface",-72.5811,19.2742,880
"2026-09-09 18:00:00","2026-09-10 09:00:00","CAPE","surface",-72.5572,19.2742,669
"2026-09-09 18:00:00","2026-09-10 09:00:00","CAPE","surface",-72.5333,19.2742,605
"2026-09-09 18:00:00","2026-09-10 09:00:00","CAPE","surface",-72.5094,19.2742,613
"2026-09-09 18:00:00","2026-09-10 09:00:00","CAPE","surface",-72.4854,19.2742,603
"2026-09-09 18:00:00","2026-09-10 09:00:00","CAPE","surface",-72.4615,19.2742,601
"2026-09-09 18:00:00","2026-09-10 09:00:00","CAPE","surface",-72.4376,19.2742,603
"2026-09-09 18:00:00","2026-09-10 09:00:00","CAPE","surface",-72.4137,19.2742,584
"2026-09-09 18:00:00","2026-09-10 09:00:00","CAPE","surface",-72.3897,19.2742,560
"2026-09-09 18:00:00","2026-09-10 09:00:00","CAPE","surface",-72.3658,19.2742,560
"2026-09-09 18:00:00","2026-09-10 09:00:00","CAPE","surface",-72.3419,19.2742,523
"2026-09-09 18:00:00","2026-09-10 09:00:00","CAPE","surface",-72.318,19.2742,488
"2026-09-09 18:00:00","2026-09-10 09:00:00","CAPE","surface",-72.294,19.2742,473
"2026-09-09 18:00:00","2026-09-10 09:00:00","CAPE","surface",-72.2701,19.2742,434
"2026-09-09 18:00:00","2026-09-10 09:00:00","CAPE","surface",-72.2462,19.2742,477
"2026-09-09 18:00:00","2026-09-10 09:00:00","CAPE","surface",-72.2223,19.2742,423
"2026-09-09 18:00:00","2026-09-10 09:00:00","CAPE","surface",-72.1983,19.2742,472
"2026-09-09 18:00:00","2026-09-10 09:00:00","CAPE","surface",-72.1744,19.2742,483
"2026-09-09 18:00:00","2026-09-10 09:00:00","CAPE","surface",-72.1505,19.2742,511
"2026-09-09 18:00:00","2026-09-10 09:00:00","CAPE","surface",-72.1266,19.2742,511
"2026-09-09 18:00:00","2026-09-10 09:00:00","CAPE","surface",-72.1026,19.2742,521
"2026-09-09 18:00:00","2026-09-10 09:00:00","CAPE","surface",-72.0787,19.2742,561
"2026-09-09 18:00:00","2026-09-10 09:00:00","CAPE","surface",-72.0548,19.2742,614
"2026-09-09 18:00:00","2026-09-10 09:00:00","CAPE","surface",-72.0309,19.2742,523
"2026-09-09 18:00:00","2026-09-10 09:00:00","CAPE","surface",-72.0069,19.2742,523
"2026-09-09 18:00:00","2026-09-10 09:00:00","CAPE","surface",-71.983,19.2742,415
"2026-09-09 18:00:00","2026-09-10 09:00:00","CAPE","surface",-71.9591,19.2742,386
"2026-09-09 18:00:00","2026-09-10 09:00:00","CAPE","surface",-71.9352,19.2742,329
"2026-09-09 18:00:00","2026-09-10 09:00:00","CAPE","surface",-71.9112,19.2742,345
"2026-09-09 18:00:00","2026-09-10 09:00:00","CAPE","surface",-71.8873,19.2742,360
"2026-09-09 18:00:00","2026-09-10 09:00:00","CAPE","surface",-71.8634,19.2742,380
"2026-09-09 18:00:00","2026-09-10 09:00:00","CAPE","surface",-71.8395,19.2742,432
"2026-09-09 18:00:00","2026-09-10 09:00:00","CAPE","surface",-71.8155,19.2742,468
"2026-09-09 18:00:00","2026-09-10 09:00:00","CAPE","surface",-71.7916,19.2742,597
"2026-09-09 18:00:00","2026-09-10 09:00:00","CAPE","surface",-71.7677,19.2742,597
"2026-09-09 18:00:00","2026-09-10 09:00:00","CAPE","surface",-71.7438,19.2742,564
"2026-09-09 18:00:00","2026-09-10 09:00:00","CAPE","surface",-71.7198,19.2742,598
"2026-09-09 18:00:00","2026-09-10 09:00:00","CAPE","surface",-71.6959,19.2742,667
"2026-09-09 18:00:00","2026-09-10 09:00:00","CAPE","surface",-71.672,19.2742,632
"2026-09-09 18:00:00","2026-09-10 09:00:00","CAPE","surface",-71.6481,19.2742,632
"2026-09-09 18:00:00","2026-09-10 09:00:00","CAPE","surface",-71.6241,19.2742,605
"2026-09-09 18:00:00","2026-09-10 09:00:00","CAPE","surface",-71.6002,19.2742,584
"2026-09-09 18:00:00","2026-09-10 09:00:00","CAPE","surface",-71.5763,19.2742,586
"2026-09-09 18:00:00","2026-09-10 09:00:00","CAPE","surface",-71.5524,19.2742,608
"2026-09-09 18:00:00","2026-09-10 09:00:00","CAPE","surface",-71.5284,19.2742,594
"2026-09-09 18:00:00","2026-09-10 09:00:00","CAPE","surface",-71.5045,19.2742,619
"2026-09-09 18:00:00","2026-09-10 09:00:00","CAPE","surface",-71.4806,19.2742,635
"2026-09-09 18:00:00","2026-09-10 09:00:00","CAPE","surface",-71.4567,19.2742,657
"2026-09-09 18:00:00","2026-09-10 09:00:00","CAPE","surface",-71.4327,19.2742,664
"2026-09-09 18:00:00","2026-09-10 09:00:00","CAPE","surface",-71.4088,19.2742,690
"2026-09-09 18:00:00","2026-09-10 09:00:00","CAPE","surface",-71.3849,19.2742,702
"2026-09-09 18:00:00","2026-09-10 09:00:00","CAPE","surface",-71.361,19.2742,710
"2026-09-09 18:00:00","2026-09-10 09:00:00","CAPE","surface",-71.337,19.2742,499
"2026-09-09 18:00:00","2026-09-10 09:00:00","CAPE","surface",-71.3131,19.2742,458
"2026-09-09 18:00:00","2026-09-10 09:00:00","CAPE","surface",-71.2892,19.2742,400
"2026-09-09 18:00:00","2026-09-10 09:00:00","CAPE","surface",-71.2653,19.2742,589
"2026-09-09 18:00:00","2026-09-10 09:00:00","CAPE","surface",-71.2413,19.2742,421
"2026-09-09 18:00:00","2026-09-10 09:00:00","CAPE","surface",-71.2174,19.2742,22
"2026-09-09 18:00:00","2026-09-10 09:00:00","CAPE","surface",-71.1935,19.2742,22
"2026-09-09 18:00:00","2026-09-10 09:00:00","CAPE","surface",-71.1696,19.2742,84
"2026-09-09 18:00:00","2026-09-10 09:00:00","CAPE","surface",-71.1456,19.2742,16
"2026-09-09 18:00:00","2026-09-10 09:00:00","CAPE","surface",-71.1217,19.2742,33
"2026-09-09 18:00:00","2026-09-10 09:00:00","CAPE","surface",-71.0978,19.2742,33
"2026-09-09 18:00:00","2026-09-10 09:00:00","CAPE","surface",-71.0739,19.2742,130
"2026-09-09 18:00:00","2026-09-10 09:00:00","CAPE","surface",-71.0499,19.2742,126
"2026-09-09 18:00:00","2026-09-10 09:00:00","CAPE","surface",-71.026,19.2742,264
"2026-09-09 18:00:00","2026-09-10 09:00:00","CAPE","surface",-71.0021,19.2742,273
"2026-09-09 18:00:00","2026-09-10 09:00:00","CAPE","surface",-70.9782,19.2742,391
"2026-09-09 18:00:00","2026-09-10 09:00:00","CAPE","surface",-70.9542,19.2742,470
"2026-09-09 18:00:00","2026-09-10 09:00:00","CAPE","surface",-70.9303,19.2742,462
"2026-09-09 18:00:00","2026-09-10 09:00:00","CAPE","surface",-70.9064,19.2742,538
"2026-09-09 18:00:00","2026-09-10 09:00:00","CAPE","surface",-70.8825,19.2742,528
"2026-09-09 18:00:00","2026-09-10 09:00:00","CAPE","surface",-70.8585,19.2742,592
"2026-09-09 18:00:00","2026-09-10 09:00:00","CAPE","surface",-70.8346,19.2742,571
"2026-09-09 18:00:00","2026-09-10 09:00:00","CAPE","surface",-70.8107,19.2742,557
"2026-09-09 18:00:00","2026-09-10 09:00:00","CAPE","surface",-70.7868,19.2742,526
"2026-09-09 18:00:00","2026-09-10 09:00:00","CAPE","surface",-70.7628,19.2742,585
"2026-09-09 18:00:00","2026-09-10 09:00:00","CAPE","surface",-70.7389,19.2742,585
"2026-09-09 18:00:00","2026-09-10 09:00:00","CAPE","surface",-70.715,19.2742,717
"2026-09-09 18:00:00","2026-09-10 09:00:00","CAPE","surface",-70.6911,19.2742,736
"2026-09-09 18:00:00","2026-09-10 09:00:00","CAPE","surface",-70.6671,19.2742,900
"2026-09-09 18:00:00","2026-09-10 09:00:00","CAPE","surface",-70.6432,19.2742,1059
"2026-09-09 18:00:00","2026-09-10 09:00:00","CAPE","surface",-70.6193,19.2742,1088
"2026-09-09 18:00:00","2026-09-10 09:00:00","CAPE","surface",-70.5954,19.2742,1150
"2026-09-09 18:00:00","2026-09-10 09:00:00","CAPE","surface",-70.5714,19.2742,1192
"2026-09-09 18:00:00","2026-09-10 09:00:00","CAPE","surface",-70.5475,19.2742,1339
"2026-09-09 18:00:00","2026-09-10 09:00:00","CAPE","surface",-70.5236,19.2742,1339
"2026-09-09 18:00:00","2026-09-10 09:00:00","CAPE","surface",-70.4997,19.2742,1461
"2026-09-09 18:00:00","2026-09-10 09:00:00","CAPE","surface",-70.4757,19.2742,1394
"2026-09-09 18:00:00","2026-09-10 09:00:00","CAPE","surface",-70.4518,19.2742,1459
"2026-09-09 18:00:00","2026-09-10 09:00:00","CAPE","surface",-70.4279,19.2742,1487
"2026-09-09 18:00:00","2026-09-10 09:00:00","CAPE","surface",-70.404,19.2742,1468
"2026-09-09 18:00:00","2026-09-10 09:00:00","CAPE","surface",-70.38,19.2742,1498
"2026-09-09 18:00:00","2026-09-10 09:00:00","CAPE","surface",-70.3561,19.2742,1412
"2026-09-09 18:00:00","2026-09-10 09:00:00","CAPE","surface",-70.3322,19.2742,1396
"2026-09-09 18:00:00","2026-09-10 09:00:00","CAPE","surface",-70.3083,19.2742,1396
"2026-09-09 18:00:00","2026-09-10 09:00:00","CAPE","surface",-70.2843,19.2742,1485
"2026-09-09 18:00:00","2026-09-10 09:00:00","CAPE","surface",-70.2604,19.2742,1538
"2026-09-09 18:00:00","2026-09-10 09:00:00","CAPE","surface",-70.2365,19.2742,1635
"2026-09-09 18:00:00","2026-09-10 09:00:00","CAPE","surface",-70.2126,19.2742,1635
"2026-09-09 18:00:00","2026-09-10 09:00:00","CAPE","surface",-70.1886,19.2742,1676
"2026-09-09 18:00:00","2026-09-10 09:00:00","CAPE","surface",-70.1647,19.2742,1695
"2026-09-09 18:00:00","2026-09-10 09:00:00","CAPE","surface",-70.1408,19.2742,1752
"2026-09-09 18:00:00","2026-09-10 09:00:00","CAPE","surface",-70.1169,19.2742,1765
"2026-09-09 18:00:00","2026-09-10 09:00:00","CAPE","surface",-70.0929,19.2742,1708
"2026-09-09 18:00:00","2026-09-10 09:00:00","CAPE","surface",-70.069,19.2742,1725
"2026-09-09 18:00:00","2026-09-10 09:00:00","CAPE","surface",-70.0451,19.2742,1678
"2026-09-09 18:00:00","2026-09-10 09:00:00","CAPE","surface",-70.0212,19.2742,1763
"2026-09-09 18:00:00","2026-09-10 09:00:00","CAPE","surface",-69.9972,19.2742,1743
"2026-09-09 18:00:00","2026-09-10 09:00:00","CAPE","surface",-69.9733,19.2742,1998
"2026-09-09 18:00:00","2026-09-10 09:00:00","CAPE","surface",-69.9494,19.2742,1933
"2026-09-09 18:00:00","2026-09-10 09:00:00","CAPE","surface",-69.9255,19.2742,2026
"2026-09-09 18:00:00","2026-09-10 09:00:00","CAPE","surface",-69.9015,19.2742,1953
"2026-09-09 18:00:00","2026-09-10 09:00:00","CAPE","surface",-69.8776,19.2742,2091
"2026-09-09 18:00:00","2026-09-10 09:00:00","CAPE","surface",-69.8537,19.2742,2038
"2026-09-09 18:00:00","2026-09-10 09:00:00","CAPE","surface",-69.8298,19.2742,2073
"2026-09-09 18:00:00","2026-09-10 09:00:00","CAPE","surface",-69.8058,19.2742,2041
"2026-09-09 18:00:00","2026-09-10 09:00:00","CAPE","surface",-69.7819,19.2742,1916
"2026-09-09 18:00:00","2026-09-10 09:00:00","CAPE","surface",-69.758,19.2742,2038
"2026-09-09 18:00:00","2026-09-10 09:00:00","CAPE","surface",-69.7341,19.2742,1551
"2026-09-09 18:00:00","2026-09-10 09:00:00","CAPE","surface",-69.7101,19.2742,980
"2026-09-09 18:00:00","2026-09-10 09:00:00","CAPE","surface",-69.6862,19.2742,814
"2026-09-09 18:00:00","2026-09-10 09:00:00","CAPE","surface",-69.6623,19.2742,1092
"2026-09-09 18:00:00","2026-09-10 09:00:00","CAPE","surface",-69.6384,19.2742,1150
"2026-09-09 18:00:00","2026-09-10 09:00:00","CAPE","surface",-69.6144,19.2742,732
"2026-09-09 18:00:00","2026-09-10 09:00:00","CAPE","surface",-69.5905,19.2742,891
"2026-09-09 18:00:00","2026-09-10 09:00:00","CAPE","surface",-69.5666,19.2742,1223
"2026-09-09 18:00:00","2026-09-10 09:00:00","CAPE","surface",-69.5427,19.2742,1306
"2026-09-09 18:00:00","2026-09-10 09:00:00","CAPE","surface",-69.5187,19.2742,1421
"2026-09-09 18:00:00","2026-09-10 09:00:00","CAPE","surface",-69.4948,19.2742,1387
"2026-09-09 18:00:00","2026-09-10 09:00:00","CAPE","surface",-69.4709,19.2742,1558
"2026-09-09 18:00:00","2026-09-10 09:00:00","CAPE","surface",-69.447,19.2742,1593
"2026-09-09 18:00:00","2026-09-10 09:00:00","CAPE","surface",-69.423,19.2742,1884
"2026-09-09 18:00:00","2026-09-10 09:00:00","CAPE","surface",-69.3991,19.2742,2263
"2026-09-09 18:00:00","2026-09-10 09:00:00","CAPE","surface",-69.3752,19.2742,2412
"2026-09-09 18:00:00","2026-09-10 09:00:00","CAPE","surface",-69.3513,19.2742,2490
"2026-09-09 18:00:00","2026-09-10 09:00:00","CAPE","surface",-69.3273,19.2742,2552
"2026-09-09 18:00:00","2026-09-10 09:00:00","CAPE","surface",-69.3034,19.2742,2608
"2026-09-09 18:00:00","2026-09-10 09:00:00","CAPE","surface",-69.2795,19.2742,2588
"2026-09-09 18:00:00","2026-09-10 09:00:00","CAPE","surface",-69.2556,19.2742,2729
"2026-09-09 18:00:00","2026-09-10 09:00:00","CAPE","surface",-69.2316,19.2742,2689
"2026-09-09 18:00:00","2026-09-10 09:00:00","CAPE","surface",-69.2077,19.2742,2743
"2026-09-09 18:00:00","2026-09-10 09:00:00","CAPE","surface",-69.1838,19.2742,2615
"2026-09-09 18:00:00","2026-09-10 09:00:00","CAPE","surface",-69.1599,19.2742,2684
"2026-09-09 18:00:00","2026-09-10 09:00:00","CAPE","surface",-69.1359,19.2742,2649
"2026-09-09 18:00:00","2026-09-10 09:00:00","CAPE","surface",-69.112,19.2742,2817
"2026-09-09 18:00:00","2026-09-10 09:00:00","CAPE","surface",-69.0881,19.2742,2723
"2026-09-09 18:00:00","2026-09-10 09:00:00","CAPE","surface",-69.0642,19.2742,2871
"2026-09-09 18:00:00","2026-09-10 09:00:00","CAPE","surface",-69.0402,19.2742,2871
"2026-09-09 18:00:00","2026-09-10 09:00:00","CAPE","surface",-69.0163,19.2742,2883
"2026-09-09 18:00:00","2026-09-10 09:00:00","CAPE","surface",-68.9924,19.2742,2864
"2026-09-09 18:00:00","2026-09-10 09:00:00","CAPE","surface",-68.9685,19.2742,2886
"2026-09-09 18:00:00","2026-09-10 09:00:00","CAPE","surface",-68.9445,19.2742,2636
"2026-09-09 18:00:00","2026-09-10 09:00:00","CAPE","surface",-68.9206,19.2742,2770
"2026-09-09 18:00:00","2026-09-10 09:00:00","CAPE","surface",-68.8967,19.2742,2706
"2026-09-09 18:00:00","2026-09-10 09:00:00","CAPE","surface",-68.8728,19.2742,3129
"2026-09-09 18:00:00","2026-09-10 09:00:00","CAPE","surface",-68.8488,19.2742,2834
"2026-09-09 18:00:00","2026-09-10 09:00:00","CAPE","surface",-68.8249,19.2742,2834
"2026-09-09 18:00:00","2026-09-10 09:00:00","CAPE","surface",-68.801,19.2742,2409
"2026-09-09 18:00:00","2026-09-10 09:00:00","CAPE","surface",-68.7771,19.2742,1923
"2026-09-09 18:00:00","2026-09-10 09:00:00","CAPE","surface",-68.7531,19.2742,1745
"2026-09-09 18:00:00","2026-09-10 09:00:00","CAPE","surface",-68.7292,19.2742,1745
"2026-09-09 18:00:00","2026-09-10 09:00:00","CAPE","surface",-68.7053,19.2742,1681
"2026-09-09 18:00:00","2026-09-10 09:00:00","CAPE","surface",-68.6813,19.2742,1504
"2026-09-09 18:00:00","2026-09-10 09:00:00","CAPE","surface",-68.6574,19.2742,1582
"2026-09-09 18:00:00","2026-09-10 09:00:00","CAPE","surface",-68.6335,19.2742,1665
"2026-09-09 18:00:00","2026-09-10 09:00:00","CAPE","surface",-68.6096,19.2742,1665
"2026-09-09 18:00:00","2026-09-10 09:00:00","CAPE","surface",-68.5856,19.2742,1792
"2026-09-09 18:00:00","2026-09-10 09:00:00","CAPE","surface",-68.5617,19.2742,1748
"2026-09-09 18:00:00","2026-09-10 09:00:00","CAPE","surface",-68.5378,19.2742,1899
"2026-09-09 18:00:00","2026-09-10 09:00:00","CAPE","surface",-68.5139,19.2742,1899
"2026-09-09 18:00:00","2026-09-10 09:00:00","CAPE","surface",-68.4899,19.2742,2033
"2026-09-09 18:00:00","2026-09-10 09:00:00","CAPE","surface",-68.466,19.2742,2108
"2026-09-09 18:00:00","2026-09-10 09:00:00","CAPE","surface",-68.4421,19.2742,2307
"2026-09-09 18:00:00","2026-09-10 09:00:00","CAPE","surface",-68.4182,19.2742,2413
"2026-09-09 18:00:00","2026-09-10 09:00:00","CAPE","surface",-68.3942,19.2742,2525
"2026-09-09 18:00:00","2026-09-10 09:00:00","CAPE","surface",-68.3703,19.2742,2787
"2026-09-09 18:00:00","2026-09-10 09:00:00","CAPE","surface",-68.3464,19.2742,2933
"2026-09-09 18:00:00","2026-09-10 09:00:00","CAPE","surface",-68.3225,19.2742,3035
"2026-09-09 18:00:00","2026-09-10 09:00:00","CAPE","surface",-68.2985,19.2742,3154
"2026-09-09 18:00:00","2026-09-10 09:00:00","CAPE","surface",-68.2746,19.2742,3412
"2026-09-09 18:00:00","2026-09-10 09:00:00","CAPE","surface",-68.2507,19.2742,3548
"2026-09-09 18:00:00","2026-09-10 09:00:00","CAPE","surface",-68.2268,19.2742,3673
"2026-09-09 18:00:00","2026-09-10 09:00:00","CAPE","surface",-68.2028,19.2742,3629
"2026-09-09 18:00:00","2026-09-10 09:00:00","CAPE","surface",-68.1789,19.2742,3682
"2026-09-09 18:00:00","2026-09-10 09:00:00","CAPE","surface",-68.155,19.2742,3472
"2026-09-09 18:00:00","2026-09-10 09:00:00","CAPE","surface",-68.1311,19.2742,3446
"2026-09-09 18:00:00","2026-09-10 09:00:00","CAPE","surface",-68.1071,19.2742,3364
"2026-09-09 18:00:00","2026-09-10 09:00:00","CAPE","surface",-68.0832,19.2742,3428
"2026-09-09 18:00:00","2026-09-10 09:00:00","CAPE","surface",-68.0593,19.2742,3621
"2026-09-09 18:00:00","2026-09-10 09:00:00","CAPE","surface",-68.0354,19.2742,3702
"2026-09-09 18:00:00","2026-09-10 09:00:00","CAPE","surface",-68.0114,19.2742,3746
"2026-09-09 18:00:00","2026-09-10 09:00:00","CAPE","surface",-67.9875,19.2742,3622
"2026-09-09 18:00:00","2026-09-10 09:00:00","CAPE","surface",-67.9636,19.2742,3688
"2026-09-09 18:00:00","2026-09-10 09:00:00","CAPE","surface",-67.9397,19.2742,3241
"2026-09-09 18:00:00","2026-09-10 09:00:00","CAPE","surface",-67.9157,19.2742,3241
"2026-09-09 18:00:00","2026-09-10 09:00:00","CAPE","surface",-67.8918,19.2742,3008
"2026-09-09 18:00:00","2026-09-10 09:00:00","CAPE","surface",-67.8679,19.2742,2981
"2026-09-09 18:00:00","2026-09-10 09:00:00","CAPE","surface",-67.844,19.2742,2901
"2026-09-09 18:00:00","2026-09-10 09:00:00","CAPE","surface",-67.82,19.2742,2884
"2026-09-09 18:00:00","2026-09-10 09:00:00","CAPE","surface",-67.7961,19.2742,2854
"2026-09-09 18:00:00","2026-09-10 09:00:00","CAPE","surface",-67.7722,19.2742,2823
"2026-09-09 18:00:00","2026-09-10 09:00:00","CAPE","surface",-67.7483,19.2742,2787
"2026-09-09 18:00:00","2026-09-10 09:00:00","CAPE","surface",-67.7243,19.2742,2862
"2026-09-09 18:00:00","2026-09-10 09:00:00","CAPE","surface",-67.7004,19.2742,2792
"2026-09-09 18:00:00","2026-09-10 09:00:00","CAPE","surface",-67.6765,19.2742,2942
"2026-09-09 18:00:00","2026-09-10 09:00:00","CAPE","surface",-67.6526,19.2742,2893
"2026-09-09 18:00:00","2026-09-10 09:00:00","CAPE","surface",-67.6286,19.2742,3198
"2026-09-09 18:00:00","2026-09-10 09:00:00","CAPE","surface",-67.6047,19.2742,3395
"2026-09-09 18:00:00","2026-09-10 09:00:00","CAPE","surface",-67.5808,19.2742,3387
"2026-09-09 18:00:00","2026-09-10 09:00:00","CAPE","surface",-67.5569,19.2742,3623
"2026-09-09 18:00:00","2026-09-10 09:00:00","CAPE","surface",-67.5329,19.2742,3623
"2026-09-09 18:00:00","2026-09-10 09:00:00","CAPE","surface",-67.509,19.2742,3533
"2026-09-09 18:00:00","2026-09-10 09:00:00","CAPE","surface",-67.4851,19.2742,3458
"2026-09-09 18:00:00","2026-09-10 09:00:00","CAPE","surface",-67.4612,19.2742,3046
"2026-09-09 18:00:00","2026-09-10 09:00:00","CAPE","surface",-67.4372,19.2742,2907
"2026-09-09 18:00:00","2026-09-10 09:00:00","CAPE","surface",-67.4133,19.2742,2931
"2026-09-09 18:00:00","2026-09-10 09:00:00","CAPE","surface",-67.3894,19.2742,2905
"2026-09-09 18:00:00","2026-09-10 09:00:00","CAPE","surface",-67.3655,19.2742,2974
"2026-09-09 18:00:00","2026-09-10 09:00:00","CAPE","surface",-67.3415,19.2742,2938
"2026-09-09 18:00:00","2026-09-10 09:00:00","CAPE","surface",-67.3176,19.2742,3022
"2026-09-09 18:00:00","2026-09-10 09:00:00","CAPE","surface",-67.2937,19.2742,3078
"2026-09-09 18:00:00","2026-09-10 09:00:00","CAPE","surface",-67.2698,19.2742,3110
"2026-09-09 18:00:00","2026-09-10 09:00:00","CAPE","surface",-67.2458,19.2742,3066
"2026-09-09 18:00:00","2026-09-10 09:00:00","CAPE","surface",-67.2219,19.2742,2921
"2026-09-09 18:00:00","2026-09-10 09:00:00","CAPE","surface",-67.198,19.2742,2892
"2026-09-09 18:00:00","2026-09-10 09:00:00","CAPE","surface",-67.1741,19.2742,2813
"2026-09-09 18:00:00","2026-09-10 09:00:00","CAPE","surface",-67.1501,19.2742,2817
"2026-09-09 18:00:00","2026-09-10 09:00:00","CAPE","surface",-67.1262,19.2742,2788
"2026-09-09 18:00:00","2026-09-10 09:00:00","CAPE","surface",-67.1023,19.2742,2808
"2026-09-09 18:00:00","2026-09-10 09:00:00","CAPE","surface",-67.0784,19.2742,2769
"2026-09-09 18:00:00","2026-09-10 09:00:00","CAPE","surface",-67.0544,19.2742,2702
"2026-09-09 18:00:00","2026-09-10 09:00:00","CAPE","surface",-67.0305,19.2742,2702
"2026-09-09 18:00:00","2026-09-10 09:00:00","CAPE","surface",-67.0066,19.2742,2700
"2026-09-09 18:00:00","2026-09-10 09:00:00","CAPE","surface",-74.7822,19.2968,2162
"2026-09-09 18:00:00","2026-09-10 09:00:00","CAPE","surface",-74.7583,19.2968,2149
"2026-09-09 18:00:00","2026-09-10 09:00:00","CAPE","surface",-74.7344,19.2968,2174
"2026-09-09 18:00:00","2026-09-10 09:00:00","CAPE","surface",-74.7105,19.2968,2177
"2026-09-09 18:00:00","2026-09-10 09:00:00","CAPE","surface",-74.6865,19.2968,2291
"2026-09-09 18:00:00","2026-09-10 09:00:00","CAPE","surface",-74.6626,19.2968,2284
"2026-09-09 18:00:00","2026-09-10 09:00:00","CAPE","surface",-74.6387,19.2968,2403
"2026-09-09 18:00:00","2026-09-10 09:00:00","CAPE","surface",-74.6148,19.2968,2545
"2026-09-09 18:00:00","2026-09-10 09:00:00","CAPE","surface",-74.5908,19.2968,2545
"2026-09-09 18:00:00","2026-09-10 09:00:00","CAPE","surface",-74.5669,19.2968,2663
"2026-09-09 18:00:00","2026-09-10 09:00:00","CAPE","surface",-74.543,19.2968,2675
"2026-09-09 18:00:00","2026-09-10 09:00:00","CAPE","surface",-74.5191,19.2968,2804
"2026-09-09 18:00:00","2026-09-10 09:00:00","CAPE","surface",-74.4951,19.2968,2835
"2026-09-09 18:00:00","2026-09-10 09:00:00","CAPE","surface",-74.4712,19.2968,2969
"2026-09-09 18:00:00","2026-09-10 09:00:00","CAPE","surface",-74.4473,19.2968,2975
"2026-09-09 18:00:00","2026-09-10 09:00:00","CAPE","surface",-74.4234,19.2968,2989
"2026-09-09 18:00:00","2026-09-10 09:00:00","CAPE","surface",-74.3994,19.2968,2994
"2026-09-09 18:00:00","2026-09-10 09:00:00","CAPE","surface",-74.3755,19.2968,2956
"2026-09-09 18:00:00","2026-09-10 09:00:00","CAPE","surface",-74.3516,19.2968,2949
"2026-09-09 18:00:00","2026-09-10 09:00:00","CAPE","surface",-74.3277,19.2968,2966
"2026-09-09 18:00:00","2026-09-10 09:00:00","CAPE","surface",-74.3037,19.2968,2929
"2026-09-09 18:00:00","2026-09-10 09:00:00","CAPE","surface",-74.2798,19.2968,2909
"2026-09-09 18:00:00","2026-09-10 09:00:00","CAPE","surface",-74.2559,19.2968,2828
"2026-09-09 18:00:00","2026-09-10 09:00:00","CAPE","surface",-74.232,19.2968,2855
"2026-09-09 18:00:00","2026-09-10 09:00:00","CAPE","surface",-74.208,19.2968,2855
"2026-09-09 18:00:00","2026-09-10 09:00:00","CAPE","surface",-74.1841,19.2968,2837
"2026-09-09 18:00:00","2026-09-10 09:00:00","CAPE","surface",-74.1602,19.2968,2778
"2026-09-09 18:00:00","2026-09-10 09:00:00","CAPE","surface",-74.1363,19.2968,2728
"2026-09-09 18:00:00","2026-09-10 09:00:00","CAPE","surface",-74.1123,19.2968,2686
"2026-09-09 18:00:00","2026-09-10 09:00:00","CAPE","surface",-74.0884,19.2968,2682
"2026-09-09 18:00:00","2026-09-10 09:00:00","CAPE","surface",-74.0645,19.2968,2682
"2026-09-09 18:00:00","2026-09-10 09:00:00","CAPE","surface",-74.0406,19.2968,2624
"2026-09-09 18:00:00","2026-09-10 09:00:00","CAPE","surface",-74.0166,19.2968,2613
"2026-09-09 18:00:00","2026-09-10 09:00:00","CAPE","surface",-73.9927,19.2968,2611
"2026-09-09 18:00:00","2026-09-10 09:00:00","CAPE","surface",-73.9688,19.2968,2605
"2026-09-09 18:00:00","2026-09-10 09:00:00","CAPE","surface",-73.9449,19.2968,2558
"2026-09-09 18:00:00","2026-09-10 09:00:00","CAPE","surface",-73.9209,19.2968,2399
"2026-09-09 18:00:00","2026-09-10 09:00:00","CAPE","surface",-73.897,19.2968,2126
"2026-09-09 18:00:00","2026-09-10 09:00:00","CAPE","surface",-73.8731,19.2968,2073
"2026-09-09 18:00:00","2026-09-10 09:00:00","CAPE","surface",-73.8492,19.2968,1962
"2026-09-09 18:00:00","2026-09-10 09:00:00","CAPE","surface",-73.8252,19.2968,1883
"2026-09-09 18:00:00","2026-09-10 09:00:00","CAPE","surface",-73.8013,19.2968,1907
"2026-09-09 18:00:00","2026-09-10 09:00:00","CAPE","surface",-73.7774,19.2968,1859
"2026-09-09 18:00:00","2026-09-10 09:00:00","CAPE","surface",-73.7535,19.2968,1820
"2026-09-09 18:00:00","2026-09-10 09:00:00","CAPE","surface",-73.7295,19.2968,1821
"2026-09-09 18:00:00","2026-09-10 09:00:00","CAPE","surface",-73.7056,19.2968,1853
"2026-09-09 18:00:00","2026-09-10 09:00:00","CAPE","surface",-73.6817,19.2968,1853
"2026-09-09 18:00:00","2026-09-10 09:00:00","CAPE","surface",-73.6578,19.2968,1787
"2026-09-09 18:00:00","2026-09-10 09:00:00","CAPE","surface",-73.6338,19.2968,1773
"2026-09-09 18:00:00","2026-09-10 09:00:00","CAPE","surface",-73.6099,19.2968,1717
"2026-09-09 18:00:00","2026-09-10 09:00:00","CAPE","surface",-73.586,19.2968,1682
"2026-09-09 18:00:00","2026-09-10 09:00:00","CAPE","surface",-73.5621,19.2968,1638
"2026-09-09 18:00:00","2026-09-10 09:00:00","CAPE","surface",-73.5381,19.2968,1638
"2026-09-09 18:00:00","2026-09-10 09:00:00","CAPE","surface",-73.5142,19.2968,1762
"2026-09-09 18:00:00","2026-09-10 09:00:00","CAPE","surface",-73.4903,19.2968,1876
"2026-09-09 18:00:00","2026-09-10 09:00:00","CAPE","surface",-73.4664,19.2968,1961
"2026-09-09 18:00:00","2026-09-10 09:00:00","CAPE","surface",-73.4424,19.2968,2012
"2026-09-09 18:00:00","2026-09-10 09:00:00","CAPE","surface",-73.4185,19.2968,2012
"2026-09-09 18:00:00","2026-09-10 09:00:00","CAPE","surface",-73.3946,19.2968,2183
"2026-09-09 18:00:00","2026-09-10 09:00:00","CAPE","surface",-73.3707,19.2968,2295
"2026-09-09 18:00:00","2026-09-10 09:00:00","CAPE","surface",-73.3467,19.2968,2341
"2026-09-09 18:00:00","2026-09-10 09:00:00","CAPE","surface",-73.3228,19.2968,2312
"2026-09-09 18:00:00","2026-09-10 09:00:00","CAPE","surface",-73.2989,19.2968,2324
"2026-09-09 18:00:00","2026-09-10 09:00:00","CAPE","surface",-73.275,19.2968,2346
"2026-09-09 18:00:00","2026-09-10 09:00:00","CAPE","surface",-73.251,19.2968,2248
"2026-09-09 18:00:00","2026-09-10 09:00:00","CAPE","surface",-73.2271,19.2968,2377
"2026-09-09 18:00:00","2026-09-10 09:00:00","CAPE","surface",-73.2032,19.2968,2335
"2026-09-09 18:00:00","2026-09-10 09:00:00","CAPE","surface",-73.1793,19.2968,2335
"2026-09-09 18:00:00","2026-09-10 09:00:00","CAPE","surface",-73.1553,19.2968,2276
"2026-09-09 18:00:00","2026-09-10 09:00:00","CAPE","surface",-73.1314,19.2968,2155
"2026-09-09 18:00:00","2026-09-10 09:00:00","CAPE","surface",-73.1075,19.2968,1995
"2026-09-09 18:00:00","2026-09-10 09:00:00","CAPE","surface",-73.0836,19.2968,1978
"2026-09-09 18:00:00","2026-09-10 09:00:00","CAPE","surface",-73.0596,19.2968,1894
"2026-09-09 18:00:00","2026-09-10 09:00:00","CAPE","surface",-73.0357,19.2968,1894
"2026-09-09 18:00:00","2026-09-10 09:00:00","CAPE","surface",-73.0118,19.2968,1832
"2026-09-09 18:00:00","2026-09-10 09:00:00","CAPE","surface",-72.9879,19.2968,1833
"2026-09-09 18:00:00","2026-09-10 09:00:00","CAPE","surface",-72.9639,19.2968,1761
"2026-09-09 18:00:00","2026-09-10 09:00:00","CAPE","surface",-72.94,19.2968,1752
"2026-09-09 18:00:00","2026-09-10 09:00:00","CAPE","surface",-72.9161,19.2968,1686
"2026-09-09 18:00:00","2026-09-10 09:00:00","CAPE","surface",-72.8922,19.2968,1654
"2026-09-09 18:00:00","2026-09-10 09:00:00","CAPE","surface",-72.8682,19.2968,1556
"2026-09-09 18:00:00","2026-09-10 09:00:00","CAPE","surface",-72.8443,19.2968,1555
"2026-09-09 18:00:00","2026-09-10 09:00:00","CAPE","surface",-72.8204,19.2968,1468
"2026-09-09 18:00:00","2026-09-10 09:00:00","CAPE","surface",-72.7965,19.2968,1398
"2026-09-09 18:00:00","2026-09-10 09:00:00","CAPE","surface",-72.7725,19.2968,1412
"2026-09-09 18:00:00","2026-09-10 09:00:00","CAPE","surface",-72.7486,19.2968,1237
"2026-09-09 18:00:00","2026-09-10 09:00:00","CAPE","surface",-72.7247,19.2968,1155
"2026-09-09 18:00:00","2026-09-10 09:00:00","CAPE","surface",-72.7008,19.2968,617
"2026-09-09 18:00:00","2026-09-10 09:00:00","CAPE","surface",-72.6768,19.2968,617
"2026-09-09 18:00:00","2026-09-10 09:00:00","CAPE","surface",-72.6529,19.2968,670
"2026-09-09 18:00:00","2026-09-10 09:00:00","CAPE","surface",-72.629,19.2968,658
"2026-09-09 18:00:00","2026-09-10 09:00:00","CAPE","surface",-72.6051,19.2968,771
"2026-09-09 18:00:00","2026-09-10 09:00:00","CAPE","surface",-72.5811,19.2968,847
"2026-09-09 18:00:00","2026-09-10 09:00:00","CAPE","surface",-72.5572,19.2968,623
"2026-09-09 18:00:00","2026-09-10 09:00:00","CAPE","surface",-72.5333,19.2968,665
"2026-09-09 18:00:00","2026-09-10 09:00:00","CAPE","surface",-72.5094,19.2968,589
"2026-09-09 18:00:00","2026-09-10 09:00:00","CAPE","surface",-72.4854,19.2968,603
"2026-09-09 18:00:00","2026-09-10 09:00:00","CAPE","surface",-72.4615,19.2968,602
"2026-09-09 18:00:00","2026-09-10 09:00:00","CAPE","surface",-72.4376,19.2968,602
"2026-09-09 18:00:00","2026-09-10 09:00:00","CAPE","surface",-72.4137,19.2968,621
"2026-09-09 18:00:00","2026-09-10 09:00:00","CAPE","surface",-72.3897,19.2968,562
"2026-09-09 18:00:00","2026-09-10 09:00:00","CAPE","surface",-72.3658,19.2968,521
"2026-09-09 18:00:00","2026-09-10 09:00:00","CAPE","surface",-72.3419,19.2968,523
"2026-09-09 18:00:00","2026-09-10 09:00:00","CAPE","surface",-72.318,19.2968,549
"2026-09-09 18:00:00","2026-09-10 09:00:00","CAPE","surface",-72.294,19.2968,554
"2026-09-09 18:00:00","2026-09-10 09:00:00","CAPE","surface",-72.2701,19.2968,525
"2026-09-09 18:00:00","2026-09-10 09:00:00","CAPE","surface",-72.2462,19.2968,491
"2026-09-09 18:00:00","2026-09-10 09:00:00","CAPE","surface",-72.2223,19.2968,451
"2026-09-09 18:00:00","2026-09-10 09:00:00","CAPE","surface",-72.1983,19.2968,463
"2026-09-09 18:00:00","2026-09-10 09:00:00","CAPE","surface",-72.1744,19.2968,479
"2026-09-09 18:00:00","2026-09-10 09:00:00","CAPE","surface",-72.1505,19.2968,439
"2026-09-09 18:00:00","2026-09-10 09:00:00","CAPE","surface",-72.1266,19.2968,465
"2026-09-09 18:00:00","2026-09-10 09:00:00","CAPE","surface",-72.1026,19.2968,475
"2026-09-09 18:00:00","2026-09-10 09:00:00","CAPE","surface",-72.0787,19.2968,475
"2026-09-09 18:00:00","2026-09-10 09:00:00","CAPE","surface",-72.0548,19.2968,532
"2026-09-09 18:00:00","2026-09-10 09:00:00","CAPE","surface",-72.0309,19.2968,511
"2026-09-09 18:00:00","2026-09-10 09:00:00","CAPE","surface",-72.0069,19.2968,430
"2026-09-09 18:00:00","2026-09-10 09:00:00","CAPE","surface",-71.983,19.2968,415
"2026-09-09 18:00:00","2026-09-10 09:00:00","CAPE","surface",-71.9591,19.2968,389
"2026-09-09 18:00:00","2026-09-10 09:00:00","CAPE","surface",-71.9352,19.2968,352
"2026-09-09 18:00:00","2026-09-10 09:00:00","CAPE","surface",-71.9112,19.2968,345
"2026-09-09 18:00:00","2026-09-10 09:00:00","CAPE","surface",-71.8873,19.2968,360
"2026-09-09 18:00:00","2026-09-10 09:00:00","CAPE","surface",-71.8634,19.2968,389
"2026-09-09 18:00:00","2026-09-10 09:00:00","CAPE","surface",-71.8395,19.2968,397
"2026-09-09 18:00:00","2026-09-10 09:00:00","CAPE","surface",-71.8155,19.2968,430
"2026-09-09 18:00:00","2026-09-10 09:00:00","CAPE","surface",-71.7916,19.2968,515
"2026-09-09 18:00:00","2026-09-10 09:00:00","CAPE","surface",-71.7677,19.2968,581
"2026-09-09 18:00:00","2026-09-10 09:00:00","CAPE","surface",-71.7438,19.2968,572
"2026-09-09 18:00:00","2026-09-10 09:00:00","CAPE","surface",-71.7198,19.2968,572
"2026-09-09 18:00:00","2026-09-10 09:00:00","CAPE","surface",-71.6959,19.2968,653
"2026-09-09 18:00:00","2026-09-10 09:00:00","CAPE","surface",-71.672,19.2968,649
"2026-09-09 18:00:00","2026-09-10 09:00:00","CAPE","surface",-71.6481,19.2968,619
"2026-09-09 18:00:00","2026-09-10 09:00:00","CAPE","surface",-71.6241,19.2968,605
"2026-09-09 18:00:00","2026-09-10 09:00:00","CAPE","surface",-71.6002,19.2968,619
"2026-09-09 18:00:00","2026-09-10 09:00:00","CAPE","surface",-71.5763,19.2968,594
"2026-09-09 18:00:00","2026-09-10 09:00:00","CAPE","surface",-71.5524,19.2968,572
"2026-09-09 18:00:00","2026-09-10 09:00:00","CAPE","surface",-71.5284,19.2968,594
"2026-09-09 18:00:00","2026-09-10 09:00:00","CAPE","surface",-71.5045,19.2968,622
"2026-09-09 18:00:00","2026-09-10 09:00:00","CAPE","surface",-71.4806,19.2968,609
"2026-09-09 18:00:00","2026-09-10 09:00:00","CAPE","surface",-71.4567,19.2968,641
"2026-09-09 18:00:00","2026-09-10 09:00:00","CAPE","surface",-71.4327,19.2968,638
"2026-09-09 18:00:00","2026-09-10 09:00:00","CAPE","surface",-71.4088,19.2968,662
"2026-09-09 18:00:00","2026-09-10 09:00:00","CAPE","surface",-71.3849,19.2968,632
"2026-09-09 18:00:00","2026-09-10 09:00:00","CAPE","surface",-71.361,19.2968,687
"2026-09-09 18:00:00","2026-09-10 09:00:00","CAPE","surface",-71.337,19.2968,780
"2026-09-09 18:00:00","2026-09-10 09:00:00","CAPE","surface",-71.3131,19.2968,458
"2026-09-09 18:00:00","2026-09-10 09:00:00","CAPE","surface",-71.2892,19.2968,451
"2026-09-09 18:00:00","2026-09-10 09:00:00","CAPE","surface",-71.2653,19.2968,451
"2026-09-09 18:00:00","2026-09-10 09:00:00","CAPE","surface",-71.2413,19.2968,739
"2026-09-09 18:00:00","2026-09-10 09:00:00","CAPE","surface",-71.2174,19.2968,402
"2026-09-09 18:00:00","2026-09-10 09:00:00","CAPE","surface",-71.1935,19.2968,173
"2026-09-09 18:00:00","2026-09-10 09:00:00","CAPE","surface",-71.1696,19.2968,84
"2026-09-09 18:00:00","2026-09-10 09:00:00","CAPE","surface",-71.1456,19.2968,34
"2026-09-09 18:00:00","2026-09-10 09:00:00","CAPE","surface",-71.1217,19.2968,175
"2026-09-09 18:00:00","2026-09-10 09:00:00","CAPE","surface",-71.0978,19.2968,149
"2026-09-09 18:00:00","2026-09-10 09:00:00","CAPE","surface",-71.0739,19.2968,255
"2026-09-09 18:00:00","2026-09-10 09:00:00","CAPE","surface",-71.0499,19.2968,249
"2026-09-09 18:00:00","2026-09-10 09:00:00","CAPE","surface",-71.026,19.2968,385
"2026-09-09 18:00:00","2026-09-10 09:00:00","CAPE","surface",-71.0021,19.2968,385
"2026-09-09 18:00:00","2026-09-10 09:00:00","CAPE","surface",-70.9782,19.2968,477
"2026-09-09 18:00:00","2026-09-10 09:00:00","CAPE","surface",-70.9542,19.2968,470
"2026-09-09 18:00:00","2026-09-10 09:00:00","CAPE","surface",-70.9303,19.2968,540
"2026-09-09 18:00:00","2026-09-10 09:00:00","CAPE","surface",-70.9064,19.2968,539
"2026-09-09 18:00:00","2026-09-10 09:00:00","CAPE","surface",-70.8825,19.2968,601
"2026-09-09 18:00:00","2026-09-10 09:00:00","CAPE","surface",-70.8585,19.2968,592
"2026-09-09 18:00:00","2026-09-10 09:00:00","CAPE","surface",-70.8346,19.2968,592
"2026-09-09 18:00:00","2026-09-10 09:00:00","CAPE","surface",-70.8107,19.2968,592
"2026-09-09 18:00:00","2026-09-10 09:00:00","CAPE","surface",-70.7868,19.2968,631
"2026-09-09 18:00:00","2026-09-10 09:00:00","CAPE","surface",-70.7628,19.2968,742
"2026-09-09 18:00:00","2026-09-10 09:00:00","CAPE","surface",-70.7389,19.2968,720
"2026-09-09 18:00:00","2026-09-10 09:00:00","CAPE","surface",-70.715,19.2968,866
"2026-09-09 18:00:00","2026-09-10 09:00:00","CAPE","surface",-70.6911,19.2968,866
"2026-09-09 18:00:00","2026-09-10 09:00:00","CAPE","surface",-70.6671,19.2968,1023
"2026-09-09 18:00:00","2026-09-10 09:00:00","CAPE","surface",-70.6432,19.2968,1059
"2026-09-09 18:00:00","2026-09-10 09:00:00","CAPE","surface",-70.6193,19.2968,1116
"2026-09-09 18:00:00","2026-09-10 09:00:00","CAPE","surface",-70.5954,19.2968,1116
"2026-09-09 18:00:00","2026-09-10 09:00:00","CAPE","surface",-70.5714,19.2968,1256
"2026-09-09 18:00:00","2026-09-10 09:00:00","CAPE","surface",-70.5475,19.2968,1301
"2026-09-09 18:00:00","2026-09-10 09:00:00","CAPE","surface",-70.5236,19.2968,1454
"2026-09-09 18:00:00","2026-09-10 09:00:00","CAPE","surface",-70.4997,19.2968,1461
"2026-09-09 18:00:00","2026-09-10 09:00:00","CAPE","surface",-70.4757,19.2968,1481
"2026-09-09 18:00:00","2026-09-10 09:00:00","CAPE","surface",-70.4518,19.2968,1414
"2026-09-09 18:00:00","2026-09-10 09:00:00","CAPE","surface",-70.4279,19.2968,1433
"2026-09-09 18:00:00","2026-09-10 09:00:00","CAPE","surface",-70.404,19.2968,1387
"2026-09-09 18:00:00","2026-09-10 09:00:00","CAPE","surface",-70.38,19.2968,1406
"2026-09-09 18:00:00","2026-09-10 09:00:00","CAPE","surface",-70.3561,19.2968,1366
"2026-09-09 18:00:00","2026-09-10 09:00:00","CAPE","surface",-70.3322,19.2968,1366
"2026-09-09 18:00:00","2026-09-10 09:00:00","CAPE","surface",-70.3083,19.2968,1470
"2026-09-09 18:00:00","2026-09-10 09:00:00","CAPE","surface",-70.2843,19.2968,1485
"2026-09-09 18:00:00","2026-09-10 09:00:00","CAPE","surface",-70.2604,19.2968,1614
"2026-09-09 18:00:00","2026-09-10 09:00:00","CAPE","surface",-70.2365,19.2968,1635
"2026-09-09 18:00:00","2026-09-10 09:00:00","CAPE","surface",-70.2126,19.2968,1680
"2026-09-09 18:00:00","2026-09-10 09:00:00","CAPE","surface",-70.1886,19.2968,1693
"2026-09-09 18:00:00","2026-09-10 09:00:00","CAPE","surface",-70.1647,19.2968,1712
"2026-09-09 18:00:00","2026-09-10 09:00:00","CAPE","surface",-70.1408,19.2968,1714
"2026-09-09 18:00:00","2026-09-10 09:00:00","CAPE","surface",-70.1169,19.2968,1722
"2026-09-09 18:00:00","2026-09-10 09:00:00","CAPE","surface",-70.0929,19.2968,1765
"2026-09-09 18:00:00","2026-09-10 09:00:00","CAPE","surface",-70.069,19.2968,1725
"2026-09-09 18:00:00","2026-09-10 09:00:00","CAPE","surface",-70.0451,19.2968,1868
"2026-09-09 18:00:00","2026-09-10 09:00:00","CAPE","surface",-70.0212,19.2968,1811
"2026-09-09 18:00:00","2026-09-10 09:00:00","CAPE","surface",-69.9972,19.2968,2020
"2026-09-09 18:00:00","2026-09-10 09:00:00","CAPE","surface",-69.9733,19.2968,1998
"2026-09-09 18:00:00","2026-09-10 09:00:00","CAPE","surface",-69.9494,19.2968,2128
"2026-09-09 18:00:00","2026-09-10 09:00:00","CAPE","surface",-69.9255,19.2968,2251
"2026-09-09 18:00:00","2026-09-10 09:00:00","CAPE","surface",-69.9015,19.2968,2187
"2026-09-09 18:00:00","2026-09-10 09:00:00","CAPE","surface",-69.8776,19.2968,2250
"2026-09-09 18:00:00","2026-09-10 09:00:00","CAPE","surface",-69.8537,19.2968,2173
"2026-09-09 18:00:00","2026-09-10 09:00:00","CAPE","surface",-69.8298,19.2968,2312
"2026-09-09 18:00:00","2026-09-10 09:00:00","CAPE","surface",-69.8058,19.2968,2174
"2026-09-09 18:00:00","2026-09-10 09:00:00","CAPE","surface",-69.7819,19.2968,2305
"2026-09-09 18:00:00","2026-09-10 09:00:00","CAPE","surface",-69.758,19.2968,2038
"2026-09-09 18:00:00","2026-09-10 09:00:00","CAPE","surface",-69.7341,19.2968,1381
"2026-09-09 18:00:00","2026-09-10 09:00:00","CAPE","surface",-69.7101,19.2968,1381
"2026-09-09 18:00:00","2026-09-10 09:00:00","CAPE","surface",-69.6862,19.2968,1111
"2026-09-09 18:00:00","2026-09-10 09:00:00","CAPE","surface",-69.6623,19.2968,616
"2026-09-09 18:00:00","2026-09-10 09:00:00","CAPE","surface",-69.6384,19.2968,683
"2026-09-09 18:00:00","2026-09-10 09:00:00","CAPE","surface",-69.6144,19.2968,312
"2026-09-09 18:00:00","2026-09-10 09:00:00","CAPE","surface",-69.5905,19.2968,459
"2026-09-09 18:00:00","2026-09-10 09:00:00","CAPE","surface",-69.5666,19.2968,1108
"2026-09-09 18:00:00","2026-09-10 09:00:00","CAPE","surface",-69.5427,19.2968,1306
"2026-09-09 18:00:00","2026-09-10 09:00:00","CAPE","surface",-69.5187,19.2968,1379
"2026-09-09 18:00:00","2026-09-10 09:00:00","CAPE","surface",-69.4948,19.2968,1371
"2026-09-09 18:00:00","2026-09-10 09:00:00","CAPE","surface",-69.4709,19.2968,1431
"2026-09-09 18:00:00","2026-09-10 09:00:00","CAPE","surface",-69.447,19.2968,1593
"2026-09-09 18:00:00","2026-09-10 09:00:00","CAPE","surface",-69.423,19.2968,2048
"2026-09-09 18:00:00","2026-09-10 09:00:00","CAPE","surface",-69.3991,19.2968,2287
"2026-09-09 18:00:00","2026-09-10 09:00:00","CAPE","surface",-69.3752,19.2968,2371
"2026-09-09 18:00:00","2026-09-10 09:00:00","CAPE","surface",-69.3513,19.2968,2627
"2026-09-09 18:00:00","2026-09-10 09:00:00","CAPE","surface",-69.3273,19.2968,2608
"2026-09-09 18:00:00","2026-09-10 09:00:00","CAPE","surface",-69.3034,19.2968,2555
"2026-09-09 18:00:00","2026-09-10 09:00:00","CAPE","surface",-69.2795,19.2968,2521
"2026-09-09 18:00:00","2026-09-10 09:00:00","CAPE","surface",-69.2556,19.2968,2564
"2026-09-09 18:00:00","2026-09-10 09:00:00","CAPE","surface",-69.2316,19.2968,2689
"2026-09-09 18:00:00","2026-09-10 09:00:00","CAPE","surface",-69.2077,19.2968,2813
"2026-09-09 18:00:00","2026-09-10 09:00:00","CAPE","surface",-69.1838,19.2968,2806
"2026-09-09 18:00:00","2026-09-10 09:00:00","CAPE","surface",-69.1599,19.2968,2715
"2026-09-09 18:00:00","2026-09-10 09:00:00","CAPE","surface",-69.1359,19.2968,2737
"2026-09-09 18:00:00","2026-09-10 09:00:00","CAPE","surface",-69.112,19.2968,2724
"2026-09-09 18:00:00","2026-09-10 09:00:00","CAPE","surface",-69.0881,19.2968,2689
"2026-09-09 18:00:00","2026-09-10 09:00:00","CAPE","surface",-69.0642,19.2968,2725
"2026-09-09 18:00:00","2026-09-10 09:00:00","CAPE","surface",-69.0402,19.2968,2892
"2026-09-09 18:00:00","2026-09-10 09:00:00","CAPE","surface",-69.0163,19.2968,2883
"2026-09-09 18:00:00","2026-09-10 09:00:00","CAPE","surface",-68.9924,19.2968,2702
"2026-09-09 18:00:00","2026-09-10 09:00:00","CAPE","surface",-68.9685,19.2968,2632
"2026-09-09 18:00:00","2026-09-10 09:00:00","CAPE","surface",-68.9445,19.2968,3000
"2026-09-09 18:00:00","2026-09-10 09:00:00","CAPE","surface",-68.9206,19.2968,3205
"2026-09-09 18:00:00","2026-09-10 09:00:00","CAPE","surface",-68.8967,19.2968,3223
"2026-09-09 18:00:00","2026-09-10 09:00:00","CAPE","surface",-68.8728,19.2968,3374
"2026-09-09 18:00:00","2026-09-10 09:00:00","CAPE","surface",-68.8488,19.2968,3247
"2026-09-09 18:00:00","2026-09-10 09:00:00","CAPE","surface",-68.8249,19.2968,2973
"2026-09-09 18:00:00","2026-09-10 09:00:00","CAPE","surface",-68.801,19.2968,2409
"2026-09-09 18:00:00","2026-09-10 09:00:00","CAPE","surface",-68.7771,19.2968,2675
"2026-09-09 18:00:00","2026-09-10 09:00:00","CAPE","surface",-68.7531,19.2968,2111
"2026-09-09 18:00:00","2026-09-10 09:00:00","CAPE","surface",-68.7292,19.2968,1901
"2026-09-09 18:00:00","2026-09-10 09:00:00","CAPE","surface",-68.7053,19.2968,1838
"2026-09-09 18:00:00","2026-09-10 09:00:00","CAPE","surface",-68.6813,19.2968,1838
"2026-09-09 18:00:00","2026-09-10 09:00:00","CAPE","surface",-68.6574,19.2968,1842
"2026-09-09 18:00:00","2026-09-10 09:00:00","CAPE","surface",-68.6335,19.2968,1774
"2026-09-09 18:00:00","2026-09-10 09:00:00","CAPE","surface",-68.6096,19.2968,1869
"2026-09-09 18:00:00","2026-09-10 09:00:00","CAPE","surface",-68.5856,19.2968,1869
"2026-09-09 18:00:00","2026-09-10 09:00:00","CAPE","surface",-68.5617,19.2968,1975
"2026-09-09 18:00:00","2026-09-10 09:00:00","CAPE","surface",-68.5378,19.2968,1925
"2026-09-09 18:00:00","2026-09-10 09:00:00","CAPE","surface",-68.5139,19.2968,2042
"2026-09-09 18:00:00","2026-09-10 09:00:00","CAPE","surface",-68.4899,19.2968,2195
"2026-09-09 18:00:00","2026-09-10 09:00:00","CAPE","surface",-68.466,19.2968,2195
"2026-09-09 18:00:00","2026-09-10 09:00:00","CAPE","surface",-68.4421,19.2968,2402
"2026-09-09 18:00:00","2026-09-10 09:00:00","CAPE","surface",-68.4182,19.2968,2413
"2026-09-09 18:00:00","2026-09-10 09:00:00","CAPE","surface",-68.3942,19.2968,2684
"2026-09-09 18:00:00","2026-09-10 09:00:00","CAPE","surface",-68.3703,19.2968,2684
"2026-09-09 18:00:00","2026-09-10 09:00:00","CAPE","surface",-68.3464,19.2968,2984
"2026-09-09 18:00:00","2026-09-10 09:00:00","CAPE","surface",-68.3225,19.2968,3035
"2026-09-09 18:00:00","2026-09-10 09:00:00","CAPE","surface",-68.2985,19.2968,3312
"2026-09-09 18:00:00","2026-09-10 09:00:00","CAPE","surface",-68.2746,19.2968,3525
"2026-09-09 18:00:00","2026-09-10 09:00:00","CAPE","surface",-68.2507,19.2968,3595
"2026-09-09 18:00:00","2026-09-10 09:00:00","CAPE","surface",-68.2268,19.2968,3584
"2026-09-09 18:00:00","2026-09-10 09:00:00","CAPE","surface",-68.2028,19.2968,3629
"2026-09-09 18:00:00","2026-09-10 09:00:00","CAPE","surface",-68.1789,19.2968,3318
"2026-09-09 18:00:00","2026-09-10 09:00:00","CAPE","surface",-68.155,19.2968,3430
"2026-09-09 18:00:00","2026-09-10 09:00:00","CAPE","surface",-68.1311,19.2968,3292
"2026-09-09 18:00:00","2026-09-10 09:00:00","CAPE","surface",-68.1071,19.2968,3364
"2026-09-09 18:00:00","2026-09-10 09:00:00","CAPE","surface",-68.0832,19.2968,3340
"2026-09-09 18:00:00","2026-09-10 09:00:00","CAPE","surface",-68.0593,19.2968,3534
"2026-09-09 18:00:00","2026-09-10 09:00:00","CAPE","surface",-68.0354,19.2968,3647
"2026-09-09 18:00:00","2026-09-10 09:00:00","CAPE","surface",-68.0114,19.2968,3545
"2026-09-09 18:00:00","2026-09-10 09:00:00","CAPE","surface",-67.9875,19.2968,3545
"2026-09-09 18:00:00","2026-09-10 09:00:00","CAPE","surface",-67.9636,19.2968,2999
"2026-09-09 18:00:00","2026-09-10 09:00:00","CAPE","surface",-67.9397,19.2968,3102
"2026-09-09 18:00:00","2026-09-10 09:00:00","CAPE","surface",-67.9157,19.2968,2887
"2026-09-09 18:00:00","2026-09-10 09:00:00","CAPE","surface",-67.8918,19.2968,2903
"2026-09-09 18:00:00","2026-09-10 09:00:00","CAPE","surface",-67.8679,19.2968,2903
"2026-09-09 18:00:00","2026-09-10 09:00:00","CAPE","surface",-67.844,19.2968,2904
"2026-09-09 18:00:00","2026-09-10 09:00:00","CAPE","surface",-67.82,19.2968,2884
"2026-09-09 18:00:00","2026-09-10 09:00:00","CAPE","surface",-67.7961,19.2968,2870
"2026-09-09 18:00:00","2026-09-10 09:00:00","CAPE","surface",-67.7722,19.2968,2870
"2026-09-09 18:00:00","2026-09-10 09:00:00","CAPE","surface",-67.7483,19.2968,2932
"2026-09-09 18:00:00","2026-09-10 09:00:00","CAPE","surface",-67.7243,19.2968,2862
"2026-09-09 18:00:00","2026-09-10 09:00:00","CAPE","surface",-67.7004,19.2968,3007
"2026-09-09 18:00:00","2026-09-10 09:00:00","CAPE","surface",-67.6765,19.2968,3301
"2026-09-09 18:00:00","2026-09-10 09:00:00","CAPE","surface",-67.6526,19.2968,3250
"2026-09-09 18:00:00","2026-09-10 09:00:00","CAPE","surface",-67.6286,19.2968,3414
"2026-09-09 18:00:00","2026-09-10 09:00:00","CAPE","surface",-67.6047,19.2968,3395
"2026-09-09 18:00:00","2026-09-10 09:00:00","CAPE","surface",-67.5808,19.2968,3498
"2026-09-09 18:00:00","2026-09-10 09:00:00","CAPE","surface",-67.5569,19.2968,3544
"2026-09-09 18:00:00","2026-09-10 09:00:00","CAPE","surface",-67.5329,19.2968,3510
"2026-09-09 18:00:00","2026-09-10 09:00:00","CAPE","surface",-67.509,19.2968,3106
"2026-09-09 18:00:00","2026-09-10 09:00:00","CAPE","surface",-67.4851,19.2968,3106
"2026-09-09 18:00:00","2026-09-10 09:00:00","CAPE","surface",-67.4612,19.2968,2883
"2026-09-09 18:00:00","2026-09-10 09:00:00","CAPE","surface",-67.4372,19.2968,2907
"2026-09-09 18:00:00","2026-09-10 09:00:00","CAPE","surface",-67.4133,19.2968,2834
"2026-09-09 18:00:00","2026-09-10 09:00:00","CAPE","surface",-67.3894,19.2968,2834
"2026-09-09 18:00:00","2026-09-10 09:00:00","CAPE","surface",-67.3655,19.2968,2863
"2026-09-09 18:00:00","2026-09-10 09:00:00","CAPE","surface",-67.3415,19.2968,2938
"2026-09-09 18:00:00","2026-09-10 09:00:00","CAPE","surface",-67.3176,19.2968,3016
"2026-09-09 18:00:00","2026-09-10 09:00:00","CAPE","surface",-67.2937,19.2968,2986
"2026-09-09 18:00:00","2026-09-10 09:00:00","CAPE","surface",-67.2698,19.2968,3037
"2026-09-09 18:00:00","2026-09-10 09:00:00","CAPE","surface",-67.2458,19.2968,2978
"2026-09-09 18:00:00","2026-09-10 09:00:00","CAPE","surface",-67.2219,19.2968,2921
"2026-09-09 18:00:00","2026-09-10 09:00:00","CAPE","surface",-67.198,19.2968,2840
"2026-09-09 18:00:00","2026-09-10 09:00:00","CAPE","surface",-67.1741,19.2968,2820
"2026-09-09 18:00:00","2026-09-10 09:00:00","CAPE","surface",-67.1501,19.2968,2804
"2026-09-09 18:00:00","2026-09-10 09:00:00","CAPE","surface",-67.1262,19.2968,2792
"2026-09-09 18:00:00","2026-09-10 09:00:00","CAPE","surface",-67.1023,19.2968,2792
"2026-09-09 18:00:00","2026-09-10 09:00:00","CAPE","surface",-67.0784,19.2968,2725
"2026-09-09 18:00:00","2026-09-10 09:00:00","CAPE","surface",-67.0544,19.2968,2702
"2026-09-09 18:00:00","2026-09-10 09:00:00","CAPE","surface",-67.0305,19.2968,2658
"2026-09-09 18:00:00","2026-09-10 09:00:00","CAPE","surface",-67.0066,19.2968,2658
"2026-09-09 18:00:00","2026-09-10 09:00:00","CAPE","surface",-74.7822,19.3193,2198
"2026-09-09 18:00:00","2026-09-10 09:00:00","CAPE","surface",-74.7583,19.3193,2186
"2026-09-09 18:00:00","2026-09-10 09:00:00","CAPE","surface",-74.7344,19.3193,2293
"2026-09-09 18:00:00","2026-09-10 09:00:00","CAPE","surface",-74.7105,19.3193,2292
"2026-09-09 18:00:00","2026-09-10 09:00:00","CAPE","surface",-74.6865,19.3193,2415
"2026-09-09 18:00:00","2026-09-10 09:00:00","CAPE","surface",-74.6626,19.3193,2412
"2026-09-09 18:00:00","2026-09-10 09:00:00","CAPE","surface",-74.6387,19.3193,2517
"2026-09-09 18:00:00","2026-09-10 09:00:00","CAPE","surface",-74.6148,19.3193,2530
"2026-09-09 18:00:00","2026-09-10 09:00:00","CAPE","surface",-74.5908,19.3193,2644
"2026-09-09 18:00:00","2026-09-10 09:00:00","CAPE","surface",-74.5669,19.3193,2663
"2026-09-09 18:00:00","2026-09-10 09:00:00","CAPE","surface",-74.543,19.3193,2756
"2026-09-09 18:00:00","2026-09-10 09:00:00","CAPE","surface",-74.5191,19.3193,2779
"2026-09-09 18:00:00","2026-09-10 09:00:00","CAPE","surface",-74.4951,19.3193,2953
"2026-09-09 18:00:00","2026-09-10 09:00:00","CAPE","surface",-74.4712,19.3193,2969
"2026-09-09 18:00:00","2026-09-10 09:00:00","CAPE","surface",-74.4473,19.3193,2978
"2026-09-09 18:00:00","2026-09-10 09:00:00","CAPE","surface",-74.4234,19.3193,2989
"2026-09-09 18:00:00","2026-09-10 09:00:00","CAPE","surface",-74.3994,19.3193,2953
"2026-09-09 18:00:00","2026-09-10 09:00:00","CAPE","surface",-74.3755,19.3193,2959
"2026-09-09 18:00:00","2026-09-10 09:00:00","CAPE","surface",-74.3516,19.3193,2987
"2026-09-09 18:00:00","2026-09-10 09:00:00","CAPE","surface",-74.3277,19.3193,2966
"2026-09-09 18:00:00","2026-09-10 09:00:00","CAPE","surface",-74.3037,19.3193,2997
"2026-09-09 18:00:00","2026-09-10 09:00:00","CAPE","surface",-74.2798,19.3193,2997
"2026-09-09 18:00:00","2026-09-10 09:00:00","CAPE","surface",-74.2559,19.3193,2927
"2026-09-09 18:00:00","2026-09-10 09:00:00","CAPE","surface",-74.232,19.3193,2878
"2026-09-09 18:00:00","2026-09-10 09:00:00","CAPE","surface",-74.208,19.3193,2894
"2026-09-09 18:00:00","2026-09-10 09:00:00","CAPE","surface",-74.1841,19.3193,2837
"2026-09-09 18:00:00","2026-09-10 09:00:00","CAPE","surface",-74.1602,19.3193,2805
"2026-09-09 18:00:00","2026-09-10 09:00:00","CAPE","surface",-74.1363,19.3193,2805
"2026-09-09 18:00:00","2026-09-10 09:00:00","CAPE","surface",-74.1123,19.3193,2785
"2026-09-09 18:00:00","2026-09-10 09:00:00","CAPE","surface",-74.0884,19.3193,2715
"2026-09-09 18:00:00","2026-09-10 09:00:00","CAPE","surface",-74.0645,19.3193,2650
"2026-09-09 18:00:00","2026-09-10 09:00:00","CAPE","surface",-74.0406,19.3193,2624
"2026-09-09 18:00:00","2026-09-10 09:00:00","CAPE","surface",-74.0166,19.3193,2523
"2026-09-09 18:00:00","2026-09-10 09:00:00","CAPE","surface",-73.9927,19.3193,2579
"2026-09-09 18:00:00","2026-09-10 09:00:00","CAPE","surface",-73.9688,19.3193,2625
"2026-09-09 18:00:00","2026-09-10 09:00:00","CAPE","surface",-73.9449,19.3193,2558
"2026-09-09 18:00:00","2026-09-10 09:00:00","CAPE","surface",-73.9209,19.3193,2197
"2026-09-09 18:00:00","2026-09-10 09:00:00","CAPE","surface",-73.897,19.3193,2089
"2026-09-09 18:00:00","2026-09-10 09:00:00","CAPE","surface",-73.8731,19.3193,2089
"2026-09-09 18:00:00","2026-09-10 09:00:00","CAPE","surface",-73.8492,19.3193,1984
"2026-09-09 18:00:00","2026-09-10 09:00:00","CAPE","surface",-73.8252,19.3193,1953
"2026-09-09 18:00:00","2026-09-10 09:00:00","CAPE","surface",-73.8013,19.3193,1887
"2026-09-09 18:00:00","2026-09-10 09:00:00","CAPE","surface",-73.7774,19.3193,1847
"2026-09-09 18:00:00","2026-09-10 09:00:00","CAPE","surface",-73.7535,19.3193,1859
"2026-09-09 18:00:00","2026-09-10 09:00:00","CAPE","surface",-73.7295,19.3193,1850
"2026-09-09 18:00:00","2026-09-10 09:00:00","CAPE","surface",-73.7056,19.3193,1818
"2026-09-09 18:00:00","2026-09-10 09:00:00","CAPE","surface",-73.6817,19.3193,1799
"2026-09-09 18:00:00","2026-09-10 09:00:00","CAPE","surface",-73.6578,19.3193,1725
"2026-09-09 18:00:00","2026-09-10 09:00:00","CAPE","surface",-73.6338,19.3193,1730
"2026-09-09 18:00:00","2026-09-10 09:00:00","CAPE","surface",-73.6099,19.3193,1675
"2026-09-09 18:00:00","2026-09-10 09:00:00","CAPE","surface",-73.586,19.3193,1670
"2026-09-09 18:00:00","2026-09-10 09:00:00","CAPE","surface",-73.5621,19.3193,1637
"2026-09-09 18:00:00","2026-09-10 09:00:00","CAPE","surface",-73.5381,19.3193,1676
"2026-09-09 18:00:00","2026-09-10 09:00:00","CAPE","surface",-73.5142,19.3193,1820
"2026-09-09 18:00:00","2026-09-10 09:00:00","CAPE","surface",-73.4903,19.3193,1820
"2026-09-09 18:00:00","2026-09-10 09:00:00","CAPE","surface",-73.4664,19.3193,1927
"2026-09-09 18:00:00","2026-09-10 09:00:00","CAPE","surface",-73.4424,19.3193,1965
"2026-09-09 18:00:00","2026-09-10 09:00:00","CAPE","surface",-73.4185,19.3193,2080
"2026-09-09 18:00:00","2026-09-10 09:00:00","CAPE","surface",-73.3946,19.3193,2183
"2026-09-09 18:00:00","2026-09-10 09:00:00","CAPE","surface",-73.3707,19.3193,2247
"2026-09-09 18:00:00","2026-09-10 09:00:00","CAPE","surface",-73.3467,19.3193,2338
"2026-09-09 18:00:00","2026-09-10 09:00:00","CAPE","surface",-73.3228,19.3193,2322
"2026-09-09 18:00:00","2026-09-10 09:00:00","CAPE","surface",-73.2989,19.3193,2324
"2026-09-09 18:00:00","2026-09-10 09:00:00","CAPE","surface",-73.275,19.3193,2200
"2026-09-09 18:00:00","2026-09-10 09:00:00","CAPE","surface",-73.251,19.3193,2200
"2026-09-09 18:00:00","2026-09-10 09:00:00","CAPE","surface",-73.2271,19.3193,2143
"2026-09-09 18:00:00","2026-09-10 09:00:00","CAPE","surface",-73.2032,19.3193,2249
"2026-09-09 18:00:00","2026-09-10 09:00:00","CAPE","surface",-73.1793,19.3193,2308
"2026-09-09 18:00:00","2026-09-10 09:00:00","CAPE","surface",-73.1553,19.3193,2276
"2026-09-09 18:00:00","2026-09-10 09:00:00","CAPE","surface",-73.1314,19.3193,2053
"2026-09-09 18:00:00","2026-09-10 09:00:00","CAPE","surface",-73.1075,19.3193,1943
"2026-09-09 18:00:00","2026-09-10 09:00:00","CAPE","surface",-73.0836,19.3193,1930
"2026-09-09 18:00:00","2026-09-10 09:00:00","CAPE","surface",-73.0596,19.3193,1854
"2026-09-09 18:00:00","2026-09-10 09:00:00","CAPE","surface",-73.0357,19.3193,1830
"2026-09-09 18:00:00","2026-09-10 09:00:00","CAPE","surface",-73.0118,19.3193,1785
"2026-09-09 18:00:00","2026-09-10 09:00:00","CAPE","surface",-72.9879,19.3193,1785
"2026-09-09 18:00:00","2026-09-10 09:00:00","CAPE","surface",-72.9639,19.3193,1687
"2026-09-09 18:00:00","2026-09-10 09:00:00","CAPE","surface",-72.94,19.3193,1699
"2026-09-09 18:00:00","2026-09-10 09:00:00","CAPE","surface",-72.9161,19.3193,1602
"2026-09-09 18:00:00","2026-09-10 09:00:00","CAPE","surface",-72.8922,19.3193,1578
"2026-09-09 18:00:00","2026-09-10 09:00:00","CAPE","surface",-72.8682,19.3193,1515
"2026-09-09 18:00:00","2026-09-10 09:00:00","CAPE","surface",-72.8443,19.3193,1496
"2026-09-09 18:00:00","2026-09-10 09:00:00","CAPE","surface",-72.8204,19.3193,1407
"2026-09-09 18:00:00","2026-09-10 09:00:00","CAPE","surface",-72.7965,19.3193,1398
"2026-09-09 18:00:00","2026-09-10 09:00:00","CAPE","surface",-72.7725,19.3193,1306
"2026-09-09 18:00:00","2026-09-10 09:00:00","CAPE","surface",-72.7486,19.3193,1306
"2026-09-09 18:00:00","2026-09-10 09:00:00","CAPE","surface",-72.7247,19.3193,966
"2026-09-09 18:00:00","2026-09-10 09:00:00","CAPE","surface",-72.7008,19.3193,757
"2026-09-09 18:00:00","2026-09-10 09:00:00","CAPE","surface",-72.6768,19.3193,593
"2026-09-09 18:00:00","2026-09-10 09:00:00","CAPE","surface",-72.6529,19.3193,670
"2026-09-09 18:00:00","2026-09-10 09:00:00","CAPE","surface",-72.629,19.3193,652
"2026-09-09 18:00:00","2026-09-10 09:00:00","CAPE","surface",-72.6051,19.3193,659
"2026-09-09 18:00:00","2026-09-10 09:00:00","CAPE","surface",-72.5811,19.3193,669
"2026-09-09 18:00:00","2026-09-10 09:00:00","CAPE","surface",-72.5572,19.3193,623
"2026-09-09 18:00:00","2026-09-10 09:00:00","CAPE","surface",-72.5333,19.3193,592
"2026-09-09 18:00:00","2026-09-10 09:00:00","CAPE","surface",-72.5094,19.3193,546
"2026-09-09 18:00:00","2026-09-10 09:00:00","CAPE","surface",-72.4854,19.3193,580
"2026-09-09 18:00:00","2026-09-10 09:00:00","CAPE","surface",-72.4615,19.3193,625
"2026-09-09 18:00:00","2026-09-10 09:00:00","CAPE","surface",-72.4376,19.3193,605
"2026-09-09 18:00:00","2026-09-10 09:00:00","CAPE","surface",-72.4137,19.3193,607
"2026-09-09 18:00:00","2026-09-10 09:00:00","CAPE","surface",-72.3897,19.3193,607
"2026-09-09 18:00:00","2026-09-10 09:00:00","CAPE","surface",-72.3658,19.3193,574
"2026-09-09 18:00:00","2026-09-10 09:00:00","CAPE","surface",-72.3419,19.3193,532
"2026-09-09 18:00:00","2026-09-10 09:00:00","CAPE","surface",-72.318,19.3193,569
"2026-09-09 18:00:00","2026-09-10 09:00:00","CAPE","surface",-72.294,19.3193,554
"2026-09-09 18:00:00","2026-09-10 09:00:00","CAPE","surface",-72.2701,19.3193,544
"2026-09-09 18:00:00","2026-09-10 09:00:00","CAPE","surface",-72.2462,19.3193,527
"2026-09-09 18:00:00","2026-09-10 09:00:00","CAPE","surface",-72.2223,19.3193,490
"2026-09-09 18:00:00","2026-09-10 09:00:00","CAPE","surface",-72.1983,19.3193,463
"2026-09-09 18:00:00","2026-09-10 09:00:00","CAPE","surface",-72.1744,19.3193,461
"2026-09-09 18:00:00","2026-09-10 09:00:00","CAPE","surface",-72.1505,19.3193,461
"2026-09-09 18:00:00","2026-09-10 09:00:00","CAPE","surface",-72.1266,19.3193,415
"2026-09-09 18:00:00","2026-09-10 09:00:00","CAPE","surface",-72.1026,19.3193,420
"2026-09-09 18:00:00","2026-09-10 09:00:00","CAPE","surface",-72.0787,19.3193,442
"2026-09-09 18:00:00","2026-09-10 09:00:00","CAPE","surface",-72.0548,19.3193,507
"2026-09-09 18:00:00","2026-09-10 09:00:00","CAPE","surface",-72.0309,19.3193,507
"2026-09-09 18:00:00","2026-09-10 09:00:00","CAPE","surface",-72.0069,19.3193,428
"2026-09-09 18:00:00","2026-09-10 09:00:00","CAPE","surface",-71.983,19.3193,407
"2026-09-09 18:00:00","2026-09-10 09:00:00","CAPE","surface",-71.9591,19.3193,340
"2026-09-09 18:00:00","2026-09-10 09:00:00","CAPE","surface",-71.9352,19.3193,336
"2026-09-09 18:00:00","2026-09-10 09:00:00","CAPE","surface",-71.9112,19.3193,345
"2026-09-09 18:00:00","2026-09-10 09:00:00","CAPE","surface",-71.8873,19.3193,350
"2026-09-09 18:00:00","2026-09-10 09:00:00","CAPE","surface",-71.8634,19.3193,359
"2026-09-09 18:00:00","2026-09-10 09:00:00","CAPE","surface",-71.8395,19.3193,397
"2026-09-09 18:00:00","2026-09-10 09:00:00","CAPE","surface",-71.8155,19.3193,434
"2026-09-09 18:00:00","2026-09-10 09:00:00","CAPE","surface",-71.7916,19.3193,434
"2026-09-09 18:00:00","2026-09-10 09:00:00","CAPE","surface",-71.7677,19.3193,508
"2026-09-09 18:00:00","2026-09-10 09:00:00","CAPE","surface",-71.7438,19.3193,540
"2026-09-09 18:00:00","2026-09-10 09:00:00","CAPE","surface",-71.7198,19.3193,612
"2026-09-09 18:00:00","2026-09-10 09:00:00","CAPE","surface",-71.6959,19.3193,653
"2026-09-09 18:00:00","2026-09-10 09:00:00","CAPE","surface",-71.672,19.3193,637
"2026-09-09 18:00:00","2026-09-10 09:00:00","CAPE","surface",-71.6481,19.3193,602
"2026-09-09 18:00:00","2026-09-10 09:00:00","CAPE","surface",-71.6241,19.3193,619
"2026-09-09 18:00:00","2026-09-10 09:00:00","CAPE","surface",-71.6002,19.3193,583
"2026-09-09 18:00:00","2026-09-10 09:00:00","CAPE","surface",-71.5763,19.3193,574
"2026-09-09 18:00:00","2026-09-10 09:00:00","CAPE","surface",-71.5524,19.3193,530
"2026-09-09 18:00:00","2026-09-10 09:00:00","CAPE","surface",-71.5284,19.3193,554
"2026-09-09 18:00:00","2026-09-10 09:00:00","CAPE","surface",-71.5045,19.3193,576
"2026-09-09 18:00:00","2026-09-10 09:00:00","CAPE","surface",-71.4806,19.3193,609
"2026-09-09 18:00:00","2026-09-10 09:00:00","CAPE","surface",-71.4567,19.3193,613
"2026-09-09 18:00:00","2026-09-10 09:00:00","CAPE","surface",-71.4327,19.3193,613
"2026-09-09 18:00:00","2026-09-10 09:00:00","CAPE","surface",-71.4088,19.3193,635
"2026-09-09 18:00:00","2026-09-10 09:00:00","CAPE","surface",-71.3849,19.3193,632
"2026-09-09 18:00:00","2026-09-10 09:00:00","CAPE","surface",-71.361,19.3193,793
"2026-09-09 18:00:00","2026-09-10 09:00:00","CAPE","surface",-71.337,19.3193,793
"2026-09-09 18:00:00","2026-09-10 09:00:00","CAPE","surface",-71.3131,19.3193,787
"2026-09-09 18:00:00","2026-09-10 09:00:00","CAPE","surface",-71.2892,19.3193,639
"2026-09-09 18:00:00","2026-09-10 09:00:00","CAPE","surface",-71.2653,19.3193,669
"2026-09-09 18:00:00","2026-09-10 09:00:00","CAPE","surface",-71.2413,19.3193,609
"2026-09-09 18:00:00","2026-09-10 09:00:00","CAPE","surface",-71.2174,19.3193,609
"2026-09-09 18:00:00","2026-09-10 09:00:00","CAPE","surface",-71.1935,19.3193,222
"2026-09-09 18:00:00","2026-09-10 09:00:00","CAPE","surface",-71.1696,19.3193,88
"2026-09-09 18:00:00","2026-09-10 09:00:00","CAPE","surface",-71.1456,19.3193,195
"2026-09-09 18:00:00","2026-09-10 09:00:00","CAPE","surface",-71.1217,19.3193,175
"2026-09-09 18:00:00","2026-09-10 09:00:00","CAPE","surface",-71.0978,19.3193,299
"2026-09-09 18:00:00","2026-09-10 09:00:00","CAPE","surface",-71.0739,19.3193,278
"2026-09-09 18:00:00","2026-09-10 09:00:00","CAPE","surface",-71.0499,19.3193,399
"2026-09-09 18:00:00","2026-09-10 09:00:00","CAPE","surface",-71.026,19.3193,385
"2026-09-09 18:00:00","2026-09-10 09:00:00","CAPE","surface",-71.0021,19.3193,482
"2026-09-09 18:00:00","2026-09-10 09:00:00","CAPE","surface",-70.9782,19.3193,482
"2026-09-09 18:00:00","2026-09-10 09:00:00","CAPE","surface",-70.9542,19.3193,544
"2026-09-09 18:00:00","2026-09-10 09:00:00","CAPE","surface",-70.9303,19.3193,595
"2026-09-09 18:00:00","2026-09-10 09:00:00","CAPE","surface",-70.9064,19.3193,603
"2026-09-09 18:00:00","2026-09-10 09:00:00","CAPE","surface",-70.8825,19.3193,643
"2026-09-09 18:00:00","2026-09-10 09:00:00","CAPE","surface",-70.8585,19.3193,635
"2026-09-09 18:00:00","2026-09-10 09:00:00","CAPE","surface",-70.8346,19.3193,712
"2026-09-09 18:00:00","2026-09-10 09:00:00","CAPE","surface",-70.8107,19.3193,675
"2026-09-09 18:00:00","2026-09-10 09:00:00","CAPE","surface",-70.7868,19.3193,775
"2026-09-09 18:00:00","2026-09-10 09:00:00","CAPE","surface",-70.7628,19.3193,775
"2026-09-09 18:00:00","2026-09-10 09:00:00","CAPE","surface",-70.7389,19.3193,885
"2026-09-09 18:00:00","2026-09-10 09:00:00","CAPE","surface",-70.715,19.3193,875
"2026-09-09 18:00:00","2026-09-10 09:00:00","CAPE","surface",-70.6911,19.3193,988
"2026-09-09 18:00:00","2026-09-10 09:00:00","CAPE","surface",-70.6671,19.3193,1023
"2026-09-09 18:00:00","2026-09-10 09:00:00","CAPE","surface",-70.6432,19.3193,1072
"2026-09-09 18:00:00","2026-09-10 09:00:00","CAPE","surface",-70.6193,19.3193,1163
"2026-09-09 18:00:00","2026-09-10 09:00:00","CAPE","surface",-70.5954,19.3193,1206
"2026-09-09 18:00:00","2026-09-10 09:00:00","CAPE","surface",-70.5714,19.3193,1366
"2026-09-09 18:00:00","2026-09-10 09:00:00","CAPE","surface",-70.5475,19.3193,1366
"2026-09-09 18:00:00","2026-09-10 09:00:00","CAPE","surface",-70.5236,19.3193,1427
"2026-09-09 18:00:00","2026-09-10 09:00:00","CAPE","surface",-70.4997,19.3193,1462
"2026-09-09 18:00:00","2026-09-10 09:00:00","CAPE","surface",-70.4757,19.3193,1407
"2026-09-09 18:00:00","2026-09-10 09:00:00","CAPE","surface",-70.4518,19.3193,1414
"2026-09-09 18:00:00","2026-09-10 09:00:00","CAPE","surface",-70.4279,19.3193,1360
"2026-09-09 18:00:00","2026-09-10 09:00:00","CAPE","surface",-70.404,19.3193,1369
"2026-09-09 18:00:00","2026-09-10 09:00:00","CAPE","surface",-70.38,19.3193,1368
"2026-09-09 18:00:00","2026-09-10 09:00:00","CAPE","surface",-70.3561,19.3193,1366
"2026-09-09 18:00:00","2026-09-10 09:00:00","CAPE","surface",-70.3322,19.3193,1427
"2026-09-09 18:00:00","2026-09-10 09:00:00","CAPE","surface",-70.3083,19.3193,1579
"2026-09-09 18:00:00","2026-09-10 09:00:00","CAPE","surface",-70.2843,19.3193,1606
"2026-09-09 18:00:00","2026-09-10 09:00:00","CAPE","surface",-70.2604,19.3193,1655
"2026-09-09 18:00:00","2026-09-10 09:00:00","CAPE","surface",-70.2365,19.3193,1678
"2026-09-09 18:00:00","2026-09-10 09:00:00","CAPE","surface",-70.2126,19.3193,1718
"2026-09-09 18:00:00","2026-09-10 09:00:00","CAPE","surface",-70.1886,19.3193,1707
"2026-09-09 18:00:00","2026-09-10 09:00:00","CAPE","surface",-70.1647,19.3193,1703
"2026-09-09 18:00:00","2026-09-10 09:00:00","CAPE","surface",-70.1408,19.3193,1714
"2026-09-09 18:00:00","2026-09-10 09:00:00","CAPE","surface",-70.1169,19.3193,1795
"2026-09-09 18:00:00","2026-09-10 09:00:00","CAPE","surface",-70.0929,19.3193,1780
"2026-09-09 18:00:00","2026-09-10 09:00:00","CAPE","surface",-70.069,19.3193,1896
"2026-09-09 18:00:00","2026-09-10 09:00:00","CAPE","surface",-70.0451,19.3193,2090
"2026-09-09 18:00:00","2026-09-10 09:00:00","CAPE","surface",-70.0212,19.3193,2067
"2026-09-09 18:00:00","2026-09-10 09:00:00","CAPE","surface",-69.9972,19.3193,2184
"2026-09-09 18:00:00","2026-09-10 09:00:00","CAPE","surface",-69.9733,19.3193,2161
"2026-09-09 18:00:00","2026-09-10 09:00:00","CAPE","surface",-69.9494,19.3193,2251
"2026-09-09 18:00:00","2026-09-10 09:00:00","CAPE","surface",-69.9255,19.3193,2251
"2026-09-09 18:00:00","2026-09-10 09:00:00","CAPE","surface",-69.9015,19.3193,2305
"2026-09-09 18:00:00","2026-09-10 09:00:00","CAPE","surface",-69.8776,19.3193,2298
"2026-09-09 18:00:00","2026-09-10 09:00:00","CAPE","surface",-69.8537,19.3193,2372
"2026-09-09 18:00:00","2026-09-10 09:00:00","CAPE","surface",-69.8298,19.3193,2312
"2026-09-09 18:00:00","2026-09-10 09:00:00","CAPE","surface",-69.8058,19.3193,2431
"2026-09-09 18:00:00","2026-09-10 09:00:00","CAPE","surface",-69.7819,19.3193,2737
"2026-09-09 18:00:00","2026-09-10 09:00:00","CAPE","surface",-69.758,19.3193,2659
"2026-09-09 18:00:00","2026-09-10 09:00:00","CAPE","surface",-69.7341,19.3193,2182
"2026-09-09 18:00:00","2026-09-10 09:00:00","CAPE","surface",-69.7101,19.3193,1413
"2026-09-09 18:00:00","2026-09-10 09:00:00","CAPE","surface",-69.6862,19.3193,1217
"2026-09-09 18:00:00","2026-09-10 09:00:00","CAPE","surface",-69.6623,19.3193,618
"2026-09-09 18:00:00","2026-09-10 09:00:00","CAPE","surface",-69.6384,19.3193,242
"2026-09-09 18:00:00","2026-09-10 09:00:00","CAPE","surface",-69.6144,19.3193,312
"2026-09-09 18:00:00","2026-09-10 09:00:00","CAPE","surface",-69.5905,19.3193,944
"2026-09-09 18:00:00","2026-09-10 09:00:00","CAPE","surface",-69.5666,19.3193,944
"2026-09-09 18:00:00","2026-09-10 09:00:00","CAPE","surface",-69.5427,19.3193,1448
"2026-09-09 18:00:00","2026-09-10 09:00:00","CAPE","surface",-69.5187,19.3193,1516
"2026-09-09 18:00:00","2026-09-10 09:00:00","CAPE","surface",-69.4948,19.3193,1453
"2026-09-09 18:00:00","2026-09-10 09:00:00","CAPE","surface",-69.4709,19.3193,1827
"2026-09-09 18:00:00","2026-09-10 09:00:00","CAPE","surface",-69.447,19.3193,1635
"2026-09-09 18:00:00","2026-09-10 09:00:00","CAPE","surface",-69.423,19.3193,2408
"2026-09-09 18:00:00","2026-09-10 09:00:00","CAPE","surface",-69.3991,19.3193,2287
"2026-09-09 18:00:00","2026-09-10 09:00:00","CAPE","surface",-69.3752,19.3193,2626
"2026-09-09 18:00:00","2026-09-10 09:00:00","CAPE","surface",-69.3513,19.3193,2626
"2026-09-09 18:00:00","2026-09-10 09:00:00","CAPE","surface",-69.3273,19.3193,2655
"2026-09-09 18:00:00","2026-09-10 09:00:00","CAPE","surface",-69.3034,19.3193,2555
"2026-09-09 18:00:00","2026-09-10 09:00:00","CAPE","surface",-69.2795,19.3193,2513
"2026-09-09 18:00:00","2026-09-10 09:00:00","CAPE","surface",-69.2556,19.3193,2695
"2026-09-09 18:00:00","2026-09-10 09:00:00","CAPE","surface",-69.2316,19.3193,2721
"2026-09-09 18:00:00","2026-09-10 09:00:00","CAPE","surface",-69.2077,19.3193,2825
"2026-09-09 18:00:00","2026-09-10 09:00:00","CAPE","surface",-69.1838,19.3193,2806
"2026-09-09 18:00:00","2026-09-10 09:00:00","CAPE","surface",-69.1599,19.3193,2752
"2026-09-09 18:00:00","2026-09-10 09:00:00","CAPE","surface",-69.1359,19.3193,2753
"2026-09-09 18:00:00","2026-09-10 09:00:00","CAPE","surface",-69.112,19.3193,2696
"2026-09-09 18:00:00","2026-09-10 09:00:00","CAPE","surface",-69.0881,19.3193,2689
"2026-09-09 18:00:00","2026-09-10 09:00:00","CAPE","surface",-69.0642,19.3193,2836
"2026-09-09 18:00:00","2026-09-10 09:00:00","CAPE","surface",-69.0402,19.3193,2968
"2026-09-09 18:00:00","2026-09-10 09:00:00","CAPE","surface",-69.0163,19.3193,2896
"2026-09-09 18:00:00","2026-09-10 09:00:00","CAPE","surface",-68.9924,19.3193,2794
"2026-09-09 18:00:00","2026-09-10 09:00:00","CAPE","surface",-68.9685,19.3193,2871
"2026-09-09 18:00:00","2026-09-10 09:00:00","CAPE","surface",-68.9445,19.3193,2882
"2026-09-09 18:00:00","2026-09-10 09:00:00","CAPE","surface",-68.9206,19.3193,3093
"2026-09-09 18:00:00","2026-09-10 09:00:00","CAPE","surface",-68.8967,19.3193,3307
"2026-09-09 18:00:00","2026-09-10 09:00:00","CAPE","surface",-68.8728,19.3193,3374
"2026-09-09 18:00:00","2026-09-10 09:00:00","CAPE","surface",-68.8488,19.3193,3314
"2026-09-09 18:00:00","2026-09-10 09:00:00","CAPE","surface",-68.8249,19.3193,3281
"2026-09-09 18:00:00","2026-09-10 09:00:00","CAPE","surface",-68.801,19.3193,3082
"2026-09-09 18:00:00","2026-09-10 09:00:00","CAPE","surface",-68.7771,19.3193,2881
"2026-09-09 18:00:00","2026-09-10 09:00:00","CAPE","surface",-68.7531,19.3193,2385
"2026-09-09 18:00:00","2026-09-10 09:00:00","CAPE","surface",-68.7292,19.3193,2643
"2026-09-09 18:00:00","2026-09-10 09:00:00","CAPE","surface",-68.7053,19.3193,2169
"2026-09-09 18:00:00","2026-09-10 09:00:00","CAPE","surface",-68.6813,19.3193,2060
"2026-09-09 18:00:00","2026-09-10 09:00:00","CAPE","surface",-68.6574,19.3193,1842
"2026-09-09 18:00:00","2026-09-10 09:00:00","CAPE","surface",-68.6335,19.3193,2022
"2026-09-09 18:00:00","2026-09-10 09:00:00","CAPE","surface",-68.6096,19.3193,2072
"2026-09-09 18:00:00","2026-09-10 09:00:00","CAPE","surface",-68.5856,19.3193,2026
"2026-09-09 18:00:00","2026-09-10 09:00:00","CAPE","surface",-68.5617,19.3193,2148
"2026-09-09 18:00:00","2026-09-10 09:00:00","CAPE","surface",-68.5378,19.3193,2148
"2026-09-09 18:00:00","2026-09-10 09:00:00","CAPE","surface",-68.5139,19.3193,2310
"2026-09-09 18:00:00","2026-09-10 09:00:00","CAPE","surface",-68.4899,19.3193,2235
"2026-09-09 18:00:00","2026-09-10 09:00:00","CAPE","surface",-68.466,19.3193,2456
"2026-09-09 18:00:00","2026-09-10 09:00:00","CAPE","surface",-68.4421,19.3193,2456
"2026-09-09 18:00:00","2026-09-10 09:00:00","CAPE","surface",-68.4182,19.3193,2745
"2026-09-09 18:00:00","2026-09-10 09:00:00","CAPE","surface",-68.3942,19.3193,3039
"2026-09-09 18:00:00","2026-09-10 09:00:00","CAPE","surface",-68.3703,19.3193,3011
"2026-09-09 18:00:00","2026-09-10 09:00:00","CAPE","surface",-68.3464,19.3193,3294
"2026-09-09 18:00:00","2026-09-10 09:00:00","CAPE","surface",-68.3225,19.3193,3275
"2026-09-09 18:00:00","2026-09-10 09:00:00","CAPE","surface",-68.2985,19.3193,3461
"2026-09-09 18:00:00","2026-09-10 09:00:00","CAPE","surface",-68.2746,19.3193,3525
"2026-09-09 18:00:00","2026-09-10 09:00:00","CAPE","surface",-68.2507,19.3193,3546
"2026-09-09 18:00:00","2026-09-10 09:00:00","CAPE","surface",-68.2268,19.3193,3546
"2026-09-09 18:00:00","2026-09-10 09:00:00","CAPE","surface",-68.2028,19.3193,3180
"2026-09-09 18:00:00","2026-09-10 09:00:00","CAPE","surface",-68.1789,19.3193,3185
"2026-09-09 18:00:00","2026-09-10 09:00:00","CAPE","surface",-68.155,19.3193,3239
"2026-09-09 18:00:00","2026-09-10 09:00:00","CAPE","surface",-68.1311,19.3193,3178
"2026-09-09 18:00:00","2026-09-10 09:00:00","CAPE","surface",-68.1071,19.3193,3228
"2026-09-09 18:00:00","2026-09-10 09:00:00","CAPE","surface",-68.0832,19.3193,3404
"2026-09-09 18:00:00","2026-09-10 09:00:00","CAPE","surface",-68.0593,19.3193,3534
"2026-09-09 18:00:00","2026-09-10 09:00:00","CAPE","surface",-68.0354,19.3193,3517
"2026-09-09 18:00:00","2026-09-10 09:00:00","CAPE","surface",-68.0114,19.3193,3510
"2026-09-09 18:00:00","2026-09-10 09:00:00","CAPE","surface",-67.9875,19.3193,3011
"2026-09-09 18:00:00","2026-09-10 09:00:00","CAPE","surface",-67.9636,19.3193,2646
"2026-09-09 18:00:00","2026-09-10 09:00:00","CAPE","surface",-67.9397,19.3193,2646
"2026-09-09 18:00:00","2026-09-10 09:00:00","CAPE","surface",-67.9157,19.3193,2700
"2026-09-09 18:00:00","2026-09-10 09:00:00","CAPE","surface",-67.8918,19.3193,2823
"2026-09-09 18:00:00","2026-09-10 09:00:00","CAPE","surface",-67.8679,19.3193,2901
"2026-09-09 18:00:00","2026-09-10 09:00:00","CAPE","surface",-67.844,19.3193,2901
"2026-09-09 18:00:00","2026-09-10 09:00:00","CAPE","surface",-67.82,19.3193,2932
"2026-09-09 18:00:00","2026-09-10 09:00:00","CAPE","surface",-67.7961,19.3193,2909
"2026-09-09 18:00:00","2026-09-10 09:00:00","CAPE","surface",-67.7722,19.3193,2987
"2026-09-09 18:00:00","2026-09-10 09:00:00","CAPE","surface",-67.7483,19.3193,3161
"2026-09-09 18:00:00","2026-09-10 09:00:00","CAPE","surface",-67.7243,19.3193,3135
"2026-09-09 18:00:00","2026-09-10 09:00:00","CAPE","surface",-67.7004,19.3193,3327
"2026-09-09 18:00:00","2026-09-10 09:00:00","CAPE","surface",-67.6765,19.3193,3301
"2026-09-09 18:00:00","2026-09-10 09:00:00","CAPE","surface",-67.6526,19.3193,3430
"2026-09-09 18:00:00","2026-09-10 09:00:00","CAPE","surface",-67.6286,19.3193,3429
"2026-09-09 18:00:00","2026-09-10 09:00:00","CAPE","surface",-67.6047,19.3193,3457
"2026-09-09 18:00:00","2026-09-10 09:00:00","CAPE","surface",-67.5808,19.3193,3414
"2026-09-09 18:00:00","2026-09-10 09:00:00","CAPE","surface",-67.5569,19.3193,3461
"2026-09-09 18:00:00","2026-09-10 09:00:00","CAPE","surface",-67.5329,19.3193,2988
"2026-09-09 18:00:00","2026-09-10 09:00:00","CAPE","surface",-67.509,19.3193,3056
"2026-09-09 18:00:00","2026-09-10 09:00:00","CAPE","surface",-67.4851,19.3193,2866
"2026-09-09 18:00:00","2026-09-10 09:00:00","CAPE","surface",-67.4612,19.3193,2883
"2026-09-09 18:00:00","2026-09-10 09:00:00","CAPE","surface",-67.4372,19.3193,2793
"2026-09-09 18:00:00","2026-09-10 09:00:00","CAPE","surface",-67.4133,19.3193,2808
"2026-09-09 18:00:00","2026-09-10 09:00:00","CAPE","surface",-67.3894,19.3193,2814
"2026-09-09 18:00:00","2026-09-10 09:00:00","CAPE","surface",-67.3655,19.3193,2875
"2026-09-09 18:00:00","2026-09-10 09:00:00","CAPE","surface",-67.3415,19.3193,2875
"2026-09-09 18:00:00","2026-09-10 09:00:00","CAPE","surface",-67.3176,19.3193,2929
"2026-09-09 18:00:00","2026-09-10 09:00:00","CAPE","surface",-67.2937,19.3193,2986
"2026-09-09 18:00:00","2026-09-10 09:00:00","CAPE","surface",-67.2698,19.3193,2979
"2026-09-09 18:00:00","2026-09-10 09:00:00","CAPE","surface",-67.2458,19.3193,2979
"2026-09-09 18:00:00","2026-09-10 09:00:00","CAPE","surface",-67.2219,19.3193,2878
"2026-09-09 18:00:00","2026-09-10 09:00:00","CAPE","surface",-67.198,19.3193,2820
"2026-09-09 18:00:00","2026-09-10 09:00:00","CAPE","surface",-67.1741,19.3193,2817
"2026-09-09 18:00:00","2026-09-10 09:00:00","CAPE","surface",-67.1501,19.3193,2834
"2026-09-09 18:00:00","2026-09-10 09:00:00","CAPE","surface",-67.1262,19.3193,2818
"2026-09-09 18:00:00","2026-09-10 09:00:00","CAPE","surface",-67.1023,19.3193,2777
"2026-09-09 18:00:00","2026-09-10 09:00:00","CAPE","surface",-67.0784,19.3193,2725
"2026-09-09 18:00:00","2026-09-10 09:00:00","CAPE","surface",-67.0544,19.3193,2700
"2026-09-09 18:00:00","2026-09-10 09:00:00","CAPE","surface",-67.0305,19.3193,2656
"2026-09-09 18:00:00","2026-09-10 09:00:00","CAPE","surface",-67.0066,19.3193,2627
"2026-09-09 18:00:00","2026-09-10 09:00:00","CAPE","surface",-74.7822,19.3419,2198
"2026-09-09 18:00:00","2026-09-10 09:00:00","CAPE","surface",-74.7583,19.3419,2302
"2026-09-09 18:00:00","2026-09-10 09:00:00","CAPE","surface",-74.7344,19.3419,2292
"2026-09-09 18:00:00","2026-09-10 09:00:00","CAPE","surface",-74.7105,19.3419,2418
"2026-09-09 18:00:00","2026-09-10 09:00:00","CAPE","surface",-74.6865,19.3419,2415
"2026-09-09 18:00:00","2026-09-10 09:00:00","CAPE","surface",-74.6626,19.3419,2510
"2026-09-09 18:00:00","2026-09-10 09:00:00","CAPE","surface",-74.6387,19.3419,2517
"2026-09-09 18:00:00","2026-09-10 09:00:00","CAPE","surface",-74.6148,19.3419,2581
"2026-09-09 18:00:00","2026-09-10 09:00:00","CAPE","surface",-74.5908,19.3419,2704
"2026-09-09 18:00:00","2026-09-10 09:00:00","CAPE","surface",-74.5669,19.3419,2733
"2026-09-09 18:00:00","2026-09-10 09:00:00","CAPE","surface",-74.543,19.3419,2879
"2026-09-09 18:00:00","2026-09-10 09:00:00","CAPE","surface",-74.5191,19.3419,2918
"2026-09-09 18:00:00","2026-09-10 09:00:00","CAPE","surface",-74.4951,19.3419,2979
"2026-09-09 18:00:00","2026-09-10 09:00:00","CAPE","surface",-74.4712,19.3419,2979
"2026-09-09 18:00:00","2026-09-10 09:00:00","CAPE","surface",-74.4473,19.3419,2934
"2026-09-09 18:00:00","2026-09-10 09:00:00","CAPE","surface",-74.4234,19.3419,2944
"2026-09-09 18:00:00","2026-09-10 09:00:00","CAPE","surface",-74.3994,19.3419,2973
"2026-09-09 18:00:00","2026-09-10 09:00:00","CAPE","surface",-74.3755,19.3419,2991
"2026-09-09 18:00:00","2026-09-10 09:00:00","CAPE","surface",-74.3516,19.3419,3114
"2026-09-09 18:00:00","2026-09-10 09:00:00","CAPE","surface",-74.3277,19.3419,3095
"2026-09-09 18:00:00","2026-09-10 09:00:00","CAPE","surface",-74.3037,19.3419,3021
"2026-09-09 18:00:00","2026-09-10 09:00:00","CAPE","surface",-74.2798,19.3419,2980
"2026-09-09 18:00:00","2026-09-10 09:00:00","CAPE","surface",-74.2559,19.3419,2921
"2026-09-09 18:00:00","2026-09-10 09:00:00","CAPE","surface",-74.232,19.3419,2927
"2026-09-09 18:00:00","2026-09-10 09:00:00","CAPE","surface",-74.208,19.3419,2934
"2026-09-09 18:00:00","2026-09-10 09:00:00","CAPE","surface",-74.1841,19.3419,2930
"2026-09-09 18:00:00","2026-09-10 09:00:00","CAPE","surface",-74.1602,19.3419,2921
"2026-09-09 18:00:00","2026-09-10 09:00:00","CAPE","surface",-74.1363,19.3419,2865
"2026-09-09 18:00:00","2026-09-10 09:00:00","CAPE","surface",-74.1123,19.3419,2748
"2026-09-09 18:00:00","2026-09-10 09:00:00","CAPE","surface",-74.0884,19.3419,2748
"2026-09-09 18:00:00","2026-09-10 09:00:00","CAPE","surface",-74.0645,19.3419,2494
"2026-09-09 18:00:00","2026-09-10 09:00:00","CAPE","surface",-74.0406,19.3419,2502
"2026-09-09 18:00:00","2026-09-10 09:00:00","CAPE","surface",-74.0166,19.3419,2556
"2026-09-09 18:00:00","2026-09-10 09:00:00","CAPE","surface",-73.9927,19.3419,2622
"2026-09-09 18:00:00","2026-09-10 09:00:00","CAPE","surface",-73.9688,19.3419,2522
"2026-09-09 18:00:00","2026-09-10 09:00:00","CAPE","surface",-73.9449,19.3419,2522
"2026-09-09 18:00:00","2026-09-10 09:00:00","CAPE","surface",-73.9209,19.3419,2169
"2026-09-09 18:00:00","2026-09-10 09:00:00","CAPE","surface",-73.897,19.3419,2117
"2026-09-09 18:00:00","2026-09-10 09:00:00","CAPE","surface",-73.8731,19.3419,2006
"2026-09-09 18:00:00","2026-09-10 09:00:00","CAPE","surface",-73.8492,19.3419,1984
"2026-09-09 18:00:00","2026-09-10 09:00:00","CAPE","surface",-73.8252,19.3419,1879
"2026-09-09 18:00:00","2026-09-10 09:00:00","CAPE","surface",-73.8013,19.3419,1894
"2026-09-09 18:00:00","2026-09-10 09:00:00","CAPE","surface",-73.7774,19.3419,1878
"2026-09-09 18:00:00","2026-09-10 09:00:00","CAPE","surface",-73.7535,19.3419,1859
"2026-09-09 18:00:00","2026-09-10 09:00:00","CAPE","surface",-73.7295,19.3419,1855
"2026-09-09 18:00:00","2026-09-10 09:00:00","CAPE","surface",-73.7056,19.3419,1818
"2026-09-09 18:00:00","2026-09-10 09:00:00","CAPE","surface",-73.6817,19.3419,1720
"2026-09-09 18:00:00","2026-09-10 09:00:00","CAPE","surface",-73.6578,19.3419,1714
"2026-09-09 18:00:00","2026-09-10 09:00:00","CAPE","surface",-73.6338,19.3419,1667
"2026-09-09 18:00:00","2026-09-10 09:00:00","CAPE","surface",-73.6099,19.3419,1675
"2026-09-09 18:00:00","2026-09-10 09:00:00","CAPE","surface",-73.586,19.3419,1625
"2026-09-09 18:00:00","2026-09-10 09:00:00","CAPE","surface",-73.5621,19.3419,1625
"2026-09-09 18:00:00","2026-09-10 09:00:00","CAPE","surface",-73.5381,19.3419,1675
"2026-09-09 18:00:00","2026-09-10 09:00:00","CAPE","surface",-73.5142,19.3419,1739
"2026-09-09 18:00:00","2026-09-10 09:00:00","CAPE","surface",-73.4903,19.3419,1875
"2026-09-09 18:00:00","2026-09-10 09:00:00","CAPE","surface",-73.4664,19.3419,1927
"2026-09-09 18:00:00","2026-09-10 09:00:00","CAPE","surface",-73.4424,19.3419,1953
"2026-09-09 18:00:00","2026-09-10 09:00:00","CAPE","surface",-73.4185,19.3419,2027
"2026-09-09 18:00:00","2026-09-10 09:00:00","CAPE","surface",-73.3946,19.3419,2125
"2026-09-09 18:00:00","2026-09-10 09:00:00","CAPE","surface",-73.3707,19.3419,2242
"2026-09-09 18:00:00","2026-09-10 09:00:00","CAPE","surface",-73.3467,19.3419,2317
"2026-09-09 18:00:00","2026-09-10 09:00:00","CAPE","surface",-73.3228,19.3419,2248
"2026-09-09 18:00:00","2026-09-10 09:00:00","CAPE","surface",-73.2989,19.3419,2229
"2026-09-09 18:00:00","2026-09-10 09:00:00","CAPE","surface",-73.275,19.3419,2056
"2026-09-09 18:00:00","2026-09-10 09:00:00","CAPE","surface",-73.251,19.3419,2076
"2026-09-09 18:00:00","2026-09-10 09:00:00","CAPE","surface",-73.2271,19.3419,2063
"2026-09-09 18:00:00","2026-09-10 09:00:00","CAPE","surface",-73.2032,19.3419,2180
"2026-09-09 18:00:00","2026-09-10 09:00:00","CAPE","surface",-73.1793,19.3419,2167
"2026-09-09 18:00:00","2026-09-10 09:00:00","CAPE","surface",-73.1553,19.3419,2279
"2026-09-09 18:00:00","2026-09-10 09:00:00","CAPE","surface",-73.1314,19.3419,2083
"2026-09-09 18:00:00","2026-09-10 09:00:00","CAPE","surface",-73.1075,19.3419,1943
"2026-09-09 18:00:00","2026-09-10 09:00:00","CAPE","surface",-73.0836,19.3419,1877
"2026-09-09 18:00:00","2026-09-10 09:00:00","CAPE","surface",-73.0596,19.3419,1877
"2026-09-09 18:00:00","2026-09-10 09:00:00","CAPE","surface",-73.0357,19.3419,1775
"2026-09-09 18:00:00","2026-09-10 09:00:00","CAPE","surface",-73.0118,19.3419,1772
"2026-09-09 18:00:00","2026-09-10 09:00:00","CAPE","surface",-72.9879,19.3419,1700
"2026-09-09 18:00:00","2026-09-10 09:00:00","CAPE","surface",-72.9639,19.3419,1687
"2026-09-09 18:00:00","2026-09-10 09:00:00","CAPE","surface",-72.94,19.3419,1606
"2026-09-09 18:00:00","2026-09-10 09:00:00","CAPE","surface",-72.9161,19.3419,1610
"2026-09-09 18:00:00","2026-09-10 09:00:00","CAPE","surface",-72.8922,19.3419,1538
"2026-09-09 18:00:00","2026-09-10 09:00:00","CAPE","surface",-72.8682,19.3419,1515
"2026-09-09 18:00:00","2026-09-10 09:00:00","CAPE","surface",-72.8443,19.3419,1434
"2026-09-09 18:00:00","2026-09-10 09:00:00","CAPE","surface",-72.8204,19.3419,1434
"2026-09-09 18:00:00","2026-09-10 09:00:00","CAPE","surface",-72.7965,19.3419,1314
"2026-09-09 18:00:00","2026-09-10 09:00:00","CAPE","surface",-72.7725,19.3419,1215
"2026-09-09 18:00:00","2026-09-10 09:00:00","CAPE","surface",-72.7486,19.3419,1089
"2026-09-09 18:00:00","2026-09-10 09:00:00","CAPE","surface",-72.7247,19.3419,1195
"2026-09-09 18:00:00","2026-09-10 09:00:00","CAPE","surface",-72.7008,19.3419,1195
"2026-09-09 18:00:00","2026-09-10 09:00:00","CAPE","surface",-72.6768,19.3419,521
"2026-09-09 18:00:00","2026-09-10 09:00:00","CAPE","surface",-72.6529,19.3419,620
"2026-09-09 18:00:00","2026-09-10 09:00:00","CAPE","surface",-72.629,19.3419,636
"2026-09-09 18:00:00","2026-09-10 09:00:00","CAPE","surface",-72.6051,19.3419,648
"2026-09-09 18:00:00","2026-09-10 09:00:00","CAPE","surface",-72.5811,19.3419,624
"2026-09-09 18:00:00","2026-09-10 09:00:00","CAPE","surface",-72.5572,19.3419,584
"2026-09-09 18:00:00","2026-09-10 09:00:00","CAPE","surface",-72.5333,19.3419,543
"2026-09-09 18:00:00","2026-09-10 09:00:00","CAPE","surface",-72.5094,19.3419,546
"2026-09-09 18:00:00","2026-09-10 09:00:00","CAPE","surface",-72.4854,19.3419,565
"2026-09-09 18:00:00","2026-09-10 09:00:00","CAPE","surface",-72.4615,19.3419,565
"2026-09-09 18:00:00","2026-09-10 09:00:00","CAPE","surface",-72.4376,19.3419,548
"2026-09-09 18:00:00","2026-09-10 09:00:00","CAPE","surface",-72.4137,19.3419,596
"2026-09-09 18:00:00","2026-09-10 09:00:00","CAPE","surface",-72.3897,19.3419,609
"2026-09-09 18:00:00","2026-09-10 09:00:00","CAPE","surface",-72.3658,19.3419,574
"2026-09-09 18:00:00","2026-09-10 09:00:00","CAPE","surface",-72.3419,19.3419,561
"2026-09-09 18:00:00","2026-09-10 09:00:00","CAPE","surface",-72.318,19.3419,561
"2026-09-09 18:00:00","2026-09-10 09:00:00","CAPE","surface",-72.294,19.3419,552
"2026-09-09 18:00:00","2026-09-10 09:00:00","CAPE","surface",-72.2701,19.3419,528
"2026-09-09 18:00:00","2026-09-10 09:00:00","CAPE","surface",-72.2462,19.3419,517
"2026-09-09 18:00:00","2026-09-10 09:00:00","CAPE","surface",-72.2223,19.3419,480
"2026-09-09 18:00:00","2026-09-10 09:00:00","CAPE","surface",-72.1983,19.3419,480
"2026-09-09 18:00:00","2026-09-10 09:00:00","CAPE","surface",-72.1744,19.3419,456
"2026-09-09 18:00:00","2026-09-10 09:00:00","CAPE","surface",-72.1505,19.3419,443
"2026-09-09 18:00:00","2026-09-10 09:00:00","CAPE","surface",-72.1266,19.3419,410
"2026-09-09 18:00:00","2026-09-10 09:00:00","CAPE","surface",-72.1026,19.3419,410
"2026-09-09 18:00:00","2026-09-10 09:00:00","CAPE","surface",-72.0787,19.3419,405
"2026-09-09 18:00:00","2026-09-10 09:00:00","CAPE","surface",-72.0548,19.3419,434
"2026-09-09 18:00:00","2026-09-10 09:00:00","CAPE","surface",-72.0309,19.3419,437
"2026-09-09 18:00:00","2026-09-10 09:00:00","CAPE","surface",-72.0069,19.3419,428
"2026-09-09 18:00:00","2026-09-10 09:00:00","CAPE","surface",-71.983,19.3419,383
"2026-09-09 18:00:00","2026-09-10 09:00:00","CAPE","surface",-71.9591,19.3419,363
"2026-09-09 18:00:00","2026-09-10 09:00:00","CAPE","surface",-71.9352,19.3419,338
"2026-09-09 18:00:00","2026-09-10 09:00:00","CAPE","surface",-71.9112,19.3419,345
"2026-09-09 18:00:00","2026-09-10 09:00:00","CAPE","surface",-71.8873,19.3419,364
"2026-09-09 18:00:00","2026-09-10 09:00:00","CAPE","surface",-71.8634,19.3419,364
"2026-09-09 18:00:00","2026-09-10 09:00:00","CAPE","surface",-71.8395,19.3419,366
"2026-09-09 18:00:00","2026-09-10 09:00:00","CAPE","surface",-71.8155,19.3419,412
"2026-09-09 18:00:00","2026-09-10 09:00:00","CAPE","surface",-71.7916,19.3419,425
"2026-09-09 18:00:00","2026-09-10 09:00:00","CAPE","surface",-71.7677,19.3419,534
"2026-09-09 18:00:00","2026-09-10 09:00:00","CAPE","surface",-71.7438,19.3419,534
"2026-09-09 18:00:00","2026-09-10 09:00:00","CAPE","surface",-71.7198,19.3419,632
"2026-09-09 18:00:00","2026-09-10 09:00:00","CAPE","surface",-71.6959,19.3419,648
"2026-09-09 18:00:00","2026-09-10 09:00:00","CAPE","surface",-71.672,19.3419,605
"2026-09-09 18:00:00","2026-09-10 09:00:00","CAPE","surface",-71.6481,19.3419,602
"2026-09-09 18:00:00","2026-09-10 09:00:00","CAPE","surface",-71.6241,19.3419,479
"2026-09-09 18:00:00","2026-09-10 09:00:00","CAPE","surface",-71.6002,19.3419,563
"2026-09-09 18:00:00","2026-09-10 09:00:00","CAPE","surface",-71.5763,19.3419,502
"2026-09-09 18:00:00","2026-09-10 09:00:00","CAPE","surface",-71.5524,19.3419,530
"2026-09-09 18:00:00","2026-09-10 09:00:00","CAPE","surface",-71.5284,19.3419,545
"2026-09-09 18:00:00","2026-09-10 09:00:00","CAPE","surface",-71.5045,19.3419,545
"2026-09-09 18:00:00","2026-09-10 09:00:00","CAPE","surface",-71.4806,19.3419,566
"2026-09-09 18:00:00","2026-09-10 09:00:00","CAPE","surface",-71.4567,19.3419,593
"2026-09-09 18:00:00","2026-09-10 09:00:00","CAPE","surface",-71.4327,19.3419,654
"2026-09-09 18:00:00","2026-09-10 09:00:00","CAPE","surface",-71.4088,19.3419,687
"2026-09-09 18:00:00","2026-09-10 09:00:00","CAPE","surface",-71.3849,19.3419,687
"2026-09-09 18:00:00","2026-09-10 09:00:00","CAPE","surface",-71.361,19.3419,646
"2026-09-09 18:00:00","2026-09-10 09:00:00","CAPE","surface",-71.337,19.3419,746
"2026-09-09 18:00:00","2026-09-10 09:00:00","CAPE","surface",-71.3131,19.3419,717
"2026-09-09 18:00:00","2026-09-10 09:00:00","CAPE","surface",-71.2892,19.3419,717
"2026-09-09 18:00:00","2026-09-10 09:00:00","CAPE","surface",-71.2653,19.3419,521
"2026-09-09 18:00:00","2026-09-10 09:00:00","CAPE","surface",-71.2413,19.3419,593
"2026-09-09 18:00:00","2026-09-10 09:00:00","CAPE","surface",-71.2174,19.3419,330
"2026-09-09 18:00:00","2026-09-10 09:00:00","CAPE","surface",-71.1935,19.3419,222
"2026-09-09 18:00:00","2026-09-10 09:00:00","CAPE","surface",-71.1696,19.3419,223
"2026-09-09 18:00:00","2026-09-10 09:00:00","CAPE","surface",-71.1456,19.3419,208
"2026-09-09 18:00:00","2026-09-10 09:00:00","CAPE","surface",-71.1217,19.3419,317
"2026-09-09 18:00:00","2026-09-10 09:00:00","CAPE","surface",-71.0978,19.3419,429
"2026-09-09 18:00:00","2026-09-10 09:00:00","CAPE","surface",-71.0739,19.3419,412
"2026-09-09 18:00:00","2026-09-10 09:00:00","CAPE","surface",-71.0499,19.3419,488
"2026-09-09 18:00:00","2026-09-10 09:00:00","CAPE","surface",-71.026,19.3419,486
"2026-09-09 18:00:00","2026-09-10 09:00:00","CAPE","surface",-71.0021,19.3419,538
"2026-09-09 18:00:00","2026-09-10 09:00:00","CAPE","surface",-70.9782,19.3419,543
"2026-09-09 18:00:00","2026-09-10 09:00:00","CAPE","surface",-70.9542,19.3419,592
"2026-09-09 18:00:00","2026-09-10 09:00:00","CAPE","surface",-70.9303,19.3419,592
"2026-09-09 18:00:00","2026-09-10 09:00:00","CAPE","surface",-70.9064,19.3419,645
"2026-09-09 18:00:00","2026-09-10 09:00:00","CAPE","surface",-70.8825,19.3419,643
"2026-09-09 18:00:00","2026-09-10 09:00:00","CAPE","surface",-70.8585,19.3419,739
"2026-09-09 18:00:00","2026-09-10 09:00:00","CAPE","surface",-70.8346,19.3419,739
"2026-09-09 18:00:00","2026-09-10 09:00:00","CAPE","surface",-70.8107,19.3419,842
"2026-09-09 18:00:00","2026-09-10 09:00:00","CAPE","surface",-70.7868,19.3419,819
"2026-09-09 18:00:00","2026-09-10 09:00:00","CAPE","surface",-70.7628,19.3419,901
"2026-09-09 18:00:00","2026-09-10 09:00:00","CAPE","surface",-70.7389,19.3419,939
"2026-09-09 18:00:00","2026-09-10 09:00:00","CAPE","surface",-70.715,19.3419,939
"2026-09-09 18:00:00","2026-09-10 09:00:00","CAPE","surface",-70.6911,19.3419,1004
"2026-09-09 18:00:00","2026-09-10 09:00:00","CAPE","surface",-70.6671,19.3419,1042
"2026-09-09 18:00:00","2026-09-10 09:00:00","CAPE","surface",-70.6432,19.3419,1135
"2026-09-09 18:00:00","2026-09-10 09:00:00","CAPE","surface",-70.6193,19.3419,1163
"2026-09-09 18:00:00","2026-09-10 09:00:00","CAPE","surface",-70.5954,19.3419,1254
"2026-09-09 18:00:00","2026-09-10 09:00:00","CAPE","surface",-70.5714,19.3419,1305
"2026-09-09 18:00:00","2026-09-10 09:00:00","CAPE","surface",-70.5475,19.3419,1380
"2026-09-09 18:00:00","2026-09-10 09:00:00","CAPE","surface",-70.5236,19.3419,1427
"2026-09-09 18:00:00","2026-09-10 09:00:00","CAPE","surface",-70.4997,19.3419,1365
"2026-09-09 18:00:00","2026-09-10 09:00:00","CAPE","surface",-70.4757,19.3419,1394
"2026-09-09 18:00:00","2026-09-10 09:00:00","CAPE","surface",-70.4518,19.3419,1358
"2026-09-09 18:00:00","2026-09-10 09:00:00","CAPE","surface",-70.4279,19.3419,1375
"2026-09-09 18:00:00","2026-09-10 09:00:00","CAPE","surface",-70.404,19.3419,1371
"2026-09-09 18:00:00","2026-09-10 09:00:00","CAPE","surface",-70.38,19.3419,1416
"2026-09-09 18:00:00","2026-09-10 09:00:00","CAPE","surface",-70.3561,19.3419,1412
"2026-09-09 18:00:00","2026-09-10 09:00:00","CAPE","surface",-70.3322,19.3419,1533
"2026-09-09 18:00:00","2026-09-10 09:00:00","CAPE","surface",-70.3083,19.3419,1579
"2026-09-09 18:00:00","2026-09-10 09:00:00","CAPE","surface",-70.2843,19.3419,1603
"2026-09-09 18:00:00","2026-09-10 09:00:00","CAPE","surface",-70.2604,19.3419,1631
"2026-09-09 18:00:00","2026-09-10 09:00:00","CAPE","surface",-70.2365,19.3419,1709
"2026-09-09 18:00:00","2026-09-10 09:00:00","CAPE","surface",-70.2126,19.3419,1718
"2026-09-09 18:00:00","2026-09-10 09:00:00","CAPE","surface",-70.1886,19.3419,1700
"2026-09-09 18:00:00","2026-09-10 09:00:00","CAPE","surface",-70.1647,19.3419,1789
"2026-09-09 18:00:00","2026-09-10 09:00:00","CAPE","surface",-70.1408,19.3419,1807
"2026-09-09 18:00:00","2026-09-10 09:00:00","CAPE","surface",-70.1169,19.3419,1952
"2026-09-09 18:00:00","2026-09-10 09:00:00","CAPE","surface",-70.0929,19.3419,1921
"2026-09-09 18:00:00","2026-09-10 09:00:00","CAPE","surface",-70.069,19.3419,2077
"2026-09-09 18:00:00","2026-09-10 09:00:00","CAPE","surface",-70.0451,19.3419,2086
"2026-09-09 18:00:00","2026-09-10 09:00:00","CAPE","surface",-70.0212,19.3419,2193
"2026-09-09 18:00:00","2026-09-10 09:00:00","CAPE","surface",-69.9972,19.3419,2184
"2026-09-09 18:00:00","2026-09-10 09:00:00","CAPE","surface",-69.9733,19.3419,2240
"2026-09-09 18:00:00","2026-09-10 09:00:00","CAPE","surface",-69.9494,19.3419,2240
"2026-09-09 18:00:00","2026-09-10 09:00:00","CAPE","surface",-69.9255,19.3419,2297
"2026-09-09 18:00:00","2026-09-10 09:00:00","CAPE","surface",-69.9015,19.3419,2381
"2026-09-09 18:00:00","2026-09-10 09:00:00","CAPE","surface",-69.8776,19.3419,2384
"2026-09-09 18:00:00","2026-09-10 09:00:00","CAPE","surface",-69.8537,19.3419,2459
"2026-09-09 18:00:00","2026-09-10 09:00:00","CAPE","surface",-69.8298,19.3419,2479
"2026-09-09 18:00:00","2026-09-10 09:00:00","CAPE","surface",-69.8058,19.3419,2699
"2026-09-09 18:00:00","2026-09-10 09:00:00","CAPE","surface",-69.7819,19.3419,2737
"2026-09-09 18:00:00","2026-09-10 09:00:00","CAPE","surface",-69.758,19.3419,2637
"2026-09-09 18:00:00","2026-09-10 09:00:00","CAPE","surface",-69.7341,19.3419,2637
"2026-09-09 18:00:00","2026-09-10 09:00:00","CAPE","surface",-69.7101,19.3419,2137
"2026-09-09 18:00:00","2026-09-10 09:00:00","CAPE","surface",-69.6862,19.3419,1217
"2026-09-09 18:00:00","2026-09-10 09:00:00","CAPE","surface",-69.6623,19.3419,444
"2026-09-09 18:00:00","2026-09-10 09:00:00","CAPE","surface",-69.6384,19.3419,1115
"2026-09-09 18:00:00","2026-09-10 09:00:00","CAPE","surface",-69.6144,19.3419,863
"2026-09-09 18:00:00","2026-09-10 09:00:00","CAPE","surface",-69.5905,19.3419,1544
"2026-09-09 18:00:00","2026-09-10 09:00:00","CAPE","surface",-69.5666,19.3419,1565
"2026-09-09 18:00:00","2026-09-10 09:00:00","CAPE","surface",-69.5427,19.3419,1667
"2026-09-09 18:00:00","2026-09-10 09:00:00","CAPE","surface",-69.5187,19.3419,1667
"2026-09-09 18:00:00","2026-09-10 09:00:00","CAPE","surface",-69.4948,19.3419,1903
"2026-09-09 18:00:00","2026-09-10 09:00:00","CAPE","surface",-69.4709,19.3419,1827
"2026-09-09 18:00:00","2026-09-10 09:00:00","CAPE","surface",-69.447,19.3419,2437
"2026-09-09 18:00:00","2026-09-10 09:00:00","CAPE","surface",-69.423,19.3419,2437
"2026-09-09 18:00:00","2026-09-10 09:00:00","CAPE","surface",-69.3991,19.3419,2615
"2026-09-09 18:00:00","2026-09-10 09:00:00","CAPE","surface",-69.3752,19.3419,2677
"2026-09-09 18:00:00","2026-09-10 09:00:00","CAPE","surface",-69.3513,19.3419,2690
"2026-09-09 18:00:00","2026-09-10 09:00:00","CAPE","surface",-69.3273,19.3419,2551
"2026-09-09 18:00:00","2026-09-10 09:00:00","CAPE","surface",-69.3034,19.3419,2617
"2026-09-09 18:00:00","2026-09-10 09:00:00","CAPE","surface",-69.2795,19.3419,2733
"2026-09-09 18:00:00","2026-09-10 09:00:00","CAPE","surface",-69.2556,19.3419,2695
"2026-09-09 18:00:00","2026-09-10 09:00:00","CAPE","surface",-69.2316,19.3419,2779
"2026-09-09 18:00:00","2026-09-10 09:00:00","CAPE","surface",-69.2077,19.3419,2779
"2026-09-09 18:00:00","2026-09-10 09:00:00","CAPE","surface",-69.1838,19.3419,2750
"2026-09-09 18:00:00","2026-09-10 09:00:00","CAPE","surface",-69.1599,19.3419,2752
"2026-09-09 18:00:00","2026-09-10 09:00:00","CAPE","surface",-69.1359,19.3419,2708
"2026-09-09 18:00:00","2026-09-10 09:00:00","CAPE","surface",-69.112,19.3419,2709
"2026-09-09 18:00:00","2026-09-10 09:00:00","CAPE","surface",-69.0881,19.3419,2693
"2026-09-09 18:00:00","2026-09-10 09:00:00","CAPE","surface",-69.0642,19.3419,2867
"2026-09-09 18:00:00","2026-09-10 09:00:00","CAPE","surface",-69.0402,19.3419,2968
"2026-09-09 18:00:00","2026-09-10 09:00:00","CAPE","surface",-69.0163,19.3419,2889
"2026-09-09 18:00:00","2026-09-10 09:00:00","CAPE","surface",-68.9924,19.3419,2834
"2026-09-09 18:00:00","2026-09-10 09:00:00","CAPE","surface",-68.9685,19.3419,2734
"2026-09-09 18:00:00","2026-09-10 09:00:00","CAPE","surface",-68.9445,19.3419,2882
"2026-09-09 18:00:00","2026-09-10 09:00:00","CAPE","surface",-68.9206,19.3419,3087
"2026-09-09 18:00:00","2026-09-10 09:00:00","CAPE","surface",-68.8967,19.3419,3132
"2026-09-09 18:00:00","2026-09-10 09:00:00","CAPE","surface",-68.8728,19.3419,3274
"2026-09-09 18:00:00","2026-09-10 09:00:00","CAPE","surface",-68.8488,19.3419,3321
"2026-09-09 18:00:00","2026-09-10 09:00:00","CAPE","surface",-68.8249,19.3419,3281
"2026-09-09 18:00:00","2026-09-10 09:00:00","CAPE","surface",-68.801,19.3419,3297
"2026-09-09 18:00:00","2026-09-10 09:00:00","CAPE","surface",-68.7771,19.3419,3187
"2026-09-09 18:00:00","2026-09-10 09:00:00","CAPE","surface",-68.7531,19.3419,3031
"2026-09-09 18:00:00","2026-09-10 09:00:00","CAPE","surface",-68.7292,19.3419,2643
"2026-09-09 18:00:00","2026-09-10 09:00:00","CAPE","surface",-68.7053,19.3419,2895
"2026-09-09 18:00:00","2026-09-10 09:00:00","CAPE","surface",-68.6813,19.3419,2767
"2026-09-09 18:00:00","2026-09-10 09:00:00","CAPE","surface",-68.6574,19.3419,2339
"2026-09-09 18:00:00","2026-09-10 09:00:00","CAPE","surface",-68.6335,19.3419,2250
"2026-09-09 18:00:00","2026-09-10 09:00:00","CAPE","surface",-68.6096,19.3419,2250
"2026-09-09 18:00:00","2026-09-10 09:00:00","CAPE","surface",-68.5856,19.3419,2262
"2026-09-09 18:00:00","2026-09-10 09:00:00","CAPE","surface",-68.5617,19.3419,2196
"2026-09-09 18:00:00","2026-09-10 09:00:00","CAPE","surface",-68.5378,19.3419,2361
"2026-09-09 18:00:00","2026-09-10 09:00:00","CAPE","surface",-68.5139,19.3419,2310
"2026-09-09 18:00:00","2026-09-10 09:00:00","CAPE","surface",-68.4899,19.3419,2583
"2026-09-09 18:00:00","2026-09-10 09:00:00","CAPE","surface",-68.466,19.3419,2826
"2026-09-09 18:00:00","2026-09-10 09:00:00","CAPE","surface",-68.4421,19.3419,2792
"2026-09-09 18:00:00","2026-09-10 09:00:00","CAPE","surface",-68.4182,19.3419,3053
"2026-09-09 18:00:00","2026-09-10 09:00:00","CAPE","surface",-68.3942,19.3419,3053
"2026-09-09 18:00:00","2026-09-10 09:00:00","CAPE","surface",-68.3703,19.3419,3283
"2026-09-09 18:00:00","2026-09-10 09:00:00","CAPE","surface",-68.3464,19.3419,3294
"2026-09-09 18:00:00","2026-09-10 09:00:00","CAPE","surface",-68.3225,19.3419,3409
"2026-09-09 18:00:00","2026-09-10 09:00:00","CAPE","surface",-68.2985,19.3419,3409
"2026-09-09 18:00:00","2026-09-10 09:00:00","CAPE","surface",-68.2746,19.3419,3398
"2026-09-09 18:00:00","2026-09-10 09:00:00","CAPE","surface",-68.2507,19.3419,3128
"2026-09-09 18:00:00","2026-09-10 09:00:00","CAPE","surface",-68.2268,19.3419,3117
"2026-09-09 18:00:00","2026-09-10 09:00:00","CAPE","surface",-68.2028,19.3419,3032
"2026-09-09 18:00:00","2026-09-10 09:00:00","CAPE","surface",-68.1789,19.3419,3087
"2026-09-09 18:00:00","2026-09-10 09:00:00","CAPE","surface",-68.155,19.3419,3153
"2026-09-09 18:00:00","2026-09-10 09:00:00","CAPE","surface",-68.1311,19.3419,3178
"2026-09-09 18:00:00","2026-09-10 09:00:00","CAPE","surface",-68.1071,19.3419,3216
"2026-09-09 18:00:00","2026-09-10 09:00:00","CAPE","surface",-68.0832,19.3419,3287
"2026-09-09 18:00:00","2026-09-10 09:00:00","CAPE","surface",-68.0593,19.3419,3468
"2026-09-09 18:00:00","2026-09-10 09:00:00","CAPE","surface",-68.0354,19.3419,3313
"2026-09-09 18:00:00","2026-09-10 09:00:00","CAPE","surface",-68.0114,19.3419,3118
"2026-09-09 18:00:00","2026-09-10 09:00:00","CAPE","surface",-67.9875,19.3419,2787
"2026-09-09 18:00:00","2026-09-10 09:00:00","CAPE","surface",-67.9636,19.3419,2670
"2026-09-09 18:00:00","2026-09-10 09:00:00","CAPE","surface",-67.9397,19.3419,2596
"2026-09-09 18:00:00","2026-09-10 09:00:00","CAPE","surface",-67.9157,19.3419,2700
"2026-09-09 18:00:00","2026-09-10 09:00:00","CAPE","surface",-67.8918,19.3419,2751
"2026-09-09 18:00:00","2026-09-10 09:00:00","CAPE","surface",-67.8679,19.3419,2936
"2026-09-09 18:00:00","2026-09-10 09:00:00","CAPE","surface",-67.844,19.3419,2943
"2026-09-09 18:00:00","2026-09-10 09:00:00","CAPE","surface",-67.82,19.3419,3048
"2026-09-09 18:00:00","2026-09-10 09:00:00","CAPE","surface",-67.7961,19.3419,3048
"2026-09-09 18:00:00","2026-09-10 09:00:00","CAPE","surface",-67.7722,19.3419,3162
"2026-09-09 18:00:00","2026-09-10 09:00:00","CAPE","surface",-67.7483,19.3419,3161
"2026-09-09 18:00:00","2026-09-10 09:00:00","CAPE","surface",-67.7243,19.3419,3314
"2026-09-09 18:00:00","2026-09-10 09:00:00","CAPE","surface",-67.7004,19.3419,3314
"2026-09-09 18:00:00","2026-09-10 09:00:00","CAPE","surface",-67.6765,19.3419,3400
"2026-09-09 18:00:00","2026-09-10 09:00:00","CAPE","surface",-67.6526,19.3419,3360
"2026-09-09 18:00:00","2026-09-10 09:00:00","CAPE","surface",-67.6286,19.3419,3416
"2026-09-09 18:00:00","2026-09-10 09:00:00","CAPE","surface",-67.6047,19.3419,3197
"2026-09-09 18:00:00","2026-09-10 09:00:00","CAPE","surface",-67.5808,19.3419,3314
"2026-09-09 18:00:00","2026-09-10 09:00:00","CAPE","surface",-67.5569,19.3419,2923
"2026-09-09 18:00:00","2026-09-10 09:00:00","CAPE","surface",-67.5329,19.3419,2988
"2026-09-09 18:00:00","2026-09-10 09:00:00","CAPE","surface",-67.509,19.3419,2811
"2026-09-09 18:00:00","2026-09-10 09:00:00","CAPE","surface",-67.4851,19.3419,2769
"2026-09-09 18:00:00","2026-09-10 09:00:00","CAPE","surface",-67.4612,19.3419,2782
"2026-09-09 18:00:00","2026-09-10 09:00:00","CAPE","surface",-67.4372,19.3419,2821
"2026-09-09 18:00:00","2026-09-10 09:00:00","CAPE","surface",-67.4133,19.3419,2821
"2026-09-09 18:00:00","2026-09-10 09:00:00","CAPE","surface",-67.3894,19.3419,2893
"2026-09-09 18:00:00","2026-09-10 09:00:00","CAPE","surface",-67.3655,19.3419,2868
"2026-09-09 18:00:00","2026-09-10 09:00:00","CAPE","surface",-67.3415,19.3419,2917
"2026-09-09 18:00:00","2026-09-10 09:00:00","CAPE","surface",-67.3176,19.3419,2917
"2026-09-09 18:00:00","2026-09-10 09:00:00","CAPE","surface",-67.2937,19.3419,2980
"2026-09-09 18:00:00","2026-09-10 09:00:00","CAPE","surface",-67.2698,19.3419,2987
"2026-09-09 18:00:00","2026-09-10 09:00:00","CAPE","surface",-67.2458,19.3419,2926
"2026-09-09 18:00:00","2026-09-10 09:00:00","CAPE","surface",-67.2219,19.3419,2937
"2026-09-09 18:00:00","2026-09-10 09:00:00","CAPE","surface",-67.198,19.3419,2844
"2026-09-09 18:00:00","2026-09-10 09:00:00","CAPE","surface",-67.1741,19.3419,2865
"2026-09-09 18:00:00","2026-09-10 09:00:00","CAPE","surface",-67.1501,19.3419,2834
"2026-09-09 18:00:00","2026-09-10 09:00:00","CAPE","surface",-67.1262,19.3419,2879
"2026-09-09 18:00:00","2026-09-10 09:00:00","CAPE","surface",-67.1023,19.3419,2837
"2026-09-09 18:00:00","2026-09-10 09:00:00","CAPE","surface",-67.0784,19.3419,2753
"2026-09-09 18:00:00","2026-09-10 09:00:00","CAPE","surface",-67.0544,19.3419,2709
"2026-09-09 18:00:00","2026-09-10 09:00:00","CAPE","surface",-67.0305,19.3419,2709
"2026-09-09 18:00:00","2026-09-10 09:00:00","CAPE","surface",-67.0066,19.3419,2679
"2026-09-09 18:00:00","2026-09-10 09:00:00","CAPE","surface",-74.7822,19.3645,2312
"2026-09-09 18:00:00","2026-09-10 09:00:00","CAPE","surface",-74.7583,19.3645,2430
"2026-09-09 18:00:00","2026-09-10 09:00:00","CAPE","surface",-74.7344,19.3645,2421
"2026-09-09 18:00:00","2026-09-10 09:00:00","CAPE","surface",-74.7105,19.3645,2507
"2026-09-09 18:00:00","2026-09-10 09:00:00","CAPE","surface",-74.6865,19.3645,2507
"2026-09-09 18:00:00","2026-09-10 09:00:00","CAPE","surface",-74.6626,19.3645,2552
"2026-09-09 18:00:00","2026-09-10 09:00:00","CAPE","surface",-74.6387,19.3645,2559
"2026-09-09 18:00:00","2026-09-10 09:00:00","CAPE","surface",-74.6148,19.3645,2663
"2026-09-09 18:00:00","2026-09-10 09:00:00","CAPE","surface",-74.5908,19.3645,2704
"2026-09-09 18:00:00","2026-09-10 09:00:00","CAPE","surface",-74.5669,19.3645,2802
"2026-09-09 18:00:00","2026-09-10 09:00:00","CAPE","surface",-74.543,19.3645,2843
"2026-09-09 18:00:00","2026-09-10 09:00:00","CAPE","surface",-74.5191,19.3645,2970
"2026-09-09 18:00:00","2026-09-10 09:00:00","CAPE","surface",-74.4951,19.3645,2981
"2026-09-09 18:00:00","2026-09-10 09:00:00","CAPE","surface",-74.4712,19.3645,2917
"2026-09-09 18:00:00","2026-09-10 09:00:00","CAPE","surface",-74.4473,19.3645,2934
"2026-09-09 18:00:00","2026-09-10 09:00:00","CAPE","surface",-74.4234,19.3645,2939
"2026-09-09 18:00:00","2026-09-10 09:00:00","CAPE","surface",-74.3994,19.3645,2936
"2026-09-09 18:00:00","2026-09-10 09:00:00","CAPE","surface",-74.3755,19.3645,3114
"2026-09-09 18:00:00","2026-09-10 09:00:00","CAPE","surface",-74.3516,19.3645,3114
"2026-09-09 18:00:00","2026-09-10 09:00:00","CAPE","surface",-74.3277,19.3645,3051
"2026-09-09 18:00:00","2026-09-10 09:00:00","CAPE","surface",-74.3037,19.3645,3021
"2026-09-09 18:00:00","2026-09-10 09:00:00","CAPE","surface",-74.2798,19.3645,2861
"2026-09-09 18:00:00","2026-09-10 09:00:00","CAPE","surface",-74.2559,19.3645,2887
"2026-09-09 18:00:00","2026-09-10 09:00:00","CAPE","surface",-74.232,19.3645,2888
"2026-09-09 18:00:00","2026-09-10 09:00:00","CAPE","surface",-74.208,19.3645,2934
"2026-09-09 18:00:00","2026-09-10 09:00:00","CAPE","surface",-74.1841,19.3645,2938
"2026-09-09 18:00:00","2026-09-10 09:00:00","CAPE","surface",-74.1602,19.3645,2938
"2026-09-09 18:00:00","2026-09-10 09:00:00","CAPE","surface",-74.1363,19.3645,2900
"2026-09-09 18:00:00","2026-09-10 09:00:00","CAPE","surface",-74.1123,19.3645,2832
"2026-09-09 18:00:00","2026-09-10 09:00:00","CAPE","surface",-74.0884,19.3645,2523
"2026-09-09 18:00:00","2026-09-10 09:00:00","CAPE","surface",-74.0645,19.3645,2494
"2026-09-09 18:00:00","2026-09-10 09:00:00","CAPE","surface",-74.0406,19.3645,2448
"2026-09-09 18:00:00","2026-09-10 09:00:00","CAPE","surface",-74.0166,19.3645,2448
"2026-09-09 18:00:00","2026-09-10 09:00:00","CAPE","surface",-73.9927,19.3645,2558
"2026-09-09 18:00:00","2026-09-10 09:00:00","CAPE","surface",-73.9688,19.3645,2592
"2026-09-09 18:00:00","2026-09-10 09:00:00","CAPE","surface",-73.9449,19.3645,2292
"2026-09-09 18:00:00","2026-09-10 09:00:00","CAPE","surface",-73.9209,19.3645,2169
"2026-09-09 18:00:00","2026-09-10 09:00:00","CAPE","surface",-73.897,19.3645,2032
"2026-09-09 18:00:00","2026-09-10 09:00:00","CAPE","surface",-73.8731,19.3645,1887
"2026-09-09 18:00:00","2026-09-10 09:00:00","CAPE","surface",-73.8492,19.3645,1880
"2026-09-09 18:00:00","2026-09-10 09:00:00","CAPE","surface",-73.8252,19.3645,1814
"2026-09-09 18:00:00","2026-09-10 09:00:00","CAPE","surface",-73.8013,19.3645,1856
"2026-09-09 18:00:00","2026-09-10 09:00:00","CAPE","surface",-73.7774,19.3645,1839
"2026-09-09 18:00:00","2026-09-10 09:00:00","CAPE","surface",-73.7535,19.3645,1859
"2026-09-09 18:00:00","2026-09-10 09:00:00","CAPE","surface",-73.7295,19.3645,1761
"2026-09-09 18:00:00","2026-09-10 09:00:00","CAPE","surface",-73.7056,19.3645,1726
"2026-09-09 18:00:00","2026-09-10 09:00:00","CAPE","surface",-73.6817,19.3645,1616
"2026-09-09 18:00:00","2026-09-10 09:00:00","CAPE","surface",-73.6578,19.3645,1647
"2026-09-09 18:00:00","2026-09-10 09:00:00","CAPE","surface",-73.6338,19.3645,1583
"2026-09-09 18:00:00","2026-09-10 09:00:00","CAPE","surface",-73.6099,19.3645,1616
"2026-09-09 18:00:00","2026-09-10 09:00:00","CAPE","surface",-73.586,19.3645,1604
"2026-09-09 18:00:00","2026-09-10 09:00:00","CAPE","surface",-73.5621,19.3645,1629
"2026-09-09 18:00:00","2026-09-10 09:00:00","CAPE","surface",-73.5381,19.3645,1740
"2026-09-09 18:00:00","2026-09-10 09:00:00","CAPE","surface",-73.5142,19.3645,1740
"2026-09-09 18:00:00","2026-09-10 09:00:00","CAPE","surface",-73.4903,19.3645,1874
"2026-09-09 18:00:00","2026-09-10 09:00:00","CAPE","surface",-73.4664,19.3645,1918
"2026-09-09 18:00:00","2026-09-10 09:00:00","CAPE","surface",-73.4424,19.3645,1973
"2026-09-09 18:00:00","2026-09-10 09:00:00","CAPE","surface",-73.4185,19.3645,2027
"2026-09-09 18:00:00","2026-09-10 09:00:00","CAPE","surface",-73.3946,19.3645,2034
"2026-09-09 18:00:00","2026-09-10 09:00:00","CAPE","surface",-73.3707,19.3645,2122
"2026-09-09 18:00:00","2026-09-10 09:00:00","CAPE","surface",-73.3467,19.3645,2201
"2026-09-09 18:00:00","2026-09-10 09:00:00","CAPE","surface",-73.3228,19.3645,2248
"2026-09-09 18:00:00","2026-09-10 09:00:00","CAPE","surface",-73.2989,19.3645,2080
"2026-09-09 18:00:00","2026-09-10 09:00:00","CAPE","surface",-73.275,19.3645,2056
"2026-09-09 18:00:00","2026-09-10 09:00:00","CAPE","surface",-73.251,19.3645,1935
"2026-09-09 18:00:00","2026-09-10 09:00:00","CAPE","surface",-73.2271,19.3645,1979
"2026-09-09 18:00:00","2026-09-10 09:00:00","CAPE","surface",-73.2032,19.3645,1982
"2026-09-09 18:00:00","2026-09-10 09:00:00","CAPE","surface",-73.1793,19.3645,2167
"2026-09-09 18:00:00","2026-09-10 09:00:00","CAPE","surface",-73.1553,19.3645,2210
"2026-09-09 18:00:00","2026-09-10 09:00:00","CAPE","surface",-73.1314,19.3645,2210
"2026-09-09 18:00:00","2026-09-10 09:00:00","CAPE","surface",-73.1075,19.3645,1959
"2026-09-09 18:00:00","2026-09-10 09:00:00","CAPE","surface",-73.0836,19.3645,1879
"2026-09-09 18:00:00","2026-09-10 09:00:00","CAPE","surface",-73.0596,19.3645,1805
"2026-09-09 18:00:00","2026-09-10 09:00:00","CAPE","surface",-73.0357,19.3645,1717
"2026-09-09 18:00:00","2026-09-10 09:00:00","CAPE","surface",-73.0118,19.3645,1717
"2026-09-09 18:00:00","2026-09-10 09:00:00","CAPE","surface",-72.9879,19.3645,1636
"2026-09-09 18:00:00","2026-09-10 09:00:00","CAPE","surface",-72.9639,19.3645,1625
"2026-09-09 18:00:00","2026-09-10 09:00:00","CAPE","surface",-72.94,19.3645,1569
"2026-09-09 18:00:00","2026-09-10 09:00:00","CAPE","surface",-72.9161,19.3645,1556
"2026-09-09 18:00:00","2026-09-10 09:00:00","CAPE","surface",-72.8922,19.3645,1504
"2026-09-09 18:00:00","2026-09-10 09:00:00","CAPE","surface",-72.8682,19.3645,1473
"2026-09-09 18:00:00","2026-09-10 09:00:00","CAPE","surface",-72.8443,19.3645,1381
"2026-09-09 18:00:00","2026-09-10 09:00:00","CAPE","surface",-72.8204,19.3645,1367
"2026-09-09 18:00:00","2026-09-10 09:00:00","CAPE","surface",-72.7965,19.3645,1238
"2026-09-09 18:00:00","2026-09-10 09:00:00","CAPE","surface",-72.7725,19.3645,1238
"2026-09-09 18:00:00","2026-09-10 09:00:00","CAPE","surface",-72.7486,19.3645,1119
"2026-09-09 18:00:00","2026-09-10 09:00:00","CAPE","surface",-72.7247,19.3645,1197
"2026-09-09 18:00:00","2026-09-10 09:00:00","CAPE","surface",-72.7008,19.3645,707
"2026-09-09 18:00:00","2026-09-10 09:00:00","CAPE","surface",-72.6768,19.3645,521
"2026-09-09 18:00:00","2026-09-10 09:00:00","CAPE","surface",-72.6529,19.3645,614
"2026-09-09 18:00:00","2026-09-10 09:00:00","CAPE","surface",-72.629,19.3645,614
"2026-09-09 18:00:00","2026-09-10 09:00:00","CAPE","surface",-72.6051,19.3645,638
"2026-09-09 18:00:00","2026-09-10 09:00:00","CAPE","surface",-72.5811,19.3645,624
"2026-09-09 18:00:00","2026-09-10 09:00:00","CAPE","surface",-72.5572,19.3645,552
"2026-09-09 18:00:00","2026-09-10 09:00:00","CAPE","surface",-72.5333,19.3645,543
"2026-09-09 18:00:00","2026-09-10 09:00:00","CAPE","surface",-72.5094,19.3645,504
"2026-09-09 18:00:00","2026-09-10 09:00:00","CAPE","surface",-72.4854,19.3645,505
"2026-09-09 18:00:00","2026-09-10 09:00:00","CAPE","surface",-72.4615,19.3645,515
"2026-09-09 18:00:00","2026-09-10 09:00:00","CAPE","surface",-72.4376,19.3645,548
"2026-09-09 18:00:00","2026-09-10 09:00:00","CAPE","surface",-72.4137,19.3645,603
"2026-09-09 18:00:00","2026-09-10 09:00:00","CAPE","surface",-72.3897,19.3645,604
"2026-09-09 18:00:00","2026-09-10 09:00:00","CAPE","surface",-72.3658,19.3645,591
"2026-09-09 18:00:00","2026-09-10 09:00:00","CAPE","surface",-72.3419,19.3645,525
"2026-09-09 18:00:00","2026-09-10 09:00:00","CAPE","surface",-72.318,19.3645,542
"2026-09-09 18:00:00","2026-09-10 09:00:00","CAPE","surface",-72.294,19.3645,517
"2026-09-09 18:00:00","2026-09-10 09:00:00","CAPE","surface",-72.2701,19.3645,517
"2026-09-09 18:00:00","2026-09-10 09:00:00","CAPE","surface",-72.2462,19.3645,498
"2026-09-09 18:00:00","2026-09-10 09:00:00","CAPE","surface",-72.2223,19.3645,496
"2026-09-09 18:00:00","2026-09-10 09:00:00","CAPE","surface",-72.1983,19.3645,464
"2026-09-09 18:00:00","2026-09-10 09:00:00","CAPE","surface",-72.1744,19.3645,456
"2026-09-09 18:00:00","2026-09-10 09:00:00","CAPE","surface",-72.1505,19.3645,483
"2026-09-09 18:00:00","2026-09-10 09:00:00","CAPE","surface",-72.1266,19.3645,444
"2026-09-09 18:00:00","2026-09-10 09:00:00","CAPE","surface",-72.1026,19.3645,399
"2026-09-09 18:00:00","2026-09-10 09:00:00","CAPE","surface",-72.0787,19.3645,405
"2026-09-09 18:00:00","2026-09-10 09:00:00","CAPE","surface",-72.0548,19.3645,426
"2026-09-09 18:00:00","2026-09-10 09:00:00","CAPE","surface",-72.0309,19.3645,418
"2026-09-09 18:00:00","2026-09-10 09:00:00","CAPE","surface",-72.0069,19.3645,409
"2026-09-09 18:00:00","2026-09-10 09:00:00","CAPE","surface",-71.983,19.3645,389
"2026-09-09 18:00:00","2026-09-10 09:00:00","CAPE","surface",-71.9591,19.3645,362
"2026-09-09 18:00:00","2026-09-10 09:00:00","CAPE","surface",-71.9352,19.3645,379
"2026-09-09 18:00:00","2026-09-10 09:00:00","CAPE","surface",-71.9112,19.3645,352
"2026-09-09 18:00:00","2026-09-10 09:00:00","CAPE","surface",-71.8873,19.3645,374
"2026-09-09 18:00:00","2026-09-10 09:00:00","CAPE","surface",-71.8634,19.3645,380
"2026-09-09 18:00:00","2026-09-10 09:00:00","CAPE","surface",-71.8395,19.3645,374
"2026-09-09 18:00:00","2026-09-10 09:00:00","CAPE","surface",-71.8155,19.3645,374
"2026-09-09 18:00:00","2026-09-10 09:00:00","CAPE","surface",-71.7916,19.3645,414
"2026-09-09 18:00:00","2026-09-10 09:00:00","CAPE","surface",-71.7677,19.3645,438
"2026-09-09 18:00:00","2026-09-10 09:00:00","CAPE","surface",-71.7438,19.3645,589
"2026-09-09 18:00:00","2026-09-10 09:00:00","CAPE","surface",-71.7198,19.3645,632
"2026-09-09 18:00:00","2026-09-10 09:00:00","CAPE","surface",-71.6959,19.3645,595
"2026-09-09 18:00:00","2026-09-10 09:00:00","CAPE","surface",-71.672,19.3645,616
"2026-09-09 18:00:00","2026-09-10 09:00:00","CAPE","surface",-71.6481,19.3645,439
"2026-09-09 18:00:00","2026-09-10 09:00:00","CAPE","surface",-71.6241,19.3645,446
"2026-09-09 18:00:00","2026-09-10 09:00:00","CAPE","surface",-71.6002,19.3645,474
"2026-09-09 18:00:00","2026-09-10 09:00:00","CAPE","surface",-71.5763,19.3645,415
"2026-09-09 18:00:00","2026-09-10 09:00:00","CAPE","surface",-71.5524,19.3645,438
"2026-09-09 18:00:00","2026-09-10 09:00:00","CAPE","surface",-71.5284,19.3645,462
"2026-09-09 18:00:00","2026-09-10 09:00:00","CAPE","surface",-71.5045,19.3645,524
"2026-09-09 18:00:00","2026-09-10 09:00:00","CAPE","surface",-71.4806,19.3645,544
"2026-09-09 18:00:00","2026-09-10 09:00:00","CAPE","surface",-71.4567,19.3645,544
"2026-09-09 18:00:00","2026-09-10 09:00:00","CAPE","surface",-71.4327,19.3645,544
"2026-09-09 18:00:00","2026-09-10 09:00:00","CAPE","surface",-71.4088,19.3645,633
"2026-09-09 18:00:00","2026-09-10 09:00:00","CAPE","surface",-71.3849,19.3645,580
"2026-09-09 18:00:00","2026-09-10 09:00:00","CAPE","surface",-71.361,19.3645,646
"2026-09-09 18:00:00","2026-09-10 09:00:00","CAPE","surface",-71.337,19.3645,524
"2026-09-09 18:00:00","2026-09-10 09:00:00","CAPE","surface",-71.3131,19.3645,613
"2026-09-09 18:00:00","2026-09-10 09:00:00","CAPE","surface",-71.2892,19.3645,422
"2026-09-09 18:00:00","2026-09-10 09:00:00","CAPE","surface",-71.2653,19.3645,521
"2026-09-09 18:00:00","2026-09-10 09:00:00","CAPE","surface",-71.2413,19.3645,306
"2026-09-09 18:00:00","2026-09-10 09:00:00","CAPE","surface",-71.2174,19.3645,309
"2026-09-09 18:00:00","2026-09-10 09:00:00","CAPE","surface",-71.1935,19.3645,261
"2026-09-09 18:00:00","2026-09-10 09:00:00","CAPE","surface",-71.1696,19.3645,372
"2026-09-09 18:00:00","2026-09-10 09:00:00","CAPE","surface",-71.1456,19.3645,336
"2026-09-09 18:00:00","2026-09-10 09:00:00","CAPE","surface",-71.1217,19.3645,444
"2026-09-09 18:00:00","2026-09-10 09:00:00","CAPE","surface",-71.0978,19.3645,441
"2026-09-09 18:00:00","2026-09-10 09:00:00","CAPE","surface",-71.0739,19.3645,489
"2026-09-09 18:00:00","2026-09-10 09:00:00","CAPE","surface",-71.0499,19.3645,488
"2026-09-09 18:00:00","2026-09-10 09:00:00","CAPE","surface",-71.026,19.3645,534
"2026-09-09 18:00:00","2026-09-10 09:00:00","CAPE","surface",-71.0021,19.3645,534
"2026-09-09 18:00:00","2026-09-10 09:00:00","CAPE","surface",-70.9782,19.3645,585
"2026-09-09 18:00:00","2026-09-10 09:00:00","CAPE","surface",-70.9542,19.3645,588
"2026-09-09 18:00:00","2026-09-10 09:00:00","CAPE","surface",-70.9303,19.3645,648
"2026-09-09 18:00:00","2026-09-10 09:00:00","CAPE","surface",-70.9064,19.3645,736
"2026-09-09 18:00:00","2026-09-10 09:00:00","CAPE","surface",-70.8825,19.3645,736
"2026-09-09 18:00:00","2026-09-10 09:00:00","CAPE","surface",-70.8585,19.3645,835
"2026-09-09 18:00:00","2026-09-10 09:00:00","CAPE","surface",-70.8346,19.3645,848
"2026-09-09 18:00:00","2026-09-10 09:00:00","CAPE","surface",-70.8107,19.3645,899
"2026-09-09 18:00:00","2026-09-10 09:00:00","CAPE","surface",-70.7868,19.3645,899
"2026-09-09 18:00:00","2026-09-10 09:00:00","CAPE","surface",-70.7628,19.3645,925
"2026-09-09 18:00:00","2026-09-10 09:00:00","CAPE","surface",-70.7389,19.3645,935
"2026-09-09 18:00:00","2026-09-10 09:00:00","CAPE","surface",-70.715,19.3645,978
"2026-09-09 18:00:00","2026-09-10 09:00:00","CAPE","surface",-70.6911,19.3645,1004
"2026-09-09 18:00:00","2026-09-10 09:00:00","CAPE","surface",-70.6671,19.3645,1084
"2026-09-09 18:00:00","2026-09-10 09:00:00","CAPE","surface",-70.6432,19.3645,1107
"2026-09-09 18:00:00","2026-09-10 09:00:00","CAPE","surface",-70.6193,19.3645,1211
"2026-09-09 18:00:00","2026-09-10 09:00:00","CAPE","surface",-70.5954,19.3645,1263
"2026-09-09 18:00:00","2026-09-10 09:00:00","CAPE","surface",-70.5714,19.3645,1263
"2026-09-09 18:00:00","2026-09-10 09:00:00","CAPE","surface",-70.5475,19.3645,1282
"2026-09-09 18:00:00","2026-09-10 09:00:00","CAPE","surface",-70.5236,19.3645,1322
"2026-09-09 18:00:00","2026-09-10 09:00:00","CAPE","surface",-70.4997,19.3645,1326
"2026-09-09 18:00:00","2026-09-10 09:00:00","CAPE","surface",-70.4757,19.3645,1343
"2026-09-09 18:00:00","2026-09-10 09:00:00","CAPE","surface",-70.4518,19.3645,1353
"2026-09-09 18:00:00","2026-09-10 09:00:00","CAPE","surface",-70.4279,19.3645,1369
"2026-09-09 18:00:00","2026-09-10 09:00:00","CAPE","surface",-70.404,19.3645,1428
"2026-09-09 18:00:00","2026-09-10 09:00:00","CAPE","surface",-70.38,19.3645,1416
"2026-09-09 18:00:00","2026-09-10 09:00:00","CAPE","surface",-70.3561,19.3645,1499
"2026-09-09 18:00:00","2026-09-10 09:00:00","CAPE","surface",-70.3322,19.3645,1499
"2026-09-09 18:00:00","2026-09-10 09:00:00","CAPE","surface",-70.3083,19.3645,1554
"2026-09-09 18:00:00","2026-09-10 09:00:00","CAPE","surface",-70.2843,19.3645,1629
"2026-09-09 18:00:00","2026-09-10 09:00:00","CAPE","surface",-70.2604,19.3645,1677
"2026-09-09 18:00:00","2026-09-10 09:00:00","CAPE","surface",-70.2365,19.3645,1705
"2026-09-09 18:00:00","2026-09-10 09:00:00","CAPE","surface",-70.2126,19.3645,1715
"2026-09-09 18:00:00","2026-09-10 09:00:00","CAPE","surface",-70.1886,19.3645,1733
"2026-09-09 18:00:00","2026-09-10 09:00:00","CAPE","surface",-70.1647,19.3645,1789
"2026-09-09 18:00:00","2026-09-10 09:00:00","CAPE","surface",-70.1408,19.3645,1969
"2026-09-09 18:00:00","2026-09-10 09:00:00","CAPE","surface",-70.1169,19.3645,1969
"2026-09-09 18:00:00","2026-09-10 09:00:00","CAPE","surface",-70.0929,19.3645,2082
"2026-09-09 18:00:00","2026-09-10 09:00:00","CAPE","surface",-70.069,19.3645,2077
"2026-09-09 18:00:00","2026-09-10 09:00:00","CAPE","surface",-70.0451,19.3645,2175
"2026-09-09 18:00:00","2026-09-10 09:00:00","CAPE","surface",-70.0212,19.3645,2230
"2026-09-09 18:00:00","2026-09-10 09:00:00","CAPE","surface",-69.9972,19.3645,2255
"2026-09-09 18:00:00","2026-09-10 09:00:00","CAPE","surface",-69.9733,19.3645,2316
"2026-09-09 18:00:00","2026-09-10 09:00:00","CAPE","surface",-69.9494,19.3645,2297
"2026-09-09 18:00:00","2026-09-10 09:00:00","CAPE","surface",-69.9255,19.3645,2369
"2026-09-09 18:00:00","2026-09-10 09:00:00","CAPE","surface",-69.9015,19.3645,2369
"2026-09-09 18:00:00","2026-09-10 09:00:00","CAPE","surface",-69.8776,19.3645,2414
"2026-09-09 18:00:00","2026-09-10 09:00:00","CAPE","surface",-69.8537,19.3645,2459
"2026-09-09 18:00:00","2026-09-10 09:00:00","CAPE","surface",-69.8298,19.3645,2661
"2026-09-09 18:00:00","2026-09-10 09:00:00","CAPE","surface",-69.8058,19.3645,2661
"2026-09-09 18:00:00","2026-09-10 09:00:00","CAPE","surface",-69.7819,19.3645,2810
"2026-09-09 18:00:00","2026-09-10 09:00:00","CAPE","surface",-69.758,19.3645,2875
"2026-09-09 18:00:00","2026-09-10 09:00:00","CAPE","surface",-69.7341,19.3645,2694
"2026-09-09 18:00:00","2026-09-10 09:00:00","CAPE","surface",-69.7101,19.3645,2162
"2026-09-09 18:00:00","2026-09-10 09:00:00","CAPE","surface",-69.6862,19.3645,2162
"2026-09-09 18:00:00","2026-09-10 09:00:00","CAPE","surface",-69.6623,19.3645,1558
"2026-09-09 18:00:00","2026-09-10 09:00:00","CAPE","surface",-69.6384,19.3645,1115
"2026-09-09 18:00:00","2026-09-10 09:00:00","CAPE","surface",-69.6144,19.3645,1540
"2026-09-09 18:00:00","2026-09-10 09:00:00","CAPE","surface",-69.5905,19.3645,1540
"2026-09-09 18:00:00","2026-09-10 09:00:00","CAPE","surface",-69.5666,19.3645,1728
"2026-09-09 18:00:00","2026-09-10 09:00:00","CAPE","surface",-69.5427,19.3645,1714
"2026-09-09 18:00:00","2026-09-10 09:00:00","CAPE","surface",-69.5187,19.3645,1947
"2026-09-09 18:00:00","2026-09-10 09:00:00","CAPE","surface",-69.4948,19.3645,2398
"2026-09-09 18:00:00","2026-09-10 09:00:00","CAPE","surface",-69.4709,19.3645,2391
"2026-09-09 18:00:00","2026-09-10 09:00:00","CAPE","surface",-69.447,19.3645,2622
"2026-09-09 18:00:00","2026-09-10 09:00:00","CAPE","surface",-69.423,19.3645,2668
"2026-09-09 18:00:00","2026-09-10 09:00:00","CAPE","surface",-69.3991,19.3645,2661
"2026-09-09 18:00:00","2026-09-10 09:00:00","CAPE","surface",-69.3752,19.3645,2661
"2026-09-09 18:00:00","2026-09-10 09:00:00","CAPE","surface",-69.3513,19.3645,2483
"2026-09-09 18:00:00","2026-09-10 09:00:00","CAPE","surface",-69.3273,19.3645,2551
"2026-09-09 18:00:00","2026-09-10 09:00:00","CAPE","surface",-69.3034,19.3645,2655
"2026-09-09 18:00:00","2026-09-10 09:00:00","CAPE","surface",-69.2795,19.3645,2655
"2026-09-09 18:00:00","2026-09-10 09:00:00","CAPE","surface",-69.2556,19.3645,2731
"2026-09-09 18:00:00","2026-09-10 09:00:00","CAPE","surface",-69.2316,19.3645,2733
"2026-09-09 18:00:00","2026-09-10 09:00:00","CAPE","surface",-69.2077,19.3645,2677
"2026-09-09 18:00:00","2026-09-10 09:00:00","CAPE","surface",-69.1838,19.3645,2763
"2026-09-09 18:00:00","2026-09-10 09:00:00","CAPE","surface",-69.1599,19.3645,2763
"2026-09-09 18:00:00","2026-09-10 09:00:00","CAPE","surface",-69.1359,19.3645,2730
"2026-09-09 18:00:00","2026-09-10 09:00:00","CAPE","surface",-69.112,19.3645,2709
"2026-09-09 18:00:00","2026-09-10 09:00:00","CAPE","surface",-69.0881,19.3645,2801
"2026-09-09 18:00:00","2026-09-10 09:00:00","CAPE","surface",-69.0642,19.3645,2801
"2026-09-09 18:00:00","2026-09-10 09:00:00","CAPE","surface",-69.0402,19.3645,2889
"2026-09-09 18:00:00","2026-09-10 09:00:00","CAPE","surface",-69.0163,19.3645,2822
"2026-09-09 18:00:00","2026-09-10 09:00:00","CAPE","surface",-68.9924,19.3645,2732
"2026-09-09 18:00:00","2026-09-10 09:00:00","CAPE","surface",-68.9685,19.3645,2787
"2026-09-09 18:00:00","2026-09-10 09:00:00","CAPE","surface",-68.9445,19.3645,2779
"2026-09-09 18:00:00","2026-09-10 09:00:00","CAPE","surface",-68.9206,19.3645,2984
"2026-09-09 18:00:00","2026-09-10 09:00:00","CAPE","surface",-68.8967,19.3645,3132
"2026-09-09 18:00:00","2026-09-10 09:00:00","CAPE","surface",-68.8728,19.3645,3064
"2026-09-09 18:00:00","2026-09-10 09:00:00","CAPE","surface",-68.8488,19.3645,3234
"2026-09-09 18:00:00","2026-09-10 09:00:00","CAPE","surface",-68.8249,19.3645,3250
"2026-09-09 18:00:00","2026-09-10 09:00:00","CAPE","surface",-68.801,19.3645,3297
"2026-09-09 18:00:00","2026-09-10 09:00:00","CAPE","surface",-68.7771,19.3645,3208
"2026-09-09 18:00:00","2026-09-10 09:00:00","CAPE","surface",-68.7531,19.3645,3229
"2026-09-09 18:00:00","2026-09-10 09:00:00","CAPE","surface",-68.7292,19.3645,3153
"2026-09-09 18:00:00","2026-09-10 09:00:00","CAPE","surface",-68.7053,19.3645,3096
"2026-09-09 18:00:00","2026-09-10 09:00:00","CAPE","surface",-68.6813,19.3645,2767
"2026-09-09 18:00:00","2026-09-10 09:00:00","CAPE","surface",-68.6574,19.3645,3002
"2026-09-09 18:00:00","2026-09-10 09:00:00","CAPE","surface",-68.6335,19.3645,2599
"2026-09-09 18:00:00","2026-09-10 09:00:00","CAPE","surface",-68.6096,19.3645,2467
"2026-09-09 18:00:00","2026-09-10 09:00:00","CAPE","surface",-68.5856,19.3645,2262
"2026-09-09 18:00:00","2026-09-10 09:00:00","CAPE","surface",-68.5617,19.3645,2472
"2026-09-09 18:00:00","2026-09-10 09:00:00","CAPE","surface",-68.5378,19.3645,2612
"2026-09-09 18:00:00","2026-09-10 09:00:00","CAPE","surface",-68.5139,19.3645,2606
"2026-09-09 18:00:00","2026-09-10 09:00:00","CAPE","surface",-68.4899,19.3645,2833
"2026-09-09 18:00:00","2026-09-10 09:00:00","CAPE","surface",-68.466,19.3645,2833
"2026-09-09 18:00:00","2026-09-10 09:00:00","CAPE","surface",-68.4421,19.3645,2991
"2026-09-09 18:00:00","2026-09-10 09:00:00","CAPE","surface",-68.4182,19.3645,3034
"2026-09-09 18:00:00","2026-09-10 09:00:00","CAPE","surface",-68.3942,19.3645,3240
"2026-09-09 18:00:00","2026-09-10 09:00:00","CAPE","surface",-68.3703,19.3645,3283
"2026-09-09 18:00:00","2026-09-10 09:00:00","CAPE","surface",-68.3464,19.3645,3305
"2026-09-09 18:00:00","2026-09-10 09:00:00","CAPE","surface",-68.3225,19.3645,3269
"2026-09-09 18:00:00","2026-09-10 09:00:00","CAPE","surface",-68.2985,19.3645,3326
"2026-09-09 18:00:00","2026-09-10 09:00:00","CAPE","surface",-68.2746,19.3645,3170
"2026-09-09 18:00:00","2026-09-10 09:00:00","CAPE","surface",-68.2507,19.3645,3170
"2026-09-09 18:00:00","2026-09-10 09:00:00","CAPE","surface",-68.2268,19.3645,3038
"2026-09-09 18:00:00","2026-09-10 09:00:00","CAPE","surface",-68.2028,19.3645,3032
"2026-09-09 18:00:00","2026-09-10 09:00:00","CAPE","surface",-68.1789,19.3645,3088
"2026-09-09 18:00:00","2026-09-10 09:00:00","CAPE","surface",-68.155,19.3645,3145
"2026-09-09 18:00:00","2026-09-10 09:00:00","CAPE","surface",-68.1311,19.3645,3186
"2026-09-09 18:00:00","2026-09-10 09:00:00","CAPE","surface",-68.1071,19.3645,3283
"2026-09-09 18:00:00","2026-09-10 09:00:00","CAPE","surface",-68.0832,19.3645,3394
"2026-09-09 18:00:00","2026-09-10 09:00:00","CAPE","surface",-68.0593,19.3645,3391
"2026-09-09 18:00:00","2026-09-10 09:00:00","CAPE","surface",-68.0354,19.3645,3394
"2026-09-09 18:00:00","2026-09-10 09:00:00","CAPE","surface",-68.0114,19.3645,3003
"2026-09-09 18:00:00","2026-09-10 09:00:00","CAPE","surface",-67.9875,19.3645,2787
"2026-09-09 18:00:00","2026-09-10 09:00:00","CAPE","surface",-67.9636,19.3645,2668
"2026-09-09 18:00:00","2026-09-10 09:00:00","CAPE","surface",-67.9397,19.3645,2605
"2026-09-09 18:00:00","2026-09-10 09:00:00","CAPE","surface",-67.9157,19.3645,2633
"2026-09-09 18:00:00","2026-09-10 09:00:00","CAPE","surface",-67.8918,19.3645,2831
"2026-09-09 18:00:00","2026-09-10 09:00:00","CAPE","surface",-67.8679,19.3645,2831
"2026-09-09 18:00:00","2026-09-10 09:00:00","CAPE","surface",-67.844,19.3645,3063
"2026-09-09 18:00:00","2026-09-10 09:00:00","CAPE","surface",-67.82,19.3645,3072
"2026-09-09 18:00:00","2026-09-10 09:00:00","CAPE","surface",-67.7961,19.3645,3180
"2026-09-09 18:00:00","2026-09-10 09:00:00","CAPE","surface",-67.7722,19.3645,3162
"2026-09-09 18:00:00","2026-09-10 09:00:00","CAPE","surface",-67.7483,19.3645,3231
"2026-09-09 18:00:00","2026-09-10 09:00:00","CAPE","surface",-67.7243,19.3645,3233
"2026-09-09 18:00:00","2026-09-10 09:00:00","CAPE","surface",-67.7004,19.3645,3324
"2026-09-09 18:00:00","2026-09-10 09:00:00","CAPE","surface",-67.6765,19.3645,3267
"2026-09-09 18:00:00","2026-09-10 09:00:00","CAPE","surface",-67.6526,19.3645,3267
"2026-09-09 18:00:00","2026-09-10 09:00:00","CAPE","surface",-67.6286,19.3645,3090
"2026-09-09 18:00:00","2026-09-10 09:00:00","CAPE","surface",-67.6047,19.3645,3197
"2026-09-09 18:00:00","2026-09-10 09:00:00","CAPE","surface",-67.5808,19.3645,2883
"2026-09-09 18:00:00","2026-09-10 09:00:00","CAPE","surface",-67.5569,19.3645,2686
"2026-09-09 18:00:00","2026-09-10 09:00:00","CAPE","surface",-67.5329,19.3645,2740
"2026-09-09 18:00:00","2026-09-10 09:00:00","CAPE","surface",-67.509,19.3645,2731
"2026-09-09 18:00:00","2026-09-10 09:00:00","CAPE","surface",-67.4851,19.3645,2769
"2026-09-09 18:00:00","2026-09-10 09:00:00","CAPE","surface",-67.4612,19.3645,2890
"2026-09-09 18:00:00","2026-09-10 09:00:00","CAPE","surface",-67.4372,19.3645,2853
"2026-09-09 18:00:00","2026-09-10 09:00:00","CAPE","surface",-67.4133,19.3645,2921
"2026-09-09 18:00:00","2026-09-10 09:00:00","CAPE","surface",-67.3894,19.3645,2893
"2026-09-09 18:00:00","2026-09-10 09:00:00","CAPE","surface",-67.3655,19.3645,2940
"2026-09-09 18:00:00","2026-09-10 09:00:00","CAPE","surface",-67.3415,19.3645,2940
"2026-09-09 18:00:00","2026-09-10 09:00:00","CAPE","surface",-67.3176,19.3645,2993
"2026-09-09 18:00:00","2026-09-10 09:00:00","CAPE","surface",-67.2937,19.3645,3028
"2026-09-09 18:00:00","2026-09-10 09:00:00","CAPE","surface",-67.2698,19.3645,3028
"2026-09-09 18:00:00","2026-09-10 09:00:00","CAPE","surface",-67.2458,19.3645,3045
"2026-09-09 18:00:00","2026-09-10 09:00:00","CAPE","surface",-67.2219,19.3645,2937
"2026-09-09 18:00:00","2026-09-10 09:00:00","CAPE","surface",-67.198,19.3645,2961
"2026-09-09 18:00:00","2026-09-10 09:00:00","CAPE","surface",-67.1741,19.3645,3286
"2026-09-09 18:00:00","2026-09-10 09:00:00","CAPE","surface",-67.1501,19.3645,3022
"2026-09-09 18:00:00","2026-09-10 09:00:00","CAPE","surface",-67.1262,19.3645,3017
"2026-09-09 18:00:00","2026-09-10 09:00:00","CAPE","surface",-67.1023,19.3645,2837
"2026-09-09 18:00:00","2026-09-10 09:00:00","CAPE","surface",-67.0784,19.3645,2941
"2026-09-09 18:00:00","2026-09-10 09:00:00","CAPE","surface",-67.0544,19.3645,2788
"2026-09-09 18:00:00","2026-09-10 09:00:00","CAPE","surface",-67.0305,19.3645,2738
"2026-09-09 18:00:00","2026-09-10 09:00:00","CAPE","surface",-67.0066,19.3645,2737
"2026-09-09 18:00:00","2026-09-10 09:00:00","CAPE","surface",-74.7822,19.3871,2446
"2026-09-09 18:00:00","2026-09-10 09:00:00","CAPE","surface",-74.7583,19.3871,2446
"2026-09-09 18:00:00","2026-09-10 09:00:00","CAPE","surface",-74.7344,19.3871,2529
"2026-09-09 18:00:00","2026-09-10 09:00:00","CAPE","surface",-74.7105,19.3871,2516
"2026-09-09 18:00:00","2026-09-10 09:00:00","CAPE","surface",-74.6865,19.3871,2554
"2026-09-09 18:00:00","2026-09-10 09:00:00","CAPE","surface",-74.6626,19.3871,2552
"2026-09-09 18:00:00","2026-09-10 09:00:00","CAPE","surface",-74.6387,19.3871,2592
"2026-09-09 18:00:00","2026-09-10 09:00:00","CAPE","surface",-74.6148,19.3871,2623
"2026-09-09 18:00:00","2026-09-10 09:00:00","CAPE","surface",-74.5908,19.3871,2765
"2026-09-09 18:00:00","2026-09-10 09:00:00","CAPE","surface",-74.5669,19.3871,2895
"2026-09-09 18:00:00","2026-09-10 09:00:00","CAPE","surface",-74.543,19.3871,2943
"2026-09-09 18:00:00","2026-09-10 09:00:00","CAPE","surface",-74.5191,19.3871,2970
"2026-09-09 18:00:00","2026-09-10 09:00:00","CAPE","surface",-74.4951,19.3871,2970
"2026-09-09 18:00:00","2026-09-10 09:00:00","CAPE","surface",-74.4712,19.3871,2938
"2026-09-09 18:00:00","2026-09-10 09:00:00","CAPE","surface",-74.4473,19.3871,2947
"2026-09-09 18:00:00","2026-09-10 09:00:00","CAPE","surface",-74.4234,19.3871,3085
"2026-09-09 18:00:00","2026-09-10 09:00:00","CAPE","surface",-74.3994,19.3871,3081
"2026-09-09 18:00:00","2026-09-10 09:00:00","CAPE","surface",-74.3755,19.3871,3130
"2026-09-09 18:00:00","2026-09-10 09:00:00","CAPE","surface",-74.3516,19.3871,3130
"2026-09-09 18:00:00","2026-09-10 09:00:00","CAPE","surface",-74.3277,19.3871,2862
"2026-09-09 18:00:00","2026-09-10 09:00:00","CAPE","surface",-74.3037,19.3871,2848
"2026-09-09 18:00:00","2026-09-10 09:00:00","CAPE","surface",-74.2798,19.3871,2746
"2026-09-09 18:00:00","2026-09-10 09:00:00","CAPE","surface",-74.2559,19.3871,2798
"2026-09-09 18:00:00","2026-09-10 09:00:00","CAPE","surface",-74.232,19.3871,2791
"2026-09-09 18:00:00","2026-09-10 09:00:00","CAPE","surface",-74.208,19.3871,2855
"2026-09-09 18:00:00","2026-09-10 09:00:00","CAPE","surface",-74.1841,19.3871,2916
"2026-09-09 18:00:00","2026-09-10 09:00:00","CAPE","surface",-74.1602,19.3871,2931
"2026-09-09 18:00:00","2026-09-10 09:00:00","CAPE","surface",-74.1363,19.3871,2694
"2026-09-09 18:00:00","2026-09-10 09:00:00","CAPE","surface",-74.1123,19.3871,2590
"2026-09-09 18:00:00","2026-09-10 09:00:00","CAPE","surface",-74.0884,19.3871,2406
"2026-09-09 18:00:00","2026-09-10 09:00:00","CAPE","surface",-74.0645,19.3871,2364
"2026-09-09 18:00:00","2026-09-10 09:00:00","CAPE","surface",-74.0406,19.3871,2379
"2026-09-09 18:00:00","2026-09-10 09:00:00","CAPE","surface",-74.0166,19.3871,2463
"2026-09-09 18:00:00","2026-09-10 09:00:00","CAPE","surface",-73.9927,19.3871,2496
"2026-09-09 18:00:00","2026-09-10 09:00:00","CAPE","surface",-73.9688,19.3871,2496
"2026-09-09 18:00:00","2026-09-10 09:00:00","CAPE","surface",-73.9449,19.3871,2260
"2026-09-09 18:00:00","2026-09-10 09:00:00","CAPE","surface",-73.9209,19.3871,2126
"2026-09-09 18:00:00","2026-09-10 09:00:00","CAPE","surface",-73.897,19.3871,1930
"2026-09-09 18:00:00","2026-09-10 09:00:00","CAPE","surface",-73.8731,19.3871,1887
"2026-09-09 18:00:00","2026-09-10 09:00:00","CAPE","surface",-73.8492,19.3871,1792
"2026-09-09 18:00:00","2026-09-10 09:00:00","CAPE","surface",-73.8252,19.3871,1787
"2026-09-09 18:00:00","2026-09-10 09:00:00","CAPE","surface",-73.8013,19.3871,1778
"2026-09-09 18:00:00","2026-09-10 09:00:00","CAPE","surface",-73.7774,19.3871,1839
"2026-09-09 18:00:00","2026-09-10 09:00:00","CAPE","surface",-73.7535,19.3871,1769
"2026-09-09 18:00:00","2026-09-10 09:00:00","CAPE","surface",-73.7295,19.3871,1761
"2026-09-09 18:00:00","2026-09-10 09:00:00","CAPE","surface",-73.7056,19.3871,1608
"2026-09-09 18:00:00","2026-09-10 09:00:00","CAPE","surface",-73.6817,19.3871,1607
"2026-09-09 18:00:00","2026-09-10 09:00:00","CAPE","surface",-73.6578,19.3871,1539
"2026-09-09 18:00:00","2026-09-10 09:00:00","CAPE","surface",-73.6338,19.3871,1583
"2026-09-09 18:00:00","2026-09-10 09:00:00","CAPE","surface",-73.6099,19.3871,1585
"2026-09-09 18:00:00","2026-09-10 09:00:00","CAPE","surface",-73.586,19.3871,1585
"2026-09-09 18:00:00","2026-09-10 09:00:00","CAPE","surface",-73.5621,19.3871,1633
"2026-09-09 18:00:00","2026-09-10 09:00:00","CAPE","surface",-73.5381,19.3871,1674
"2026-09-09 18:00:00","2026-09-10 09:00:00","CAPE","surface",-73.5142,19.3871,1818
"2026-09-09 18:00:00","2026-09-10 09:00:00","CAPE","surface",-73.4903,19.3871,1874
"2026-09-09 18:00:00","2026-09-10 09:00:00","CAPE","surface",-73.4664,19.3871,1937
"2026-09-09 18:00:00","2026-09-10 09:00:00","CAPE","surface",-73.4424,19.3871,1937
"2026-09-09 18:00:00","2026-09-10 09:00:00","CAPE","surface",-73.4185,19.3871,1967
"2026-09-09 18:00:00","2026-09-10 09:00:00","CAPE","surface",-73.3946,19.3871,2014
"2026-09-09 18:00:00","2026-09-10 09:00:00","CAPE","surface",-73.3707,19.3871,2090
"2026-09-09 18:00:00","2026-09-10 09:00:00","CAPE","surface",-73.3467,19.3871,2116
"2026-09-09 18:00:00","2026-09-10 09:00:00","CAPE","surface",-73.3228,19.3871,2116
"2026-09-09 18:00:00","2026-09-10 09:00:00","CAPE","surface",-73.2989,19.3871,1980
"2026-09-09 18:00:00","2026-09-10 09:00:00","CAPE","surface",-73.275,19.3871,1930
"2026-09-09 18:00:00","2026-09-10 09:00:00","CAPE","surface",-73.251,19.3871,1842
"2026-09-09 18:00:00","2026-09-10 09:00:00","CAPE","surface",-73.2271,19.3871,1851
"2026-09-09 18:00:00","2026-09-10 09:00:00","CAPE","surface",-73.2032,19.3871,1732
"2026-09-09 18:00:00","2026-09-10 09:00:00","CAPE","surface",-73.1793,19.3871,1988
"2026-09-09 18:00:00","2026-09-10 09:00:00","CAPE","surface",-73.1553,19.3871,2258
"2026-09-09 18:00:00","2026-09-10 09:00:00","CAPE","surface",-73.1314,19.3871,2115
"2026-09-09 18:00:00","2026-09-10 09:00:00","CAPE","surface",-73.1075,19.3871,1879
"2026-09-09 18:00:00","2026-09-10 09:00:00","CAPE","surface",-73.0836,19.3871,1879
"2026-09-09 18:00:00","2026-09-10 09:00:00","CAPE","surface",-73.0596,19.3871,1784
"2026-09-09 18:00:00","2026-09-10 09:00:00","CAPE","surface",-73.0357,19.3871,1739
"2026-09-09 18:00:00","2026-09-10 09:00:00","CAPE","surface",-73.0118,19.3871,1647
"2026-09-09 18:00:00","2026-09-10 09:00:00","CAPE","surface",-72.9879,19.3871,1636
"2026-09-09 18:00:00","2026-09-10 09:00:00","CAPE","surface",-72.9639,19.3871,1570
"2026-09-09 18:00:00","2026-09-10 09:00:00","CAPE","surface",-72.94,19.3871,1570
"2026-09-09 18:00:00","2026-09-10 09:00:00","CAPE","surface",-72.9161,19.3871,1529
"2026-09-09 18:00:00","2026-09-10 09:00:00","CAPE","surface",-72.8922,19.3871,1504
"2026-09-09 18:00:00","2026-09-10 09:00:00","CAPE","surface",-72.8682,19.3871,1403
"2026-09-09 18:00:00","2026-09-10 09:00:00","CAPE","surface",-72.8443,19.3871,1381
"2026-09-09 18:00:00","2026-09-10 09:00:00","CAPE","surface",-72.8204,19.3871,1292
"2026-09-09 18:00:00","2026-09-10 09:00:00","CAPE","surface",-72.7965,19.3871,1272
"2026-09-09 18:00:00","2026-09-10 09:00:00","CAPE","surface",-72.7725,19.3871,1131
"2026-09-09 18:00:00","2026-09-10 09:00:00","CAPE","surface",-72.7486,19.3871,983
"2026-09-09 18:00:00","2026-09-10 09:00:00","CAPE","surface",-72.7247,19.3871,925
"2026-09-09 18:00:00","2026-09-10 09:00:00","CAPE","surface",-72.7008,19.3871,919
"2026-09-09 18:00:00","2026-09-10 09:00:00","CAPE","surface",-72.6768,19.3871,853
"2026-09-09 18:00:00","2026-09-10 09:00:00","CAPE","surface",-72.6529,19.3871,508
"2026-09-09 18:00:00","2026-09-10 09:00:00","CAPE","surface",-72.629,19.3871,573
"2026-09-09 18:00:00","2026-09-10 09:00:00","CAPE","surface",-72.6051,19.3871,606
"2026-09-09 18:00:00","2026-09-10 09:00:00","CAPE","surface",-72.5811,19.3871,606
"2026-09-09 18:00:00","2026-09-10 09:00:00","CAPE","surface",-72.5572,19.3871,542
"2026-09-09 18:00:00","2026-09-10 09:00:00","CAPE","surface",-72.5333,19.3871,522
"2026-09-09 18:00:00","2026-09-10 09:00:00","CAPE","surface",-72.5094,19.3871,493
"2026-09-09 18:00:00","2026-09-10 09:00:00","CAPE","surface",-72.4854,19.3871,505
"2026-09-09 18:00:00","2026-09-10 09:00:00","CAPE","surface",-72.4615,19.3871,538
"2026-09-09 18:00:00","2026-09-10 09:00:00","CAPE","surface",-72.4376,19.3871,552
"2026-09-09 18:00:00","2026-09-10 09:00:00","CAPE","surface",-72.4137,19.3871,590
"2026-09-09 18:00:00","2026-09-10 09:00:00","CAPE","surface",-72.3897,19.3871,604
"2026-09-09 18:00:00","2026-09-10 09:00:00","CAPE","surface",-72.3658,19.3871,520
"2026-09-09 18:00:00","2026-09-10 09:00:00","CAPE","surface",-72.3419,19.3871,520
"2026-09-09 18:00:00","2026-09-10 09:00:00","CAPE","surface",-72.318,19.3871,479
"2026-09-09 18:00:00","2026-09-10 09:00:00","CAPE","surface",-72.294,19.3871,492
"2026-09-09 18:00:00","2026-09-10 09:00:00","CAPE","surface",-72.2701,19.3871,491
"2026-09-09 18:00:00","2026-09-10 09:00:00","CAPE","surface",-72.2462,19.3871,452
"2026-09-09 18:00:00","2026-09-10 09:00:00","CAPE","surface",-72.2223,19.3871,452
"2026-09-09 18:00:00","2026-09-10 09:00:00","CAPE","surface",-72.1983,19.3871,448
"2026-09-09 18:00:00","2026-09-10 09:00:00","CAPE","surface",-72.1744,19.3871,491
"2026-09-09 18:00:00","2026-09-10 09:00:00","CAPE","surface",-72.1505,19.3871,477
"2026-09-09 18:00:00","2026-09-10 09:00:00","CAPE","surface",-72.1266,19.3871,425
"2026-09-09 18:00:00","2026-09-10 09:00:00","CAPE","surface",-72.1026,19.3871,373
"2026-09-09 18:00:00","2026-09-10 09:00:00","CAPE","surface",-72.0787,19.3871,361
"2026-09-09 18:00:00","2026-09-10 09:00:00","CAPE","surface",-72.0548,19.3871,388
"2026-09-09 18:00:00","2026-09-10 09:00:00","CAPE","surface",-72.0309,19.3871,418
"2026-09-09 18:00:00","2026-09-10 09:00:00","CAPE","surface",-72.0069,19.3871,415
"2026-09-09 18:00:00","2026-09-10 09:00:00","CAPE","surface",-71.983,19.3871,415
"2026-09-09 18:00:00","2026-09-10 09:00:00","CAPE","surface",-71.9591,19.3871,406
"2026-09-09 18:00:00","2026-09-10 09:00:00","CAPE","surface",-71.9352,19.3871,379
"2026-09-09 18:00:00","2026-09-10 09:00:00","CAPE","surface",-71.9112,19.3871,368
"2026-09-09 18:00:00","2026-09-10 09:00:00","CAPE","surface",-71.8873,19.3871,374
"2026-09-09 18:00:00","2026-09-10 09:00:00","CAPE","surface",-71.8634,19.3871,376
"2026-09-09 18:00:00","2026-09-10 09:00:00","CAPE","surface",-71.8395,19.3871,378
"2026-09-09 18:00:00","2026-09-10 09:00:00","CAPE","surface",-71.8155,19.3871,390
"2026-09-09 18:00:00","2026-09-10 09:00:00","CAPE","surface",-71.7916,19.3871,429
"2026-09-09 18:00:00","2026-09-10 09:00:00","CAPE","surface",-71.7677,19.3871,429
"2026-09-09 18:00:00","2026-09-10 09:00:00","CAPE","surface",-71.7438,19.3871,459
"2026-09-09 18:00:00","2026-09-10 09:00:00","CAPE","surface",-71.7198,19.3871,530
"2026-09-09 18:00:00","2026-09-10 09:00:00","CAPE","surface",-71.6959,19.3871,444
"2026-09-09 18:00:00","2026-09-10 09:00:00","CAPE","surface",-71.672,19.3871,441
"2026-09-09 18:00:00","2026-09-10 09:00:00","CAPE","surface",-71.6481,19.3871,384
"2026-09-09 18:00:00","2026-09-10 09:00:00","CAPE","surface",-71.6241,19.3871,395
"2026-09-09 18:00:00","2026-09-10 09:00:00","CAPE","surface",-71.6002,19.3871,391
"2026-09-09 18:00:00","2026-09-10 09:00:00","CAPE","surface",-71.5763,19.3871,415
"2026-09-09 18:00:00","2026-09-10 09:00:00","CAPE","surface",-71.5524,19.3871,405
"2026-09-09 18:00:00","2026-09-10 09:00:00","CAPE","surface",-71.5284,19.3871,405
"2026-09-09 18:00:00","2026-09-10 09:00:00","CAPE","surface",-71.5045,19.3871,416
"2026-09-09 18:00:00","2026-09-10 09:00:00","CAPE","surface",-71.4806,19.3871,485
"2026-09-09 18:00:00","2026-09-10 09:00:00","CAPE","surface",-71.4567,19.3871,475
"2026-09-09 18:00:00","2026-09-10 09:00:00","CAPE","surface",-71.4327,19.3871,544
"2026-09-09 18:00:00","2026-09-10 09:00:00","CAPE","surface",-71.4088,19.3871,498
"2026-09-09 18:00:00","2026-09-10 09:00:00","CAPE","surface",-71.3849,19.3871,461
"2026-09-09 18:00:00","2026-09-10 09:00:00","CAPE","surface",-71.361,19.3871,485
"2026-09-09 18:00:00","2026-09-10 09:00:00","CAPE","surface",-71.337,19.3871,309
"2026-09-09 18:00:00","2026-09-10 09:00:00","CAPE","surface",-71.3131,19.3871,343
"2026-09-09 18:00:00","2026-09-10 09:00:00","CAPE","surface",-71.2892,19.3871,231
"2026-09-09 18:00:00","2026-09-10 09:00:00","CAPE","surface",-71.2653,19.3871,248
"2026-09-09 18:00:00","2026-09-10 09:00:00","CAPE","surface",-71.2413,19.3871,357
"2026-09-09 18:00:00","2026-09-10 09:00:00","CAPE","surface",-71.2174,19.3871,309
"2026-09-09 18:00:00","2026-09-10 09:00:00","CAPE","surface",-71.1935,19.3871,486
"2026-09-09 18:00:00","2026-09-10 09:00:00","CAPE","surface",-71.1696,19.3871,429
"2026-09-09 18:00:00","2026-09-10 09:00:00","CAPE","surface",-71.1456,19.3871,469
"2026-09-09 18:00:00","2026-09-10 09:00:00","CAPE","surface",-71.1217,19.3871,444
"2026-09-09 18:00:00","2026-09-10 09:00:00","CAPE","surface",-71.0978,19.3871,492
"2026-09-09 18:00:00","2026-09-10 09:00:00","CAPE","surface",-71.0739,19.3871,492
"2026-09-09 18:00:00","2026-09-10 09:00:00","CAPE","surface",-71.0499,19.3871,536
"2026-09-09 18:00:00","2026-09-10 09:00:00","CAPE","surface",-71.026,19.3871,585
"2026-09-09 18:00:00","2026-09-10 09:00:00","CAPE","surface",-71.0021,19.3871,584
"2026-09-09 18:00:00","2026-09-10 09:00:00","CAPE","surface",-70.9782,19.3871,648
"2026-09-09 18:00:00","2026-09-10 09:00:00","CAPE","surface",-70.9542,19.3871,648
"2026-09-09 18:00:00","2026-09-10 09:00:00","CAPE","surface",-70.9303,19.3871,725
"2026-09-09 18:00:00","2026-09-10 09:00:00","CAPE","surface",-70.9064,19.3871,730
"2026-09-09 18:00:00","2026-09-10 09:00:00","CAPE","surface",-70.8825,19.3871,818
"2026-09-09 18:00:00","2026-09-10 09:00:00","CAPE","surface",-70.8585,19.3871,835
"2026-09-09 18:00:00","2026-09-10 09:00:00","CAPE","surface",-70.8346,19.3871,878
"2026-09-09 18:00:00","2026-09-10 09:00:00","CAPE","surface",-70.8107,19.3871,893
"2026-09-09 18:00:00","2026-09-10 09:00:00","CAPE","surface",-70.7868,19.3871,920
"2026-09-09 18:00:00","2026-09-10 09:00:00","CAPE","surface",-70.7628,19.3871,925
"2026-09-09 18:00:00","2026-09-10 09:00:00","CAPE","surface",-70.7389,19.3871,946
"2026-09-09 18:00:00","2026-09-10 09:00:00","CAPE","surface",-70.715,19.3871,1038
"2026-09-09 18:00:00","2026-09-10 09:00:00","CAPE","surface",-70.6911,19.3871,1061
"2026-09-09 18:00:00","2026-09-10 09:00:00","CAPE","surface",-70.6671,19.3871,1132
"2026-09-09 18:00:00","2026-09-10 09:00:00","CAPE","surface",-70.6432,19.3871,1172
"2026-09-09 18:00:00","2026-09-10 09:00:00","CAPE","surface",-70.6193,19.3871,1185
"2026-09-09 18:00:00","2026-09-10 09:00:00","CAPE","surface",-70.5954,19.3871,1216
"2026-09-09 18:00:00","2026-09-10 09:00:00","CAPE","surface",-70.5714,19.3871,1253
"2026-09-09 18:00:00","2026-09-10 09:00:00","CAPE","surface",-70.5475,19.3871,1282
"2026-09-09 18:00:00","2026-09-10 09:00:00","CAPE","surface",-70.5236,19.3871,1287
"2026-09-09 18:00:00","2026-09-10 09:00:00","CAPE","surface",-70.4997,19.3871,1310
"2026-09-09 18:00:00","2026-09-10 09:00:00","CAPE","surface",-70.4757,19.3871,1346
"2026-09-09 18:00:00","2026-09-10 09:00:00","CAPE","surface",-70.4518,19.3871,1353
"2026-09-09 18:00:00","2026-09-10 09:00:00","CAPE","surface",-70.4279,19.3871,1403
"2026-09-09 18:00:00","2026-09-10 09:00:00","CAPE","surface",-70.404,19.3871,1455
"2026-09-09 18:00:00","2026-09-10 09:00:00","CAPE","surface",-70.38,19.3871,1469
"2026-09-09 18:00:00","2026-09-10 09:00:00","CAPE","surface",-70.3561,19.3871,1504
"2026-09-09 18:00:00","2026-09-10 09:00:00","CAPE","surface",-70.3322,19.3871,1535
"2026-09-09 18:00:00","2026-09-10 09:00:00","CAPE","surface",-70.3083,19.3871,1585
"2026-09-09 18:00:00","2026-09-10 09:00:00","CAPE","surface",-70.2843,19.3871,1585
"2026-09-09 18:00:00","2026-09-10 09:00:00","CAPE","surface",-70.2604,19.3871,1647
"2026-09-09 18:00:00","2026-09-10 09:00:00","CAPE","surface",-70.2365,19.3871,1705
"2026-09-09 18:00:00","2026-09-10 09:00:00","CAPE","surface",-70.2126,19.3871,1682
"2026-09-09 18:00:00","2026-09-10 09:00:00","CAPE","surface",-70.1886,19.3871,1682
"2026-09-09 18:00:00","2026-09-10 09:00:00","CAPE","surface",-70.1647,19.3871,1825
"2026-09-09 18:00:00","2026-09-10 09:00:00","CAPE","surface",-70.1408,19.3871,2068
"2026-09-09 18:00:00","2026-09-10 09:00:00","CAPE","surface",-70.1169,19.3871,2095
"2026-09-09 18:00:00","2026-09-10 09:00:00","CAPE","surface",-70.0929,19.3871,2114
"2026-09-09 18:00:00","2026-09-10 09:00:00","CAPE","surface",-70.069,19.3871,2114
"2026-09-09 18:00:00","2026-09-10 09:00:00","CAPE","surface",-70.0451,19.3871,2189
"2026-09-09 18:00:00","2026-09-10 09:00:00","CAPE","surface",-70.0212,19.3871,2230
"2026-09-09 18:00:00","2026-09-10 09:00:00","CAPE","surface",-69.9972,19.3871,2353
"2026-09-09 18:00:00","2026-09-10 09:00:00","CAPE","surface",-69.9733,19.3871,2353
"2026-09-09 18:00:00","2026-09-10 09:00:00","CAPE","surface",-69.9494,19.3871,2379
"2026-09-09 18:00:00","2026-09-10 09:00:00","CAPE","surface",-69.9255,19.3871,2356
"2026-09-09 18:00:00","2026-09-10 09:00:00","CAPE","surface",-69.9015,19.3871,2364
"2026-09-09 18:00:00","2026-09-10 09:00:00","CAPE","surface",-69.8776,19.3871,2414
"2026-09-09 18:00:00","2026-09-10 09:00:00","CAPE","surface",-69.8537,19.3871,2473
"2026-09-09 18:00:00","2026-09-10 09:00:00","CAPE","surface",-69.8298,19.3871,2794
"2026-09-09 18:00:00","2026-09-10 09:00:00","CAPE","surface",-69.8058,19.3871,2823
"2026-09-09 18:00:00","2026-09-10 09:00:00","CAPE","surface",-69.7819,19.3871,2893
"2026-09-09 18:00:00","2026-09-10 09:00:00","CAPE","surface",-69.758,19.3871,2893
"2026-09-09 18:00:00","2026-09-10 09:00:00","CAPE","surface",-69.7341,19.3871,2788
"2026-09-09 18:00:00","2026-09-10 09:00:00","CAPE","surface",-69.7101,19.3871,2650
"2026-09-09 18:00:00","2026-09-10 09:00:00","CAPE","surface",-69.6862,19.3871,1907
"2026-09-09 18:00:00","2026-09-10 09:00:00","CAPE","surface",-69.6623,19.3871,1907
"2026-09-09 18:00:00","2026-09-10 09:00:00","CAPE","surface",-69.6384,19.3871,1666
"2026-09-09 18:00:00","2026-09-10 09:00:00","CAPE","surface",-69.6144,19.3871,1733
"2026-09-09 18:00:00","2026-09-10 09:00:00","CAPE","surface",-69.5905,19.3871,1726
"2026-09-09 18:00:00","2026-09-10 09:00:00","CAPE","surface",-69.5666,19.3871,2053
"2026-09-09 18:00:00","2026-09-10 09:00:00","CAPE","surface",-69.5427,19.3871,2053
"2026-09-09 18:00:00","2026-09-10 09:00:00","CAPE","surface",-69.5187,19.3871,2424
"2026-09-09 18:00:00","2026-09-10 09:00:00","CAPE","surface",-69.4948,19.3871,2398
"2026-09-09 18:00:00","2026-09-10 09:00:00","CAPE","surface",-69.4709,19.3871,2574
"2026-09-09 18:00:00","2026-09-10 09:00:00","CAPE","surface",-69.447,19.3871,2574
"2026-09-09 18:00:00","2026-09-10 09:00:00","CAPE","surface",-69.423,19.3871,2527
"2026-09-09 18:00:00","2026-09-10 09:00:00","CAPE","surface",-69.3991,19.3871,2588
"2026-09-09 18:00:00","2026-09-10 09:00:00","CAPE","surface",-69.3752,19.3871,2463
"2026-09-09 18:00:00","2026-09-10 09:00:00","CAPE","surface",-69.3513,19.3871,2468
"2026-09-09 18:00:00","2026-09-10 09:00:00","CAPE","surface",-69.3273,19.3871,2468
"2026-09-09 18:00:00","2026-09-10 09:00:00","CAPE","surface",-69.3034,19.3871,2568
"2026-09-09 18:00:00","2026-09-10 09:00:00","CAPE","surface",-69.2795,19.3871,2643
"2026-09-09 18:00:00","2026-09-10 09:00:00","CAPE","surface",-69.2556,19.3871,2727
"2026-09-09 18:00:00","2026-09-10 09:00:00","CAPE","surface",-69.2316,19.3871,2727
"2026-09-09 18:00:00","2026-09-10 09:00:00","CAPE","surface",-69.2077,19.3871,2801
"2026-09-09 18:00:00","2026-09-10 09:00:00","CAPE","surface",-69.1838,19.3871,2828
"2026-09-09 18:00:00","2026-09-10 09:00:00","CAPE","surface",-69.1599,19.3871,2767
"2026-09-09 18:00:00","2026-09-10 09:00:00","CAPE","surface",-69.1359,19.3871,2767
"2026-09-09 18:00:00","2026-09-10 09:00:00","CAPE","surface",-69.112,19.3871,2813
"2026-09-09 18:00:00","2026-09-10 09:00:00","CAPE","surface",-69.0881,19.3871,2950
"2026-09-09 18:00:00","2026-09-10 09:00:00","CAPE","surface",-69.0642,19.3871,2907
"2026-09-09 18:00:00","2026-09-10 09:00:00","CAPE","surface",-69.0402,19.3871,2846
"2026-09-09 18:00:00","2026-09-10 09:00:00","CAPE","surface",-69.0163,19.3871,2846
"2026-09-09 18:00:00","2026-09-10 09:00:00","CAPE","surface",-68.9924,19.3871,2818
"2026-09-09 18:00:00","2026-09-10 09:00:00","CAPE","surface",-68.9685,19.3871,2787
"2026-09-09 18:00:00","2026-09-10 09:00:00","CAPE","surface",-68.9445,19.3871,2894
"2026-09-09 18:00:00","2026-09-10 09:00:00","CAPE","surface",-68.9206,19.3871,2894
"2026-09-09 18:00:00","2026-09-10 09:00:00","CAPE","surface",-68.8967,19.3871,2973
"2026-09-09 18:00:00","2026-09-10 09:00:00","CAPE","surface",-68.8728,19.3871,2984
"2026-09-09 18:00:00","2026-09-10 09:00:00","CAPE","surface",-68.8488,19.3871,3095
"2026-09-09 18:00:00","2026-09-10 09:00:00","CAPE","surface",-68.8249,19.3871,2942
"2026-09-09 18:00:00","2026-09-10 09:00:00","CAPE","surface",-68.801,19.3871,3062
"2026-09-09 18:00:00","2026-09-10 09:00:00","CAPE","surface",-68.7771,19.3871,3128
"2026-09-09 18:00:00","2026-09-10 09:00:00","CAPE","surface",-68.7531,19.3871,3229
"2026-09-09 18:00:00","2026-09-10 09:00:00","CAPE","surface",-68.7292,19.3871,3222
"2026-09-09 18:00:00","2026-09-10 09:00:00","CAPE","surface",-68.7053,19.3871,3227
"2026-09-09 18:00:00","2026-09-10 09:00:00","CAPE","surface",-68.6813,19.3871,3203
"2026-09-09 18:00:00","2026-09-10 09:00:00","CAPE","surface",-68.6574,19.3871,3155
"2026-09-09 18:00:00","2026-09-10 09:00:00","CAPE","surface",-68.6335,19.3871,2839
"2026-09-09 18:00:00","2026-09-10 09:00:00","CAPE","surface",-68.6096,19.3871,3038
"2026-09-09 18:00:00","2026-09-10 09:00:00","CAPE","surface",-68.5856,19.3871,2681
"2026-09-09 18:00:00","2026-09-10 09:00:00","CAPE","surface",-68.5617,19.3871,2680
"2026-09-09 18:00:00","2026-09-10 09:00:00","CAPE","surface",-68.5378,19.3871,2612
"2026-09-09 18:00:00","2026-09-10 09:00:00","CAPE","surface",-68.5139,19.3871,2794
"2026-09-09 18:00:00","2026-09-10 09:00:00","CAPE","surface",-68.4899,19.3871,2803
"2026-09-09 18:00:00","2026-09-10 09:00:00","CAPE","surface",-68.466,19.3871,2944
"2026-09-09 18:00:00","2026-09-10 09:00:00","CAPE","surface",-68.4421,19.3871,3106
"2026-09-09 18:00:00","2026-09-10 09:00:00","CAPE","surface",-68.4182,19.3871,3106
"2026-09-09 18:00:00","2026-09-10 09:00:00","CAPE","surface",-68.3942,19.3871,3229
"2026-09-09 18:00:00","2026-09-10 09:00:00","CAPE","surface",-68.3703,19.3871,3258
"2026-09-09 18:00:00","2026-09-10 09:00:00","CAPE","surface",-68.3464,19.3871,3217
"2026-09-09 18:00:00","2026-09-10 09:00:00","CAPE","surface",-68.3225,19.3871,3217
"2026-09-09 18:00:00","2026-09-10 09:00:00","CAPE","surface",-68.2985,19.3871,3223
"2026-09-09 18:00:00","2026-09-10 09:00:00","CAPE","surface",-68.2746,19.3871,3212
"2026-09-09 18:00:00","2026-09-10 09:00:00","CAPE","surface",-68.2507,19.3871,3108
"2026-09-09 18:00:00","2026-09-10 09:00:00","CAPE","surface",-68.2268,19.3871,3017
"2026-09-09 18:00:00","2026-09-10 09:00:00","CAPE","surface",-68.2028,19.3871,3017
"2026-09-09 18:00:00","2026-09-10 09:00:00","CAPE","surface",-68.1789,19.3871,3086
"2026-09-09 18:00:00","2026-09-10 09:00:00","CAPE","surface",-68.155,19.3871,3145
"2026-09-09 18:00:00","2026-09-10 09:00:00","CAPE","surface",-68.1311,19.3871,3190
"2026-09-09 18:00:00","2026-09-10 09:00:00","CAPE","surface",-68.1071,19.3871,3190
"2026-09-09 18:00:00","2026-09-10 09:00:00","CAPE","surface",-68.0832,19.3871,3309
"2026-09-09 18:00:00","2026-09-10 09:00:00","CAPE","surface",-68.0593,19.3871,3391
"2026-09-09 18:00:00","2026-09-10 09:00:00","CAPE","surface",-68.0354,19.3871,3174
"2026-09-09 18:00:00","2026-09-10 09:00:00","CAPE","surface",-68.0114,19.3871,2945
"2026-09-09 18:00:00","2026-09-10 09:00:00","CAPE","surface",-67.9875,19.3871,2787
"2026-09-09 18:00:00","2026-09-10 09:00:00","CAPE","surface",-67.9636,19.3871,2633
"2026-09-09 18:00:00","2026-09-10 09:00:00","CAPE","surface",-67.9397,19.3871,2605
"2026-09-09 18:00:00","2026-09-10 09:00:00","CAPE","surface",-67.9157,19.3871,2635
"2026-09-09 18:00:00","2026-09-10 09:00:00","CAPE","surface",-67.8918,19.3871,2697
"2026-09-09 18:00:00","2026-09-10 09:00:00","CAPE","surface",-67.8679,19.3871,2953
"2026-09-09 18:00:00","2026-09-10 09:00:00","CAPE","surface",-67.844,19.3871,3063
"2026-09-09 18:00:00","2026-09-10 09:00:00","CAPE","surface",-67.82,19.3871,3167
"2026-09-09 18:00:00","2026-09-10 09:00:00","CAPE","surface",-67.7961,19.3871,3221
"2026-09-09 18:00:00","2026-09-10 09:00:00","CAPE","surface",-67.7722,19.3871,3220
"2026-09-09 18:00:00","2026-09-10 09:00:00","CAPE","surface",-67.7483,19.3871,3152
"2026-09-09 18:00:00","2026-09-10 09:00:00","CAPE","surface",-67.7243,19.3871,3152
"2026-09-09 18:00:00","2026-09-10 09:00:00","CAPE","surface",-67.7004,19.3871,3066
"2026-09-09 18:00:00","2026-09-10 09:00:00","CAPE","surface",-67.6765,19.3871,3158
"2026-09-09 18:00:00","2026-09-10 09:00:00","CAPE","surface",-67.6526,19.3871,2996
"2026-09-09 18:00:00","2026-09-10 09:00:00","CAPE","surface",-67.6286,19.3871,2766
"2026-09-09 18:00:00","2026-09-10 09:00:00","CAPE","surface",-67.6047,19.3871,2783
"2026-09-09 18:00:00","2026-09-10 09:00:00","CAPE","surface",-67.5808,19.3871,2633
"2026-09-09 18:00:00","2026-09-10 09:00:00","CAPE","surface",-67.5569,19.3871,2686
"2026-09-09 18:00:00","2026-09-10 09:00:00","CAPE","surface",-67.5329,19.3871,2690
"2026-09-09 18:00:00","2026-09-10 09:00:00","CAPE","surface",-67.509,19.3871,2718
"2026-09-09 18:00:00","2026-09-10 09:00:00","CAPE","surface",-67.4851,19.3871,2875
"2026-09-09 18:00:00","2026-09-10 09:00:00","CAPE","surface",-67.4612,19.3871,2890
"2026-09-09 18:00:00","2026-09-10 09:00:00","CAPE","surface",-67.4372,19.3871,2898
"2026-09-09 18:00:00","2026-09-10 09:00:00","CAPE","surface",-67.4133,19.3871,2848
"2026-09-09 18:00:00","2026-09-10 09:00:00","CAPE","surface",-67.3894,19.3871,2893
"2026-09-09 18:00:00","2026-09-10 09:00:00","CAPE","surface",-67.3655,19.3871,2844
"2026-09-09 18:00:00","2026-09-10 09:00:00","CAPE","surface",-67.3415,19.3871,2844
"2026-09-09 18:00:00","2026-09-10 09:00:00","CAPE","surface",-67.3176,19.3871,2811
"2026-09-09 18:00:00","2026-09-10 09:00:00","CAPE","surface",-67.2937,19.3871,2997
"2026-09-09 18:00:00","2026-09-10 09:00:00","CAPE","surface",-67.2698,19.3871,3013
"2026-09-09 18:00:00","2026-09-10 09:00:00","CAPE","surface",-67.2458,19.3871,2942
"2026-09-09 18:00:00","2026-09-10 09:00:00","CAPE","surface",-67.2219,19.3871,3102
"2026-09-09 18:00:00","2026-09-10 09:00:00","CAPE","surface",-67.198,19.3871,3255
"2026-09-09 18:00:00","2026-09-10 09:00:00","CAPE","surface",-67.1741,19.3871,3286
"2026-09-09 18:00:00","2026-09-10 09:00:00","CAPE","surface",-67.1501,19.3871,3328
"2026-09-09 18:00:00","2026-09-10 09:00:00","CAPE","surface",-67.1262,19.3871,3302
"2026-09-09 18:00:00","2026-09-10 09:00:00","CAPE","surface",-67.1023,19.3871,3209
"2026-09-09 18:00:00","2026-09-10 09:00:00","CAPE","surface",-67.0784,19.3871,3059
"2026-09-09 18:00:00","2026-09-10 09:00:00","CAPE","surface",-67.0544,19.3871,3059
"2026-09-09 18:00:00","2026-09-10 09:00:00","CAPE","surface",-67.0305,19.3871,2866
"2026-09-09 18:00:00","2026-09-10 09:00:00","CAPE","surface",-67.0066,19.3871,2783
"2026-09-09 18:00:00","2026-09-10 09:00:00","CAPE","surface",-74.7822,19.4096,2567
"2026-09-09 18:00:00","2026-09-10 09:00:00","CAPE","surface",-74.7583,19.4096,2546
"2026-09-09 18:00:00","2026-09-10 09:00:00","CAPE","surface",-74.7344,19.4096,2571
"2026-09-09 18:00:00","2026-09-10 09:00:00","CAPE","surface",-74.7105,19.4096,2571
"2026-09-09 18:00:00","2026-09-10 09:00:00","CAPE","surface",-74.6865,19.4096,2561
"2026-09-09 18:00:00","2026-09-10 09:00:00","CAPE","surface",-74.6626,19.4096,2573
"2026-09-09 18:00:00","2026-09-10 09:00:00","CAPE","surface",-74.6387,19.4096,2689
"2026-09-09 18:00:00","2026-09-10 09:00:00","CAPE","surface",-74.6148,19.4096,2728
"2026-09-09 18:00:00","2026-09-10 09:00:00","CAPE","surface",-74.5908,19.4096,2844
"2026-09-09 18:00:00","2026-09-10 09:00:00","CAPE","surface",-74.5669,19.4096,2844
"2026-09-09 18:00:00","2026-09-10 09:00:00","CAPE","surface",-74.543,19.4096,2954
"2026-09-09 18:00:00","2026-09-10 09:00:00","CAPE","surface",-74.5191,19.4096,2977
"2026-09-09 18:00:00","2026-09-10 09:00:00","CAPE","surface",-74.4951,19.4096,2941
"2026-09-09 18:00:00","2026-09-10 09:00:00","CAPE","surface",-74.4712,19.4096,2938
"2026-09-09 18:00:00","2026-09-10 09:00:00","CAPE","surface",-74.4473,19.4096,3019
"2026-09-09 18:00:00","2026-09-10 09:00:00","CAPE","surface",-74.4234,19.4096,3055
"2026-09-09 18:00:00","2026-09-10 09:00:00","CAPE","surface",-74.3994,19.4096,3169
"2026-09-09 18:00:00","2026-09-10 09:00:00","CAPE","surface",-74.3755,19.4096,3154
"2026-09-09 18:00:00","2026-09-10 09:00:00","CAPE","surface",-74.3516,19.4096,2866
"2026-09-09 18:00:00","2026-09-10 09:00:00","CAPE","surface",-74.3277,19.4096,2862
"2026-09-09 18:00:00","2026-09-10 09:00:00","CAPE","surface",-74.3037,19.4096,2705
"2026-09-09 18:00:00","2026-09-10 09:00:00","CAPE","surface",-74.2798,19.4096,2720
"2026-09-09 18:00:00","2026-09-10 09:00:00","CAPE","surface",-74.2559,19.4096,2737
"2026-09-09 18:00:00","2026-09-10 09:00:00","CAPE","surface",-74.232,19.4096,2791
"2026-09-09 18:00:00","2026-09-10 09:00:00","CAPE","surface",-74.208,19.4096,2860
"2026-09-09 18:00:00","2026-09-10 09:00:00","CAPE","surface",-74.1841,19.4096,2916
"2026-09-09 18:00:00","2026-09-10 09:00:00","CAPE","surface",-74.1602,19.4096,2871
"2026-09-09 18:00:00","2026-09-10 09:00:00","CAPE","surface",-74.1363,19.4096,2834
"2026-09-09 18:00:00","2026-09-10 09:00:00","CAPE","surface",-74.1123,19.4096,2562
"2026-09-09 18:00:00","2026-09-10 09:00:00","CAPE","surface",-74.0884,19.4096,2406
"2026-09-09 18:00:00","2026-09-10 09:00:00","CAPE","surface",-74.0645,19.4096,2383
"2026-09-09 18:00:00","2026-09-10 09:00:00","CAPE","surface",-74.0406,19.4096,2383
"2026-09-09 18:00:00","2026-09-10 09:00:00","CAPE","surface",-74.0166,19.4096,2408
"2026-09-09 18:00:00","2026-09-10 09:00:00","CAPE","surface",-73.9927,19.4096,2457
"2026-09-09 18:00:00","2026-09-10 09:00:00","CAPE","surface",-73.9688,19.4096,2373
"2026-09-09 18:00:00","2026-09-10 09:00:00","CAPE","surface",-73.9449,19.4096,2260
"2026-09-09 18:00:00","2026-09-10 09:00:00","CAPE","surface",-73.9209,19.4096,2184
"2026-09-09 18:00:00","2026-09-10 09:00:00","CAPE","surface",-73.897,19.4096,2030
"2026-09-09 18:00:00","2026-09-10 09:00:00","CAPE","surface",-73.8731,19.4096,1831
"2026-09-09 18:00:00","2026-09-10 09:00:00","CAPE","surface",-73.8492,19.4096,1716
"2026-09-09 18:00:00","2026-09-10 09:00:00","CAPE","surface",-73.8252,19.4096,1720
"2026-09-09 18:00:00","2026-09-10 09:00:00","CAPE","surface",-73.8013,19.4096,1730
"2026-09-09 18:00:00","2026-09-10 09:00:00","CAPE","surface",-73.7774,19.4096,1730
"2026-09-09 18:00:00","2026-09-10 09:00:00","CAPE","surface",-73.7535,19.4096,1670
"2026-09-09 18:00:00","2026-09-10 09:00:00","CAPE","surface",-73.7295,19.4096,1632
"2026-09-09 18:00:00","2026-09-10 09:00:00","CAPE","surface",-73.7056,19.4096,1498
"2026-09-09 18:00:00","2026-09-10 09:00:00","CAPE","surface",-73.6817,19.4096,1507
"2026-09-09 18:00:00","2026-09-10 09:00:00","CAPE","surface",-73.6578,19.4096,1481
"2026-09-09 18:00:00","2026-09-10 09:00:00","CAPE","surface",-73.6338,19.4096,1509
"2026-09-09 18:00:00","2026-09-10 09:00:00","CAPE","surface",-73.6099,19.4096,1548
"2026-09-09 18:00:00","2026-09-10 09:00:00","CAPE","surface",-73.586,19.4096,1593
"2026-09-09 18:00:00","2026-09-10 09:00:00","CAPE","surface",-73.5621,19.4096,1663
"2026-09-09 18:00:00","2026-09-10 09:00:00","CAPE","surface",-73.5381,19.4096,1730
"2026-09-09 18:00:00","2026-09-10 09:00:00","CAPE","surface",-73.5142,19.4096,1750
"2026-09-09 18:00:00","2026-09-10 09:00:00","CAPE","surface",-73.4903,19.4096,1820
"2026-09-09 18:00:00","2026-09-10 09:00:00","CAPE","surface",-73.4664,19.4096,1860
"2026-09-09 18:00:00","2026-09-10 09:00:00","CAPE","surface",-73.4424,19.4096,1917
"2026-09-09 18:00:00","2026-09-10 09:00:00","CAPE","surface",-73.4185,19.4096,1947
"2026-09-09 18:00:00","2026-09-10 09:00:00","CAPE","surface",-73.3946,19.4096,1947
"2026-09-09 18:00:00","2026-09-10 09:00:00","CAPE","surface",-73.3707,19.4096,1977
"2026-09-09 18:00:00","2026-09-10 09:00:00","CAPE","surface",-73.3467,19.4096,2043
"2026-09-09 18:00:00","2026-09-10 09:00:00","CAPE","surface",-73.3228,19.4096,2011
"2026-09-09 18:00:00","2026-09-10 09:00:00","CAPE","surface",-73.2989,19.4096,1980
"2026-09-09 18:00:00","2026-09-10 09:00:00","CAPE","surface",-73.275,19.4096,1897
"2026-09-09 18:00:00","2026-09-10 09:00:00","CAPE","surface",-73.251,19.4096,1848
"2026-09-09 18:00:00","2026-09-10 09:00:00","CAPE","surface",-73.2271,19.4096,1696
"2026-09-09 18:00:00","2026-09-10 09:00:00","CAPE","surface",-73.2032,19.4096,1732
"2026-09-09 18:00:00","2026-09-10 09:00:00","CAPE","surface",-73.1793,19.4096,2196
"2026-09-09 18:00:00","2026-09-10 09:00:00","CAPE","surface",-73.1553,19.4096,2196
"2026-09-09 18:00:00","2026-09-10 09:00:00","CAPE","surface",-73.1314,19.4096,2212
"2026-09-09 18:00:00","2026-09-10 09:00:00","CAPE","surface",-73.1075,19.4096,1972
"2026-09-09 18:00:00","2026-09-10 09:00:00","CAPE","surface",-73.0836,19.4096,1849
"2026-09-09 18:00:00","2026-09-10 09:00:00","CAPE","surface",-73.0596,19.4096,1784
"2026-09-09 18:00:00","2026-09-10 09:00:00","CAPE","surface",-73.0357,19.4096,1713
"2026-09-09 18:00:00","2026-09-10 09:00:00","CAPE","surface",-73.0118,19.4096,1600
"2026-09-09 18:00:00","2026-09-10 09:00:00","CAPE","surface",-72.9879,19.4096,1579
"2026-09-09 18:00:00","2026-09-10 09:00:00","CAPE","surface",-72.9639,19.4096,1537
"2026-09-09 18:00:00","2026-09-10 09:00:00","CAPE","surface",-72.94,19.4096,1538
"2026-09-09 18:00:00","2026-09-10 09:00:00","CAPE","surface",-72.9161,19.4096,1511
"2026-09-09 18:00:00","2026-09-10 09:00:00","CAPE","surface",-72.8922,19.4096,1511
"2026-09-09 18:00:00","2026-09-10 09:00:00","CAPE","surface",-72.8682,19.4096,1379
"2026-09-09 18:00:00","2026-09-10 09:00:00","CAPE","surface",-72.8443,19.4096,1321
"2026-09-09 18:00:00","2026-09-10 09:00:00","CAPE","surface",-72.8204,19.4096,1232
"2026-09-09 18:00:00","2026-09-10 09:00:00","CAPE","surface",-72.7965,19.4096,1172
"2026-09-09 18:00:00","2026-09-10 09:00:00","CAPE","surface",-72.7725,19.4096,1121
"2026-09-09 18:00:00","2026-09-10 09:00:00","CAPE","surface",-72.7486,19.4096,1033
"2026-09-09 18:00:00","2026-09-10 09:00:00","CAPE","surface",-72.7247,19.4096,924
"2026-09-09 18:00:00","2026-09-10 09:00:00","CAPE","surface",-72.7008,19.4096,919
"2026-09-09 18:00:00","2026-09-10 09:00:00","CAPE","surface",-72.6768,19.4096,511
"2026-09-09 18:00:00","2026-09-10 09:00:00","CAPE","surface",-72.6529,19.4096,511
"2026-09-09 18:00:00","2026-09-10 09:00:00","CAPE","surface",-72.629,19.4096,517
"2026-09-09 18:00:00","2026-09-10 09:00:00","CAPE","surface",-72.6051,19.4096,564
"2026-09-09 18:00:00","2026-09-10 09:00:00","CAPE","surface",-72.5811,19.4096,575
"2026-09-09 18:00:00","2026-09-10 09:00:00","CAPE","surface",-72.5572,19.4096,542
"2026-09-09 18:00:00","2026-09-10 09:00:00","CAPE","surface",-72.5333,19.4096,531
"2026-09-09 18:00:00","2026-09-10 09:00:00","CAPE","surface",-72.5094,19.4096,514
"2026-09-09 18:00:00","2026-09-10 09:00:00","CAPE","surface",-72.4854,19.4096,532
"2026-09-09 18:00:00","2026-09-10 09:00:00","CAPE","surface",-72.4615,19.4096,586
"2026-09-09 18:00:00","2026-09-10 09:00:00","CAPE","surface",-72.4376,19.4096,599
"2026-09-09 18:00:00","2026-09-10 09:00:00","CAPE","surface",-72.4137,19.4096,614
"2026-09-09 18:00:00","2026-09-10 09:00:00","CAPE","surface",-72.3897,19.4096,593
"2026-09-09 18:00:00","2026-09-10 09:00:00","CAPE","surface",-72.3658,19.4096,488
"2026-09-09 18:00:00","2026-09-10 09:00:00","CAPE","surface",-72.3419,19.4096,482
"2026-09-09 18:00:00","2026-09-10 09:00:00","CAPE","surface",-72.318,19.4096,444
"2026-09-09 18:00:00","2026-09-10 09:00:00","CAPE","surface",-72.294,19.4096,444
"2026-09-09 18:00:00","2026-09-10 09:00:00","CAPE","surface",-72.2701,19.4096,438
"2026-09-09 18:00:00","2026-09-10 09:00:00","CAPE","surface",-72.2462,19.4096,465
"2026-09-09 18:00:00","2026-09-10 09:00:00","CAPE","surface",-72.2223,19.4096,433
"2026-09-09 18:00:00","2026-09-10 09:00:00","CAPE","surface",-72.1983,19.4096,448
"2026-09-09 18:00:00","2026-09-10 09:00:00","CAPE","surface",-72.1744,19.4096,469
"2026-09-09 18:00:00","2026-09-10 09:00:00","CAPE","surface",-72.1505,19.4096,515
"2026-09-09 18:00:00","2026-09-10 09:00:00","CAPE","surface",-72.1266,19.4096,454
"2026-09-09 18:00:00","2026-09-10 09:00:00","CAPE","surface",-72.1026,19.4096,373
"2026-09-09 18:00:00","2026-09-10 09:00:00","CAPE","surface",-72.0787,19.4096,323
"2026-09-09 18:00:00","2026-09-10 09:00:00","CAPE","surface",-72.0548,19.4096,323
"2026-09-09 18:00:00","2026-09-10 09:00:00","CAPE","surface",-72.0309,19.4096,398
"2026-09-09 18:00:00","2026-09-10 09:00:00","CAPE","surface",-72.0069,19.4096,428
"2026-09-09 18:00:00","2026-09-10 09:00:00","CAPE","surface",-71.983,19.4096,433
"2026-09-09 18:00:00","2026-09-10 09:00:00","CAPE","surface",-71.9591,19.4096,434
"2026-09-09 18:00:00","2026-09-10 09:00:00","CAPE","surface",-71.9352,19.4096,434
"2026-09-09 18:00:00","2026-09-10 09:00:00","CAPE","surface",-71.9112,19.4096,413
"2026-09-09 18:00:00","2026-09-10 09:00:00","CAPE","surface",-71.8873,19.4096,380
"2026-09-09 18:00:00","2026-09-10 09:00:00","CAPE","surface",-71.8634,19.4096,385
"2026-09-09 18:00:00","2026-09-10 09:00:00","CAPE","surface",-71.8395,19.4096,380
"2026-09-09 18:00:00","2026-09-10 09:00:00","CAPE","surface",-71.8155,19.4096,407
"2026-09-09 18:00:00","2026-09-10 09:00:00","CAPE","surface",-71.7916,19.4096,414
"2026-09-09 18:00:00","2026-09-10 09:00:00","CAPE","surface",-71.7677,19.4096,411
"2026-09-09 18:00:00","2026-09-10 09:00:00","CAPE","surface",-71.7438,19.4096,459
"2026-09-09 18:00:00","2026-09-10 09:00:00","CAPE","surface",-71.7198,19.4096,435
"2026-09-09 18:00:00","2026-09-10 09:00:00","CAPE","surface",-71.6959,19.4096,435
"2026-09-09 18:00:00","2026-09-10 09:00:00","CAPE","surface",-71.672,19.4096,392
"2026-09-09 18:00:00","2026-09-10 09:00:00","CAPE","surface",-71.6481,19.4096,384
"2026-09-09 18:00:00","2026-09-10 09:00:00","CAPE","surface",-71.6241,19.4096,371
"2026-09-09 18:00:00","2026-09-10 09:00:00","CAPE","surface",-71.6002,19.4096,371
"2026-09-09 18:00:00","2026-09-10 09:00:00","CAPE","surface",-71.5763,19.4096,364
"2026-09-09 18:00:00","2026-09-10 09:00:00","CAPE","surface",-71.5524,19.4096,384
"2026-09-09 18:00:00","2026-09-10 09:00:00","CAPE","surface",-71.5284,19.4096,390
"2026-09-09 18:00:00","2026-09-10 09:00:00","CAPE","surface",-71.5045,19.4096,406
"2026-09-09 18:00:00","2026-09-10 09:00:00","CAPE","surface",-71.4806,19.4096,406
"2026-09-09 18:00:00","2026-09-10 09:00:00","CAPE","surface",-71.4567,19.4096,453
"2026-09-09 18:00:00","2026-09-10 09:00:00","CAPE","surface",-71.4327,19.4096,468
"2026-09-09 18:00:00","2026-09-10 09:00:00","CAPE","surface",-71.4088,19.4096,452
"2026-09-09 18:00:00","2026-09-10 09:00:00","CAPE","surface",-71.3849,19.4096,461
"2026-09-09 18:00:00","2026-09-10 09:00:00","CAPE","surface",-71.361,19.4096,296
"2026-09-09 18:00:00","2026-09-10 09:00:00","CAPE","surface",-71.337,19.4096,268
"2026-09-09 18:00:00","2026-09-10 09:00:00","CAPE","surface",-71.3131,19.4096,228
"2026-09-09 18:00:00","2026-09-10 09:00:00","CAPE","surface",-71.2892,19.4096,231
"2026-09-09 18:00:00","2026-09-10 09:00:00","CAPE","surface",-71.2653,19.4096,366
"2026-09-09 18:00:00","2026-09-10 09:00:00","CAPE","surface",-71.2413,19.4096,366
"2026-09-09 18:00:00","2026-09-10 09:00:00","CAPE","surface",-71.2174,19.4096,540
"2026-09-09 18:00:00","2026-09-10 09:00:00","CAPE","surface",-71.1935,19.4096,586
"2026-09-09 18:00:00","2026-09-10 09:00:00","CAPE","surface",-71.1696,19.4096,524
"2026-09-09 18:00:00","2026-09-10 09:00:00","CAPE","surface",-71.1456,19.4096,620
"2026-09-09 18:00:00","2026-09-10 09:00:00","CAPE","surface",-71.1217,19.4096,544
"2026-09-09 18:00:00","2026-09-10 09:00:00","CAPE","surface",-71.0978,19.4096,576
"2026-09-09 18:00:00","2026-09-10 09:00:00","CAPE","surface",-71.0739,19.4096,536
"2026-09-09 18:00:00","2026-09-10 09:00:00","CAPE","surface",-71.0499,19.4096,590
"2026-09-09 18:00:00","2026-09-10 09:00:00","CAPE","surface",-71.026,19.4096,590
"2026-09-09 18:00:00","2026-09-10 09:00:00","CAPE","surface",-71.0021,19.4096,658
"2026-09-09 18:00:00","2026-09-10 09:00:00","CAPE","surface",-70.9782,19.4096,650
"2026-09-09 18:00:00","2026-09-10 09:00:00","CAPE","surface",-70.9542,19.4096,725
"2026-09-09 18:00:00","2026-09-10 09:00:00","CAPE","surface",-70.9303,19.4096,725
"2026-09-09 18:00:00","2026-09-10 09:00:00","CAPE","surface",-70.9064,19.4096,805
"2026-09-09 18:00:00","2026-09-10 09:00:00","CAPE","surface",-70.8825,19.4096,856
"2026-09-09 18:00:00","2026-09-10 09:00:00","CAPE","surface",-70.8585,19.4096,864
"2026-09-09 18:00:00","2026-09-10 09:00:00","CAPE","surface",-70.8346,19.4096,908
"2026-09-09 18:00:00","2026-09-10 09:00:00","CAPE","surface",-70.8107,19.4096,908
"2026-09-09 18:00:00","2026-09-10 09:00:00","CAPE","surface",-70.7868,19.4096,943
"2026-09-09 18:00:00","2026-09-10 09:00:00","CAPE","surface",-70.7628,19.4096,943
"2026-09-09 18:00:00","2026-09-10 09:00:00","CAPE","surface",-70.7389,19.4096,1028
"2026-09-09 18:00:00","2026-09-10 09:00:00","CAPE","surface",-70.715,19.4096,1038
"2026-09-09 18:00:00","2026-09-10 09:00:00","CAPE","surface",-70.6911,19.4096,1085
"2026-09-09 18:00:00","2026-09-10 09:00:00","CAPE","surface",-70.6671,19.4096,1104
"2026-09-09 18:00:00","2026-09-10 09:00:00","CAPE","surface",-70.6432,19.4096,1162
"2026-09-09 18:00:00","2026-09-10 09:00:00","CAPE","surface",-70.6193,19.4096,1185
"2026-09-09 18:00:00","2026-09-10 09:00:00","CAPE","surface",-70.5954,19.4096,1236
"2026-09-09 18:00:00","2026-09-10 09:00:00","CAPE","surface",-70.5714,19.4096,1236
"2026-09-09 18:00:00","2026-09-10 09:00:00","CAPE","surface",-70.5475,19.4096,1276
"2026-09-09 18:00:00","2026-09-10 09:00:00","CAPE","surface",-70.5236,19.4096,1322
"2026-09-09 18:00:00","2026-09-10 09:00:00","CAPE","surface",-70.4997,19.4096,1333
"2026-09-09 18:00:00","2026-09-10 09:00:00","CAPE","surface",-70.4757,19.4096,1394
"2026-09-09 18:00:00","2026-09-10 09:00:00","CAPE","surface",-70.4518,19.4096,1393
"2026-09-09 18:00:00","2026-09-10 09:00:00","CAPE","surface",-70.4279,19.4096,1461
"2026-09-09 18:00:00","2026-09-10 09:00:00","CAPE","surface",-70.404,19.4096,1455
"2026-09-09 18:00:00","2026-09-10 09:00:00","CAPE","surface",-70.38,19.4096,1444
"2026-09-09 18:00:00","2026-09-10 09:00:00","CAPE","surface",-70.3561,19.4096,1444
"2026-09-09 18:00:00","2026-09-10 09:00:00","CAPE","surface",-70.3322,19.4096,1481
"2026-09-09 18:00:00","2026-09-10 09:00:00","CAPE","surface",-70.3083,19.4096,1547
"2026-09-09 18:00:00","2026-09-10 09:00:00","CAPE","surface",-70.2843,19.4096,1579
"2026-09-09 18:00:00","2026-09-10 09:00:00","CAPE","surface",-70.2604,19.4096,1475
"2026-09-09 18:00:00","2026-09-10 09:00:00","CAPE","surface",-70.2365,19.4096,1571
"2026-09-09 18:00:00","2026-09-10 09:00:00","CAPE","surface",-70.2126,19.4096,1692
"2026-09-09 18:00:00","2026-09-10 09:00:00","CAPE","surface",-70.1886,19.4096,1749
"2026-09-09 18:00:00","2026-09-10 09:00:00","CAPE","surface",-70.1647,19.4096,2037
"2026-09-09 18:00:00","2026-09-10 09:00:00","CAPE","surface",-70.1408,19.4096,2037
"2026-09-09 18:00:00","2026-09-10 09:00:00","CAPE","surface",-70.1169,19.4096,2097
"2026-09-09 18:00:00","2026-09-10 09:00:00","CAPE","surface",-70.0929,19.4096,2101
"2026-09-09 18:00:00","2026-09-10 09:00:00","CAPE","surface",-70.069,19.4096,2134
"2026-09-09 18:00:00","2026-09-10 09:00:00","CAPE","surface",-70.0451,19.4096,2134
"2026-09-09 18:00:00","2026-09-10 09:00:00","CAPE","surface",-70.0212,19.4096,2360
"2026-09-09 18:00:00","2026-09-10 09:00:00","CAPE","surface",-69.9972,19.4096,2366
"2026-09-09 18:00:00","2026-09-10 09:00:00","CAPE","surface",-69.9733,19.4096,2476
"2026-09-09 18:00:00","2026-09-10 09:00:00","CAPE","surface",-69.9494,19.4096,2447
"2026-09-09 18:00:00","2026-09-10 09:00:00","CAPE","surface",-69.9255,19.4096,2447
"2026-09-09 18:00:00","2026-09-10 09:00:00","CAPE","surface",-69.9015,19.4096,2328
"2026-09-09 18:00:00","2026-09-10 09:00:00","CAPE","surface",-69.8776,19.4096,2365
"2026-09-09 18:00:00","2026-09-10 09:00:00","CAPE","surface",-69.8537,19.4096,2706
"2026-09-09 18:00:00","2026-09-10 09:00:00","CAPE","surface",-69.8298,19.4096,2706
"2026-09-09 18:00:00","2026-09-10 09:00:00","CAPE","surface",-69.8058,19.4096,2841
"2026-09-09 18:00:00","2026-09-10 09:00:00","CAPE","surface",-69.7819,19.4096,2882
"2026-09-09 18:00:00","2026-09-10 09:00:00","CAPE","surface",-69.758,19.4096,2900
"2026-09-09 18:00:00","2026-09-10 09:00:00","CAPE","surface",-69.7341,19.4096,2788
"2026-09-09 18:00:00","2026-09-10 09:00:00","CAPE","surface",-69.7101,19.4096,2187
"2026-09-09 18:00:00","2026-09-10 09:00:00","CAPE","surface",-69.6862,19.4096,1822
"2026-09-09 18:00:00","2026-09-10 09:00:00","CAPE","surface",-69.6623,19.4096,1693
"2026-09-09 18:00:00","2026-09-10 09:00:00","CAPE","surface",-69.6384,19.4096,1772
"2026-09-09 18:00:00","2026-09-10 09:00:00","CAPE","surface",-69.6144,19.4096,1772
"2026-09-09 18:00:00","2026-09-10 09:00:00","CAPE","surface",-69.5905,19.4096,2182
"2026-09-09 18:00:00","2026-09-10 09:00:00","CAPE","surface",-69.5666,19.4096,2116
"2026-09-09 18:00:00","2026-09-10 09:00:00","CAPE","surface",-69.5427,19.4096,2453
"2026-09-09 18:00:00","2026-09-10 09:00:00","CAPE","surface",-69.5187,19.4096,2424
"2026-09-09 18:00:00","2026-09-10 09:00:00","CAPE","surface",-69.4948,19.4096,2517
"2026-09-09 18:00:00","2026-09-10 09:00:00","CAPE","surface",-69.4709,19.4096,2456
"2026-09-09 18:00:00","2026-09-10 09:00:00","CAPE","surface",-69.447,19.4096,2488
"2026-09-09 18:00:00","2026-09-10 09:00:00","CAPE","surface",-69.423,19.4096,2471
"2026-09-09 18:00:00","2026-09-10 09:00:00","CAPE","surface",-69.3991,19.4096,2471
"2026-09-09 18:00:00","2026-09-10 09:00:00","CAPE","surface",-69.3752,19.4096,2460
"2026-09-09 18:00:00","2026-09-10 09:00:00","CAPE","surface",-69.3513,19.4096,2457
"2026-09-09 18:00:00","2026-09-10 09:00:00","CAPE","surface",-69.3273,19.4096,2545
"2026-09-09 18:00:00","2026-09-10 09:00:00","CAPE","surface",-69.3034,19.4096,2545
"2026-09-09 18:00:00","2026-09-10 09:00:00","CAPE","surface",-69.2795,19.4096,2651
"2026-09-09 18:00:00","2026-09-10 09:00:00","CAPE","surface",-69.2556,19.4096,2693
"2026-09-09 18:00:00","2026-09-10 09:00:00","CAPE","surface",-69.2316,19.4096,2769
"2026-09-09 18:00:00","2026-09-10 09:00:00","CAPE","surface",-69.2077,19.4096,2793
"2026-09-09 18:00:00","2026-09-10 09:00:00","CAPE","surface",-69.1838,19.4096,2793
"2026-09-09 18:00:00","2026-09-10 09:00:00","CAPE","surface",-69.1599,19.4096,2842
"2026-09-09 18:00:00","2026-09-10 09:00:00","CAPE","surface",-69.1359,19.4096,2828
"2026-09-09 18:00:00","2026-09-10 09:00:00","CAPE","surface",-69.112,19.4096,2967
"2026-09-09 18:00:00","2026-09-10 09:00:00","CAPE","surface",-69.0881,19.4096,2967
"2026-09-09 18:00:00","2026-09-10 09:00:00","CAPE","surface",-69.0642,19.4096,2950
"2026-09-09 18:00:00","2026-09-10 09:00:00","CAPE","surface",-69.0402,19.4096,2882
"2026-09-09 18:00:00","2026-09-10 09:00:00","CAPE","surface",-69.0163,19.4096,2808
"2026-09-09 18:00:00","2026-09-10 09:00:00","CAPE","surface",-68.9924,19.4096,2817
"2026-09-09 18:00:00","2026-09-10 09:00:00","CAPE","surface",-68.9685,19.4096,2829
"2026-09-09 18:00:00","2026-09-10 09:00:00","CAPE","surface",-68.9445,19.4096,2880
"2026-09-09 18:00:00","2026-09-10 09:00:00","CAPE","surface",-68.9206,19.4096,2914
"2026-09-09 18:00:00","2026-09-10 09:00:00","CAPE","surface",-68.8967,19.4096,2926
"2026-09-09 18:00:00","2026-09-10 09:00:00","CAPE","surface",-68.8728,19.4096,2926
"2026-09-09 18:00:00","2026-09-10 09:00:00","CAPE","surface",-68.8488,19.4096,2898
"2026-09-09 18:00:00","2026-09-10 09:00:00","CAPE","surface",-68.8249,19.4096,2942
"2026-09-09 18:00:00","2026-09-10 09:00:00","CAPE","surface",-68.801,19.4096,2974
"2026-09-09 18:00:00","2026-09-10 09:00:00","CAPE","surface",-68.7771,19.4096,2974
"2026-09-09 18:00:00","2026-09-10 09:00:00","CAPE","surface",-68.7531,19.4096,3099
"2026-09-09 18:00:00","2026-09-10 09:00:00","CAPE","surface",-68.7292,19.4096,3241
"2026-09-09 18:00:00","2026-09-10 09:00:00","CAPE","surface",-68.7053,19.4096,3278
"2026-09-09 18:00:00","2026-09-10 09:00:00","CAPE","surface",-68.6813,19.4096,3328
"2026-09-09 18:00:00","2026-09-10 09:00:00","CAPE","surface",-68.6574,19.4096,3271
"2026-09-09 18:00:00","2026-09-10 09:00:00","CAPE","surface",-68.6335,19.4096,3232
"2026-09-09 18:00:00","2026-09-10 09:00:00","CAPE","surface",-68.6096,19.4096,3038
"2026-09-09 18:00:00","2026-09-10 09:00:00","CAPE","surface",-68.5856,19.4096,3142
"2026-09-09 18:00:00","2026-09-10 09:00:00","CAPE","surface",-68.5617,19.4096,2918
"2026-09-09 18:00:00","2026-09-10 09:00:00","CAPE","surface",-68.5378,19.4096,2907
"2026-09-09 18:00:00","2026-09-10 09:00:00","CAPE","surface",-68.5139,19.4096,2986
"2026-09-09 18:00:00","2026-09-10 09:00:00","CAPE","surface",-68.4899,19.4096,2927
"2026-09-09 18:00:00","2026-09-10 09:00:00","CAPE","surface",-68.466,19.4096,3066
"2026-09-09 18:00:00","2026-09-10 09:00:00","CAPE","surface",-68.4421,19.4096,3056
"2026-09-09 18:00:00","2026-09-10 09:00:00","CAPE","surface",-68.4182,19.4096,3204
"2026-09-09 18:00:00","2026-09-10 09:00:00","CAPE","surface",-68.3942,19.4096,3229
"2026-09-09 18:00:00","2026-09-10 09:00:00","CAPE","surface",-68.3703,19.4096,3086
"2026-09-09 18:00:00","2026-09-10 09:00:00","CAPE","surface",-68.3464,19.4096,3160
"2026-09-09 18:00:00","2026-09-10 09:00:00","CAPE","surface",-68.3225,19.4096,3194
"2026-09-09 18:00:00","2026-09-10 09:00:00","CAPE","surface",-68.2985,19.4096,3266
"2026-09-09 18:00:00","2026-09-10 09:00:00","CAPE","surface",-68.2746,19.4096,3266
"2026-09-09 18:00:00","2026-09-10 09:00:00","CAPE","surface",-68.2507,19.4096,3220
"2026-09-09 18:00:00","2026-09-10 09:00:00","CAPE","surface",-68.2268,19.4096,3082
"2026-09-09 18:00:00","2026-09-10 09:00:00","CAPE","surface",-68.2028,19.4096,3050
"2026-09-09 18:00:00","2026-09-10 09:00:00","CAPE","surface",-68.1789,19.4096,3050
"2026-09-09 18:00:00","2026-09-10 09:00:00","CAPE","surface",-68.155,19.4096,3117
"2026-09-09 18:00:00","2026-09-10 09:00:00","CAPE","surface",-68.1311,19.4096,3142
"2026-09-09 18:00:00","2026-09-10 09:00:00","CAPE","surface",-68.1071,19.4096,3188
"2026-09-09 18:00:00","2026-09-10 09:00:00","CAPE","surface",-68.0832,19.4096,3185
"2026-09-09 18:00:00","2026-09-10 09:00:00","CAPE","surface",-68.0593,19.4096,3233
"2026-09-09 18:00:00","2026-09-10 09:00:00","CAPE","surface",-68.0354,19.4096,3091
"2026-09-09 18:00:00","2026-09-10 09:00:00","CAPE","surface",-68.0114,19.4096,2945
"2026-09-09 18:00:00","2026-09-10 09:00:00","CAPE","surface",-67.9875,19.4096,2853
"2026-09-09 18:00:00","2026-09-10 09:00:00","CAPE","surface",-67.9636,19.4096,2714
"2026-09-09 18:00:00","2026-09-10 09:00:00","CAPE","surface",-67.9397,19.4096,2657
"2026-09-09 18:00:00","2026-09-10 09:00:00","CAPE","surface",-67.9157,19.4096,2754
"2026-09-09 18:00:00","2026-09-10 09:00:00","CAPE","surface",-67.8918,19.4096,2821
"2026-09-09 18:00:00","2026-09-10 09:00:00","CAPE","surface",-67.8679,19.4096,2964
"2026-09-09 18:00:00","2026-09-10 09:00:00","CAPE","surface",-67.844,19.4096,3072
"2026-09-09 18:00:00","2026-09-10 09:00:00","CAPE","surface",-67.82,19.4096,3190
"2026-09-09 18:00:00","2026-09-10 09:00:00","CAPE","surface",-67.7961,19.4096,3221
"2026-09-09 18:00:00","2026-09-10 09:00:00","CAPE","surface",-67.7722,19.4096,3055
"2026-09-09 18:00:00","2026-09-10 09:00:00","CAPE","surface",-67.7483,19.4096,3087
"2026-09-09 18:00:00","2026-09-10 09:00:00","CAPE","surface",-67.7243,19.4096,2999
"2026-09-09 18:00:00","2026-09-10 09:00:00","CAPE","surface",-67.7004,19.4096,2904
"2026-09-09 18:00:00","2026-09-10 09:00:00","CAPE","surface",-67.6765,19.4096,2904
"2026-09-09 18:00:00","2026-09-10 09:00:00","CAPE","surface",-67.6526,19.4096,2762
"2026-09-09 18:00:00","2026-09-10 09:00:00","CAPE","surface",-67.6286,19.4096,2766
"2026-09-09 18:00:00","2026-09-10 09:00:00","CAPE","surface",-67.6047,19.4096,2637
"2026-09-09 18:00:00","2026-09-10 09:00:00","CAPE","surface",-67.5808,19.4096,2637
"2026-09-09 18:00:00","2026-09-10 09:00:00","CAPE","surface",-67.5569,19.4096,2686
"2026-09-09 18:00:00","2026-09-10 09:00:00","CAPE","surface",-67.5329,19.4096,2784
"2026-09-09 18:00:00","2026-09-10 09:00:00","CAPE","surface",-67.509,19.4096,2827
"2026-09-09 18:00:00","2026-09-10 09:00:00","CAPE","surface",-67.4851,19.4096,2779
"2026-09-09 18:00:00","2026-09-10 09:00:00","CAPE","surface",-67.4612,19.4096,2863
"2026-09-09 18:00:00","2026-09-10 09:00:00","CAPE","surface",-67.4372,19.4096,2785
"2026-09-09 18:00:00","2026-09-10 09:00:00","CAPE","surface",-67.4133,19.4096,2848
"2026-09-09 18:00:00","2026-09-10 09:00:00","CAPE","surface",-67.3894,19.4096,2618
"2026-09-09 18:00:00","2026-09-10 09:00:00","CAPE","surface",-67.3655,19.4096,2713
"2026-09-09 18:00:00","2026-09-10 09:00:00","CAPE","surface",-67.3415,19.4096,2646
"2026-09-09 18:00:00","2026-09-10 09:00:00","CAPE","surface",-67.3176,19.4096,2691
"2026-09-09 18:00:00","2026-09-10 09:00:00","CAPE","surface",-67.2937,19.4096,2691
"2026-09-09 18:00:00","2026-09-10 09:00:00","CAPE","surface",-67.2698,19.4096,2809
"2026-09-09 18:00:00","2026-09-10 09:00:00","CAPE","surface",-67.2458,19.4096,2942
"2026-09-09 18:00:00","2026-09-10 09:00:00","CAPE","surface",-67.2219,19.4096,3110
"2026-09-09 18:00:00","2026-09-10 09:00:00","CAPE","surface",-67.198,19.4096,3110
"2026-09-09 18:00:00","2026-09-10 09:00:00","CAPE","surface",-67.1741,19.4096,3257
"2026-09-09 18:00:00","2026-09-10 09:00:00","CAPE","surface",-67.1501,19.4096,3313
"2026-09-09 18:00:00","2026-09-10 09:00:00","CAPE","surface",-67.1262,19.4096,3344
"2026-09-09 18:00:00","2026-09-10 09:00:00","CAPE","surface",-67.1023,19.4096,3269
"2026-09-09 18:00:00","2026-09-10 09:00:00","CAPE","surface",-67.0784,19.4096,3272
"2026-09-09 18:00:00","2026-09-10 09:00:00","CAPE","surface",-67.0544,19.4096,3099
"2026-09-09 18:00:00","2026-09-10 09:00:00","CAPE","surface",-67.0305,19.4096,2866
"2026-09-09 18:00:00","2026-09-10 09:00:00","CAPE","surface",-67.0066,19.4096,2884
"2026-09-09 18:00:00","2026-09-10 09:00:00","CAPE","surface",-74.7822,19.4322,2588
"2026-09-09 18:00:00","2026-09-10 09:00:00","CAPE","surface",-74.7583,19.4322,2583
"2026-09-09 18:00:00","2026-09-10 09:00:00","CAPE","surface",-74.7344,19.4322,2576
"2026-09-09 18:00:00","2026-09-10 09:00:00","CAPE","surface",-74.7105,19.4322,2545
"2026-09-09 18:00:00","2026-09-10 09:00:00","CAPE","surface",-74.6865,19.4322,2561
"2026-09-09 18:00:00","2026-09-10 09:00:00","CAPE","surface",-74.6626,19.4322,2650
"2026-09-09 18:00:00","2026-09-10 09:00:00","CAPE","surface",-74.6387,19.4322,2650
"2026-09-09 18:00:00","2026-09-10 09:00:00","CAPE","surface",-74.6148,19.4322,2753
"2026-09-09 18:00:00","2026-09-10 09:00:00","CAPE","surface",-74.5908,19.4322,2798
"2026-09-09 18:00:00","2026-09-10 09:00:00","CAPE","surface",-74.5669,19.4322,2905
"2026-09-09 18:00:00","2026-09-10 09:00:00","CAPE","surface",-74.543,19.4322,2973
"2026-09-09 18:00:00","2026-09-10 09:00:00","CAPE","surface",-74.5191,19.4322,2973
"2026-09-09 18:00:00","2026-09-10 09:00:00","CAPE","surface",-74.4951,19.4322,3008
"2026-09-09 18:00:00","2026-09-10 09:00:00","CAPE","surface",-74.4712,19.4322,3005
"2026-09-09 18:00:00","2026-09-10 09:00:00","CAPE","surface",-74.4473,19.4322,3180
"2026-09-09 18:00:00","2026-09-10 09:00:00","CAPE","surface",-74.4234,19.4322,3179
"2026-09-09 18:00:00","2026-09-10 09:00:00","CAPE","surface",-74.3994,19.4322,2897
"2026-09-09 18:00:00","2026-09-10 09:00:00","CAPE","surface",-74.3755,19.4322,2897
"2026-09-09 18:00:00","2026-09-10 09:00:00","CAPE","surface",-74.3516,19.4322,2695
"2026-09-09 18:00:00","2026-09-10 09:00:00","CAPE","surface",-74.3277,19.4322,2696
"2026-09-09 18:00:00","2026-09-10 09:00:00","CAPE","surface",-74.3037,19.4322,2660
"2026-09-09 18:00:00","2026-09-10 09:00:00","CAPE","surface",-74.2798,19.4322,2687
"2026-09-09 18:00:00","2026-09-10 09:00:00","CAPE","surface",-74.2559,19.4322,2671
"2026-09-09 18:00:00","2026-09-10 09:00:00","CAPE","surface",-74.232,19.4322,2761
"2026-09-09 18:00:00","2026-09-10 09:00:00","CAPE","surface",-74.208,19.4322,2899
"2026-09-09 18:00:00","2026-09-10 09:00:00","CAPE","surface",-74.1841,19.4322,2894
"2026-09-09 18:00:00","2026-09-10 09:00:00","CAPE","surface",-74.1602,19.4322,2867
"2026-09-09 18:00:00","2026-09-10 09:00:00","CAPE","surface",-74.1363,19.4322,2741
"2026-09-09 18:00:00","2026-09-10 09:00:00","CAPE","surface",-74.1123,19.4322,2742
"2026-09-09 18:00:00","2026-09-10 09:00:00","CAPE","surface",-74.0884,19.4322,2591
"2026-09-09 18:00:00","2026-09-10 09:00:00","CAPE","surface",-74.0645,19.4322,2529
"2026-09-09 18:00:00","2026-09-10 09:00:00","CAPE","surface",-74.0406,19.4322,2456
"2026-09-09 18:00:00","2026-09-10 09:00:00","CAPE","surface",-74.0166,19.4322,2437
"2026-09-09 18:00:00","2026-09-10 09:00:00","CAPE","surface",-73.9927,19.4322,2437
"2026-09-09 18:00:00","2026-09-10 09:00:00","CAPE","surface",-73.9688,19.4322,2449
"2026-09-09 18:00:00","2026-09-10 09:00:00","CAPE","surface",-73.9449,19.4322,2337
"2026-09-09 18:00:00","2026-09-10 09:00:00","CAPE","surface",-73.9209,19.4322,2108
"2026-09-09 18:00:00","2026-09-10 09:00:00","CAPE","surface",-73.897,19.4322,1910
"2026-09-09 18:00:00","2026-09-10 09:00:00","CAPE","surface",-73.8731,19.4322,1765
"2026-09-09 18:00:00","2026-09-10 09:00:00","CAPE","surface",-73.8492,19.4322,1765
"2026-09-09 18:00:00","2026-09-10 09:00:00","CAPE","surface",-73.8252,19.4322,1678
"2026-09-09 18:00:00","2026-09-10 09:00:00","CAPE","surface",-73.8013,19.4322,1689
"2026-09-09 18:00:00","2026-09-10 09:00:00","CAPE","surface",-73.7774,19.4322,1687
"2026-09-09 18:00:00","2026-09-10 09:00:00","CAPE","surface",-73.7535,19.4322,1670
"2026-09-09 18:00:00","2026-09-10 09:00:00","CAPE","surface",-73.7295,19.4322,1599
"2026-09-09 18:00:00","2026-09-10 09:00:00","CAPE","surface",-73.7056,19.4322,1532
"2026-09-09 18:00:00","2026-09-10 09:00:00","CAPE","surface",-73.6817,19.4322,1482
"2026-09-09 18:00:00","2026-09-10 09:00:00","CAPE","surface",-73.6578,19.4322,1481
"2026-09-09 18:00:00","2026-09-10 09:00:00","CAPE","surface",-73.6338,19.4322,1511
"2026-09-09 18:00:00","2026-09-10 09:00:00","CAPE","surface",-73.6099,19.4322,1548
"2026-09-09 18:00:00","2026-09-10 09:00:00","CAPE","surface",-73.586,19.4322,1559
"2026-09-09 18:00:00","2026-09-10 09:00:00","CAPE","surface",-73.5621,19.4322,1607
"2026-09-09 18:00:00","2026-09-10 09:00:00","CAPE","surface",-73.5381,19.4322,1677
"2026-09-09 18:00:00","2026-09-10 09:00:00","CAPE","surface",-73.5142,19.4322,1750
"2026-09-09 18:00:00","2026-09-10 09:00:00","CAPE","surface",-73.4903,19.4322,1802
"2026-09-09 18:00:00","2026-09-10 09:00:00","CAPE","surface",-73.4664,19.4322,1802
"2026-09-09 18:00:00","2026-09-10 09:00:00","CAPE","surface",-73.4424,19.4322,1820
"2026-09-09 18:00:00","2026-09-10 09:00:00","CAPE","surface",-73.4185,19.4322,1878
"2026-09-09 18:00:00","2026-09-10 09:00:00","CAPE","surface",-73.3946,19.4322,1904
"2026-09-09 18:00:00","2026-09-10 09:00:00","CAPE","surface",-73.3707,19.4322,1920
"2026-09-09 18:00:00","2026-09-10 09:00:00","CAPE","surface",-73.3467,19.4322,1920
"2026-09-09 18:00:00","2026-09-10 09:00:00","CAPE","surface",-73.3228,19.4322,1889
"2026-09-09 18:00:00","2026-09-10 09:00:00","CAPE","surface",-73.2989,19.4322,1914
"2026-09-09 18:00:00","2026-09-10 09:00:00","CAPE","surface",-73.275,19.4322,1767
"2026-09-09 18:00:00","2026-09-10 09:00:00","CAPE","surface",-73.251,19.4322,1729
"2026-09-09 18:00:00","2026-09-10 09:00:00","CAPE","surface",-73.2271,19.4322,1623
"2026-09-09 18:00:00","2026-09-10 09:00:00","CAPE","surface",-73.2032,19.4322,1637
"2026-09-09 18:00:00","2026-09-10 09:00:00","CAPE","surface",-73.1793,19.4322,2069
"2026-09-09 18:00:00","2026-09-10 09:00:00","CAPE","surface",-73.1553,19.4322,2307
"2026-09-09 18:00:00","2026-09-10 09:00:00","CAPE","surface",-73.1314,19.4322,1995
"2026-09-09 18:00:00","2026-09-10 09:00:00","CAPE","surface",-73.1075,19.4322,1874
"2026-09-09 18:00:00","2026-09-10 09:00:00","CAPE","surface",-73.0836,19.4322,1834
"2026-09-09 18:00:00","2026-09-10 09:00:00","CAPE","surface",-73.0596,19.4322,1779
"2026-09-09 18:00:00","2026-09-10 09:00:00","CAPE","surface",-73.0357,19.4322,1652
"2026-09-09 18:00:00","2026-09-10 09:00:00","CAPE","surface",-73.0118,19.4322,1600
"2026-09-09 18:00:00","2026-09-10 09:00:00","CAPE","surface",-72.9879,19.4322,1535
"2026-09-09 18:00:00","2026-09-10 09:00:00","CAPE","surface",-72.9639,19.4322,1535
"2026-09-09 18:00:00","2026-09-10 09:00:00","CAPE","surface",-72.94,19.4322,1550
"2026-09-09 18:00:00","2026-09-10 09:00:00","CAPE","surface",-72.9161,19.4322,1542
"2026-09-09 18:00:00","2026-09-10 09:00:00","CAPE","surface",-72.8922,19.4322,1475
"2026-09-09 18:00:00","2026-09-10 09:00:00","CAPE","surface",-72.8682,19.4322,1379
"2026-09-09 18:00:00","2026-09-10 09:00:00","CAPE","surface",-72.8443,19.4322,1356
"2026-09-09 18:00:00","2026-09-10 09:00:00","CAPE","surface",-72.8204,19.4322,1304
"2026-09-09 18:00:00","2026-09-10 09:00:00","CAPE","surface",-72.7965,19.4322,1247
"2026-09-09 18:00:00","2026-09-10 09:00:00","CAPE","surface",-72.7725,19.4322,1121
"2026-09-09 18:00:00","2026-09-10 09:00:00","CAPE","surface",-72.7486,19.4322,985
"2026-09-09 18:00:00","2026-09-10 09:00:00","CAPE","surface",-72.7247,19.4322,842
"2026-09-09 18:00:00","2026-09-10 09:00:00","CAPE","surface",-72.7008,19.4322,878
"2026-09-09 18:00:00","2026-09-10 09:00:00","CAPE","surface",-72.6768,19.4322,591
"2026-09-09 18:00:00","2026-09-10 09:00:00","CAPE","surface",-72.6529,19.4322,508
"2026-09-09 18:00:00","2026-09-10 09:00:00","CAPE","surface",-72.629,19.4322,520
"2026-09-09 18:00:00","2026-09-10 09:00:00","CAPE","surface",-72.6051,19.4322,520
"2026-09-09 18:00:00","2026-09-10 09:00:00","CAPE","surface",-72.5811,19.4322,580
"2026-09-09 18:00:00","2026-09-10 09:00:00","CAPE","surface",-72.5572,19.4322,571
"2026-09-09 18:00:00","2026-09-10 09:00:00","CAPE","surface",-72.5333,19.4322,541
"2026-09-09 18:00:00","2026-09-10 09:00:00","CAPE","surface",-72.5094,19.4322,529
"2026-09-09 18:00:00","2026-09-10 09:00:00","CAPE","surface",-72.4854,19.4322,543
"2026-09-09 18:00:00","2026-09-10 09:00:00","CAPE","surface",-72.4615,19.4322,573
"2026-09-09 18:00:00","2026-09-10 09:00:00","CAPE","surface",-72.4376,19.4322,587
"2026-09-09 18:00:00","2026-09-10 09:00:00","CAPE","surface",-72.4137,19.4322,614
"2026-09-09 18:00:00","2026-09-10 09:00:00","CAPE","surface",-72.3897,19.4322,470
"2026-09-09 18:00:00","2026-09-10 09:00:00","CAPE","surface",-72.3658,19.4322,470
"2026-09-09 18:00:00","2026-09-10 09:00:00","CAPE","surface",-72.3419,19.4322,466
"2026-09-09 18:00:00","2026-09-10 09:00:00","CAPE","surface",-72.318,19.4322,449
"2026-09-09 18:00:00","2026-09-10 09:00:00","CAPE","surface",-72.294,19.4322,423
"2026-09-09 18:00:00","2026-09-10 09:00:00","CAPE","surface",-72.2701,19.4322,438
"2026-09-09 18:00:00","2026-09-10 09:00:00","CAPE","surface",-72.2462,19.4322,436
"2026-09-09 18:00:00","2026-09-10 09:00:00","CAPE","surface",-72.2223,19.4322,433
"2026-09-09 18:00:00","2026-09-10 09:00:00","CAPE","surface",-72.1983,19.4322,449
"2026-09-09 18:00:00","2026-09-10 09:00:00","CAPE","surface",-72.1744,19.4322,500
"2026-09-09 18:00:00","2026-09-10 09:00:00","CAPE","surface",-72.1505,19.4322,507
"2026-09-09 18:00:00","2026-09-10 09:00:00","CAPE","surface",-72.1266,19.4322,482
"2026-09-09 18:00:00","2026-09-10 09:00:00","CAPE","surface",-72.1026,19.4322,378
"2026-09-09 18:00:00","2026-09-10 09:00:00","CAPE","surface",-72.0787,19.4322,317
"2026-09-09 18:00:00","2026-09-10 09:00:00","CAPE","surface",-72.0548,19.4322,302
"2026-09-09 18:00:00","2026-09-10 09:00:00","CAPE","surface",-72.0309,19.4322,438
"2026-09-09 18:00:00","2026-09-10 09:00:00","CAPE","surface",-72.0069,19.4322,438
"2026-09-09 18:00:00","2026-09-10 09:00:00","CAPE","surface",-71.983,19.4322,487
"2026-09-09 18:00:00","2026-09-10 09:00:00","CAPE","surface",-71.9591,19.4322,464
"2026-09-09 18:00:00","2026-09-10 09:00:00","CAPE","surface",-71.9352,19.4322,460
"2026-09-09 18:00:00","2026-09-10 09:00:00","CAPE","surface",-71.9112,19.4322,413
"2026-09-09 18:00:00","2026-09-10 09:00:00","CAPE","surface",-71.8873,19.4322,459
"2026-09-09 18:00:00","2026-09-10 09:00:00","CAPE","surface",-71.8634,19.4322,402
"2026-09-09 18:00:00","2026-09-10 09:00:00","CAPE","surface",-71.8395,19.4322,421
"2026-09-09 18:00:00","2026-09-10 09:00:00","CAPE","surface",-71.8155,19.4322,407
"2026-09-09 18:00:00","2026-09-10 09:00:00","CAPE","surface",-71.7916,19.4322,389
"2026-09-09 18:00:00","2026-09-10 09:00:00","CAPE","surface",-71.7677,19.4322,389
"2026-09-09 18:00:00","2026-09-10 09:00:00","CAPE","surface",-71.7438,19.4322,413
"2026-09-09 18:00:00","2026-09-10 09:00:00","CAPE","surface",-71.7198,19.4322,419
"2026-09-09 18:00:00","2026-09-10 09:00:00","CAPE","surface",-71.6959,19.4322,406
"2026-09-09 18:00:00","2026-09-10 09:00:00","CAPE","surface",-71.672,19.4322,357
"2026-09-09 18:00:00","2026-09-10 09:00:00","CAPE","surface",-71.6481,19.4322,357
"2026-09-09 18:00:00","2026-09-10 09:00:00","CAPE","surface",-71.6241,19.4322,359
"2026-09-09 18:00:00","2026-09-10 09:00:00","CAPE","surface",-71.6002,19.4322,360
"2026-09-09 18:00:00","2026-09-10 09:00:00","CAPE","surface",-71.5763,19.4322,380
"2026-09-09 18:00:00","2026-09-10 09:00:00","CAPE","surface",-71.5524,19.4322,380
"2026-09-09 18:00:00","2026-09-10 09:00:00","CAPE","surface",-71.5284,19.4322,403
"2026-09-09 18:00:00","2026-09-10 09:00:00","CAPE","surface",-71.5045,19.4322,396
"2026-09-09 18:00:00","2026-09-10 09:00:00","CAPE","surface",-71.4806,19.4322,404
"2026-09-09 18:00:00","2026-09-10 09:00:00","CAPE","surface",-71.4567,19.4322,453
"2026-09-09 18:00:00","2026-09-10 09:00:00","CAPE","surface",-71.4327,19.4322,439
"2026-09-09 18:00:00","2026-09-10 09:00:00","CAPE","surface",-71.4088,19.4322,445
"2026-09-09 18:00:00","2026-09-10 09:00:00","CAPE","surface",-71.3849,19.4322,359
"2026-09-09 18:00:00","2026-09-10 09:00:00","CAPE","surface",-71.361,19.4322,314
"2026-09-09 18:00:00","2026-09-10 09:00:00","CAPE","surface",-71.337,19.4322,242
"2026-09-09 18:00:00","2026-09-10 09:00:00","CAPE","surface",-71.3131,19.4322,494
"2026-09-09 18:00:00","2026-09-10 09:00:00","CAPE","surface",-71.2892,19.4322,422
"2026-09-09 18:00:00","2026-09-10 09:00:00","CAPE","surface",-71.2653,19.4322,620
"2026-09-09 18:00:00","2026-09-10 09:00:00","CAPE","surface",-71.2413,19.4322,574
"2026-09-09 18:00:00","2026-09-10 09:00:00","CAPE","surface",-71.2174,19.4322,641
"2026-09-09 18:00:00","2026-09-10 09:00:00","CAPE","surface",-71.1935,19.4322,641
"2026-09-09 18:00:00","2026-09-10 09:00:00","CAPE","surface",-71.1696,19.4322,673
"2026-09-09 18:00:00","2026-09-10 09:00:00","CAPE","surface",-71.1456,19.4322,620
"2026-09-09 18:00:00","2026-09-10 09:00:00","CAPE","surface",-71.1217,19.4322,644
"2026-09-09 18:00:00","2026-09-10 09:00:00","CAPE","surface",-71.0978,19.4322,644
"2026-09-09 18:00:00","2026-09-10 09:00:00","CAPE","surface",-71.0739,19.4322,686
"2026-09-09 18:00:00","2026-09-10 09:00:00","CAPE","surface",-71.0499,19.4322,617
"2026-09-09 18:00:00","2026-09-10 09:00:00","CAPE","surface",-71.026,19.4322,684
"2026-09-09 18:00:00","2026-09-10 09:00:00","CAPE","surface",-71.0021,19.4322,749
"2026-09-09 18:00:00","2026-09-10 09:00:00","CAPE","surface",-70.9782,19.4322,749
"2026-09-09 18:00:00","2026-09-10 09:00:00","CAPE","surface",-70.9542,19.4322,808
"2026-09-09 18:00:00","2026-09-10 09:00:00","CAPE","surface",-70.9303,19.4322,802
"2026-09-09 18:00:00","2026-09-10 09:00:00","CAPE","surface",-70.9064,19.4322,853
"2026-09-09 18:00:00","2026-09-10 09:00:00","CAPE","surface",-70.8825,19.4322,856
"2026-09-09 18:00:00","2026-09-10 09:00:00","CAPE","surface",-70.8585,19.4322,900
"2026-09-09 18:00:00","2026-09-10 09:00:00","CAPE","surface",-70.8346,19.4322,901
"2026-09-09 18:00:00","2026-09-10 09:00:00","CAPE","surface",-70.8107,19.4322,951
"2026-09-09 18:00:00","2026-09-10 09:00:00","CAPE","surface",-70.7868,19.4322,943
"2026-09-09 18:00:00","2026-09-10 09:00:00","CAPE","surface",-70.7628,19.4322,1024
"2026-09-09 18:00:00","2026-09-10 09:00:00","CAPE","surface",-70.7389,19.4322,1024
"2026-09-09 18:00:00","2026-09-10 09:00:00","CAPE","surface",-70.715,19.4322,1061
"2026-09-09 18:00:00","2026-09-10 09:00:00","CAPE","surface",-70.6911,19.4322,1127
"2026-09-09 18:00:00","2026-09-10 09:00:00","CAPE","surface",-70.6671,19.4322,1140
"2026-09-09 18:00:00","2026-09-10 09:00:00","CAPE","surface",-70.6432,19.4322,1198
"2026-09-09 18:00:00","2026-09-10 09:00:00","CAPE","surface",-70.6193,19.4322,1209
"2026-09-09 18:00:00","2026-09-10 09:00:00","CAPE","surface",-70.5954,19.4322,1266
"2026-09-09 18:00:00","2026-09-10 09:00:00","CAPE","surface",-70.5714,19.4322,1271
"2026-09-09 18:00:00","2026-09-10 09:00:00","CAPE","surface",-70.5475,19.4322,1319
"2026-09-09 18:00:00","2026-09-10 09:00:00","CAPE","surface",-70.5236,19.4322,1319
"2026-09-09 18:00:00","2026-09-10 09:00:00","CAPE","surface",-70.4997,19.4322,1399
"2026-09-09 18:00:00","2026-09-10 09:00:00","CAPE","surface",-70.4757,19.4322,1394
"2026-09-09 18:00:00","2026-09-10 09:00:00","CAPE","surface",-70.4518,19.4322,1474
"2026-09-09 18:00:00","2026-09-10 09:00:00","CAPE","surface",-70.4279,19.4322,1474
"2026-09-09 18:00:00","2026-09-10 09:00:00","CAPE","surface",-70.404,19.4322,1349
"2026-09-09 18:00:00","2026-09-10 09:00:00","CAPE","surface",-70.38,19.4322,1169
"2026-09-09 18:00:00","2026-09-10 09:00:00","CAPE","surface",-70.3561,19.4322,1338
"2026-09-09 18:00:00","2026-09-10 09:00:00","CAPE","surface",-70.3322,19.4322,1387
"2026-09-09 18:00:00","2026-09-10 09:00:00","CAPE","surface",-70.3083,19.4322,1387
"2026-09-09 18:00:00","2026-09-10 09:00:00","CAPE","surface",-70.2843,19.4322,1366
"2026-09-09 18:00:00","2026-09-10 09:00:00","CAPE","surface",-70.2604,19.4322,1475
"2026-09-09 18:00:00","2026-09-10 09:00:00","CAPE","surface",-70.2365,19.4322,1647
"2026-09-09 18:00:00","2026-09-10 09:00:00","CAPE","surface",-70.2126,19.4322,1647
"2026-09-09 18:00:00","2026-09-10 09:00:00","CAPE","surface",-70.1886,19.4322,2020
"2026-09-09 18:00:00","2026-09-10 09:00:00","CAPE","surface",-70.1647,19.4322,2030
"2026-09-09 18:00:00","2026-09-10 09:00:00","CAPE","surface",-70.1408,19.4322,2090
"2026-09-09 18:00:00","2026-09-10 09:00:00","CAPE","surface",-70.1169,19.4322,2097
"2026-09-09 18:00:00","2026-09-10 09:00:00","CAPE","surface",-70.0929,19.4322,2133
"2026-09-09 18:00:00","2026-09-10 09:00:00","CAPE","surface",-70.069,19.4322,2302
"2026-09-09 18:00:00","2026-09-10 09:00:00","CAPE","surface",-70.0451,19.4322,2323
"2026-09-09 18:00:00","2026-09-10 09:00:00","CAPE","surface",-70.0212,19.4322,2608
"2026-09-09 18:00:00","2026-09-10 09:00:00","CAPE","surface",-69.9972,19.4322,2608
"2026-09-09 18:00:00","2026-09-10 09:00:00","CAPE","surface",-69.9733,19.4322,2661
"2026-09-09 18:00:00","2026-09-10 09:00:00","CAPE","surface",-69.9494,19.4322,2583
"2026-09-09 18:00:00","2026-09-10 09:00:00","CAPE","surface",-69.9255,19.4322,2357
"2026-09-09 18:00:00","2026-09-10 09:00:00","CAPE","surface",-69.9015,19.4322,2328
"2026-09-09 18:00:00","2026-09-10 09:00:00","CAPE","surface",-69.8776,19.4322,2377
"2026-09-09 18:00:00","2026-09-10 09:00:00","CAPE","surface",-69.8537,19.4322,2490
"2026-09-09 18:00:00","2026-09-10 09:00:00","CAPE","surface",-69.8298,19.4322,2818
"2026-09-09 18:00:00","2026-09-10 09:00:00","CAPE","surface",-69.8058,19.4322,3125
"2026-09-09 18:00:00","2026-09-10 09:00:00","CAPE","surface",-69.7819,19.4322,3125
"2026-09-09 18:00:00","2026-09-10 09:00:00","CAPE","surface",-69.758,19.4322,3038
"2026-09-09 18:00:00","2026-09-10 09:00:00","CAPE","surface",-69.7341,19.4322,2438
"2026-09-09 18:00:00","2026-09-10 09:00:00","CAPE","surface",-69.7101,19.4322,1878
"2026-09-09 18:00:00","2026-09-10 09:00:00","CAPE","surface",-69.6862,19.4322,1822
"2026-09-09 18:00:00","2026-09-10 09:00:00","CAPE","surface",-69.6623,19.4322,2154
"2026-09-09 18:00:00","2026-09-10 09:00:00","CAPE","surface",-69.6384,19.4322,1858
"2026-09-09 18:00:00","2026-09-10 09:00:00","CAPE","surface",-69.6144,19.4322,2330
"2026-09-09 18:00:00","2026-09-10 09:00:00","CAPE","surface",-69.5905,19.4322,2182
"2026-09-09 18:00:00","2026-09-10 09:00:00","CAPE","surface",-69.5666,19.4322,2545
"2026-09-09 18:00:00","2026-09-10 09:00:00","CAPE","surface",-69.5427,19.4322,2463
"2026-09-09 18:00:00","2026-09-10 09:00:00","CAPE","surface",-69.5187,19.4322,2504
"2026-09-09 18:00:00","2026-09-10 09:00:00","CAPE","surface",-69.4948,19.4322,2436
"2026-09-09 18:00:00","2026-09-10 09:00:00","CAPE","surface",-69.4709,19.4322,2436
"2026-09-09 18:00:00","2026-09-10 09:00:00","CAPE","surface",-69.447,19.4322,2417
"2026-09-09 18:00:00","2026-09-10 09:00:00","CAPE","surface",-69.423,19.4322,2450
"2026-09-09 18:00:00","2026-09-10 09:00:00","CAPE","surface",-69.3991,19.4322,2442
"2026-09-09 18:00:00","2026-09-10 09:00:00","CAPE","surface",-69.3752,19.4322,2460
"2026-09-09 18:00:00","2026-09-10 09:00:00","CAPE","surface",-69.3513,19.4322,2552
"2026-09-09 18:00:00","2026-09-10 09:00:00","CAPE","surface",-69.3273,19.4322,2585
"2026-09-09 18:00:00","2026-09-10 09:00:00","CAPE","surface",-69.3034,19.4322,2607
"2026-09-09 18:00:00","2026-09-10 09:00:00","CAPE","surface",-69.2795,19.4322,2714
"2026-09-09 18:00:00","2026-09-10 09:00:00","CAPE","surface",-69.2556,19.4322,2714
"2026-09-09 18:00:00","2026-09-10 09:00:00","CAPE","surface",-69.2316,19.4322,2794
"2026-09-09 18:00:00","2026-09-10 09:00:00","CAPE","surface",-69.2077,19.4322,2782
"2026-09-09 18:00:00","2026-09-10 09:00:00","CAPE","surface",-69.1838,19.4322,2849
"2026-09-09 18:00:00","2026-09-10 09:00:00","CAPE","surface",-69.1599,19.4322,2849
"2026-09-09 18:00:00","2026-09-10 09:00:00","CAPE","surface",-69.1359,19.4322,2975
"2026-09-09 18:00:00","2026-09-10 09:00:00","CAPE","surface",-69.112,19.4322,2971
"2026-09-09 18:00:00","2026-09-10 09:00:00","CAPE","surface",-69.0881,19.4322,3031
"2026-09-09 18:00:00","2026-09-10 09:00:00","CAPE","surface",-69.0642,19.4322,2848
"2026-09-09 18:00:00","2026-09-10 09:00:00","CAPE","surface",-69.0402,19.4322,2848
"2026-09-09 18:00:00","2026-09-10 09:00:00","CAPE","surface",-69.0163,19.4322,2812
"2026-09-09 18:00:00","2026-09-10 09:00:00","CAPE","surface",-68.9924,19.4322,2817
"2026-09-09 18:00:00","2026-09-10 09:00:00","CAPE","surface",-68.9685,19.4322,2863
"2026-09-09 18:00:00","2026-09-10 09:00:00","CAPE","surface",-68.9445,19.4322,2863
"2026-09-09 18:00:00","2026-09-10 09:00:00","CAPE","surface",-68.9206,19.4322,2881
"2026-09-09 18:00:00","2026-09-10 09:00:00","CAPE","surface",-68.8967,19.4322,2893
"2026-09-09 18:00:00","2026-09-10 09:00:00","CAPE","surface",-68.8728,19.4322,2887
"2026-09-09 18:00:00","2026-09-10 09:00:00","CAPE","surface",-68.8488,19.4322,2873
"2026-09-09 18:00:00","2026-09-10 09:00:00","CAPE","surface",-68.8249,19.4322,2877
"2026-09-09 18:00:00","2026-09-10 09:00:00","CAPE","surface",-68.801,19.4322,2889
"2026-09-09 18:00:00","2026-09-10 09:00:00","CAPE","surface",-68.7771,19.4322,2975
"2026-09-09 18:00:00","2026-09-10 09:00:00","CAPE","surface",-68.7531,19.4322,3125
"2026-09-09 18:00:00","2026-09-10 09:00:00","CAPE","surface",-68.7292,19.4322,3125
"2026-09-09 18:00:00","2026-09-10 09:00:00","CAPE","surface",-68.7053,19.4322,3278
"2026-09-09 18:00:00","2026-09-10 09:00:00","CAPE","surface",-68.6813,19.4322,3328
"2026-09-09 18:00:00","2026-09-10 09:00:00","CAPE","surface",-68.6574,19.4322,3286
"2026-09-09 18:00:00","2026-09-10 09:00:00","CAPE","surface",-68.6335,19.4322,3148
"2026-09-09 18:00:00","2026-09-10 09:00:00","CAPE","surface",-68.6096,19.4322,3211
"2026-09-09 18:00:00","2026-09-10 09:00:00","CAPE","surface",-68.5856,19.4322,3169
"2026-09-09 18:00:00","2026-09-10 09:00:00","CAPE","surface",-68.5617,19.4322,3094
"2026-09-09 18:00:00","2026-09-10 09:00:00","CAPE","surface",-68.5378,19.4322,3107
"2026-09-09 18:00:00","2026-09-10 09:00:00","CAPE","surface",-68.5139,19.4322,3081
"2026-09-09 18:00:00","2026-09-10 09:00:00","CAPE","surface",-68.4899,19.4322,3124
"2026-09-09 18:00:00","2026-09-10 09:00:00","CAPE","surface",-68.466,19.4322,3066
"2026-09-09 18:00:00","2026-09-10 09:00:00","CAPE","surface",-68.4421,19.4322,3169
"2026-09-09 18:00:00","2026-09-10 09:00:00","CAPE","surface",-68.4182,19.4322,3036
"2026-09-09 18:00:00","2026-09-10 09:00:00","CAPE","surface",-68.3942,19.4322,3047
"2026-09-09 18:00:00","2026-09-10 09:00:00","CAPE","surface",-68.3703,19.4322,3059
"2026-09-09 18:00:00","2026-09-10 09:00:00","CAPE","surface",-68.3464,19.4322,3140
"2026-09-09 18:00:00","2026-09-10 09:00:00","CAPE","surface",-68.3225,19.4322,3196
"2026-09-09 18:00:00","2026-09-10 09:00:00","CAPE","surface",-68.2985,19.4322,3247
"2026-09-09 18:00:00","2026-09-10 09:00:00","CAPE","surface",-68.2746,19.4322,3305
"2026-09-09 18:00:00","2026-09-10 09:00:00","CAPE","surface",-68.2507,19.4322,3220
"2026-09-09 18:00:00","2026-09-10 09:00:00","CAPE","surface",-68.2268,19.4322,3140
"2026-09-09 18:00:00","2026-09-10 09:00:00","CAPE","surface",-68.2028,19.4322,3078
"2026-09-09 18:00:00","2026-09-10 09:00:00","CAPE","surface",-68.1789,19.4322,3093
"2026-09-09 18:00:00","2026-09-10 09:00:00","CAPE","surface",-68.155,19.4322,3068
"2026-09-09 18:00:00","2026-09-10 09:00:00","CAPE","surface",-68.1311,19.4322,3068
"2026-09-09 18:00:00","2026-09-10 09:00:00","CAPE","surface",-68.1071,19.4322,3093
"2026-09-09 18:00:00","2026-09-10 09:00:00","CAPE","surface",-68.0832,19.4322,3185
"2026-09-09 18:00:00","2026-09-10 09:00:00","CAPE","surface",-68.0593,19.4322,3160
"2026-09-09 18:00:00","2026-09-10 09:00:00","CAPE","surface",-68.0354,19.4322,3160
"2026-09-09 18:00:00","2026-09-10 09:00:00","CAPE","surface",-68.0114,19.4322,3024
"2026-09-09 18:00:00","2026-09-10 09:00:00","CAPE","surface",-67.9875,19.4322,2840
"2026-09-09 18:00:00","2026-09-10 09:00:00","CAPE","surface",-67.9636,19.4322,2724
"2026-09-09 18:00:00","2026-09-10 09:00:00","CAPE","surface",-67.9397,19.4322,2858
"2026-09-09 18:00:00","2026-09-10 09:00:00","CAPE","surface",-67.9157,19.4322,2794
"2026-09-09 18:00:00","2026-09-10 09:00:00","CAPE","surface",-67.8918,19.4322,2920
"2026-09-09 18:00:00","2026-09-10 09:00:00","CAPE","surface",-67.8679,19.4322,2964
"2026-09-09 18:00:00","2026-09-10 09:00:00","CAPE","surface",-67.844,19.4322,3037
"2026-09-09 18:00:00","2026-09-10 09:00:00","CAPE","surface",-67.82,19.4322,3110
"2026-09-09 18:00:00","2026-09-10 09:00:00","CAPE","surface",-67.7961,19.4322,3051
"2026-09-09 18:00:00","2026-09-10 09:00:00","CAPE","surface",-67.7722,19.4322,2919
"2026-09-09 18:00:00","2026-09-10 09:00:00","CAPE","surface",-67.7483,19.4322,2919
"2026-09-09 18:00:00","2026-09-10 09:00:00","CAPE","surface",-67.7243,19.4322,2898
"2026-09-09 18:00:00","2026-09-10 09:00:00","CAPE","surface",-67.7004,19.4322,2892
"2026-09-09 18:00:00","2026-09-10 09:00:00","CAPE","surface",-67.6765,19.4322,2768
"2026-09-09 18:00:00","2026-09-10 09:00:00","CAPE","surface",-67.6526,19.4322,2768
"2026-09-09 18:00:00","2026-09-10 09:00:00","CAPE","surface",-67.6286,19.4322,2720
"2026-09-09 18:00:00","2026-09-10 09:00:00","CAPE","surface",-67.6047,19.4322,2751
"2026-09-09 18:00:00","2026-09-10 09:00:00","CAPE","surface",-67.5808,19.4322,2714
"2026-09-09 18:00:00","2026-09-10 09:00:00","CAPE","surface",-67.5569,19.4322,2723
"2026-09-09 18:00:00","2026-09-10 09:00:00","CAPE","surface",-67.5329,19.4322,2754
"2026-09-09 18:00:00","2026-09-10 09:00:00","CAPE","surface",-67.509,19.4322,2672
"2026-09-09 18:00:00","2026-09-10 09:00:00","CAPE","surface",-67.4851,19.4322,2779
"2026-09-09 18:00:00","2026-09-10 09:00:00","CAPE","surface",-67.4612,19.4322,2680
"2026-09-09 18:00:00","2026-09-10 09:00:00","CAPE","surface",-67.4372,19.4322,2680
"2026-09-09 18:00:00","2026-09-10 09:00:00","CAPE","surface",-67.4133,19.4322,2518
"2026-09-09 18:00:00","2026-09-10 09:00:00","CAPE","surface",-67.3894,19.4322,2442
"2026-09-09 18:00:00","2026-09-10 09:00:00","CAPE","surface",-67.3655,19.4322,2524
"2026-09-09 18:00:00","2026-09-10 09:00:00","CAPE","surface",-67.3415,19.4322,2464
"2026-09-09 18:00:00","2026-09-10 09:00:00","CAPE","surface",-67.3176,19.4322,2552
"2026-09-09 18:00:00","2026-09-10 09:00:00","CAPE","surface",-67.2937,19.4322,2675
"2026-09-09 18:00:00","2026-09-10 09:00:00","CAPE","surface",-67.2698,19.4322,2809
"2026-09-09 18:00:00","2026-09-10 09:00:00","CAPE","surface",-67.2458,19.4322,2878
"2026-09-09 18:00:00","2026-09-10 09:00:00","CAPE","surface",-67.2219,19.4322,3097
"2026-09-09 18:00:00","2026-09-10 09:00:00","CAPE","surface",-67.198,19.4322,3187
"2026-09-09 18:00:00","2026-09-10 09:00:00","CAPE","surface",-67.1741,19.4322,3266
"2026-09-09 18:00:00","2026-09-10 09:00:00","CAPE","surface",-67.1501,19.4322,3266
"2026-09-09 18:00:00","2026-09-10 09:00:00","CAPE","surface",-67.1262,19.4322,3210
"2026-09-09 18:00:00","2026-09-10 09:00:00","CAPE","surface",-67.1023,19.4322,3269
"2026-09-09 18:00:00","2026-09-10 09:00:00","CAPE","surface",-67.0784,19.4322,3192
"2026-09-09 18:00:00","2026-09-10 09:00:00","CAPE","surface",-67.0544,19.4322,3192
"2026-09-09 18:00:00","2026-09-10 09:00:00","CAPE","surface",-67.0305,19.4322,2988
"2026-09-09 18:00:00","2026-09-10 09:00:00","CAPE","surface",-67.0066,19.4322,2852
"2026-09-09 18:00:00","2026-09-10 09:00:00","CAPE","surface",-74.7822,19.4548,2595
"2026-09-09 18:00:00","2026-09-10 09:00:00","CAPE","surface",-74.7583,19.4548,2541
"2026-09-09 18:00:00","2026-09-10 09:00:00","CAPE","surface",-74.7344,19.4548,2545
"2026-09-09 18:00:00","2026-09-10 09:00:00","CAPE","surface",-74.7105,19.4548,2568
"2026-09-09 18:00:00","2026-09-10 09:00:00","CAPE","surface",-74.6865,19.4548,2590
"2026-09-09 18:00:00","2026-09-10 09:00:00","CAPE","surface",-74.6626,19.4548,2684
"2026-09-09 18:00:00","2026-09-10 09:00:00","CAPE","surface",-74.6387,19.4548,2713
"2026-09-09 18:00:00","2026-09-10 09:00:00","CAPE","surface",-74.6148,19.4548,2795
"2026-09-09 18:00:00","2026-09-10 09:00:00","CAPE","surface",-74.5908,19.4548,2795
"2026-09-09 18:00:00","2026-09-10 09:00:00","CAPE","surface",-74.5669,19.4548,2880
"2026-09-09 18:00:00","2026-09-10 09:00:00","CAPE","surface",-74.543,19.4548,2943
"2026-09-09 18:00:00","2026-09-10 09:00:00","CAPE","surface",-74.5191,19.4548,3011
"2026-09-09 18:00:00","2026-09-10 09:00:00","CAPE","surface",-74.4951,19.4548,3008
"2026-09-09 18:00:00","2026-09-10 09:00:00","CAPE","surface",-74.4712,19.4548,3168
"2026-09-09 18:00:00","2026-09-10 09:00:00","CAPE","surface",-74.4473,19.4548,3168
"2026-09-09 18:00:00","2026-09-10 09:00:00","CAPE","surface",-74.4234,19.4548,3150
"2026-09-09 18:00:00","2026-09-10 09:00:00","CAPE","surface",-74.3994,19.4548,3002
"2026-09-09 18:00:00","2026-09-10 09:00:00","CAPE","surface",-74.3755,19.4548,2717
"2026-09-09 18:00:00","2026-09-10 09:00:00","CAPE","surface",-74.3516,19.4548,2695
"2026-09-09 18:00:00","2026-09-10 09:00:00","CAPE","surface",-74.3277,19.4548,2659
"2026-09-09 18:00:00","2026-09-10 09:00:00","CAPE","surface",-74.3037,19.4548,2656
"2026-09-09 18:00:00","2026-09-10 09:00:00","CAPE","surface",-74.2798,19.4548,2601
"2026-09-09 18:00:00","2026-09-10 09:00:00","CAPE","surface",-74.2559,19.4548,2671
"2026-09-09 18:00:00","2026-09-10 09:00:00","CAPE","surface",-74.232,19.4548,2845
"2026-09-09 18:00:00","2026-09-10 09:00:00","CAPE","surface",-74.208,19.4548,2899
"2026-09-09 18:00:00","2026-09-10 09:00:00","CAPE","surface",-74.1841,19.4548,2943
"2026-09-09 18:00:00","2026-09-10 09:00:00","CAPE","surface",-74.1602,19.4548,2931
"2026-09-09 18:00:00","2026-09-10 09:00:00","CAPE","surface",-74.1363,19.4548,2857
"2026-09-09 18:00:00","2026-09-10 09:00:00","CAPE","surface",-74.1123,19.4548,2742
"2026-09-09 18:00:00","2026-09-10 09:00:00","CAPE","surface",-74.0884,19.4548,2647
"2026-09-09 18:00:00","2026-09-10 09:00:00","CAPE","surface",-74.0645,19.4548,2647
"2026-09-09 18:00:00","2026-09-10 09:00:00","CAPE","surface",-74.0406,19.4548,2573
"2026-09-09 18:00:00","2026-09-10 09:00:00","CAPE","surface",-74.0166,19.4548,2517
"2026-09-09 18:00:00","2026-09-10 09:00:00","CAPE","surface",-73.9927,19.4548,2530
"2026-09-09 18:00:00","2026-09-10 09:00:00","CAPE","surface",-73.9688,19.4548,2449
"2026-09-09 18:00:00","2026-09-10 09:00:00","CAPE","surface",-73.9449,19.4548,2381
"2026-09-09 18:00:00","2026-09-10 09:00:00","CAPE","surface",-73.9209,19.4548,2381
"2026-09-09 18:00:00","2026-09-10 09:00:00","CAPE","surface",-73.897,19.4548,2051
"2026-09-09 18:00:00","2026-09-10 09:00:00","CAPE","surface",-73.8731,19.4548,1845
"2026-09-09 18:00:00","2026-09-10 09:00:00","CAPE","surface",-73.8492,19.4548,1736
"2026-09-09 18:00:00","2026-09-10 09:00:00","CAPE","surface",-73.8252,19.4548,1688
"2026-09-09 18:00:00","2026-09-10 09:00:00","CAPE","surface",-73.8013,19.4548,1688
"2026-09-09 18:00:00","2026-09-10 09:00:00","CAPE","surface",-73.7774,19.4548,1674
"2026-09-09 18:00:00","2026-09-10 09:00:00","CAPE","surface",-73.7535,19.4548,1648
"2026-09-09 18:00:00","2026-09-10 09:00:00","CAPE","surface",-73.7295,19.4548,1576
"2026-09-09 18:00:00","2026-09-10 09:00:00","CAPE","surface",-73.7056,19.4548,1517
"2026-09-09 18:00:00","2026-09-10 09:00:00","CAPE","surface",-73.6817,19.4548,1489
"2026-09-09 18:00:00","2026-09-10 09:00:00","CAPE","surface",-73.6578,19.4548,1489
"2026-09-09 18:00:00","2026-09-10 09:00:00","CAPE","surface",-73.6338,19.4548,1503
"2026-09-09 18:00:00","2026-09-10 09:00:00","CAPE","surface",-73.6099,19.4548,1522
"2026-09-09 18:00:00","2026-09-10 09:00:00","CAPE","surface",-73.586,19.4548,1564
"2026-09-09 18:00:00","2026-09-10 09:00:00","CAPE","surface",-73.5621,19.4548,1609
"2026-09-09 18:00:00","2026-09-10 09:00:00","CAPE","surface",-73.5381,19.4548,1624
"2026-09-09 18:00:00","2026-09-10 09:00:00","CAPE","surface",-73.5142,19.4548,1682
"2026-09-09 18:00:00","2026-09-10 09:00:00","CAPE","surface",-73.4903,19.4548,1748
"2026-09-09 18:00:00","2026-09-10 09:00:00","CAPE","surface",-73.4664,19.4548,1780
"2026-09-09 18:00:00","2026-09-10 09:00:00","CAPE","surface",-73.4424,19.4548,1813
"2026-09-09 18:00:00","2026-09-10 09:00:00","CAPE","surface",-73.4185,19.4548,1813
"2026-09-09 18:00:00","2026-09-10 09:00:00","CAPE","surface",-73.3946,19.4548,1818
"2026-09-09 18:00:00","2026-09-10 09:00:00","CAPE","surface",-73.3707,19.4548,1856
"2026-09-09 18:00:00","2026-09-10 09:00:00","CAPE","surface",-73.3467,19.4548,1840
"2026-09-09 18:00:00","2026-09-10 09:00:00","CAPE","surface",-73.3228,19.4548,1889
"2026-09-09 18:00:00","2026-09-10 09:00:00","CAPE","surface",-73.2989,19.4548,1777
"2026-09-09 18:00:00","2026-09-10 09:00:00","CAPE","surface",-73.275,19.4548,1783
"2026-09-09 18:00:00","2026-09-10 09:00:00","CAPE","surface",-73.251,19.4548,1661
"2026-09-09 18:00:00","2026-09-10 09:00:00","CAPE","surface",-73.2271,19.4548,1623
"2026-09-09 18:00:00","2026-09-10 09:00:00","CAPE","surface",-73.2032,19.4548,1848
"2026-09-09 18:00:00","2026-09-10 09:00:00","CAPE","surface",-73.1793,19.4548,2069
"2026-09-09 18:00:00","2026-09-10 09:00:00","CAPE","surface",-73.1553,19.4548,2381
"2026-09-09 18:00:00","2026-09-10 09:00:00","CAPE","surface",-73.1314,19.4548,2237
"2026-09-09 18:00:00","2026-09-10 09:00:00","CAPE","surface",-73.1075,19.4548,1914
"2026-09-09 18:00:00","2026-09-10 09:00:00","CAPE","surface",-73.0836,19.4548,1834
"2026-09-09 18:00:00","2026-09-10 09:00:00","CAPE","surface",-73.0596,19.4548,1713
"2026-09-09 18:00:00","2026-09-10 09:00:00","CAPE","surface",-73.0357,19.4548,1713
"2026-09-09 18:00:00","2026-09-10 09:00:00","CAPE","surface",-73.0118,19.4548,1588
"2026-09-09 18:00:00","2026-09-10 09:00:00","CAPE","surface",-72.9879,19.4548,1537
"2026-09-09 18:00:00","2026-09-10 09:00:00","CAPE","surface",-72.9639,19.4548,1544
"2026-09-09 18:00:00","2026-09-10 09:00:00","CAPE","surface",-72.94,19.4548,1588
"2026-09-09 18:00:00","2026-09-10 09:00:00","CAPE","surface",-72.9161,19.4548,1588
"2026-09-09 18:00:00","2026-09-10 09:00:00","CAPE","surface",-72.8922,19.4548,1632
"2026-09-09 18:00:00","2026-09-10 09:00:00","CAPE","surface",-72.8682,19.4548,1515
"2026-09-09 18:00:00","2026-09-10 09:00:00","CAPE","surface",-72.8443,19.4548,1441
"2026-09-09 18:00:00","2026-09-10 09:00:00","CAPE","surface",-72.8204,19.4548,1358
"2026-09-09 18:00:00","2026-09-10 09:00:00","CAPE","surface",-72.7965,19.4548,1258
"2026-09-09 18:00:00","2026-09-10 09:00:00","CAPE","surface",-72.7725,19.4548,1186
"2026-09-09 18:00:00","2026-09-10 09:00:00","CAPE","surface",-72.7486,19.4548,796
"2026-09-09 18:00:00","2026-09-10 09:00:00","CAPE","surface",-72.7247,19.4548,842
"2026-09-09 18:00:00","2026-09-10 09:00:00","CAPE","surface",-72.7008,19.4548,818
"2026-09-09 18:00:00","2026-09-10 09:00:00","CAPE","surface",-72.6768,19.4548,818
"2026-09-09 18:00:00","2026-09-10 09:00:00","CAPE","surface",-72.6529,19.4548,511
"2026-09-09 18:00:00","2026-09-10 09:00:00","CAPE","surface",-72.629,19.4548,490
"2026-09-09 18:00:00","2026-09-10 09:00:00","CAPE","surface",-72.6051,19.4548,525
"2026-09-09 18:00:00","2026-09-10 09:00:00","CAPE","surface",-72.5811,19.4548,580
"2026-09-09 18:00:00","2026-09-10 09:00:00","CAPE","surface",-72.5572,19.4548,600
"2026-09-09 18:00:00","2026-09-10 09:00:00","CAPE","surface",-72.5333,19.4548,566
"2026-09-09 18:00:00","2026-09-10 09:00:00","CAPE","surface",-72.5094,19.4548,534
"2026-09-09 18:00:00","2026-09-10 09:00:00","CAPE","surface",-72.4854,19.4548,543
"2026-09-09 18:00:00","2026-09-10 09:00:00","CAPE","surface",-72.4615,19.4548,542
"2026-09-09 18:00:00","2026-09-10 09:00:00","CAPE","surface",-72.4376,19.4548,464
"2026-09-09 18:00:00","2026-09-10 09:00:00","CAPE","surface",-72.4137,19.4548,454
"2026-09-09 18:00:00","2026-09-10 09:00:00","CAPE","surface",-72.3897,19.4548,494
"2026-09-09 18:00:00","2026-09-10 09:00:00","CAPE","surface",-72.3658,19.4548,478
"2026-09-09 18:00:00","2026-09-10 09:00:00","CAPE","surface",-72.3419,19.4548,484
"2026-09-09 18:00:00","2026-09-10 09:00:00","CAPE","surface",-72.318,19.4548,484
"2026-09-09 18:00:00","2026-09-10 09:00:00","CAPE","surface",-72.294,19.4548,460
"2026-09-09 18:00:00","2026-09-10 09:00:00","CAPE","surface",-72.2701,19.4548,440
"2026-09-09 18:00:00","2026-09-10 09:00:00","CAPE","surface",-72.2462,19.4548,465
"2026-09-09 18:00:00","2026-09-10 09:00:00","CAPE","surface",-72.2223,19.4548,446
"2026-09-09 18:00:00","2026-09-10 09:00:00","CAPE","surface",-72.1983,19.4548,479
"2026-09-09 18:00:00","2026-09-10 09:00:00","CAPE","surface",-72.1744,19.4548,491
"2026-09-09 18:00:00","2026-09-10 09:00:00","CAPE","surface",-72.1505,19.4548,507
"2026-09-09 18:00:00","2026-09-10 09:00:00","CAPE","surface",-72.1266,19.4548,482
"2026-09-09 18:00:00","2026-09-10 09:00:00","CAPE","surface",-72.1026,19.4548,312
"2026-09-09 18:00:00","2026-09-10 09:00:00","CAPE","surface",-72.0787,19.4548,312
"2026-09-09 18:00:00","2026-09-10 09:00:00","CAPE","surface",-72.0548,19.4548,375
"2026-09-09 18:00:00","2026-09-10 09:00:00","CAPE","surface",-72.0309,19.4548,379
"2026-09-09 18:00:00","2026-09-10 09:00:00","CAPE","surface",-72.0069,19.4548,495
"2026-09-09 18:00:00","2026-09-10 09:00:00","CAPE","surface",-71.983,19.4548,487
"2026-09-09 18:00:00","2026-09-10 09:00:00","CAPE","surface",-71.9591,19.4548,486
"2026-09-09 18:00:00","2026-09-10 09:00:00","CAPE","surface",-71.9352,19.4548,484
"2026-09-09 18:00:00","2026-09-10 09:00:00","CAPE","surface",-71.9112,19.4548,465
"2026-09-09 18:00:00","2026-09-10 09:00:00","CAPE","surface",-71.8873,19.4548,451
"2026-09-09 18:00:00","2026-09-10 09:00:00","CAPE","surface",-71.8634,19.4548,458
"2026-09-09 18:00:00","2026-09-10 09:00:00","CAPE","surface",-71.8395,19.4548,407
"2026-09-09 18:00:00","2026-09-10 09:00:00","CAPE","surface",-71.8155,19.4548,407
"2026-09-09 18:00:00","2026-09-10 09:00:00","CAPE","surface",-71.7916,19.4548,403
"2026-09-09 18:00:00","2026-09-10 09:00:00","CAPE","surface",-71.7677,19.4548,389
"2026-09-09 18:00:00","2026-09-10 09:00:00","CAPE","surface",-71.7438,19.4548,424
"2026-09-09 18:00:00","2026-09-10 09:00:00","CAPE","surface",-71.7198,19.4548,424
"2026-09-09 18:00:00","2026-09-10 09:00:00","CAPE","surface",-71.6959,19.4548,387
"2026-09-09 18:00:00","2026-09-10 09:00:00","CAPE","surface",-71.672,19.4548,362
"2026-09-09 18:00:00","2026-09-10 09:00:00","CAPE","surface",-71.6481,19.4548,354
"2026-09-09 18:00:00","2026-09-10 09:00:00","CAPE","surface",-71.6241,19.4548,359
"2026-09-09 18:00:00","2026-09-10 09:00:00","CAPE","surface",-71.6002,19.4548,411
"2026-09-09 18:00:00","2026-09-10 09:00:00","CAPE","surface",-71.5763,19.4548,386
"2026-09-09 18:00:00","2026-09-10 09:00:00","CAPE","surface",-71.5524,19.4548,412
"2026-09-09 18:00:00","2026-09-10 09:00:00","CAPE","surface",-71.5284,19.4548,415
"2026-09-09 18:00:00","2026-09-10 09:00:00","CAPE","surface",-71.5045,19.4548,415
"2026-09-09 18:00:00","2026-09-10 09:00:00","CAPE","surface",-71.4806,19.4548,420
"2026-09-09 18:00:00","2026-09-10 09:00:00","CAPE","surface",-71.4567,19.4548,419
"2026-09-09 18:00:00","2026-09-10 09:00:00","CAPE","surface",-71.4327,19.4548,436
"2026-09-09 18:00:00","2026-09-10 09:00:00","CAPE","surface",-71.4088,19.4548,413
"2026-09-09 18:00:00","2026-09-10 09:00:00","CAPE","surface",-71.3849,19.4548,437
"2026-09-09 18:00:00","2026-09-10 09:00:00","CAPE","surface",-71.361,19.4548,386
"2026-09-09 18:00:00","2026-09-10 09:00:00","CAPE","surface",-71.337,19.4548,560
"2026-09-09 18:00:00","2026-09-10 09:00:00","CAPE","surface",-71.3131,19.4548,494
"2026-09-09 18:00:00","2026-09-10 09:00:00","CAPE","surface",-71.2892,19.4548,677
"2026-09-09 18:00:00","2026-09-10 09:00:00","CAPE","surface",-71.2653,19.4548,677
"2026-09-09 18:00:00","2026-09-10 09:00:00","CAPE","surface",-71.2413,19.4548,725
"2026-09-09 18:00:00","2026-09-10 09:00:00","CAPE","surface",-71.2174,19.4548,682
"2026-09-09 18:00:00","2026-09-10 09:00:00","CAPE","surface",-71.1935,19.4548,718
"2026-09-09 18:00:00","2026-09-10 09:00:00","CAPE","surface",-71.1696,19.4548,756
"2026-09-09 18:00:00","2026-09-10 09:00:00","CAPE","surface",-71.1456,19.4548,756
"2026-09-09 18:00:00","2026-09-10 09:00:00","CAPE","surface",-71.1217,19.4548,786
"2026-09-09 18:00:00","2026-09-10 09:00:00","CAPE","surface",-71.0978,19.4548,747
"2026-09-09 18:00:00","2026-09-10 09:00:00","CAPE","surface",-71.0739,19.4548,780
"2026-09-09 18:00:00","2026-09-10 09:00:00","CAPE","surface",-71.0499,19.4548,780
"2026-09-09 18:00:00","2026-09-10 09:00:00","CAPE","surface",-71.026,19.4548,823
"2026-09-09 18:00:00","2026-09-10 09:00:00","CAPE","surface",-71.0021,19.4548,790
"2026-09-09 18:00:00","2026-09-10 09:00:00","CAPE","surface",-70.9782,19.4548,815
"2026-09-09 18:00:00","2026-09-10 09:00:00","CAPE","surface",-70.9542,19.4548,808
"2026-09-09 18:00:00","2026-09-10 09:00:00","CAPE","surface",-70.9303,19.4548,861
"2026-09-09 18:00:00","2026-09-10 09:00:00","CAPE","surface",-70.9064,19.4548,855
"2026-09-09 18:00:00","2026-09-10 09:00:00","CAPE","surface",-70.8825,19.4548,901
"2026-09-09 18:00:00","2026-09-10 09:00:00","CAPE","surface",-70.8585,19.4548,900
"2026-09-09 18:00:00","2026-09-10 09:00:00","CAPE","surface",-70.8346,19.4548,955
"2026-09-09 18:00:00","2026-09-10 09:00:00","CAPE","surface",-70.8107,19.4548,1006
"2026-09-09 18:00:00","2026-09-10 09:00:00","CAPE","surface",-70.7868,19.4548,1013
"2026-09-09 18:00:00","2026-09-10 09:00:00","CAPE","surface",-70.7628,19.4548,1033
"2026-09-09 18:00:00","2026-09-10 09:00:00","CAPE","surface",-70.7389,19.4548,1047
"2026-09-09 18:00:00","2026-09-10 09:00:00","CAPE","surface",-70.715,19.4548,1102
"2026-09-09 18:00:00","2026-09-10 09:00:00","CAPE","surface",-70.6911,19.4548,1115
"2026-09-09 18:00:00","2026-09-10 09:00:00","CAPE","surface",-70.6671,19.4548,1192
"2026-09-09 18:00:00","2026-09-10 09:00:00","CAPE","surface",-70.6432,19.4548,1198
"2026-09-09 18:00:00","2026-09-10 09:00:00","CAPE","surface",-70.6193,19.4548,1261
"2026-09-09 18:00:00","2026-09-10 09:00:00","CAPE","surface",-70.5954,19.4548,1261
"2026-09-09 18:00:00","2026-09-10 09:00:00","CAPE","surface",-70.5714,19.4548,1302
"2026-09-09 18:00:00","2026-09-10 09:00:00","CAPE","surface",-70.5475,19.4548,1309
"2026-09-09 18:00:00","2026-09-10 09:00:00","CAPE","surface",-70.5236,19.4548,1412
"2026-09-09 18:00:00","2026-09-10 09:00:00","CAPE","surface",-70.4997,19.4548,1464
"2026-09-09 18:00:00","2026-09-10 09:00:00","CAPE","surface",-70.4757,19.4548,1464
"2026-09-09 18:00:00","2026-09-10 09:00:00","CAPE","surface",-70.4518,19.4548,1399
"2026-09-09 18:00:00","2026-09-10 09:00:00","CAPE","surface",-70.4279,19.4548,1355
"2026-09-09 18:00:00","2026-09-10 09:00:00","CAPE","surface",-70.404,19.4548,1075
"2026-09-09 18:00:00","2026-09-10 09:00:00","CAPE","surface",-70.38,19.4548,1075
"2026-09-09 18:00:00","2026-09-10 09:00:00","CAPE","surface",-70.3561,19.4548,1063
"2026-09-09 18:00:00","2026-09-10 09:00:00","CAPE","surface",-70.3322,19.4548,1249
"2026-09-09 18:00:00","2026-09-10 09:00:00","CAPE","surface",-70.3083,19.4548,1276
"2026-09-09 18:00:00","2026-09-10 09:00:00","CAPE","surface",-70.2843,19.4548,1366
"2026-09-09 18:00:00","2026-09-10 09:00:00","CAPE","surface",-70.2604,19.4548,1479
"2026-09-09 18:00:00","2026-09-10 09:00:00","CAPE","surface",-70.2365,19.4548,1938
"2026-09-09 18:00:00","2026-09-10 09:00:00","CAPE","surface",-70.2126,19.4548,1985
"2026-09-09 18:00:00","2026-09-10 09:00:00","CAPE","surface",-70.1886,19.4548,2088
"2026-09-09 18:00:00","2026-09-10 09:00:00","CAPE","surface",-70.1647,19.4548,2088
"2026-09-09 18:00:00","2026-09-10 09:00:00","CAPE","surface",-70.1408,19.4548,2240
"2026-09-09 18:00:00","2026-09-10 09:00:00","CAPE","surface",-70.1169,19.4548,2174
"2026-09-09 18:00:00","2026-09-10 09:00:00","CAPE","surface",-70.0929,19.4548,2311
"2026-09-09 18:00:00","2026-09-10 09:00:00","CAPE","surface",-70.069,19.4548,2302
"2026-09-09 18:00:00","2026-09-10 09:00:00","CAPE","surface",-70.0451,19.4548,2529
"2026-09-09 18:00:00","2026-09-10 09:00:00","CAPE","surface",-70.0212,19.4548,2583
"2026-09-09 18:00:00","2026-09-10 09:00:00","CAPE","surface",-69.9972,19.4548,2687
"2026-09-09 18:00:00","2026-09-10 09:00:00","CAPE","surface",-69.9733,19.4548,2661
"2026-09-09 18:00:00","2026-09-10 09:00:00","CAPE","surface",-69.9494,19.4548,2602
"2026-09-09 18:00:00","2026-09-10 09:00:00","CAPE","surface",-69.9255,19.4548,2418
"2026-09-09 18:00:00","2026-09-10 09:00:00","CAPE","surface",-69.9015,19.4548,2348
"2026-09-09 18:00:00","2026-09-10 09:00:00","CAPE","surface",-69.8776,19.4548,2551
"2026-09-09 18:00:00","2026-09-10 09:00:00","CAPE","surface",-69.8537,19.4548,2712
"2026-09-09 18:00:00","2026-09-10 09:00:00","CAPE","surface",-69.8298,19.4548,3130
"2026-09-09 18:00:00","2026-09-10 09:00:00","CAPE","surface",-69.8058,19.4548,3158
"2026-09-09 18:00:00","2026-09-10 09:00:00","CAPE","surface",-69.7819,19.4548,2969
"2026-09-09 18:00:00","2026-09-10 09:00:00","CAPE","surface",-69.758,19.4548,3038
"2026-09-09 18:00:00","2026-09-10 09:00:00","CAPE","surface",-69.7341,19.4548,2559
"2026-09-09 18:00:00","2026-09-10 09:00:00","CAPE","surface",-69.7101,19.4548,1973
"2026-09-09 18:00:00","2026-09-10 09:00:00","CAPE","surface",-69.6862,19.4548,2234
"2026-09-09 18:00:00","2026-09-10 09:00:00","CAPE","surface",-69.6623,19.4548,2606
"2026-09-09 18:00:00","2026-09-10 09:00:00","CAPE","surface",-69.6384,19.4548,2606
"2026-09-09 18:00:00","2026-09-10 09:00:00","CAPE","surface",-69.6144,19.4548,2592
"2026-09-09 18:00:00","2026-09-10 09:00:00","CAPE","surface",-69.5905,19.4548,2577
"2026-09-09 18:00:00","2026-09-10 09:00:00","CAPE","surface",-69.5666,19.4548,2497
"2026-09-09 18:00:00","2026-09-10 09:00:00","CAPE","surface",-69.5427,19.4548,2463
"2026-09-09 18:00:00","2026-09-10 09:00:00","CAPE","surface",-69.5187,19.4548,2413
"2026-09-09 18:00:00","2026-09-10 09:00:00","CAPE","surface",-69.4948,19.4548,2441
"2026-09-09 18:00:00","2026-09-10 09:00:00","CAPE","surface",-69.4709,19.4548,2407
"2026-09-09 18:00:00","2026-09-10 09:00:00","CAPE","surface",-69.447,19.4548,2417
"2026-09-09 18:00:00","2026-09-10 09:00:00","CAPE","surface",-69.423,19.4548,2384
"2026-09-09 18:00:00","2026-09-10 09:00:00","CAPE","surface",-69.3991,19.4548,2509
"2026-09-09 18:00:00","2026-09-10 09:00:00","CAPE","surface",-69.3752,19.4548,2549
"2026-09-09 18:00:00","2026-09-10 09:00:00","CAPE","surface",-69.3513,19.4548,2568
"2026-09-09 18:00:00","2026-09-10 09:00:00","CAPE","surface",-69.3273,19.4548,2585
"2026-09-09 18:00:00","2026-09-10 09:00:00","CAPE","surface",-69.3034,19.4548,2613
"2026-09-09 18:00:00","2026-09-10 09:00:00","CAPE","surface",-69.2795,19.4548,2651
"2026-09-09 18:00:00","2026-09-10 09:00:00","CAPE","surface",-69.2556,19.4548,2744
"2026-09-09 18:00:00","2026-09-10 09:00:00","CAPE","surface",-69.2316,19.4548,2794
"2026-09-09 18:00:00","2026-09-10 09:00:00","CAPE","surface",-69.2077,19.4548,2846
"2026-09-09 18:00:00","2026-09-10 09:00:00","CAPE","surface",-69.1838,19.4548,3009
"2026-09-09 18:00:00","2026-09-10 09:00:00","CAPE","surface",-69.1599,19.4548,2989
"2026-09-09 18:00:00","2026-09-10 09:00:00","CAPE","surface",-69.1359,19.4548,3143
"2026-09-09 18:00:00","2026-09-10 09:00:00","CAPE","surface",-69.112,19.4548,3143
"2026-09-09 18:00:00","2026-09-10 09:00:00","CAPE","surface",-69.0881,19.4548,3081
"2026-09-09 18:00:00","2026-09-10 09:00:00","CAPE","surface",-69.0642,19.4548,2950
"2026-09-09 18:00:00","2026-09-10 09:00:00","CAPE","surface",-69.0402,19.4548,2806
"2026-09-09 18:00:00","2026-09-10 09:00:00","CAPE","surface",-69.0163,19.4548,2812
"2026-09-09 18:00:00","2026-09-10 09:00:00","CAPE","surface",-68.9924,19.4548,2849
"2026-09-09 18:00:00","2026-09-10 09:00:00","CAPE","surface",-68.9685,19.4548,2854
"2026-09-09 18:00:00","2026-09-10 09:00:00","CAPE","surface",-68.9445,19.4548,2877
"2026-09-09 18:00:00","2026-09-10 09:00:00","CAPE","surface",-68.9206,19.4548,2874
"2026-09-09 18:00:00","2026-09-10 09:00:00","CAPE","surface",-68.8967,19.4548,2874
"2026-09-09 18:00:00","2026-09-10 09:00:00","CAPE","surface",-68.8728,19.4548,2857
"2026-09-09 18:00:00","2026-09-10 09:00:00","CAPE","surface",-68.8488,19.4548,2873
"2026-09-09 18:00:00","2026-09-10 09:00:00","CAPE","surface",-68.8249,19.4548,2851
"2026-09-09 18:00:00","2026-09-10 09:00:00","CAPE","surface",-68.801,19.4548,2851
"2026-09-09 18:00:00","2026-09-10 09:00:00","CAPE","surface",-68.7771,19.4548,2855
"2026-09-09 18:00:00","2026-09-10 09:00:00","CAPE","surface",-68.7531,19.4548,2977
"2026-09-09 18:00:00","2026-09-10 09:00:00","CAPE","surface",-68.7292,19.4548,3141
"2026-09-09 18:00:00","2026-09-10 09:00:00","CAPE","surface",-68.7053,19.4548,3099
"2026-09-09 18:00:00","2026-09-10 09:00:00","CAPE","surface",-68.6813,19.4548,3198
"2026-09-09 18:00:00","2026-09-10 09:00:00","CAPE","surface",-68.6574,19.4548,3034
"2026-09-09 18:00:00","2026-09-10 09:00:00","CAPE","surface",-68.6335,19.4548,3148
"2026-09-09 18:00:00","2026-09-10 09:00:00","CAPE","surface",-68.6096,19.4548,3105
"2026-09-09 18:00:00","2026-09-10 09:00:00","CAPE","surface",-68.5856,19.4548,3105
"2026-09-09 18:00:00","2026-09-10 09:00:00","CAPE","surface",-68.5617,19.4548,3045
"2026-09-09 18:00:00","2026-09-10 09:00:00","CAPE","surface",-68.5378,19.4548,3107
"2026-09-09 18:00:00","2026-09-10 09:00:00","CAPE","surface",-68.5139,19.4548,3116
"2026-09-09 18:00:00","2026-09-10 09:00:00","CAPE","surface",-68.4899,19.4548,3071
"2026-09-09 18:00:00","2026-09-10 09:00:00","CAPE","surface",-68.466,19.4548,3124
"2026-09-09 18:00:00","2026-09-10 09:00:00","CAPE","surface",-68.4421,19.4548,3036
"2026-09-09 18:00:00","2026-09-10 09:00:00","CAPE","surface",-68.4182,19.4548,3036
"2026-09-09 18:00:00","2026-09-10 09:00:00","CAPE","surface",-68.3942,19.4548,3015
"2026-09-09 18:00:00","2026-09-10 09:00:00","CAPE","surface",-68.3703,19.4548,3022
"2026-09-09 18:00:00","2026-09-10 09:00:00","CAPE","surface",-68.3464,19.4548,3111
"2026-09-09 18:00:00","2026-09-10 09:00:00","CAPE","surface",-68.3225,19.4548,3196
"2026-09-09 18:00:00","2026-09-10 09:00:00","CAPE","surface",-68.2985,19.4548,3256
"2026-09-09 18:00:00","2026-09-10 09:00:00","CAPE","surface",-68.2746,19.4548,3252
"2026-09-09 18:00:00","2026-09-10 09:00:00","CAPE","surface",-68.2507,19.4548,3221
"2026-09-09 18:00:00","2026-09-10 09:00:00","CAPE","surface",-68.2268,19.4548,3067
"2026-09-09 18:00:00","2026-09-10 09:00:00","CAPE","surface",-68.2028,19.4548,3067
"2026-09-09 18:00:00","2026-09-10 09:00:00","CAPE","surface",-68.1789,19.4548,3049
"2026-09-09 18:00:00","2026-09-10 09:00:00","CAPE","surface",-68.155,19.4548,3059
"2026-09-09 18:00:00","2026-09-10 09:00:00","CAPE","surface",-68.1311,19.4548,3062
"2026-09-09 18:00:00","2026-09-10 09:00:00","CAPE","surface",-68.1071,19.4548,3093
"2026-09-09 18:00:00","2026-09-10 09:00:00","CAPE","surface",-68.0832,19.4548,3168
"2026-09-09 18:00:00","2026-09-10 09:00:00","CAPE","surface",-68.0593,19.4548,3222
"2026-09-09 18:00:00","2026-09-10 09:00:00","CAPE","surface",-68.0354,19.4548,3128
"2026-09-09 18:00:00","2026-09-10 09:00:00","CAPE","surface",-68.0114,19.4548,3010
"2026-09-09 18:00:00","2026-09-10 09:00:00","CAPE","surface",-67.9875,19.4548,3010
"2026-09-09 18:00:00","2026-09-10 09:00:00","CAPE","surface",-67.9636,19.4548,2933
"2026-09-09 18:00:00","2026-09-10 09:00:00","CAPE","surface",-67.9397,19.4548,2858
"2026-09-09 18:00:00","2026-09-10 09:00:00","CAPE","surface",-67.9157,19.4548,2980
"2026-09-09 18:00:00","2026-09-10 09:00:00","CAPE","surface",-67.8918,19.4548,2980
"2026-09-09 18:00:00","2026-09-10 09:00:00","CAPE","surface",-67.8679,19.4548,3016
"2026-09-09 18:00:00","2026-09-10 09:00:00","CAPE","surface",-67.844,19.4548,3032
"2026-09-09 18:00:00","2026-09-10 09:00:00","CAPE","surface",-67.82,19.4548,3021
"2026-09-09 18:00:00","2026-09-10 09:00:00","CAPE","surface",-67.7961,19.4548,2949
"2026-09-09 18:00:00","2026-09-10 09:00:00","CAPE","surface",-67.7722,19.4548,2899
"2026-09-09 18:00:00","2026-09-10 09:00:00","CAPE","surface",-67.7483,19.4548,2912
"2026-09-09 18:00:00","2026-09-10 09:00:00","CAPE","surface",-67.7243,19.4548,2898
"2026-09-09 18:00:00","2026-09-10 09:00:00","CAPE","surface",-67.7004,19.4548,2822
"2026-09-09 18:00:00","2026-09-10 09:00:00","CAPE","surface",-67.6765,19.4548,2778
"2026-09-09 18:00:00","2026-09-10 09:00:00","CAPE","surface",-67.6526,19.4548,2743
"2026-09-09 18:00:00","2026-09-10 09:00:00","CAPE","surface",-67.6286,19.4548,2783
"2026-09-09 18:00:00","2026-09-10 09:00:00","CAPE","surface",-67.6047,19.4548,2783
"2026-09-09 18:00:00","2026-09-10 09:00:00","CAPE","surface",-67.5808,19.4548,2695
"2026-09-09 18:00:00","2026-09-10 09:00:00","CAPE","surface",-67.5569,19.4548,2723
"2026-09-09 18:00:00","2026-09-10 09:00:00","CAPE","surface",-67.5329,19.4548,2561
"2026-09-09 18:00:00","2026-09-10 09:00:00","CAPE","surface",-67.509,19.4548,2561
"2026-09-09 18:00:00","2026-09-10 09:00:00","CAPE","surface",-67.4851,19.4548,2394
"2026-09-09 18:00:00","2026-09-10 09:00:00","CAPE","surface",-67.4612,19.4548,2237
"2026-09-09 18:00:00","2026-09-10 09:00:00","CAPE","surface",-67.4372,19.4548,2377
"2026-09-09 18:00:00","2026-09-10 09:00:00","CAPE","surface",-67.4133,19.4548,2268
"2026-09-09 18:00:00","2026-09-10 09:00:00","CAPE","surface",-67.3894,19.4548,2363
"2026-09-09 18:00:00","2026-09-10 09:00:00","CAPE","surface",-67.3655,19.4548,2408
"2026-09-09 18:00:00","2026-09-10 09:00:00","CAPE","surface",-67.3415,19.4548,2464
"2026-09-09 18:00:00","2026-09-10 09:00:00","CAPE","surface",-67.3176,19.4548,2462
"2026-09-09 18:00:00","2026-09-10 09:00:00","CAPE","surface",-67.2937,19.4548,2588
"2026-09-09 18:00:00","2026-09-10 09:00:00","CAPE","surface",-67.2698,19.4548,2755
"2026-09-09 18:00:00","2026-09-10 09:00:00","CAPE","surface",-67.2458,19.4548,2977
"2026-09-09 18:00:00","2026-09-10 09:00:00","CAPE","surface",-67.2219,19.4548,2977
"2026-09-09 18:00:00","2026-09-10 09:00:00","CAPE","surface",-67.198,19.4548,3150
"2026-09-09 18:00:00","2026-09-10 09:00:00","CAPE","surface",-67.1741,19.4548,3220
"2026-09-09 18:00:00","2026-09-10 09:00:00","CAPE","surface",-67.1501,19.4548,3177
"2026-09-09 18:00:00","2026-09-10 09:00:00","CAPE","surface",-67.1262,19.4548,3121
"2026-09-09 18:00:00","2026-09-10 09:00:00","CAPE","surface",-67.1023,19.4548,3128
"2026-09-09 18:00:00","2026-09-10 09:00:00","CAPE","surface",-67.0784,19.4548,3062
"2026-09-09 18:00:00","2026-09-10 09:00:00","CAPE","surface",-67.0544,19.4548,3046
"2026-09-09 18:00:00","2026-09-10 09:00:00","CAPE","surface",-67.0305,19.4548,2893
"2026-09-09 18:00:00","2026-09-10 09:00:00","CAPE","surface",-67.0066,19.4548,2872
"2026-09-09 18:00:00","2026-09-10 09:00:00","CAPE","surface",-74.7822,19.4773,2514
"2026-09-09 18:00:00","2026-09-10 09:00:00","CAPE","surface",-74.7583,19.4773,2532
"2026-09-09 18:00:00","2026-09-10 09:00:00","CAPE","surface",-74.7344,19.4773,2543
"2026-09-09 18:00:00","2026-09-10 09:00:00","CAPE","surface",-74.7105,19.4773,2568
"2026-09-09 18:00:00","2026-09-10 09:00:00","CAPE","surface",-74.6865,19.4773,2663
"2026-09-09 18:00:00","2026-09-10 09:00:00","CAPE","surface",-74.6626,19.4773,2663
"2026-09-09 18:00:00","2026-09-10 09:00:00","CAPE","surface",-74.6387,19.4773,2702
"2026-09-09 18:00:00","2026-09-10 09:00:00","CAPE","surface",-74.6148,19.4773,2738
"2026-09-09 18:00:00","2026-09-10 09:00:00","CAPE","surface",-74.5908,19.4773,2818
"2026-09-09 18:00:00","2026-09-10 09:00:00","CAPE","surface",-74.5669,19.4773,2887
"2026-09-09 18:00:00","2026-09-10 09:00:00","CAPE","surface",-74.543,19.4773,2958
"2026-09-09 18:00:00","2026-09-10 09:00:00","CAPE","surface",-74.5191,19.4773,2970
"2026-09-09 18:00:00","2026-09-10 09:00:00","CAPE","surface",-74.4951,19.4773,3062
"2026-09-09 18:00:00","2026-09-10 09:00:00","CAPE","surface",-74.4712,19.4773,3145
"2026-09-09 18:00:00","2026-09-10 09:00:00","CAPE","surface",-74.4473,19.4773,3182
"2026-09-09 18:00:00","2026-09-10 09:00:00","CAPE","surface",-74.4234,19.4773,2965
"2026-09-09 18:00:00","2026-09-10 09:00:00","CAPE","surface",-74.3994,19.4773,2965
"2026-09-09 18:00:00","2026-09-10 09:00:00","CAPE","surface",-74.3755,19.4773,2797
"2026-09-09 18:00:00","2026-09-10 09:00:00","CAPE","surface",-74.3516,19.4773,2689
"2026-09-09 18:00:00","2026-09-10 09:00:00","CAPE","surface",-74.3277,19.4773,2586
"2026-09-09 18:00:00","2026-09-10 09:00:00","CAPE","surface",-74.3037,19.4773,2581
"2026-09-09 18:00:00","2026-09-10 09:00:00","CAPE","surface",-74.2798,19.4773,2562
"2026-09-09 18:00:00","2026-09-10 09:00:00","CAPE","surface",-74.2559,19.4773,2562
"2026-09-09 18:00:00","2026-09-10 09:00:00","CAPE","surface",-74.232,19.4773,2833
"2026-09-09 18:00:00","2026-09-10 09:00:00","CAPE","surface",-74.208,19.4773,2923
"2026-09-09 18:00:00","2026-09-10 09:00:00","CAPE","surface",-74.1841,19.4773,2940
"2026-09-09 18:00:00","2026-09-10 09:00:00","CAPE","surface",-74.1602,19.4773,2916
"2026-09-09 18:00:00","2026-09-10 09:00:00","CAPE","surface",-74.1363,19.4773,2865
"2026-09-09 18:00:00","2026-09-10 09:00:00","CAPE","surface",-74.1123,19.4773,2823
"2026-09-09 18:00:00","2026-09-10 09:00:00","CAPE","surface",-74.0884,19.4773,2717
"2026-09-09 18:00:00","2026-09-10 09:00:00","CAPE","surface",-74.0645,19.4773,2632
"2026-09-09 18:00:00","2026-09-10 09:00:00","CAPE","surface",-74.0406,19.4773,2604
"2026-09-09 18:00:00","2026-09-10 09:00:00","CAPE","surface",-74.0166,19.4773,2580
"2026-09-09 18:00:00","2026-09-10 09:00:00","CAPE","surface",-73.9927,19.4773,2614
"2026-09-09 18:00:00","2026-09-10 09:00:00","CAPE","surface",-73.9688,19.4773,2617
"2026-09-09 18:00:00","2026-09-10 09:00:00","CAPE","surface",-73.9449,19.4773,2510
"2026-09-09 18:00:00","2026-09-10 09:00:00","CAPE","surface",-73.9209,19.4773,2303
"2026-09-09 18:00:00","2026-09-10 09:00:00","CAPE","surface",-73.897,19.4773,2043
"2026-09-09 18:00:00","2026-09-10 09:00:00","CAPE","surface",-73.8731,19.4773,2043
"2026-09-09 18:00:00","2026-09-10 09:00:00","CAPE","surface",-73.8492,19.4773,1848
"2026-09-09 18:00:00","2026-09-10 09:00:00","CAPE","surface",-73.8252,19.4773,1741
"2026-09-09 18:00:00","2026-09-10 09:00:00","CAPE","surface",-73.8013,19.4773,1716
"2026-09-09 18:00:00","2026-09-10 09:00:00","CAPE","surface",-73.7774,19.4773,1674
"2026-09-09 18:00:00","2026-09-10 09:00:00","CAPE","surface",-73.7535,19.4773,1632
"2026-09-09 18:00:00","2026-09-10 09:00:00","CAPE","surface",-73.7295,19.4773,1632
"2026-09-09 18:00:00","2026-09-10 09:00:00","CAPE","surface",-73.7056,19.4773,1596
"2026-09-09 18:00:00","2026-09-10 09:00:00","CAPE","surface",-73.6817,19.4773,1526
"2026-09-09 18:00:00","2026-09-10 09:00:00","CAPE","surface",-73.6578,19.4773,1514
"2026-09-09 18:00:00","2026-09-10 09:00:00","CAPE","surface",-73.6338,19.4773,1503
"2026-09-09 18:00:00","2026-09-10 09:00:00","CAPE","surface",-73.6099,19.4773,1542
"2026-09-09 18:00:00","2026-09-10 09:00:00","CAPE","surface",-73.586,19.4773,1543
"2026-09-09 18:00:00","2026-09-10 09:00:00","CAPE","surface",-73.5621,19.4773,1601
"2026-09-09 18:00:00","2026-09-10 09:00:00","CAPE","surface",-73.5381,19.4773,1624
"2026-09-09 18:00:00","2026-09-10 09:00:00","CAPE","surface",-73.5142,19.4773,1702
"2026-09-09 18:00:00","2026-09-10 09:00:00","CAPE","surface",-73.4903,19.4773,1702
"2026-09-09 18:00:00","2026-09-10 09:00:00","CAPE","surface",-73.4664,19.4773,1762
"2026-09-09 18:00:00","2026-09-10 09:00:00","CAPE","surface",-73.4424,19.4773,1785
"2026-09-09 18:00:00","2026-09-10 09:00:00","CAPE","surface",-73.4185,19.4773,1798
"2026-09-09 18:00:00","2026-09-10 09:00:00","CAPE","surface",-73.3946,19.4773,1818
"2026-09-09 18:00:00","2026-09-10 09:00:00","CAPE","surface",-73.3707,19.4773,1787
"2026-09-09 18:00:00","2026-09-10 09:00:00","CAPE","surface",-73.3467,19.4773,1773
"2026-09-09 18:00:00","2026-09-10 09:00:00","CAPE","surface",-73.3228,19.4773,1767
"2026-09-09 18:00:00","2026-09-10 09:00:00","CAPE","surface",-73.2989,19.4773,1745
"2026-09-09 18:00:00","2026-09-10 09:00:00","CAPE","surface",-73.275,19.4773,1705
"2026-09-09 18:00:00","2026-09-10 09:00:00","CAPE","surface",-73.251,19.4773,1740
"2026-09-09 18:00:00","2026-09-10 09:00:00","CAPE","surface",-73.2271,19.4773,1740
"2026-09-09 18:00:00","2026-09-10 09:00:00","CAPE","surface",-73.2032,19.4773,2083
"2026-09-09 18:00:00","2026-09-10 09:00:00","CAPE","surface",-73.1793,19.4773,2289
"2026-09-09 18:00:00","2026-09-10 09:00:00","CAPE","surface",-73.1553,19.4773,2233
"2026-09-09 18:00:00","2026-09-10 09:00:00","CAPE","surface",-73.1314,19.4773,2072
"2026-09-09 18:00:00","2026-09-10 09:00:00","CAPE","surface",-73.1075,19.4773,2011
"2026-09-09 18:00:00","2026-09-10 09:00:00","CAPE","surface",-73.0836,19.4773,1885
"2026-09-09 18:00:00","2026-09-10 09:00:00","CAPE","surface",-73.0596,19.4773,1762
"2026-09-09 18:00:00","2026-09-10 09:00:00","CAPE","surface",-73.0357,19.4773,1662
"2026-09-09 18:00:00","2026-09-10 09:00:00","CAPE","surface",-73.0118,19.4773,1564
"2026-09-09 18:00:00","2026-09-10 09:00:00","CAPE","surface",-72.9879,19.4773,1564
"2026-09-09 18:00:00","2026-09-10 09:00:00","CAPE","surface",-72.9639,19.4773,1615
"2026-09-09 18:00:00","2026-09-10 09:00:00","CAPE","surface",-72.94,19.4773,1602
"2026-09-09 18:00:00","2026-09-10 09:00:00","CAPE","surface",-72.9161,19.4773,1699
"2026-09-09 18:00:00","2026-09-10 09:00:00","CAPE","surface",-72.8922,19.4773,1632
"2026-09-09 18:00:00","2026-09-10 09:00:00","CAPE","surface",-72.8682,19.4773,1459
"2026-09-09 18:00:00","2026-09-10 09:00:00","CAPE","surface",-72.8443,19.4773,1410
"2026-09-09 18:00:00","2026-09-10 09:00:00","CAPE","surface",-72.8204,19.4773,1459
"2026-09-09 18:00:00","2026-09-10 09:00:00","CAPE","surface",-72.7965,19.4773,1258
"2026-09-09 18:00:00","2026-09-10 09:00:00","CAPE","surface",-72.7725,19.4773,805
"2026-09-09 18:00:00","2026-09-10 09:00:00","CAPE","surface",-72.7486,19.4773,805
"2026-09-09 18:00:00","2026-09-10 09:00:00","CAPE","surface",-72.7247,19.4773,584
"2026-09-09 18:00:00","2026-09-10 09:00:00","CAPE","surface",-72.7008,19.4773,512
"2026-09-09 18:00:00","2026-09-10 09:00:00","CAPE","surface",-72.6768,19.4773,510
"2026-09-09 18:00:00","2026-09-10 09:00:00","CAPE","surface",-72.6529,19.4773,507
"2026-09-09 18:00:00","2026-09-10 09:00:00","CAPE","surface",-72.629,19.4773,507
"2026-09-09 18:00:00","2026-09-10 09:00:00","CAPE","surface",-72.6051,19.4773,481
"2026-09-09 18:00:00","2026-09-10 09:00:00","CAPE","surface",-72.5811,19.4773,525
"2026-09-09 18:00:00","2026-09-10 09:00:00","CAPE","surface",-72.5572,19.4773,574
"2026-09-09 18:00:00","2026-09-10 09:00:00","CAPE","surface",-72.5333,19.4773,556
"2026-09-09 18:00:00","2026-09-10 09:00:00","CAPE","surface",-72.5094,19.4773,539
"2026-09-09 18:00:00","2026-09-10 09:00:00","CAPE","surface",-72.4854,19.4773,509
"2026-09-09 18:00:00","2026-09-10 09:00:00","CAPE","surface",-72.4615,19.4773,482
"2026-09-09 18:00:00","2026-09-10 09:00:00","CAPE","surface",-72.4376,19.4773,464
"2026-09-09 18:00:00","2026-09-10 09:00:00","CAPE","surface",-72.4137,19.4773,485
"2026-09-09 18:00:00","2026-09-10 09:00:00","CAPE","surface",-72.3897,19.4773,485
"2026-09-09 18:00:00","2026-09-10 09:00:00","CAPE","surface",-72.3658,19.4773,494
"2026-09-09 18:00:00","2026-09-10 09:00:00","CAPE","surface",-72.3419,19.4773,505
"2026-09-09 18:00:00","2026-09-10 09:00:00","CAPE","surface",-72.318,19.4773,524
"2026-09-09 18:00:00","2026-09-10 09:00:00","CAPE","surface",-72.294,19.4773,460
"2026-09-09 18:00:00","2026-09-10 09:00:00","CAPE","surface",-72.2701,19.4773,474
"2026-09-09 18:00:00","2026-09-10 09:00:00","CAPE","surface",-72.2462,19.4773,470
"2026-09-09 18:00:00","2026-09-10 09:00:00","CAPE","surface",-72.2223,19.4773,468
"2026-09-09 18:00:00","2026-09-10 09:00:00","CAPE","surface",-72.1983,19.4773,479
"2026-09-09 18:00:00","2026-09-10 09:00:00","CAPE","surface",-72.1744,19.4773,491
"2026-09-09 18:00:00","2026-09-10 09:00:00","CAPE","surface",-72.1505,19.4773,349
"2026-09-09 18:00:00","2026-09-10 09:00:00","CAPE","surface",-72.1266,19.4773,345
"2026-09-09 18:00:00","2026-09-10 09:00:00","CAPE","surface",-72.1026,19.4773,297
"2026-09-09 18:00:00","2026-09-10 09:00:00","CAPE","surface",-72.0787,19.4773,353
"2026-09-09 18:00:00","2026-09-10 09:00:00","CAPE","surface",-72.0548,19.4773,496
"2026-09-09 18:00:00","2026-09-10 09:00:00","CAPE","surface",-72.0309,19.4773,496
"2026-09-09 18:00:00","2026-09-10 09:00:00","CAPE","surface",-72.0069,19.4773,521
"2026-09-09 18:00:00","2026-09-10 09:00:00","CAPE","surface",-71.983,19.4773,505
"2026-09-09 18:00:00","2026-09-10 09:00:00","CAPE","surface",-71.9591,19.4773,506
"2026-09-09 18:00:00","2026-09-10 09:00:00","CAPE","surface",-71.9352,19.4773,484
"2026-09-09 18:00:00","2026-09-10 09:00:00","CAPE","surface",-71.9112,19.4773,462
"2026-09-09 18:00:00","2026-09-10 09:00:00","CAPE","surface",-71.8873,19.4773,421
"2026-09-09 18:00:00","2026-09-10 09:00:00","CAPE","surface",-71.8634,19.4773,396
"2026-09-09 18:00:00","2026-09-10 09:00:00","CAPE","surface",-71.8395,19.4773,407
"2026-09-09 18:00:00","2026-09-10 09:00:00","CAPE","surface",-71.8155,19.4773,410
"2026-09-09 18:00:00","2026-09-10 09:00:00","CAPE","surface",-71.7916,19.4773,410
"2026-09-09 18:00:00","2026-09-10 09:00:00","CAPE","surface",-71.7677,19.4773,451
"2026-09-09 18:00:00","2026-09-10 09:00:00","CAPE","surface",-71.7438,19.4773,461
"2026-09-09 18:00:00","2026-09-10 09:00:00","CAPE","surface",-71.7198,19.4773,419
"2026-09-09 18:00:00","2026-09-10 09:00:00","CAPE","surface",-71.6959,19.4773,408
"2026-09-09 18:00:00","2026-09-10 09:00:00","CAPE","surface",-71.672,19.4773,408
"2026-09-09 18:00:00","2026-09-10 09:00:00","CAPE","surface",-71.6481,19.4773,438
"2026-09-09 18:00:00","2026-09-10 09:00:00","CAPE","surface",-71.6241,19.4773,435
"2026-09-09 18:00:00","2026-09-10 09:00:00","CAPE","surface",-71.6002,19.4773,472
"2026-09-09 18:00:00","2026-09-10 09:00:00","CAPE","surface",-71.5763,19.4773,432
"2026-09-09 18:00:00","2026-09-10 09:00:00","CAPE","surface",-71.5524,19.4773,507
"2026-09-09 18:00:00","2026-09-10 09:00:00","CAPE","surface",-71.5284,19.4773,450
"2026-09-09 18:00:00","2026-09-10 09:00:00","CAPE","surface",-71.5045,19.4773,442
"2026-09-09 18:00:00","2026-09-10 09:00:00","CAPE","surface",-71.4806,19.4773,420
"2026-09-09 18:00:00","2026-09-10 09:00:00","CAPE","surface",-71.4567,19.4773,441
"2026-09-09 18:00:00","2026-09-10 09:00:00","CAPE","surface",-71.4327,19.4773,437
"2026-09-09 18:00:00","2026-09-10 09:00:00","CAPE","surface",-71.4088,19.4773,479
"2026-09-09 18:00:00","2026-09-10 09:00:00","CAPE","surface",-71.3849,19.4773,437
"2026-09-09 18:00:00","2026-09-10 09:00:00","CAPE","surface",-71.361,19.4773,596
"2026-09-09 18:00:00","2026-09-10 09:00:00","CAPE","surface",-71.337,19.4773,714
"2026-09-09 18:00:00","2026-09-10 09:00:00","CAPE","surface",-71.3131,19.4773,732
"2026-09-09 18:00:00","2026-09-10 09:00:00","CAPE","surface",-71.2892,19.4773,792
"2026-09-09 18:00:00","2026-09-10 09:00:00","CAPE","surface",-71.2653,19.4773,762
"2026-09-09 18:00:00","2026-09-10 09:00:00","CAPE","surface",-71.2413,19.4773,788
"2026-09-09 18:00:00","2026-09-10 09:00:00","CAPE","surface",-71.2174,19.4773,788
"2026-09-09 18:00:00","2026-09-10 09:00:00","CAPE","surface",-71.1935,19.4773,815
"2026-09-09 18:00:00","2026-09-10 09:00:00","CAPE","surface",-71.1696,19.4773,787
"2026-09-09 18:00:00","2026-09-10 09:00:00","CAPE","surface",-71.1456,19.4773,808
"2026-09-09 18:00:00","2026-09-10 09:00:00","CAPE","surface",-71.1217,19.4773,786
"2026-09-09 18:00:00","2026-09-10 09:00:00","CAPE","surface",-71.0978,19.4773,827
"2026-09-09 18:00:00","2026-09-10 09:00:00","CAPE","surface",-71.0739,19.4773,811
"2026-09-09 18:00:00","2026-09-10 09:00:00","CAPE","surface",-71.0499,19.4773,839
"2026-09-09 18:00:00","2026-09-10 09:00:00","CAPE","surface",-71.026,19.4773,823
"2026-09-09 18:00:00","2026-09-10 09:00:00","CAPE","surface",-71.0021,19.4773,844
"2026-09-09 18:00:00","2026-09-10 09:00:00","CAPE","surface",-70.9782,19.4773,884
"2026-09-09 18:00:00","2026-09-10 09:00:00","CAPE","surface",-70.9542,19.4773,869
"2026-09-09 18:00:00","2026-09-10 09:00:00","CAPE","surface",-70.9303,19.4773,913
"2026-09-09 18:00:00","2026-09-10 09:00:00","CAPE","surface",-70.9064,19.4773,906
"2026-09-09 18:00:00","2026-09-10 09:00:00","CAPE","surface",-70.8825,19.4773,956
"2026-09-09 18:00:00","2026-09-10 09:00:00","CAPE","surface",-70.8585,19.4773,956
"2026-09-09 18:00:00","2026-09-10 09:00:00","CAPE","surface",-70.8346,19.4773,996
"2026-09-09 18:00:00","2026-09-10 09:00:00","CAPE","surface",-70.8107,19.4773,1006
"2026-09-09 18:00:00","2026-09-10 09:00:00","CAPE","surface",-70.7868,19.4773,1026
"2026-09-09 18:00:00","2026-09-10 09:00:00","CAPE","surface",-70.7628,19.4773,1026
"2026-09-09 18:00:00","2026-09-10 09:00:00","CAPE","surface",-70.7389,19.4773,1088
"2026-09-09 18:00:00","2026-09-10 09:00:00","CAPE","surface",-70.715,19.4773,1102
"2026-09-09 18:00:00","2026-09-10 09:00:00","CAPE","surface",-70.6911,19.4773,1186
"2026-09-09 18:00:00","2026-09-10 09:00:00","CAPE","surface",-70.6671,19.4773,1202
"2026-09-09 18:00:00","2026-09-10 09:00:00","CAPE","surface",-70.6432,19.4773,1230
"2026-09-09 18:00:00","2026-09-10 09:00:00","CAPE","surface",-70.6193,19.4773,1268
"2026-09-09 18:00:00","2026-09-10 09:00:00","CAPE","surface",-70.5954,19.4773,1281
"2026-09-09 18:00:00","2026-09-10 09:00:00","CAPE","surface",-70.5714,19.4773,1327
"2026-09-09 18:00:00","2026-09-10 09:00:00","CAPE","surface",-70.5475,19.4773,1327
"2026-09-09 18:00:00","2026-09-10 09:00:00","CAPE","surface",-70.5236,19.4773,1319
"2026-09-09 18:00:00","2026-09-10 09:00:00","CAPE","surface",-70.4997,19.4773,1436
"2026-09-09 18:00:00","2026-09-10 09:00:00","CAPE","surface",-70.4757,19.4773,1479
"2026-09-09 18:00:00","2026-09-10 09:00:00","CAPE","surface",-70.4518,19.4773,1479
"2026-09-09 18:00:00","2026-09-10 09:00:00","CAPE","surface",-70.4279,19.4773,1266
"2026-09-09 18:00:00","2026-09-10 09:00:00","CAPE","surface",-70.404,19.4773,1072
"2026-09-09 18:00:00","2026-09-10 09:00:00","CAPE","surface",-70.38,19.4773,960
"2026-09-09 18:00:00","2026-09-10 09:00:00","CAPE","surface",-70.3561,19.4773,1093
"2026-09-09 18:00:00","2026-09-10 09:00:00","CAPE","surface",-70.3322,19.4773,1093
"2026-09-09 18:00:00","2026-09-10 09:00:00","CAPE","surface",-70.3083,19.4773,1216
"2026-09-09 18:00:00","2026-09-10 09:00:00","CAPE","surface",-70.2843,19.4773,1333
"2026-09-09 18:00:00","2026-09-10 09:00:00","CAPE","surface",-70.2604,19.4773,1840
"2026-09-09 18:00:00","2026-09-10 09:00:00","CAPE","surface",-70.2365,19.4773,1938
"2026-09-09 18:00:00","2026-09-10 09:00:00","CAPE","surface",-70.2126,19.4773,2122
"2026-09-09 18:00:00","2026-09-10 09:00:00","CAPE","surface",-70.1886,19.4773,2121
"2026-09-09 18:00:00","2026-09-10 09:00:00","CAPE","surface",-70.1647,19.4773,2334
"2026-09-09 18:00:00","2026-09-10 09:00:00","CAPE","surface",-70.1408,19.4773,2240
"2026-09-09 18:00:00","2026-09-10 09:00:00","CAPE","surface",-70.1169,19.4773,2450
"2026-09-09 18:00:00","2026-09-10 09:00:00","CAPE","surface",-70.0929,19.4773,2368
"2026-09-09 18:00:00","2026-09-10 09:00:00","CAPE","surface",-70.069,19.4773,2505
"2026-09-09 18:00:00","2026-09-10 09:00:00","CAPE","surface",-70.0451,19.4773,2606
"2026-09-09 18:00:00","2026-09-10 09:00:00","CAPE","surface",-70.0212,19.4773,2669
"2026-09-09 18:00:00","2026-09-10 09:00:00","CAPE","surface",-69.9972,19.4773,2630
"2026-09-09 18:00:00","2026-09-10 09:00:00","CAPE","surface",-69.9733,19.4773,2641
"2026-09-09 18:00:00","2026-09-10 09:00:00","CAPE","surface",-69.9494,19.4773,2526
"2026-09-09 18:00:00","2026-09-10 09:00:00","CAPE","surface",-69.9255,19.4773,2418
"2026-09-09 18:00:00","2026-09-10 09:00:00","CAPE","surface",-69.9015,19.4773,2421
"2026-09-09 18:00:00","2026-09-10 09:00:00","CAPE","surface",-69.8776,19.4773,2427
"2026-09-09 18:00:00","2026-09-10 09:00:00","CAPE","surface",-69.8537,19.4773,2960
"2026-09-09 18:00:00","2026-09-10 09:00:00","CAPE","surface",-69.8298,19.4773,3130
"2026-09-09 18:00:00","2026-09-10 09:00:00","CAPE","surface",-69.8058,19.4773,2536
"2026-09-09 18:00:00","2026-09-10 09:00:00","CAPE","surface",-69.7819,19.4773,2339
"2026-09-09 18:00:00","2026-09-10 09:00:00","CAPE","surface",-69.758,19.4773,2760
"2026-09-09 18:00:00","2026-09-10 09:00:00","CAPE","surface",-69.7341,19.4773,2378
"2026-09-09 18:00:00","2026-09-10 09:00:00","CAPE","surface",-69.7101,19.4773,2209
"2026-09-09 18:00:00","2026-09-10 09:00:00","CAPE","surface",-69.6862,19.4773,2620
"2026-09-09 18:00:00","2026-09-10 09:00:00","CAPE","surface",-69.6623,19.4773,2634
"2026-09-09 18:00:00","2026-09-10 09:00:00","CAPE","surface",-69.6384,19.4773,2598
"2026-09-09 18:00:00","2026-09-10 09:00:00","CAPE","surface",-69.6144,19.4773,2592
"2026-09-09 18:00:00","2026-09-10 09:00:00","CAPE","surface",-69.5905,19.4773,2592
"2026-09-09 18:00:00","2026-09-10 09:00:00","CAPE","surface",-69.5666,19.4773,2545
"2026-09-09 18:00:00","2026-09-10 09:00:00","CAPE","surface",-69.5427,19.4773,2437
"2026-09-09 18:00:00","2026-09-10 09:00:00","CAPE","surface",-69.5187,19.4773,2391
"2026-09-09 18:00:00","2026-09-10 09:00:00","CAPE","surface",-69.4948,19.4773,2386
"2026-09-09 18:00:00","2026-09-10 09:00:00","CAPE","surface",-69.4709,19.4773,2376
"2026-09-09 18:00:00","2026-09-10 09:00:00","CAPE","surface",-69.447,19.4773,2377
"2026-09-09 18:00:00","2026-09-10 09:00:00","CAPE","surface",-69.423,19.4773,2438
"2026-09-09 18:00:00","2026-09-10 09:00:00","CAPE","surface",-69.3991,19.4773,2509
"2026-09-09 18:00:00","2026-09-10 09:00:00","CAPE","surface",-69.3752,19.4773,2567
"2026-09-09 18:00:00","2026-09-10 09:00:00","CAPE","surface",-69.3513,19.4773,2573
"2026-09-09 18:00:00","2026-09-10 09:00:00","CAPE","surface",-69.3273,19.4773,2602
"2026-09-09 18:00:00","2026-09-10 09:00:00","CAPE","surface",-69.3034,19.4773,2613
"2026-09-09 18:00:00","2026-09-10 09:00:00","CAPE","surface",-69.2795,19.4773,2647
"2026-09-09 18:00:00","2026-09-10 09:00:00","CAPE","surface",-69.2556,19.4773,2673
"2026-09-09 18:00:00","2026-09-10 09:00:00","CAPE","surface",-69.2316,19.4773,2764
"2026-09-09 18:00:00","2026-09-10 09:00:00","CAPE","surface",-69.2077,19.4773,2981
"2026-09-09 18:00:00","2026-09-10 09:00:00","CAPE","surface",-69.1838,19.4773,3009
"2026-09-09 18:00:00","2026-09-10 09:00:00","CAPE","surface",-69.1599,19.4773,3118
"2026-09-09 18:00:00","2026-09-10 09:00:00","CAPE","surface",-69.1359,19.4773,3141
"2026-09-09 18:00:00","2026-09-10 09:00:00","CAPE","surface",-69.112,19.4773,3135
"2026-09-09 18:00:00","2026-09-10 09:00:00","CAPE","surface",-69.0881,19.4773,3081
"2026-09-09 18:00:00","2026-09-10 09:00:00","CAPE","surface",-69.0642,19.4773,2907
"2026-09-09 18:00:00","2026-09-10 09:00:00","CAPE","surface",-69.0402,19.4773,2854
"2026-09-09 18:00:00","2026-09-10 09:00:00","CAPE","surface",-69.0163,19.4773,2847
"2026-09-09 18:00:00","2026-09-10 09:00:00","CAPE","surface",-68.9924,19.4773,2862
"2026-09-09 18:00:00","2026-09-10 09:00:00","CAPE","surface",-68.9685,19.4773,2862
"2026-09-09 18:00:00","2026-09-10 09:00:00","CAPE","surface",-68.9445,19.4773,2843
"2026-09-09 18:00:00","2026-09-10 09:00:00","CAPE","surface",-68.9206,19.4773,2866
"2026-09-09 18:00:00","2026-09-10 09:00:00","CAPE","surface",-68.8967,19.4773,2828
"2026-09-09 18:00:00","2026-09-10 09:00:00","CAPE","surface",-68.8728,19.4773,2857
"2026-09-09 18:00:00","2026-09-10 09:00:00","CAPE","surface",-68.8488,19.4773,2800
"2026-09-09 18:00:00","2026-09-10 09:00:00","CAPE","surface",-68.8249,19.4773,2793
"2026-09-09 18:00:00","2026-09-10 09:00:00","CAPE","surface",-68.801,19.4773,2803
"2026-09-09 18:00:00","2026-09-10 09:00:00","CAPE","surface",-68.7771,19.4773,2833
"2026-09-09 18:00:00","2026-09-10 09:00:00","CAPE","surface",-68.7531,19.4773,2833
"2026-09-09 18:00:00","2026-09-10 09:00:00","CAPE","surface",-68.7292,19.4773,2952
"2026-09-09 18:00:00","2026-09-10 09:00:00","CAPE","surface",-68.7053,19.4773,3099
"2026-09-09 18:00:00","2026-09-10 09:00:00","CAPE","surface",-68.6813,19.4773,2945
"2026-09-09 18:00:00","2026-09-10 09:00:00","CAPE","surface",-68.6574,19.4773,2945
"2026-09-09 18:00:00","2026-09-10 09:00:00","CAPE","surface",-68.6335,19.4773,2811
"2026-09-09 18:00:00","2026-09-10 09:00:00","CAPE","surface",-68.6096,19.4773,2953
"2026-09-09 18:00:00","2026-09-10 09:00:00","CAPE","surface",-68.5856,19.4773,2929
"2026-09-09 18:00:00","2026-09-10 09:00:00","CAPE","surface",-68.5617,19.4773,2850
"2026-09-09 18:00:00","2026-09-10 09:00:00","CAPE","surface",-68.5378,19.4773,2946
"2026-09-09 18:00:00","2026-09-10 09:00:00","CAPE","surface",-68.5139,19.4773,3011
"2026-09-09 18:00:00","2026-09-10 09:00:00","CAPE","surface",-68.4899,19.4773,3071
"2026-09-09 18:00:00","2026-09-10 09:00:00","CAPE","surface",-68.466,19.4773,3035
"2026-09-09 18:00:00","2026-09-10 09:00:00","CAPE","surface",-68.4421,19.4773,3035
"2026-09-09 18:00:00","2026-09-10 09:00:00","CAPE","surface",-68.4182,19.4773,3019
"2026-09-09 18:00:00","2026-09-10 09:00:00","CAPE","surface",-68.3942,19.4773,3015
"2026-09-09 18:00:00","2026-09-10 09:00:00","CAPE","surface",-68.3703,19.4773,3053
"2026-09-09 18:00:00","2026-09-10 09:00:00","CAPE","surface",-68.3464,19.4773,3109
"2026-09-09 18:00:00","2026-09-10 09:00:00","CAPE","surface",-68.3225,19.4773,3179
"2026-09-09 18:00:00","2026-09-10 09:00:00","CAPE","surface",-68.2985,19.4773,3233
"2026-09-09 18:00:00","2026-09-10 09:00:00","CAPE","surface",-68.2746,19.4773,3252
"2026-09-09 18:00:00","2026-09-10 09:00:00","CAPE","surface",-68.2507,19.4773,3136
"2026-09-09 18:00:00","2026-09-10 09:00:00","CAPE","surface",-68.2268,19.4773,3100
"2026-09-09 18:00:00","2026-09-10 09:00:00","CAPE","surface",-68.2028,19.4773,3050
"2026-09-09 18:00:00","2026-09-10 09:00:00","CAPE","surface",-68.1789,19.4773,3049
"2026-09-09 18:00:00","2026-09-10 09:00:00","CAPE","surface",-68.155,19.4773,3068
"2026-09-09 18:00:00","2026-09-10 09:00:00","CAPE","surface",-68.1311,19.4773,3233
"2026-09-09 18:00:00","2026-09-10 09:00:00","CAPE","surface",-68.1071,19.4773,3197
"2026-09-09 18:00:00","2026-09-10 09:00:00","CAPE","surface",-68.0832,19.4773,3297
"2026-09-09 18:00:00","2026-09-10 09:00:00","CAPE","surface",-68.0593,19.4773,3297
"2026-09-09 18:00:00","2026-09-10 09:00:00","CAPE","surface",-68.0354,19.4773,3381
"2026-09-09 18:00:00","2026-09-10 09:00:00","CAPE","surface",-68.0114,19.4773,3212
"2026-09-09 18:00:00","2026-09-10 09:00:00","CAPE","surface",-67.9875,19.4773,3109
"2026-09-09 18:00:00","2026-09-10 09:00:00","CAPE","surface",-67.9636,19.4773,3266
"2026-09-09 18:00:00","2026-09-10 09:00:00","CAPE","surface",-67.9397,19.4773,3109
"2026-09-09 18:00:00","2026-09-10 09:00:00","CAPE","surface",-67.9157,19.4773,3120
"2026-09-09 18:00:00","2026-09-10 09:00:00","CAPE","surface",-67.8918,19.4773,3069
"2026-09-09 18:00:00","2026-09-10 09:00:00","CAPE","surface",-67.8679,19.4773,3052
"2026-09-09 18:00:00","2026-09-10 09:00:00","CAPE","surface",-67.844,19.4773,3023
"2026-09-09 18:00:00","2026-09-10 09:00:00","CAPE","surface",-67.82,19.4773,2956
"2026-09-09 18:00:00","2026-09-10 09:00:00","CAPE","surface",-67.7961,19.4773,2949
"2026-09-09 18:00:00","2026-09-10 09:00:00","CAPE","surface",-67.7722,19.4773,2871
"2026-09-09 18:00:00","2026-09-10 09:00:00","CAPE","surface",-67.7483,19.4773,2832
"2026-09-09 18:00:00","2026-09-10 09:00:00","CAPE","surface",-67.7243,19.4773,2840
"2026-09-09 18:00:00","2026-09-10 09:00:00","CAPE","surface",-67.7004,19.4773,2760
"2026-09-09 18:00:00","2026-09-10 09:00:00","CAPE","surface",-67.6765,19.4773,2778
"2026-09-09 18:00:00","2026-09-10 09:00:00","CAPE","surface",-67.6526,19.4773,2760
"2026-09-09 18:00:00","2026-09-10 09:00:00","CAPE","surface",-67.6286,19.4773,2782
"2026-09-09 18:00:00","2026-09-10 09:00:00","CAPE","surface",-67.6047,19.4773,2668
"2026-09-09 18:00:00","2026-09-10 09:00:00","CAPE","surface",-67.5808,19.4773,2695
"2026-09-09 18:00:00","2026-09-10 09:00:00","CAPE","surface",-67.5569,19.4773,2428
"2026-09-09 18:00:00","2026-09-10 09:00:00","CAPE","surface",-67.5329,19.4773,2229
"2026-09-09 18:00:00","2026-09-10 09:00:00","CAPE","surface",-67.509,19.4773,2297
"2026-09-09 18:00:00","2026-09-10 09:00:00","CAPE","surface",-67.4851,19.4773,2124
"2026-09-09 18:00:00","2026-09-10 09:00:00","CAPE","surface",-67.4612,19.4773,2124
"2026-09-09 18:00:00","2026-09-10 09:00:00","CAPE","surface",-67.4372,19.4773,2124
"2026-09-09 18:00:00","2026-09-10 09:00:00","CAPE","surface",-67.4133,19.4773,2268
"2026-09-09 18:00:00","2026-09-10 09:00:00","CAPE","surface",-67.3894,19.4773,2360
"2026-09-09 18:00:00","2026-09-10 09:00:00","CAPE","surface",-67.3655,19.4773,2284
"2026-09-09 18:00:00","2026-09-10 09:00:00","CAPE","surface",-67.3415,19.4773,2361
"2026-09-09 18:00:00","2026-09-10 09:00:00","CAPE","surface",-67.3176,19.4773,2474
"2026-09-09 18:00:00","2026-09-10 09:00:00","CAPE","surface",-67.2937,19.4773,2588
"2026-09-09 18:00:00","2026-09-10 09:00:00","CAPE","surface",-67.2698,19.4773,2647
"2026-09-09 18:00:00","2026-09-10 09:00:00","CAPE","surface",-67.2458,19.4773,2819
"2026-09-09 18:00:00","2026-09-10 09:00:00","CAPE","surface",-67.2219,19.4773,3022
"2026-09-09 18:00:00","2026-09-10 09:00:00","CAPE","surface",-67.198,19.4773,3123
"2026-09-09 18:00:00","2026-09-10 09:00:00","CAPE","surface",-67.1741,19.4773,3123
"2026-09-09 18:00:00","2026-09-10 09:00:00","CAPE","surface",-67.1501,19.4773,3104
"2026-09-09 18:00:00","2026-09-10 09:00:00","CAPE","surface",-67.1262,19.4773,3121
"2026-09-09 18:00:00","2026-09-10 09:00:00","CAPE","surface",-67.1023,19.4773,3075
"2026-09-09 18:00:00","2026-09-10 09:00:00","CAPE","surface",-67.0784,19.4773,3075
"2026-09-09 18:00:00","2026-09-10 09:00:00","CAPE","surface",-67.0544,19.4773,2918
"2026-09-09 18:00:00","2026-09-10 09:00:00","CAPE","surface",-67.0305,19.4773,2893
"2026-09-09 18:00:00","2026-09-10 09:00:00","CAPE","surface",-67.0066,19.4773,2749
"2026-09-09 18:00:00","2026-09-10 09:00:00","CAPE","surface",-74.7822,19.4999,2469
"2026-09-09 18:00:00","2026-09-10 09:00:00","CAPE","surface",-74.7583,19.4999,2510
"2026-09-09 18:00:00","2026-09-10 09:00:00","CAPE","surface",-74.7344,19.4999,2547
"2026-09-09 18:00:00","2026-09-10 09:00:00","CAPE","surface",-74.7105,19.4999,2596
"2026-09-09 18:00:00","2026-09-10 09:00:00","CAPE","surface",-74.6865,19.4999,2675
"2026-09-09 18:00:00","2026-09-10 09:00:00","CAPE","surface",-74.6626,19.4999,2689
"2026-09-09 18:00:00","2026-09-10 09:00:00","CAPE","surface",-74.6387,19.4999,2717
"2026-09-09 18:00:00","2026-09-10 09:00:00","CAPE","surface",-74.6148,19.4999,2757
"2026-09-09 18:00:00","2026-09-10 09:00:00","CAPE","surface",-74.5908,19.4999,2766
"2026-09-09 18:00:00","2026-09-10 09:00:00","CAPE","surface",-74.5669,19.4999,2825
"2026-09-09 18:00:00","2026-09-10 09:00:00","CAPE","surface",-74.543,19.4999,2881
"2026-09-09 18:00:00","2026-09-10 09:00:00","CAPE","surface",-74.5191,19.4999,2970
"2026-09-09 18:00:00","2026-09-10 09:00:00","CAPE","surface",-74.4951,19.4999,3051
"2026-09-09 18:00:00","2026-09-10 09:00:00","CAPE","surface",-74.4712,19.4999,3051
"2026-09-09 18:00:00","2026-09-10 09:00:00","CAPE","surface",-74.4473,19.4999,3034
"2026-09-09 18:00:00","2026-09-10 09:00:00","CAPE","surface",-74.4234,19.4999,3058
"2026-09-09 18:00:00","2026-09-10 09:00:00","CAPE","surface",-74.3994,19.4999,2920
"2026-09-09 18:00:00","2026-09-10 09:00:00","CAPE","surface",-74.3755,19.4999,2797
"2026-09-09 18:00:00","2026-09-10 09:00:00","CAPE","surface",-74.3516,19.4999,2653
"2026-09-09 18:00:00","2026-09-10 09:00:00","CAPE","surface",-74.3277,19.4999,2653
"2026-09-09 18:00:00","2026-09-10 09:00:00","CAPE","surface",-74.3037,19.4999,2505
"2026-09-09 18:00:00","2026-09-10 09:00:00","CAPE","surface",-74.2798,19.4999,2503
"2026-09-09 18:00:00","2026-09-10 09:00:00","CAPE","surface",-74.2559,19.4999,2621
"2026-09-09 18:00:00","2026-09-10 09:00:00","CAPE","surface",-74.232,19.4999,2833
"2026-09-09 18:00:00","2026-09-10 09:00:00","CAPE","surface",-74.208,19.4999,2910
"2026-09-09 18:00:00","2026-09-10 09:00:00","CAPE","surface",-74.1841,19.4999,2953
"2026-09-09 18:00:00","2026-09-10 09:00:00","CAPE","surface",-74.1602,19.4999,2929
"2026-09-09 18:00:00","2026-09-10 09:00:00","CAPE","surface",-74.1363,19.4999,2865
"2026-09-09 18:00:00","2026-09-10 09:00:00","CAPE","surface",-74.1123,19.4999,2783
"2026-09-09 18:00:00","2026-09-10 09:00:00","CAPE","surface",-74.0884,19.4999,2717
"2026-09-09 18:00:00","2026-09-10 09:00:00","CAPE","surface",-74.0645,19.4999,2701
"2026-09-09 18:00:00","2026-09-10 09:00:00","CAPE","surface",-74.0406,19.4999,2629
"2026-09-09 18:00:00","2026-09-10 09:00:00","CAPE","surface",-74.0166,19.4999,2612
"2026-09-09 18:00:00","2026-09-10 09:00:00","CAPE","surface",-73.9927,19.4999,2614
"2026-09-09 18:00:00","2026-09-10 09:00:00","CAPE","surface",-73.9688,19.4999,2607
"2026-09-09 18:00:00","2026-09-10 09:00:00","CAPE","surface",-73.9449,19.4999,2607
"2026-09-09 18:00:00","2026-09-10 09:00:00","CAPE","surface",-73.9209,19.4999,2496
"2026-09-09 18:00:00","2026-09-10 09:00:00","CAPE","surface",-73.897,19.4999,2293
"2026-09-09 18:00:00","2026-09-10 09:00:00","CAPE","surface",-73.8731,19.4999,2018
"2026-09-09 18:00:00","2026-09-10 09:00:00","CAPE","surface",-73.8492,19.4999,1848
"2026-09-09 18:00:00","2026-09-10 09:00:00","CAPE","surface",-73.8252,19.4999,1776
"2026-09-09 18:00:00","2026-09-10 09:00:00","CAPE","surface",-73.8013,19.4999,1776
"2026-09-09 18:00:00","2026-09-10 09:00:00","CAPE","surface",-73.7774,19.4999,1732
"2026-09-09 18:00:00","2026-09-10 09:00:00","CAPE","surface",-73.7535,19.4999,1711
"2026-09-09 18:00:00","2026-09-10 09:00:00","CAPE","surface",-73.7295,19.4999,1664
"2026-09-09 18:00:00","2026-09-10 09:00:00","CAPE","surface",-73.7056,19.4999,1672
"2026-09-09 18:00:00","2026-09-10 09:00:00","CAPE","surface",-73.6817,19.4999,1672
"2026-09-09 18:00:00","2026-09-10 09:00:00","CAPE","surface",-73.6578,19.4999,1663
"2026-09-09 18:00:00","2026-09-10 09:00:00","CAPE","surface",-73.6338,19.4999,1572
"2026-09-09 18:00:00","2026-09-10 09:00:00","CAPE","surface",-73.6099,19.4999,1601
"2026-09-09 18:00:00","2026-09-10 09:00:00","CAPE","surface",-73.586,19.4999,1594
"2026-09-09 18:00:00","2026-09-10 09:00:00","CAPE","surface",-73.5621,19.4999,1654
"2026-09-09 18:00:00","2026-09-10 09:00:00","CAPE","surface",-73.5381,19.4999,1656
"2026-09-09 18:00:00","2026-09-10 09:00:00","CAPE","surface",-73.5142,19.4999,1720
"2026-09-09 18:00:00","2026-09-10 09:00:00","CAPE","surface",-73.4903,19.4999,1733
"2026-09-09 18:00:00","2026-09-10 09:00:00","CAPE","surface",-73.4664,19.4999,1775
"2026-09-09 18:00:00","2026-09-10 09:00:00","CAPE","surface",-73.4424,19.4999,1775
"2026-09-09 18:00:00","2026-09-10 09:00:00","CAPE","surface",-73.4185,19.4999,1816
"2026-09-09 18:00:00","2026-09-10 09:00:00","CAPE","surface",-73.3946,19.4999,1800
"2026-09-09 18:00:00","2026-09-10 09:00:00","CAPE","surface",-73.3707,19.4999,1808
"2026-09-09 18:00:00","2026-09-10 09:00:00","CAPE","surface",-73.3467,19.4999,1773
"2026-09-09 18:00:00","2026-09-10 09:00:00","CAPE","surface",-73.3228,19.4999,1768
"2026-09-09 18:00:00","2026-09-10 09:00:00","CAPE","surface",-73.2989,19.4999,1768
"2026-09-09 18:00:00","2026-09-10 09:00:00","CAPE","surface",-73.275,19.4999,1838
"2026-09-09 18:00:00","2026-09-10 09:00:00","CAPE","surface",-73.251,19.4999,1764
"2026-09-09 18:00:00","2026-09-10 09:00:00","CAPE","surface",-73.2271,19.4999,1981
"2026-09-09 18:00:00","2026-09-10 09:00:00","CAPE","surface",-73.2032,19.4999,2083
"2026-09-09 18:00:00","2026-09-10 09:00:00","CAPE","surface",-73.1793,19.4999,2136
"2026-09-09 18:00:00","2026-09-10 09:00:00","CAPE","surface",-73.1553,19.4999,2253
"2026-09-09 18:00:00","2026-09-10 09:00:00","CAPE","surface",-73.1314,19.4999,1987
"2026-09-09 18:00:00","2026-09-10 09:00:00","CAPE","surface",-73.1075,19.4999,2011
"2026-09-09 18:00:00","2026-09-10 09:00:00","CAPE","surface",-73.0836,19.4999,1876
"2026-09-09 18:00:00","2026-09-10 09:00:00","CAPE","surface",-73.0596,19.4999,1876
"2026-09-09 18:00:00","2026-09-10 09:00:00","CAPE","surface",-73.0357,19.4999,1764
"2026-09-09 18:00:00","2026-09-10 09:00:00","CAPE","surface",-73.0118,19.4999,1644
"2026-09-09 18:00:00","2026-09-10 09:00:00","CAPE","surface",-72.9879,19.4999,1665
"2026-09-09 18:00:00","2026-09-10 09:00:00","CAPE","surface",-72.9639,19.4999,1719
"2026-09-09 18:00:00","2026-09-10 09:00:00","CAPE","surface",-72.94,19.4999,1719
"2026-09-09 18:00:00","2026-09-10 09:00:00","CAPE","surface",-72.9161,19.4999,1423
"2026-09-09 18:00:00","2026-09-10 09:00:00","CAPE","surface",-72.8922,19.4999,1473
"2026-09-09 18:00:00","2026-09-10 09:00:00","CAPE","surface",-72.8682,19.4999,830
"2026-09-09 18:00:00","2026-09-10 09:00:00","CAPE","surface",-72.8443,19.4999,1238
"2026-09-09 18:00:00","2026-09-10 09:00:00","CAPE","surface",-72.8204,19.4999,637
"2026-09-09 18:00:00","2026-09-10 09:00:00","CAPE","surface",-72.7965,19.4999,705
"2026-09-09 18:00:00","2026-09-10 09:00:00","CAPE","surface",-72.7725,19.4999,764
"2026-09-09 18:00:00","2026-09-10 09:00:00","CAPE","surface",-72.7486,19.4999,693
"2026-09-09 18:00:00","2026-09-10 09:00:00","CAPE","surface",-72.7247,19.4999,566
"2026-09-09 18:00:00","2026-09-10 09:00:00","CAPE","surface",-72.7008,19.4999,566
"2026-09-09 18:00:00","2026-09-10 09:00:00","CAPE","surface",-72.6768,19.4999,509
"2026-09-09 18:00:00","2026-09-10 09:00:00","CAPE","surface",-72.6529,19.4999,514
"2026-09-09 18:00:00","2026-09-10 09:00:00","CAPE","surface",-72.629,19.4999,497
"2026-09-09 18:00:00","2026-09-10 09:00:00","CAPE","surface",-72.6051,19.4999,481
"2026-09-09 18:00:00","2026-09-10 09:00:00","CAPE","surface",-72.5811,19.4999,528
"2026-09-09 18:00:00","2026-09-10 09:00:00","CAPE","surface",-72.5572,19.4999,528
"2026-09-09 18:00:00","2026-09-10 09:00:00","CAPE","surface",-72.5333,19.4999,528
"2026-09-09 18:00:00","2026-09-10 09:00:00","CAPE","surface",-72.5094,19.4999,539
"2026-09-09 18:00:00","2026-09-10 09:00:00","CAPE","surface",-72.4854,19.4999,480
"2026-09-09 18:00:00","2026-09-10 09:00:00","CAPE","surface",-72.4615,19.4999,482
"2026-09-09 18:00:00","2026-09-10 09:00:00","CAPE","surface",-72.4376,19.4999,494
"2026-09-09 18:00:00","2026-09-10 09:00:00","CAPE","surface",-72.4137,19.4999,506
"2026-09-09 18:00:00","2026-09-10 09:00:00","CAPE","surface",-72.3897,19.4999,501
"2026-09-09 18:00:00","2026-09-10 09:00:00","CAPE","surface",-72.3658,19.4999,523
"2026-09-09 18:00:00","2026-09-10 09:00:00","CAPE","surface",-72.3419,19.4999,536
"2026-09-09 18:00:00","2026-09-10 09:00:00","CAPE","surface",-72.318,19.4999,564
"2026-09-09 18:00:00","2026-09-10 09:00:00","CAPE","surface",-72.294,19.4999,537
"2026-09-09 18:00:00","2026-09-10 09:00:00","CAPE","surface",-72.2701,19.4999,509
"2026-09-09 18:00:00","2026-09-10 09:00:00","CAPE","surface",-72.2462,19.4999,489
"2026-09-09 18:00:00","2026-09-10 09:00:00","CAPE","surface",-72.2223,19.4999,452
"2026-09-09 18:00:00","2026-09-10 09:00:00","CAPE","surface",-72.1983,19.4999,438
"2026-09-09 18:00:00","2026-09-10 09:00:00","CAPE","surface",-72.1744,19.4999,329
"2026-09-09 18:00:00","2026-09-10 09:00:00","CAPE","surface",-72.1505,19.4999,349
"2026-09-09 18:00:00","2026-09-10 09:00:00","CAPE","surface",-72.1266,19.4999,286
"2026-09-09 18:00:00","2026-09-10 09:00:00","CAPE","surface",-72.1026,19.4999,286
"2026-09-09 18:00:00","2026-09-10 09:00:00","CAPE","surface",-72.0787,19.4999,388
"2026-09-09 18:00:00","2026-09-10 09:00:00","CAPE","surface",-72.0548,19.4999,466
"2026-09-09 18:00:00","2026-09-10 09:00:00","CAPE","surface",-72.0309,19.4999,528
"2026-09-09 18:00:00","2026-09-10 09:00:00","CAPE","surface",-72.0069,19.4999,521
"2026-09-09 18:00:00","2026-09-10 09:00:00","CAPE","surface",-71.983,19.4999,559
"2026-09-09 18:00:00","2026-09-10 09:00:00","CAPE","surface",-71.9591,19.4999,544
"2026-09-09 18:00:00","2026-09-10 09:00:00","CAPE","surface",-71.9352,19.4999,531
"2026-09-09 18:00:00","2026-09-10 09:00:00","CAPE","surface",-71.9112,19.4999,455
"2026-09-09 18:00:00","2026-09-10 09:00:00","CAPE","surface",-71.8873,19.4999,408
"2026-09-09 18:00:00","2026-09-10 09:00:00","CAPE","surface",-71.8634,19.4999,468
"2026-09-09 18:00:00","2026-09-10 09:00:00","CAPE","surface",-71.8395,19.4999,433
"2026-09-09 18:00:00","2026-09-10 09:00:00","CAPE","surface",-71.8155,19.4999,479
"2026-09-09 18:00:00","2026-09-10 09:00:00","CAPE","surface",-71.7916,19.4999,459
"2026-09-09 18:00:00","2026-09-10 09:00:00","CAPE","surface",-71.7677,19.4999,495
"2026-09-09 18:00:00","2026-09-10 09:00:00","CAPE","surface",-71.7438,19.4999,495
"2026-09-09 18:00:00","2026-09-10 09:00:00","CAPE","surface",-71.7198,19.4999,516
"2026-09-09 18:00:00","2026-09-10 09:00:00","CAPE","surface",-71.6959,19.4999,468
"2026-09-09 18:00:00","2026-09-10 09:00:00","CAPE","surface",-71.672,19.4999,473
"2026-09-09 18:00:00","2026-09-10 09:00:00","CAPE","surface",-71.6481,19.4999,438
"2026-09-09 18:00:00","2026-09-10 09:00:00","CAPE","surface",-71.6241,19.4999,504
"2026-09-09 18:00:00","2026-09-10 09:00:00","CAPE","surface",-71.6002,19.4999,498
"2026-09-09 18:00:00","2026-09-10 09:00:00","CAPE","surface",-71.5763,19.4999,554
"2026-09-09 18:00:00","2026-09-10 09:00:00","CAPE","surface",-71.5524,19.4999,507
"2026-09-09 18:00:00","2026-09-10 09:00:00","CAPE","surface",-71.5284,19.4999,492
"2026-09-09 18:00:00","2026-09-10 09:00:00","CAPE","surface",-71.5045,19.4999,532
"2026-09-09 18:00:00","2026-09-10 09:00:00","CAPE","surface",-71.4806,19.4999,462
"2026-09-09 18:00:00","2026-09-10 09:00:00","CAPE","surface",-71.4567,19.4999,564
"2026-09-09 18:00:00","2026-09-10 09:00:00","CAPE","surface",-71.4327,19.4999,518
"2026-09-09 18:00:00","2026-09-10 09:00:00","CAPE","surface",-71.4088,19.4999,643
"2026-09-09 18:00:00","2026-09-10 09:00:00","CAPE","surface",-71.3849,19.4999,609
"2026-09-09 18:00:00","2026-09-10 09:00:00","CAPE","surface",-71.361,19.4999,696
"2026-09-09 18:00:00","2026-09-10 09:00:00","CAPE","surface",-71.337,19.4999,714
"2026-09-09 18:00:00","2026-09-10 09:00:00","CAPE","surface",-71.3131,19.4999,820
"2026-09-09 18:00:00","2026-09-10 09:00:00","CAPE","surface",-71.2892,19.4999,820
"2026-09-09 18:00:00","2026-09-10 09:00:00","CAPE","surface",-71.2653,19.4999,840
"2026-09-09 18:00:00","2026-09-10 09:00:00","CAPE","surface",-71.2413,19.4999,817
"2026-09-09 18:00:00","2026-09-10 09:00:00","CAPE","surface",-71.2174,19.4999,832
"2026-09-09 18:00:00","2026-09-10 09:00:00","CAPE","surface",-71.1935,19.4999,815
"2026-09-09 18:00:00","2026-09-10 09:00:00","CAPE","surface",-71.1696,19.4999,848
"2026-09-09 18:00:00","2026-09-10 09:00:00","CAPE","surface",-71.1456,19.4999,851
"2026-09-09 18:00:00","2026-09-10 09:00:00","CAPE","surface",-71.1217,19.4999,841
"2026-09-09 18:00:00","2026-09-10 09:00:00","CAPE","surface",-71.0978,19.4999,854
"2026-09-09 18:00:00","2026-09-10 09:00:00","CAPE","surface",-71.0739,19.4999,843
"2026-09-09 18:00:00","2026-09-10 09:00:00","CAPE","surface",-71.0499,19.4999,862
"2026-09-09 18:00:00","2026-09-10 09:00:00","CAPE","surface",-71.026,19.4999,855
"2026-09-09 18:00:00","2026-09-10 09:00:00","CAPE","surface",-71.0021,19.4999,900
"2026-09-09 18:00:00","2026-09-10 09:00:00","CAPE","surface",-70.9782,19.4999,884
"2026-09-09 18:00:00","2026-09-10 09:00:00","CAPE","surface",-70.9542,19.4999,919
"2026-09-09 18:00:00","2026-09-10 09:00:00","CAPE","surface",-70.9303,19.4999,917
"2026-09-09 18:00:00","2026-09-10 09:00:00","CAPE","surface",-70.9064,19.4999,952
"2026-09-09 18:00:00","2026-09-10 09:00:00","CAPE","surface",-70.8825,19.4999,956
"2026-09-09 18:00:00","2026-09-10 09:00:00","CAPE","surface",-70.8585,19.4999,985
"2026-09-09 18:00:00","2026-09-10 09:00:00","CAPE","surface",-70.8346,19.4999,985
"2026-09-09 18:00:00","2026-09-10 09:00:00","CAPE","surface",-70.8107,19.4999,1008
"2026-09-09 18:00:00","2026-09-10 09:00:00","CAPE","surface",-70.7868,19.4999,1062
"2026-09-09 18:00:00","2026-09-10 09:00:00","CAPE","surface",-70.7628,19.4999,1074
"2026-09-09 18:00:00","2026-09-10 09:00:00","CAPE","surface",-70.7389,19.4999,1155
"2026-09-09 18:00:00","2026-09-10 09:00:00","CAPE","surface",-70.715,19.4999,1155
"2026-09-09 18:00:00","2026-09-10 09:00:00","CAPE","surface",-70.6911,19.4999,1174
"2026-09-09 18:00:00","2026-09-10 09:00:00","CAPE","surface",-70.6671,19.4999,1202
"2026-09-09 18:00:00","2026-09-10 09:00:00","CAPE","surface",-70.6432,19.4999,1256
"2026-09-09 18:00:00","2026-09-10 09:00:00","CAPE","surface",-70.6193,19.4999,1256
"2026-09-09 18:00:00","2026-09-10 09:00:00","CAPE","surface",-70.5954,19.4999,1256
"2026-09-09 18:00:00","2026-09-10 09:00:00","CAPE","surface",-70.5714,19.4999,1285
"2026-09-09 18:00:00","2026-09-10 09:00:00","CAPE","surface",-70.5475,19.4999,1262
"2026-09-09 18:00:00","2026-09-10 09:00:00","CAPE","surface",-70.5236,19.4999,1319
"2026-09-09 18:00:00","2026-09-10 09:00:00","CAPE","surface",-70.4997,19.4999,1184
"2026-09-09 18:00:00","2026-09-10 09:00:00","CAPE","surface",-70.4757,19.4999,1335
"2026-09-09 18:00:00","2026-09-10 09:00:00","CAPE","surface",-70.4518,19.4999,1396
"2026-09-09 18:00:00","2026-09-10 09:00:00","CAPE","surface",-70.4279,19.4999,1262
"2026-09-09 18:00:00","2026-09-10 09:00:00","CAPE","surface",-70.404,19.4999,1262
"2026-09-09 18:00:00","2026-09-10 09:00:00","CAPE","surface",-70.38,19.4999,1095
"2026-09-09 18:00:00","2026-09-10 09:00:00","CAPE","surface",-70.3561,19.4999,1036
"2026-09-09 18:00:00","2026-09-10 09:00:00","CAPE","surface",-70.3322,19.4999,1151
"2026-09-09 18:00:00","2026-09-10 09:00:00","CAPE","surface",-70.3083,19.4999,1216
"2026-09-09 18:00:00","2026-09-10 09:00:00","CAPE","surface",-70.2843,19.4999,1373
"2026-09-09 18:00:00","2026-09-10 09:00:00","CAPE","surface",-70.2604,19.4999,1586
"2026-09-09 18:00:00","2026-09-10 09:00:00","CAPE","surface",-70.2365,19.4999,2100
"2026-09-09 18:00:00","2026-09-10 09:00:00","CAPE","surface",-70.2126,19.4999,2122
"2026-09-09 18:00:00","2026-09-10 09:00:00","CAPE","surface",-70.1886,19.4999,2287
"2026-09-09 18:00:00","2026-09-10 09:00:00","CAPE","surface",-70.1647,19.4999,2379
"2026-09-09 18:00:00","2026-09-10 09:00:00","CAPE","surface",-70.1408,19.4999,2434
"2026-09-09 18:00:00","2026-09-10 09:00:00","CAPE","surface",-70.1169,19.4999,2476
"2026-09-09 18:00:00","2026-09-10 09:00:00","CAPE","surface",-70.0929,19.4999,2497
"2026-09-09 18:00:00","2026-09-10 09:00:00","CAPE","surface",-70.069,19.4999,2445
"2026-09-09 18:00:00","2026-09-10 09:00:00","CAPE","surface",-70.0451,19.4999,2485
"2026-09-09 18:00:00","2026-09-10 09:00:00","CAPE","surface",-70.0212,19.4999,2595
"2026-09-09 18:00:00","2026-09-10 09:00:00","CAPE","surface",-69.9972,19.4999,2630
"2026-09-09 18:00:00","2026-09-10 09:00:00","CAPE","surface",-69.9733,19.4999,2598
"2026-09-09 18:00:00","2026-09-10 09:00:00","CAPE","surface",-69.9494,19.4999,2599
"2026-09-09 18:00:00","2026-09-10 09:00:00","CAPE","surface",-69.9255,19.4999,2477
"2026-09-09 18:00:00","2026-09-10 09:00:00","CAPE","surface",-69.9015,19.4999,2548
"2026-09-09 18:00:00","2026-09-10 09:00:00","CAPE","surface",-69.8776,19.4999,2647
"2026-09-09 18:00:00","2026-09-10 09:00:00","CAPE","surface",-69.8537,19.4999,3207
"2026-09-09 18:00:00","2026-09-10 09:00:00","CAPE","surface",-69.8298,19.4999,2971
"2026-09-09 18:00:00","2026-09-10 09:00:00","CAPE","surface",-69.8058,19.4999,2122
"2026-09-09 18:00:00","2026-09-10 09:00:00","CAPE","surface",-69.7819,19.4999,2339
"2026-09-09 18:00:00","2026-09-10 09:00:00","CAPE","surface",-69.758,19.4999,2532
"2026-09-09 18:00:00","2026-09-10 09:00:00","CAPE","surface",-69.7341,19.4999,2654
"2026-09-09 18:00:00","2026-09-10 09:00:00","CAPE","surface",-69.7101,19.4999,2575
"2026-09-09 18:00:00","2026-09-10 09:00:00","CAPE","surface",-69.6862,19.4999,2620
"2026-09-09 18:00:00","2026-09-10 09:00:00","CAPE","surface",-69.6623,19.4999,2632
"2026-09-09 18:00:00","2026-09-10 09:00:00","CAPE","surface",-69.6384,19.4999,2675
"2026-09-09 18:00:00","2026-09-10 09:00:00","CAPE","surface",-69.6144,19.4999,2634
"2026-09-09 18:00:00","2026-09-10 09:00:00","CAPE","surface",-69.5905,19.4999,2592
"2026-09-09 18:00:00","2026-09-10 09:00:00","CAPE","surface",-69.5666,19.4999,2506
"2026-09-09 18:00:00","2026-09-10 09:00:00","CAPE","surface",-69.5427,19.4999,2490
"2026-09-09 18:00:00","2026-09-10 09:00:00","CAPE","surface",-69.5187,19.4999,2432
"2026-09-09 18:00:00","2026-09-10 09:00:00","CAPE","surface",-69.4948,19.4999,2390
"2026-09-09 18:00:00","2026-09-10 09:00:00","CAPE","surface",-69.4709,19.4999,2376
"2026-09-09 18:00:00","2026-09-10 09:00:00","CAPE","surface",-69.447,19.4999,2407
"2026-09-09 18:00:00","2026-09-10 09:00:00","CAPE","surface",-69.423,19.4999,2403
"2026-09-09 18:00:00","2026-09-10 09:00:00","CAPE","surface",-69.3991,19.4999,2537
"2026-09-09 18:00:00","2026-09-10 09:00:00","CAPE","surface",-69.3752,19.4999,2618
"2026-09-09 18:00:00","2026-09-10 09:00:00","CAPE","surface",-69.3513,19.4999,2603
"2026-09-09 18:00:00","2026-09-10 09:00:00","CAPE","surface",-69.3273,19.4999,2642
"2026-09-09 18:00:00","2026-09-10 09:00:00","CAPE","surface",-69.3034,19.4999,2631
"2026-09-09 18:00:00","2026-09-10 09:00:00","CAPE","surface",-69.2795,19.4999,2601
"2026-09-09 18:00:00","2026-09-10 09:00:00","CAPE","surface",-69.2556,19.4999,2673
"2026-09-09 18:00:00","2026-09-10 09:00:00","CAPE","surface",-69.2316,19.4999,2808
"2026-09-09 18:00:00","2026-09-10 09:00:00","CAPE","surface",-69.2077,19.4999,2912
"2026-09-09 18:00:00","2026-09-10 09:00:00","CAPE","surface",-69.1838,19.4999,3057
"2026-09-09 18:00:00","2026-09-10 09:00:00","CAPE","surface",-69.1599,19.4999,3105
"2026-09-09 18:00:00","2026-09-10 09:00:00","CAPE","surface",-69.1359,19.4999,3105
"2026-09-09 18:00:00","2026-09-10 09:00:00","CAPE","surface",-69.112,19.4999,3001
"2026-09-09 18:00:00","2026-09-10 09:00:00","CAPE","surface",-69.0881,19.4999,2977
"2026-09-09 18:00:00","2026-09-10 09:00:00","CAPE","surface",-69.0642,19.4999,2861
"2026-09-09 18:00:00","2026-09-10 09:00:00","CAPE","surface",-69.0402,19.4999,2854
"2026-09-09 18:00:00","2026-09-10 09:00:00","CAPE","surface",-69.0163,19.4999,2880
"2026-09-09 18:00:00","2026-09-10 09:00:00","CAPE","surface",-68.9924,19.4999,2865
"2026-09-09 18:00:00","2026-09-10 09:00:00","CAPE","surface",-68.9685,19.4999,2833
"2026-09-09 18:00:00","2026-09-10 09:00:00","CAPE","surface",-68.9445,19.4999,2843
"2026-09-09 18:00:00","2026-09-10 09:00:00","CAPE","surface",-68.9206,19.4999,2787
"2026-09-09 18:00:00","2026-09-10 09:00:00","CAPE","surface",-68.8967,19.4999,2762
"2026-09-09 18:00:00","2026-09-10 09:00:00","CAPE","surface",-68.8728,19.4999,2782
"2026-09-09 18:00:00","2026-09-10 09:00:00","CAPE","surface",-68.8488,19.4999,2786
"2026-09-09 18:00:00","2026-09-10 09:00:00","CAPE","surface",-68.8249,19.4999,2786
"2026-09-09 18:00:00","2026-09-10 09:00:00","CAPE","surface",-68.801,19.4999,2769
"2026-09-09 18:00:00","2026-09-10 09:00:00","CAPE","surface",-68.7771,19.4999,2787
"2026-09-09 18:00:00","2026-09-10 09:00:00","CAPE","surface",-68.7531,19.4999,2820
"2026-09-09 18:00:00","2026-09-10 09:00:00","CAPE","surface",-68.7292,19.4999,2952
"2026-09-09 18:00:00","2026-09-10 09:00:00","CAPE","surface",-68.7053,19.4999,2841
"2026-09-09 18:00:00","2026-09-10 09:00:00","CAPE","surface",-68.6813,19.4999,2727
"2026-09-09 18:00:00","2026-09-10 09:00:00","CAPE","surface",-68.6574,19.4999,2746
"2026-09-09 18:00:00","2026-09-10 09:00:00","CAPE","surface",-68.6335,19.4999,2686
"2026-09-09 18:00:00","2026-09-10 09:00:00","CAPE","surface",-68.6096,19.4999,2686
"2026-09-09 18:00:00","2026-09-10 09:00:00","CAPE","surface",-68.5856,19.4999,2758
"2026-09-09 18:00:00","2026-09-10 09:00:00","CAPE","surface",-68.5617,19.4999,2850
"2026-09-09 18:00:00","2026-09-10 09:00:00","CAPE","surface",-68.5378,19.4999,2947
"2026-09-09 18:00:00","2026-09-10 09:00:00","CAPE","surface",-68.5139,19.4999,2947
"2026-09-09 18:00:00","2026-09-10 09:00:00","CAPE","surface",-68.4899,19.4999,2987
"2026-09-09 18:00:00","2026-09-10 09:00:00","CAPE","surface",-68.466,19.4999,2991
"2026-09-09 18:00:00","2026-09-10 09:00:00","CAPE","surface",-68.4421,19.4999,3016
"2026-09-09 18:00:00","2026-09-10 09:00:00","CAPE","surface",-68.4182,19.4999,3025
"2026-09-09 18:00:00","2026-09-10 09:00:00","CAPE","surface",-68.3942,19.4999,3045
"2026-09-09 18:00:00","2026-09-10 09:00:00","CAPE","surface",-68.3703,19.4999,3112
"2026-09-09 18:00:00","2026-09-10 09:00:00","CAPE","surface",-68.3464,19.4999,3109
"2026-09-09 18:00:00","2026-09-10 09:00:00","CAPE","surface",-68.3225,19.4999,3182
"2026-09-09 18:00:00","2026-09-10 09:00:00","CAPE","surface",-68.2985,19.4999,3197
"2026-09-09 18:00:00","2026-09-10 09:00:00","CAPE","surface",-68.2746,19.4999,3147
"2026-09-09 18:00:00","2026-09-10 09:00:00","CAPE","surface",-68.2507,19.4999,3085
"2026-09-09 18:00:00","2026-09-10 09:00:00","CAPE","surface",-68.2268,19.4999,3063
"2026-09-09 18:00:00","2026-09-10 09:00:00","CAPE","surface",-68.2028,19.4999,3074
"2026-09-09 18:00:00","2026-09-10 09:00:00","CAPE","surface",-68.1789,19.4999,3075
"2026-09-09 18:00:00","2026-09-10 09:00:00","CAPE","surface",-68.155,19.4999,3273
"2026-09-09 18:00:00","2026-09-10 09:00:00","CAPE","surface",-68.1311,19.4999,3233
"2026-09-09 18:00:00","2026-09-10 09:00:00","CAPE","surface",-68.1071,19.4999,3453
"2026-09-09 18:00:00","2026-09-10 09:00:00","CAPE","surface",-68.0832,19.4999,3367
"2026-09-09 18:00:00","2026-09-10 09:00:00","CAPE","surface",-68.0593,19.4999,3430
"2026-09-09 18:00:00","2026-09-10 09:00:00","CAPE","surface",-68.0354,19.4999,3490
"2026-09-09 18:00:00","2026-09-10 09:00:00","CAPE","surface",-68.0114,19.4999,3490
"2026-09-09 18:00:00","2026-09-10 09:00:00","CAPE","surface",-67.9875,19.4999,3457
"2026-09-09 18:00:00","2026-09-10 09:00:00","CAPE","surface",-67.9636,19.4999,3266
"2026-09-09 18:00:00","2026-09-10 09:00:00","CAPE","surface",-67.9397,19.4999,3195
"2026-09-09 18:00:00","2026-09-10 09:00:00","CAPE","surface",-67.9157,19.4999,3195
"2026-09-09 18:00:00","2026-09-10 09:00:00","CAPE","surface",-67.8918,19.4999,3097
"2026-09-09 18:00:00","2026-09-10 09:00:00","CAPE","surface",-67.8679,19.4999,3052
"2026-09-09 18:00:00","2026-09-10 09:00:00","CAPE","surface",-67.844,19.4999,2944
"2026-09-09 18:00:00","2026-09-10 09:00:00","CAPE","surface",-67.82,19.4999,2862
"2026-09-09 18:00:00","2026-09-10 09:00:00","CAPE","surface",-67.7961,19.4999,2885
"2026-09-09 18:00:00","2026-09-10 09:00:00","CAPE","surface",-67.7722,19.4999,2833
"2026-09-09 18:00:00","2026-09-10 09:00:00","CAPE","surface",-67.7483,19.4999,2832
"2026-09-09 18:00:00","2026-09-10 09:00:00","CAPE","surface",-67.7243,19.4999,2728
"2026-09-09 18:00:00","2026-09-10 09:00:00","CAPE","surface",-67.7004,19.4999,2744
"2026-09-09 18:00:00","2026-09-10 09:00:00","CAPE","surface",-67.6765,19.4999,2729
"2026-09-09 18:00:00","2026-09-10 09:00:00","CAPE","surface",-67.6526,19.4999,2723
"2026-09-09 18:00:00","2026-09-10 09:00:00","CAPE","surface",-67.6286,19.4999,2723
"2026-09-09 18:00:00","2026-09-10 09:00:00","CAPE","surface",-67.6047,19.4999,2391
"2026-09-09 18:00:00","2026-09-10 09:00:00","CAPE","surface",-67.5808,19.4999,2398
"2026-09-09 18:00:00","2026-09-10 09:00:00","CAPE","surface",-67.5569,19.4999,2219
"2026-09-09 18:00:00","2026-09-10 09:00:00","CAPE","surface",-67.5329,19.4999,2219
"2026-09-09 18:00:00","2026-09-10 09:00:00","CAPE","surface",-67.509,19.4999,2047
"2026-09-09 18:00:00","2026-09-10 09:00:00","CAPE","surface",-67.4851,19.4999,2071
"2026-09-09 18:00:00","2026-09-10 09:00:00","CAPE","surface",-67.4612,19.4999,1992
"2026-09-09 18:00:00","2026-09-10 09:00:00","CAPE","surface",-67.4372,19.4999,1822
"2026-09-09 18:00:00","2026-09-10 09:00:00","CAPE","surface",-67.4133,19.4999,2044
"2026-09-09 18:00:00","2026-09-10 09:00:00","CAPE","surface",-67.3894,19.4999,2100
"2026-09-09 18:00:00","2026-09-10 09:00:00","CAPE","surface",-67.3655,19.4999,2284
"2026-09-09 18:00:00","2026-09-10 09:00:00","CAPE","surface",-67.3415,19.4999,2199
"2026-09-09 18:00:00","2026-09-10 09:00:00","CAPE","surface",-67.3176,19.4999,2351
"2026-09-09 18:00:00","2026-09-10 09:00:00","CAPE","surface",-67.2937,19.4999,2508
"2026-09-09 18:00:00","2026-09-10 09:00:00","CAPE","surface",-67.2698,19.4999,2655
"2026-09-09 18:00:00","2026-09-10 09:00:00","CAPE","surface",-67.2458,19.4999,2655
"2026-09-09 18:00:00","2026-09-10 09:00:00","CAPE","surface",-67.2219,19.4999,2708
"2026-09-09 18:00:00","2026-09-10 09:00:00","CAPE","surface",-67.198,19.4999,2969
"2026-09-09 18:00:00","2026-09-10 09:00:00","CAPE","surface",-67.1741,19.4999,3039
"2026-09-09 18:00:00","2026-09-10 09:00:00","CAPE","surface",-67.1501,19.4999,3039
"2026-09-09 18:00:00","2026-09-10 09:00:00","CAPE","surface",-67.1262,19.4999,3043
"2026-09-09 18:00:00","2026-09-10 09:00:00","CAPE","surface",-67.1023,19.4999,3090
"2026-09-09 18:00:00","2026-09-10 09:00:00","CAPE","surface",-67.0784,19.4999,3013
"2026-09-09 18:00:00","2026-09-10 09:00:00","CAPE","surface",-67.0544,19.4999,2912
"2026-09-09 18:00:00","2026-09-10 09:00:00","CAPE","surface",-67.0305,19.4999,2803
"2026-09-09 18:00:00","2026-09-10 09:00:00","CAPE","surface",-67.0066,19.4999,2722
"2026-09-09 18:00:00","2026-09-10 09:00:00","CAPE","surface",-74.7822,19.5224,2418
"2026-09-09 18:00:00","2026-09-10 09:00:00","CAPE","surface",-74.7583,19.5224,2497
"2026-09-09 18:00:00","2026-09-10 09:00:00","CAPE","surface",-74.7344,19.5224,2547
"2026-09-09 18:00:00","2026-09-10 09:00:00","CAPE","surface",-74.7105,19.5224,2637
"2026-09-09 18:00:00","2026-09-10 09:00:00","CAPE","surface",-74.6865,19.5224,2637
"2026-09-09 18:00:00","2026-09-10 09:00:00","CAPE","surface",-74.6626,19.5224,2659
"2026-09-09 18:00:00","2026-09-10 09:00:00","CAPE","surface",-74.6387,19.5224,2691
"2026-09-09 18:00:00","2026-09-10 09:00:00","CAPE","surface",-74.6148,19.5224,2703
"2026-09-09 18:00:00","2026-09-10 09:00:00","CAPE","surface",-74.5908,19.5224,2766
"2026-09-09 18:00:00","2026-09-10 09:00:00","CAPE","surface",-74.5669,19.5224,2793
"2026-09-09 18:00:00","2026-09-10 09:00:00","CAPE","surface",-74.543,19.5224,2677
"2026-09-09 18:00:00","2026-09-10 09:00:00","CAPE","surface",-74.5191,19.5224,2803
"2026-09-09 18:00:00","2026-09-10 09:00:00","CAPE","surface",-74.4951,19.5224,2809
"2026-09-09 18:00:00","2026-09-10 09:00:00","CAPE","surface",-74.4712,19.5224,2938
"2026-09-09 18:00:00","2026-09-10 09:00:00","CAPE","surface",-74.4473,19.5224,2883
"2026-09-09 18:00:00","2026-09-10 09:00:00","CAPE","surface",-74.4234,19.5224,2943
"2026-09-09 18:00:00","2026-09-10 09:00:00","CAPE","surface",-74.3994,19.5224,2823
"2026-09-09 18:00:00","2026-09-10 09:00:00","CAPE","surface",-74.3755,19.5224,2862
"2026-09-09 18:00:00","2026-09-10 09:00:00","CAPE","surface",-74.3516,19.5224,2623
"2026-09-09 18:00:00","2026-09-10 09:00:00","CAPE","surface",-74.3277,19.5224,2557
"2026-09-09 18:00:00","2026-09-10 09:00:00","CAPE","surface",-74.3037,19.5224,2437
"2026-09-09 18:00:00","2026-09-10 09:00:00","CAPE","surface",-74.2798,19.5224,2437
"2026-09-09 18:00:00","2026-09-10 09:00:00","CAPE","surface",-74.2559,19.5224,2562
"2026-09-09 18:00:00","2026-09-10 09:00:00","CAPE","surface",-74.232,19.5224,2742
"2026-09-09 18:00:00","2026-09-10 09:00:00","CAPE","surface",-74.208,19.5224,2951
"2026-09-09 18:00:00","2026-09-10 09:00:00","CAPE","surface",-74.1841,19.5224,2961
"2026-09-09 18:00:00","2026-09-10 09:00:00","CAPE","surface",-74.1602,19.5224,2893
"2026-09-09 18:00:00","2026-09-10 09:00:00","CAPE","surface",-74.1363,19.5224,2893
"2026-09-09 18:00:00","2026-09-10 09:00:00","CAPE","surface",-74.1123,19.5224,2838
"2026-09-09 18:00:00","2026-09-10 09:00:00","CAPE","surface",-74.0884,19.5224,2774
"2026-09-09 18:00:00","2026-09-10 09:00:00","CAPE","surface",-74.0645,19.5224,2724
"2026-09-09 18:00:00","2026-09-10 09:00:00","CAPE","surface",-74.0406,19.5224,2644
"2026-09-09 18:00:00","2026-09-10 09:00:00","CAPE","surface",-74.0166,19.5224,2639
"2026-09-09 18:00:00","2026-09-10 09:00:00","CAPE","surface",-73.9927,19.5224,2590
"2026-09-09 18:00:00","2026-09-10 09:00:00","CAPE","surface",-73.9688,19.5224,2588
"2026-09-09 18:00:00","2026-09-10 09:00:00","CAPE","surface",-73.9449,19.5224,2594
"2026-09-09 18:00:00","2026-09-10 09:00:00","CAPE","surface",-73.9209,19.5224,2433
"2026-09-09 18:00:00","2026-09-10 09:00:00","CAPE","surface",-73.897,19.5224,2226
"2026-09-09 18:00:00","2026-09-10 09:00:00","CAPE","surface",-73.8731,19.5224,2125
"2026-09-09 18:00:00","2026-09-10 09:00:00","CAPE","surface",-73.8492,19.5224,1974
"2026-09-09 18:00:00","2026-09-10 09:00:00","CAPE","surface",-73.8252,19.5224,1922
"2026-09-09 18:00:00","2026-09-10 09:00:00","CAPE","surface",-73.8013,19.5224,1807
"2026-09-09 18:00:00","2026-09-10 09:00:00","CAPE","surface",-73.7774,19.5224,1752
"2026-09-09 18:00:00","2026-09-10 09:00:00","CAPE","surface",-73.7535,19.5224,1752
"2026-09-09 18:00:00","2026-09-10 09:00:00","CAPE","surface",-73.7295,19.5224,1783
"2026-09-09 18:00:00","2026-09-10 09:00:00","CAPE","surface",-73.7056,19.5224,1749
"2026-09-09 18:00:00","2026-09-10 09:00:00","CAPE","surface",-73.6817,19.5224,1777
"2026-09-09 18:00:00","2026-09-10 09:00:00","CAPE","surface",-73.6578,19.5224,1663
"2026-09-09 18:00:00","2026-09-10 09:00:00","CAPE","surface",-73.6338,19.5224,1744
"2026-09-09 18:00:00","2026-09-10 09:00:00","CAPE","surface",-73.6099,19.5224,1643
"2026-09-09 18:00:00","2026-09-10 09:00:00","CAPE","surface",-73.586,19.5224,1675
"2026-09-09 18:00:00","2026-09-10 09:00:00","CAPE","surface",-73.5621,19.5224,1654
"2026-09-09 18:00:00","2026-09-10 09:00:00","CAPE","surface",-73.5381,19.5224,1713
"2026-09-09 18:00:00","2026-09-10 09:00:00","CAPE","surface",-73.5142,19.5224,1720
"2026-09-09 18:00:00","2026-09-10 09:00:00","CAPE","surface",-73.4903,19.5224,1807
"2026-09-09 18:00:00","2026-09-10 09:00:00","CAPE","surface",-73.4664,19.5224,1785
"2026-09-09 18:00:00","2026-09-10 09:00:00","CAPE","surface",-73.4424,19.5224,1863
"2026-09-09 18:00:00","2026-09-10 09:00:00","CAPE","surface",-73.4185,19.5224,1816
"2026-09-09 18:00:00","2026-09-10 09:00:00","CAPE","surface",-73.3946,19.5224,1859
"2026-09-09 18:00:00","2026-09-10 09:00:00","CAPE","surface",-73.3707,19.5224,1859
"2026-09-09 18:00:00","2026-09-10 09:00:00","CAPE","surface",-73.3467,19.5224,1909
"2026-09-09 18:00:00","2026-09-10 09:00:00","CAPE","surface",-73.3228,19.5224,2052
"2026-09-09 18:00:00","2026-09-10 09:00:00","CAPE","surface",-73.2989,19.5224,1925
"2026-09-09 18:00:00","2026-09-10 09:00:00","CAPE","surface",-73.275,19.5224,1966
"2026-09-09 18:00:00","2026-09-10 09:00:00","CAPE","surface",-73.251,19.5224,1966
"2026-09-09 18:00:00","2026-09-10 09:00:00","CAPE","surface",-73.2271,19.5224,1861
"2026-09-09 18:00:00","2026-09-10 09:00:00","CAPE","surface",-73.2032,19.5224,1991
"2026-09-09 18:00:00","2026-09-10 09:00:00","CAPE","surface",-73.1793,19.5224,1624
"2026-09-09 18:00:00","2026-09-10 09:00:00","CAPE","surface",-73.1553,19.5224,1780
"2026-09-09 18:00:00","2026-09-10 09:00:00","CAPE","surface",-73.1314,19.5224,1589
"2026-09-09 18:00:00","2026-09-10 09:00:00","CAPE","surface",-73.1075,19.5224,1806
"2026-09-09 18:00:00","2026-09-10 09:00:00","CAPE","surface",-73.0836,19.5224,1704
"2026-09-09 18:00:00","2026-09-10 09:00:00","CAPE","surface",-73.0596,19.5224,1850
"2026-09-09 18:00:00","2026-09-10 09:00:00","CAPE","surface",-73.0357,19.5224,1765
"2026-09-09 18:00:00","2026-09-10 09:00:00","CAPE","surface",-73.0118,19.5224,1765
"2026-09-09 18:00:00","2026-09-10 09:00:00","CAPE","surface",-72.9879,19.5224,1784
"2026-09-09 18:00:00","2026-09-10 09:00:00","CAPE","surface",-72.9639,19.5224,1752
"2026-09-09 18:00:00","2026-09-10 09:00:00","CAPE","surface",-72.94,19.5224,1556
"2026-09-09 18:00:00","2026-09-10 09:00:00","CAPE","surface",-72.9161,19.5224,1423
"2026-09-09 18:00:00","2026-09-10 09:00:00","CAPE","surface",-72.8922,19.5224,675
"2026-09-09 18:00:00","2026-09-10 09:00:00","CAPE","surface",-72.8682,19.5224,687
"2026-09-09 18:00:00","2026-09-10 09:00:00","CAPE","surface",-72.8443,19.5224,590
"2026-09-09 18:00:00","2026-09-10 09:00:00","CAPE","surface",-72.8204,19.5224,637
"2026-09-09 18:00:00","2026-09-10 09:00:00","CAPE","surface",-72.7965,19.5224,776
"2026-09-09 18:00:00","2026-09-10 09:00:00","CAPE","surface",-72.7725,19.5224,764
"2026-09-09 18:00:00","2026-09-10 09:00:00","CAPE","surface",-72.7486,19.5224,741
"2026-09-09 18:00:00","2026-09-10 09:00:00","CAPE","surface",-72.7247,19.5224,662
"2026-09-09 18:00:00","2026-09-10 09:00:00","CAPE","surface",-72.7008,19.5224,545
"2026-09-09 18:00:00","2026-09-10 09:00:00","CAPE","surface",-72.6768,19.5224,509
"2026-09-09 18:00:00","2026-09-10 09:00:00","CAPE","surface",-72.6529,19.5224,517
"2026-09-09 18:00:00","2026-09-10 09:00:00","CAPE","surface",-72.629,19.5224,507
"2026-09-09 18:00:00","2026-09-10 09:00:00","CAPE","surface",-72.6051,19.5224,476
"2026-09-09 18:00:00","2026-09-10 09:00:00","CAPE","surface",-72.5811,19.5224,535
"2026-09-09 18:00:00","2026-09-10 09:00:00","CAPE","surface",-72.5572,19.5224,526
"2026-09-09 18:00:00","2026-09-10 09:00:00","CAPE","surface",-72.5333,19.5224,535
"2026-09-09 18:00:00","2026-09-10 09:00:00","CAPE","surface",-72.5094,19.5224,535
"2026-09-09 18:00:00","2026-09-10 09:00:00","CAPE","surface",-72.4854,19.5224,482
"2026-09-09 18:00:00","2026-09-10 09:00:00","CAPE","surface",-72.4615,19.5224,483
"2026-09-09 18:00:00","2026-09-10 09:00:00","CAPE","surface",-72.4376,19.5224,520
"2026-09-09 18:00:00","2026-09-10 09:00:00","CAPE","surface",-72.4137,19.5224,506
"2026-09-09 18:00:00","2026-09-10 09:00:00","CAPE","surface",-72.3897,19.5224,541
"2026-09-09 18:00:00","2026-09-10 09:00:00","CAPE","surface",-72.3658,19.5224,528
"2026-09-09 18:00:00","2026-09-10 09:00:00","CAPE","surface",-72.3419,19.5224,588
"2026-09-09 18:00:00","2026-09-10 09:00:00","CAPE","surface",-72.318,19.5224,564
"2026-09-09 18:00:00","2026-09-10 09:00:00","CAPE","surface",-72.294,19.5224,546
"2026-09-09 18:00:00","2026-09-10 09:00:00","CAPE","surface",-72.2701,19.5224,546
"2026-09-09 18:00:00","2026-09-10 09:00:00","CAPE","surface",-72.2462,19.5224,478
"2026-09-09 18:00:00","2026-09-10 09:00:00","CAPE","surface",-72.2223,19.5224,452
"2026-09-09 18:00:00","2026-09-10 09:00:00","CAPE","surface",-72.1983,19.5224,321
"2026-09-09 18:00:00","2026-09-10 09:00:00","CAPE","surface",-72.1744,19.5224,329
"2026-09-09 18:00:00","2026-09-10 09:00:00","CAPE","surface",-72.1505,19.5224,299
"2026-09-09 18:00:00","2026-09-10 09:00:00","CAPE","surface",-72.1266,19.5224,298
"2026-09-09 18:00:00","2026-09-10 09:00:00","CAPE","surface",-72.1026,19.5224,335
"2026-09-09 18:00:00","2026-09-10 09:00:00","CAPE","surface",-72.0787,19.5224,536
"2026-09-09 18:00:00","2026-09-10 09:00:00","CAPE","surface",-72.0548,19.5224,564
"2026-09-09 18:00:00","2026-09-10 09:00:00","CAPE","surface",-72.0309,19.5224,563
"2026-09-09 18:00:00","2026-09-10 09:00:00","CAPE","surface",-72.0069,19.5224,565
"2026-09-09 18:00:00","2026-09-10 09:00:00","CAPE","surface",-71.983,19.5224,542
"2026-09-09 18:00:00","2026-09-10 09:00:00","CAPE","surface",-71.9591,19.5224,563
"2026-09-09 18:00:00","2026-09-10 09:00:00","CAPE","surface",-71.9352,19.5224,532
"2026-09-09 18:00:00","2026-09-10 09:00:00","CAPE","surface",-71.9112,19.5224,510
"2026-09-09 18:00:00","2026-09-10 09:00:00","CAPE","surface",-71.8873,19.5224,515
"2026-09-09 18:00:00","2026-09-10 09:00:00","CAPE","surface",-71.8634,19.5224,468
"2026-09-09 18:00:00","2026-09-10 09:00:00","CAPE","surface",-71.8395,19.5224,525
"2026-09-09 18:00:00","2026-09-10 09:00:00","CAPE","surface",-71.8155,19.5224,525
"2026-09-09 18:00:00","2026-09-10 09:00:00","CAPE","surface",-71.7916,19.5224,565
"2026-09-09 18:00:00","2026-09-10 09:00:00","CAPE","surface",-71.7677,19.5224,525
"2026-09-09 18:00:00","2026-09-10 09:00:00","CAPE","surface",-71.7438,19.5224,548
"2026-09-09 18:00:00","2026-09-10 09:00:00","CAPE","surface",-71.7198,19.5224,516
"2026-09-09 18:00:00","2026-09-10 09:00:00","CAPE","surface",-71.6959,19.5224,541
"2026-09-09 18:00:00","2026-09-10 09:00:00","CAPE","surface",-71.672,19.5224,513
"2026-09-09 18:00:00","2026-09-10 09:00:00","CAPE","surface",-71.6481,19.5224,505
"2026-09-09 18:00:00","2026-09-10 09:00:00","CAPE","surface",-71.6241,19.5224,633
"2026-09-09 18:00:00","2026-09-10 09:00:00","CAPE","surface",-71.6002,19.5224,608
"2026-09-09 18:00:00","2026-09-10 09:00:00","CAPE","surface",-71.5763,19.5224,679
"2026-09-09 18:00:00","2026-09-10 09:00:00","CAPE","surface",-71.5524,19.5224,621
"2026-09-09 18:00:00","2026-09-10 09:00:00","CAPE","surface",-71.5284,19.5224,640
"2026-09-09 18:00:00","2026-09-10 09:00:00","CAPE","surface",-71.5045,19.5224,532
"2026-09-09 18:00:00","2026-09-10 09:00:00","CAPE","surface",-71.4806,19.5224,658
"2026-09-09 18:00:00","2026-09-10 09:00:00","CAPE","surface",-71.4567,19.5224,658
"2026-09-09 18:00:00","2026-09-10 09:00:00","CAPE","surface",-71.4327,19.5224,709
"2026-09-09 18:00:00","2026-09-10 09:00:00","CAPE","surface",-71.4088,19.5224,643
"2026-09-09 18:00:00","2026-09-10 09:00:00","CAPE","surface",-71.3849,19.5224,710
"2026-09-09 18:00:00","2026-09-10 09:00:00","CAPE","surface",-71.361,19.5224,710
"2026-09-09 18:00:00","2026-09-10 09:00:00","CAPE","surface",-71.337,19.5224,841
"2026-09-09 18:00:00","2026-09-10 09:00:00","CAPE","surface",-71.3131,19.5224,848
"2026-09-09 18:00:00","2026-09-10 09:00:00","CAPE","surface",-71.2892,19.5224,844
"2026-09-09 18:00:00","2026-09-10 09:00:00","CAPE","surface",-71.2653,19.5224,869
"2026-09-09 18:00:00","2026-09-10 09:00:00","CAPE","surface",-71.2413,19.5224,869
"2026-09-09 18:00:00","2026-09-10 09:00:00","CAPE","surface",-71.2174,19.5224,872
"2026-09-09 18:00:00","2026-09-10 09:00:00","CAPE","surface",-71.1935,19.5224,860
"2026-09-09 18:00:00","2026-09-10 09:00:00","CAPE","surface",-71.1696,19.5224,870
"2026-09-09 18:00:00","2026-09-10 09:00:00","CAPE","surface",-71.1456,19.5224,851
"2026-09-09 18:00:00","2026-09-10 09:00:00","CAPE","surface",-71.1217,19.5224,867
"2026-09-09 18:00:00","2026-09-10 09:00:00","CAPE","surface",-71.0978,19.5224,860
"2026-09-09 18:00:00","2026-09-10 09:00:00","CAPE","surface",-71.0739,19.5224,868
"2026-09-09 18:00:00","2026-09-10 09:00:00","CAPE","surface",-71.0499,19.5224,862
"2026-09-09 18:00:00","2026-09-10 09:00:00","CAPE","surface",-71.026,19.5224,900
"2026-09-09 18:00:00","2026-09-10 09:00:00","CAPE","surface",-71.0021,19.5224,900
"2026-09-09 18:00:00","2026-09-10 09:00:00","CAPE","surface",-70.9782,19.5224,909
"2026-09-09 18:00:00","2026-09-10 09:00:00","CAPE","surface",-70.9542,19.5224,919
"2026-09-09 18:00:00","2026-09-10 09:00:00","CAPE","surface",-70.9303,19.5224,937
"2026-09-09 18:00:00","2026-09-10 09:00:00","CAPE","surface",-70.9064,19.5224,942
"2026-09-09 18:00:00","2026-09-10 09:00:00","CAPE","surface",-70.8825,19.5224,961
"2026-09-09 18:00:00","2026-09-10 09:00:00","CAPE","surface",-70.8585,19.5224,998
"2026-09-09 18:00:00","2026-09-10 09:00:00","CAPE","surface",-70.8346,19.5224,1002
"2026-09-09 18:00:00","2026-09-10 09:00:00","CAPE","surface",-70.8107,19.5224,1052
"2026-09-09 18:00:00","2026-09-10 09:00:00","CAPE","surface",-70.7868,19.5224,1052
"2026-09-09 18:00:00","2026-09-10 09:00:00","CAPE","surface",-70.7628,19.5224,1096
"2026-09-09 18:00:00","2026-09-10 09:00:00","CAPE","surface",-70.7389,19.5224,1127
"2026-09-09 18:00:00","2026-09-10 09:00:00","CAPE","surface",-70.715,19.5224,1150
"2026-09-09 18:00:00","2026-09-10 09:00:00","CAPE","surface",-70.6911,19.5224,1174
"2026-09-09 18:00:00","2026-09-10 09:00:00","CAPE","surface",-70.6671,19.5224,1199
"2026-09-09 18:00:00","2026-09-10 09:00:00","CAPE","surface",-70.6432,19.5224,1189
"2026-09-09 18:00:00","2026-09-10 09:00:00","CAPE","surface",-70.6193,19.5224,1224
"2026-09-09 18:00:00","2026-09-10 09:00:00","CAPE","surface",-70.5954,19.5224,1171
"2026-09-09 18:00:00","2026-09-10 09:00:00","CAPE","surface",-70.5714,19.5224,1171
"2026-09-09 18:00:00","2026-09-10 09:00:00","CAPE","surface",-70.5475,19.5224,1192
"2026-09-09 18:00:00","2026-09-10 09:00:00","CAPE","surface",-70.5236,19.5224,1138
"2026-09-09 18:00:00","2026-09-10 09:00:00","CAPE","surface",-70.4997,19.5224,1244
"2026-09-09 18:00:00","2026-09-10 09:00:00","CAPE","surface",-70.4757,19.5224,1335
"2026-09-09 18:00:00","2026-09-10 09:00:00","CAPE","surface",-70.4518,19.5224,1454
"2026-09-09 18:00:00","2026-09-10 09:00:00","CAPE","surface",-70.4279,19.5224,1442
"2026-09-09 18:00:00","2026-09-10 09:00:00","CAPE","surface",-70.404,19.5224,1319
"2026-09-09 18:00:00","2026-09-10 09:00:00","CAPE","surface",-70.38,19.5224,1095
"2026-09-09 18:00:00","2026-09-10 09:00:00","CAPE","surface",-70.3561,19.5224,1289
"2026-09-09 18:00:00","2026-09-10 09:00:00","CAPE","surface",-70.3322,19.5224,1443
"2026-09-09 18:00:00","2026-09-10 09:00:00","CAPE","surface",-70.3083,19.5224,1360
"2026-09-09 18:00:00","2026-09-10 09:00:00","CAPE","surface",-70.2843,19.5224,1820
"2026-09-09 18:00:00","2026-09-10 09:00:00","CAPE","surface",-70.2604,19.5224,1952
"2026-09-09 18:00:00","2026-09-10 09:00:00","CAPE","surface",-70.2365,19.5224,2261
"2026-09-09 18:00:00","2026-09-10 09:00:00","CAPE","surface",-70.2126,19.5224,2270
"2026-09-09 18:00:00","2026-09-10 09:00:00","CAPE","surface",-70.1886,19.5224,2288
"2026-09-09 18:00:00","2026-09-10 09:00:00","CAPE","surface",-70.1647,19.5224,2379
"2026-09-09 18:00:00","2026-09-10 09:00:00","CAPE","surface",-70.1408,19.5224,2325
"2026-09-09 18:00:00","2026-09-10 09:00:00","CAPE","surface",-70.1169,19.5224,2416
"2026-09-09 18:00:00","2026-09-10 09:00:00","CAPE","surface",-70.0929,19.5224,2387
"2026-09-09 18:00:00","2026-09-10 09:00:00","CAPE","surface",-70.069,19.5224,2445
"2026-09-09 18:00:00","2026-09-10 09:00:00","CAPE","surface",-70.0451,19.5224,2490
"2026-09-09 18:00:00","2026-09-10 09:00:00","CAPE","surface",-70.0212,19.5224,2523
"2026-09-09 18:00:00","2026-09-10 09:00:00","CAPE","surface",-69.9972,19.5224,2581
"2026-09-09 18:00:00","2026-09-10 09:00:00","CAPE","surface",-69.9733,19.5224,2589
"2026-09-09 18:00:00","2026-09-10 09:00:00","CAPE","surface",-69.9494,19.5224,2564
"2026-09-09 18:00:00","2026-09-10 09:00:00","CAPE","surface",-69.9255,19.5224,2577
"2026-09-09 18:00:00","2026-09-10 09:00:00","CAPE","surface",-69.9015,19.5224,2538
"2026-09-09 18:00:00","2026-09-10 09:00:00","CAPE","surface",-69.8776,19.5224,2902
"2026-09-09 18:00:00","2026-09-10 09:00:00","CAPE","surface",-69.8537,19.5224,3207
"2026-09-09 18:00:00","2026-09-10 09:00:00","CAPE","surface",-69.8298,19.5224,2460
"2026-09-09 18:00:00","2026-09-10 09:00:00","CAPE","surface",-69.8058,19.5224,2460
"2026-09-09 18:00:00","2026-09-10 09:00:00","CAPE","surface",-69.7819,19.5224,2480
"2026-09-09 18:00:00","2026-09-10 09:00:00","CAPE","surface",-69.758,19.5224,2537
"2026-09-09 18:00:00","2026-09-10 09:00:00","CAPE","surface",-69.7341,19.5224,2595
"2026-09-09 18:00:00","2026-09-10 09:00:00","CAPE","surface",-69.7101,19.5224,2663
"2026-09-09 18:00:00","2026-09-10 09:00:00","CAPE","surface",-69.6862,19.5224,2705
"2026-09-09 18:00:00","2026-09-10 09:00:00","CAPE","surface",-69.6623,19.5224,2726
"2026-09-09 18:00:00","2026-09-10 09:00:00","CAPE","surface",-69.6384,19.5224,2675
"2026-09-09 18:00:00","2026-09-10 09:00:00","CAPE","surface",-69.6144,19.5224,2736
"2026-09-09 18:00:00","2026-09-10 09:00:00","CAPE","surface",-69.5905,19.5224,2683
"2026-09-09 18:00:00","2026-09-10 09:00:00","CAPE","surface",-69.5666,19.5224,2590
"2026-09-09 18:00:00","2026-09-10 09:00:00","CAPE","surface",-69.5427,19.5224,2490
"2026-09-09 18:00:00","2026-09-10 09:00:00","CAPE","surface",-69.5187,19.5224,2431
"2026-09-09 18:00:00","2026-09-10 09:00:00","CAPE","surface",-69.4948,19.5224,2461
"2026-09-09 18:00:00","2026-09-10 09:00:00","CAPE","surface",-69.4709,19.5224,2425
"2026-09-09 18:00:00","2026-09-10 09:00:00","CAPE","surface",-69.447,19.5224,2511
"2026-09-09 18:00:00","2026-09-10 09:00:00","CAPE","surface",-69.423,19.5224,2507
"2026-09-09 18:00:00","2026-09-10 09:00:00","CAPE","surface",-69.3991,19.5224,2638
"2026-09-09 18:00:00","2026-09-10 09:00:00","CAPE","surface",-69.3752,19.5224,2637
"2026-09-09 18:00:00","2026-09-10 09:00:00","CAPE","surface",-69.3513,19.5224,2678
"2026-09-09 18:00:00","2026-09-10 09:00:00","CAPE","surface",-69.3273,19.5224,2642
"2026-09-09 18:00:00","2026-09-10 09:00:00","CAPE","surface",-69.3034,19.5224,2596
"2026-09-09 18:00:00","2026-09-10 09:00:00","CAPE","surface",-69.2795,19.5224,2596
"2026-09-09 18:00:00","2026-09-10 09:00:00","CAPE","surface",-69.2556,19.5224,2722
"2026-09-09 18:00:00","2026-09-10 09:00:00","CAPE","surface",-69.2316,19.5224,2945
"2026-09-09 18:00:00","2026-09-10 09:00:00","CAPE","surface",-69.2077,19.5224,2990
"2026-09-09 18:00:00","2026-09-10 09:00:00","CAPE","surface",-69.1838,19.5224,2950
"2026-09-09 18:00:00","2026-09-10 09:00:00","CAPE","surface",-69.1599,19.5224,3039
"2026-09-09 18:00:00","2026-09-10 09:00:00","CAPE","surface",-69.1359,19.5224,2979
"2026-09-09 18:00:00","2026-09-10 09:00:00","CAPE","surface",-69.112,19.5224,3001
"2026-09-09 18:00:00","2026-09-10 09:00:00","CAPE","surface",-69.0881,19.5224,2908
"2026-09-09 18:00:00","2026-09-10 09:00:00","CAPE","surface",-69.0642,19.5224,2884
"2026-09-09 18:00:00","2026-09-10 09:00:00","CAPE","surface",-69.0402,19.5224,2896
"2026-09-09 18:00:00","2026-09-10 09:00:00","CAPE","surface",-69.0163,19.5224,2904
"2026-09-09 18:00:00","2026-09-10 09:00:00","CAPE","surface",-68.9924,19.5224,2863
"2026-09-09 18:00:00","2026-09-10 09:00:00","CAPE","surface",-68.9685,19.5224,2825
"2026-09-09 18:00:00","2026-09-10 09:00:00","CAPE","surface",-68.9445,19.5224,2794
"2026-09-09 18:00:00","2026-09-10 09:00:00","CAPE","surface",-68.9206,19.5224,2741
"2026-09-09 18:00:00","2026-09-10 09:00:00","CAPE","surface",-68.8967,19.5224,2762
"2026-09-09 18:00:00","2026-09-10 09:00:00","CAPE","surface",-68.8728,19.5224,2760
"2026-09-09 18:00:00","2026-09-10 09:00:00","CAPE","surface",-68.8488,19.5224,2778
"2026-09-09 18:00:00","2026-09-10 09:00:00","CAPE","surface",-68.8249,19.5224,2777
"2026-09-09 18:00:00","2026-09-10 09:00:00","CAPE","surface",-68.801,19.5224,2769
"2026-09-09 18:00:00","2026-09-10 09:00:00","CAPE","surface",-68.7771,19.5224,2758
"2026-09-09 18:00:00","2026-09-10 09:00:00","CAPE","surface",-68.7531,19.5224,2774
"2026-09-09 18:00:00","2026-09-10 09:00:00","CAPE","surface",-68.7292,19.5224,2796
"2026-09-09 18:00:00","2026-09-10 09:00:00","CAPE","surface",-68.7053,19.5224,2732
"2026-09-09 18:00:00","2026-09-10 09:00:00","CAPE","surface",-68.6813,19.5224,2732
"2026-09-09 18:00:00","2026-09-10 09:00:00","CAPE","surface",-68.6574,19.5224,2671
"2026-09-09 18:00:00","2026-09-10 09:00:00","CAPE","surface",-68.6335,19.5224,2662
"2026-09-09 18:00:00","2026-09-10 09:00:00","CAPE","surface",-68.6096,19.5224,2689
"2026-09-09 18:00:00","2026-09-10 09:00:00","CAPE","surface",-68.5856,19.5224,2758
"2026-09-09 18:00:00","2026-09-10 09:00:00","CAPE","surface",-68.5617,19.5224,2788
"2026-09-09 18:00:00","2026-09-10 09:00:00","CAPE","surface",-68.5378,19.5224,2893
"2026-09-09 18:00:00","2026-09-10 09:00:00","CAPE","surface",-68.5139,19.5224,2935
"2026-09-09 18:00:00","2026-09-10 09:00:00","CAPE","surface",-68.4899,19.5224,2940
"2026-09-09 18:00:00","2026-09-10 09:00:00","CAPE","surface",-68.466,19.5224,2940
"2026-09-09 18:00:00","2026-09-10 09:00:00","CAPE","surface",-68.4421,19.5224,2981
"2026-09-09 18:00:00","2026-09-10 09:00:00","CAPE","surface",-68.4182,19.5224,3025
"2026-09-09 18:00:00","2026-09-10 09:00:00","CAPE","surface",-68.3942,19.5224,3118
"2026-09-09 18:00:00","2026-09-10 09:00:00","CAPE","surface",-68.3703,19.5224,3118
"2026-09-09 18:00:00","2026-09-10 09:00:00","CAPE","surface",-68.3464,19.5224,3204
"2026-09-09 18:00:00","2026-09-10 09:00:00","CAPE","surface",-68.3225,19.5224,3169
"2026-09-09 18:00:00","2026-09-10 09:00:00","CAPE","surface",-68.2985,19.5224,3149
"2026-09-09 18:00:00","2026-09-10 09:00:00","CAPE","surface",-68.2746,19.5224,3126
"2026-09-09 18:00:00","2026-09-10 09:00:00","CAPE","surface",-68.2507,19.5224,3116
"2026-09-09 18:00:00","2026-09-10 09:00:00","CAPE","surface",-68.2268,19.5224,3087
"2026-09-09 18:00:00","2026-09-10 09:00:00","CAPE","surface",-68.2028,19.5224,3074
"2026-09-09 18:00:00","2026-09-10 09:00:00","CAPE","surface",-68.1789,19.5224,3328
"2026-09-09 18:00:00","2026-09-10 09:00:00","CAPE","surface",-68.155,19.5224,3335
"2026-09-09 18:00:00","2026-09-10 09:00:00","CAPE","surface",-68.1311,19.5224,3531
"2026-09-09 18:00:00","2026-09-10 09:00:00","CAPE","surface",-68.1071,19.5224,3445
"2026-09-09 18:00:00","2026-09-10 09:00:00","CAPE","surface",-68.0832,19.5224,3445
"2026-09-09 18:00:00","2026-09-10 09:00:00","CAPE","surface",-68.0593,19.5224,3369
"2026-09-09 18:00:00","2026-09-10 09:00:00","CAPE","surface",-68.0354,19.5224,3450
"2026-09-09 18:00:00","2026-09-10 09:00:00","CAPE","surface",-68.0114,19.5224,3537
"2026-09-09 18:00:00","2026-09-10 09:00:00","CAPE","surface",-67.9875,19.5224,3457
"2026-09-09 18:00:00","2026-09-10 09:00:00","CAPE","surface",-67.9636,19.5224,3532
"2026-09-09 18:00:00","2026-09-10 09:00:00","CAPE","surface",-67.9397,19.5224,3341
"2026-09-09 18:00:00","2026-09-10 09:00:00","CAPE","surface",-67.9157,19.5224,3170
"2026-09-09 18:00:00","2026-09-10 09:00:00","CAPE","surface",-67.8918,19.5224,2959
"2026-09-09 18:00:00","2026-09-10 09:00:00","CAPE","surface",-67.8679,19.5224,2959
"2026-09-09 18:00:00","2026-09-10 09:00:00","CAPE","surface",-67.844,19.5224,2837
"2026-09-09 18:00:00","2026-09-10 09:00:00","CAPE","surface",-67.82,19.5224,2862
"2026-09-09 18:00:00","2026-09-10 09:00:00","CAPE","surface",-67.7961,19.5224,2840
"2026-09-09 18:00:00","2026-09-10 09:00:00","CAPE","surface",-67.7722,19.5224,2840
"2026-09-09 18:00:00","2026-09-10 09:00:00","CAPE","surface",-67.7483,19.5224,2727
"2026-09-09 18:00:00","2026-09-10 09:00:00","CAPE","surface",-67.7243,19.5224,2691
"2026-09-09 18:00:00","2026-09-10 09:00:00","CAPE","surface",-67.7004,19.5224,2707
"2026-09-09 18:00:00","2026-09-10 09:00:00","CAPE","surface",-67.6765,19.5224,2842
"2026-09-09 18:00:00","2026-09-10 09:00:00","CAPE","surface",-67.6526,19.5224,2808
"2026-09-09 18:00:00","2026-09-10 09:00:00","CAPE","surface",-67.6286,19.5224,2445
"2026-09-09 18:00:00","2026-09-10 09:00:00","CAPE","surface",-67.6047,19.5224,2391
"2026-09-09 18:00:00","2026-09-10 09:00:00","CAPE","surface",-67.5808,19.5224,2233
"2026-09-09 18:00:00","2026-09-10 09:00:00","CAPE","surface",-67.5569,19.5224,2227
"2026-09-09 18:00:00","2026-09-10 09:00:00","CAPE","surface",-67.5329,19.5224,2068
"2026-09-09 18:00:00","2026-09-10 09:00:00","CAPE","surface",-67.509,19.5224,1858
"2026-09-09 18:00:00","2026-09-10 09:00:00","CAPE","surface",-67.4851,19.5224,1858
"2026-09-09 18:00:00","2026-09-10 09:00:00","CAPE","surface",-67.4612,19.5224,1668
"2026-09-09 18:00:00","2026-09-10 09:00:00","CAPE","surface",-67.4372,19.5224,1822
"2026-09-09 18:00:00","2026-09-10 09:00:00","CAPE","surface",-67.4133,19.5224,1889
"2026-09-09 18:00:00","2026-09-10 09:00:00","CAPE","surface",-67.3894,19.5224,1889
"2026-09-09 18:00:00","2026-09-10 09:00:00","CAPE","surface",-67.3655,19.5224,2041
"2026-09-09 18:00:00","2026-09-10 09:00:00","CAPE","surface",-67.3415,19.5224,2209
"2026-09-09 18:00:00","2026-09-10 09:00:00","CAPE","surface",-67.3176,19.5224,2363
"2026-09-09 18:00:00","2026-09-10 09:00:00","CAPE","surface",-67.2937,19.5224,2407
"2026-09-09 18:00:00","2026-09-10 09:00:00","CAPE","surface",-67.2698,19.5224,2528
"2026-09-09 18:00:00","2026-09-10 09:00:00","CAPE","surface",-67.2458,19.5224,2508
"2026-09-09 18:00:00","2026-09-10 09:00:00","CAPE","surface",-67.2219,19.5224,2708
"2026-09-09 18:00:00","2026-09-10 09:00:00","CAPE","surface",-67.198,19.5224,2552
"2026-09-09 18:00:00","2026-09-10 09:00:00","CAPE","surface",-67.1741,19.5224,2832
"2026-09-09 18:00:00","2026-09-10 09:00:00","CAPE","surface",-67.1501,19.5224,2927
"2026-09-09 18:00:00","2026-09-10 09:00:00","CAPE","surface",-67.1262,19.5224,2984
"2026-09-09 18:00:00","2026-09-10 09:00:00","CAPE","surface",-67.1023,19.5224,2984
"2026-09-09 18:00:00","2026-09-10 09:00:00","CAPE","surface",-67.0784,19.5224,2962
"2026-09-09 18:00:00","2026-09-10 09:00:00","CAPE","surface",-67.0544,19.5224,2912
"2026-09-09 18:00:00","2026-09-10 09:00:00","CAPE","surface",-67.0305,19.5224,2774
"2026-09-09 18:00:00","2026-09-10 09:00:00","CAPE","surface",-67.0066,19.5224,2774
"2026-09-09 18:00:00","2026-09-10 09:00:00","CAPE","surface",-74.7822,19.545,2417
"2026-09-09 18:00:00","2026-09-10 09:00:00","CAPE","surface",-74.7583,19.545,2427
"2026-09-09 18:00:00","2026-09-10 09:00:00","CAPE","surface",-74.7344,19.545,2510
"2026-09-09 18:00:00","2026-09-10 09:00:00","CAPE","surface",-74.7105,19.545,2557
"2026-09-09 18:00:00","2026-09-10 09:00:00","CAPE","surface",-74.6865,19.545,2618
"2026-09-09 18:00:00","2026-09-10 09:00:00","CAPE","surface",-74.6626,19.545,2571
"2026-09-09 18:00:00","2026-09-10 09:00:00","CAPE","surface",-74.6387,19.545,2651
"2026-09-09 18:00:00","2026-09-10 09:00:00","CAPE","surface",-74.6148,19.545,2514
"2026-09-09 18:00:00","2026-09-10 09:00:00","CAPE","surface",-74.5908,19.545,2600
"2026-09-09 18:00:00","2026-09-10 09:00:00","CAPE","surface",-74.5669,19.545,2569
"2026-09-09 18:00:00","2026-09-10 09:00:00","CAPE","surface",-74.543,19.545,2677
"2026-09-09 18:00:00","2026-09-10 09:00:00","CAPE","surface",-74.5191,19.545,2679
"2026-09-09 18:00:00","2026-09-10 09:00:00","CAPE","surface",-74.4951,19.545,2809
"2026-09-09 18:00:00","2026-09-10 09:00:00","CAPE","surface",-74.4712,19.545,2658
"2026-09-09 18:00:00","2026-09-10 09:00:00","CAPE","surface",-74.4473,19.545,2777
"2026-09-09 18:00:00","2026-09-10 09:00:00","CAPE","surface",-74.4234,19.545,2759
"2026-09-09 18:00:00","2026-09-10 09:00:00","CAPE","surface",-74.3994,19.545,2823
"2026-09-09 18:00:00","2026-09-10 09:00:00","CAPE","surface",-74.3755,19.545,2660
"2026-09-09 18:00:00","2026-09-10 09:00:00","CAPE","surface",-74.3516,19.545,2660
"2026-09-09 18:00:00","2026-09-10 09:00:00","CAPE","surface",-74.3277,19.545,2418
"2026-09-09 18:00:00","2026-09-10 09:00:00","CAPE","surface",-74.3037,19.545,2416
"2026-09-09 18:00:00","2026-09-10 09:00:00","CAPE","surface",-74.2798,19.545,2423
"2026-09-09 18:00:00","2026-09-10 09:00:00","CAPE","surface",-74.2559,19.545,2562
"2026-09-09 18:00:00","2026-09-10 09:00:00","CAPE","surface",-74.232,19.545,2857
"2026-09-09 18:00:00","2026-09-10 09:00:00","CAPE","surface",-74.208,19.545,2857
"2026-09-09 18:00:00","2026-09-10 09:00:00","CAPE","surface",-74.1841,19.545,2973
"2026-09-09 18:00:00","2026-09-10 09:00:00","CAPE","surface",-74.1602,19.545,2947
"2026-09-09 18:00:00","2026-09-10 09:00:00","CAPE","surface",-74.1363,19.545,2899
"2026-09-09 18:00:00","2026-09-10 09:00:00","CAPE","surface",-74.1123,19.545,2838
"2026-09-09 18:00:00","2026-09-10 09:00:00","CAPE","surface",-74.0884,19.545,2893
"2026-09-09 18:00:00","2026-09-10 09:00:00","CAPE","surface",-74.0645,19.545,2805
"2026-09-09 18:00:00","2026-09-10 09:00:00","CAPE","surface",-74.0406,19.545,2710
"2026-09-09 18:00:00","2026-09-10 09:00:00","CAPE","surface",-74.0166,19.545,2639
"2026-09-09 18:00:00","2026-09-10 09:00:00","CAPE","surface",-73.9927,19.545,2584
"2026-09-09 18:00:00","2026-09-10 09:00:00","CAPE","surface",-73.9688,19.545,2588
"2026-09-09 18:00:00","2026-09-10 09:00:00","CAPE","surface",-73.9449,19.545,2596
"2026-09-09 18:00:00","2026-09-10 09:00:00","CAPE","surface",-73.9209,19.545,2563
"2026-09-09 18:00:00","2026-09-10 09:00:00","CAPE","surface",-73.897,19.545,2327
"2026-09-09 18:00:00","2026-09-10 09:00:00","CAPE","surface",-73.8731,19.545,2125
"2026-09-09 18:00:00","2026-09-10 09:00:00","CAPE","surface",-73.8492,19.545,2034
"2026-09-09 18:00:00","2026-09-10 09:00:00","CAPE","surface",-73.8252,19.545,2034
"2026-09-09 18:00:00","2026-09-10 09:00:00","CAPE","surface",-73.8013,19.545,1900
"2026-09-09 18:00:00","2026-09-10 09:00:00","CAPE","surface",-73.7774,19.545,1816
"2026-09-09 18:00:00","2026-09-10 09:00:00","CAPE","surface",-73.7535,19.545,1820
"2026-09-09 18:00:00","2026-09-10 09:00:00","CAPE","surface",-73.7295,19.545,1846
"2026-09-09 18:00:00","2026-09-10 09:00:00","CAPE","surface",-73.7056,19.545,1846
"2026-09-09 18:00:00","2026-09-10 09:00:00","CAPE","surface",-73.6817,19.545,1900
"2026-09-09 18:00:00","2026-09-10 09:00:00","CAPE","surface",-73.6578,19.545,1868
"2026-09-09 18:00:00","2026-09-10 09:00:00","CAPE","surface",-73.6338,19.545,1809
"2026-09-09 18:00:00","2026-09-10 09:00:00","CAPE","surface",-73.6099,19.545,1730
"2026-09-09 18:00:00","2026-09-10 09:00:00","CAPE","surface",-73.586,19.545,1753
"2026-09-09 18:00:00","2026-09-10 09:00:00","CAPE","surface",-73.5621,19.545,1753
"2026-09-09 18:00:00","2026-09-10 09:00:00","CAPE","surface",-73.5381,19.545,1855
"2026-09-09 18:00:00","2026-09-10 09:00:00","CAPE","surface",-73.5142,19.545,1827
"2026-09-09 18:00:00","2026-09-10 09:00:00","CAPE","surface",-73.4903,19.545,1992
"2026-09-09 18:00:00","2026-09-10 09:00:00","CAPE","surface",-73.4664,19.545,1931
"2026-09-09 18:00:00","2026-09-10 09:00:00","CAPE","surface",-73.4424,19.545,2146
"2026-09-09 18:00:00","2026-09-10 09:00:00","CAPE","surface",-73.4185,19.545,2070
"2026-09-09 18:00:00","2026-09-10 09:00:00","CAPE","surface",-73.3946,19.545,2154
"2026-09-09 18:00:00","2026-09-10 09:00:00","CAPE","surface",-73.3707,19.545,2043
"2026-09-09 18:00:00","2026-09-10 09:00:00","CAPE","surface",-73.3467,19.545,2138
"2026-09-09 18:00:00","2026-09-10 09:00:00","CAPE","surface",-73.3228,19.545,2138
"2026-09-09 18:00:00","2026-09-10 09:00:00","CAPE","surface",-73.2989,19.545,1736
"2026-09-09 18:00:00","2026-09-10 09:00:00","CAPE","surface",-73.275,19.545,1869
"2026-09-09 18:00:00","2026-09-10 09:00:00","CAPE","surface",-73.251,19.545,1675
"2026-09-09 18:00:00","2026-09-10 09:00:00","CAPE","surface",-73.2271,19.545,1861
"2026-09-09 18:00:00","2026-09-10 09:00:00","CAPE","surface",-73.2032,19.545,1467
"2026-09-09 18:00:00","2026-09-10 09:00:00","CAPE","surface",-73.1793,19.545,1533
"2026-09-09 18:00:00","2026-09-10 09:00:00","CAPE","surface",-73.1553,19.545,1482
"2026-09-09 18:00:00","2026-09-10 09:00:00","CAPE","surface",-73.1314,19.545,1589
"2026-09-09 18:00:00","2026-09-10 09:00:00","CAPE","surface",-73.1075,19.545,1422
"2026-09-09 18:00:00","2026-09-10 09:00:00","CAPE","surface",-73.0836,19.545,1422
"2026-09-09 18:00:00","2026-09-10 09:00:00","CAPE","surface",-73.0596,19.545,1391
"2026-09-09 18:00:00","2026-09-10 09:00:00","CAPE","surface",-73.0357,19.545,1608
"2026-09-09 18:00:00","2026-09-10 09:00:00","CAPE","surface",-73.0118,19.545,1662
"2026-09-09 18:00:00","2026-09-10 09:00:00","CAPE","surface",-72.9879,19.545,1784
"2026-09-09 18:00:00","2026-09-10 09:00:00","CAPE","surface",-72.9639,19.545,1552
"2026-09-09 18:00:00","2026-09-10 09:00:00","CAPE","surface",-72.94,19.545,1004
"2026-09-09 18:00:00","2026-09-10 09:00:00","CAPE","surface",-72.9161,19.545,1072
"2026-09-09 18:00:00","2026-09-10 09:00:00","CAPE","surface",-72.8922,19.545,640
"2026-09-09 18:00:00","2026-09-10 09:00:00","CAPE","surface",-72.8682,19.545,660
"2026-09-09 18:00:00","2026-09-10 09:00:00","CAPE","surface",-72.8443,19.545,701
"2026-09-09 18:00:00","2026-09-10 09:00:00","CAPE","surface",-72.8204,19.545,701
"2026-09-09 18:00:00","2026-09-10 09:00:00","CAPE","surface",-72.7965,19.545,775
"2026-09-09 18:00:00","2026-09-10 09:00:00","CAPE","surface",-72.7725,19.545,755
"2026-09-09 18:00:00","2026-09-10 09:00:00","CAPE","surface",-72.7486,19.545,688
"2026-09-09 18:00:00","2026-09-10 09:00:00","CAPE","surface",-72.7247,19.545,618
"2026-09-09 18:00:00","2026-09-10 09:00:00","CAPE","surface",-72.7008,19.545,587
"2026-09-09 18:00:00","2026-09-10 09:00:00","CAPE","surface",-72.6768,19.545,531
"2026-09-09 18:00:00","2026-09-10 09:00:00","CAPE","surface",-72.6529,19.545,508
"2026-09-09 18:00:00","2026-09-10 09:00:00","CAPE","surface",-72.629,19.545,507
"2026-09-09 18:00:00","2026-09-10 09:00:00","CAPE","surface",-72.6051,19.545,532
"2026-09-09 18:00:00","2026-09-10 09:00:00","CAPE","surface",-72.5811,19.545,532
"2026-09-09 18:00:00","2026-09-10 09:00:00","CAPE","surface",-72.5572,19.545,537
"2026-09-09 18:00:00","2026-09-10 09:00:00","CAPE","surface",-72.5333,19.545,528
"2026-09-09 18:00:00","2026-09-10 09:00:00","CAPE","surface",-72.5094,19.545,495
"2026-09-09 18:00:00","2026-09-10 09:00:00","CAPE","surface",-72.4854,19.545,482
"2026-09-09 18:00:00","2026-09-10 09:00:00","CAPE","surface",-72.4615,19.545,513
"2026-09-09 18:00:00","2026-09-10 09:00:00","CAPE","surface",-72.4376,19.545,514
"2026-09-09 18:00:00","2026-09-10 09:00:00","CAPE","surface",-72.4137,19.545,525
"2026-09-09 18:00:00","2026-09-10 09:00:00","CAPE","surface",-72.3897,19.545,541
"2026-09-09 18:00:00","2026-09-10 09:00:00","CAPE","surface",-72.3658,19.545,580
"2026-09-09 18:00:00","2026-09-10 09:00:00","CAPE","surface",-72.3419,19.545,578
"2026-09-09 18:00:00","2026-09-10 09:00:00","CAPE","surface",-72.318,19.545,591
"2026-09-09 18:00:00","2026-09-10 09:00:00","CAPE","surface",-72.294,19.545,489
"2026-09-09 18:00:00","2026-09-10 09:00:00","CAPE","surface",-72.2701,19.545,489
"2026-09-09 18:00:00","2026-09-10 09:00:00","CAPE","surface",-72.2462,19.545,398
"2026-09-09 18:00:00","2026-09-10 09:00:00","CAPE","surface",-72.2223,19.545,398
"2026-09-09 18:00:00","2026-09-10 09:00:00","CAPE","surface",-72.1983,19.545,323
"2026-09-09 18:00:00","2026-09-10 09:00:00","CAPE","surface",-72.1744,19.545,290
"2026-09-09 18:00:00","2026-09-10 09:00:00","CAPE","surface",-72.1505,19.545,296
"2026-09-09 18:00:00","2026-09-10 09:00:00","CAPE","surface",-72.1266,19.545,298
"2026-09-09 18:00:00","2026-09-10 09:00:00","CAPE","surface",-72.1026,19.545,390
"2026-09-09 18:00:00","2026-09-10 09:00:00","CAPE","surface",-72.0787,19.545,457
"2026-09-09 18:00:00","2026-09-10 09:00:00","CAPE","surface",-72.0548,19.545,562
"2026-09-09 18:00:00","2026-09-10 09:00:00","CAPE","surface",-72.0309,19.545,563
"2026-09-09 18:00:00","2026-09-10 09:00:00","CAPE","surface",-72.0069,19.545,484
"2026-09-09 18:00:00","2026-09-10 09:00:00","CAPE","surface",-71.983,19.545,484
"2026-09-09 18:00:00","2026-09-10 09:00:00","CAPE","surface",-71.9591,19.545,473
"2026-09-09 18:00:00","2026-09-10 09:00:00","CAPE","surface",-71.9352,19.545,532
"2026-09-09 18:00:00","2026-09-10 09:00:00","CAPE","surface",-71.9112,19.545,548
"2026-09-09 18:00:00","2026-09-10 09:00:00","CAPE","surface",-71.8873,19.545,612
"2026-09-09 18:00:00","2026-09-10 09:00:00","CAPE","surface",-71.8634,19.545,612
"2026-09-09 18:00:00","2026-09-10 09:00:00","CAPE","surface",-71.8395,19.545,637
"2026-09-09 18:00:00","2026-09-10 09:00:00","CAPE","surface",-71.8155,19.545,604
"2026-09-09 18:00:00","2026-09-10 09:00:00","CAPE","surface",-71.7916,19.545,615
"2026-09-09 18:00:00","2026-09-10 09:00:00","CAPE","surface",-71.7677,19.545,615
"2026-09-09 18:00:00","2026-09-10 09:00:00","CAPE","surface",-71.7438,19.545,638
"2026-09-09 18:00:00","2026-09-10 09:00:00","CAPE","surface",-71.7198,19.545,607
"2026-09-09 18:00:00","2026-09-10 09:00:00","CAPE","surface",-71.6959,19.545,570
"2026-09-09 18:00:00","2026-09-10 09:00:00","CAPE","surface",-71.672,19.545,513
"2026-09-09 18:00:00","2026-09-10 09:00:00","CAPE","surface",-71.6481,19.545,583
"2026-09-09 18:00:00","2026-09-10 09:00:00","CAPE","surface",-71.6241,19.545,619
"2026-09-09 18:00:00","2026-09-10 09:00:00","CAPE","surface",-71.6002,19.545,724
"2026-09-09 18:00:00","2026-09-10 09:00:00","CAPE","surface",-71.5763,19.545,679
"2026-09-09 18:00:00","2026-09-10 09:00:00","CAPE","surface",-71.5524,19.545,752
"2026-09-09 18:00:00","2026-09-10 09:00:00","CAPE","surface",-71.5284,19.545,752
"2026-09-09 18:00:00","2026-09-10 09:00:00","CAPE","surface",-71.5045,19.545,872
"2026-09-09 18:00:00","2026-09-10 09:00:00","CAPE","surface",-71.4806,19.545,865
"2026-09-09 18:00:00","2026-09-10 09:00:00","CAPE","surface",-71.4567,19.545,794
"2026-09-09 18:00:00","2026-09-10 09:00:00","CAPE","surface",-71.4327,19.545,791
"2026-09-09 18:00:00","2026-09-10 09:00:00","CAPE","surface",-71.4088,19.545,791
"2026-09-09 18:00:00","2026-09-10 09:00:00","CAPE","surface",-71.3849,19.545,859
"2026-09-09 18:00:00","2026-09-10 09:00:00","CAPE","surface",-71.361,19.545,849
"2026-09-09 18:00:00","2026-09-10 09:00:00","CAPE","surface",-71.337,19.545,862
"2026-09-09 18:00:00","2026-09-10 09:00:00","CAPE","surface",-71.3131,19.545,862
"2026-09-09 18:00:00","2026-09-10 09:00:00","CAPE","surface",-71.2892,19.545,868
"2026-09-09 18:00:00","2026-09-10 09:00:00","CAPE","surface",-71.2653,19.545,868
"2026-09-09 18:00:00","2026-09-10 09:00:00","CAPE","surface",-71.2413,19.545,877
"2026-09-09 18:00:00","2026-09-10 09:00:00","CAPE","surface",-71.2174,19.545,872
"2026-09-09 18:00:00","2026-09-10 09:00:00","CAPE","surface",-71.1935,19.545,869
"2026-09-09 18:00:00","2026-09-10 09:00:00","CAPE","surface",-71.1696,19.545,873
"2026-09-09 18:00:00","2026-09-10 09:00:00","CAPE","surface",-71.1456,19.545,868
"2026-09-09 18:00:00","2026-09-10 09:00:00","CAPE","surface",-71.1217,19.545,860
"2026-09-09 18:00:00","2026-09-10 09:00:00","CAPE","surface",-71.0978,19.545,866
"2026-09-09 18:00:00","2026-09-10 09:00:00","CAPE","surface",-71.0739,19.545,855
"2026-09-09 18:00:00","2026-09-10 09:00:00","CAPE","surface",-71.0499,19.545,871
"2026-09-09 18:00:00","2026-09-10 09:00:00","CAPE","surface",-71.026,19.545,869
"2026-09-09 18:00:00","2026-09-10 09:00:00","CAPE","surface",-71.0021,19.545,888
"2026-09-09 18:00:00","2026-09-10 09:00:00","CAPE","surface",-70.9782,19.545,903
"2026-09-09 18:00:00","2026-09-10 09:00:00","CAPE","surface",-70.9542,19.545,903
"2026-09-09 18:00:00","2026-09-10 09:00:00","CAPE","surface",-70.9303,19.545,925
"2026-09-09 18:00:00","2026-09-10 09:00:00","CAPE","surface",-70.9064,19.545,942
"2026-09-09 18:00:00","2026-09-10 09:00:00","CAPE","surface",-70.8825,19.545,991
"2026-09-09 18:00:00","2026-09-10 09:00:00","CAPE","surface",-70.8585,19.545,991
"2026-09-09 18:00:00","2026-09-10 09:00:00","CAPE","surface",-70.8346,19.545,1034
"2026-09-09 18:00:00","2026-09-10 09:00:00","CAPE","surface",-70.8107,19.545,1045
"2026-09-09 18:00:00","2026-09-10 09:00:00","CAPE","surface",-70.7868,19.545,1072
"2026-09-09 18:00:00","2026-09-10 09:00:00","CAPE","surface",-70.7628,19.545,1088
"2026-09-09 18:00:00","2026-09-10 09:00:00","CAPE","surface",-70.7389,19.545,1088
"2026-09-09 18:00:00","2026-09-10 09:00:00","CAPE","surface",-70.715,19.545,1137
"2026-09-09 18:00:00","2026-09-10 09:00:00","CAPE","surface",-70.6911,19.545,1172
"2026-09-09 18:00:00","2026-09-10 09:00:00","CAPE","surface",-70.6671,19.545,1158
"2026-09-09 18:00:00","2026-09-10 09:00:00","CAPE","surface",-70.6432,19.545,1158
"2026-09-09 18:00:00","2026-09-10 09:00:00","CAPE","surface",-70.6193,19.545,1018
"2026-09-09 18:00:00","2026-09-10 09:00:00","CAPE","surface",-70.5954,19.545,1082
"2026-09-09 18:00:00","2026-09-10 09:00:00","CAPE","surface",-70.5714,19.545,1153
"2026-09-09 18:00:00","2026-09-10 09:00:00","CAPE","surface",-70.5475,19.545,1192
"2026-09-09 18:00:00","2026-09-10 09:00:00","CAPE","surface",-70.5236,19.545,1303
"2026-09-09 18:00:00","2026-09-10 09:00:00","CAPE","surface",-70.4997,19.545,1236
"2026-09-09 18:00:00","2026-09-10 09:00:00","CAPE","surface",-70.4757,19.545,1436
"2026-09-09 18:00:00","2026-09-10 09:00:00","CAPE","surface",-70.4518,19.545,1522
"2026-09-09 18:00:00","2026-09-10 09:00:00","CAPE","surface",-70.4279,19.545,1552
"2026-09-09 18:00:00","2026-09-10 09:00:00","CAPE","surface",-70.404,19.545,1575
"2026-09-09 18:00:00","2026-09-10 09:00:00","CAPE","surface",-70.38,19.545,1468
"2026-09-09 18:00:00","2026-09-10 09:00:00","CAPE","surface",-70.3561,19.545,1585
"2026-09-09 18:00:00","2026-09-10 09:00:00","CAPE","surface",-70.3322,19.545,1443
"2026-09-09 18:00:00","2026-09-10 09:00:00","CAPE","surface",-70.3083,19.545,1814
"2026-09-09 18:00:00","2026-09-10 09:00:00","CAPE","surface",-70.2843,19.545,1776
"2026-09-09 18:00:00","2026-09-10 09:00:00","CAPE","surface",-70.2604,19.545,2205
"2026-09-09 18:00:00","2026-09-10 09:00:00","CAPE","surface",-70.2365,19.545,2261
"2026-09-09 18:00:00","2026-09-10 09:00:00","CAPE","surface",-70.2126,19.545,2242
"2026-09-09 18:00:00","2026-09-10 09:00:00","CAPE","surface",-70.1886,19.545,2242
"2026-09-09 18:00:00","2026-09-10 09:00:00","CAPE","surface",-70.1647,19.545,2247
"2026-09-09 18:00:00","2026-09-10 09:00:00","CAPE","surface",-70.1408,19.545,2233
"2026-09-09 18:00:00","2026-09-10 09:00:00","CAPE","surface",-70.1169,19.545,2314
"2026-09-09 18:00:00","2026-09-10 09:00:00","CAPE","surface",-70.0929,19.545,2196
"2026-09-09 18:00:00","2026-09-10 09:00:00","CAPE","surface",-70.069,19.545,2261
"2026-09-09 18:00:00","2026-09-10 09:00:00","CAPE","surface",-70.0451,19.545,2432
"2026-09-09 18:00:00","2026-09-10 09:00:00","CAPE","surface",-70.0212,19.545,2523
"2026-09-09 18:00:00","2026-09-10 09:00:00","CAPE","surface",-69.9972,19.545,2589
"2026-09-09 18:00:00","2026-09-10 09:00:00","CAPE","surface",-69.9733,19.545,2589
"2026-09-09 18:00:00","2026-09-10 09:00:00","CAPE","surface",-69.9494,19.545,2595
"2026-09-09 18:00:00","2026-09-10 09:00:00","CAPE","surface",-69.9255,19.545,2577
"2026-09-09 18:00:00","2026-09-10 09:00:00","CAPE","surface",-69.9015,19.545,2736
"2026-09-09 18:00:00","2026-09-10 09:00:00","CAPE","surface",-69.8776,19.545,2905
"2026-09-09 18:00:00","2026-09-10 09:00:00","CAPE","surface",-69.8537,19.545,3035
"2026-09-09 18:00:00","2026-09-10 09:00:00","CAPE","surface",-69.8298,19.545,2650
"2026-09-09 18:00:00","2026-09-10 09:00:00","CAPE","surface",-69.8058,19.545,2589
"2026-09-09 18:00:00","2026-09-10 09:00:00","CAPE","surface",-69.7819,19.545,2630
"2026-09-09 18:00:00","2026-09-10 09:00:00","CAPE","surface",-69.758,19.545,2585
"2026-09-09 18:00:00","2026-09-10 09:00:00","CAPE","surface",-69.7341,19.545,2632
"2026-09-09 18:00:00","2026-09-10 09:00:00","CAPE","surface",-69.7101,19.545,2663
"2026-09-09 18:00:00","2026-09-10 09:00:00","CAPE","surface",-69.6862,19.545,2753
"2026-09-09 18:00:00","2026-09-10 09:00:00","CAPE","surface",-69.6623,19.545,2753
"2026-09-09 18:00:00","2026-09-10 09:00:00","CAPE","surface",-69.6384,19.545,2840
"2026-09-09 18:00:00","2026-09-10 09:00:00","CAPE","surface",-69.6144,19.545,2771
"2026-09-09 18:00:00","2026-09-10 09:00:00","CAPE","surface",-69.5905,19.545,2679
"2026-09-09 18:00:00","2026-09-10 09:00:00","CAPE","surface",-69.5666,19.545,2627
"2026-09-09 18:00:00","2026-09-10 09:00:00","CAPE","surface",-69.5427,19.545,2602
"2026-09-09 18:00:00","2026-09-10 09:00:00","CAPE","surface",-69.5187,19.545,2508
"2026-09-09 18:00:00","2026-09-10 09:00:00","CAPE","surface",-69.4948,19.545,2461
"2026-09-09 18:00:00","2026-09-10 09:00:00","CAPE","surface",-69.4709,19.545,2526
"2026-09-09 18:00:00","2026-09-10 09:00:00","CAPE","surface",-69.447,19.545,2526
"2026-09-09 18:00:00","2026-09-10 09:00:00","CAPE","surface",-69.423,19.545,2645
"2026-09-09 18:00:00","2026-09-10 09:00:00","CAPE","surface",-69.3991,19.545,2638
"2026-09-09 18:00:00","2026-09-10 09:00:00","CAPE","surface",-69.3752,19.545,2703
"2026-09-09 18:00:00","2026-09-10 09:00:00","CAPE","surface",-69.3513,19.545,2731
"2026-09-09 18:00:00","2026-09-10 09:00:00","CAPE","surface",-69.3273,19.545,2726
"2026-09-09 18:00:00","2026-09-10 09:00:00","CAPE","surface",-69.3034,19.545,2754
"2026-09-09 18:00:00","2026-09-10 09:00:00","CAPE","surface",-69.2795,19.545,2727
"2026-09-09 18:00:00","2026-09-10 09:00:00","CAPE","surface",-69.2556,19.545,2892
"2026-09-09 18:00:00","2026-09-10 09:00:00","CAPE","surface",-69.2316,19.545,2920
"2026-09-09 18:00:00","2026-09-10 09:00:00","CAPE","surface",-69.2077,19.545,2869
"2026-09-09 18:00:00","2026-09-10 09:00:00","CAPE","surface",-69.1838,19.545,2950
"2026-09-09 18:00:00","2026-09-10 09:00:00","CAPE","surface",-69.1599,19.545,2919
"2026-09-09 18:00:00","2026-09-10 09:00:00","CAPE","surface",-69.1359,19.545,2919
"2026-09-09 18:00:00","2026-09-10 09:00:00","CAPE","surface",-69.112,19.545,2906
"2026-09-09 18:00:00","2026-09-10 09:00:00","CAPE","surface",-69.0881,19.545,2960
"2026-09-09 18:00:00","2026-09-10 09:00:00","CAPE","surface",-69.0642,19.545,2922
"2026-09-09 18:00:00","2026-09-10 09:00:00","CAPE","surface",-69.0402,19.545,3021
"2026-09-09 18:00:00","2026-09-10 09:00:00","CAPE","surface",-69.0163,19.545,2951
"2026-09-09 18:00:00","2026-09-10 09:00:00","CAPE","surface",-68.9924,19.545,2888
"2026-09-09 18:00:00","2026-09-10 09:00:00","CAPE","surface",-68.9685,19.545,2825
"2026-09-09 18:00:00","2026-09-10 09:00:00","CAPE","surface",-68.9445,19.545,2769
"2026-09-09 18:00:00","2026-09-10 09:00:00","CAPE","surface",-68.9206,19.545,2735
"2026-09-09 18:00:00","2026-09-10 09:00:00","CAPE","surface",-68.8967,19.545,2739
"2026-09-09 18:00:00","2026-09-10 09:00:00","CAPE","surface",-68.8728,19.545,2787
"2026-09-09 18:00:00","2026-09-10 09:00:00","CAPE","surface",-68.8488,19.545,2786
"2026-09-09 18:00:00","2026-09-10 09:00:00","CAPE","surface",-68.8249,19.545,2780
"2026-09-09 18:00:00","2026-09-10 09:00:00","CAPE","surface",-68.801,19.545,2765
"2026-09-09 18:00:00","2026-09-10 09:00:00","CAPE","surface",-68.7771,19.545,2772
"2026-09-09 18:00:00","2026-09-10 09:00:00","CAPE","surface",-68.7531,19.545,2774
"2026-09-09 18:00:00","2026-09-10 09:00:00","CAPE","surface",-68.7292,19.545,2784
"2026-09-09 18:00:00","2026-09-10 09:00:00","CAPE","surface",-68.7053,19.545,2757
"2026-09-09 18:00:00","2026-09-10 09:00:00","CAPE","surface",-68.6813,19.545,2696
"2026-09-09 18:00:00","2026-09-10 09:00:00","CAPE","surface",-68.6574,19.545,2683
"2026-09-09 18:00:00","2026-09-10 09:00:00","CAPE","surface",-68.6335,19.545,2683
"2026-09-09 18:00:00","2026-09-10 09:00:00","CAPE","surface",-68.6096,19.545,2733
"2026-09-09 18:00:00","2026-09-10 09:00:00","CAPE","surface",-68.5856,19.545,2744
"2026-09-09 18:00:00","2026-09-10 09:00:00","CAPE","surface",-68.5617,19.545,2857
"2026-09-09 18:00:00","2026-09-10 09:00:00","CAPE","surface",-68.5378,19.545,2857
"2026-09-09 18:00:00","2026-09-10 09:00:00","CAPE","surface",-68.5139,19.545,2880
"2026-09-09 18:00:00","2026-09-10 09:00:00","CAPE","surface",-68.4899,19.545,2901
"2026-09-09 18:00:00","2026-09-10 09:00:00","CAPE","surface",-68.466,19.545,2914
"2026-09-09 18:00:00","2026-09-10 09:00:00","CAPE","surface",-68.4421,19.545,2934
"2026-09-09 18:00:00","2026-09-10 09:00:00","CAPE","surface",-68.4182,19.545,3022
"2026-09-09 18:00:00","2026-09-10 09:00:00","CAPE","surface",-68.3942,19.545,3190
"2026-09-09 18:00:00","2026-09-10 09:00:00","CAPE","surface",-68.3703,19.545,3215
"2026-09-09 18:00:00","2026-09-10 09:00:00","CAPE","surface",-68.3464,19.545,3227
"2026-09-09 18:00:00","2026-09-10 09:00:00","CAPE","surface",-68.3225,19.545,3227
"2026-09-09 18:00:00","2026-09-10 09:00:00","CAPE","surface",-68.2985,19.545,3155
"2026-09-09 18:00:00","2026-09-10 09:00:00","CAPE","surface",-68.2746,19.545,3126
"2026-09-09 18:00:00","2026-09-10 09:00:00","CAPE","surface",-68.2507,19.545,3122
"2026-09-09 18:00:00","2026-09-10 09:00:00","CAPE","surface",-68.2268,19.545,3262
"2026-09-09 18:00:00","2026-09-10 09:00:00","CAPE","surface",-68.2028,19.545,3293
"2026-09-09 18:00:00","2026-09-10 09:00:00","CAPE","surface",-68.1789,19.545,3593
"2026-09-09 18:00:00","2026-09-10 09:00:00","CAPE","surface",-68.155,19.545,3637
"2026-09-09 18:00:00","2026-09-10 09:00:00","CAPE","surface",-68.1311,19.545,3632
"2026-09-09 18:00:00","2026-09-10 09:00:00","CAPE","surface",-68.1071,19.545,3540
"2026-09-09 18:00:00","2026-09-10 09:00:00","CAPE","surface",-68.0832,19.545,3337
"2026-09-09 18:00:00","2026-09-10 09:00:00","CAPE","surface",-68.0593,19.545,3369
"2026-09-09 18:00:00","2026-09-10 09:00:00","CAPE","surface",-68.0354,19.545,3321
"2026-09-09 18:00:00","2026-09-10 09:00:00","CAPE","surface",-68.0114,19.545,3436
"2026-09-09 18:00:00","2026-09-10 09:00:00","CAPE","surface",-67.9875,19.545,3543
"2026-09-09 18:00:00","2026-09-10 09:00:00","CAPE","surface",-67.9636,19.545,3408
"2026-09-09 18:00:00","2026-09-10 09:00:00","CAPE","surface",-67.9397,19.545,3408
"2026-09-09 18:00:00","2026-09-10 09:00:00","CAPE","surface",-67.9157,19.545,3076
"2026-09-09 18:00:00","2026-09-10 09:00:00","CAPE","surface",-67.8918,19.545,3011
"2026-09-09 18:00:00","2026-09-10 09:00:00","CAPE","surface",-67.8679,19.545,2816
"2026-09-09 18:00:00","2026-09-10 09:00:00","CAPE","surface",-67.844,19.545,2816
"2026-09-09 18:00:00","2026-09-10 09:00:00","CAPE","surface",-67.82,19.545,2800
"2026-09-09 18:00:00","2026-09-10 09:00:00","CAPE","surface",-67.7961,19.545,2747
"2026-09-09 18:00:00","2026-09-10 09:00:00","CAPE","surface",-67.7722,19.545,2756
"2026-09-09 18:00:00","2026-09-10 09:00:00","CAPE","surface",-67.7483,19.545,2672
"2026-09-09 18:00:00","2026-09-10 09:00:00","CAPE","surface",-67.7243,19.545,2676
"2026-09-09 18:00:00","2026-09-10 09:00:00","CAPE","surface",-67.7004,19.545,2790
"2026-09-09 18:00:00","2026-09-10 09:00:00","CAPE","surface",-67.6765,19.545,2842
"2026-09-09 18:00:00","2026-09-10 09:00:00","CAPE","surface",-67.6526,19.545,2805
"2026-09-09 18:00:00","2026-09-10 09:00:00","CAPE","surface",-67.6286,19.545,2592
"2026-09-09 18:00:00","2026-09-10 09:00:00","CAPE","surface",-67.6047,19.545,2244
"2026-09-09 18:00:00","2026-09-10 09:00:00","CAPE","surface",-67.5808,19.545,2231
"2026-09-09 18:00:00","2026-09-10 09:00:00","CAPE","surface",-67.5569,19.545,2231
"2026-09-09 18:00:00","2026-09-10 09:00:00","CAPE","surface",-67.5329,19.545,1882
"2026-09-09 18:00:00","2026-09-10 09:00:00","CAPE","surface",-67.509,19.545,1844
"2026-09-09 18:00:00","2026-09-10 09:00:00","CAPE","surface",-67.4851,19.545,1582
"2026-09-09 18:00:00","2026-09-10 09:00:00","CAPE","surface",-67.4612,19.545,1668
"2026-09-09 18:00:00","2026-09-10 09:00:00","CAPE","surface",-67.4372,19.545,1508
"2026-09-09 18:00:00","2026-09-10 09:00:00","CAPE","surface",-67.4133,19.545,1732
"2026-09-09 18:00:00","2026-09-10 09:00:00","CAPE","surface",-67.3894,19.545,1888
"2026-09-09 18:00:00","2026-09-10 09:00:00","CAPE","surface",-67.3655,19.545,2081
"2026-09-09 18:00:00","2026-09-10 09:00:00","CAPE","surface",-67.3415,19.545,2081
"2026-09-09 18:00:00","2026-09-10 09:00:00","CAPE","surface",-67.3176,19.545,2288
"2026-09-09 18:00:00","2026-09-10 09:00:00","CAPE","surface",-67.2937,19.545,2407
"2026-09-09 18:00:00","2026-09-10 09:00:00","CAPE","surface",-67.2698,19.545,2397
"2026-09-09 18:00:00","2026-09-10 09:00:00","CAPE","surface",-67.2458,19.545,2397
"2026-09-09 18:00:00","2026-09-10 09:00:00","CAPE","surface",-67.2219,19.545,2300
"2026-09-09 18:00:00","2026-09-10 09:00:00","CAPE","surface",-67.198,19.545,2414
"2026-09-09 18:00:00","2026-09-10 09:00:00","CAPE","surface",-67.1741,19.545,2697
"2026-09-09 18:00:00","2026-09-10 09:00:00","CAPE","surface",-67.1501,19.545,2618
"2026-09-09 18:00:00","2026-09-10 09:00:00","CAPE","surface",-67.1262,19.545,2847
"2026-09-09 18:00:00","2026-09-10 09:00:00","CAPE","surface",-67.1023,19.545,2934
"2026-09-09 18:00:00","2026-09-10 09:00:00","CAPE","surface",-67.0784,19.545,2962
"2026-09-09 18:00:00","2026-09-10 09:00:00","CAPE","surface",-67.0544,19.545,2914
"2026-09-09 18:00:00","2026-09-10 09:00:00","CAPE","surface",-67.0305,19.545,2925
"2026-09-09 18:00:00","2026-09-10 09:00:00","CAPE","surface",-67.0066,19.545,2839
"2026-09-09 18:00:00","2026-09-10 09:00:00","CAPE","surface",-74.7822,19.5675,2324
"2026-09-09 18:00:00","2026-09-10 09:00:00","CAPE","surface",-74.7583,19.5675,2427
"2026-09-09 18:00:00","2026-09-10 09:00:00","CAPE","surface",-74.7344,19.5675,2489
"2026-09-09 18:00:00","2026-09-10 09:00:00","CAPE","surface",-74.7105,19.5675,2557
"2026-09-09 18:00:00","2026-09-10 09:00:00","CAPE","surface",-74.6865,19.5675,2502
"2026-09-09 18:00:00","2026-09-10 09:00:00","CAPE","surface",-74.6626,19.5675,2531
"2026-09-09 18:00:00","2026-09-10 09:00:00","CAPE","surface",-74.6387,19.5675,2471
"2026-09-09 18:00:00","2026-09-10 09:00:00","CAPE","surface",-74.6148,19.5675,2514
"2026-09-09 18:00:00","2026-09-10 09:00:00","CAPE","surface",-74.5908,19.5675,2512
"2026-09-09 18:00:00","2026-09-10 09:00:00","CAPE","surface",-74.5669,19.5675,2512
"2026-09-09 18:00:00","2026-09-10 09:00:00","CAPE","surface",-74.543,19.5675,2504
"2026-09-09 18:00:00","2026-09-10 09:00:00","CAPE","surface",-74.5191,19.5675,2582
"2026-09-09 18:00:00","2026-09-10 09:00:00","CAPE","surface",-74.4951,19.5675,2575
"2026-09-09 18:00:00","2026-09-10 09:00:00","CAPE","surface",-74.4712,19.5675,2584
"2026-09-09 18:00:00","2026-09-10 09:00:00","CAPE","surface",-74.4473,19.5675,2659
"2026-09-09 18:00:00","2026-09-10 09:00:00","CAPE","surface",-74.4234,19.5675,2582
"2026-09-09 18:00:00","2026-09-10 09:00:00","CAPE","surface",-74.3994,19.5675,2634
"2026-09-09 18:00:00","2026-09-10 09:00:00","CAPE","surface",-74.3755,19.5675,2511
"2026-09-09 18:00:00","2026-09-10 09:00:00","CAPE","surface",-74.3516,19.5675,2446
"2026-09-09 18:00:00","2026-09-10 09:00:00","CAPE","surface",-74.3277,19.5675,2366
"2026-09-09 18:00:00","2026-09-10 09:00:00","CAPE","surface",-74.3037,19.5675,2369
"2026-09-09 18:00:00","2026-09-10 09:00:00","CAPE","surface",-74.2798,19.5675,2365
"2026-09-09 18:00:00","2026-09-10 09:00:00","CAPE","surface",-74.2559,19.5675,2478
"2026-09-09 18:00:00","2026-09-10 09:00:00","CAPE","surface",-74.232,19.5675,2845
"2026-09-09 18:00:00","2026-09-10 09:00:00","CAPE","surface",-74.208,19.5675,2948
"2026-09-09 18:00:00","2026-09-10 09:00:00","CAPE","surface",-74.1841,19.5675,3005
"2026-09-09 18:00:00","2026-09-10 09:00:00","CAPE","surface",-74.1602,19.5675,3005
"2026-09-09 18:00:00","2026-09-10 09:00:00","CAPE","surface",-74.1363,19.5675,3019
"2026-09-09 18:00:00","2026-09-10 09:00:00","CAPE","surface",-74.1123,19.5675,2974
"2026-09-09 18:00:00","2026-09-10 09:00:00","CAPE","surface",-74.0884,19.5675,2861
"2026-09-09 18:00:00","2026-09-10 09:00:00","CAPE","surface",-74.0645,19.5675,2778
"2026-09-09 18:00:00","2026-09-10 09:00:00","CAPE","surface",-74.0406,19.5675,2749
"2026-09-09 18:00:00","2026-09-10 09:00:00","CAPE","surface",-74.0166,19.5675,2680
"2026-09-09 18:00:00","2026-09-10 09:00:00","CAPE","surface",-73.9927,19.5675,2634
"2026-09-09 18:00:00","2026-09-10 09:00:00","CAPE","surface",-73.9688,19.5675,2604
"2026-09-09 18:00:00","2026-09-10 09:00:00","CAPE","surface",-73.9449,19.5675,2580
"2026-09-09 18:00:00","2026-09-10 09:00:00","CAPE","surface",-73.9209,19.5675,2487
"2026-09-09 18:00:00","2026-09-10 09:00:00","CAPE","surface",-73.897,19.5675,2389
"2026-09-09 18:00:00","2026-09-10 09:00:00","CAPE","surface",-73.8731,19.5675,2208
"2026-09-09 18:00:00","2026-09-10 09:00:00","CAPE","surface",-73.8492,19.5675,2102
"2026-09-09 18:00:00","2026-09-10 09:00:00","CAPE","surface",-73.8252,19.5675,2006
"2026-09-09 18:00:00","2026-09-10 09:00:00","CAPE","surface",-73.8013,19.5675,1912
"2026-09-09 18:00:00","2026-09-10 09:00:00","CAPE","surface",-73.7774,19.5675,1912
"2026-09-09 18:00:00","2026-09-10 09:00:00","CAPE","surface",-73.7535,19.5675,1950
"2026-09-09 18:00:00","2026-09-10 09:00:00","CAPE","surface",-73.7295,19.5675,1884
"2026-09-09 18:00:00","2026-09-10 09:00:00","CAPE","surface",-73.7056,19.5675,1910
"2026-09-09 18:00:00","2026-09-10 09:00:00","CAPE","surface",-73.6817,19.5675,1900
"2026-09-09 18:00:00","2026-09-10 09:00:00","CAPE","surface",-73.6578,19.5675,1889
"2026-09-09 18:00:00","2026-09-10 09:00:00","CAPE","surface",-73.6338,19.5675,1889
"2026-09-09 18:00:00","2026-09-10 09:00:00","CAPE","surface",-73.6099,19.5675,1870
"2026-09-09 18:00:00","2026-09-10 09:00:00","CAPE","surface",-73.586,19.5675,1826
"2026-09-09 18:00:00","2026-09-10 09:00:00","CAPE","surface",-73.5621,19.5675,1911
"2026-09-09 18:00:00","2026-09-10 09:00:00","CAPE","surface",-73.5381,19.5675,1855
"2026-09-09 18:00:00","2026-09-10 09:00:00","CAPE","surface",-73.5142,19.5675,2036
"2026-09-09 18:00:00","2026-09-10 09:00:00","CAPE","surface",-73.4903,19.5675,2029
"2026-09-09 18:00:00","2026-09-10 09:00:00","CAPE","surface",-73.4664,19.5675,2175
"2026-09-09 18:00:00","2026-09-10 09:00:00","CAPE","surface",-73.4424,19.5675,2146
"2026-09-09 18:00:00","2026-09-10 09:00:00","CAPE","surface",-73.4185,19.5675,2222
"2026-09-09 18:00:00","2026-09-10 09:00:00","CAPE","surface",-73.3946,19.5675,2222
"2026-09-09 18:00:00","2026-09-10 09:00:00","CAPE","surface",-73.3707,19.5675,2088
"2026-09-09 18:00:00","2026-09-10 09:00:00","CAPE","surface",-73.3467,19.5675,2149
"2026-09-09 18:00:00","2026-09-10 09:00:00","CAPE","surface",-73.3228,19.5675,1620
"2026-09-09 18:00:00","2026-09-10 09:00:00","CAPE","surface",-73.2989,19.5675,1337
"2026-09-09 18:00:00","2026-09-10 09:00:00","CAPE","surface",-73.275,19.5675,1337
"2026-09-09 18:00:00","2026-09-10 09:00:00","CAPE","surface",-73.251,19.5675,1265
"2026-09-09 18:00:00","2026-09-10 09:00:00","CAPE","surface",-73.2271,19.5675,1380
"2026-09-09 18:00:00","2026-09-10 09:00:00","CAPE","surface",-73.2032,19.5675,1384
"2026-09-09 18:00:00","2026-09-10 09:00:00","CAPE","surface",-73.1793,19.5675,1430
"2026-09-09 18:00:00","2026-09-10 09:00:00","CAPE","surface",-73.1553,19.5675,1284
"2026-09-09 18:00:00","2026-09-10 09:00:00","CAPE","surface",-73.1314,19.5675,1284
"2026-09-09 18:00:00","2026-09-10 09:00:00","CAPE","surface",-73.1075,19.5675,1174
"2026-09-09 18:00:00","2026-09-10 09:00:00","CAPE","surface",-73.0836,19.5675,1232
"2026-09-09 18:00:00","2026-09-10 09:00:00","CAPE","surface",-73.0596,19.5675,1188
"2026-09-09 18:00:00","2026-09-10 09:00:00","CAPE","surface",-73.0357,19.5675,1372
"2026-09-09 18:00:00","2026-09-10 09:00:00","CAPE","surface",-73.0118,19.5675,1115
"2026-09-09 18:00:00","2026-09-10 09:00:00","CAPE","surface",-72.9879,19.5675,1246
"2026-09-09 18:00:00","2026-09-10 09:00:00","CAPE","surface",-72.9639,19.5675,820
"2026-09-09 18:00:00","2026-09-10 09:00:00","CAPE","surface",-72.94,19.5675,1004
"2026-09-09 18:00:00","2026-09-10 09:00:00","CAPE","surface",-72.9161,19.5675,573
"2026-09-09 18:00:00","2026-09-10 09:00:00","CAPE","surface",-72.8922,19.5675,573
"2026-09-09 18:00:00","2026-09-10 09:00:00","CAPE","surface",-72.8682,19.5675,634
"2026-09-09 18:00:00","2026-09-10 09:00:00","CAPE","surface",-72.8443,19.5675,642
"2026-09-09 18:00:00","2026-09-10 09:00:00","CAPE","surface",-72.8204,19.5675,789
"2026-09-09 18:00:00","2026-09-10 09:00:00","CAPE","surface",-72.7965,19.5675,775
"2026-09-09 18:00:00","2026-09-10 09:00:00","CAPE","surface",-72.7725,19.5675,729
"2026-09-09 18:00:00","2026-09-10 09:00:00","CAPE","surface",-72.7486,19.5675,709
"2026-09-09 18:00:00","2026-09-10 09:00:00","CAPE","surface",-72.7247,19.5675,613
"2026-09-09 18:00:00","2026-09-10 09:00:00","CAPE","surface",-72.7008,19.5675,587
"2026-09-09 18:00:00","2026-09-10 09:00:00","CAPE","surface",-72.6768,19.5675,522
"2026-09-09 18:00:00","2026-09-10 09:00:00","CAPE","surface",-72.6529,19.5675,522
"2026-09-09 18:00:00","2026-09-10 09:00:00","CAPE","surface",-72.629,19.5675,494
"2026-09-09 18:00:00","2026-09-10 09:00:00","CAPE","surface",-72.6051,19.5675,535
"2026-09-09 18:00:00","2026-09-10 09:00:00","CAPE","surface",-72.5811,19.5675,525
"2026-09-09 18:00:00","2026-09-10 09:00:00","CAPE","surface",-72.5572,19.5675,544
"2026-09-09 18:00:00","2026-09-10 09:00:00","CAPE","surface",-72.5333,19.5675,544
"2026-09-09 18:00:00","2026-09-10 09:00:00","CAPE","surface",-72.5094,19.5675,509
"2026-09-09 18:00:00","2026-09-10 09:00:00","CAPE","surface",-72.4854,19.5675,498
"2026-09-09 18:00:00","2026-09-10 09:00:00","CAPE","surface",-72.4615,19.5675,559
"2026-09-09 18:00:00","2026-09-10 09:00:00","CAPE","surface",-72.4376,19.5675,513
"2026-09-09 18:00:00","2026-09-10 09:00:00","CAPE","surface",-72.4137,19.5675,479
"2026-09-09 18:00:00","2026-09-10 09:00:00","CAPE","surface",-72.3897,19.5675,555
"2026-09-09 18:00:00","2026-09-10 09:00:00","CAPE","surface",-72.3658,19.5675,556
"2026-09-09 18:00:00","2026-09-10 09:00:00","CAPE","surface",-72.3419,19.5675,578
"2026-09-09 18:00:00","2026-09-10 09:00:00","CAPE","surface",-72.318,19.5675,492
"2026-09-09 18:00:00","2026-09-10 09:00:00","CAPE","surface",-72.294,19.5675,492
"2026-09-09 18:00:00","2026-09-10 09:00:00","CAPE","surface",-72.2701,19.5675,349
"2026-09-09 18:00:00","2026-09-10 09:00:00","CAPE","surface",-72.2462,19.5675,392
"2026-09-09 18:00:00","2026-09-10 09:00:00","CAPE","surface",-72.2223,19.5675,350
"2026-09-09 18:00:00","2026-09-10 09:00:00","CAPE","surface",-72.1983,19.5675,323
"2026-09-09 18:00:00","2026-09-10 09:00:00","CAPE","surface",-72.1744,19.5675,344
"2026-09-09 18:00:00","2026-09-10 09:00:00","CAPE","surface",-72.1505,19.5675,317
"2026-09-09 18:00:00","2026-09-10 09:00:00","CAPE","surface",-72.1266,19.5675,361
"2026-09-09 18:00:00","2026-09-10 09:00:00","CAPE","surface",-72.1026,19.5675,544
"2026-09-09 18:00:00","2026-09-10 09:00:00","CAPE","surface",-72.0787,19.5675,569
"2026-09-09 18:00:00","2026-09-10 09:00:00","CAPE","surface",-72.0548,19.5675,559
"2026-09-09 18:00:00","2026-09-10 09:00:00","CAPE","surface",-72.0309,19.5675,514
"2026-09-09 18:00:00","2026-09-10 09:00:00","CAPE","surface",-72.0069,19.5675,451
"2026-09-09 18:00:00","2026-09-10 09:00:00","CAPE","surface",-71.983,19.5675,428
"2026-09-09 18:00:00","2026-09-10 09:00:00","CAPE","surface",-71.9591,19.5675,492
"2026-09-09 18:00:00","2026-09-10 09:00:00","CAPE","surface",-71.9352,19.5675,492
"2026-09-09 18:00:00","2026-09-10 09:00:00","CAPE","surface",-71.9112,19.5675,640
"2026-09-09 18:00:00","2026-09-10 09:00:00","CAPE","surface",-71.8873,19.5675,634
"2026-09-09 18:00:00","2026-09-10 09:00:00","CAPE","surface",-71.8634,19.5675,662
"2026-09-09 18:00:00","2026-09-10 09:00:00","CAPE","surface",-71.8395,19.5675,637
"2026-09-09 18:00:00","2026-09-10 09:00:00","CAPE","surface",-71.8155,19.5675,674
"2026-09-09 18:00:00","2026-09-10 09:00:00","CAPE","surface",-71.7916,19.5675,641
"2026-09-09 18:00:00","2026-09-10 09:00:00","CAPE","surface",-71.7677,19.5675,666
"2026-09-09 18:00:00","2026-09-10 09:00:00","CAPE","surface",-71.7438,19.5675,638
"2026-09-09 18:00:00","2026-09-10 09:00:00","CAPE","surface",-71.7198,19.5675,683
"2026-09-09 18:00:00","2026-09-10 09:00:00","CAPE","surface",-71.6959,19.5675,639
"2026-09-09 18:00:00","2026-09-10 09:00:00","CAPE","surface",-71.672,19.5675,575
"2026-09-09 18:00:00","2026-09-10 09:00:00","CAPE","surface",-71.6481,19.5675,751
"2026-09-09 18:00:00","2026-09-10 09:00:00","CAPE","surface",-71.6241,19.5675,768
"2026-09-09 18:00:00","2026-09-10 09:00:00","CAPE","surface",-71.6002,19.5675,865
"2026-09-09 18:00:00","2026-09-10 09:00:00","CAPE","surface",-71.5763,19.5675,854
"2026-09-09 18:00:00","2026-09-10 09:00:00","CAPE","surface",-71.5524,19.5675,911
"2026-09-09 18:00:00","2026-09-10 09:00:00","CAPE","surface",-71.5284,19.5675,905
"2026-09-09 18:00:00","2026-09-10 09:00:00","CAPE","surface",-71.5045,19.5675,890
"2026-09-09 18:00:00","2026-09-10 09:00:00","CAPE","surface",-71.4806,19.5675,890
"2026-09-09 18:00:00","2026-09-10 09:00:00","CAPE","surface",-71.4567,19.5675,882
"2026-09-09 18:00:00","2026-09-10 09:00:00","CAPE","surface",-71.4327,19.5675,843
"2026-09-09 18:00:00","2026-09-10 09:00:00","CAPE","surface",-71.4088,19.5675,869
"2026-09-09 18:00:00","2026-09-10 09:00:00","CAPE","surface",-71.3849,19.5675,859
"2026-09-09 18:00:00","2026-09-10 09:00:00","CAPE","surface",-71.361,19.5675,874
"2026-09-09 18:00:00","2026-09-10 09:00:00","CAPE","surface",-71.337,19.5675,875
"2026-09-09 18:00:00","2026-09-10 09:00:00","CAPE","surface",-71.3131,19.5675,866
"2026-09-09 18:00:00","2026-09-10 09:00:00","CAPE","surface",-71.2892,19.5675,864
"2026-09-09 18:00:00","2026-09-10 09:00:00","CAPE","surface",-71.2653,19.5675,864
"2026-09-09 18:00:00","2026-09-10 09:00:00","CAPE","surface",-71.2413,19.5675,841
"2026-09-09 18:00:00","2026-09-10 09:00:00","CAPE","surface",-71.2174,19.5675,860
"2026-09-09 18:00:00","2026-09-10 09:00:00","CAPE","surface",-71.1935,19.5675,835
"2026-09-09 18:00:00","2026-09-10 09:00:00","CAPE","surface",-71.1696,19.5675,855
"2026-09-09 18:00:00","2026-09-10 09:00:00","CAPE","surface",-71.1456,19.5675,827
"2026-09-09 18:00:00","2026-09-10 09:00:00","CAPE","surface",-71.1217,19.5675,846
"2026-09-09 18:00:00","2026-09-10 09:00:00","CAPE","surface",-71.0978,19.5675,841
"2026-09-09 18:00:00","2026-09-10 09:00:00","CAPE","surface",-71.0739,19.5675,855
"2026-09-09 18:00:00","2026-09-10 09:00:00","CAPE","surface",-71.0499,19.5675,857
"2026-09-09 18:00:00","2026-09-10 09:00:00","CAPE","surface",-71.026,19.5675,857
"2026-09-09 18:00:00","2026-09-10 09:00:00","CAPE","surface",-71.0021,19.5675,872
"2026-09-09 18:00:00","2026-09-10 09:00:00","CAPE","surface",-70.9782,19.5675,884
"2026-09-09 18:00:00","2026-09-10 09:00:00","CAPE","surface",-70.9542,19.5675,911
"2026-09-09 18:00:00","2026-09-10 09:00:00","CAPE","surface",-70.9303,19.5675,969
"2026-09-09 18:00:00","2026-09-10 09:00:00","CAPE","surface",-70.9064,19.5675,969
"2026-09-09 18:00:00","2026-09-10 09:00:00","CAPE","surface",-70.8825,19.5675,991
"2026-09-09 18:00:00","2026-09-10 09:00:00","CAPE","surface",-70.8585,19.5675,1015
"2026-09-09 18:00:00","2026-09-10 09:00:00","CAPE","surface",-70.8346,19.5675,1033
"2026-09-09 18:00:00","2026-09-10 09:00:00","CAPE","surface",-70.8107,19.5675,1033
"2026-09-09 18:00:00","2026-09-10 09:00:00","CAPE","surface",-70.7868,19.5675,1031
"2026-09-09 18:00:00","2026-09-10 09:00:00","CAPE","surface",-70.7628,19.5675,1064
"2026-09-09 18:00:00","2026-09-10 09:00:00","CAPE","surface",-70.7389,19.5675,1097
"2026-09-09 18:00:00","2026-09-10 09:00:00","CAPE","surface",-70.715,19.5675,1137
"2026-09-09 18:00:00","2026-09-10 09:00:00","CAPE","surface",-70.6911,19.5675,1069
"2026-09-09 18:00:00","2026-09-10 09:00:00","CAPE","surface",-70.6671,19.5675,1104
"2026-09-09 18:00:00","2026-09-10 09:00:00","CAPE","surface",-70.6432,19.5675,968
"2026-09-09 18:00:00","2026-09-10 09:00:00","CAPE","surface",-70.6193,19.5675,1018
"2026-09-09 18:00:00","2026-09-10 09:00:00","CAPE","surface",-70.5954,19.5675,972
"2026-09-09 18:00:00","2026-09-10 09:00:00","CAPE","surface",-70.5714,19.5675,1229
"2026-09-09 18:00:00","2026-09-10 09:00:00","CAPE","surface",-70.5475,19.5675,1280
"2026-09-09 18:00:00","2026-09-10 09:00:00","CAPE","surface",-70.5236,19.5675,1418
"2026-09-09 18:00:00","2026-09-10 09:00:00","CAPE","surface",-70.4997,19.5675,1394
"2026-09-09 18:00:00","2026-09-10 09:00:00","CAPE","surface",-70.4757,19.5675,1507
"2026-09-09 18:00:00","2026-09-10 09:00:00","CAPE","surface",-70.4518,19.5675,1496
"2026-09-09 18:00:00","2026-09-10 09:00:00","CAPE","surface",-70.4279,19.5675,1581
"2026-09-09 18:00:00","2026-09-10 09:00:00","CAPE","surface",-70.404,19.5675,1575
"2026-09-09 18:00:00","2026-09-10 09:00:00","CAPE","surface",-70.38,19.5675,1770
"2026-09-09 18:00:00","2026-09-10 09:00:00","CAPE","surface",-70.3561,19.5675,1693
"2026-09-09 18:00:00","2026-09-10 09:00:00","CAPE","surface",-70.3322,19.5675,1856
"2026-09-09 18:00:00","2026-09-10 09:00:00","CAPE","surface",-70.3083,19.5675,1814
"2026-09-09 18:00:00","2026-09-10 09:00:00","CAPE","surface",-70.2843,19.5675,2130
"2026-09-09 18:00:00","2026-09-10 09:00:00","CAPE","surface",-70.2604,19.5675,2225
"2026-09-09 18:00:00","2026-09-10 09:00:00","CAPE","surface",-70.2365,19.5675,2249
"2026-09-09 18:00:00","2026-09-10 09:00:00","CAPE","surface",-70.2126,19.5675,2159
"2026-09-09 18:00:00","2026-09-10 09:00:00","CAPE","surface",-70.1886,19.5675,2191
"2026-09-09 18:00:00","2026-09-10 09:00:00","CAPE","surface",-70.1647,19.5675,2154
"2026-09-09 18:00:00","2026-09-10 09:00:00","CAPE","surface",-70.1408,19.5675,2154
"2026-09-09 18:00:00","2026-09-10 09:00:00","CAPE","surface",-70.1169,19.5675,2165
"2026-09-09 18:00:00","2026-09-10 09:00:00","CAPE","surface",-70.0929,19.5675,2196
"2026-09-09 18:00:00","2026-09-10 09:00:00","CAPE","surface",-70.069,19.5675,2320
"2026-09-09 18:00:00","2026-09-10 09:00:00","CAPE","surface",-70.0451,19.5675,2320
"2026-09-09 18:00:00","2026-09-10 09:00:00","CAPE","surface",-70.0212,19.5675,2522
"2026-09-09 18:00:00","2026-09-10 09:00:00","CAPE","surface",-69.9972,19.5675,2569
"2026-09-09 18:00:00","2026-09-10 09:00:00","CAPE","surface",-69.9733,19.5675,2593
"2026-09-09 18:00:00","2026-09-10 09:00:00","CAPE","surface",-69.9494,19.5675,2638
"2026-09-09 18:00:00","2026-09-10 09:00:00","CAPE","surface",-69.9255,19.5675,2657
"2026-09-09 18:00:00","2026-09-10 09:00:00","CAPE","surface",-69.9015,19.5675,2751
"2026-09-09 18:00:00","2026-09-10 09:00:00","CAPE","surface",-69.8776,19.5675,2905
"2026-09-09 18:00:00","2026-09-10 09:00:00","CAPE","surface",-69.8537,19.5675,2738
"2026-09-09 18:00:00","2026-09-10 09:00:00","CAPE","surface",-69.8298,19.5675,2738
"2026-09-09 18:00:00","2026-09-10 09:00:00","CAPE","surface",-69.8058,19.5675,2619
"2026-09-09 18:00:00","2026-09-10 09:00:00","CAPE","surface",-69.7819,19.5675,2630
"2026-09-09 18:00:00","2026-09-10 09:00:00","CAPE","surface",-69.758,19.5675,2628
"2026-09-09 18:00:00","2026-09-10 09:00:00","CAPE","surface",-69.7341,19.5675,2711
"2026-09-09 18:00:00","2026-09-10 09:00:00","CAPE","surface",-69.7101,19.5675,2743
"2026-09-09 18:00:00","2026-09-10 09:00:00","CAPE","surface",-69.6862,19.5675,2903
"2026-09-09 18:00:00","2026-09-10 09:00:00","CAPE","surface",-69.6623,19.5675,2896
"2026-09-09 18:00:00","2026-09-10 09:00:00","CAPE","surface",-69.6384,19.5675,2921
"2026-09-09 18:00:00","2026-09-10 09:00:00","CAPE","surface",-69.6144,19.5675,2921
"2026-09-09 18:00:00","2026-09-10 09:00:00","CAPE","surface",-69.5905,19.5675,2721
"2026-09-09 18:00:00","2026-09-10 09:00:00","CAPE","surface",-69.5666,19.5675,2627
"2026-09-09 18:00:00","2026-09-10 09:00:00","CAPE","surface",-69.5427,19.5675,2587
"2026-09-09 18:00:00","2026-09-10 09:00:00","CAPE","surface",-69.5187,19.5675,2587
"2026-09-09 18:00:00","2026-09-10 09:00:00","CAPE","surface",-69.4948,19.5675,2532
"2026-09-09 18:00:00","2026-09-10 09:00:00","CAPE","surface",-69.4709,19.5675,2639
"2026-09-09 18:00:00","2026-09-10 09:00:00","CAPE","surface",-69.447,19.5675,2648
"2026-09-09 18:00:00","2026-09-10 09:00:00","CAPE","surface",-69.423,19.5675,2648
"2026-09-09 18:00:00","2026-09-10 09:00:00","CAPE","surface",-69.3991,19.5675,2648
"2026-09-09 18:00:00","2026-09-10 09:00:00","CAPE","surface",-69.3752,19.5675,2723
"2026-09-09 18:00:00","2026-09-10 09:00:00","CAPE","surface",-69.3513,19.5675,2731
"2026-09-09 18:00:00","2026-09-10 09:00:00","CAPE","surface",-69.3273,19.5675,2771
"2026-09-09 18:00:00","2026-09-10 09:00:00","CAPE","surface",-69.3034,19.5675,2771
"2026-09-09 18:00:00","2026-09-10 09:00:00","CAPE","surface",-69.2795,19.5675,2860
"2026-09-09 18:00:00","2026-09-10 09:00:00","CAPE","surface",-69.2556,19.5675,2892
"2026-09-09 18:00:00","2026-09-10 09:00:00","CAPE","surface",-69.2316,19.5675,2832
"2026-09-09 18:00:00","2026-09-10 09:00:00","CAPE","surface",-69.2077,19.5675,2709
"2026-09-09 18:00:00","2026-09-10 09:00:00","CAPE","surface",-69.1838,19.5675,2740
"2026-09-09 18:00:00","2026-09-10 09:00:00","CAPE","surface",-69.1599,19.5675,2760
"2026-09-09 18:00:00","2026-09-10 09:00:00","CAPE","surface",-69.1359,19.5675,2864
"2026-09-09 18:00:00","2026-09-10 09:00:00","CAPE","surface",-69.112,19.5675,2897
"2026-09-09 18:00:00","2026-09-10 09:00:00","CAPE","surface",-69.0881,19.5675,2957
"2026-09-09 18:00:00","2026-09-10 09:00:00","CAPE","surface",-69.0642,19.5675,3093
"2026-09-09 18:00:00","2026-09-10 09:00:00","CAPE","surface",-69.0402,19.5675,3021
"2026-09-09 18:00:00","2026-09-10 09:00:00","CAPE","surface",-69.0163,19.5675,2978
"2026-09-09 18:00:00","2026-09-10 09:00:00","CAPE","surface",-68.9924,19.5675,2993
"2026-09-09 18:00:00","2026-09-10 09:00:00","CAPE","surface",-68.9685,19.5675,2864
"2026-09-09 18:00:00","2026-09-10 09:00:00","CAPE","surface",-68.9445,19.5675,2759
"2026-09-09 18:00:00","2026-09-10 09:00:00","CAPE","surface",-68.9206,19.5675,2729
"2026-09-09 18:00:00","2026-09-10 09:00:00","CAPE","surface",-68.8967,19.5675,2771
"2026-09-09 18:00:00","2026-09-10 09:00:00","CAPE","surface",-68.8728,19.5675,2784
"2026-09-09 18:00:00","2026-09-10 09:00:00","CAPE","surface",-68.8488,19.5675,2800
"2026-09-09 18:00:00","2026-09-10 09:00:00","CAPE","surface",-68.8249,19.5675,2780
"2026-09-09 18:00:00","2026-09-10 09:00:00","CAPE","surface",-68.801,19.5675,2790
"2026-09-09 18:00:00","2026-09-10 09:00:00","CAPE","surface",-68.7771,19.5675,2782
"2026-09-09 18:00:00","2026-09-10 09:00:00","CAPE","surface",-68.7531,19.5675,2809
"2026-09-09 18:00:00","2026-09-10 09:00:00","CAPE","surface",-68.7292,19.5675,2772
"2026-09-09 18:00:00","2026-09-10 09:00:00","CAPE","surface",-68.7053,19.5675,2732
"2026-09-09 18:00:00","2026-09-10 09:00:00","CAPE","surface",-68.6813,19.5675,2736
"2026-09-09 18:00:00","2026-09-10 09:00:00","CAPE","surface",-68.6574,19.5675,2700
"2026-09-09 18:00:00","2026-09-10 09:00:00","CAPE","surface",-68.6335,19.5675,2735
"2026-09-09 18:00:00","2026-09-10 09:00:00","CAPE","surface",-68.6096,19.5675,2733
"2026-09-09 18:00:00","2026-09-10 09:00:00","CAPE","surface",-68.5856,19.5675,2803
"2026-09-09 18:00:00","2026-09-10 09:00:00","CAPE","surface",-68.5617,19.5675,2826
"2026-09-09 18:00:00","2026-09-10 09:00:00","CAPE","surface",-68.5378,19.5675,2871
"2026-09-09 18:00:00","2026-09-10 09:00:00","CAPE","surface",-68.5139,19.5675,2861
"2026-09-09 18:00:00","2026-09-10 09:00:00","CAPE","surface",-68.4899,19.5675,2861
"2026-09-09 18:00:00","2026-09-10 09:00:00","CAPE","surface",-68.466,19.5675,2873
"2026-09-09 18:00:00","2026-09-10 09:00:00","CAPE","surface",-68.4421,19.5675,2934
"2026-09-09 18:00:00","2026-09-10 09:00:00","CAPE","surface",-68.4182,19.5675,3117
"2026-09-09 18:00:00","2026-09-10 09:00:00","CAPE","surface",-68.3942,19.5675,3117
"2026-09-09 18:00:00","2026-09-10 09:00:00","CAPE","surface",-68.3703,19.5675,3248
"2026-09-09 18:00:00","2026-09-10 09:00:00","CAPE","surface",-68.3464,19.5675,3255
"2026-09-09 18:00:00","2026-09-10 09:00:00","CAPE","surface",-68.3225,19.5675,3213
"2026-09-09 18:00:00","2026-09-10 09:00:00","CAPE","surface",-68.2985,19.5675,3190
"2026-09-09 18:00:00","2026-09-10 09:00:00","CAPE","surface",-68.2746,19.5675,3164
"2026-09-09 18:00:00","2026-09-10 09:00:00","CAPE","surface",-68.2507,19.5675,3230
"2026-09-09 18:00:00","2026-09-10 09:00:00","CAPE","surface",-68.2268,19.5675,3262
"2026-09-09 18:00:00","2026-09-10 09:00:00","CAPE","surface",-68.2028,19.5675,3343
"2026-09-09 18:00:00","2026-09-10 09:00:00","CAPE","surface",-68.1789,19.5675,3476
"2026-09-09 18:00:00","2026-09-10 09:00:00","CAPE","surface",-68.155,19.5675,3603
"2026-09-09 18:00:00","2026-09-10 09:00:00","CAPE","surface",-68.1311,19.5675,3632
"2026-09-09 18:00:00","2026-09-10 09:00:00","CAPE","surface",-68.1071,19.5675,3338
"2026-09-09 18:00:00","2026-09-10 09:00:00","CAPE","surface",-68.0832,19.5675,3058
"2026-09-09 18:00:00","2026-09-10 09:00:00","CAPE","surface",-68.0593,19.5675,3180
"2026-09-09 18:00:00","2026-09-10 09:00:00","CAPE","surface",-68.0354,19.5675,3252
"2026-09-09 18:00:00","2026-09-10 09:00:00","CAPE","surface",-68.0114,19.5675,3436
"2026-09-09 18:00:00","2026-09-10 09:00:00","CAPE","surface",-67.9875,19.5675,3248
"2026-09-09 18:00:00","2026-09-10 09:00:00","CAPE","surface",-67.9636,19.5675,3378
"2026-09-09 18:00:00","2026-09-10 09:00:00","CAPE","surface",-67.9397,19.5675,3070
"2026-09-09 18:00:00","2026-09-10 09:00:00","CAPE","surface",-67.9157,19.5675,3076
"2026-09-09 18:00:00","2026-09-10 09:00:00","CAPE","surface",-67.8918,19.5675,2806
"2026-09-09 18:00:00","2026-09-10 09:00:00","CAPE","surface",-67.8679,19.5675,2742
"2026-09-09 18:00:00","2026-09-10 09:00:00","CAPE","surface",-67.844,19.5675,2757
"2026-09-09 18:00:00","2026-09-10 09:00:00","CAPE","surface",-67.82,19.5675,2729
"2026-09-09 18:00:00","2026-09-10 09:00:00","CAPE","surface",-67.7961,19.5675,2729
"2026-09-09 18:00:00","2026-09-10 09:00:00","CAPE","surface",-67.7722,19.5675,2667
"2026-09-09 18:00:00","2026-09-10 09:00:00","CAPE","surface",-67.7483,19.5675,2672
"2026-09-09 18:00:00","2026-09-10 09:00:00","CAPE","surface",-67.7243,19.5675,2737
"2026-09-09 18:00:00","2026-09-10 09:00:00","CAPE","surface",-67.7004,19.5675,2951
"2026-09-09 18:00:00","2026-09-10 09:00:00","CAPE","surface",-67.6765,19.5675,2950
"2026-09-09 18:00:00","2026-09-10 09:00:00","CAPE","surface",-67.6526,19.5675,2564
"2026-09-09 18:00:00","2026-09-10 09:00:00","CAPE","surface",-67.6286,19.5675,2317
"2026-09-09 18:00:00","2026-09-10 09:00:00","CAPE","surface",-67.6047,19.5675,2299
"2026-09-09 18:00:00","2026-09-10 09:00:00","CAPE","surface",-67.5808,19.5675,2296
"2026-09-09 18:00:00","2026-09-10 09:00:00","CAPE","surface",-67.5569,19.5675,2006
"2026-09-09 18:00:00","2026-09-10 09:00:00","CAPE","surface",-67.5329,19.5675,1882
"2026-09-09 18:00:00","2026-09-10 09:00:00","CAPE","surface",-67.509,19.5675,1572
"2026-09-09 18:00:00","2026-09-10 09:00:00","CAPE","surface",-67.4851,19.5675,1350
"2026-09-09 18:00:00","2026-09-10 09:00:00","CAPE","surface",-67.4612,19.5675,1380
"2026-09-09 18:00:00","2026-09-10 09:00:00","CAPE","surface",-67.4372,19.5675,1546
"2026-09-09 18:00:00","2026-09-10 09:00:00","CAPE","surface",-67.4133,19.5675,1546
"2026-09-09 18:00:00","2026-09-10 09:00:00","CAPE","surface",-67.3894,19.5675,1862
"2026-09-09 18:00:00","2026-09-10 09:00:00","CAPE","surface",-67.3655,19.5675,1980
"2026-09-09 18:00:00","2026-09-10 09:00:00","CAPE","surface",-67.3415,19.5675,2187
"2026-09-09 18:00:00","2026-09-10 09:00:00","CAPE","surface",-67.3176,19.5675,2258
"2026-09-09 18:00:00","2026-09-10 09:00:00","CAPE","surface",-67.2937,19.5675,2319
"2026-09-09 18:00:00","2026-09-10 09:00:00","CAPE","surface",-67.2698,19.5675,2097
"2026-09-09 18:00:00","2026-09-10 09:00:00","CAPE","surface",-67.2458,19.5675,2145
"2026-09-09 18:00:00","2026-09-10 09:00:00","CAPE","surface",-67.2219,19.5675,1862
"2026-09-09 18:00:00","2026-09-10 09:00:00","CAPE","surface",-67.198,19.5675,2117
"2026-09-09 18:00:00","2026-09-10 09:00:00","CAPE","surface",-67.1741,19.5675,2316
"2026-09-09 18:00:00","2026-09-10 09:00:00","CAPE","surface",-67.1501,19.5675,2618
"2026-09-09 18:00:00","2026-09-10 09:00:00","CAPE","surface",-67.1262,19.5675,2590
"2026-09-09 18:00:00","2026-09-10 09:00:00","CAPE","surface",-67.1023,19.5675,2715
"2026-09-09 18:00:00","2026-09-10 09:00:00","CAPE","surface",-67.0784,19.5675,2862
"2026-09-09 18:00:00","2026-09-10 09:00:00","CAPE","surface",-67.0544,19.5675,2885
"2026-09-09 18:00:00","2026-09-10 09:00:00","CAPE","surface",-67.0305,19.5675,2885
"2026-09-09 18:00:00","2026-09-10 09:00:00","CAPE","surface",-67.0066,19.5675,2965
"2026-09-09 18:00:00","2026-09-10 09:00:00","CAPE","surface",-74.7822,19.59,2288
"2026-09-09 18:00:00","2026-09-10 09:00:00","CAPE","surface",-74.7583,19.59,2288
"2026-09-09 18:00:00","2026-09-10 09:00:00","CAPE","surface",-74.7344,19.59,2364
"2026-09-09 18:00:00","2026-09-10 09:00:00","CAPE","surface",-74.7105,19.59,2449
"2026-09-09 18:00:00","2026-09-10 09:00:00","CAPE","surface",-74.6865,19.59,2426
"2026-09-09 18:00:00","2026-09-10 09:00:00","CAPE","surface",-74.6626,19.59,2446
"2026-09-09 18:00:00","2026-09-10 09:00:00","CAPE","surface",-74.6387,19.59,2394
"2026-09-09 18:00:00","2026-09-10 09:00:00","CAPE","surface",-74.6148,19.59,2424
"2026-09-09 18:00:00","2026-09-10 09:00:00","CAPE","surface",-74.5908,19.59,2402
"2026-09-09 18:00:00","2026-09-10 09:00:00","CAPE","surface",-74.5669,19.59,2447
"2026-09-09 18:00:00","2026-09-10 09:00:00","CAPE","surface",-74.543,19.59,2444
"2026-09-09 18:00:00","2026-09-10 09:00:00","CAPE","surface",-74.5191,19.59,2504
"2026-09-09 18:00:00","2026-09-10 09:00:00","CAPE","surface",-74.4951,19.59,2456
"2026-09-09 18:00:00","2026-09-10 09:00:00","CAPE","surface",-74.4712,19.59,2515
"2026-09-09 18:00:00","2026-09-10 09:00:00","CAPE","surface",-74.4473,19.59,2531
"2026-09-09 18:00:00","2026-09-10 09:00:00","CAPE","surface",-74.4234,19.59,2582
"2026-09-09 18:00:00","2026-09-10 09:00:00","CAPE","surface",-74.3994,19.59,2522
"2026-09-09 18:00:00","2026-09-10 09:00:00","CAPE","surface",-74.3755,19.59,2511
"2026-09-09 18:00:00","2026-09-10 09:00:00","CAPE","surface",-74.3516,19.59,2435
"2026-09-09 18:00:00","2026-09-10 09:00:00","CAPE","surface",-74.3277,19.59,2393
"2026-09-09 18:00:00","2026-09-10 09:00:00","CAPE","surface",-74.3037,19.59,2358
"2026-09-09 18:00:00","2026-09-10 09:00:00","CAPE","surface",-74.2798,19.59,2365
"2026-09-09 18:00:00","2026-09-10 09:00:00","CAPE","surface",-74.2559,19.59,2616
"2026-09-09 18:00:00","2026-09-10 09:00:00","CAPE","surface",-74.232,19.59,2616
"2026-09-09 18:00:00","2026-09-10 09:00:00","CAPE","surface",-74.208,19.59,2967
"2026-09-09 18:00:00","2026-09-10 09:00:00","CAPE","surface",-74.1841,19.59,3008
"2026-09-09 18:00:00","2026-09-10 09:00:00","CAPE","surface",-74.1602,19.59,3008
"2026-09-09 18:00:00","2026-09-10 09:00:00","CAPE","surface",-74.1363,19.59,3019
"2026-09-09 18:00:00","2026-09-10 09:00:00","CAPE","surface",-74.1123,19.59,3012
"2026-09-09 18:00:00","2026-09-10 09:00:00","CAPE","surface",-74.0884,19.59,2969
"2026-09-09 18:00:00","2026-09-10 09:00:00","CAPE","surface",-74.0645,19.59,2820
"2026-09-09 18:00:00","2026-09-10 09:00:00","CAPE","surface",-74.0406,19.59,2749
"2026-09-09 18:00:00","2026-09-10 09:00:00","CAPE","surface",-74.0166,19.59,2689
"2026-09-09 18:00:00","2026-09-10 09:00:00","CAPE","surface",-73.9927,19.59,2634
"2026-09-09 18:00:00","2026-09-10 09:00:00","CAPE","surface",-73.9688,19.59,2671
"2026-09-09 18:00:00","2026-09-10 09:00:00","CAPE","surface",-73.9449,19.59,2629
"2026-09-09 18:00:00","2026-09-10 09:00:00","CAPE","surface",-73.9209,19.59,2541
"2026-09-09 18:00:00","2026-09-10 09:00:00","CAPE","surface",-73.897,19.59,2389
"2026-09-09 18:00:00","2026-09-10 09:00:00","CAPE","surface",-73.8731,19.59,2210
"2026-09-09 18:00:00","2026-09-10 09:00:00","CAPE","surface",-73.8492,19.59,2210
"2026-09-09 18:00:00","2026-09-10 09:00:00","CAPE","surface",-73.8252,19.59,2062
"2026-09-09 18:00:00","2026-09-10 09:00:00","CAPE","surface",-73.8013,19.59,1963
"2026-09-09 18:00:00","2026-09-10 09:00:00","CAPE","surface",-73.7774,19.59,1989
"2026-09-09 18:00:00","2026-09-10 09:00:00","CAPE","surface",-73.7535,19.59,1950
"2026-09-09 18:00:00","2026-09-10 09:00:00","CAPE","surface",-73.7295,19.59,1944
"2026-09-09 18:00:00","2026-09-10 09:00:00","CAPE","surface",-73.7056,19.59,1981
"2026-09-09 18:00:00","2026-09-10 09:00:00","CAPE","surface",-73.6817,19.59,1954
"2026-09-09 18:00:00","2026-09-10 09:00:00","CAPE","surface",-73.6578,19.59,1924
"2026-09-09 18:00:00","2026-09-10 09:00:00","CAPE","surface",-73.6338,19.59,1901
"2026-09-09 18:00:00","2026-09-10 09:00:00","CAPE","surface",-73.6099,19.59,1990
"2026-09-09 18:00:00","2026-09-10 09:00:00","CAPE","surface",-73.586,19.59,1990
"2026-09-09 18:00:00","2026-09-10 09:00:00","CAPE","surface",-73.5621,19.59,2027
"2026-09-09 18:00:00","2026-09-10 09:00:00","CAPE","surface",-73.5381,19.59,2054
"2026-09-09 18:00:00","2026-09-10 09:00:00","CAPE","surface",-73.5142,19.59,2114
"2026-09-09 18:00:00","2026-09-10 09:00:00","CAPE","surface",-73.4903,19.59,2150
"2026-09-09 18:00:00","2026-09-10 09:00:00","CAPE","surface",-73.4664,19.59,2253
"2026-09-09 18:00:00","2026-09-10 09:00:00","CAPE","surface",-73.4424,19.59,2248
"2026-09-09 18:00:00","2026-09-10 09:00:00","CAPE","surface",-73.4185,19.59,2091
"2026-09-09 18:00:00","2026-09-10 09:00:00","CAPE","surface",-73.3946,19.59,2057
"2026-09-09 18:00:00","2026-09-10 09:00:00","CAPE","surface",-73.3707,19.59,1559
"2026-09-09 18:00:00","2026-09-10 09:00:00","CAPE","surface",-73.3467,19.59,1559
"2026-09-09 18:00:00","2026-09-10 09:00:00","CAPE","surface",-73.3228,19.59,1484
"2026-09-09 18:00:00","2026-09-10 09:00:00","CAPE","surface",-73.2989,19.59,1376
"2026-09-09 18:00:00","2026-09-10 09:00:00","CAPE","surface",-73.275,19.59,1184
"2026-09-09 18:00:00","2026-09-10 09:00:00","CAPE","surface",-73.251,19.59,1265
"2026-09-09 18:00:00","2026-09-10 09:00:00","CAPE","surface",-73.2271,19.59,1318
"2026-09-09 18:00:00","2026-09-10 09:00:00","CAPE","surface",-73.2032,19.59,1318
"2026-09-09 18:00:00","2026-09-10 09:00:00","CAPE","surface",-73.1793,19.59,1273
"2026-09-09 18:00:00","2026-09-10 09:00:00","CAPE","surface",-73.1553,19.59,1294
"2026-09-09 18:00:00","2026-09-10 09:00:00","CAPE","surface",-73.1314,19.59,1166
"2026-09-09 18:00:00","2026-09-10 09:00:00","CAPE","surface",-73.1075,19.59,1174
"2026-09-09 18:00:00","2026-09-10 09:00:00","CAPE","surface",-73.0836,19.59,1052
"2026-09-09 18:00:00","2026-09-10 09:00:00","CAPE","surface",-73.0596,19.59,1126
"2026-09-09 18:00:00","2026-09-10 09:00:00","CAPE","surface",-73.0357,19.59,1058
"2026-09-09 18:00:00","2026-09-10 09:00:00","CAPE","surface",-73.0118,19.59,1115
"2026-09-09 18:00:00","2026-09-10 09:00:00","CAPE","surface",-72.9879,19.59,688
"2026-09-09 18:00:00","2026-09-10 09:00:00","CAPE","surface",-72.9639,19.59,688
"2026-09-09 18:00:00","2026-09-10 09:00:00","CAPE","surface",-72.94,19.59,522
"2026-09-09 18:00:00","2026-09-10 09:00:00","CAPE","surface",-72.9161,19.59,557
"2026-09-09 18:00:00","2026-09-10 09:00:00","CAPE","surface",-72.8922,19.59,597
"2026-09-09 18:00:00","2026-09-10 09:00:00","CAPE","surface",-72.8682,19.59,661
"2026-09-09 18:00:00","2026-09-10 09:00:00","CAPE","surface",-72.8443,19.59,661
"2026-09-09 18:00:00","2026-09-10 09:00:00","CAPE","surface",-72.8204,19.59,795
"2026-09-09 18:00:00","2026-09-10 09:00:00","CAPE","surface",-72.7965,19.59,768
"2026-09-09 18:00:00","2026-09-10 09:00:00","CAPE","surface",-72.7725,19.59,718
"2026-09-09 18:00:00","2026-09-10 09:00:00","CAPE","surface",-72.7486,19.59,677
"2026-09-09 18:00:00","2026-09-10 09:00:00","CAPE","surface",-72.7247,19.59,580
"2026-09-09 18:00:00","2026-09-10 09:00:00","CAPE","surface",-72.7008,19.59,558
"2026-09-09 18:00:00","2026-09-10 09:00:00","CAPE","surface",-72.6768,19.59,525
"2026-09-09 18:00:00","2026-09-10 09:00:00","CAPE","surface",-72.6529,19.59,500
"2026-09-09 18:00:00","2026-09-10 09:00:00","CAPE","surface",-72.629,19.59,524
"2026-09-09 18:00:00","2026-09-10 09:00:00","CAPE","surface",-72.6051,19.59,524
"2026-09-09 18:00:00","2026-09-10 09:00:00","CAPE","surface",-72.5811,19.59,567
"2026-09-09 18:00:00","2026-09-10 09:00:00","CAPE","surface",-72.5572,19.59,549
"2026-09-09 18:00:00","2026-09-10 09:00:00","CAPE","surface",-72.5333,19.59,540
"2026-09-09 18:00:00","2026-09-10 09:00:00","CAPE","surface",-72.5094,19.59,509
"2026-09-09 18:00:00","2026-09-10 09:00:00","CAPE","surface",-72.4854,19.59,535
"2026-09-09 18:00:00","2026-09-10 09:00:00","CAPE","surface",-72.4615,19.59,553
"2026-09-09 18:00:00","2026-09-10 09:00:00","CAPE","surface",-72.4376,19.59,551
"2026-09-09 18:00:00","2026-09-10 09:00:00","CAPE","surface",-72.4137,19.59,479
"2026-09-09 18:00:00","2026-09-10 09:00:00","CAPE","surface",-72.3897,19.59,494
"2026-09-09 18:00:00","2026-09-10 09:00:00","CAPE","surface",-72.3658,19.59,494
"2026-09-09 18:00:00","2026-09-10 09:00:00","CAPE","surface",-72.3419,19.59,448
"2026-09-09 18:00:00","2026-09-10 09:00:00","CAPE","surface",-72.318,19.59,384
"2026-09-09 18:00:00","2026-09-10 09:00:00","CAPE","surface",-72.294,19.59,330
"2026-09-09 18:00:00","2026-09-10 09:00:00","CAPE","surface",-72.2701,19.59,531
"2026-09-09 18:00:00","2026-09-10 09:00:00","CAPE","surface",-72.2462,19.59,531
"2026-09-09 18:00:00","2026-09-10 09:00:00","CAPE","surface",-72.2223,19.59,437
"2026-09-09 18:00:00","2026-09-10 09:00:00","CAPE","surface",-72.1983,19.59,366
"2026-09-09 18:00:00","2026-09-10 09:00:00","CAPE","surface",-72.1744,19.59,471
"2026-09-09 18:00:00","2026-09-10 09:00:00","CAPE","surface",-72.1505,19.59,376
"2026-09-09 18:00:00","2026-09-10 09:00:00","CAPE","surface",-72.1266,19.59,436
"2026-09-09 18:00:00","2026-09-10 09:00:00","CAPE","surface",-72.1026,19.59,488
"2026-09-09 18:00:00","2026-09-10 09:00:00","CAPE","surface",-72.0787,19.59,586
"2026-09-09 18:00:00","2026-09-10 09:00:00","CAPE","surface",-72.0548,19.59,559
"2026-09-09 18:00:00","2026-09-10 09:00:00","CAPE","surface",-72.0309,19.59,506
"2026-09-09 18:00:00","2026-09-10 09:00:00","CAPE","surface",-72.0069,19.59,506
"2026-09-09 18:00:00","2026-09-10 09:00:00","CAPE","surface",-71.983,19.59,444
"2026-09-09 18:00:00","2026-09-10 09:00:00","CAPE","surface",-71.9591,19.59,446
"2026-09-09 18:00:00","2026-09-10 09:00:00","CAPE","surface",-71.9352,19.59,623
"2026-09-09 18:00:00","2026-09-10 09:00:00","CAPE","surface",-71.9112,19.59,640
"2026-09-09 18:00:00","2026-09-10 09:00:00","CAPE","surface",-71.8873,19.59,678
"2026-09-09 18:00:00","2026-09-10 09:00:00","CAPE","surface",-71.8634,19.59,691
"2026-09-09 18:00:00","2026-09-10 09:00:00","CAPE","surface",-71.8395,19.59,686
"2026-09-09 18:00:00","2026-09-10 09:00:00","CAPE","surface",-71.8155,19.59,694
"2026-09-09 18:00:00","2026-09-10 09:00:00","CAPE","surface",-71.7916,19.59,685
"2026-09-09 18:00:00","2026-09-10 09:00:00","CAPE","surface",-71.7677,19.59,730
"2026-09-09 18:00:00","2026-09-10 09:00:00","CAPE","surface",-71.7438,19.59,717
"2026-09-09 18:00:00","2026-09-10 09:00:00","CAPE","surface",-71.7198,19.59,688
"2026-09-09 18:00:00","2026-09-10 09:00:00","CAPE","surface",-71.6959,19.59,627
"2026-09-09 18:00:00","2026-09-10 09:00:00","CAPE","surface",-71.672,19.59,751
"2026-09-09 18:00:00","2026-09-10 09:00:00","CAPE","surface",-71.6481,19.59,743
"2026-09-09 18:00:00","2026-09-10 09:00:00","CAPE","surface",-71.6241,19.59,858
"2026-09-09 18:00:00","2026-09-10 09:00:00","CAPE","surface",-71.6002,19.59,865
"2026-09-09 18:00:00","2026-09-10 09:00:00","CAPE","surface",-71.5763,19.59,897
"2026-09-09 18:00:00","2026-09-10 09:00:00","CAPE","surface",-71.5524,19.59,897
"2026-09-09 18:00:00","2026-09-10 09:00:00","CAPE","surface",-71.5284,19.59,892
"2026-09-09 18:00:00","2026-09-10 09:00:00","CAPE","surface",-71.5045,19.59,898
"2026-09-09 18:00:00","2026-09-10 09:00:00","CAPE","surface",-71.4806,19.59,894
"2026-09-09 18:00:00","2026-09-10 09:00:00","CAPE","surface",-71.4567,19.59,874
"2026-09-09 18:00:00","2026-09-10 09:00:00","CAPE","surface",-71.4327,19.59,874
"2026-09-09 18:00:00","2026-09-10 09:00:00","CAPE","surface",-71.4088,19.59,841
"2026-09-09 18:00:00","2026-09-10 09:00:00","CAPE","surface",-71.3849,19.59,859
"2026-09-09 18:00:00","2026-09-10 09:00:00","CAPE","surface",-71.361,19.59,838
"2026-09-09 18:00:00","2026-09-10 09:00:00","CAPE","surface",-71.337,19.59,852
"2026-09-09 18:00:00","2026-09-10 09:00:00","CAPE","surface",-71.3131,19.59,819
"2026-09-09 18:00:00","2026-09-10 09:00:00","CAPE","surface",-71.2892,19.59,838
"2026-09-09 18:00:00","2026-09-10 09:00:00","CAPE","surface",-71.2653,19.59,823
"2026-09-09 18:00:00","2026-09-10 09:00:00","CAPE","surface",-71.2413,19.59,841
"2026-09-09 18:00:00","2026-09-10 09:00:00","CAPE","surface",-71.2174,19.59,814
"2026-09-09 18:00:00","2026-09-10 09:00:00","CAPE","surface",-71.1935,19.59,819
"2026-09-09 18:00:00","2026-09-10 09:00:00","CAPE","surface",-71.1696,19.59,816
"2026-09-09 18:00:00","2026-09-10 09:00:00","CAPE","surface",-71.1456,19.59,827
"2026-09-09 18:00:00","2026-09-10 09:00:00","CAPE","surface",-71.1217,19.59,832
"2026-09-09 18:00:00","2026-09-10 09:00:00","CAPE","surface",-71.0978,19.59,832
"2026-09-09 18:00:00","2026-09-10 09:00:00","CAPE","surface",-71.0739,19.59,843
"2026-09-09 18:00:00","2026-09-10 09:00:00","CAPE","surface",-71.0499,19.59,868
"2026-09-09 18:00:00","2026-09-10 09:00:00","CAPE","surface",-71.026,19.59,868
"2026-09-09 18:00:00","2026-09-10 09:00:00","CAPE","surface",-71.0021,19.59,899
"2026-09-09 18:00:00","2026-09-10 09:00:00","CAPE","surface",-70.9782,19.59,899
"2026-09-09 18:00:00","2026-09-10 09:00:00","CAPE","surface",-70.9542,19.59,930
"2026-09-09 18:00:00","2026-09-10 09:00:00","CAPE","surface",-70.9303,19.59,954
"2026-09-09 18:00:00","2026-09-10 09:00:00","CAPE","surface",-70.9064,19.59,965
"2026-09-09 18:00:00","2026-09-10 09:00:00","CAPE","surface",-70.8825,19.59,965
"2026-09-09 18:00:00","2026-09-10 09:00:00","CAPE","surface",-70.8585,19.59,985
"2026-09-09 18:00:00","2026-09-10 09:00:00","CAPE","surface",-70.8346,19.59,1007
"2026-09-09 18:00:00","2026-09-10 09:00:00","CAPE","surface",-70.8107,19.59,1001
"2026-09-09 18:00:00","2026-09-10 09:00:00","CAPE","surface",-70.7868,19.59,1031
"2026-09-09 18:00:00","2026-09-10 09:00:00","CAPE","surface",-70.7628,19.59,982
"2026-09-09 18:00:00","2026-09-10 09:00:00","CAPE","surface",-70.7389,19.59,960
"2026-09-09 18:00:00","2026-09-10 09:00:00","CAPE","surface",-70.715,19.59,1025
"2026-09-09 18:00:00","2026-09-10 09:00:00","CAPE","surface",-70.6911,19.59,910
"2026-09-09 18:00:00","2026-09-10 09:00:00","CAPE","surface",-70.6671,19.59,933
"2026-09-09 18:00:00","2026-09-10 09:00:00","CAPE","surface",-70.6432,19.59,909
"2026-09-09 18:00:00","2026-09-10 09:00:00","CAPE","surface",-70.6193,19.59,930
"2026-09-09 18:00:00","2026-09-10 09:00:00","CAPE","surface",-70.5954,19.59,1190
"2026-09-09 18:00:00","2026-09-10 09:00:00","CAPE","surface",-70.5714,19.59,1229
"2026-09-09 18:00:00","2026-09-10 09:00:00","CAPE","surface",-70.5475,19.59,1380
"2026-09-09 18:00:00","2026-09-10 09:00:00","CAPE","surface",-70.5236,19.59,1408
"2026-09-09 18:00:00","2026-09-10 09:00:00","CAPE","surface",-70.4997,19.59,1529
"2026-09-09 18:00:00","2026-09-10 09:00:00","CAPE","surface",-70.4757,19.59,1507
"2026-09-09 18:00:00","2026-09-10 09:00:00","CAPE","surface",-70.4518,19.59,1627
"2026-09-09 18:00:00","2026-09-10 09:00:00","CAPE","surface",-70.4279,19.59,1859
"2026-09-09 18:00:00","2026-09-10 09:00:00","CAPE","surface",-70.404,19.59,1833
"2026-09-09 18:00:00","2026-09-10 09:00:00","CAPE","surface",-70.38,19.59,2018
"2026-09-09 18:00:00","2026-09-10 09:00:00","CAPE","surface",-70.3561,19.59,1931
"2026-09-09 18:00:00","2026-09-10 09:00:00","CAPE","surface",-70.3322,19.59,2234
"2026-09-09 18:00:00","2026-09-10 09:00:00","CAPE","surface",-70.3083,19.59,2191
"2026-09-09 18:00:00","2026-09-10 09:00:00","CAPE","surface",-70.2843,19.59,2251
"2026-09-09 18:00:00","2026-09-10 09:00:00","CAPE","surface",-70.2604,19.59,2225
"2026-09-09 18:00:00","2026-09-10 09:00:00","CAPE","surface",-70.2365,19.59,2171
"2026-09-09 18:00:00","2026-09-10 09:00:00","CAPE","surface",-70.2126,19.59,2171
"2026-09-09 18:00:00","2026-09-10 09:00:00","CAPE","surface",-70.1886,19.59,2145
"2026-09-09 18:00:00","2026-09-10 09:00:00","CAPE","surface",-70.1647,19.59,2098
"2026-09-09 18:00:00","2026-09-10 09:00:00","CAPE","surface",-70.1408,19.59,2142
"2026-09-09 18:00:00","2026-09-10 09:00:00","CAPE","surface",-70.1169,19.59,2193
"2026-09-09 18:00:00","2026-09-10 09:00:00","CAPE","surface",-70.0929,19.59,2183
"2026-09-09 18:00:00","2026-09-10 09:00:00","CAPE","surface",-70.069,19.59,2295
"2026-09-09 18:00:00","2026-09-10 09:00:00","CAPE","surface",-70.0451,19.59,2448
"2026-09-09 18:00:00","2026-09-10 09:00:00","CAPE","surface",-70.0212,19.59,2530
"2026-09-09 18:00:00","2026-09-10 09:00:00","CAPE","surface",-69.9972,19.59,2530
"2026-09-09 18:00:00","2026-09-10 09:00:00","CAPE","surface",-69.9733,19.59,2604
"2026-09-09 18:00:00","2026-09-10 09:00:00","CAPE","surface",-69.9494,19.59,2638
"2026-09-09 18:00:00","2026-09-10 09:00:00","CAPE","surface",-69.9255,19.59,2720
"2026-09-09 18:00:00","2026-09-10 09:00:00","CAPE","surface",-69.9015,19.59,2720
"2026-09-09 18:00:00","2026-09-10 09:00:00","CAPE","surface",-69.8776,19.59,2820
"2026-09-09 18:00:00","2026-09-10 09:00:00","CAPE","surface",-69.8537,19.59,2714
"2026-09-09 18:00:00","2026-09-10 09:00:00","CAPE","surface",-69.8298,19.59,2615
"2026-09-09 18:00:00","2026-09-10 09:00:00","CAPE","surface",-69.8058,19.59,2661
"2026-09-09 18:00:00","2026-09-10 09:00:00","CAPE","surface",-69.7819,19.59,2661
"2026-09-09 18:00:00","2026-09-10 09:00:00","CAPE","surface",-69.758,19.59,2701
"2026-09-09 18:00:00","2026-09-10 09:00:00","CAPE","surface",-69.7341,19.59,2711
"2026-09-09 18:00:00","2026-09-10 09:00:00","CAPE","surface",-69.7101,19.59,2865
"2026-09-09 18:00:00","2026-09-10 09:00:00","CAPE","surface",-69.6862,19.59,2865
"2026-09-09 18:00:00","2026-09-10 09:00:00","CAPE","surface",-69.6623,19.59,3007
"2026-09-09 18:00:00","2026-09-10 09:00:00","CAPE","surface",-69.6384,19.59,3023
"2026-09-09 18:00:00","2026-09-10 09:00:00","CAPE","surface",-69.6144,19.59,2883
"2026-09-09 18:00:00","2026-09-10 09:00:00","CAPE","surface",-69.5905,19.59,2649
"2026-09-09 18:00:00","2026-09-10 09:00:00","CAPE","surface",-69.5666,19.59,2649
"2026-09-09 18:00:00","2026-09-10 09:00:00","CAPE","surface",-69.5427,19.59,2545
"2026-09-09 18:00:00","2026-09-10 09:00:00","CAPE","surface",-69.5187,19.59,2531
"2026-09-09 18:00:00","2026-09-10 09:00:00","CAPE","surface",-69.4948,19.59,2606
"2026-09-09 18:00:00","2026-09-10 09:00:00","CAPE","surface",-69.4709,19.59,2606
"2026-09-09 18:00:00","2026-09-10 09:00:00","CAPE","surface",-69.447,19.59,2666
"2026-09-09 18:00:00","2026-09-10 09:00:00","CAPE","surface",-69.423,19.59,2648
"2026-09-09 18:00:00","2026-09-10 09:00:00","CAPE","surface",-69.3991,19.59,2698
"2026-09-09 18:00:00","2026-09-10 09:00:00","CAPE","surface",-69.3752,19.59,2698
"2026-09-09 18:00:00","2026-09-10 09:00:00","CAPE","surface",-69.3513,19.59,2781
"2026-09-09 18:00:00","2026-09-10 09:00:00","CAPE","surface",-69.3273,19.59,2811
"2026-09-09 18:00:00","2026-09-10 09:00:00","CAPE","surface",-69.3034,19.59,2832
"2026-09-09 18:00:00","2026-09-10 09:00:00","CAPE","surface",-69.2795,19.59,2770
"2026-09-09 18:00:00","2026-09-10 09:00:00","CAPE","surface",-69.2556,19.59,2770
"2026-09-09 18:00:00","2026-09-10 09:00:00","CAPE","surface",-69.2316,19.59,2696
"2026-09-09 18:00:00","2026-09-10 09:00:00","CAPE","surface",-69.2077,19.59,2709
"2026-09-09 18:00:00","2026-09-10 09:00:00","CAPE","surface",-69.1838,19.59,2694
"2026-09-09 18:00:00","2026-09-10 09:00:00","CAPE","surface",-69.1599,19.59,2694
"2026-09-09 18:00:00","2026-09-10 09:00:00","CAPE","surface",-69.1359,19.59,2783
"2026-09-09 18:00:00","2026-09-10 09:00:00","CAPE","surface",-69.112,19.59,2897
"2026-09-09 18:00:00","2026-09-10 09:00:00","CAPE","surface",-69.0881,19.59,3090
"2026-09-09 18:00:00","2026-09-10 09:00:00","CAPE","surface",-69.0642,19.59,3163
"2026-09-09 18:00:00","2026-09-10 09:00:00","CAPE","surface",-69.0402,19.59,3156
"2026-09-09 18:00:00","2026-09-10 09:00:00","CAPE","surface",-69.0163,19.59,3085
"2026-09-09 18:00:00","2026-09-10 09:00:00","CAPE","surface",-68.9924,19.59,2993
"2026-09-09 18:00:00","2026-09-10 09:00:00","CAPE","surface",-68.9685,19.59,3005
"2026-09-09 18:00:00","2026-09-10 09:00:00","CAPE","surface",-68.9445,19.59,2867
"2026-09-09 18:00:00","2026-09-10 09:00:00","CAPE","surface",-68.9206,19.59,2827
"2026-09-09 18:00:00","2026-09-10 09:00:00","CAPE","surface",-68.8967,19.59,2771
"2026-09-09 18:00:00","2026-09-10 09:00:00","CAPE","surface",-68.8728,19.59,2833
"2026-09-09 18:00:00","2026-09-10 09:00:00","CAPE","surface",-68.8488,19.59,2903
"2026-09-09 18:00:00","2026-09-10 09:00:00","CAPE","surface",-68.8249,19.59,2824
"2026-09-09 18:00:00","2026-09-10 09:00:00","CAPE","surface",-68.801,19.59,2874
"2026-09-09 18:00:00","2026-09-10 09:00:00","CAPE","surface",-68.7771,19.59,2838
"2026-09-09 18:00:00","2026-09-10 09:00:00","CAPE","surface",-68.7531,19.59,2917
"2026-09-09 18:00:00","2026-09-10 09:00:00","CAPE","surface",-68.7292,19.59,2842
"2026-09-09 18:00:00","2026-09-10 09:00:00","CAPE","surface",-68.7053,19.59,2755
"2026-09-09 18:00:00","2026-09-10 09:00:00","CAPE","surface",-68.6813,19.59,2736
"2026-09-09 18:00:00","2026-09-10 09:00:00","CAPE","surface",-68.6574,19.59,2768
"2026-09-09 18:00:00","2026-09-10 09:00:00","CAPE","surface",-68.6335,19.59,2744
"2026-09-09 18:00:00","2026-09-10 09:00:00","CAPE","surface",-68.6096,19.59,2798
"2026-09-09 18:00:00","2026-09-10 09:00:00","CAPE","surface",-68.5856,19.59,2865
"2026-09-09 18:00:00","2026-09-10 09:00:00","CAPE","surface",-68.5617,19.59,2865
"2026-09-09 18:00:00","2026-09-10 09:00:00","CAPE","surface",-68.5378,19.59,2882
"2026-09-09 18:00:00","2026-09-10 09:00:00","CAPE","surface",-68.5139,19.59,2873
"2026-09-09 18:00:00","2026-09-10 09:00:00","CAPE","surface",-68.4899,19.59,2866
"2026-09-09 18:00:00","2026-09-10 09:00:00","CAPE","surface",-68.466,19.59,2873
"2026-09-09 18:00:00","2026-09-10 09:00:00","CAPE","surface",-68.4421,19.59,2932
"2026-09-09 18:00:00","2026-09-10 09:00:00","CAPE","surface",-68.4182,19.59,3018
"2026-09-09 18:00:00","2026-09-10 09:00:00","CAPE","surface",-68.3942,19.59,3207
"2026-09-09 18:00:00","2026-09-10 09:00:00","CAPE","surface",-68.3703,19.59,3289
"2026-09-09 18:00:00","2026-09-10 09:00:00","CAPE","surface",-68.3464,19.59,3289
"2026-09-09 18:00:00","2026-09-10 09:00:00","CAPE","surface",-68.3225,19.59,3235
"2026-09-09 18:00:00","2026-09-10 09:00:00","CAPE","surface",-68.2985,19.59,3190
"2026-09-09 18:00:00","2026-09-10 09:00:00","CAPE","surface",-68.2746,19.59,3190
"2026-09-09 18:00:00","2026-09-10 09:00:00","CAPE","surface",-68.2507,19.59,3190
"2026-09-09 18:00:00","2026-09-10 09:00:00","CAPE","surface",-68.2268,19.59,3231
"2026-09-09 18:00:00","2026-09-10 09:00:00","CAPE","surface",-68.2028,19.59,3343
"2026-09-09 18:00:00","2026-09-10 09:00:00","CAPE","surface",-68.1789,19.59,3469
"2026-09-09 18:00:00","2026-09-10 09:00:00","CAPE","surface",-68.155,19.59,3134
"2026-09-09 18:00:00","2026-09-10 09:00:00","CAPE","surface",-68.1311,19.59,3237
"2026-09-09 18:00:00","2026-09-10 09:00:00","CAPE","surface",-68.1071,19.59,2981
"2026-09-09 18:00:00","2026-09-10 09:00:00","CAPE","surface",-68.0832,19.59,3058
"2026-09-09 18:00:00","2026-09-10 09:00:00","CAPE","surface",-68.0593,19.59,2925
"2026-09-09 18:00:00","2026-09-10 09:00:00","CAPE","surface",-68.0354,19.59,3056
"2026-09-09 18:00:00","2026-09-10 09:00:00","CAPE","surface",-68.0114,19.59,3065
"2026-09-09 18:00:00","2026-09-10 09:00:00","CAPE","surface",-67.9875,19.59,2935
"2026-09-09 18:00:00","2026-09-10 09:00:00","CAPE","surface",-67.9636,19.59,2935
"2026-09-09 18:00:00","2026-09-10 09:00:00","CAPE","surface",-67.9397,19.59,2761
"2026-09-09 18:00:00","2026-09-10 09:00:00","CAPE","surface",-67.9157,19.59,2781
"2026-09-09 18:00:00","2026-09-10 09:00:00","CAPE","surface",-67.8918,19.59,2741
"2026-09-09 18:00:00","2026-09-10 09:00:00","CAPE","surface",-67.8679,19.59,2741
"2026-09-09 18:00:00","2026-09-10 09:00:00","CAPE","surface",-67.844,19.59,2680
"2026-09-09 18:00:00","2026-09-10 09:00:00","CAPE","surface",-67.82,19.59,2695
"2026-09-09 18:00:00","2026-09-10 09:00:00","CAPE","surface",-67.7961,19.59,2652
"2026-09-09 18:00:00","2026-09-10 09:00:00","CAPE","surface",-67.7722,19.59,2638
"2026-09-09 18:00:00","2026-09-10 09:00:00","CAPE","surface",-67.7483,19.59,2638
"2026-09-09 18:00:00","2026-09-10 09:00:00","CAPE","surface",-67.7243,19.59,2870
"2026-09-09 18:00:00","2026-09-10 09:00:00","CAPE","surface",-67.7004,19.59,2951
"2026-09-09 18:00:00","2026-09-10 09:00:00","CAPE","surface",-67.6765,19.59,2803
"2026-09-09 18:00:00","2026-09-10 09:00:00","CAPE","surface",-67.6526,19.59,2803
"2026-09-09 18:00:00","2026-09-10 09:00:00","CAPE","surface",-67.6286,19.59,2386
"2026-09-09 18:00:00","2026-09-10 09:00:00","CAPE","surface",-67.6047,19.59,2299
"2026-09-09 18:00:00","2026-09-10 09:00:00","CAPE","surface",-67.5808,19.59,2188
"2026-09-09 18:00:00","2026-09-10 09:00:00","CAPE","surface",-67.5569,19.59,1915
"2026-09-09 18:00:00","2026-09-10 09:00:00","CAPE","surface",-67.5329,19.59,1699
"2026-09-09 18:00:00","2026-09-10 09:00:00","CAPE","surface",-67.509,19.59,1370
"2026-09-09 18:00:00","2026-09-10 09:00:00","CAPE","surface",-67.4851,19.59,1350
"2026-09-09 18:00:00","2026-09-10 09:00:00","CAPE","surface",-67.4612,19.59,1295
"2026-09-09 18:00:00","2026-09-10 09:00:00","CAPE","surface",-67.4372,19.59,1374
"2026-09-09 18:00:00","2026-09-10 09:00:00","CAPE","surface",-67.4133,19.59,1678
"2026-09-09 18:00:00","2026-09-10 09:00:00","CAPE","surface",-67.3894,19.59,2029
"2026-09-09 18:00:00","2026-09-10 09:00:00","CAPE","surface",-67.3655,19.59,2029
"2026-09-09 18:00:00","2026-09-10 09:00:00","CAPE","surface",-67.3415,19.59,2204
"2026-09-09 18:00:00","2026-09-10 09:00:00","CAPE","surface",-67.3176,19.59,2258
"2026-09-09 18:00:00","2026-09-10 09:00:00","CAPE","surface",-67.2937,19.59,2088
"2026-09-09 18:00:00","2026-09-10 09:00:00","CAPE","surface",-67.2698,19.59,2088
"2026-09-09 18:00:00","2026-09-10 09:00:00","CAPE","surface",-67.2458,19.59,1713
"2026-09-09 18:00:00","2026-09-10 09:00:00","CAPE","surface",-67.2219,19.59,1862
"2026-09-09 18:00:00","2026-09-10 09:00:00","CAPE","surface",-67.198,19.59,1960
"2026-09-09 18:00:00","2026-09-10 09:00:00","CAPE","surface",-67.1741,19.59,1803
"2026-09-09 18:00:00","2026-09-10 09:00:00","CAPE","surface",-67.1501,19.59,2224
"2026-09-09 18:00:00","2026-09-10 09:00:00","CAPE","surface",-67.1262,19.59,2468
"2026-09-09 18:00:00","2026-09-10 09:00:00","CAPE","surface",-67.1023,19.59,2715
"2026-09-09 18:00:00","2026-09-10 09:00:00","CAPE","surface",-67.0784,19.59,2469
"2026-09-09 18:00:00","2026-09-10 09:00:00","CAPE","surface",-67.0544,19.59,2731
"2026-09-09 18:00:00","2026-09-10 09:00:00","CAPE","surface",-67.0305,19.59,2783
"2026-09-09 18:00:00","2026-09-10 09:00:00","CAPE","surface",-67.0066,19.59,2934
"2026-09-09 18:00:00","2026-09-10 09:00:00","CAPE","surface",-74.7822,19.6126,2162
"2026-09-09 18:00:00","2026-09-10 09:00:00","CAPE","surface",-74.7583,19.6126,2280
"2026-09-09 18:00:00","2026-09-10 09:00:00","CAPE","surface",-74.7344,19.6126,2364
"2026-09-09 18:00:00","2026-09-10 09:00:00","CAPE","surface",-74.7105,19.6126,2353
"2026-09-09 18:00:00","2026-09-10 09:00:00","CAPE","surface",-74.6865,19.6126,2395
"2026-09-09 18:00:00","2026-09-10 09:00:00","CAPE","surface",-74.6626,19.6126,2368
"2026-09-09 18:00:00","2026-09-10 09:00:00","CAPE","surface",-74.6387,19.6126,2394
"2026-09-09 18:00:00","2026-09-10 09:00:00","CAPE","surface",-74.6148,19.6126,2368
"2026-09-09 18:00:00","2026-09-10 09:00:00","CAPE","surface",-74.5908,19.6126,2402
"2026-09-09 18:00:00","2026-09-10 09:00:00","CAPE","surface",-74.5669,19.6126,2363
"2026-09-09 18:00:00","2026-09-10 09:00:00","CAPE","surface",-74.543,19.6126,2399
"2026-09-09 18:00:00","2026-09-10 09:00:00","CAPE","surface",-74.5191,19.6126,2406
"2026-09-09 18:00:00","2026-09-10 09:00:00","CAPE","surface",-74.4951,19.6126,2456
"2026-09-09 18:00:00","2026-09-10 09:00:00","CAPE","surface",-74.4712,19.6126,2468
"2026-09-09 18:00:00","2026-09-10 09:00:00","CAPE","surface",-74.4473,19.6126,2424
"2026-09-09 18:00:00","2026-09-10 09:00:00","CAPE","surface",-74.4234,19.6126,2474
"2026-09-09 18:00:00","2026-09-10 09:00:00","CAPE","surface",-74.3994,19.6126,2464
"2026-09-09 18:00:00","2026-09-10 09:00:00","CAPE","surface",-74.3755,19.6126,2463
"2026-09-09 18:00:00","2026-09-10 09:00:00","CAPE","surface",-74.3516,19.6126,2398
"2026-09-09 18:00:00","2026-09-10 09:00:00","CAPE","surface",-74.3277,19.6126,2373
"2026-09-09 18:00:00","2026-09-10 09:00:00","CAPE","surface",-74.3037,19.6126,2327
"2026-09-09 18:00:00","2026-09-10 09:00:00","CAPE","surface",-74.2798,19.6126,2346
"2026-09-09 18:00:00","2026-09-10 09:00:00","CAPE","surface",-74.2559,19.6126,2590
"2026-09-09 18:00:00","2026-09-10 09:00:00","CAPE","surface",-74.232,19.6126,2806
"2026-09-09 18:00:00","2026-09-10 09:00:00","CAPE","surface",-74.208,19.6126,2996
"2026-09-09 18:00:00","2026-09-10 09:00:00","CAPE","surface",-74.1841,19.6126,2996
"2026-09-09 18:00:00","2026-09-10 09:00:00","CAPE","surface",-74.1602,19.6126,2976
"2026-09-09 18:00:00","2026-09-10 09:00:00","CAPE","surface",-74.1363,19.6126,2998
"2026-09-09 18:00:00","2026-09-10 09:00:00","CAPE","surface",-74.1123,19.6126,2969
"2026-09-09 18:00:00","2026-09-10 09:00:00","CAPE","surface",-74.0884,19.6126,2939
"2026-09-09 18:00:00","2026-09-10 09:00:00","CAPE","surface",-74.0645,19.6126,2775
"2026-09-09 18:00:00","2026-09-10 09:00:00","CAPE","surface",-74.0406,19.6126,2775
"2026-09-09 18:00:00","2026-09-10 09:00:00","CAPE","surface",-74.0166,19.6126,2729
"2026-09-09 18:00:00","2026-09-10 09:00:00","CAPE","surface",-73.9927,19.6126,2717
"2026-09-09 18:00:00","2026-09-10 09:00:00","CAPE","surface",-73.9688,19.6126,2707
"2026-09-09 18:00:00","2026-09-10 09:00:00","CAPE","surface",-73.9449,19.6126,2646
"2026-09-09 18:00:00","2026-09-10 09:00:00","CAPE","surface",-73.9209,19.6126,2630
"2026-09-09 18:00:00","2026-09-10 09:00:00","CAPE","surface",-73.897,19.6126,2492
"2026-09-09 18:00:00","2026-09-10 09:00:00","CAPE","surface",-73.8731,19.6126,2324
"2026-09-09 18:00:00","2026-09-10 09:00:00","CAPE","surface",-73.8492,19.6126,2200
"2026-09-09 18:00:00","2026-09-10 09:00:00","CAPE","surface",-73.8252,19.6126,2051
"2026-09-09 18:00:00","2026-09-10 09:00:00","CAPE","surface",-73.8013,19.6126,2008
"2026-09-09 18:00:00","2026-09-10 09:00:00","CAPE","surface",-73.7774,19.6126,2076
"2026-09-09 18:00:00","2026-09-10 09:00:00","CAPE","surface",-73.7535,19.6126,2045
"2026-09-09 18:00:00","2026-09-10 09:00:00","CAPE","surface",-73.7295,19.6126,2034
"2026-09-09 18:00:00","2026-09-10 09:00:00","CAPE","surface",-73.7056,19.6126,1981
"2026-09-09 18:00:00","2026-09-10 09:00:00","CAPE","surface",-73.6817,19.6126,1944
"2026-09-09 18:00:00","2026-09-10 09:00:00","CAPE","surface",-73.6578,19.6126,1944
"2026-09-09 18:00:00","2026-09-10 09:00:00","CAPE","surface",-73.6338,19.6126,1934
"2026-09-09 18:00:00","2026-09-10 09:00:00","CAPE","surface",-73.6099,19.6126,1955
"2026-09-09 18:00:00","2026-09-10 09:00:00","CAPE","surface",-73.586,19.6126,1983
"2026-09-09 18:00:00","2026-09-10 09:00:00","CAPE","surface",-73.5621,19.6126,2027
"2026-09-09 18:00:00","2026-09-10 09:00:00","CAPE","surface",-73.5381,19.6126,2026
"2026-09-09 18:00:00","2026-09-10 09:00:00","CAPE","surface",-73.5142,19.6126,2073
"2026-09-09 18:00:00","2026-09-10 09:00:00","CAPE","surface",-73.4903,19.6126,2257
"2026-09-09 18:00:00","2026-09-10 09:00:00","CAPE","surface",-73.4664,19.6126,2253
"2026-09-09 18:00:00","2026-09-10 09:00:00","CAPE","surface",-73.4424,19.6126,2089
"2026-09-09 18:00:00","2026-09-10 09:00:00","CAPE","surface",-73.4185,19.6126,2089
"2026-09-09 18:00:00","2026-09-10 09:00:00","CAPE","surface",-73.3946,19.6126,1785
"2026-09-09 18:00:00","2026-09-10 09:00:00","CAPE","surface",-73.3707,19.6126,1655
"2026-09-09 18:00:00","2026-09-10 09:00:00","CAPE","surface",-73.3467,19.6126,1483
"2026-09-09 18:00:00","2026-09-10 09:00:00","CAPE","surface",-73.3228,19.6126,1484
"2026-09-09 18:00:00","2026-09-10 09:00:00","CAPE","surface",-73.2989,19.6126,1303
"2026-09-09 18:00:00","2026-09-10 09:00:00","CAPE","surface",-73.275,19.6126,1303
"2026-09-09 18:00:00","2026-09-10 09:00:00","CAPE","surface",-73.251,19.6126,989
"2026-09-09 18:00:00","2026-09-10 09:00:00","CAPE","surface",-73.2271,19.6126,843
"2026-09-09 18:00:00","2026-09-10 09:00:00","CAPE","surface",-73.2032,19.6126,1218
"2026-09-09 18:00:00","2026-09-10 09:00:00","CAPE","surface",-73.1793,19.6126,1130
"2026-09-09 18:00:00","2026-09-10 09:00:00","CAPE","surface",-73.1553,19.6126,1130
"2026-09-09 18:00:00","2026-09-10 09:00:00","CAPE","surface",-73.1314,19.6126,926
"2026-09-09 18:00:00","2026-09-10 09:00:00","CAPE","surface",-73.1075,19.6126,1058
"2026-09-09 18:00:00","2026-09-10 09:00:00","CAPE","surface",-73.0836,19.6126,961
"2026-09-09 18:00:00","2026-09-10 09:00:00","CAPE","surface",-73.0596,19.6126,1000
"2026-09-09 18:00:00","2026-09-10 09:00:00","CAPE","surface",-73.0357,19.6126,693
"2026-09-09 18:00:00","2026-09-10 09:00:00","CAPE","surface",-73.0118,19.6126,703
"2026-09-09 18:00:00","2026-09-10 09:00:00","CAPE","surface",-72.9879,19.6126,560
"2026-09-09 18:00:00","2026-09-10 09:00:00","CAPE","surface",-72.9639,19.6126,534
"2026-09-09 18:00:00","2026-09-10 09:00:00","CAPE","surface",-72.94,19.6126,546
"2026-09-09 18:00:00","2026-09-10 09:00:00","CAPE","surface",-72.9161,19.6126,546
"2026-09-09 18:00:00","2026-09-10 09:00:00","CAPE","surface",-72.8922,19.6126,581
"2026-09-09 18:00:00","2026-09-10 09:00:00","CAPE","surface",-72.8682,19.6126,615
"2026-09-09 18:00:00","2026-09-10 09:00:00","CAPE","surface",-72.8443,19.6126,756
"2026-09-09 18:00:00","2026-09-10 09:00:00","CAPE","surface",-72.8204,19.6126,795
"2026-09-09 18:00:00","2026-09-10 09:00:00","CAPE","surface",-72.7965,19.6126,740
"2026-09-09 18:00:00","2026-09-10 09:00:00","CAPE","surface",-72.7725,19.6126,736
"2026-09-09 18:00:00","2026-09-10 09:00:00","CAPE","surface",-72.7486,19.6126,634
"2026-09-09 18:00:00","2026-09-10 09:00:00","CAPE","surface",-72.7247,19.6126,580
"2026-09-09 18:00:00","2026-09-10 09:00:00","CAPE","surface",-72.7008,19.6126,532
"2026-09-09 18:00:00","2026-09-10 09:00:00","CAPE","surface",-72.6768,19.6126,532
"2026-09-09 18:00:00","2026-09-10 09:00:00","CAPE","surface",-72.6529,19.6126,514
"2026-09-09 18:00:00","2026-09-10 09:00:00","CAPE","surface",-72.629,19.6126,519
"2026-09-09 18:00:00","2026-09-10 09:00:00","CAPE","surface",-72.6051,19.6126,571
"2026-09-09 18:00:00","2026-09-10 09:00:00","CAPE","surface",-72.5811,19.6126,588
"2026-09-09 18:00:00","2026-09-10 09:00:00","CAPE","surface",-72.5572,19.6126,588
"2026-09-09 18:00:00","2026-09-10 09:00:00","CAPE","surface",-72.5333,19.6126,507
"2026-09-09 18:00:00","2026-09-10 09:00:00","CAPE","surface",-72.5094,19.6126,524
"2026-09-09 18:00:00","2026-09-10 09:00:00","CAPE","surface",-72.4854,19.6126,553
"2026-09-09 18:00:00","2026-09-10 09:00:00","CAPE","surface",-72.4615,19.6126,554
"2026-09-09 18:00:00","2026-09-10 09:00:00","CAPE","surface",-72.4376,19.6126,533
"2026-09-09 18:00:00","2026-09-10 09:00:00","CAPE","surface",-72.4137,19.6126,535
"2026-09-09 18:00:00","2026-09-10 09:00:00","CAPE","surface",-72.3897,19.6126,580
"2026-09-09 18:00:00","2026-09-10 09:00:00","CAPE","surface",-72.3658,19.6126,493
"2026-09-09 18:00:00","2026-09-10 09:00:00","CAPE","surface",-72.3419,19.6126,459
"2026-09-09 18:00:00","2026-09-10 09:00:00","CAPE","surface",-72.318,19.6126,459
"2026-09-09 18:00:00","2026-09-10 09:00:00","CAPE","surface",-72.294,19.6126,581
"2026-09-09 18:00:00","2026-09-10 09:00:00","CAPE","surface",-72.2701,19.6126,566
"2026-09-09 18:00:00","2026-09-10 09:00:00","CAPE","surface",-72.2462,19.6126,602
"2026-09-09 18:00:00","2026-09-10 09:00:00","CAPE","surface",-72.2223,19.6126,437
"2026-09-09 18:00:00","2026-09-10 09:00:00","CAPE","surface",-72.1983,19.6126,563
"2026-09-09 18:00:00","2026-09-10 09:00:00","CAPE","surface",-72.1744,19.6126,476
"2026-09-09 18:00:00","2026-09-10 09:00:00","CAPE","surface",-72.1505,19.6126,544
"2026-09-09 18:00:00","2026-09-10 09:00:00","CAPE","surface",-72.1266,19.6126,436
"2026-09-09 18:00:00","2026-09-10 09:00:00","CAPE","surface",-72.1026,19.6126,573
"2026-09-09 18:00:00","2026-09-10 09:00:00","CAPE","surface",-72.0787,19.6126,543
"2026-09-09 18:00:00","2026-09-10 09:00:00","CAPE","surface",-72.0548,19.6126,548
"2026-09-09 18:00:00","2026-09-10 09:00:00","CAPE","surface",-72.0309,19.6126,502
"2026-09-09 18:00:00","2026-09-10 09:00:00","CAPE","surface",-72.0069,19.6126,474
"2026-09-09 18:00:00","2026-09-10 09:00:00","CAPE","surface",-71.983,19.6126,595
"2026-09-09 18:00:00","2026-09-10 09:00:00","CAPE","surface",-71.9591,19.6126,595
"2026-09-09 18:00:00","2026-09-10 09:00:00","CAPE","surface",-71.9352,19.6126,686
"2026-09-09 18:00:00","2026-09-10 09:00:00","CAPE","surface",-71.9112,19.6126,684
"2026-09-09 18:00:00","2026-09-10 09:00:00","CAPE","surface",-71.8873,19.6126,703
"2026-09-09 18:00:00","2026-09-10 09:00:00","CAPE","surface",-71.8634,19.6126,691
"2026-09-09 18:00:00","2026-09-10 09:00:00","CAPE","surface",-71.8395,19.6126,707
"2026-09-09 18:00:00","2026-09-10 09:00:00","CAPE","surface",-71.8155,19.6126,704
"2026-09-09 18:00:00","2026-09-10 09:00:00","CAPE","surface",-71.7916,19.6126,724
"2026-09-09 18:00:00","2026-09-10 09:00:00","CAPE","surface",-71.7677,19.6126,730
"2026-09-09 18:00:00","2026-09-10 09:00:00","CAPE","surface",-71.7438,19.6126,725
"2026-09-09 18:00:00","2026-09-10 09:00:00","CAPE","surface",-71.7198,19.6126,725
"2026-09-09 18:00:00","2026-09-10 09:00:00","CAPE","surface",-71.6959,19.6126,768
"2026-09-09 18:00:00","2026-09-10 09:00:00","CAPE","surface",-71.672,19.6126,751
"2026-09-09 18:00:00","2026-09-10 09:00:00","CAPE","surface",-71.6481,19.6126,843
"2026-09-09 18:00:00","2026-09-10 09:00:00","CAPE","surface",-71.6241,19.6126,860
"2026-09-09 18:00:00","2026-09-10 09:00:00","CAPE","surface",-71.6002,19.6126,860
"2026-09-09 18:00:00","2026-09-10 09:00:00","CAPE","surface",-71.5763,19.6126,849
"2026-09-09 18:00:00","2026-09-10 09:00:00","CAPE","surface",-71.5524,19.6126,870
"2026-09-09 18:00:00","2026-09-10 09:00:00","CAPE","surface",-71.5284,19.6126,864
"2026-09-09 18:00:00","2026-09-10 09:00:00","CAPE","surface",-71.5045,19.6126,864
"2026-09-09 18:00:00","2026-09-10 09:00:00","CAPE","surface",-71.4806,19.6126,836
"2026-09-09 18:00:00","2026-09-10 09:00:00","CAPE","surface",-71.4567,19.6126,857
"2026-09-09 18:00:00","2026-09-10 09:00:00","CAPE","surface",-71.4327,19.6126,829
"2026-09-09 18:00:00","2026-09-10 09:00:00","CAPE","surface",-71.4088,19.6126,841
"2026-09-09 18:00:00","2026-09-10 09:00:00","CAPE","surface",-71.3849,19.6126,817
"2026-09-09 18:00:00","2026-09-10 09:00:00","CAPE","surface",-71.361,19.6126,826
"2026-09-09 18:00:00","2026-09-10 09:00:00","CAPE","surface",-71.337,19.6126,814
"2026-09-09 18:00:00","2026-09-10 09:00:00","CAPE","surface",-71.3131,19.6126,819
"2026-09-09 18:00:00","2026-09-10 09:00:00","CAPE","surface",-71.2892,19.6126,815
"2026-09-09 18:00:00","2026-09-10 09:00:00","CAPE","surface",-71.2653,19.6126,815
"2026-09-09 18:00:00","2026-09-10 09:00:00","CAPE","surface",-71.2413,19.6126,812
"2026-09-09 18:00:00","2026-09-10 09:00:00","CAPE","surface",-71.2174,19.6126,822
"2026-09-09 18:00:00","2026-09-10 09:00:00","CAPE","surface",-71.1935,19.6126,817
"2026-09-09 18:00:00","2026-09-10 09:00:00","CAPE","surface",-71.1696,19.6126,829
"2026-09-09 18:00:00","2026-09-10 09:00:00","CAPE","surface",-71.1456,19.6126,828
"2026-09-09 18:00:00","2026-09-10 09:00:00","CAPE","surface",-71.1217,19.6126,844
"2026-09-09 18:00:00","2026-09-10 09:00:00","CAPE","surface",-71.0978,19.6126,844
"2026-09-09 18:00:00","2026-09-10 09:00:00","CAPE","surface",-71.0739,19.6126,862
"2026-09-09 18:00:00","2026-09-10 09:00:00","CAPE","surface",-71.0499,19.6126,862
"2026-09-09 18:00:00","2026-09-10 09:00:00","CAPE","surface",-71.026,19.6126,890
"2026-09-09 18:00:00","2026-09-10 09:00:00","CAPE","surface",-71.0021,19.6126,893
"2026-09-09 18:00:00","2026-09-10 09:00:00","CAPE","surface",-70.9782,19.6126,919
"2026-09-09 18:00:00","2026-09-10 09:00:00","CAPE","surface",-70.9542,19.6126,930
"2026-09-09 18:00:00","2026-09-10 09:00:00","CAPE","surface",-70.9303,19.6126,932
"2026-09-09 18:00:00","2026-09-10 09:00:00","CAPE","surface",-70.9064,19.6126,942
"2026-09-09 18:00:00","2026-09-10 09:00:00","CAPE","surface",-70.8825,19.6126,978
"2026-09-09 18:00:00","2026-09-10 09:00:00","CAPE","surface",-70.8585,19.6126,963
"2026-09-09 18:00:00","2026-09-10 09:00:00","CAPE","surface",-70.8346,19.6126,963
"2026-09-09 18:00:00","2026-09-10 09:00:00","CAPE","surface",-70.8107,19.6126,868
"2026-09-09 18:00:00","2026-09-10 09:00:00","CAPE","surface",-70.7868,19.6126,914
"2026-09-09 18:00:00","2026-09-10 09:00:00","CAPE","surface",-70.7628,19.6126,890
"2026-09-09 18:00:00","2026-09-10 09:00:00","CAPE","surface",-70.7389,19.6126,960
"2026-09-09 18:00:00","2026-09-10 09:00:00","CAPE","surface",-70.715,19.6126,857
"2026-09-09 18:00:00","2026-09-10 09:00:00","CAPE","surface",-70.6911,19.6126,886
"2026-09-09 18:00:00","2026-09-10 09:00:00","CAPE","surface",-70.6671,19.6126,906
"2026-09-09 18:00:00","2026-09-10 09:00:00","CAPE","surface",-70.6432,19.6126,909
"2026-09-09 18:00:00","2026-09-10 09:00:00","CAPE","surface",-70.6193,19.6126,1180
"2026-09-09 18:00:00","2026-09-10 09:00:00","CAPE","surface",-70.5954,19.6126,1180
"2026-09-09 18:00:00","2026-09-10 09:00:00","CAPE","surface",-70.5714,19.6126,1340
"2026-09-09 18:00:00","2026-09-10 09:00:00","CAPE","surface",-70.5475,19.6126,1507
"2026-09-09 18:00:00","2026-09-10 09:00:00","CAPE","surface",-70.5236,19.6126,1539
"2026-09-09 18:00:00","2026-09-10 09:00:00","CAPE","surface",-70.4997,19.6126,1686
"2026-09-09 18:00:00","2026-09-10 09:00:00","CAPE","surface",-70.4757,19.6126,1711
"2026-09-09 18:00:00","2026-09-10 09:00:00","CAPE","surface",-70.4518,19.6126,1846
"2026-09-09 18:00:00","2026-09-10 09:00:00","CAPE","surface",-70.4279,19.6126,1859
"2026-09-09 18:00:00","2026-09-10 09:00:00","CAPE","surface",-70.404,19.6126,2041
"2026-09-09 18:00:00","2026-09-10 09:00:00","CAPE","surface",-70.38,19.6126,2041
"2026-09-09 18:00:00","2026-09-10 09:00:00","CAPE","surface",-70.3561,19.6126,2238
"2026-09-09 18:00:00","2026-09-10 09:00:00","CAPE","surface",-70.3322,19.6126,2234
"2026-09-09 18:00:00","2026-09-10 09:00:00","CAPE","surface",-70.3083,19.6126,2294
"2026-09-09 18:00:00","2026-09-10 09:00:00","CAPE","surface",-70.2843,19.6126,2294
"2026-09-09 18:00:00","2026-09-10 09:00:00","CAPE","surface",-70.2604,19.6126,2323
"2026-09-09 18:00:00","2026-09-10 09:00:00","CAPE","surface",-70.2365,19.6126,2363
"2026-09-09 18:00:00","2026-09-10 09:00:00","CAPE","surface",-70.2126,19.6126,2190
"2026-09-09 18:00:00","2026-09-10 09:00:00","CAPE","surface",-70.1886,19.6126,2322
"2026-09-09 18:00:00","2026-09-10 09:00:00","CAPE","surface",-70.1647,19.6126,2322
"2026-09-09 18:00:00","2026-09-10 09:00:00","CAPE","surface",-70.1408,19.6126,2404
"2026-09-09 18:00:00","2026-09-10 09:00:00","CAPE","surface",-70.1169,19.6126,2193
"2026-09-09 18:00:00","2026-09-10 09:00:00","CAPE","surface",-70.0929,19.6126,2205
"2026-09-09 18:00:00","2026-09-10 09:00:00","CAPE","surface",-70.069,19.6126,2205
"2026-09-09 18:00:00","2026-09-10 09:00:00","CAPE","surface",-70.0451,19.6126,2337
"2026-09-09 18:00:00","2026-09-10 09:00:00","CAPE","surface",-70.0212,19.6126,2466
"2026-09-09 18:00:00","2026-09-10 09:00:00","CAPE","surface",-69.9972,19.6126,2548
"2026-09-09 18:00:00","2026-09-10 09:00:00","CAPE","surface",-69.9733,19.6126,2658
"2026-09-09 18:00:00","2026-09-10 09:00:00","CAPE","surface",-69.9494,19.6126,2658
"2026-09-09 18:00:00","2026-09-10 09:00:00","CAPE","surface",-69.9255,19.6126,2690
"2026-09-09 18:00:00","2026-09-10 09:00:00","CAPE","surface",-69.9015,19.6126,2727
"2026-09-09 18:00:00","2026-09-10 09:00:00","CAPE","surface",-69.8776,19.6126,2846
"2026-09-09 18:00:00","2026-09-10 09:00:00","CAPE","surface",-69.8537,19.6126,2846
"2026-09-09 18:00:00","2026-09-10 09:00:00","CAPE","surface",-69.8298,19.6126,2628
"2026-09-09 18:00:00","2026-09-10 09:00:00","CAPE","surface",-69.8058,19.6126,2625
"2026-09-09 18:00:00","2026-09-10 09:00:00","CAPE","surface",-69.7819,19.6126,2722
"2026-09-09 18:00:00","2026-09-10 09:00:00","CAPE","surface",-69.758,19.6126,2701
"2026-09-09 18:00:00","2026-09-10 09:00:00","CAPE","surface",-69.7341,19.6126,2787
"2026-09-09 18:00:00","2026-09-10 09:00:00","CAPE","surface",-69.7101,19.6126,2811
"2026-09-09 18:00:00","2026-09-10 09:00:00","CAPE","surface",-69.6862,19.6126,2914
"2026-09-09 18:00:00","2026-09-10 09:00:00","CAPE","surface",-69.6623,19.6126,2974
"2026-09-09 18:00:00","2026-09-10 09:00:00","CAPE","surface",-69.6384,19.6126,2974
"2026-09-09 18:00:00","2026-09-10 09:00:00","CAPE","surface",-69.6144,19.6126,2834
"2026-09-09 18:00:00","2026-09-10 09:00:00","CAPE","surface",-69.5905,19.6126,2768
"2026-09-09 18:00:00","2026-09-10 09:00:00","CAPE","surface",-69.5666,19.6126,2576
"2026-09-09 18:00:00","2026-09-10 09:00:00","CAPE","surface",-69.5427,19.6126,2576
"2026-09-09 18:00:00","2026-09-10 09:00:00","CAPE","surface",-69.5187,19.6126,2582
"2026-09-09 18:00:00","2026-09-10 09:00:00","CAPE","surface",-69.4948,19.6126,2577
"2026-09-09 18:00:00","2026-09-10 09:00:00","CAPE","surface",-69.4709,19.6126,2694
"2026-09-09 18:00:00","2026-09-10 09:00:00","CAPE","surface",-69.447,19.6126,2734
"2026-09-09 18:00:00","2026-09-10 09:00:00","CAPE","surface",-69.423,19.6126,2734
"2026-09-09 18:00:00","2026-09-10 09:00:00","CAPE","surface",-69.3991,19.6126,2789
"2026-09-09 18:00:00","2026-09-10 09:00:00","CAPE","surface",-69.3752,19.6126,2785
"2026-09-09 18:00:00","2026-09-10 09:00:00","CAPE","surface",-69.3513,19.6126,2806
"2026-09-09 18:00:00","2026-09-10 09:00:00","CAPE","surface",-69.3273,19.6126,2806
"2026-09-09 18:00:00","2026-09-10 09:00:00","CAPE","surface",-69.3034,19.6126,2783
"2026-09-09 18:00:00","2026-09-10 09:00:00","CAPE","surface",-69.2795,19.6126,2765
"2026-09-09 18:00:00","2026-09-10 09:00:00","CAPE","surface",-69.2556,19.6126,2702
"2026-09-09 18:00:00","2026-09-10 09:00:00","CAPE","surface",-69.2316,19.6126,2702
"2026-09-09 18:00:00","2026-09-10 09:00:00","CAPE","surface",-69.2077,19.6126,2679
"2026-09-09 18:00:00","2026-09-10 09:00:00","CAPE","surface",-69.1838,19.6126,2653
"2026-09-09 18:00:00","2026-09-10 09:00:00","CAPE","surface",-69.1599,19.6126,2686
"2026-09-09 18:00:00","2026-09-10 09:00:00","CAPE","surface",-69.1359,19.6126,2918
"2026-09-09 18:00:00","2026-09-10 09:00:00","CAPE","surface",-69.112,19.6126,2918
"2026-09-09 18:00:00","2026-09-10 09:00:00","CAPE","surface",-69.0881,19.6126,3116
"2026-09-09 18:00:00","2026-09-10 09:00:00","CAPE","surface",-69.0642,19.6126,3163
"2026-09-09 18:00:00","2026-09-10 09:00:00","CAPE","surface",-69.0402,19.6126,3144
"2026-09-09 18:00:00","2026-09-10 09:00:00","CAPE","surface",-69.0163,19.6126,3144
"2026-09-09 18:00:00","2026-09-10 09:00:00","CAPE","surface",-68.9924,19.6126,3084
"2026-09-09 18:00:00","2026-09-10 09:00:00","CAPE","surface",-68.9685,19.6126,3005
"2026-09-09 18:00:00","2026-09-10 09:00:00","CAPE","surface",-68.9445,19.6126,2930
"2026-09-09 18:00:00","2026-09-10 09:00:00","CAPE","surface",-68.9206,19.6126,3053
"2026-09-09 18:00:00","2026-09-10 09:00:00","CAPE","surface",-68.8967,19.6126,2964
"2026-09-09 18:00:00","2026-09-10 09:00:00","CAPE","surface",-68.8728,19.6126,3043
"2026-09-09 18:00:00","2026-09-10 09:00:00","CAPE","surface",-68.8488,19.6126,2903
"2026-09-09 18:00:00","2026-09-10 09:00:00","CAPE","surface",-68.8249,19.6126,3087
"2026-09-09 18:00:00","2026-09-10 09:00:00","CAPE","surface",-68.801,19.6126,2924
"2026-09-09 18:00:00","2026-09-10 09:00:00","CAPE","surface",-68.7771,19.6126,3070
"2026-09-09 18:00:00","2026-09-10 09:00:00","CAPE","surface",-68.7531,19.6126,2917
"2026-09-09 18:00:00","2026-09-10 09:00:00","CAPE","surface",-68.7292,19.6126,2835
"2026-09-09 18:00:00","2026-09-10 09:00:00","CAPE","surface",-68.7053,19.6126,2848
"2026-09-09 18:00:00","2026-09-10 09:00:00","CAPE","surface",-68.6813,19.6126,2779
"2026-09-09 18:00:00","2026-09-10 09:00:00","CAPE","surface",-68.6574,19.6126,2810
"2026-09-09 18:00:00","2026-09-10 09:00:00","CAPE","surface",-68.6335,19.6126,2802
"2026-09-09 18:00:00","2026-09-10 09:00:00","CAPE","surface",-68.6096,19.6126,2859
"2026-09-09 18:00:00","2026-09-10 09:00:00","CAPE","surface",-68.5856,19.6126,2863
"2026-09-09 18:00:00","2026-09-10 09:00:00","CAPE","surface",-68.5617,19.6126,2891
"2026-09-09 18:00:00","2026-09-10 09:00:00","CAPE","surface",-68.5378,19.6126,2882
"2026-09-09 18:00:00","2026-09-10 09:00:00","CAPE","surface",-68.5139,19.6126,2900
"2026-09-09 18:00:00","2026-09-10 09:00:00","CAPE","surface",-68.4899,19.6126,2930
"2026-09-09 18:00:00","2026-09-10 09:00:00","CAPE","surface",-68.466,19.6126,2926
"2026-09-09 18:00:00","2026-09-10 09:00:00","CAPE","surface",-68.4421,19.6126,3013
"2026-09-09 18:00:00","2026-09-10 09:00:00","CAPE","surface",-68.4182,19.6126,3013
"2026-09-09 18:00:00","2026-09-10 09:00:00","CAPE","surface",-68.3942,19.6126,3192
"2026-09-09 18:00:00","2026-09-10 09:00:00","CAPE","surface",-68.3703,19.6126,3276
"2026-09-09 18:00:00","2026-09-10 09:00:00","CAPE","surface",-68.3464,19.6126,3276
"2026-09-09 18:00:00","2026-09-10 09:00:00","CAPE","surface",-68.3225,19.6126,3276
"2026-09-09 18:00:00","2026-09-10 09:00:00","CAPE","surface",-68.2985,19.6126,3137
"2026-09-09 18:00:00","2026-09-10 09:00:00","CAPE","surface",-68.2746,19.6126,3077
"2026-09-09 18:00:00","2026-09-10 09:00:00","CAPE","surface",-68.2507,19.6126,3148
"2026-09-09 18:00:00","2026-09-10 09:00:00","CAPE","surface",-68.2268,19.6126,3179
"2026-09-09 18:00:00","2026-09-10 09:00:00","CAPE","surface",-68.2028,19.6126,3179
"2026-09-09 18:00:00","2026-09-10 09:00:00","CAPE","surface",-68.1789,19.6126,3052
"2026-09-09 18:00:00","2026-09-10 09:00:00","CAPE","surface",-68.155,19.6126,3134
"2026-09-09 18:00:00","2026-09-10 09:00:00","CAPE","surface",-68.1311,19.6126,2960
"2026-09-09 18:00:00","2026-09-10 09:00:00","CAPE","surface",-68.1071,19.6126,2960
"2026-09-09 18:00:00","2026-09-10 09:00:00","CAPE","surface",-68.0832,19.6126,2895
"2026-09-09 18:00:00","2026-09-10 09:00:00","CAPE","surface",-68.0593,19.6126,2865
"2026-09-09 18:00:00","2026-09-10 09:00:00","CAPE","surface",-68.0354,19.6126,2914
"2026-09-09 18:00:00","2026-09-10 09:00:00","CAPE","surface",-68.0114,19.6126,2809
"2026-09-09 18:00:00","2026-09-10 09:00:00","CAPE","surface",-67.9875,19.6126,2849
"2026-09-09 18:00:00","2026-09-10 09:00:00","CAPE","surface",-67.9636,19.6126,2752
"2026-09-09 18:00:00","2026-09-10 09:00:00","CAPE","surface",-67.9397,19.6126,2761
"2026-09-09 18:00:00","2026-09-10 09:00:00","CAPE","surface",-67.9157,19.6126,2732
"2026-09-09 18:00:00","2026-09-10 09:00:00","CAPE","surface",-67.8918,19.6126,2736
"2026-09-09 18:00:00","2026-09-10 09:00:00","CAPE","surface",-67.8679,19.6126,2692
"2026-09-09 18:00:00","2026-09-10 09:00:00","CAPE","surface",-67.844,19.6126,2649
"2026-09-09 18:00:00","2026-09-10 09:00:00","CAPE","surface",-67.82,19.6126,2649
"2026-09-09 18:00:00","2026-09-10 09:00:00","CAPE","surface",-67.7961,19.6126,2601
"2026-09-09 18:00:00","2026-09-10 09:00:00","CAPE","surface",-67.7722,19.6126,2610
"2026-09-09 18:00:00","2026-09-10 09:00:00","CAPE","surface",-67.7483,19.6126,2745
"2026-09-09 18:00:00","2026-09-10 09:00:00","CAPE","surface",-67.7243,19.6126,2745
"2026-09-09 18:00:00","2026-09-10 09:00:00","CAPE","surface",-67.7004,19.6126,3050
"2026-09-09 18:00:00","2026-09-10 09:00:00","CAPE","surface",-67.6765,19.6126,2981
"2026-09-09 18:00:00","2026-09-10 09:00:00","CAPE","surface",-67.6526,19.6126,2579
"2026-09-09 18:00:00","2026-09-10 09:00:00","CAPE","surface",-67.6286,19.6126,2453
"2026-09-09 18:00:00","2026-09-10 09:00:00","CAPE","surface",-67.6047,19.6126,2368
"2026-09-09 18:00:00","2026-09-10 09:00:00","CAPE","surface",-67.5808,19.6126,2164
"2026-09-09 18:00:00","2026-09-10 09:00:00","CAPE","surface",-67.5569,19.6126,1915
"2026-09-09 18:00:00","2026-09-10 09:00:00","CAPE","surface",-67.5329,19.6126,1645
"2026-09-09 18:00:00","2026-09-10 09:00:00","CAPE","surface",-67.509,19.6126,1458
"2026-09-09 18:00:00","2026-09-10 09:00:00","CAPE","surface",-67.4851,19.6126,1281
"2026-09-09 18:00:00","2026-09-10 09:00:00","CAPE","surface",-67.4612,19.6126,1296
"2026-09-09 18:00:00","2026-09-10 09:00:00","CAPE","surface",-67.4372,19.6126,1296
"2026-09-09 18:00:00","2026-09-10 09:00:00","CAPE","surface",-67.4133,19.6126,1656
"2026-09-09 18:00:00","2026-09-10 09:00:00","CAPE","surface",-67.3894,19.6126,1874
"2026-09-09 18:00:00","2026-09-10 09:00:00","CAPE","surface",-67.3655,19.6126,2155
"2026-09-09 18:00:00","2026-09-10 09:00:00","CAPE","surface",-67.3415,19.6126,2155
"2026-09-09 18:00:00","2026-09-10 09:00:00","CAPE","surface",-67.3176,19.6126,2098
"2026-09-09 18:00:00","2026-09-10 09:00:00","CAPE","surface",-67.2937,19.6126,2102
"2026-09-09 18:00:00","2026-09-10 09:00:00","CAPE","surface",-67.2698,19.6126,1651
"2026-09-09 18:00:00","2026-09-10 09:00:00","CAPE","surface",-67.2458,19.6126,1227
"2026-09-09 18:00:00","2026-09-10 09:00:00","CAPE","surface",-67.2219,19.6126,1397
"2026-09-09 18:00:00","2026-09-10 09:00:00","CAPE","surface",-67.198,19.6126,1455
"2026-09-09 18:00:00","2026-09-10 09:00:00","CAPE","surface",-67.1741,19.6126,1803
"2026-09-09 18:00:00","2026-09-10 09:00:00","CAPE","surface",-67.1501,19.6126,1643
"2026-09-09 18:00:00","2026-09-10 09:00:00","CAPE","surface",-67.1262,19.6126,2053
"2026-09-09 18:00:00","2026-09-10 09:00:00","CAPE","surface",-67.1023,19.6126,2185
"2026-09-09 18:00:00","2026-09-10 09:00:00","CAPE","surface",-67.0784,19.6126,2254
"2026-09-09 18:00:00","2026-09-10 09:00:00","CAPE","surface",-67.0544,19.6126,2254
"2026-09-09 18:00:00","2026-09-10 09:00:00","CAPE","surface",-67.0305,19.6126,2496
"2026-09-09 18:00:00","2026-09-10 09:00:00","CAPE","surface",-67.0066,19.6126,2727
"2026-09-09 18:00:00","2026-09-10 09:00:00","CAPE","surface",-74.7822,19.6351,2279
"2026-09-09 18:00:00","2026-09-10 09:00:00","CAPE","surface",-74.7583,19.6351,2337
"2026-09-09 18:00:00","2026-09-10 09:00:00","CAPE","surface",-74.7344,19.6351,2320
"2026-09-09 18:00:00","2026-09-10 09:00:00","CAPE","surface",-74.7105,19.6351,2351
"2026-09-09 18:00:00","2026-09-10 09:00:00","CAPE","surface",-74.6865,19.6351,2352
"2026-09-09 18:00:00","2026-09-10 09:00:00","CAPE","surface",-74.6626,19.6351,2326
"2026-09-09 18:00:00","2026-09-10 09:00:00","CAPE","surface",-74.6387,19.6351,2326
"2026-09-09 18:00:00","2026-09-10 09:00:00","CAPE","surface",-74.6148,19.6351,2310
"2026-09-09 18:00:00","2026-09-10 09:00:00","CAPE","surface",-74.5908,19.6351,2325
"2026-09-09 18:00:00","2026-09-10 09:00:00","CAPE","surface",-74.5669,19.6351,2306
"2026-09-09 18:00:00","2026-09-10 09:00:00","CAPE","surface",-74.543,19.6351,2358
"2026-09-09 18:00:00","2026-09-10 09:00:00","CAPE","surface",-74.5191,19.6351,2310
"2026-09-09 18:00:00","2026-09-10 09:00:00","CAPE","surface",-74.4951,19.6351,2356
"2026-09-09 18:00:00","2026-09-10 09:00:00","CAPE","surface",-74.4712,19.6351,2374
"2026-09-09 18:00:00","2026-09-10 09:00:00","CAPE","surface",-74.4473,19.6351,2424
"2026-09-09 18:00:00","2026-09-10 09:00:00","CAPE","surface",-74.4234,19.6351,2441
"2026-09-09 18:00:00","2026-09-10 09:00:00","CAPE","surface",-74.3994,19.6351,2464
"2026-09-09 18:00:00","2026-09-10 09:00:00","CAPE","surface",-74.3755,19.6351,2423
"2026-09-09 18:00:00","2026-09-10 09:00:00","CAPE","surface",-74.3516,19.6351,2417
"2026-09-09 18:00:00","2026-09-10 09:00:00","CAPE","surface",-74.3277,19.6351,2338
"2026-09-09 18:00:00","2026-09-10 09:00:00","CAPE","surface",-74.3037,19.6351,2327
"2026-09-09 18:00:00","2026-09-10 09:00:00","CAPE","surface",-74.2798,19.6351,2406
"2026-09-09 18:00:00","2026-09-10 09:00:00","CAPE","surface",-74.2559,19.6351,2406
"2026-09-09 18:00:00","2026-09-10 09:00:00","CAPE","surface",-74.232,19.6351,2804
"2026-09-09 18:00:00","2026-09-10 09:00:00","CAPE","surface",-74.208,19.6351,2936
"2026-09-09 18:00:00","2026-09-10 09:00:00","CAPE","surface",-74.1841,19.6351,2962
"2026-09-09 18:00:00","2026-09-10 09:00:00","CAPE","surface",-74.1602,19.6351,2976
"2026-09-09 18:00:00","2026-09-10 09:00:00","CAPE","surface",-74.1363,19.6351,2962
"2026-09-09 18:00:00","2026-09-10 09:00:00","CAPE","surface",-74.1123,19.6351,2962
"2026-09-09 18:00:00","2026-09-10 09:00:00","CAPE","surface",-74.0884,19.6351,2890
"2026-09-09 18:00:00","2026-09-10 09:00:00","CAPE","surface",-74.0645,19.6351,2841
"2026-09-09 18:00:00","2026-09-10 09:00:00","CAPE","surface",-74.0406,19.6351,2735
"2026-09-09 18:00:00","2026-09-10 09:00:00","CAPE","surface",-74.0166,19.6351,2729
"2026-09-09 18:00:00","2026-09-10 09:00:00","CAPE","surface",-73.9927,19.6351,2711
"2026-09-09 18:00:00","2026-09-10 09:00:00","CAPE","surface",-73.9688,19.6351,2724
"2026-09-09 18:00:00","2026-09-10 09:00:00","CAPE","surface",-73.9449,19.6351,2663
"2026-09-09 18:00:00","2026-09-10 09:00:00","CAPE","surface",-73.9209,19.6351,2630
"2026-09-09 18:00:00","2026-09-10 09:00:00","CAPE","surface",-73.897,19.6351,2449
"2026-09-09 18:00:00","2026-09-10 09:00:00","CAPE","surface",-73.8731,19.6351,2324
"2026-09-09 18:00:00","2026-09-10 09:00:00","CAPE","surface",-73.8492,19.6351,2320
"2026-09-09 18:00:00","2026-09-10 09:00:00","CAPE","surface",-73.8252,19.6351,2170
"2026-09-09 18:00:00","2026-09-10 09:00:00","CAPE","surface",-73.8013,19.6351,2162
"2026-09-09 18:00:00","2026-09-10 09:00:00","CAPE","surface",-73.7774,19.6351,2076
"2026-09-09 18:00:00","2026-09-10 09:00:00","CAPE","surface",-73.7535,19.6351,2144
"2026-09-09 18:00:00","2026-09-10 09:00:00","CAPE","surface",-73.7295,19.6351,2144
"2026-09-09 18:00:00","2026-09-10 09:00:00","CAPE","surface",-73.7056,19.6351,2037
"2026-09-09 18:00:00","2026-09-10 09:00:00","CAPE","surface",-73.6817,19.6351,2105
"2026-09-09 18:00:00","2026-09-10 09:00:00","CAPE","surface",-73.6578,19.6351,1971
"2026-09-09 18:00:00","2026-09-10 09:00:00","CAPE","surface",-73.6338,19.6351,2079
"2026-09-09 18:00:00","2026-09-10 09:00:00","CAPE","surface",-73.6099,19.6351,2079
"2026-09-09 18:00:00","2026-09-10 09:00:00","CAPE","surface",-73.586,19.6351,2124
"2026-09-09 18:00:00","2026-09-10 09:00:00","CAPE","surface",-73.5621,19.6351,2006
"2026-09-09 18:00:00","2026-09-10 09:00:00","CAPE","surface",-73.5381,19.6351,2274
"2026-09-09 18:00:00","2026-09-10 09:00:00","CAPE","surface",-73.5142,19.6351,2253
"2026-09-09 18:00:00","2026-09-10 09:00:00","CAPE","surface",-73.4903,19.6351,2170
"2026-09-09 18:00:00","2026-09-10 09:00:00","CAPE","surface",-73.4664,19.6351,2170
"2026-09-09 18:00:00","2026-09-10 09:00:00","CAPE","surface",-73.4424,19.6351,2038
"2026-09-09 18:00:00","2026-09-10 09:00:00","CAPE","surface",-73.4185,19.6351,1919
"2026-09-09 18:00:00","2026-09-10 09:00:00","CAPE","surface",-73.3946,19.6351,1798
"2026-09-09 18:00:00","2026-09-10 09:00:00","CAPE","surface",-73.3707,19.6351,1615
"2026-09-09 18:00:00","2026-09-10 09:00:00","CAPE","surface",-73.3467,19.6351,1796
"2026-09-09 18:00:00","2026-09-10 09:00:00","CAPE","surface",-73.3228,19.6351,1626
"2026-09-09 18:00:00","2026-09-10 09:00:00","CAPE","surface",-73.2989,19.6351,1445
"2026-09-09 18:00:00","2026-09-10 09:00:00","CAPE","surface",-73.275,19.6351,1125
"2026-09-09 18:00:00","2026-09-10 09:00:00","CAPE","surface",-73.251,19.6351,686
"2026-09-09 18:00:00","2026-09-10 09:00:00","CAPE","surface",-73.2271,19.6351,686
"2026-09-09 18:00:00","2026-09-10 09:00:00","CAPE","surface",-73.2032,19.6351,722
"2026-09-09 18:00:00","2026-09-10 09:00:00","CAPE","surface",-73.1793,19.6351,1092
"2026-09-09 18:00:00","2026-09-10 09:00:00","CAPE","surface",-73.1553,19.6351,820
"2026-09-09 18:00:00","2026-09-10 09:00:00","CAPE","surface",-73.1314,19.6351,926
"2026-09-09 18:00:00","2026-09-10 09:00:00","CAPE","surface",-73.1075,19.6351,588
"2026-09-09 18:00:00","2026-09-10 09:00:00","CAPE","surface",-73.0836,19.6351,853
"2026-09-09 18:00:00","2026-09-10 09:00:00","CAPE","surface",-73.0596,19.6351,626
"2026-09-09 18:00:00","2026-09-10 09:00:00","CAPE","surface",-73.0357,19.6351,693
"2026-09-09 18:00:00","2026-09-10 09:00:00","CAPE","surface",-73.0118,19.6351,637
"2026-09-09 18:00:00","2026-09-10 09:00:00","CAPE","surface",-72.9879,19.6351,637
"2026-09-09 18:00:00","2026-09-10 09:00:00","CAPE","surface",-72.9639,19.6351,562
"2026-09-09 18:00:00","2026-09-10 09:00:00","CAPE","surface",-72.94,19.6351,541
"2026-09-09 18:00:00","2026-09-10 09:00:00","CAPE","surface",-72.9161,19.6351,577
"2026-09-09 18:00:00","2026-09-10 09:00:00","CAPE","surface",-72.8922,19.6351,611
"2026-09-09 18:00:00","2026-09-10 09:00:00","CAPE","surface",-72.8682,19.6351,611
"2026-09-09 18:00:00","2026-09-10 09:00:00","CAPE","surface",-72.8443,19.6351,721
"2026-09-09 18:00:00","2026-09-10 09:00:00","CAPE","surface",-72.8204,19.6351,740
"2026-09-09 18:00:00","2026-09-10 09:00:00","CAPE","surface",-72.7965,19.6351,696
"2026-09-09 18:00:00","2026-09-10 09:00:00","CAPE","surface",-72.7725,19.6351,682
"2026-09-09 18:00:00","2026-09-10 09:00:00","CAPE","surface",-72.7486,19.6351,555
"2026-09-09 18:00:00","2026-09-10 09:00:00","CAPE","surface",-72.7247,19.6351,552
"2026-09-09 18:00:00","2026-09-10 09:00:00","CAPE","surface",-72.7008,19.6351,517
"2026-09-09 18:00:00","2026-09-10 09:00:00","CAPE","surface",-72.6768,19.6351,512
"2026-09-09 18:00:00","2026-09-10 09:00:00","CAPE","surface",-72.6529,19.6351,496
"2026-09-09 18:00:00","2026-09-10 09:00:00","CAPE","surface",-72.629,19.6351,496
"2026-09-09 18:00:00","2026-09-10 09:00:00","CAPE","surface",-72.6051,19.6351,522
"2026-09-09 18:00:00","2026-09-10 09:00:00","CAPE","surface",-72.5811,19.6351,564
"2026-09-09 18:00:00","2026-09-10 09:00:00","CAPE","surface",-72.5572,19.6351,487
"2026-09-09 18:00:00","2026-09-10 09:00:00","CAPE","surface",-72.5333,19.6351,507
"2026-09-09 18:00:00","2026-09-10 09:00:00","CAPE","surface",-72.5094,19.6351,540
"2026-09-09 18:00:00","2026-09-10 09:00:00","CAPE","surface",-72.4854,19.6351,545
"2026-09-09 18:00:00","2026-09-10 09:00:00","CAPE","surface",-72.4615,19.6351,500
"2026-09-09 18:00:00","2026-09-10 09:00:00","CAPE","surface",-72.4376,19.6351,533
"2026-09-09 18:00:00","2026-09-10 09:00:00","CAPE","surface",-72.4137,19.6351,580
"2026-09-09 18:00:00","2026-09-10 09:00:00","CAPE","surface",-72.3897,19.6351,580
"2026-09-09 18:00:00","2026-09-10 09:00:00","CAPE","surface",-72.3658,19.6351,663
"2026-09-09 18:00:00","2026-09-10 09:00:00","CAPE","surface",-72.3419,19.6351,591
"2026-09-09 18:00:00","2026-09-10 09:00:00","CAPE","surface",-72.318,19.6351,628
"2026-09-09 18:00:00","2026-09-10 09:00:00","CAPE","surface",-72.294,19.6351,651
"2026-09-09 18:00:00","2026-09-10 09:00:00","CAPE","surface",-72.2701,19.6351,651
"2026-09-09 18:00:00","2026-09-10 09:00:00","CAPE","surface",-72.2462,19.6351,657
"2026-09-09 18:00:00","2026-09-10 09:00:00","CAPE","surface",-72.2223,19.6351,634
"2026-09-09 18:00:00","2026-09-10 09:00:00","CAPE","surface",-72.1983,19.6351,559
"2026-09-09 18:00:00","2026-09-10 09:00:00","CAPE","surface",-72.1744,19.6351,541
"2026-09-09 18:00:00","2026-09-10 09:00:00","CAPE","surface",-72.1505,19.6351,568
"2026-09-09 18:00:00","2026-09-10 09:00:00","CAPE","surface",-72.1266,19.6351,533
"2026-09-09 18:00:00","2026-09-10 09:00:00","CAPE","surface",-72.1026,19.6351,501
"2026-09-09 18:00:00","2026-09-10 09:00:00","CAPE","surface",-72.0787,19.6351,543
"2026-09-09 18:00:00","2026-09-10 09:00:00","CAPE","surface",-72.0548,19.6351,515
"2026-09-09 18:00:00","2026-09-10 09:00:00","CAPE","surface",-72.0309,19.6351,515
"2026-09-09 18:00:00","2026-09-10 09:00:00","CAPE","surface",-72.0069,19.6351,643
"2026-09-09 18:00:00","2026-09-10 09:00:00","CAPE","surface",-71.983,19.6351,630
"2026-09-09 18:00:00","2026-09-10 09:00:00","CAPE","surface",-71.9591,19.6351,691
"2026-09-09 18:00:00","2026-09-10 09:00:00","CAPE","surface",-71.9352,19.6351,686
"2026-09-09 18:00:00","2026-09-10 09:00:00","CAPE","surface",-71.9112,19.6351,725
"2026-09-09 18:00:00","2026-09-10 09:00:00","CAPE","surface",-71.8873,19.6351,710
"2026-09-09 18:00:00","2026-09-10 09:00:00","CAPE","surface",-71.8634,19.6351,750
"2026-09-09 18:00:00","2026-09-10 09:00:00","CAPE","surface",-71.8395,19.6351,716
"2026-09-09 18:00:00","2026-09-10 09:00:00","CAPE","surface",-71.8155,19.6351,715
"2026-09-09 18:00:00","2026-09-10 09:00:00","CAPE","surface",-71.7916,19.6351,753
"2026-09-09 18:00:00","2026-09-10 09:00:00","CAPE","surface",-71.7677,19.6351,753
"2026-09-09 18:00:00","2026-09-10 09:00:00","CAPE","surface",-71.7438,19.6351,779
"2026-09-09 18:00:00","2026-09-10 09:00:00","CAPE","surface",-71.7198,19.6351,785
"2026-09-09 18:00:00","2026-09-10 09:00:00","CAPE","surface",-71.6959,19.6351,819
"2026-09-09 18:00:00","2026-09-10 09:00:00","CAPE","surface",-71.672,19.6351,819
"2026-09-09 18:00:00","2026-09-10 09:00:00","CAPE","surface",-71.6481,19.6351,825
"2026-09-09 18:00:00","2026-09-10 09:00:00","CAPE","surface",-71.6241,19.6351,836
"2026-09-09 18:00:00","2026-09-10 09:00:00","CAPE","surface",-71.6002,19.6351,832
"2026-09-09 18:00:00","2026-09-10 09:00:00","CAPE","surface",-71.5763,19.6351,849
"2026-09-09 18:00:00","2026-09-10 09:00:00","CAPE","surface",-71.5524,19.6351,825
"2026-09-09 18:00:00","2026-09-10 09:00:00","CAPE","surface",-71.5284,19.6351,840
"2026-09-09 18:00:00","2026-09-10 09:00:00","CAPE","surface",-71.5045,19.6351,823
"2026-09-09 18:00:00","2026-09-10 09:00:00","CAPE","surface",-71.4806,19.6351,836
"2026-09-09 18:00:00","2026-09-10 09:00:00","CAPE","surface",-71.4567,19.6351,805
"2026-09-09 18:00:00","2026-09-10 09:00:00","CAPE","surface",-71.4327,19.6351,795
"2026-09-09 18:00:00","2026-09-10 09:00:00","CAPE","surface",-71.4088,19.6351,807
"2026-09-09 18:00:00","2026-09-10 09:00:00","CAPE","surface",-71.3849,19.6351,808
"2026-09-09 18:00:00","2026-09-10 09:00:00","CAPE","surface",-71.361,19.6351,813
"2026-09-09 18:00:00","2026-09-10 09:00:00","CAPE","surface",-71.337,19.6351,805
"2026-09-09 18:00:00","2026-09-10 09:00:00","CAPE","surface",-71.3131,19.6351,808
"2026-09-09 18:00:00","2026-09-10 09:00:00","CAPE","surface",-71.2892,19.6351,815
"2026-09-09 18:00:00","2026-09-10 09:00:00","CAPE","surface",-71.2653,19.6351,813
"2026-09-09 18:00:00","2026-09-10 09:00:00","CAPE","surface",-71.2413,19.6351,822
"2026-09-09 18:00:00","2026-09-10 09:00:00","CAPE","surface",-71.2174,19.6351,822
"2026-09-09 18:00:00","2026-09-10 09:00:00","CAPE","surface",-71.1935,19.6351,828
"2026-09-09 18:00:00","2026-09-10 09:00:00","CAPE","surface",-71.1696,19.6351,829
"2026-09-09 18:00:00","2026-09-10 09:00:00","CAPE","surface",-71.1456,19.6351,841
"2026-09-09 18:00:00","2026-09-10 09:00:00","CAPE","surface",-71.1217,19.6351,841
"2026-09-09 18:00:00","2026-09-10 09:00:00","CAPE","surface",-71.0978,19.6351,856
"2026-09-09 18:00:00","2026-09-10 09:00:00","CAPE","surface",-71.0739,19.6351,859
"2026-09-09 18:00:00","2026-09-10 09:00:00","CAPE","surface",-71.0499,19.6351,882
"2026-09-09 18:00:00","2026-09-10 09:00:00","CAPE","surface",-71.026,19.6351,909
"2026-09-09 18:00:00","2026-09-10 09:00:00","CAPE","surface",-71.0021,19.6351,909
"2026-09-09 18:00:00","2026-09-10 09:00:00","CAPE","surface",-70.9782,19.6351,944
"2026-09-09 18:00:00","2026-09-10 09:00:00","CAPE","surface",-70.9542,19.6351,941
"2026-09-09 18:00:00","2026-09-10 09:00:00","CAPE","surface",-70.9303,19.6351,963
"2026-09-09 18:00:00","2026-09-10 09:00:00","CAPE","surface",-70.9064,19.6351,974
"2026-09-09 18:00:00","2026-09-10 09:00:00","CAPE","surface",-70.8825,19.6351,934
"2026-09-09 18:00:00","2026-09-10 09:00:00","CAPE","surface",-70.8585,19.6351,953
"2026-09-09 18:00:00","2026-09-10 09:00:00","CAPE","surface",-70.8346,19.6351,823
"2026-09-09 18:00:00","2026-09-10 09:00:00","CAPE","surface",-70.8107,19.6351,868
"2026-09-09 18:00:00","2026-09-10 09:00:00","CAPE","surface",-70.7868,19.6351,807
"2026-09-09 18:00:00","2026-09-10 09:00:00","CAPE","surface",-70.7628,19.6351,842
"2026-09-09 18:00:00","2026-09-10 09:00:00","CAPE","surface",-70.7389,19.6351,817
"2026-09-09 18:00:00","2026-09-10 09:00:00","CAPE","surface",-70.715,19.6351,873
"2026-09-09 18:00:00","2026-09-10 09:00:00","CAPE","surface",-70.6911,19.6351,895
"2026-09-09 18:00:00","2026-09-10 09:00:00","CAPE","surface",-70.6671,19.6351,1069
"2026-09-09 18:00:00","2026-09-10 09:00:00","CAPE","surface",-70.6432,19.6351,1127
"2026-09-09 18:00:00","2026-09-10 09:00:00","CAPE","surface",-70.6193,19.6351,1264
"2026-09-09 18:00:00","2026-09-10 09:00:00","CAPE","surface",-70.5954,19.6351,1301
"2026-09-09 18:00:00","2026-09-10 09:00:00","CAPE","surface",-70.5714,19.6351,1454
"2026-09-09 18:00:00","2026-09-10 09:00:00","CAPE","surface",-70.5475,19.6351,1454
"2026-09-09 18:00:00","2026-09-10 09:00:00","CAPE","surface",-70.5236,19.6351,1607
"2026-09-09 18:00:00","2026-09-10 09:00:00","CAPE","surface",-70.4997,19.6351,1686
"2026-09-09 18:00:00","2026-09-10 09:00:00","CAPE","surface",-70.4757,19.6351,1803
"2026-09-09 18:00:00","2026-09-10 09:00:00","CAPE","surface",-70.4518,19.6351,1803
"2026-09-09 18:00:00","2026-09-10 09:00:00","CAPE","surface",-70.4279,19.6351,1968
"2026-09-09 18:00:00","2026-09-10 09:00:00","CAPE","surface",-70.404,19.6351,2207
"2026-09-09 18:00:00","2026-09-10 09:00:00","CAPE","surface",-70.38,19.6351,2225
"2026-09-09 18:00:00","2026-09-10 09:00:00","CAPE","surface",-70.3561,19.6351,2359
"2026-09-09 18:00:00","2026-09-10 09:00:00","CAPE","surface",-70.3322,19.6351,2359
"2026-09-09 18:00:00","2026-09-10 09:00:00","CAPE","surface",-70.3083,19.6351,2416
"2026-09-09 18:00:00","2026-09-10 09:00:00","CAPE","surface",-70.2843,19.6351,2383
"2026-09-09 18:00:00","2026-09-10 09:00:00","CAPE","surface",-70.2604,19.6351,2567
"2026-09-09 18:00:00","2026-09-10 09:00:00","CAPE","surface",-70.2365,19.6351,2567
"2026-09-09 18:00:00","2026-09-10 09:00:00","CAPE","surface",-70.2126,19.6351,2556
"2026-09-09 18:00:00","2026-09-10 09:00:00","CAPE","surface",-70.1886,19.6351,2416
"2026-09-09 18:00:00","2026-09-10 09:00:00","CAPE","surface",-70.1647,19.6351,2558
"2026-09-09 18:00:00","2026-09-10 09:00:00","CAPE","surface",-70.1408,19.6351,2404
"2026-09-09 18:00:00","2026-09-10 09:00:00","CAPE","surface",-70.1169,19.6351,2591
"2026-09-09 18:00:00","2026-09-10 09:00:00","CAPE","surface",-70.0929,19.6351,2592
"2026-09-09 18:00:00","2026-09-10 09:00:00","CAPE","surface",-70.069,19.6351,2403
"2026-09-09 18:00:00","2026-09-10 09:00:00","CAPE","surface",-70.0451,19.6351,2389
"2026-09-09 18:00:00","2026-09-10 09:00:00","CAPE","surface",-70.0212,19.6351,2389
"2026-09-09 18:00:00","2026-09-10 09:00:00","CAPE","surface",-69.9972,19.6351,2561
"2026-09-09 18:00:00","2026-09-10 09:00:00","CAPE","surface",-69.9733,19.6351,2607
"2026-09-09 18:00:00","2026-09-10 09:00:00","CAPE","surface",-69.9494,19.6351,2686
"2026-09-09 18:00:00","2026-09-10 09:00:00","CAPE","surface",-69.9255,19.6351,2690
"2026-09-09 18:00:00","2026-09-10 09:00:00","CAPE","surface",-69.9015,19.6351,2667
"2026-09-09 18:00:00","2026-09-10 09:00:00","CAPE","surface",-69.8776,19.6351,2771
"2026-09-09 18:00:00","2026-09-10 09:00:00","CAPE","surface",-69.8537,19.6351,2664
"2026-09-09 18:00:00","2026-09-10 09:00:00","CAPE","surface",-69.8298,19.6351,2628
"2026-09-09 18:00:00","2026-09-10 09:00:00","CAPE","surface",-69.8058,19.6351,2636
"2026-09-09 18:00:00","2026-09-10 09:00:00","CAPE","surface",-69.7819,19.6351,2681
"2026-09-09 18:00:00","2026-09-10 09:00:00","CAPE","surface",-69.758,19.6351,2734
"2026-09-09 18:00:00","2026-09-10 09:00:00","CAPE","surface",-69.7341,19.6351,2729
"2026-09-09 18:00:00","2026-09-10 09:00:00","CAPE","surface",-69.7101,19.6351,2729
"2026-09-09 18:00:00","2026-09-10 09:00:00","CAPE","surface",-69.6862,19.6351,2626
"2026-09-09 18:00:00","2026-09-10 09:00:00","CAPE","surface",-69.6623,19.6351,2804
"2026-09-09 18:00:00","2026-09-10 09:00:00","CAPE","surface",-69.6384,19.6351,2743
"2026-09-09 18:00:00","2026-09-10 09:00:00","CAPE","surface",-69.6144,19.6351,2834
"2026-09-09 18:00:00","2026-09-10 09:00:00","CAPE","surface",-69.5905,19.6351,2663
"2026-09-09 18:00:00","2026-09-10 09:00:00","CAPE","surface",-69.5666,19.6351,2657
"2026-09-09 18:00:00","2026-09-10 09:00:00","CAPE","surface",-69.5427,19.6351,2628
"2026-09-09 18:00:00","2026-09-10 09:00:00","CAPE","surface",-69.5187,19.6351,2772
"2026-09-09 18:00:00","2026-09-10 09:00:00","CAPE","surface",-69.4948,19.6351,2772
"2026-09-09 18:00:00","2026-09-10 09:00:00","CAPE","surface",-69.4709,19.6351,2911
"2026-09-09 18:00:00","2026-09-10 09:00:00","CAPE","surface",-69.447,19.6351,2828
"2026-09-09 18:00:00","2026-09-10 09:00:00","CAPE","surface",-69.423,19.6351,2824
"2026-09-09 18:00:00","2026-09-10 09:00:00","CAPE","surface",-69.3991,19.6351,2824
"2026-09-09 18:00:00","2026-09-10 09:00:00","CAPE","surface",-69.3752,19.6351,2842
"2026-09-09 18:00:00","2026-09-10 09:00:00","CAPE","surface",-69.3513,19.6351,2819
"2026-09-09 18:00:00","2026-09-10 09:00:00","CAPE","surface",-69.3273,19.6351,2812
"2026-09-09 18:00:00","2026-09-10 09:00:00","CAPE","surface",-69.3034,19.6351,2771
"2026-09-09 18:00:00","2026-09-10 09:00:00","CAPE","surface",-69.2795,19.6351,2771
"2026-09-09 18:00:00","2026-09-10 09:00:00","CAPE","surface",-69.2556,19.6351,2746
"2026-09-09 18:00:00","2026-09-10 09:00:00","CAPE","surface",-69.2316,19.6351,2705
"2026-09-09 18:00:00","2026-09-10 09:00:00","CAPE","surface",-69.2077,19.6351,2678
"2026-09-09 18:00:00","2026-09-10 09:00:00","CAPE","surface",-69.1838,19.6351,2678
"2026-09-09 18:00:00","2026-09-10 09:00:00","CAPE","surface",-69.1599,19.6351,2734
"2026-09-09 18:00:00","2026-09-10 09:00:00","CAPE","surface",-69.1359,19.6351,2776
"2026-09-09 18:00:00","2026-09-10 09:00:00","CAPE","surface",-69.112,19.6351,3022
"2026-09-09 18:00:00","2026-09-10 09:00:00","CAPE","surface",-69.0881,19.6351,3022
"2026-09-09 18:00:00","2026-09-10 09:00:00","CAPE","surface",-69.0642,19.6351,3133
"2026-09-09 18:00:00","2026-09-10 09:00:00","CAPE","surface",-69.0402,19.6351,3114
"2026-09-09 18:00:00","2026-09-10 09:00:00","CAPE","surface",-69.0163,19.6351,3107
"2026-09-09 18:00:00","2026-09-10 09:00:00","CAPE","surface",-68.9924,19.6351,3056
"2026-09-09 18:00:00","2026-09-10 09:00:00","CAPE","surface",-68.9685,19.6351,3056
"2026-09-09 18:00:00","2026-09-10 09:00:00","CAPE","surface",-68.9445,19.6351,3082
"2026-09-09 18:00:00","2026-09-10 09:00:00","CAPE","surface",-68.9206,19.6351,3053
"2026-09-09 18:00:00","2026-09-10 09:00:00","CAPE","surface",-68.8967,19.6351,3155
"2026-09-09 18:00:00","2026-09-10 09:00:00","CAPE","surface",-68.8728,19.6351,3155
"2026-09-09 18:00:00","2026-09-10 09:00:00","CAPE","surface",-68.8488,19.6351,3253
"2026-09-09 18:00:00","2026-09-10 09:00:00","CAPE","surface",-68.8249,19.6351,3087
"2026-09-09 18:00:00","2026-09-10 09:00:00","CAPE","surface",-68.801,19.6351,3248
"2026-09-09 18:00:00","2026-09-10 09:00:00","CAPE","surface",-68.7771,19.6351,3464
"2026-09-09 18:00:00","2026-09-10 09:00:00","CAPE","surface",-68.7531,19.6351,3280
"2026-09-09 18:00:00","2026-09-10 09:00:00","CAPE","surface",-68.7292,19.6351,3073
"2026-09-09 18:00:00","2026-09-10 09:00:00","CAPE","surface",-68.7053,19.6351,2848
"2026-09-09 18:00:00","2026-09-10 09:00:00","CAPE","surface",-68.6813,19.6351,2889
"2026-09-09 18:00:00","2026-09-10 09:00:00","CAPE","surface",-68.6574,19.6351,2817
"2026-09-09 18:00:00","2026-09-10 09:00:00","CAPE","surface",-68.6335,19.6351,2851
"2026-09-09 18:00:00","2026-09-10 09:00:00","CAPE","surface",-68.6096,19.6351,2859
"2026-09-09 18:00:00","2026-09-10 09:00:00","CAPE","surface",-68.5856,19.6351,2894
"2026-09-09 18:00:00","2026-09-10 09:00:00","CAPE","surface",-68.5617,19.6351,2912
"2026-09-09 18:00:00","2026-09-10 09:00:00","CAPE","surface",-68.5378,19.6351,2912
"2026-09-09 18:00:00","2026-09-10 09:00:00","CAPE","surface",-68.5139,19.6351,2949
"2026-09-09 18:00:00","2026-09-10 09:00:00","CAPE","surface",-68.4899,19.6351,2930
"2026-09-09 18:00:00","2026-09-10 09:00:00","CAPE","surface",-68.466,19.6351,2974
"2026-09-09 18:00:00","2026-09-10 09:00:00","CAPE","surface",-68.4421,19.6351,2984
"2026-09-09 18:00:00","2026-09-10 09:00:00","CAPE","surface",-68.4182,19.6351,3077
"2026-09-09 18:00:00","2026-09-10 09:00:00","CAPE","surface",-68.3942,19.6351,3192
"2026-09-09 18:00:00","2026-09-10 09:00:00","CAPE","surface",-68.3703,19.6351,3215
"2026-09-09 18:00:00","2026-09-10 09:00:00","CAPE","surface",-68.3464,19.6351,3159
"2026-09-09 18:00:00","2026-09-10 09:00:00","CAPE","surface",-68.3225,19.6351,3152
"2026-09-09 18:00:00","2026-09-10 09:00:00","CAPE","surface",-68.2985,19.6351,3018
"2026-09-09 18:00:00","2026-09-10 09:00:00","CAPE","surface",-68.2746,19.6351,3018
"2026-09-09 18:00:00","2026-09-10 09:00:00","CAPE","surface",-68.2507,19.6351,2953
"2026-09-09 18:00:00","2026-09-10 09:00:00","CAPE","surface",-68.2268,19.6351,3041
"2026-09-09 18:00:00","2026-09-10 09:00:00","CAPE","surface",-68.2028,19.6351,2982
"2026-09-09 18:00:00","2026-09-10 09:00:00","CAPE","surface",-68.1789,19.6351,2982
"2026-09-09 18:00:00","2026-09-10 09:00:00","CAPE","surface",-68.155,19.6351,2928
"2026-09-09 18:00:00","2026-09-10 09:00:00","CAPE","surface",-68.1311,19.6351,2947
"2026-09-09 18:00:00","2026-09-10 09:00:00","CAPE","surface",-68.1071,19.6351,2926
"2026-09-09 18:00:00","2026-09-10 09:00:00","CAPE","surface",-68.0832,19.6351,2951
"2026-09-09 18:00:00","2026-09-10 09:00:00","CAPE","surface",-68.0593,19.6351,2884
"2026-09-09 18:00:00","2026-09-10 09:00:00","CAPE","surface",-68.0354,19.6351,2829
"2026-09-09 18:00:00","2026-09-10 09:00:00","CAPE","surface",-68.0114,19.6351,2809
"2026-09-09 18:00:00","2026-09-10 09:00:00","CAPE","surface",-67.9875,19.6351,2765
"2026-09-09 18:00:00","2026-09-10 09:00:00","CAPE","surface",-67.9636,19.6351,2765
"2026-09-09 18:00:00","2026-09-10 09:00:00","CAPE","surface",-67.9397,19.6351,2733
"2026-09-09 18:00:00","2026-09-10 09:00:00","CAPE","surface",-67.9157,19.6351,2771
"2026-09-09 18:00:00","2026-09-10 09:00:00","CAPE","surface",-67.8918,19.6351,2725
"2026-09-09 18:00:00","2026-09-10 09:00:00","CAPE","surface",-67.8679,19.6351,2765
"2026-09-09 18:00:00","2026-09-10 09:00:00","CAPE","surface",-67.844,19.6351,2675
"2026-09-09 18:00:00","2026-09-10 09:00:00","CAPE","surface",-67.82,19.6351,2620
"2026-09-09 18:00:00","2026-09-10 09:00:00","CAPE","surface",-67.7961,19.6351,2601
"2026-09-09 18:00:00","2026-09-10 09:00:00","CAPE","surface",-67.7722,19.6351,2591
"2026-09-09 18:00:00","2026-09-10 09:00:00","CAPE","surface",-67.7483,19.6351,2854
"2026-09-09 18:00:00","2026-09-10 09:00:00","CAPE","surface",-67.7243,19.6351,3008
"2026-09-09 18:00:00","2026-09-10 09:00:00","CAPE","surface",-67.7004,19.6351,3038
"2026-09-09 18:00:00","2026-09-10 09:00:00","CAPE","surface",-67.6765,19.6351,3038
"2026-09-09 18:00:00","2026-09-10 09:00:00","CAPE","surface",-67.6526,19.6351,2611
"2026-09-09 18:00:00","2026-09-10 09:00:00","CAPE","surface",-67.6286,19.6351,2453
"2026-09-09 18:00:00","2026-09-10 09:00:00","CAPE","surface",-67.6047,19.6351,2353
"2026-09-09 18:00:00","2026-09-10 09:00:00","CAPE","surface",-67.5808,19.6351,2353
"2026-09-09 18:00:00","2026-09-10 09:00:00","CAPE","surface",-67.5569,19.6351,1929
"2026-09-09 18:00:00","2026-09-10 09:00:00","CAPE","surface",-67.5329,19.6351,1401
"2026-09-09 18:00:00","2026-09-10 09:00:00","CAPE","surface",-67.509,19.6351,1312
"2026-09-09 18:00:00","2026-09-10 09:00:00","CAPE","surface",-67.4851,19.6351,1150
"2026-09-09 18:00:00","2026-09-10 09:00:00","CAPE","surface",-67.4612,19.6351,1183
"2026-09-09 18:00:00","2026-09-10 09:00:00","CAPE","surface",-67.4372,19.6351,1390
"2026-09-09 18:00:00","2026-09-10 09:00:00","CAPE","surface",-67.4133,19.6351,1656
"2026-09-09 18:00:00","2026-09-10 09:00:00","CAPE","surface",-67.3894,19.6351,1842
"2026-09-09 18:00:00","2026-09-10 09:00:00","CAPE","surface",-67.3655,19.6351,2050
"2026-09-09 18:00:00","2026-09-10 09:00:00","CAPE","surface",-67.3415,19.6351,2082
"2026-09-09 18:00:00","2026-09-10 09:00:00","CAPE","surface",-67.3176,19.6351,1630
"2026-09-09 18:00:00","2026-09-10 09:00:00","CAPE","surface",-67.2937,19.6351,1630
"2026-09-09 18:00:00","2026-09-10 09:00:00","CAPE","surface",-67.2698,19.6351,1130
"2026-09-09 18:00:00","2026-09-10 09:00:00","CAPE","surface",-67.2458,19.6351,1227
"2026-09-09 18:00:00","2026-09-10 09:00:00","CAPE","surface",-67.2219,19.6351,1179
"2026-09-09 18:00:00","2026-09-10 09:00:00","CAPE","surface",-67.198,19.6351,1179
"2026-09-09 18:00:00","2026-09-10 09:00:00","CAPE","surface",-67.1741,19.6351,1296
"2026-09-09 18:00:00","2026-09-10 09:00:00","CAPE","surface",-67.1501,19.6351,1544
"2026-09-09 18:00:00","2026-09-10 09:00:00","CAPE","surface",-67.1262,19.6351,1855
"2026-09-09 18:00:00","2026-09-10 09:00:00","CAPE","surface",-67.1023,19.6351,1794
"2026-09-09 18:00:00","2026-09-10 09:00:00","CAPE","surface",-67.0784,19.6351,2006
"2026-09-09 18:00:00","2026-09-10 09:00:00","CAPE","surface",-67.0544,19.6351,2232
"2026-09-09 18:00:00","2026-09-10 09:00:00","CAPE","surface",-67.0305,19.6351,2496
"2026-09-09 18:00:00","2026-09-10 09:00:00","CAPE","surface",-67.0066,19.6351,2590
"2026-09-09 18:00:00","2026-09-10 09:00:00","CAPE","surface",-74.7822,19.6577,2372
"2026-09-09 18:00:00","2026-09-10 09:00:00","CAPE","surface",-74.7583,19.6577,2337
"2026-09-09 18:00:00","2026-09-10 09:00:00","CAPE","surface",-74.7344,19.6577,2345
"2026-09-09 18:00:00","2026-09-10 09:00:00","CAPE","surface",-74.7105,19.6577,2345
"2026-09-09 18:00:00","2026-09-10 09:00:00","CAPE","surface",-74.6865,19.6577,2337
"2026-09-09 18:00:00","2026-09-10 09:00:00","CAPE","surface",-74.6626,19.6577,2335
"2026-09-09 18:00:00","2026-09-10 09:00:00","CAPE","surface",-74.6387,19.6577,2309
"2026-09-09 18:00:00","2026-09-10 09:00:00","CAPE","surface",-74.6148,19.6577,2310
"2026-09-09 18:00:00","2026-09-10 09:00:00","CAPE","surface",-74.5908,19.6577,2285
"2026-09-09 18:00:00","2026-09-10 09:00:00","CAPE","surface",-74.5669,19.6577,2292
"2026-09-09 18:00:00","2026-09-10 09:00:00","CAPE","surface",-74.543,19.6577,2292
"2026-09-09 18:00:00","2026-09-10 09:00:00","CAPE","surface",-74.5191,19.6577,2310
"2026-09-09 18:00:00","2026-09-10 09:00:00","CAPE","surface",-74.4951,19.6577,2330
"2026-09-09 18:00:00","2026-09-10 09:00:00","CAPE","surface",-74.4712,19.6577,2374
"2026-09-09 18:00:00","2026-09-10 09:00:00","CAPE","surface",-74.4473,19.6577,2382
"2026-09-09 18:00:00","2026-09-10 09:00:00","CAPE","surface",-74.4234,19.6577,2391
"2026-09-09 18:00:00","2026-09-10 09:00:00","CAPE","surface",-74.3994,19.6577,2414
"2026-09-09 18:00:00","2026-09-10 09:00:00","CAPE","surface",-74.3755,19.6577,2359
"2026-09-09 18:00:00","2026-09-10 09:00:00","CAPE","surface",-74.3516,19.6577,2356
"2026-09-09 18:00:00","2026-09-10 09:00:00","CAPE","surface",-74.3277,19.6577,2282
"2026-09-09 18:00:00","2026-09-10 09:00:00","CAPE","surface",-74.3037,19.6577,2295
"2026-09-09 18:00:00","2026-09-10 09:00:00","CAPE","surface",-74.2798,19.6577,2413
"2026-09-09 18:00:00","2026-09-10 09:00:00","CAPE","surface",-74.2559,19.6577,2616
"2026-09-09 18:00:00","2026-09-10 09:00:00","CAPE","surface",-74.232,19.6577,2920
"2026-09-09 18:00:00","2026-09-10 09:00:00","CAPE","surface",-74.208,19.6577,2949
"2026-09-09 18:00:00","2026-09-10 09:00:00","CAPE","surface",-74.1841,19.6577,2851
"2026-09-09 18:00:00","2026-09-10 09:00:00","CAPE","surface",-74.1602,19.6577,2890
"2026-09-09 18:00:00","2026-09-10 09:00:00","CAPE","surface",-74.1363,19.6577,2880
"2026-09-09 18:00:00","2026-09-10 09:00:00","CAPE","surface",-74.1123,19.6577,2903
"2026-09-09 18:00:00","2026-09-10 09:00:00","CAPE","surface",-74.0884,19.6577,2772
"2026-09-09 18:00:00","2026-09-10 09:00:00","CAPE","surface",-74.0645,19.6577,2772
"2026-09-09 18:00:00","2026-09-10 09:00:00","CAPE","surface",-74.0406,19.6577,2696
"2026-09-09 18:00:00","2026-09-10 09:00:00","CAPE","surface",-74.0166,19.6577,2694
"2026-09-09 18:00:00","2026-09-10 09:00:00","CAPE","surface",-73.9927,19.6577,2641
"2026-09-09 18:00:00","2026-09-10 09:00:00","CAPE","surface",-73.9688,19.6577,2658
"2026-09-09 18:00:00","2026-09-10 09:00:00","CAPE","surface",-73.9449,19.6577,2512
"2026-09-09 18:00:00","2026-09-10 09:00:00","CAPE","surface",-73.9209,19.6577,2512
"2026-09-09 18:00:00","2026-09-10 09:00:00","CAPE","surface",-73.897,19.6577,2367
"2026-09-09 18:00:00","2026-09-10 09:00:00","CAPE","surface",-73.8731,19.6577,2356
"2026-09-09 18:00:00","2026-09-10 09:00:00","CAPE","surface",-73.8492,19.6577,2297
"2026-09-09 18:00:00","2026-09-10 09:00:00","CAPE","surface",-73.8252,19.6577,2246
"2026-09-09 18:00:00","2026-09-10 09:00:00","CAPE","surface",-73.8013,19.6577,2367
"2026-09-09 18:00:00","2026-09-10 09:00:00","CAPE","surface",-73.7774,19.6577,2348
"2026-09-09 18:00:00","2026-09-10 09:00:00","CAPE","surface",-73.7535,19.6577,2483
"2026-09-09 18:00:00","2026-09-10 09:00:00","CAPE","surface",-73.7295,19.6577,2308
"2026-09-09 18:00:00","2026-09-10 09:00:00","CAPE","surface",-73.7056,19.6577,2351
"2026-09-09 18:00:00","2026-09-10 09:00:00","CAPE","surface",-73.6817,19.6577,2351
"2026-09-09 18:00:00","2026-09-10 09:00:00","CAPE","surface",-73.6578,19.6577,2541
"2026-09-09 18:00:00","2026-09-10 09:00:00","CAPE","surface",-73.6338,19.6577,2295
"2026-09-09 18:00:00","2026-09-10 09:00:00","CAPE","surface",-73.6099,19.6577,2417
"2026-09-09 18:00:00","2026-09-10 09:00:00","CAPE","surface",-73.586,19.6577,2124
"2026-09-09 18:00:00","2026-09-10 09:00:00","CAPE","surface",-73.5621,19.6577,2362
"2026-09-09 18:00:00","2026-09-10 09:00:00","CAPE","surface",-73.5381,19.6577,2362
"2026-09-09 18:00:00","2026-09-10 09:00:00","CAPE","surface",-73.5142,19.6577,2228
"2026-09-09 18:00:00","2026-09-10 09:00:00","CAPE","surface",-73.4903,19.6577,2202
"2026-09-09 18:00:00","2026-09-10 09:00:00","CAPE","surface",-73.4664,19.6577,2150
"2026-09-09 18:00:00","2026-09-10 09:00:00","CAPE","surface",-73.4424,19.6577,2038
"2026-09-09 18:00:00","2026-09-10 09:00:00","CAPE","surface",-73.4185,19.6577,1949
"2026-09-09 18:00:00","2026-09-10 09:00:00","CAPE","surface",-73.3946,19.6577,1907
"2026-09-09 18:00:00","2026-09-10 09:00:00","CAPE","surface",-73.3707,19.6577,1884
"2026-09-09 18:00:00","2026-09-10 09:00:00","CAPE","surface",-73.3467,19.6577,1796
"2026-09-09 18:00:00","2026-09-10 09:00:00","CAPE","surface",-73.3228,19.6577,1682
"2026-09-09 18:00:00","2026-09-10 09:00:00","CAPE","surface",-73.2989,19.6577,1682
"2026-09-09 18:00:00","2026-09-10 09:00:00","CAPE","surface",-73.275,19.6577,1479
"2026-09-09 18:00:00","2026-09-10 09:00:00","CAPE","surface",-73.251,19.6577,995
"2026-09-09 18:00:00","2026-09-10 09:00:00","CAPE","surface",-73.2271,19.6577,581
"2026-09-09 18:00:00","2026-09-10 09:00:00","CAPE","surface",-73.2032,19.6577,656
"2026-09-09 18:00:00","2026-09-10 09:00:00","CAPE","surface",-73.1793,19.6577,656
"2026-09-09 18:00:00","2026-09-10 09:00:00","CAPE","surface",-73.1553,19.6577,683
"2026-09-09 18:00:00","2026-09-10 09:00:00","CAPE","surface",-73.1314,19.6577,619
"2026-09-09 18:00:00","2026-09-10 09:00:00","CAPE","surface",-73.1075,19.6577,533
"2026-09-09 18:00:00","2026-09-10 09:00:00","CAPE","surface",-73.0836,19.6577,545
"2026-09-09 18:00:00","2026-09-10 09:00:00","CAPE","surface",-73.0596,19.6577,591
"2026-09-09 18:00:00","2026-09-10 09:00:00","CAPE","surface",-73.0357,19.6577,656
"2026-09-09 18:00:00","2026-09-10 09:00:00","CAPE","surface",-73.0118,19.6577,584
"2026-09-09 18:00:00","2026-09-10 09:00:00","CAPE","surface",-72.9879,19.6577,515
"2026-09-09 18:00:00","2026-09-10 09:00:00","CAPE","surface",-72.9639,19.6577,579
"2026-09-09 18:00:00","2026-09-10 09:00:00","CAPE","surface",-72.94,19.6577,579
"2026-09-09 18:00:00","2026-09-10 09:00:00","CAPE","surface",-72.9161,19.6577,626
"2026-09-09 18:00:00","2026-09-10 09:00:00","CAPE","surface",-72.8922,19.6577,611
"2026-09-09 18:00:00","2026-09-10 09:00:00","CAPE","surface",-72.8682,19.6577,678
"2026-09-09 18:00:00","2026-09-10 09:00:00","CAPE","surface",-72.8443,19.6577,721
"2026-09-09 18:00:00","2026-09-10 09:00:00","CAPE","surface",-72.8204,19.6577,666
"2026-09-09 18:00:00","2026-09-10 09:00:00","CAPE","surface",-72.7965,19.6577,666
"2026-09-09 18:00:00","2026-09-10 09:00:00","CAPE","surface",-72.7725,19.6577,561
"2026-09-09 18:00:00","2026-09-10 09:00:00","CAPE","surface",-72.7486,19.6577,555
"2026-09-09 18:00:00","2026-09-10 09:00:00","CAPE","surface",-72.7247,19.6577,514
"2026-09-09 18:00:00","2026-09-10 09:00:00","CAPE","surface",-72.7008,19.6577,517
"2026-09-09 18:00:00","2026-09-10 09:00:00","CAPE","surface",-72.6768,19.6577,474
"2026-09-09 18:00:00","2026-09-10 09:00:00","CAPE","surface",-72.6529,19.6577,478
"2026-09-09 18:00:00","2026-09-10 09:00:00","CAPE","surface",-72.629,19.6577,457
"2026-09-09 18:00:00","2026-09-10 09:00:00","CAPE","surface",-72.6051,19.6577,522
"2026-09-09 18:00:00","2026-09-10 09:00:00","CAPE","surface",-72.5811,19.6577,479
"2026-09-09 18:00:00","2026-09-10 09:00:00","CAPE","surface",-72.5572,19.6577,507
"2026-09-09 18:00:00","2026-09-10 09:00:00","CAPE","surface",-72.5333,19.6577,526
"2026-09-09 18:00:00","2026-09-10 09:00:00","CAPE","surface",-72.5094,19.6577,480
"2026-09-09 18:00:00","2026-09-10 09:00:00","CAPE","surface",-72.4854,19.6577,492
"2026-09-09 18:00:00","2026-09-10 09:00:00","CAPE","surface",-72.4615,19.6577,480
"2026-09-09 18:00:00","2026-09-10 09:00:00","CAPE","surface",-72.4376,19.6577,480
"2026-09-09 18:00:00","2026-09-10 09:00:00","CAPE","surface",-72.4137,19.6577,578
"2026-09-09 18:00:00","2026-09-10 09:00:00","CAPE","surface",-72.3897,19.6577,640
"2026-09-09 18:00:00","2026-09-10 09:00:00","CAPE","surface",-72.3658,19.6577,734
"2026-09-09 18:00:00","2026-09-10 09:00:00","CAPE","surface",-72.3419,19.6577,699
"2026-09-09 18:00:00","2026-09-10 09:00:00","CAPE","surface",-72.318,19.6577,688
"2026-09-09 18:00:00","2026-09-10 09:00:00","CAPE","surface",-72.294,19.6577,660
"2026-09-09 18:00:00","2026-09-10 09:00:00","CAPE","surface",-72.2701,19.6577,646
"2026-09-09 18:00:00","2026-09-10 09:00:00","CAPE","surface",-72.2462,19.6577,657
"2026-09-09 18:00:00","2026-09-10 09:00:00","CAPE","surface",-72.2223,19.6577,607
"2026-09-09 18:00:00","2026-09-10 09:00:00","CAPE","surface",-72.1983,19.6577,607
"2026-09-09 18:00:00","2026-09-10 09:00:00","CAPE","surface",-72.1744,19.6577,584
"2026-09-09 18:00:00","2026-09-10 09:00:00","CAPE","surface",-72.1505,19.6577,568
"2026-09-09 18:00:00","2026-09-10 09:00:00","CAPE","surface",-72.1266,19.6577,527
"2026-09-09 18:00:00","2026-09-10 09:00:00","CAPE","surface",-72.1026,19.6577,527
"2026-09-09 18:00:00","2026-09-10 09:00:00","CAPE","surface",-72.0787,19.6577,574
"2026-09-09 18:00:00","2026-09-10 09:00:00","CAPE","surface",-72.0548,19.6577,717
"2026-09-09 18:00:00","2026-09-10 09:00:00","CAPE","surface",-72.0309,19.6577,647
"2026-09-09 18:00:00","2026-09-10 09:00:00","CAPE","surface",-72.0069,19.6577,706
"2026-09-09 18:00:00","2026-09-10 09:00:00","CAPE","surface",-71.983,19.6577,706
"2026-09-09 18:00:00","2026-09-10 09:00:00","CAPE","surface",-71.9591,19.6577,770
"2026-09-09 18:00:00","2026-09-10 09:00:00","CAPE","surface",-71.9352,19.6577,727
"2026-09-09 18:00:00","2026-09-10 09:00:00","CAPE","surface",-71.9112,19.6577,761
"2026-09-09 18:00:00","2026-09-10 09:00:00","CAPE","surface",-71.8873,19.6577,763
"2026-09-09 18:00:00","2026-09-10 09:00:00","CAPE","surface",-71.8634,19.6577,866
"2026-09-09 18:00:00","2026-09-10 09:00:00","CAPE","surface",-71.8395,19.6577,856
"2026-09-09 18:00:00","2026-09-10 09:00:00","CAPE","surface",-71.8155,19.6577,751
"2026-09-09 18:00:00","2026-09-10 09:00:00","CAPE","surface",-71.7916,19.6577,753
"2026-09-09 18:00:00","2026-09-10 09:00:00","CAPE","surface",-71.7677,19.6577,779
"2026-09-09 18:00:00","2026-09-10 09:00:00","CAPE","surface",-71.7438,19.6577,779
"2026-09-09 18:00:00","2026-09-10 09:00:00","CAPE","surface",-71.7198,19.6577,793
"2026-09-09 18:00:00","2026-09-10 09:00:00","CAPE","surface",-71.6959,19.6577,809
"2026-09-09 18:00:00","2026-09-10 09:00:00","CAPE","surface",-71.672,19.6577,812
"2026-09-09 18:00:00","2026-09-10 09:00:00","CAPE","surface",-71.6481,19.6577,825
"2026-09-09 18:00:00","2026-09-10 09:00:00","CAPE","surface",-71.6241,19.6577,804
"2026-09-09 18:00:00","2026-09-10 09:00:00","CAPE","surface",-71.6002,19.6577,807
"2026-09-09 18:00:00","2026-09-10 09:00:00","CAPE","surface",-71.5763,19.6577,813
"2026-09-09 18:00:00","2026-09-10 09:00:00","CAPE","surface",-71.5524,19.6577,812
"2026-09-09 18:00:00","2026-09-10 09:00:00","CAPE","surface",-71.5284,19.6577,818
"2026-09-09 18:00:00","2026-09-10 09:00:00","CAPE","surface",-71.5045,19.6577,796
"2026-09-09 18:00:00","2026-09-10 09:00:00","CAPE","surface",-71.4806,19.6577,799
"2026-09-09 18:00:00","2026-09-10 09:00:00","CAPE","surface",-71.4567,19.6577,786
"2026-09-09 18:00:00","2026-09-10 09:00:00","CAPE","surface",-71.4327,19.6577,795
"2026-09-09 18:00:00","2026-09-10 09:00:00","CAPE","surface",-71.4088,19.6577,786
"2026-09-09 18:00:00","2026-09-10 09:00:00","CAPE","surface",-71.3849,19.6577,798
"2026-09-09 18:00:00","2026-09-10 09:00:00","CAPE","surface",-71.361,19.6577,805
"2026-09-09 18:00:00","2026-09-10 09:00:00","CAPE","surface",-71.337,19.6577,805
"2026-09-09 18:00:00","2026-09-10 09:00:00","CAPE","surface",-71.3131,19.6577,817
"2026-09-09 18:00:00","2026-09-10 09:00:00","CAPE","surface",-71.2892,19.6577,817
"2026-09-09 18:00:00","2026-09-10 09:00:00","CAPE","surface",-71.2653,19.6577,825
"2026-09-09 18:00:00","2026-09-10 09:00:00","CAPE","surface",-71.2413,19.6577,822
"2026-09-09 18:00:00","2026-09-10 09:00:00","CAPE","surface",-71.2174,19.6577,827
"2026-09-09 18:00:00","2026-09-10 09:00:00","CAPE","surface",-71.1935,19.6577,833
"2026-09-09 18:00:00","2026-09-10 09:00:00","CAPE","surface",-71.1696,19.6577,833
"2026-09-09 18:00:00","2026-09-10 09:00:00","CAPE","surface",-71.1456,19.6577,841
"2026-09-09 18:00:00","2026-09-10 09:00:00","CAPE","surface",-71.1217,19.6577,848
"2026-09-09 18:00:00","2026-09-10 09:00:00","CAPE","surface",-71.0978,19.6577,878
"2026-09-09 18:00:00","2026-09-10 09:00:00","CAPE","surface",-71.0739,19.6577,878
"2026-09-09 18:00:00","2026-09-10 09:00:00","CAPE","surface",-71.0499,19.6577,909
"2026-09-09 18:00:00","2026-09-10 09:00:00","CAPE","surface",-71.026,19.6577,909
"2026-09-09 18:00:00","2026-09-10 09:00:00","CAPE","surface",-71.0021,19.6577,935
"2026-09-09 18:00:00","2026-09-10 09:00:00","CAPE","surface",-70.9782,19.6577,944
"2026-09-09 18:00:00","2026-09-10 09:00:00","CAPE","surface",-70.9542,19.6577,935
"2026-09-09 18:00:00","2026-09-10 09:00:00","CAPE","surface",-70.9303,19.6577,955
"2026-09-09 18:00:00","2026-09-10 09:00:00","CAPE","surface",-70.9064,19.6577,897
"2026-09-09 18:00:00","2026-09-10 09:00:00","CAPE","surface",-70.8825,19.6577,934
"2026-09-09 18:00:00","2026-09-10 09:00:00","CAPE","surface",-70.8585,19.6577,783
"2026-09-09 18:00:00","2026-09-10 09:00:00","CAPE","surface",-70.8346,19.6577,759
"2026-09-09 18:00:00","2026-09-10 09:00:00","CAPE","surface",-70.8107,19.6577,782
"2026-09-09 18:00:00","2026-09-10 09:00:00","CAPE","surface",-70.7868,19.6577,766
"2026-09-09 18:00:00","2026-09-10 09:00:00","CAPE","surface",-70.7628,19.6577,793
"2026-09-09 18:00:00","2026-09-10 09:00:00","CAPE","surface",-70.7389,19.6577,823
"2026-09-09 18:00:00","2026-09-10 09:00:00","CAPE","surface",-70.715,19.6577,843
"2026-09-09 18:00:00","2026-09-10 09:00:00","CAPE","surface",-70.6911,19.6577,1014
"2026-09-09 18:00:00","2026-09-10 09:00:00","CAPE","surface",-70.6671,19.6577,1069
"2026-09-09 18:00:00","2026-09-10 09:00:00","CAPE","surface",-70.6432,19.6577,1213
"2026-09-09 18:00:00","2026-09-10 09:00:00","CAPE","surface",-70.6193,19.6577,1213
"2026-09-09 18:00:00","2026-09-10 09:00:00","CAPE","surface",-70.5954,19.6577,1352
"2026-09-09 18:00:00","2026-09-10 09:00:00","CAPE","surface",-70.5714,19.6577,1410
"2026-09-09 18:00:00","2026-09-10 09:00:00","CAPE","surface",-70.5475,19.6577,1546
"2026-09-09 18:00:00","2026-09-10 09:00:00","CAPE","surface",-70.5236,19.6577,1577
"2026-09-09 18:00:00","2026-09-10 09:00:00","CAPE","surface",-70.4997,19.6577,1648
"2026-09-09 18:00:00","2026-09-10 09:00:00","CAPE","surface",-70.4757,19.6577,1870
"2026-09-09 18:00:00","2026-09-10 09:00:00","CAPE","surface",-70.4518,19.6577,1919
"2026-09-09 18:00:00","2026-09-10 09:00:00","CAPE","surface",-70.4279,19.6577,2152
"2026-09-09 18:00:00","2026-09-10 09:00:00","CAPE","surface",-70.404,19.6577,2152
"2026-09-09 18:00:00","2026-09-10 09:00:00","CAPE","surface",-70.38,19.6577,2359
"2026-09-09 18:00:00","2026-09-10 09:00:00","CAPE","surface",-70.3561,19.6577,2376
"2026-09-09 18:00:00","2026-09-10 09:00:00","CAPE","surface",-70.3322,19.6577,2461
"2026-09-09 18:00:00","2026-09-10 09:00:00","CAPE","surface",-70.3083,19.6577,2416
"2026-09-09 18:00:00","2026-09-10 09:00:00","CAPE","surface",-70.2843,19.6577,2821
"2026-09-09 18:00:00","2026-09-10 09:00:00","CAPE","surface",-70.2604,19.6577,2700
"2026-09-09 18:00:00","2026-09-10 09:00:00","CAPE","surface",-70.2365,19.6577,2694
"2026-09-09 18:00:00","2026-09-10 09:00:00","CAPE","surface",-70.2126,19.6577,2715
"2026-09-09 18:00:00","2026-09-10 09:00:00","CAPE","surface",-70.1886,19.6577,2715
"2026-09-09 18:00:00","2026-09-10 09:00:00","CAPE","surface",-70.1647,19.6577,2842
"2026-09-09 18:00:00","2026-09-10 09:00:00","CAPE","surface",-70.1408,19.6577,2705
"2026-09-09 18:00:00","2026-09-10 09:00:00","CAPE","surface",-70.1169,19.6577,2728
"2026-09-09 18:00:00","2026-09-10 09:00:00","CAPE","surface",-70.0929,19.6577,2728
"2026-09-09 18:00:00","2026-09-10 09:00:00","CAPE","surface",-70.069,19.6577,2758
"2026-09-09 18:00:00","2026-09-10 09:00:00","CAPE","surface",-70.0451,19.6577,2498
"2026-09-09 18:00:00","2026-09-10 09:00:00","CAPE","surface",-70.0212,19.6577,2615
"2026-09-09 18:00:00","2026-09-10 09:00:00","CAPE","surface",-69.9972,19.6577,2561
"2026-09-09 18:00:00","2026-09-10 09:00:00","CAPE","surface",-69.9733,19.6577,2780
"2026-09-09 18:00:00","2026-09-10 09:00:00","CAPE","surface",-69.9494,19.6577,2683
"2026-09-09 18:00:00","2026-09-10 09:00:00","CAPE","surface",-69.9255,19.6577,2590
"2026-09-09 18:00:00","2026-09-10 09:00:00","CAPE","surface",-69.9015,19.6577,2706
"2026-09-09 18:00:00","2026-09-10 09:00:00","CAPE","surface",-69.8776,19.6577,2706
"2026-09-09 18:00:00","2026-09-10 09:00:00","CAPE","surface",-69.8537,19.6577,2680
"2026-09-09 18:00:00","2026-09-10 09:00:00","CAPE","surface",-69.8298,19.6577,2659
"2026-09-09 18:00:00","2026-09-10 09:00:00","CAPE","surface",-69.8058,19.6577,2669
"2026-09-09 18:00:00","2026-09-10 09:00:00","CAPE","surface",-69.7819,19.6577,2681
"2026-09-09 18:00:00","2026-09-10 09:00:00","CAPE","surface",-69.758,19.6577,2699
"2026-09-09 18:00:00","2026-09-10 09:00:00","CAPE","surface",-69.7341,19.6577,2707
"2026-09-09 18:00:00","2026-09-10 09:00:00","CAPE","surface",-69.7101,19.6577,2560
"2026-09-09 18:00:00","2026-09-10 09:00:00","CAPE","surface",-69.6862,19.6577,2626
"2026-09-09 18:00:00","2026-09-10 09:00:00","CAPE","surface",-69.6623,19.6577,2474
"2026-09-09 18:00:00","2026-09-10 09:00:00","CAPE","surface",-69.6384,19.6577,2462
"2026-09-09 18:00:00","2026-09-10 09:00:00","CAPE","surface",-69.6144,19.6577,2556
"2026-09-09 18:00:00","2026-09-10 09:00:00","CAPE","surface",-69.5905,19.6577,2624
"2026-09-09 18:00:00","2026-09-10 09:00:00","CAPE","surface",-69.5666,19.6577,2659
"2026-09-09 18:00:00","2026-09-10 09:00:00","CAPE","surface",-69.5427,19.6577,2735
"2026-09-09 18:00:00","2026-09-10 09:00:00","CAPE","surface",-69.5187,19.6577,2784
"2026-09-09 18:00:00","2026-09-10 09:00:00","CAPE","surface",-69.4948,19.6577,2938
"2026-09-09 18:00:00","2026-09-10 09:00:00","CAPE","surface",-69.4709,19.6577,2911
"2026-09-09 18:00:00","2026-09-10 09:00:00","CAPE","surface",-69.447,19.6577,2990
"2026-09-09 18:00:00","2026-09-10 09:00:00","CAPE","surface",-69.423,19.6577,2922
"2026-09-09 18:00:00","2026-09-10 09:00:00","CAPE","surface",-69.3991,19.6577,2915
"2026-09-09 18:00:00","2026-09-10 09:00:00","CAPE","surface",-69.3752,19.6577,2866
"2026-09-09 18:00:00","2026-09-10 09:00:00","CAPE","surface",-69.3513,19.6577,2866
"2026-09-09 18:00:00","2026-09-10 09:00:00","CAPE","surface",-69.3273,19.6577,2882
"2026-09-09 18:00:00","2026-09-10 09:00:00","CAPE","surface",-69.3034,19.6577,2824
"2026-09-09 18:00:00","2026-09-10 09:00:00","CAPE","surface",-69.2795,19.6577,2828
"2026-09-09 18:00:00","2026-09-10 09:00:00","CAPE","surface",-69.2556,19.6577,2746
"2026-09-09 18:00:00","2026-09-10 09:00:00","CAPE","surface",-69.2316,19.6577,2817
"2026-09-09 18:00:00","2026-09-10 09:00:00","CAPE","surface",-69.2077,19.6577,2725
"2026-09-09 18:00:00","2026-09-10 09:00:00","CAPE","surface",-69.1838,19.6577,2766
"2026-09-09 18:00:00","2026-09-10 09:00:00","CAPE","surface",-69.1599,19.6577,2855
"2026-09-09 18:00:00","2026-09-10 09:00:00","CAPE","surface",-69.1359,19.6577,2855
"2026-09-09 18:00:00","2026-09-10 09:00:00","CAPE","surface",-69.112,19.6577,3015
"2026-09-09 18:00:00","2026-09-10 09:00:00","CAPE","surface",-69.0881,19.6577,3071
"2026-09-09 18:00:00","2026-09-10 09:00:00","CAPE","surface",-69.0642,19.6577,3129
"2026-09-09 18:00:00","2026-09-10 09:00:00","CAPE","surface",-69.0402,19.6577,3129
"2026-09-09 18:00:00","2026-09-10 09:00:00","CAPE","surface",-69.0163,19.6577,3015
"2026-09-09 18:00:00","2026-09-10 09:00:00","CAPE","surface",-68.9924,19.6577,3027
"2026-09-09 18:00:00","2026-09-10 09:00:00","CAPE","surface",-68.9685,19.6577,3032
"2026-09-09 18:00:00","2026-09-10 09:00:00","CAPE","surface",-68.9445,19.6577,3032
"2026-09-09 18:00:00","2026-09-10 09:00:00","CAPE","surface",-68.9206,19.6577,3132
"2026-09-09 18:00:00","2026-09-10 09:00:00","CAPE","surface",-68.8967,19.6577,3235
"2026-09-09 18:00:00","2026-09-10 09:00:00","CAPE","surface",-68.8728,19.6577,3297
"2026-09-09 18:00:00","2026-09-10 09:00:00","CAPE","surface",-68.8488,19.6577,3389
"2026-09-09 18:00:00","2026-09-10 09:00:00","CAPE","surface",-68.8249,19.6577,3389
"2026-09-09 18:00:00","2026-09-10 09:00:00","CAPE","surface",-68.801,19.6577,3487
"2026-09-09 18:00:00","2026-09-10 09:00:00","CAPE","surface",-68.7771,19.6577,3464
"2026-09-09 18:00:00","2026-09-10 09:00:00","CAPE","surface",-68.7531,19.6577,3367
"2026-09-09 18:00:00","2026-09-10 09:00:00","CAPE","surface",-68.7292,19.6577,3367
"2026-09-09 18:00:00","2026-09-10 09:00:00","CAPE","surface",-68.7053,19.6577,3098
"2026-09-09 18:00:00","2026-09-10 09:00:00","CAPE","surface",-68.6813,19.6577,2939
"2026-09-09 18:00:00","2026-09-10 09:00:00","CAPE","surface",-68.6574,19.6577,2862
"2026-09-09 18:00:00","2026-09-10 09:00:00","CAPE","surface",-68.6335,19.6577,2899
"2026-09-09 18:00:00","2026-09-10 09:00:00","CAPE","surface",-68.6096,19.6577,2878
"2026-09-09 18:00:00","2026-09-10 09:00:00","CAPE","surface",-68.5856,19.6577,2897
"2026-09-09 18:00:00","2026-09-10 09:00:00","CAPE","surface",-68.5617,19.6577,2912
"2026-09-09 18:00:00","2026-09-10 09:00:00","CAPE","surface",-68.5378,19.6577,2944
"2026-09-09 18:00:00","2026-09-10 09:00:00","CAPE","surface",-68.5139,19.6577,2960
"2026-09-09 18:00:00","2026-09-10 09:00:00","CAPE","surface",-68.4899,19.6577,2979
"2026-09-09 18:00:00","2026-09-10 09:00:00","CAPE","surface",-68.466,19.6577,2970
"2026-09-09 18:00:00","2026-09-10 09:00:00","CAPE","surface",-68.4421,19.6577,3006
"2026-09-09 18:00:00","2026-09-10 09:00:00","CAPE","surface",-68.4182,19.6577,3020
"2026-09-09 18:00:00","2026-09-10 09:00:00","CAPE","surface",-68.3942,19.6577,3118
"2026-09-09 18:00:00","2026-09-10 09:00:00","CAPE","surface",-68.3703,19.6577,3145
"2026-09-09 18:00:00","2026-09-10 09:00:00","CAPE","surface",-68.3464,19.6577,3159
"2026-09-09 18:00:00","2026-09-10 09:00:00","CAPE","surface",-68.3225,19.6577,2996
"2026-09-09 18:00:00","2026-09-10 09:00:00","CAPE","surface",-68.2985,19.6577,2993
"2026-09-09 18:00:00","2026-09-10 09:00:00","CAPE","surface",-68.2746,19.6577,2908
"2026-09-09 18:00:00","2026-09-10 09:00:00","CAPE","surface",-68.2507,19.6577,2888
"2026-09-09 18:00:00","2026-09-10 09:00:00","CAPE","surface",-68.2268,19.6577,2888
"2026-09-09 18:00:00","2026-09-10 09:00:00","CAPE","surface",-68.2028,19.6577,2893
"2026-09-09 18:00:00","2026-09-10 09:00:00","CAPE","surface",-68.1789,19.6577,2905
"2026-09-09 18:00:00","2026-09-10 09:00:00","CAPE","surface",-68.155,19.6577,2932
"2026-09-09 18:00:00","2026-09-10 09:00:00","CAPE","surface",-68.1311,19.6577,2932
"2026-09-09 18:00:00","2026-09-10 09:00:00","CAPE","surface",-68.1071,19.6577,2981
"2026-09-09 18:00:00","2026-09-10 09:00:00","CAPE","surface",-68.0832,19.6577,2951
"2026-09-09 18:00:00","2026-09-10 09:00:00","CAPE","surface",-68.0593,19.6577,2867
"2026-09-09 18:00:00","2026-09-10 09:00:00","CAPE","surface",-68.0354,19.6577,2924
"2026-09-09 18:00:00","2026-09-10 09:00:00","CAPE","surface",-68.0114,19.6577,2857
"2026-09-09 18:00:00","2026-09-10 09:00:00","CAPE","surface",-67.9875,19.6577,2851
"2026-09-09 18:00:00","2026-09-10 09:00:00","CAPE","surface",-67.9636,19.6577,2765
"2026-09-09 18:00:00","2026-09-10 09:00:00","CAPE","surface",-67.9397,19.6577,2837
"2026-09-09 18:00:00","2026-09-10 09:00:00","CAPE","surface",-67.9157,19.6577,2796
"2026-09-09 18:00:00","2026-09-10 09:00:00","CAPE","surface",-67.8918,19.6577,2893
"2026-09-09 18:00:00","2026-09-10 09:00:00","CAPE","surface",-67.8679,19.6577,2765
"2026-09-09 18:00:00","2026-09-10 09:00:00","CAPE","surface",-67.844,19.6577,2880
"2026-09-09 18:00:00","2026-09-10 09:00:00","CAPE","surface",-67.82,19.6577,2772
"2026-09-09 18:00:00","2026-09-10 09:00:00","CAPE","surface",-67.7961,19.6577,2621
"2026-09-09 18:00:00","2026-09-10 09:00:00","CAPE","surface",-67.7722,19.6577,2758
"2026-09-09 18:00:00","2026-09-10 09:00:00","CAPE","surface",-67.7483,19.6577,2758
"2026-09-09 18:00:00","2026-09-10 09:00:00","CAPE","surface",-67.7243,19.6577,3236
"2026-09-09 18:00:00","2026-09-10 09:00:00","CAPE","surface",-67.7004,19.6577,3213
"2026-09-09 18:00:00","2026-09-10 09:00:00","CAPE","surface",-67.6765,19.6577,2905
"2026-09-09 18:00:00","2026-09-10 09:00:00","CAPE","surface",-67.6526,19.6577,2905
"2026-09-09 18:00:00","2026-09-10 09:00:00","CAPE","surface",-67.6286,19.6577,2461
"2026-09-09 18:00:00","2026-09-10 09:00:00","CAPE","surface",-67.6047,19.6577,2408
"2026-09-09 18:00:00","2026-09-10 09:00:00","CAPE","surface",-67.5808,19.6577,2254
"2026-09-09 18:00:00","2026-09-10 09:00:00","CAPE","surface",-67.5569,19.6577,2020
"2026-09-09 18:00:00","2026-09-10 09:00:00","CAPE","surface",-67.5329,19.6577,1621
"2026-09-09 18:00:00","2026-09-10 09:00:00","CAPE","surface",-67.509,19.6577,1180
"2026-09-09 18:00:00","2026-09-10 09:00:00","CAPE","surface",-67.4851,19.6577,1150
"2026-09-09 18:00:00","2026-09-10 09:00:00","CAPE","surface",-67.4612,19.6577,1146
"2026-09-09 18:00:00","2026-09-10 09:00:00","CAPE","surface",-67.4372,19.6577,1180
"2026-09-09 18:00:00","2026-09-10 09:00:00","CAPE","surface",-67.4133,19.6577,1548
"2026-09-09 18:00:00","2026-09-10 09:00:00","CAPE","surface",-67.3894,19.6577,1891
"2026-09-09 18:00:00","2026-09-10 09:00:00","CAPE","surface",-67.3655,19.6577,2028
"2026-09-09 18:00:00","2026-09-10 09:00:00","CAPE","surface",-67.3415,19.6577,1632
"2026-09-09 18:00:00","2026-09-10 09:00:00","CAPE","surface",-67.3176,19.6577,1648
"2026-09-09 18:00:00","2026-09-10 09:00:00","CAPE","surface",-67.2937,19.6577,1074
"2026-09-09 18:00:00","2026-09-10 09:00:00","CAPE","surface",-67.2698,19.6577,1130
"2026-09-09 18:00:00","2026-09-10 09:00:00","CAPE","surface",-67.2458,19.6577,827
"2026-09-09 18:00:00","2026-09-10 09:00:00","CAPE","surface",-67.2219,19.6577,926
"2026-09-09 18:00:00","2026-09-10 09:00:00","CAPE","surface",-67.198,19.6577,1072
"2026-09-09 18:00:00","2026-09-10 09:00:00","CAPE","surface",-67.1741,19.6577,1283
"2026-09-09 18:00:00","2026-09-10 09:00:00","CAPE","surface",-67.1501,19.6577,1283
"2026-09-09 18:00:00","2026-09-10 09:00:00","CAPE","surface",-67.1262,19.6577,1580
"2026-09-09 18:00:00","2026-09-10 09:00:00","CAPE","surface",-67.1023,19.6577,1794
"2026-09-09 18:00:00","2026-09-10 09:00:00","CAPE","surface",-67.0784,19.6577,1886
"2026-09-09 18:00:00","2026-09-10 09:00:00","CAPE","surface",-67.0544,19.6577,2218
"2026-09-09 18:00:00","2026-09-10 09:00:00","CAPE","surface",-67.0305,19.6577,2377
"2026-09-09 18:00:00","2026-09-10 09:00:00","CAPE","surface",-67.0066,19.6577,2790
"2026-09-09 18:00:00","2026-09-10 09:00:00","CAPE","surface",-74.7822,19.6802,2378
"2026-09-09 18:00:00","2026-09-10 09:00:00","CAPE","surface",-74.7583,19.6802,2375
"2026-09-09 18:00:00","2026-09-10 09:00:00","CAPE","surface",-74.7344,19.6802,2340
"2026-09-09 18:00:00","2026-09-10 09:00:00","CAPE","surface",-74.7105,19.6802,2338
"2026-09-09 18:00:00","2026-09-10 09:00:00","CAPE","surface",-74.6865,19.6802,2315
"2026-09-09 18:00:00","2026-09-10 09:00:00","CAPE","surface",-74.6626,19.6802,2315
"2026-09-09 18:00:00","2026-09-10 09:00:00","CAPE","surface",-74.6387,19.6802,2310
"2026-09-09 18:00:00","2026-09-10 09:00:00","CAPE","surface",-74.6148,19.6802,2292
"2026-09-09 18:00:00","2026-09-10 09:00:00","CAPE","surface",-74.5908,19.6802,2315
"2026-09-09 18:00:00","2026-09-10 09:00:00","CAPE","surface",-74.5669,19.6802,2296
"2026-09-09 18:00:00","2026-09-10 09:00:00","CAPE","surface",-74.543,19.6802,2351
"2026-09-09 18:00:00","2026-09-10 09:00:00","CAPE","surface",-74.5191,19.6802,2351
"2026-09-09 18:00:00","2026-09-10 09:00:00","CAPE","surface",-74.4951,19.6802,2402
"2026-09-09 18:00:00","2026-09-10 09:00:00","CAPE","surface",-74.4712,19.6802,2372
"2026-09-09 18:00:00","2026-09-10 09:00:00","CAPE","surface",-74.4473,19.6802,2393
"2026-09-09 18:00:00","2026-09-10 09:00:00","CAPE","surface",-74.4234,19.6802,2391
"2026-09-09 18:00:00","2026-09-10 09:00:00","CAPE","surface",-74.3994,19.6802,2370
"2026-09-09 18:00:00","2026-09-10 09:00:00","CAPE","surface",-74.3755,19.6802,2356
"2026-09-09 18:00:00","2026-09-10 09:00:00","CAPE","surface",-74.3516,19.6802,2286
"2026-09-09 18:00:00","2026-09-10 09:00:00","CAPE","surface",-74.3277,19.6802,2282
"2026-09-09 18:00:00","2026-09-10 09:00:00","CAPE","surface",-74.3037,19.6802,2307
"2026-09-09 18:00:00","2026-09-10 09:00:00","CAPE","surface",-74.2798,19.6802,2413
"2026-09-09 18:00:00","2026-09-10 09:00:00","CAPE","surface",-74.2559,19.6802,2683
"2026-09-09 18:00:00","2026-09-10 09:00:00","CAPE","surface",-74.232,19.6802,2850
"2026-09-09 18:00:00","2026-09-10 09:00:00","CAPE","surface",-74.208,19.6802,2858
"2026-09-09 18:00:00","2026-09-10 09:00:00","CAPE","surface",-74.1841,19.6802,2851
"2026-09-09 18:00:00","2026-09-10 09:00:00","CAPE","surface",-74.1602,19.6802,2837
"2026-09-09 18:00:00","2026-09-10 09:00:00","CAPE","surface",-74.1363,19.6802,2837
"2026-09-09 18:00:00","2026-09-10 09:00:00","CAPE","surface",-74.1123,19.6802,2835
"2026-09-09 18:00:00","2026-09-10 09:00:00","CAPE","surface",-74.0884,19.6802,2817
"2026-09-09 18:00:00","2026-09-10 09:00:00","CAPE","surface",-74.0645,19.6802,2736
"2026-09-09 18:00:00","2026-09-10 09:00:00","CAPE","surface",-74.0406,19.6802,2696
"2026-09-09 18:00:00","2026-09-10 09:00:00","CAPE","surface",-74.0166,19.6802,2631
"2026-09-09 18:00:00","2026-09-10 09:00:00","CAPE","surface",-73.9927,19.6802,2631
"2026-09-09 18:00:00","2026-09-10 09:00:00","CAPE","surface",-73.9688,19.6802,2523
"2026-09-09 18:00:00","2026-09-10 09:00:00","CAPE","surface",-73.9449,19.6802,2509
"2026-09-09 18:00:00","2026-09-10 09:00:00","CAPE","surface",-73.9209,19.6802,2388
"2026-09-09 18:00:00","2026-09-10 09:00:00","CAPE","surface",-73.897,19.6802,2367
"2026-09-09 18:00:00","2026-09-10 09:00:00","CAPE","surface",-73.8731,19.6802,2352
"2026-09-09 18:00:00","2026-09-10 09:00:00","CAPE","surface",-73.8492,19.6802,2330
"2026-09-09 18:00:00","2026-09-10 09:00:00","CAPE","surface",-73.8252,19.6802,2375
"2026-09-09 18:00:00","2026-09-10 09:00:00","CAPE","surface",-73.8013,19.6802,2367
"2026-09-09 18:00:00","2026-09-10 09:00:00","CAPE","surface",-73.7774,19.6802,2531
"2026-09-09 18:00:00","2026-09-10 09:00:00","CAPE","surface",-73.7535,19.6802,2531
"2026-09-09 18:00:00","2026-09-10 09:00:00","CAPE","surface",-73.7295,19.6802,2672
"2026-09-09 18:00:00","2026-09-10 09:00:00","CAPE","surface",-73.7056,19.6802,2587
"2026-09-09 18:00:00","2026-09-10 09:00:00","CAPE","surface",-73.6817,19.6802,2726
"2026-09-09 18:00:00","2026-09-10 09:00:00","CAPE","surface",-73.6578,19.6802,2659
"2026-09-09 18:00:00","2026-09-10 09:00:00","CAPE","surface",-73.6338,19.6802,2666
"2026-09-09 18:00:00","2026-09-10 09:00:00","CAPE","surface",-73.6099,19.6802,2402
"2026-09-09 18:00:00","2026-09-10 09:00:00","CAPE","surface",-73.586,19.6802,2515
"2026-09-09 18:00:00","2026-09-10 09:00:00","CAPE","surface",-73.5621,19.6802,2295
"2026-09-09 18:00:00","2026-09-10 09:00:00","CAPE","surface",-73.5381,19.6802,2291
"2026-09-09 18:00:00","2026-09-10 09:00:00","CAPE","surface",-73.5142,19.6802,2206
"2026-09-09 18:00:00","2026-09-10 09:00:00","CAPE","surface",-73.4903,19.6802,2206
"2026-09-09 18:00:00","2026-09-10 09:00:00","CAPE","surface",-73.4664,19.6802,2203
"2026-09-09 18:00:00","2026-09-10 09:00:00","CAPE","surface",-73.4424,19.6802,2143
"2026-09-09 18:00:00","2026-09-10 09:00:00","CAPE","surface",-73.4185,19.6802,1947
"2026-09-09 18:00:00","2026-09-10 09:00:00","CAPE","surface",-73.3946,19.6802,1930
"2026-09-09 18:00:00","2026-09-10 09:00:00","CAPE","surface",-73.3707,19.6802,1933
"2026-09-09 18:00:00","2026-09-10 09:00:00","CAPE","surface",-73.3467,19.6802,1900
"2026-09-09 18:00:00","2026-09-10 09:00:00","CAPE","surface",-73.3228,19.6802,1760
"2026-09-09 18:00:00","2026-09-10 09:00:00","CAPE","surface",-73.2989,19.6802,1714
"2026-09-09 18:00:00","2026-09-10 09:00:00","CAPE","surface",-73.275,19.6802,727
"2026-09-09 18:00:00","2026-09-10 09:00:00","CAPE","surface",-73.251,19.6802,727
"2026-09-09 18:00:00","2026-09-10 09:00:00","CAPE","surface",-73.2271,19.6802,630
"2026-09-09 18:00:00","2026-09-10 09:00:00","CAPE","surface",-73.2032,19.6802,611
"2026-09-09 18:00:00","2026-09-10 09:00:00","CAPE","surface",-73.1793,19.6802,713
"2026-09-09 18:00:00","2026-09-10 09:00:00","CAPE","surface",-73.1553,19.6802,683
"2026-09-09 18:00:00","2026-09-10 09:00:00","CAPE","surface",-73.1314,19.6802,601
"2026-09-09 18:00:00","2026-09-10 09:00:00","CAPE","surface",-73.1075,19.6802,556
"2026-09-09 18:00:00","2026-09-10 09:00:00","CAPE","surface",-73.0836,19.6802,548
"2026-09-09 18:00:00","2026-09-10 09:00:00","CAPE","surface",-73.0596,19.6802,591
"2026-09-09 18:00:00","2026-09-10 09:00:00","CAPE","surface",-73.0357,19.6802,628
"2026-09-09 18:00:00","2026-09-10 09:00:00","CAPE","surface",-73.0118,19.6802,584
"2026-09-09 18:00:00","2026-09-10 09:00:00","CAPE","surface",-72.9879,19.6802,599
"2026-09-09 18:00:00","2026-09-10 09:00:00","CAPE","surface",-72.9639,19.6802,568
"2026-09-09 18:00:00","2026-09-10 09:00:00","CAPE","surface",-72.94,19.6802,685
"2026-09-09 18:00:00","2026-09-10 09:00:00","CAPE","surface",-72.9161,19.6802,626
"2026-09-09 18:00:00","2026-09-10 09:00:00","CAPE","surface",-72.8922,19.6802,671
"2026-09-09 18:00:00","2026-09-10 09:00:00","CAPE","surface",-72.8682,19.6802,671
"2026-09-09 18:00:00","2026-09-10 09:00:00","CAPE","surface",-72.8443,19.6802,700
"2026-09-09 18:00:00","2026-09-10 09:00:00","CAPE","surface",-72.8204,19.6802,572
"2026-09-09 18:00:00","2026-09-10 09:00:00","CAPE","surface",-72.7965,19.6802,552
"2026-09-09 18:00:00","2026-09-10 09:00:00","CAPE","surface",-72.7725,19.6802,529
"2026-09-09 18:00:00","2026-09-10 09:00:00","CAPE","surface",-72.7486,19.6802,529
"2026-09-09 18:00:00","2026-09-10 09:00:00","CAPE","surface",-72.7247,19.6802,491
"2026-09-09 18:00:00","2026-09-10 09:00:00","CAPE","surface",-72.7008,19.6802,496
"2026-09-09 18:00:00","2026-09-10 09:00:00","CAPE","surface",-72.6768,19.6802,444
"2026-09-09 18:00:00","2026-09-10 09:00:00","CAPE","surface",-72.6529,19.6802,439
"2026-09-09 18:00:00","2026-09-10 09:00:00","CAPE","surface",-72.629,19.6802,468
"2026-09-09 18:00:00","2026-09-10 09:00:00","CAPE","surface",-72.6051,19.6802,435
"2026-09-09 18:00:00","2026-09-10 09:00:00","CAPE","surface",-72.5811,19.6802,492
"2026-09-09 18:00:00","2026-09-10 09:00:00","CAPE","surface",-72.5572,19.6802,507
"2026-09-09 18:00:00","2026-09-10 09:00:00","CAPE","surface",-72.5333,19.6802,455
"2026-09-09 18:00:00","2026-09-10 09:00:00","CAPE","surface",-72.5094,19.6802,455
"2026-09-09 18:00:00","2026-09-10 09:00:00","CAPE","surface",-72.4854,19.6802,514
"2026-09-09 18:00:00","2026-09-10 09:00:00","CAPE","surface",-72.4615,19.6802,557
"2026-09-09 18:00:00","2026-09-10 09:00:00","CAPE","surface",-72.4376,19.6802,493
"2026-09-09 18:00:00","2026-09-10 09:00:00","CAPE","surface",-72.4137,19.6802,578
"2026-09-09 18:00:00","2026-09-10 09:00:00","CAPE","surface",-72.3897,19.6802,646
"2026-09-09 18:00:00","2026-09-10 09:00:00","CAPE","surface",-72.3658,19.6802,713
"2026-09-09 18:00:00","2026-09-10 09:00:00","CAPE","surface",-72.3419,19.6802,707
"2026-09-09 18:00:00","2026-09-10 09:00:00","CAPE","surface",-72.318,19.6802,688
"2026-09-09 18:00:00","2026-09-10 09:00:00","CAPE","surface",-72.294,19.6802,636
"2026-09-09 18:00:00","2026-09-10 09:00:00","CAPE","surface",-72.2701,19.6802,646
"2026-09-09 18:00:00","2026-09-10 09:00:00","CAPE","surface",-72.2462,19.6802,651
"2026-09-09 18:00:00","2026-09-10 09:00:00","CAPE","surface",-72.2223,19.6802,642
"2026-09-09 18:00:00","2026-09-10 09:00:00","CAPE","surface",-72.1983,19.6802,602
"2026-09-09 18:00:00","2026-09-10 09:00:00","CAPE","surface",-72.1744,19.6802,503
"2026-09-09 18:00:00","2026-09-10 09:00:00","CAPE","surface",-72.1505,19.6802,503
"2026-09-09 18:00:00","2026-09-10 09:00:00","CAPE","surface",-72.1266,19.6802,634
"2026-09-09 18:00:00","2026-09-10 09:00:00","CAPE","surface",-72.1026,19.6802,587
"2026-09-09 18:00:00","2026-09-10 09:00:00","CAPE","surface",-72.0787,19.6802,809
"2026-09-09 18:00:00","2026-09-10 09:00:00","CAPE","surface",-72.0548,19.6802,717
"2026-09-09 18:00:00","2026-09-10 09:00:00","CAPE","surface",-72.0309,19.6802,908
"2026-09-09 18:00:00","2026-09-10 09:00:00","CAPE","surface",-72.0069,19.6802,751
"2026-09-09 18:00:00","2026-09-10 09:00:00","CAPE","surface",-71.983,19.6802,848
"2026-09-09 18:00:00","2026-09-10 09:00:00","CAPE","surface",-71.9591,19.6802,770
"2026-09-09 18:00:00","2026-09-10 09:00:00","CAPE","surface",-71.9352,19.6802,858
"2026-09-09 18:00:00","2026-09-10 09:00:00","CAPE","surface",-71.9112,19.6802,760
"2026-09-09 18:00:00","2026-09-10 09:00:00","CAPE","surface",-71.8873,19.6802,836
"2026-09-09 18:00:00","2026-09-10 09:00:00","CAPE","surface",-71.8634,19.6802,866
"2026-09-09 18:00:00","2026-09-10 09:00:00","CAPE","surface",-71.8395,19.6802,814
"2026-09-09 18:00:00","2026-09-10 09:00:00","CAPE","surface",-71.8155,19.6802,814
"2026-09-09 18:00:00","2026-09-10 09:00:00","CAPE","surface",-71.7916,19.6802,826
"2026-09-09 18:00:00","2026-09-10 09:00:00","CAPE","surface",-71.7677,19.6802,876
"2026-09-09 18:00:00","2026-09-10 09:00:00","CAPE","surface",-71.7438,19.6802,809
"2026-09-09 18:00:00","2026-09-10 09:00:00","CAPE","surface",-71.7198,19.6802,796
"2026-09-09 18:00:00","2026-09-10 09:00:00","CAPE","surface",-71.6959,19.6802,796
"2026-09-09 18:00:00","2026-09-10 09:00:00","CAPE","surface",-71.672,19.6802,790
"2026-09-09 18:00:00","2026-09-10 09:00:00","CAPE","surface",-71.6481,19.6802,794
"2026-09-09 18:00:00","2026-09-10 09:00:00","CAPE","surface",-71.6241,19.6802,795
"2026-09-09 18:00:00","2026-09-10 09:00:00","CAPE","surface",-71.6002,19.6802,807
"2026-09-09 18:00:00","2026-09-10 09:00:00","CAPE","surface",-71.5763,19.6802,801
"2026-09-09 18:00:00","2026-09-10 09:00:00","CAPE","surface",-71.5524,19.6802,803
"2026-09-09 18:00:00","2026-09-10 09:00:00","CAPE","surface",-71.5284,19.6802,793
"2026-09-09 18:00:00","2026-09-10 09:00:00","CAPE","surface",-71.5045,19.6802,796
"2026-09-09 18:00:00","2026-09-10 09:00:00","CAPE","surface",-71.4806,19.6802,781
"2026-09-09 18:00:00","2026-09-10 09:00:00","CAPE","surface",-71.4567,19.6802,781
"2026-09-09 18:00:00","2026-09-10 09:00:00","CAPE","surface",-71.4327,19.6802,788
"2026-09-09 18:00:00","2026-09-10 09:00:00","CAPE","surface",-71.4088,19.6802,786
"2026-09-09 18:00:00","2026-09-10 09:00:00","CAPE","surface",-71.3849,19.6802,805
"2026-09-09 18:00:00","2026-09-10 09:00:00","CAPE","surface",-71.361,19.6802,833
"2026-09-09 18:00:00","2026-09-10 09:00:00","CAPE","surface",-71.337,19.6802,826
"2026-09-09 18:00:00","2026-09-10 09:00:00","CAPE","surface",-71.3131,19.6802,834
"2026-09-09 18:00:00","2026-09-10 09:00:00","CAPE","surface",-71.2892,19.6802,833
"2026-09-09 18:00:00","2026-09-10 09:00:00","CAPE","surface",-71.2653,19.6802,832
"2026-09-09 18:00:00","2026-09-10 09:00:00","CAPE","surface",-71.2413,19.6802,832
"2026-09-09 18:00:00","2026-09-10 09:00:00","CAPE","surface",-71.2174,19.6802,837
"2026-09-09 18:00:00","2026-09-10 09:00:00","CAPE","surface",-71.1935,19.6802,834
"2026-09-09 18:00:00","2026-09-10 09:00:00","CAPE","surface",-71.1696,19.6802,847
"2026-09-09 18:00:00","2026-09-10 09:00:00","CAPE","surface",-71.1456,19.6802,841
"2026-09-09 18:00:00","2026-09-10 09:00:00","CAPE","surface",-71.1217,19.6802,879
"2026-09-09 18:00:00","2026-09-10 09:00:00","CAPE","surface",-71.0978,19.6802,878
"2026-09-09 18:00:00","2026-09-10 09:00:00","CAPE","surface",-71.0739,19.6802,910
"2026-09-09 18:00:00","2026-09-10 09:00:00","CAPE","surface",-71.0499,19.6802,909
"2026-09-09 18:00:00","2026-09-10 09:00:00","CAPE","surface",-71.026,19.6802,909
"2026-09-09 18:00:00","2026-09-10 09:00:00","CAPE","surface",-71.0021,19.6802,851
"2026-09-09 18:00:00","2026-09-10 09:00:00","CAPE","surface",-70.9782,19.6802,897
"2026-09-09 18:00:00","2026-09-10 09:00:00","CAPE","surface",-70.9542,19.6802,838
"2026-09-09 18:00:00","2026-09-10 09:00:00","CAPE","surface",-70.9303,19.6802,867
"2026-09-09 18:00:00","2026-09-10 09:00:00","CAPE","surface",-70.9064,19.6802,727
"2026-09-09 18:00:00","2026-09-10 09:00:00","CAPE","surface",-70.8825,19.6802,722
"2026-09-09 18:00:00","2026-09-10 09:00:00","CAPE","surface",-70.8585,19.6802,741
"2026-09-09 18:00:00","2026-09-10 09:00:00","CAPE","surface",-70.8346,19.6802,759
"2026-09-09 18:00:00","2026-09-10 09:00:00","CAPE","surface",-70.8107,19.6802,760
"2026-09-09 18:00:00","2026-09-10 09:00:00","CAPE","surface",-70.7868,19.6802,760
"2026-09-09 18:00:00","2026-09-10 09:00:00","CAPE","surface",-70.7628,19.6802,814
"2026-09-09 18:00:00","2026-09-10 09:00:00","CAPE","surface",-70.7389,19.6802,823
"2026-09-09 18:00:00","2026-09-10 09:00:00","CAPE","surface",-70.715,19.6802,960
"2026-09-09 18:00:00","2026-09-10 09:00:00","CAPE","surface",-70.6911,19.6802,960
"2026-09-09 18:00:00","2026-09-10 09:00:00","CAPE","surface",-70.6671,19.6802,1088
"2026-09-09 18:00:00","2026-09-10 09:00:00","CAPE","surface",-70.6432,19.6802,1218
"2026-09-09 18:00:00","2026-09-10 09:00:00","CAPE","surface",-70.6193,19.6802,1282
"2026-09-09 18:00:00","2026-09-10 09:00:00","CAPE","surface",-70.5954,19.6802,1421
"2026-09-09 18:00:00","2026-09-10 09:00:00","CAPE","surface",-70.5714,19.6802,1421
"2026-09-09 18:00:00","2026-09-10 09:00:00","CAPE","surface",-70.5475,19.6802,1519
"2026-09-09 18:00:00","2026-09-10 09:00:00","CAPE","surface",-70.5236,19.6802,1577
"2026-09-09 18:00:00","2026-09-10 09:00:00","CAPE","surface",-70.4997,19.6802,1825
"2026-09-09 18:00:00","2026-09-10 09:00:00","CAPE","surface",-70.4757,19.6802,1825
"2026-09-09 18:00:00","2026-09-10 09:00:00","CAPE","surface",-70.4518,19.6802,2096
"2026-09-09 18:00:00","2026-09-10 09:00:00","CAPE","surface",-70.4279,19.6802,2132
"2026-09-09 18:00:00","2026-09-10 09:00:00","CAPE","surface",-70.404,19.6802,2291
"2026-09-09 18:00:00","2026-09-10 09:00:00","CAPE","surface",-70.38,19.6802,2359
"2026-09-09 18:00:00","2026-09-10 09:00:00","CAPE","surface",-70.3561,19.6802,2472
"2026-09-09 18:00:00","2026-09-10 09:00:00","CAPE","surface",-70.3322,19.6802,2914
"2026-09-09 18:00:00","2026-09-10 09:00:00","CAPE","surface",-70.3083,19.6802,2895
"2026-09-09 18:00:00","2026-09-10 09:00:00","CAPE","surface",-70.2843,19.6802,2771
"2026-09-09 18:00:00","2026-09-10 09:00:00","CAPE","surface",-70.2604,19.6802,2771
"2026-09-09 18:00:00","2026-09-10 09:00:00","CAPE","surface",-70.2365,19.6802,2773
"2026-09-09 18:00:00","2026-09-10 09:00:00","CAPE","surface",-70.2126,19.6802,2757
"2026-09-09 18:00:00","2026-09-10 09:00:00","CAPE","surface",-70.1886,19.6802,2947
"2026-09-09 18:00:00","2026-09-10 09:00:00","CAPE","surface",-70.1647,19.6802,2842
"2026-09-09 18:00:00","2026-09-10 09:00:00","CAPE","surface",-70.1408,19.6802,3050
"2026-09-09 18:00:00","2026-09-10 09:00:00","CAPE","surface",-70.1169,19.6802,2892
"2026-09-09 18:00:00","2026-09-10 09:00:00","CAPE","surface",-70.0929,19.6802,2931
"2026-09-09 18:00:00","2026-09-10 09:00:00","CAPE","surface",-70.069,19.6802,3034
"2026-09-09 18:00:00","2026-09-10 09:00:00","CAPE","surface",-70.0451,19.6802,3034
"2026-09-09 18:00:00","2026-09-10 09:00:00","CAPE","surface",-70.0212,19.6802,3230
"2026-09-09 18:00:00","2026-09-10 09:00:00","CAPE","surface",-69.9972,19.6802,3131
"2026-09-09 18:00:00","2026-09-10 09:00:00","CAPE","surface",-69.9733,19.6802,2958
"2026-09-09 18:00:00","2026-09-10 09:00:00","CAPE","surface",-69.9494,19.6802,2654
"2026-09-09 18:00:00","2026-09-10 09:00:00","CAPE","surface",-69.9255,19.6802,2726
"2026-09-09 18:00:00","2026-09-10 09:00:00","CAPE","surface",-69.9015,19.6802,2701
"2026-09-09 18:00:00","2026-09-10 09:00:00","CAPE","surface",-69.8776,19.6802,2699
"2026-09-09 18:00:00","2026-09-10 09:00:00","CAPE","surface",-69.8537,19.6802,2680
"2026-09-09 18:00:00","2026-09-10 09:00:00","CAPE","surface",-69.8298,19.6802,2696
"2026-09-09 18:00:00","2026-09-10 09:00:00","CAPE","surface",-69.8058,19.6802,2681
"2026-09-09 18:00:00","2026-09-10 09:00:00","CAPE","surface",-69.7819,19.6802,2703
"2026-09-09 18:00:00","2026-09-10 09:00:00","CAPE","surface",-69.758,19.6802,2620
"2026-09-09 18:00:00","2026-09-10 09:00:00","CAPE","surface",-69.7341,19.6802,2573
"2026-09-09 18:00:00","2026-09-10 09:00:00","CAPE","surface",-69.7101,19.6802,2445
"2026-09-09 18:00:00","2026-09-10 09:00:00","CAPE","surface",-69.6862,19.6802,2435
"2026-09-09 18:00:00","2026-09-10 09:00:00","CAPE","surface",-69.6623,19.6802,2423
"2026-09-09 18:00:00","2026-09-10 09:00:00","CAPE","surface",-69.6384,19.6802,2462
"2026-09-09 18:00:00","2026-09-10 09:00:00","CAPE","surface",-69.6144,19.6802,2444
"2026-09-09 18:00:00","2026-09-10 09:00:00","CAPE","surface",-69.5905,19.6802,2521
"2026-09-09 18:00:00","2026-09-10 09:00:00","CAPE","surface",-69.5666,19.6802,2637
"2026-09-09 18:00:00","2026-09-10 09:00:00","CAPE","surface",-69.5427,19.6802,2735
"2026-09-09 18:00:00","2026-09-10 09:00:00","CAPE","surface",-69.5187,19.6802,2771
"2026-09-09 18:00:00","2026-09-10 09:00:00","CAPE","surface",-69.4948,19.6802,2922
"2026-09-09 18:00:00","2026-09-10 09:00:00","CAPE","surface",-69.4709,19.6802,2997
"2026-09-09 18:00:00","2026-09-10 09:00:00","CAPE","surface",-69.447,19.6802,3028
"2026-09-09 18:00:00","2026-09-10 09:00:00","CAPE","surface",-69.423,19.6802,2996
"2026-09-09 18:00:00","2026-09-10 09:00:00","CAPE","surface",-69.3991,19.6802,2967
"2026-09-09 18:00:00","2026-09-10 09:00:00","CAPE","surface",-69.3752,19.6802,2936
"2026-09-09 18:00:00","2026-09-10 09:00:00","CAPE","surface",-69.3513,19.6802,2927
"2026-09-09 18:00:00","2026-09-10 09:00:00","CAPE","surface",-69.3273,19.6802,2882
"2026-09-09 18:00:00","2026-09-10 09:00:00","CAPE","surface",-69.3034,19.6802,2960
"2026-09-09 18:00:00","2026-09-10 09:00:00","CAPE","surface",-69.2795,19.6802,2912
"2026-09-09 18:00:00","2026-09-10 09:00:00","CAPE","surface",-69.2556,19.6802,2940
"2026-09-09 18:00:00","2026-09-10 09:00:00","CAPE","surface",-69.2316,19.6802,2974
"2026-09-09 18:00:00","2026-09-10 09:00:00","CAPE","surface",-69.2077,19.6802,2974
"2026-09-09 18:00:00","2026-09-10 09:00:00","CAPE","surface",-69.1838,19.6802,3011
"2026-09-09 18:00:00","2026-09-10 09:00:00","CAPE","surface",-69.1599,19.6802,2902
"2026-09-09 18:00:00","2026-09-10 09:00:00","CAPE","surface",-69.1359,19.6802,3005
"2026-09-09 18:00:00","2026-09-10 09:00:00","CAPE","surface",-69.112,19.6802,3015
"2026-09-09 18:00:00","2026-09-10 09:00:00","CAPE","surface",-69.0881,19.6802,3147
"2026-09-09 18:00:00","2026-09-10 09:00:00","CAPE","surface",-69.0642,19.6802,3155
"2026-09-09 18:00:00","2026-09-10 09:00:00","CAPE","surface",-69.0402,19.6802,3068
"2026-09-09 18:00:00","2026-09-10 09:00:00","CAPE","surface",-69.0163,19.6802,2958
"2026-09-09 18:00:00","2026-09-10 09:00:00","CAPE","surface",-68.9924,19.6802,2958
"2026-09-09 18:00:00","2026-09-10 09:00:00","CAPE","surface",-68.9685,19.6802,2924
"2026-09-09 18:00:00","2026-09-10 09:00:00","CAPE","surface",-68.9445,19.6802,2985
"2026-09-09 18:00:00","2026-09-10 09:00:00","CAPE","surface",-68.9206,19.6802,3099
"2026-09-09 18:00:00","2026-09-10 09:00:00","CAPE","surface",-68.8967,19.6802,3099
"2026-09-09 18:00:00","2026-09-10 09:00:00","CAPE","surface",-68.8728,19.6802,3266
"2026-09-09 18:00:00","2026-09-10 09:00:00","CAPE","surface",-68.8488,19.6802,3354
"2026-09-09 18:00:00","2026-09-10 09:00:00","CAPE","surface",-68.8249,19.6802,3448
"2026-09-09 18:00:00","2026-09-10 09:00:00","CAPE","surface",-68.801,19.6802,3448
"2026-09-09 18:00:00","2026-09-10 09:00:00","CAPE","surface",-68.7771,19.6802,3565
"2026-09-09 18:00:00","2026-09-10 09:00:00","CAPE","surface",-68.7531,19.6802,3582
"2026-09-09 18:00:00","2026-09-10 09:00:00","CAPE","surface",-68.7292,19.6802,3424
"2026-09-09 18:00:00","2026-09-10 09:00:00","CAPE","surface",-68.7053,19.6802,3127
"2026-09-09 18:00:00","2026-09-10 09:00:00","CAPE","surface",-68.6813,19.6802,3127
"2026-09-09 18:00:00","2026-09-10 09:00:00","CAPE","surface",-68.6574,19.6802,2964
"2026-09-09 18:00:00","2026-09-10 09:00:00","CAPE","surface",-68.6335,19.6802,2899
"2026-09-09 18:00:00","2026-09-10 09:00:00","CAPE","surface",-68.6096,19.6802,2877
"2026-09-09 18:00:00","2026-09-10 09:00:00","CAPE","surface",-68.5856,19.6802,2877
"2026-09-09 18:00:00","2026-09-10 09:00:00","CAPE","surface",-68.5617,19.6802,2896
"2026-09-09 18:00:00","2026-09-10 09:00:00","CAPE","surface",-68.5378,19.6802,2961
"2026-09-09 18:00:00","2026-09-10 09:00:00","CAPE","surface",-68.5139,19.6802,2979
"2026-09-09 18:00:00","2026-09-10 09:00:00","CAPE","surface",-68.4899,19.6802,2940
"2026-09-09 18:00:00","2026-09-10 09:00:00","CAPE","surface",-68.466,19.6802,2952
"2026-09-09 18:00:00","2026-09-10 09:00:00","CAPE","surface",-68.4421,19.6802,2951
"2026-09-09 18:00:00","2026-09-10 09:00:00","CAPE","surface",-68.4182,19.6802,3020
"2026-09-09 18:00:00","2026-09-10 09:00:00","CAPE","surface",-68.3942,19.6802,3042
"2026-09-09 18:00:00","2026-09-10 09:00:00","CAPE","surface",-68.3703,19.6802,3106
"2026-09-09 18:00:00","2026-09-10 09:00:00","CAPE","surface",-68.3464,19.6802,3011
"2026-09-09 18:00:00","2026-09-10 09:00:00","CAPE","surface",-68.3225,19.6802,2917
"2026-09-09 18:00:00","2026-09-10 09:00:00","CAPE","surface",-68.2985,19.6802,2917
"2026-09-09 18:00:00","2026-09-10 09:00:00","CAPE","surface",-68.2746,19.6802,2891
"2026-09-09 18:00:00","2026-09-10 09:00:00","CAPE","surface",-68.2507,19.6802,2881
"2026-09-09 18:00:00","2026-09-10 09:00:00","CAPE","surface",-68.2268,19.6802,2874
"2026-09-09 18:00:00","2026-09-10 09:00:00","CAPE","surface",-68.2028,19.6802,2893
"2026-09-09 18:00:00","2026-09-10 09:00:00","CAPE","surface",-68.1789,19.6802,2825
"2026-09-09 18:00:00","2026-09-10 09:00:00","CAPE","surface",-68.155,19.6802,2876
"2026-09-09 18:00:00","2026-09-10 09:00:00","CAPE","surface",-68.1311,19.6802,2960
"2026-09-09 18:00:00","2026-09-10 09:00:00","CAPE","surface",-68.1071,19.6802,2973
"2026-09-09 18:00:00","2026-09-10 09:00:00","CAPE","surface",-68.0832,19.6802,2973
"2026-09-09 18:00:00","2026-09-10 09:00:00","CAPE","surface",-68.0593,19.6802,2974
"2026-09-09 18:00:00","2026-09-10 09:00:00","CAPE","surface",-68.0354,19.6802,2924
"2026-09-09 18:00:00","2026-09-10 09:00:00","CAPE","surface",-68.0114,19.6802,2968
"2026-09-09 18:00:00","2026-09-10 09:00:00","CAPE","surface",-67.9875,19.6802,2968
"2026-09-09 18:00:00","2026-09-10 09:00:00","CAPE","surface",-67.9636,19.6802,2927
"2026-09-09 18:00:00","2026-09-10 09:00:00","CAPE","surface",-67.9397,19.6802,2837
"2026-09-09 18:00:00","2026-09-10 09:00:00","CAPE","surface",-67.9157,19.6802,2931
"2026-09-09 18:00:00","2026-09-10 09:00:00","CAPE","surface",-67.8918,19.6802,2975
"2026-09-09 18:00:00","2026-09-10 09:00:00","CAPE","surface",-67.8679,19.6802,2972
"2026-09-09 18:00:00","2026-09-10 09:00:00","CAPE","surface",-67.844,19.6802,2917
"2026-09-09 18:00:00","2026-09-10 09:00:00","CAPE","surface",-67.82,19.6802,2772
"2026-09-09 18:00:00","2026-09-10 09:00:00","CAPE","surface",-67.7961,19.6802,2862
"2026-09-09 18:00:00","2026-09-10 09:00:00","CAPE","surface",-67.7722,19.6802,2779
"2026-09-09 18:00:00","2026-09-10 09:00:00","CAPE","surface",-67.7483,19.6802,3141
"2026-09-09 18:00:00","2026-09-10 09:00:00","CAPE","surface",-67.7243,19.6802,3236
"2026-09-09 18:00:00","2026-09-10 09:00:00","CAPE","surface",-67.7004,19.6802,3435
"2026-09-09 18:00:00","2026-09-10 09:00:00","CAPE","surface",-67.6765,19.6802,3044
"2026-09-09 18:00:00","2026-09-10 09:00:00","CAPE","surface",-67.6526,19.6802,2669
"2026-09-09 18:00:00","2026-09-10 09:00:00","CAPE","surface",-67.6286,19.6802,2429
"2026-09-09 18:00:00","2026-09-10 09:00:00","CAPE","surface",-67.6047,19.6802,2429
"2026-09-09 18:00:00","2026-09-10 09:00:00","CAPE","surface",-67.5808,19.6802,2273
"2026-09-09 18:00:00","2026-09-10 09:00:00","CAPE","surface",-67.5569,19.6802,2020
"2026-09-09 18:00:00","2026-09-10 09:00:00","CAPE","surface",-67.5329,19.6802,1300
"2026-09-09 18:00:00","2026-09-10 09:00:00","CAPE","surface",-67.509,19.6802,987
"2026-09-09 18:00:00","2026-09-10 09:00:00","CAPE","surface",-67.4851,19.6802,951
"2026-09-09 18:00:00","2026-09-10 09:00:00","CAPE","surface",-67.4612,19.6802,898
"2026-09-09 18:00:00","2026-09-10 09:00:00","CAPE","surface",-67.4372,19.6802,1180
"2026-09-09 18:00:00","2026-09-10 09:00:00","CAPE","surface",-67.4133,19.6802,1142
"2026-09-09 18:00:00","2026-09-10 09:00:00","CAPE","surface",-67.3894,19.6802,1624
"2026-09-09 18:00:00","2026-09-10 09:00:00","CAPE","surface",-67.3655,19.6802,1505
"2026-09-09 18:00:00","2026-09-10 09:00:00","CAPE","surface",-67.3415,19.6802,1632
"2026-09-09 18:00:00","2026-09-10 09:00:00","CAPE","surface",-67.3176,19.6802,986
"2026-09-09 18:00:00","2026-09-10 09:00:00","CAPE","surface",-67.2937,19.6802,630
"2026-09-09 18:00:00","2026-09-10 09:00:00","CAPE","surface",-67.2698,19.6802,718
"2026-09-09 18:00:00","2026-09-10 09:00:00","CAPE","surface",-67.2458,19.6802,777
"2026-09-09 18:00:00","2026-09-10 09:00:00","CAPE","surface",-67.2219,19.6802,777
"2026-09-09 18:00:00","2026-09-10 09:00:00","CAPE","surface",-67.198,19.6802,983
"2026-09-09 18:00:00","2026-09-10 09:00:00","CAPE","surface",-67.1741,19.6802,1108
"2026-09-09 18:00:00","2026-09-10 09:00:00","CAPE","surface",-67.1501,19.6802,1389
"2026-09-09 18:00:00","2026-09-10 09:00:00","CAPE","surface",-67.1262,19.6802,1695
"2026-09-09 18:00:00","2026-09-10 09:00:00","CAPE","surface",-67.1023,19.6802,1794
"2026-09-09 18:00:00","2026-09-10 09:00:00","CAPE","surface",-67.0784,19.6802,2180
"2026-09-09 18:00:00","2026-09-10 09:00:00","CAPE","surface",-67.0544,19.6802,2218
"2026-09-09 18:00:00","2026-09-10 09:00:00","CAPE","surface",-67.0305,19.6802,2576
"2026-09-09 18:00:00","2026-09-10 09:00:00","CAPE","surface",-67.0066,19.6802,2653
"2026-09-09 18:00:00","2026-09-10 09:00:00","CAPE","surface",-74.7822,19.7027,2378
"2026-09-09 18:00:00","2026-09-10 09:00:00","CAPE","surface",-74.7583,19.7027,2334
"2026-09-09 18:00:00","2026-09-10 09:00:00","CAPE","surface",-74.7344,19.7027,2334
"2026-09-09 18:00:00","2026-09-10 09:00:00","CAPE","surface",-74.7105,19.7027,2325
"2026-09-09 18:00:00","2026-09-10 09:00:00","CAPE","surface",-74.6865,19.7027,2322
"2026-09-09 18:00:00","2026-09-10 09:00:00","CAPE","surface",-74.6626,19.7027,2336
"2026-09-09 18:00:00","2026-09-10 09:00:00","CAPE","surface",-74.6387,19.7027,2310
"2026-09-09 18:00:00","2026-09-10 09:00:00","CAPE","surface",-74.6148,19.7027,2348
"2026-09-09 18:00:00","2026-09-10 09:00:00","CAPE","surface",-74.5908,19.7027,2348
"2026-09-09 18:00:00","2026-09-10 09:00:00","CAPE","surface",-74.5669,19.7027,2430
"2026-09-09 18:00:00","2026-09-10 09:00:00","CAPE","surface",-74.543,19.7027,2394
"2026-09-09 18:00:00","2026-09-10 09:00:00","CAPE","surface",-74.5191,19.7027,2461
"2026-09-09 18:00:00","2026-09-10 09:00:00","CAPE","surface",-74.4951,19.7027,2402
"2026-09-09 18:00:00","2026-09-10 09:00:00","CAPE","surface",-74.4712,19.7027,2451
"2026-09-09 18:00:00","2026-09-10 09:00:00","CAPE","surface",-74.4473,19.7027,2412
"2026-09-09 18:00:00","2026-09-10 09:00:00","CAPE","surface",-74.4234,19.7027,2398
"2026-09-09 18:00:00","2026-09-10 09:00:00","CAPE","surface",-74.3994,19.7027,2338
"2026-09-09 18:00:00","2026-09-10 09:00:00","CAPE","surface",-74.3755,19.7027,2301
"2026-09-09 18:00:00","2026-09-10 09:00:00","CAPE","surface",-74.3516,19.7027,2281
"2026-09-09 18:00:00","2026-09-10 09:00:00","CAPE","surface",-74.3277,19.7027,2281
"2026-09-09 18:00:00","2026-09-10 09:00:00","CAPE","surface",-74.3037,19.7027,2425
"2026-09-09 18:00:00","2026-09-10 09:00:00","CAPE","surface",-74.2798,19.7027,2529
"2026-09-09 18:00:00","2026-09-10 09:00:00","CAPE","surface",-74.2559,19.7027,2855
"2026-09-09 18:00:00","2026-09-10 09:00:00","CAPE","surface",-74.232,19.7027,2882
"2026-09-09 18:00:00","2026-09-10 09:00:00","CAPE","surface",-74.208,19.7027,2773
"2026-09-09 18:00:00","2026-09-10 09:00:00","CAPE","surface",-74.1841,19.7027,2749
"2026-09-09 18:00:00","2026-09-10 09:00:00","CAPE","surface",-74.1602,19.7027,2751
"2026-09-09 18:00:00","2026-09-10 09:00:00","CAPE","surface",-74.1363,19.7027,2827
"2026-09-09 18:00:00","2026-09-10 09:00:00","CAPE","surface",-74.1123,19.7027,2820
"2026-09-09 18:00:00","2026-09-10 09:00:00","CAPE","surface",-74.0884,19.7027,2798
"2026-09-09 18:00:00","2026-09-10 09:00:00","CAPE","surface",-74.0645,19.7027,2802
"2026-09-09 18:00:00","2026-09-10 09:00:00","CAPE","surface",-74.0406,19.7027,2730
"2026-09-09 18:00:00","2026-09-10 09:00:00","CAPE","surface",-74.0166,19.7027,2646
"2026-09-09 18:00:00","2026-09-10 09:00:00","CAPE","surface",-73.9927,19.7027,2558
"2026-09-09 18:00:00","2026-09-10 09:00:00","CAPE","surface",-73.9688,19.7027,2463
"2026-09-09 18:00:00","2026-09-10 09:00:00","CAPE","surface",-73.9449,19.7027,2463
"2026-09-09 18:00:00","2026-09-10 09:00:00","CAPE","surface",-73.9209,19.7027,2386
"2026-09-09 18:00:00","2026-09-10 09:00:00","CAPE","surface",-73.897,19.7027,2368
"2026-09-09 18:00:00","2026-09-10 09:00:00","CAPE","surface",-73.8731,19.7027,2364
"2026-09-09 18:00:00","2026-09-10 09:00:00","CAPE","surface",-73.8492,19.7027,2376
"2026-09-09 18:00:00","2026-09-10 09:00:00","CAPE","surface",-73.8252,19.7027,2358
"2026-09-09 18:00:00","2026-09-10 09:00:00","CAPE","surface",-73.8013,19.7027,2438
"2026-09-09 18:00:00","2026-09-10 09:00:00","CAPE","surface",-73.7774,19.7027,2457
"2026-09-09 18:00:00","2026-09-10 09:00:00","CAPE","surface",-73.7535,19.7027,2614
"2026-09-09 18:00:00","2026-09-10 09:00:00","CAPE","surface",-73.7295,19.7027,2632
"2026-09-09 18:00:00","2026-09-10 09:00:00","CAPE","surface",-73.7056,19.7027,2737
"2026-09-09 18:00:00","2026-09-10 09:00:00","CAPE","surface",-73.6817,19.7027,2455
"2026-09-09 18:00:00","2026-09-10 09:00:00","CAPE","surface",-73.6578,19.7027,2564
"2026-09-09 18:00:00","2026-09-10 09:00:00","CAPE","surface",-73.6338,19.7027,2276
"2026-09-09 18:00:00","2026-09-10 09:00:00","CAPE","surface",-73.6099,19.7027,2402
"2026-09-09 18:00:00","2026-09-10 09:00:00","CAPE","surface",-73.586,19.7027,2259
"2026-09-09 18:00:00","2026-09-10 09:00:00","CAPE","surface",-73.5621,19.7027,2259
"2026-09-09 18:00:00","2026-09-10 09:00:00","CAPE","surface",-73.5381,19.7027,2164
"2026-09-09 18:00:00","2026-09-10 09:00:00","CAPE","surface",-73.5142,19.7027,2197
"2026-09-09 18:00:00","2026-09-10 09:00:00","CAPE","surface",-73.4903,19.7027,2198
"2026-09-09 18:00:00","2026-09-10 09:00:00","CAPE","surface",-73.4664,19.7027,2203
"2026-09-09 18:00:00","2026-09-10 09:00:00","CAPE","surface",-73.4424,19.7027,1955
"2026-09-09 18:00:00","2026-09-10 09:00:00","CAPE","surface",-73.4185,19.7027,1945
"2026-09-09 18:00:00","2026-09-10 09:00:00","CAPE","surface",-73.3946,19.7027,1944
"2026-09-09 18:00:00","2026-09-10 09:00:00","CAPE","surface",-73.3707,19.7027,1933
"2026-09-09 18:00:00","2026-09-10 09:00:00","CAPE","surface",-73.3467,19.7027,1791
"2026-09-09 18:00:00","2026-09-10 09:00:00","CAPE","surface",-73.3228,19.7027,1791
"2026-09-09 18:00:00","2026-09-10 09:00:00","CAPE","surface",-73.2989,19.7027,1201
"2026-09-09 18:00:00","2026-09-10 09:00:00","CAPE","surface",-73.275,19.7027,1031
"2026-09-09 18:00:00","2026-09-10 09:00:00","CAPE","surface",-73.251,19.7027,599
"2026-09-09 18:00:00","2026-09-10 09:00:00","CAPE","surface",-73.2271,19.7027,630
"2026-09-09 18:00:00","2026-09-10 09:00:00","CAPE","surface",-73.2032,19.7027,834
"2026-09-09 18:00:00","2026-09-10 09:00:00","CAPE","surface",-73.1793,19.7027,1097
"2026-09-09 18:00:00","2026-09-10 09:00:00","CAPE","surface",-73.1553,19.7027,639
"2026-09-09 18:00:00","2026-09-10 09:00:00","CAPE","surface",-73.1314,19.7027,544
"2026-09-09 18:00:00","2026-09-10 09:00:00","CAPE","surface",-73.1075,19.7027,541
"2026-09-09 18:00:00","2026-09-10 09:00:00","CAPE","surface",-73.0836,19.7027,557
"2026-09-09 18:00:00","2026-09-10 09:00:00","CAPE","surface",-73.0596,19.7027,557
"2026-09-09 18:00:00","2026-09-10 09:00:00","CAPE","surface",-73.0357,19.7027,626
"2026-09-09 18:00:00","2026-09-10 09:00:00","CAPE","surface",-73.0118,19.7027,661
"2026-09-09 18:00:00","2026-09-10 09:00:00","CAPE","surface",-72.9879,19.7027,710
"2026-09-09 18:00:00","2026-09-10 09:00:00","CAPE","surface",-72.9639,19.7027,743
"2026-09-09 18:00:00","2026-09-10 09:00:00","CAPE","surface",-72.94,19.7027,951
"2026-09-09 18:00:00","2026-09-10 09:00:00","CAPE","surface",-72.9161,19.7027,771
"2026-09-09 18:00:00","2026-09-10 09:00:00","CAPE","surface",-72.8922,19.7027,733
"2026-09-09 18:00:00","2026-09-10 09:00:00","CAPE","surface",-72.8682,19.7027,721
"2026-09-09 18:00:00","2026-09-10 09:00:00","CAPE","surface",-72.8443,19.7027,625
"2026-09-09 18:00:00","2026-09-10 09:00:00","CAPE","surface",-72.8204,19.7027,625
"2026-09-09 18:00:00","2026-09-10 09:00:00","CAPE","surface",-72.7965,19.7027,507
"2026-09-09 18:00:00","2026-09-10 09:00:00","CAPE","surface",-72.7725,19.7027,527
"2026-09-09 18:00:00","2026-09-10 09:00:00","CAPE","surface",-72.7486,19.7027,497
"2026-09-09 18:00:00","2026-09-10 09:00:00","CAPE","surface",-72.7247,19.7027,491
"2026-09-09 18:00:00","2026-09-10 09:00:00","CAPE","surface",-72.7008,19.7027,481
"2026-09-09 18:00:00","2026-09-10 09:00:00","CAPE","surface",-72.6768,19.7027,459
"2026-09-09 18:00:00","2026-09-10 09:00:00","CAPE","surface",-72.6529,19.7027,521
"2026-09-09 18:00:00","2026-09-10 09:00:00","CAPE","surface",-72.629,19.7027,468
"2026-09-09 18:00:00","2026-09-10 09:00:00","CAPE","surface",-72.6051,19.7027,480
"2026-09-09 18:00:00","2026-09-10 09:00:00","CAPE","surface",-72.5811,19.7027,480
"2026-09-09 18:00:00","2026-09-10 09:00:00","CAPE","surface",-72.5572,19.7027,486
"2026-09-09 18:00:00","2026-09-10 09:00:00","CAPE","surface",-72.5333,19.7027,494
"2026-09-09 18:00:00","2026-09-10 09:00:00","CAPE","surface",-72.5094,19.7027,494
"2026-09-09 18:00:00","2026-09-10 09:00:00","CAPE","surface",-72.4854,19.7027,416
"2026-09-09 18:00:00","2026-09-10 09:00:00","CAPE","surface",-72.4615,19.7027,416
"2026-09-09 18:00:00","2026-09-10 09:00:00","CAPE","surface",-72.4376,19.7027,488
"2026-09-09 18:00:00","2026-09-10 09:00:00","CAPE","surface",-72.4137,19.7027,557
"2026-09-09 18:00:00","2026-09-10 09:00:00","CAPE","surface",-72.3897,19.7027,683
"2026-09-09 18:00:00","2026-09-10 09:00:00","CAPE","surface",-72.3658,19.7027,693
"2026-09-09 18:00:00","2026-09-10 09:00:00","CAPE","surface",-72.3419,19.7027,720
"2026-09-09 18:00:00","2026-09-10 09:00:00","CAPE","surface",-72.318,19.7027,729
"2026-09-09 18:00:00","2026-09-10 09:00:00","CAPE","surface",-72.294,19.7027,750
"2026-09-09 18:00:00","2026-09-10 09:00:00","CAPE","surface",-72.2701,19.7027,646
"2026-09-09 18:00:00","2026-09-10 09:00:00","CAPE","surface",-72.2462,19.7027,659
"2026-09-09 18:00:00","2026-09-10 09:00:00","CAPE","surface",-72.2223,19.7027,659
"2026-09-09 18:00:00","2026-09-10 09:00:00","CAPE","surface",-72.1983,19.7027,675
"2026-09-09 18:00:00","2026-09-10 09:00:00","CAPE","surface",-72.1744,19.7027,532
"2026-09-09 18:00:00","2026-09-10 09:00:00","CAPE","surface",-72.1505,19.7027,708
"2026-09-09 18:00:00","2026-09-10 09:00:00","CAPE","surface",-72.1266,19.7027,634
"2026-09-09 18:00:00","2026-09-10 09:00:00","CAPE","surface",-72.1026,19.7027,999
"2026-09-09 18:00:00","2026-09-10 09:00:00","CAPE","surface",-72.0787,19.7027,852
"2026-09-09 18:00:00","2026-09-10 09:00:00","CAPE","surface",-72.0548,19.7027,1124
"2026-09-09 18:00:00","2026-09-10 09:00:00","CAPE","surface",-72.0309,19.7027,908
"2026-09-09 18:00:00","2026-09-10 09:00:00","CAPE","surface",-72.0069,19.7027,917
"2026-09-09 18:00:00","2026-09-10 09:00:00","CAPE","surface",-71.983,19.7027,1106
"2026-09-09 18:00:00","2026-09-10 09:00:00","CAPE","surface",-71.9591,19.7027,1065
"2026-09-09 18:00:00","2026-09-10 09:00:00","CAPE","surface",-71.9352,19.7027,882
"2026-09-09 18:00:00","2026-09-10 09:00:00","CAPE","surface",-71.9112,19.7027,844
"2026-09-09 18:00:00","2026-09-10 09:00:00","CAPE","surface",-71.8873,19.7027,1111
"2026-09-09 18:00:00","2026-09-10 09:00:00","CAPE","surface",-71.8634,19.7027,1013
"2026-09-09 18:00:00","2026-09-10 09:00:00","CAPE","surface",-71.8395,19.7027,1051
"2026-09-09 18:00:00","2026-09-10 09:00:00","CAPE","surface",-71.8155,19.7027,937
"2026-09-09 18:00:00","2026-09-10 09:00:00","CAPE","surface",-71.7916,19.7027,1009
"2026-09-09 18:00:00","2026-09-10 09:00:00","CAPE","surface",-71.7677,19.7027,1009
"2026-09-09 18:00:00","2026-09-10 09:00:00","CAPE","surface",-71.7438,19.7027,1076
"2026-09-09 18:00:00","2026-09-10 09:00:00","CAPE","surface",-71.7198,19.7027,906
"2026-09-09 18:00:00","2026-09-10 09:00:00","CAPE","surface",-71.6959,19.7027,791
"2026-09-09 18:00:00","2026-09-10 09:00:00","CAPE","surface",-71.672,19.7027,790
"2026-09-09 18:00:00","2026-09-10 09:00:00","CAPE","surface",-71.6481,19.7027,795
"2026-09-09 18:00:00","2026-09-10 09:00:00","CAPE","surface",-71.6241,19.7027,791
"2026-09-09 18:00:00","2026-09-10 09:00:00","CAPE","surface",-71.6002,19.7027,800
"2026-09-09 18:00:00","2026-09-10 09:00:00","CAPE","surface",-71.5763,19.7027,802
"2026-09-09 18:00:00","2026-09-10 09:00:00","CAPE","surface",-71.5524,19.7027,796
"2026-09-09 18:00:00","2026-09-10 09:00:00","CAPE","surface",-71.5284,19.7027,806
"2026-09-09 18:00:00","2026-09-10 09:00:00","CAPE","surface",-71.5045,19.7027,795
"2026-09-09 18:00:00","2026-09-10 09:00:00","CAPE","surface",-71.4806,19.7027,801
"2026-09-09 18:00:00","2026-09-10 09:00:00","CAPE","surface",-71.4567,19.7027,791
"2026-09-09 18:00:00","2026-09-10 09:00:00","CAPE","surface",-71.4327,19.7027,808
"2026-09-09 18:00:00","2026-09-10 09:00:00","CAPE","surface",-71.4088,19.7027,808
"2026-09-09 18:00:00","2026-09-10 09:00:00","CAPE","surface",-71.3849,19.7027,831
"2026-09-09 18:00:00","2026-09-10 09:00:00","CAPE","surface",-71.361,19.7027,833
"2026-09-09 18:00:00","2026-09-10 09:00:00","CAPE","surface",-71.337,19.7027,833
"2026-09-09 18:00:00","2026-09-10 09:00:00","CAPE","surface",-71.3131,19.7027,833
"2026-09-09 18:00:00","2026-09-10 09:00:00","CAPE","surface",-71.2892,19.7027,831
"2026-09-09 18:00:00","2026-09-10 09:00:00","CAPE","surface",-71.2653,19.7027,835
"2026-09-09 18:00:00","2026-09-10 09:00:00","CAPE","surface",-71.2413,19.7027,842
"2026-09-09 18:00:00","2026-09-10 09:00:00","CAPE","surface",-71.2174,19.7027,837
"2026-09-09 18:00:00","2026-09-10 09:00:00","CAPE","surface",-71.1935,19.7027,858
"2026-09-09 18:00:00","2026-09-10 09:00:00","CAPE","surface",-71.1696,19.7027,877
"2026-09-09 18:00:00","2026-09-10 09:00:00","CAPE","surface",-71.1456,19.7027,882
"2026-09-09 18:00:00","2026-09-10 09:00:00","CAPE","surface",-71.1217,19.7027,900
"2026-09-09 18:00:00","2026-09-10 09:00:00","CAPE","surface",-71.0978,19.7027,909
"2026-09-09 18:00:00","2026-09-10 09:00:00","CAPE","surface",-71.0739,19.7027,894
"2026-09-09 18:00:00","2026-09-10 09:00:00","CAPE","surface",-71.0499,19.7027,899
"2026-09-09 18:00:00","2026-09-10 09:00:00","CAPE","surface",-71.026,19.7027,820
"2026-09-09 18:00:00","2026-09-10 09:00:00","CAPE","surface",-71.0021,19.7027,851
"2026-09-09 18:00:00","2026-09-10 09:00:00","CAPE","surface",-70.9782,19.7027,771
"2026-09-09 18:00:00","2026-09-10 09:00:00","CAPE","surface",-70.9542,19.7027,801
"2026-09-09 18:00:00","2026-09-10 09:00:00","CAPE","surface",-70.9303,19.7027,732
"2026-09-09 18:00:00","2026-09-10 09:00:00","CAPE","surface",-70.9064,19.7027,727
"2026-09-09 18:00:00","2026-09-10 09:00:00","CAPE","surface",-70.8825,19.7027,734
"2026-09-09 18:00:00","2026-09-10 09:00:00","CAPE","surface",-70.8585,19.7027,734
"2026-09-09 18:00:00","2026-09-10 09:00:00","CAPE","surface",-70.8346,19.7027,764
"2026-09-09 18:00:00","2026-09-10 09:00:00","CAPE","surface",-70.8107,19.7027,838
"2026-09-09 18:00:00","2026-09-10 09:00:00","CAPE","surface",-70.7868,19.7027,818
"2026-09-09 18:00:00","2026-09-10 09:00:00","CAPE","surface",-70.7628,19.7027,929
"2026-09-09 18:00:00","2026-09-10 09:00:00","CAPE","surface",-70.7389,19.7027,929
"2026-09-09 18:00:00","2026-09-10 09:00:00","CAPE","surface",-70.715,19.7027,1037
"2026-09-09 18:00:00","2026-09-10 09:00:00","CAPE","surface",-70.6911,19.7027,1048
"2026-09-09 18:00:00","2026-09-10 09:00:00","CAPE","surface",-70.6671,19.7027,1167
"2026-09-09 18:00:00","2026-09-10 09:00:00","CAPE","surface",-70.6432,19.7027,1167
"2026-09-09 18:00:00","2026-09-10 09:00:00","CAPE","surface",-70.6193,19.7027,1292
"2026-09-09 18:00:00","2026-09-10 09:00:00","CAPE","surface",-70.5954,19.7027,1351
"2026-09-09 18:00:00","2026-09-10 09:00:00","CAPE","surface",-70.5714,19.7027,1463
"2026-09-09 18:00:00","2026-09-10 09:00:00","CAPE","surface",-70.5475,19.7027,1519
"2026-09-09 18:00:00","2026-09-10 09:00:00","CAPE","surface",-70.5236,19.7027,1714
"2026-09-09 18:00:00","2026-09-10 09:00:00","CAPE","surface",-70.4997,19.7027,2019
"2026-09-09 18:00:00","2026-09-10 09:00:00","CAPE","surface",-70.4757,19.7027,2050
"2026-09-09 18:00:00","2026-09-10 09:00:00","CAPE","surface",-70.4518,19.7027,2214
"2026-09-09 18:00:00","2026-09-10 09:00:00","CAPE","surface",-70.4279,19.7027,2214
"2026-09-09 18:00:00","2026-09-10 09:00:00","CAPE","surface",-70.404,19.7027,2422
"2026-09-09 18:00:00","2026-09-10 09:00:00","CAPE","surface",-70.38,19.7027,2442
"2026-09-09 18:00:00","2026-09-10 09:00:00","CAPE","surface",-70.3561,19.7027,2906
"2026-09-09 18:00:00","2026-09-10 09:00:00","CAPE","surface",-70.3322,19.7027,2914
"2026-09-09 18:00:00","2026-09-10 09:00:00","CAPE","surface",-70.3083,19.7027,2888
"2026-09-09 18:00:00","2026-09-10 09:00:00","CAPE","surface",-70.2843,19.7027,2830
"2026-09-09 18:00:00","2026-09-10 09:00:00","CAPE","surface",-70.2604,19.7027,2796
"2026-09-09 18:00:00","2026-09-10 09:00:00","CAPE","surface",-70.2365,19.7027,2773
"2026-09-09 18:00:00","2026-09-10 09:00:00","CAPE","surface",-70.2126,19.7027,2984
"2026-09-09 18:00:00","2026-09-10 09:00:00","CAPE","surface",-70.1886,19.7027,3119
"2026-09-09 18:00:00","2026-09-10 09:00:00","CAPE","surface",-70.1647,19.7027,3123
"2026-09-09 18:00:00","2026-09-10 09:00:00","CAPE","surface",-70.1408,19.7027,3130
"2026-09-09 18:00:00","2026-09-10 09:00:00","CAPE","surface",-70.1169,19.7027,3058
"2026-09-09 18:00:00","2026-09-10 09:00:00","CAPE","surface",-70.0929,19.7027,3132
"2026-09-09 18:00:00","2026-09-10 09:00:00","CAPE","surface",-70.069,19.7027,3104
"2026-09-09 18:00:00","2026-09-10 09:00:00","CAPE","surface",-70.0451,19.7027,3190
"2026-09-09 18:00:00","2026-09-10 09:00:00","CAPE","surface",-70.0212,19.7027,3230
"2026-09-09 18:00:00","2026-09-10 09:00:00","CAPE","surface",-69.9972,19.7027,3238
"2026-09-09 18:00:00","2026-09-10 09:00:00","CAPE","surface",-69.9733,19.7027,3235
"2026-09-09 18:00:00","2026-09-10 09:00:00","CAPE","surface",-69.9494,19.7027,2774
"2026-09-09 18:00:00","2026-09-10 09:00:00","CAPE","surface",-69.9255,19.7027,2726
"2026-09-09 18:00:00","2026-09-10 09:00:00","CAPE","surface",-69.9015,19.7027,2719
"2026-09-09 18:00:00","2026-09-10 09:00:00","CAPE","surface",-69.8776,19.7027,2709
"2026-09-09 18:00:00","2026-09-10 09:00:00","CAPE","surface",-69.8537,19.7027,2701
"2026-09-09 18:00:00","2026-09-10 09:00:00","CAPE","surface",-69.8298,19.7027,2721
"2026-09-09 18:00:00","2026-09-10 09:00:00","CAPE","surface",-69.8058,19.7027,2709
"2026-09-09 18:00:00","2026-09-10 09:00:00","CAPE","surface",-69.7819,19.7027,2715
"2026-09-09 18:00:00","2026-09-10 09:00:00","CAPE","surface",-69.758,19.7027,2690
"2026-09-09 18:00:00","2026-09-10 09:00:00","CAPE","surface",-69.7341,19.7027,2501
"2026-09-09 18:00:00","2026-09-10 09:00:00","CAPE","surface",-69.7101,19.7027,2445
"2026-09-09 18:00:00","2026-09-10 09:00:00","CAPE","surface",-69.6862,19.7027,2421
"2026-09-09 18:00:00","2026-09-10 09:00:00","CAPE","surface",-69.6623,19.7027,2407
"2026-09-09 18:00:00","2026-09-10 09:00:00","CAPE","surface",-69.6384,19.7027,2443
"2026-09-09 18:00:00","2026-09-10 09:00:00","CAPE","surface",-69.6144,19.7027,2516
"2026-09-09 18:00:00","2026-09-10 09:00:00","CAPE","surface",-69.5905,19.7027,2544
"2026-09-09 18:00:00","2026-09-10 09:00:00","CAPE","surface",-69.5666,19.7027,2569
"2026-09-09 18:00:00","2026-09-10 09:00:00","CAPE","surface",-69.5427,19.7027,2612
"2026-09-09 18:00:00","2026-09-10 09:00:00","CAPE","surface",-69.5187,19.7027,2760
"2026-09-09 18:00:00","2026-09-10 09:00:00","CAPE","surface",-69.4948,19.7027,2922
"2026-09-09 18:00:00","2026-09-10 09:00:00","CAPE","surface",-69.4709,19.7027,2890
"2026-09-09 18:00:00","2026-09-10 09:00:00","CAPE","surface",-69.447,19.7027,2999
"2026-09-09 18:00:00","2026-09-10 09:00:00","CAPE","surface",-69.423,19.7027,2956
"2026-09-09 18:00:00","2026-09-10 09:00:00","CAPE","surface",-69.3991,19.7027,2967
"2026-09-09 18:00:00","2026-09-10 09:00:00","CAPE","surface",-69.3752,19.7027,2948
"2026-09-09 18:00:00","2026-09-10 09:00:00","CAPE","surface",-69.3513,19.7027,2928
"2026-09-09 18:00:00","2026-09-10 09:00:00","CAPE","surface",-69.3273,19.7027,2960
"2026-09-09 18:00:00","2026-09-10 09:00:00","CAPE","surface",-69.3034,19.7027,3011
"2026-09-09 18:00:00","2026-09-10 09:00:00","CAPE","surface",-69.2795,19.7027,3010
"2026-09-09 18:00:00","2026-09-10 09:00:00","CAPE","surface",-69.2556,19.7027,3087
"2026-09-09 18:00:00","2026-09-10 09:00:00","CAPE","surface",-69.2316,19.7027,3065
"2026-09-09 18:00:00","2026-09-10 09:00:00","CAPE","surface",-69.2077,19.7027,3106
"2026-09-09 18:00:00","2026-09-10 09:00:00","CAPE","surface",-69.1838,19.7027,3011
"2026-09-09 18:00:00","2026-09-10 09:00:00","CAPE","surface",-69.1599,19.7027,3109
"2026-09-09 18:00:00","2026-09-10 09:00:00","CAPE","surface",-69.1359,19.7027,3046
"2026-09-09 18:00:00","2026-09-10 09:00:00","CAPE","surface",-69.112,19.7027,3150
"2026-09-09 18:00:00","2026-09-10 09:00:00","CAPE","surface",-69.0881,19.7027,3270
"2026-09-09 18:00:00","2026-09-10 09:00:00","CAPE","surface",-69.0642,19.7027,3270
"2026-09-09 18:00:00","2026-09-10 09:00:00","CAPE","surface",-69.0402,19.7027,3217
"2026-09-09 18:00:00","2026-09-10 09:00:00","CAPE","surface",-69.0163,19.7027,3034
"2026-09-09 18:00:00","2026-09-10 09:00:00","CAPE","surface",-68.9924,19.7027,2930
"2026-09-09 18:00:00","2026-09-10 09:00:00","CAPE","surface",-68.9685,19.7027,2924
"2026-09-09 18:00:00","2026-09-10 09:00:00","CAPE","surface",-68.9445,19.7027,2884
"2026-09-09 18:00:00","2026-09-10 09:00:00","CAPE","surface",-68.9206,19.7027,2930
"2026-09-09 18:00:00","2026-09-10 09:00:00","CAPE","surface",-68.8967,19.7027,3050
"2026-09-09 18:00:00","2026-09-10 09:00:00","CAPE","surface",-68.8728,19.7027,3225
"2026-09-09 18:00:00","2026-09-10 09:00:00","CAPE","surface",-68.8488,19.7027,3225
"2026-09-09 18:00:00","2026-09-10 09:00:00","CAPE","surface",-68.8249,19.7027,3343
"2026-09-09 18:00:00","2026-09-10 09:00:00","CAPE","surface",-68.801,19.7027,3500
"2026-09-09 18:00:00","2026-09-10 09:00:00","CAPE","surface",-68.7771,19.7027,3574
"2026-09-09 18:00:00","2026-09-10 09:00:00","CAPE","surface",-68.7531,19.7027,3574
"2026-09-09 18:00:00","2026-09-10 09:00:00","CAPE","surface",-68.7292,19.7027,3480
"2026-09-09 18:00:00","2026-09-10 09:00:00","CAPE","surface",-68.7053,19.7027,3416
"2026-09-09 18:00:00","2026-09-10 09:00:00","CAPE","surface",-68.6813,19.7027,3162
"2026-09-09 18:00:00","2026-09-10 09:00:00","CAPE","surface",-68.6574,19.7027,2976
"2026-09-09 18:00:00","2026-09-10 09:00:00","CAPE","surface",-68.6335,19.7027,2937
"2026-09-09 18:00:00","2026-09-10 09:00:00","CAPE","surface",-68.6096,19.7027,2823
"2026-09-09 18:00:00","2026-09-10 09:00:00","CAPE","surface",-68.5856,19.7027,2848
"2026-09-09 18:00:00","2026-09-10 09:00:00","CAPE","surface",-68.5617,19.7027,2911
"2026-09-09 18:00:00","2026-09-10 09:00:00","CAPE","surface",-68.5378,19.7027,2911
"2026-09-09 18:00:00","2026-09-10 09:00:00","CAPE","surface",-68.5139,19.7027,2946
"2026-09-09 18:00:00","2026-09-10 09:00:00","CAPE","surface",-68.4899,19.7027,2940
"2026-09-09 18:00:00","2026-09-10 09:00:00","CAPE","surface",-68.466,19.7027,2915
"2026-09-09 18:00:00","2026-09-10 09:00:00","CAPE","surface",-68.4421,19.7027,2915
"2026-09-09 18:00:00","2026-09-10 09:00:00","CAPE","surface",-68.4182,19.7027,2956
"2026-09-09 18:00:00","2026-09-10 09:00:00","CAPE","surface",-68.3942,19.7027,2974
"2026-09-09 18:00:00","2026-09-10 09:00:00","CAPE","surface",-68.3703,19.7027,3020
"2026-09-09 18:00:00","2026-09-10 09:00:00","CAPE","surface",-68.3464,19.7027,2976
"2026-09-09 18:00:00","2026-09-10 09:00:00","CAPE","surface",-68.3225,19.7027,2938
"2026-09-09 18:00:00","2026-09-10 09:00:00","CAPE","surface",-68.2985,19.7027,2917
"2026-09-09 18:00:00","2026-09-10 09:00:00","CAPE","surface",-68.2746,19.7027,2891
"2026-09-09 18:00:00","2026-09-10 09:00:00","CAPE","surface",-68.2507,19.7027,2865
"2026-09-09 18:00:00","2026-09-10 09:00:00","CAPE","surface",-68.2268,19.7027,2856
"2026-09-09 18:00:00","2026-09-10 09:00:00","CAPE","surface",-68.2028,19.7027,2809
"2026-09-09 18:00:00","2026-09-10 09:00:00","CAPE","surface",-68.1789,19.7027,2815
"2026-09-09 18:00:00","2026-09-10 09:00:00","CAPE","surface",-68.155,19.7027,2815
"2026-09-09 18:00:00","2026-09-10 09:00:00","CAPE","surface",-68.1311,19.7027,2935
"2026-09-09 18:00:00","2026-09-10 09:00:00","CAPE","surface",-68.1071,19.7027,2963
"2026-09-09 18:00:00","2026-09-10 09:00:00","CAPE","surface",-68.0832,19.7027,2989
"2026-09-09 18:00:00","2026-09-10 09:00:00","CAPE","surface",-68.0593,19.7027,2989
"2026-09-09 18:00:00","2026-09-10 09:00:00","CAPE","surface",-68.0354,19.7027,3170
"2026-09-09 18:00:00","2026-09-10 09:00:00","CAPE","surface",-68.0114,19.7027,3082
"2026-09-09 18:00:00","2026-09-10 09:00:00","CAPE","surface",-67.9875,19.7027,3099
"2026-09-09 18:00:00","2026-09-10 09:00:00","CAPE","surface",-67.9636,19.7027,3132
"2026-09-09 18:00:00","2026-09-10 09:00:00","CAPE","surface",-67.9397,19.7027,2976
"2026-09-09 18:00:00","2026-09-10 09:00:00","CAPE","surface",-67.9157,19.7027,2956
"2026-09-09 18:00:00","2026-09-10 09:00:00","CAPE","surface",-67.8918,19.7027,2975
"2026-09-09 18:00:00","2026-09-10 09:00:00","CAPE","surface",-67.8679,19.7027,2974
"2026-09-09 18:00:00","2026-09-10 09:00:00","CAPE","surface",-67.844,19.7027,2974
"2026-09-09 18:00:00","2026-09-10 09:00:00","CAPE","surface",-67.82,19.7027,2947
"2026-09-09 18:00:00","2026-09-10 09:00:00","CAPE","surface",-67.7961,19.7027,3112
"2026-09-09 18:00:00","2026-09-10 09:00:00","CAPE","surface",-67.7722,19.7027,3104
"2026-09-09 18:00:00","2026-09-10 09:00:00","CAPE","surface",-67.7483,19.7027,3506
"2026-09-09 18:00:00","2026-09-10 09:00:00","CAPE","surface",-67.7243,19.7027,3503
"2026-09-09 18:00:00","2026-09-10 09:00:00","CAPE","surface",-67.7004,19.7027,3381
"2026-09-09 18:00:00","2026-09-10 09:00:00","CAPE","surface",-67.6765,19.7027,3044
"2026-09-09 18:00:00","2026-09-10 09:00:00","CAPE","surface",-67.6526,19.7027,2757
"2026-09-09 18:00:00","2026-09-10 09:00:00","CAPE","surface",-67.6286,19.7027,2504
"2026-09-09 18:00:00","2026-09-10 09:00:00","CAPE","surface",-67.6047,19.7027,2363
"2026-09-09 18:00:00","2026-09-10 09:00:00","CAPE","surface",-67.5808,19.7027,2029
"2026-09-09 18:00:00","2026-09-10 09:00:00","CAPE","surface",-67.5569,19.7027,2029
"2026-09-09 18:00:00","2026-09-10 09:00:00","CAPE","surface",-67.5329,19.7027,1234
"2026-09-09 18:00:00","2026-09-10 09:00:00","CAPE","surface",-67.509,19.7027,987
"2026-09-09 18:00:00","2026-09-10 09:00:00","CAPE","surface",-67.4851,19.7027,758
"2026-09-09 18:00:00","2026-09-10 09:00:00","CAPE","surface",-67.4612,19.7027,758
"2026-09-09 18:00:00","2026-09-10 09:00:00","CAPE","surface",-67.4372,19.7027,770
"2026-09-09 18:00:00","2026-09-10 09:00:00","CAPE","surface",-67.4133,19.7027,1142
"2026-09-09 18:00:00","2026-09-10 09:00:00","CAPE","surface",-67.3894,19.7027,1162
"2026-09-09 18:00:00","2026-09-10 09:00:00","CAPE","surface",-67.3655,19.7027,424
"2026-09-09 18:00:00","2026-09-10 09:00:00","CAPE","surface",-67.3415,19.7027,766
"2026-09-09 18:00:00","2026-09-10 09:00:00","CAPE","surface",-67.3176,19.7027,463
"2026-09-09 18:00:00","2026-09-10 09:00:00","CAPE","surface",-67.2937,19.7027,630
"2026-09-09 18:00:00","2026-09-10 09:00:00","CAPE","surface",-67.2698,19.7027,502
"2026-09-09 18:00:00","2026-09-10 09:00:00","CAPE","surface",-67.2458,19.7027,662
"2026-09-09 18:00:00","2026-09-10 09:00:00","CAPE","surface",-67.2219,19.7027,860
"2026-09-09 18:00:00","2026-09-10 09:00:00","CAPE","surface",-67.198,19.7027,1146
"2026-09-09 18:00:00","2026-09-10 09:00:00","CAPE","surface",-67.1741,19.7027,1146
"2026-09-09 18:00:00","2026-09-10 09:00:00","CAPE","surface",-67.1501,19.7027,1535
"2026-09-09 18:00:00","2026-09-10 09:00:00","CAPE","surface",-67.1262,19.7027,1695
"2026-09-09 18:00:00","2026-09-10 09:00:00","CAPE","surface",-67.1023,19.7027,2118
"2026-09-09 18:00:00","2026-09-10 09:00:00","CAPE","surface",-67.0784,19.7027,2118
"2026-09-09 18:00:00","2026-09-10 09:00:00","CAPE","surface",-67.0544,19.7027,2480
"2026-09-09 18:00:00","2026-09-10 09:00:00","CAPE","surface",-67.0305,19.7027,2576
"2026-09-09 18:00:00","2026-09-10 09:00:00","CAPE","surface",-67.0066,19.7027,2865
"2026-09-09 18:00:00","2026-09-10 09:00:00","CAPE","surface",-74.7822,19.7252,2358
"2026-09-09 18:00:00","2026-09-10 09:00:00","CAPE","surface",-74.7583,19.7252,2351
"2026-09-09 18:00:00","2026-09-10 09:00:00","CAPE","surface",-74.7344,19.7252,2328
"2026-09-09 18:00:00","2026-09-10 09:00:00","CAPE","surface",-74.7105,19.7252,2389
"2026-09-09 18:00:00","2026-09-10 09:00:00","CAPE","surface",-74.6865,19.7252,2361
"2026-09-09 18:00:00","2026-09-10 09:00:00","CAPE","surface",-74.6626,19.7252,2452
"2026-09-09 18:00:00","2026-09-10 09:00:00","CAPE","surface",-74.6387,19.7252,2436
"2026-09-09 18:00:00","2026-09-10 09:00:00","CAPE","surface",-74.6148,19.7252,2489
"2026-09-09 18:00:00","2026-09-10 09:00:00","CAPE","surface",-74.5908,19.7252,2456
"2026-09-09 18:00:00","2026-09-10 09:00:00","CAPE","surface",-74.5669,19.7252,2511
"2026-09-09 18:00:00","2026-09-10 09:00:00","CAPE","surface",-74.543,19.7252,2511
"2026-09-09 18:00:00","2026-09-10 09:00:00","CAPE","surface",-74.5191,19.7252,2500
"2026-09-09 18:00:00","2026-09-10 09:00:00","CAPE","surface",-74.4951,19.7252,2492
"2026-09-09 18:00:00","2026-09-10 09:00:00","CAPE","surface",-74.4712,19.7252,2494
"2026-09-09 18:00:00","2026-09-10 09:00:00","CAPE","surface",-74.4473,19.7252,2446
"2026-09-09 18:00:00","2026-09-10 09:00:00","CAPE","surface",-74.4234,19.7252,2408
"2026-09-09 18:00:00","2026-09-10 09:00:00","CAPE","surface",-74.3994,19.7252,2408
"2026-09-09 18:00:00","2026-09-10 09:00:00","CAPE","surface",-74.3755,19.7252,2334
"2026-09-09 18:00:00","2026-09-10 09:00:00","CAPE","surface",-74.3516,19.7252,2288
"2026-09-09 18:00:00","2026-09-10 09:00:00","CAPE","surface",-74.3277,19.7252,2380
"2026-09-09 18:00:00","2026-09-10 09:00:00","CAPE","surface",-74.3037,19.7252,2425
"2026-09-09 18:00:00","2026-09-10 09:00:00","CAPE","surface",-74.2798,19.7252,2665
"2026-09-09 18:00:00","2026-09-10 09:00:00","CAPE","surface",-74.2559,19.7252,2775
"2026-09-09 18:00:00","2026-09-10 09:00:00","CAPE","surface",-74.232,19.7252,2826
"2026-09-09 18:00:00","2026-09-10 09:00:00","CAPE","surface",-74.208,19.7252,2773
"2026-09-09 18:00:00","2026-09-10 09:00:00","CAPE","surface",-74.1841,19.7252,2692
"2026-09-09 18:00:00","2026-09-10 09:00:00","CAPE","surface",-74.1602,19.7252,2751
"2026-09-09 18:00:00","2026-09-10 09:00:00","CAPE","surface",-74.1363,19.7252,2742
"2026-09-09 18:00:00","2026-09-10 09:00:00","CAPE","surface",-74.1123,19.7252,2806
"2026-09-09 18:00:00","2026-09-10 09:00:00","CAPE","surface",-74.0884,19.7252,2820
"2026-09-09 18:00:00","2026-09-10 09:00:00","CAPE","surface",-74.0645,19.7252,2802
"2026-09-09 18:00:00","2026-09-10 09:00:00","CAPE","surface",-74.0406,19.7252,2790
"2026-09-09 18:00:00","2026-09-10 09:00:00","CAPE","surface",-74.0166,19.7252,2790
"2026-09-09 18:00:00","2026-09-10 09:00:00","CAPE","surface",-73.9927,19.7252,2643
"2026-09-09 18:00:00","2026-09-10 09:00:00","CAPE","surface",-73.9688,19.7252,2517
"2026-09-09 18:00:00","2026-09-10 09:00:00","CAPE","surface",-73.9449,19.7252,2395
"2026-09-09 18:00:00","2026-09-10 09:00:00","CAPE","surface",-73.9209,19.7252,2386
"2026-09-09 18:00:00","2026-09-10 09:00:00","CAPE","surface",-73.897,19.7252,2334
"2026-09-09 18:00:00","2026-09-10 09:00:00","CAPE","surface",-73.8731,19.7252,2341
"2026-09-09 18:00:00","2026-09-10 09:00:00","CAPE","surface",-73.8492,19.7252,2300
"2026-09-09 18:00:00","2026-09-10 09:00:00","CAPE","surface",-73.8252,19.7252,2358
"2026-09-09 18:00:00","2026-09-10 09:00:00","CAPE","surface",-73.8013,19.7252,2277
"2026-09-09 18:00:00","2026-09-10 09:00:00","CAPE","surface",-73.7774,19.7252,2457
"2026-09-09 18:00:00","2026-09-10 09:00:00","CAPE","surface",-73.7535,19.7252,2322
"2026-09-09 18:00:00","2026-09-10 09:00:00","CAPE","surface",-73.7295,19.7252,2490
"2026-09-09 18:00:00","2026-09-10 09:00:00","CAPE","surface",-73.7056,19.7252,2350
"2026-09-09 18:00:00","2026-09-10 09:00:00","CAPE","surface",-73.6817,19.7252,2455
"2026-09-09 18:00:00","2026-09-10 09:00:00","CAPE","surface",-73.6578,19.7252,2208
"2026-09-09 18:00:00","2026-09-10 09:00:00","CAPE","surface",-73.6338,19.7252,2150
"2026-09-09 18:00:00","2026-09-10 09:00:00","CAPE","surface",-73.6099,19.7252,2151
"2026-09-09 18:00:00","2026-09-10 09:00:00","CAPE","surface",-73.586,19.7252,2129
"2026-09-09 18:00:00","2026-09-10 09:00:00","CAPE","surface",-73.5621,19.7252,2134
"2026-09-09 18:00:00","2026-09-10 09:00:00","CAPE","surface",-73.5381,19.7252,2148
"2026-09-09 18:00:00","2026-09-10 09:00:00","CAPE","surface",-73.5142,19.7252,2148
"2026-09-09 18:00:00","2026-09-10 09:00:00","CAPE","surface",-73.4903,19.7252,2147
"2026-09-09 18:00:00","2026-09-10 09:00:00","CAPE","surface",-73.4664,19.7252,2137
"2026-09-09 18:00:00","2026-09-10 09:00:00","CAPE","surface",-73.4424,19.7252,1892
"2026-09-09 18:00:00","2026-09-10 09:00:00","CAPE","surface",-73.4185,19.7252,1917
"2026-09-09 18:00:00","2026-09-10 09:00:00","CAPE","surface",-73.3946,19.7252,1820
"2026-09-09 18:00:00","2026-09-10 09:00:00","CAPE","surface",-73.3707,19.7252,1820
"2026-09-09 18:00:00","2026-09-10 09:00:00","CAPE","surface",-73.3467,19.7252,1281
"2026-09-09 18:00:00","2026-09-10 09:00:00","CAPE","surface",-73.3228,19.7252,1289
"2026-09-09 18:00:00","2026-09-10 09:00:00","CAPE","surface",-73.2989,19.7252,589
"2026-09-09 18:00:00","2026-09-10 09:00:00","CAPE","surface",-73.275,19.7252,573
"2026-09-09 18:00:00","2026-09-10 09:00:00","CAPE","surface",-73.251,19.7252,1069
"2026-09-09 18:00:00","2026-09-10 09:00:00","CAPE","surface",-73.2271,19.7252,1089
"2026-09-09 18:00:00","2026-09-10 09:00:00","CAPE","surface",-73.2032,19.7252,1334
"2026-09-09 18:00:00","2026-09-10 09:00:00","CAPE","surface",-73.1793,19.7252,1097
"2026-09-09 18:00:00","2026-09-10 09:00:00","CAPE","surface",-73.1553,19.7252,624
"2026-09-09 18:00:00","2026-09-10 09:00:00","CAPE","surface",-73.1314,19.7252,624
"2026-09-09 18:00:00","2026-09-10 09:00:00","CAPE","surface",-73.1075,19.7252,561
"2026-09-09 18:00:00","2026-09-10 09:00:00","CAPE","surface",-73.0836,19.7252,574
"2026-09-09 18:00:00","2026-09-10 09:00:00","CAPE","surface",-73.0596,19.7252,619
"2026-09-09 18:00:00","2026-09-10 09:00:00","CAPE","surface",-73.0357,19.7252,626
"2026-09-09 18:00:00","2026-09-10 09:00:00","CAPE","surface",-73.0118,19.7252,635
"2026-09-09 18:00:00","2026-09-10 09:00:00","CAPE","surface",-72.9879,19.7252,637
"2026-09-09 18:00:00","2026-09-10 09:00:00","CAPE","surface",-72.9639,19.7252,948
"2026-09-09 18:00:00","2026-09-10 09:00:00","CAPE","surface",-72.94,19.7252,951
"2026-09-09 18:00:00","2026-09-10 09:00:00","CAPE","surface",-72.9161,19.7252,766
"2026-09-09 18:00:00","2026-09-10 09:00:00","CAPE","surface",-72.8922,19.7252,766
"2026-09-09 18:00:00","2026-09-10 09:00:00","CAPE","surface",-72.8682,19.7252,740
"2026-09-09 18:00:00","2026-09-10 09:00:00","CAPE","surface",-72.8443,19.7252,699
"2026-09-09 18:00:00","2026-09-10 09:00:00","CAPE","surface",-72.8204,19.7252,494
"2026-09-09 18:00:00","2026-09-10 09:00:00","CAPE","surface",-72.7965,19.7252,510
"2026-09-09 18:00:00","2026-09-10 09:00:00","CAPE","surface",-72.7725,19.7252,510
"2026-09-09 18:00:00","2026-09-10 09:00:00","CAPE","surface",-72.7486,19.7252,507
"2026-09-09 18:00:00","2026-09-10 09:00:00","CAPE","surface",-72.7247,19.7252,509
"2026-09-09 18:00:00","2026-09-10 09:00:00","CAPE","surface",-72.7008,19.7252,564
"2026-09-09 18:00:00","2026-09-10 09:00:00","CAPE","surface",-72.6768,19.7252,557
"2026-09-09 18:00:00","2026-09-10 09:00:00","CAPE","surface",-72.6529,19.7252,645
"2026-09-09 18:00:00","2026-09-10 09:00:00","CAPE","surface",-72.629,19.7252,614
"2026-09-09 18:00:00","2026-09-10 09:00:00","CAPE","surface",-72.6051,19.7252,568
"2026-09-09 18:00:00","2026-09-10 09:00:00","CAPE","surface",-72.5811,19.7252,515
"2026-09-09 18:00:00","2026-09-10 09:00:00","CAPE","surface",-72.5572,19.7252,500
"2026-09-09 18:00:00","2026-09-10 09:00:00","CAPE","surface",-72.5333,19.7252,500
"2026-09-09 18:00:00","2026-09-10 09:00:00","CAPE","surface",-72.5094,19.7252,437
"2026-09-09 18:00:00","2026-09-10 09:00:00","CAPE","surface",-72.4854,19.7252,404
"2026-09-09 18:00:00","2026-09-10 09:00:00","CAPE","surface",-72.4615,19.7252,421
"2026-09-09 18:00:00","2026-09-10 09:00:00","CAPE","surface",-72.4376,19.7252,488
"2026-09-09 18:00:00","2026-09-10 09:00:00","CAPE","surface",-72.4137,19.7252,515
"2026-09-09 18:00:00","2026-09-10 09:00:00","CAPE","surface",-72.3897,19.7252,610
"2026-09-09 18:00:00","2026-09-10 09:00:00","CAPE","surface",-72.3658,19.7252,692
"2026-09-09 18:00:00","2026-09-10 09:00:00","CAPE","surface",-72.3419,19.7252,720
"2026-09-09 18:00:00","2026-09-10 09:00:00","CAPE","surface",-72.318,19.7252,780
"2026-09-09 18:00:00","2026-09-10 09:00:00","CAPE","surface",-72.294,19.7252,780
"2026-09-09 18:00:00","2026-09-10 09:00:00","CAPE","surface",-72.2701,19.7252,734
"2026-09-09 18:00:00","2026-09-10 09:00:00","CAPE","surface",-72.2462,19.7252,967
"2026-09-09 18:00:00","2026-09-10 09:00:00","CAPE","surface",-72.2223,19.7252,881
"2026-09-09 18:00:00","2026-09-10 09:00:00","CAPE","surface",-72.1983,19.7252,993
"2026-09-09 18:00:00","2026-09-10 09:00:00","CAPE","surface",-72.1744,19.7252,993
"2026-09-09 18:00:00","2026-09-10 09:00:00","CAPE","surface",-72.1505,19.7252,1180
"2026-09-09 18:00:00","2026-09-10 09:00:00","CAPE","surface",-72.1266,19.7252,1020
"2026-09-09 18:00:00","2026-09-10 09:00:00","CAPE","surface",-72.1026,19.7252,1230
"2026-09-09 18:00:00","2026-09-10 09:00:00","CAPE","surface",-72.0787,19.7252,1115
"2026-09-09 18:00:00","2026-09-10 09:00:00","CAPE","surface",-72.0548,19.7252,1204
"2026-09-09 18:00:00","2026-09-10 09:00:00","CAPE","surface",-72.0309,19.7252,1160
"2026-09-09 18:00:00","2026-09-10 09:00:00","CAPE","surface",-72.0069,19.7252,1165
"2026-09-09 18:00:00","2026-09-10 09:00:00","CAPE","surface",-71.983,19.7252,1106
"2026-09-09 18:00:00","2026-09-10 09:00:00","CAPE","surface",-71.9591,19.7252,909
"2026-09-09 18:00:00","2026-09-10 09:00:00","CAPE","surface",-71.9352,19.7252,909
"2026-09-09 18:00:00","2026-09-10 09:00:00","CAPE","surface",-71.9112,19.7252,1215
"2026-09-09 18:00:00","2026-09-10 09:00:00","CAPE","surface",-71.8873,19.7252,1111
"2026-09-09 18:00:00","2026-09-10 09:00:00","CAPE","surface",-71.8634,19.7252,1191
"2026-09-09 18:00:00","2026-09-10 09:00:00","CAPE","surface",-71.8395,19.7252,1051
"2026-09-09 18:00:00","2026-09-10 09:00:00","CAPE","surface",-71.8155,19.7252,1232
"2026-09-09 18:00:00","2026-09-10 09:00:00","CAPE","surface",-71.7916,19.7252,1165
"2026-09-09 18:00:00","2026-09-10 09:00:00","CAPE","surface",-71.7677,19.7252,1142
"2026-09-09 18:00:00","2026-09-10 09:00:00","CAPE","surface",-71.7438,19.7252,1017
"2026-09-09 18:00:00","2026-09-10 09:00:00","CAPE","surface",-71.7198,19.7252,1017
"2026-09-09 18:00:00","2026-09-10 09:00:00","CAPE","surface",-71.6959,19.7252,816
"2026-09-09 18:00:00","2026-09-10 09:00:00","CAPE","surface",-71.672,19.7252,806
"2026-09-09 18:00:00","2026-09-10 09:00:00","CAPE","surface",-71.6481,19.7252,807
"2026-09-09 18:00:00","2026-09-10 09:00:00","CAPE","surface",-71.6241,19.7252,802
"2026-09-09 18:00:00","2026-09-10 09:00:00","CAPE","surface",-71.6002,19.7252,811
"2026-09-09 18:00:00","2026-09-10 09:00:00","CAPE","surface",-71.5763,19.7252,806
"2026-09-09 18:00:00","2026-09-10 09:00:00","CAPE","surface",-71.5524,19.7252,812
"2026-09-09 18:00:00","2026-09-10 09:00:00","CAPE","surface",-71.5284,19.7252,806
"2026-09-09 18:00:00","2026-09-10 09:00:00","CAPE","surface",-71.5045,19.7252,810
"2026-09-09 18:00:00","2026-09-10 09:00:00","CAPE","surface",-71.4806,19.7252,810
"2026-09-09 18:00:00","2026-09-10 09:00:00","CAPE","surface",-71.4567,19.7252,811
"2026-09-09 18:00:00","2026-09-10 09:00:00","CAPE","surface",-71.4327,19.7252,811
"2026-09-09 18:00:00","2026-09-10 09:00:00","CAPE","surface",-71.4088,19.7252,825
"2026-09-09 18:00:00","2026-09-10 09:00:00","CAPE","surface",-71.3849,19.7252,831
"2026-09-09 18:00:00","2026-09-10 09:00:00","CAPE","surface",-71.361,19.7252,818
"2026-09-09 18:00:00","2026-09-10 09:00:00","CAPE","surface",-71.337,19.7252,820
"2026-09-09 18:00:00","2026-09-10 09:00:00","CAPE","surface",-71.3131,19.7252,826
"2026-09-09 18:00:00","2026-09-10 09:00:00","CAPE","surface",-71.2892,19.7252,839
"2026-09-09 18:00:00","2026-09-10 09:00:00","CAPE","surface",-71.2653,19.7252,839
"2026-09-09 18:00:00","2026-09-10 09:00:00","CAPE","surface",-71.2413,19.7252,847
"2026-09-09 18:00:00","2026-09-10 09:00:00","CAPE","surface",-71.2174,19.7252,857
"2026-09-09 18:00:00","2026-09-10 09:00:00","CAPE","surface",-71.1935,19.7252,872
"2026-09-09 18:00:00","2026-09-10 09:00:00","CAPE","surface",-71.1696,19.7252,877
"2026-09-09 18:00:00","2026-09-10 09:00:00","CAPE","surface",-71.1456,19.7252,879
"2026-09-09 18:00:00","2026-09-10 09:00:00","CAPE","surface",-71.1217,19.7252,893
"2026-09-09 18:00:00","2026-09-10 09:00:00","CAPE","surface",-71.0978,19.7252,886
"2026-09-09 18:00:00","2026-09-10 09:00:00","CAPE","surface",-71.0739,19.7252,894
"2026-09-09 18:00:00","2026-09-10 09:00:00","CAPE","surface",-71.0499,19.7252,793
"2026-09-09 18:00:00","2026-09-10 09:00:00","CAPE","surface",-71.026,19.7252,793
"2026-09-09 18:00:00","2026-09-10 09:00:00","CAPE","surface",-71.0021,19.7252,758
"2026-09-09 18:00:00","2026-09-10 09:00:00","CAPE","surface",-70.9782,19.7252,742
"2026-09-09 18:00:00","2026-09-10 09:00:00","CAPE","surface",-70.9542,19.7252,739
"2026-09-09 18:00:00","2026-09-10 09:00:00","CAPE","surface",-70.9303,19.7252,755
"2026-09-09 18:00:00","2026-09-10 09:00:00","CAPE","surface",-70.9064,19.7252,743
"2026-09-09 18:00:00","2026-09-10 09:00:00","CAPE","surface",-70.8825,19.7252,770
"2026-09-09 18:00:00","2026-09-10 09:00:00","CAPE","surface",-70.8585,19.7252,765
"2026-09-09 18:00:00","2026-09-10 09:00:00","CAPE","surface",-70.8346,19.7252,855
"2026-09-09 18:00:00","2026-09-10 09:00:00","CAPE","surface",-70.8107,19.7252,855
"2026-09-09 18:00:00","2026-09-10 09:00:00","CAPE","surface",-70.7868,19.7252,953
"2026-09-09 18:00:00","2026-09-10 09:00:00","CAPE","surface",-70.7628,19.7252,943
"2026-09-09 18:00:00","2026-09-10 09:00:00","CAPE","surface",-70.7389,19.7252,1045
"2026-09-09 18:00:00","2026-09-10 09:00:00","CAPE","surface",-70.715,19.7252,1037
"2026-09-09 18:00:00","2026-09-10 09:00:00","CAPE","surface",-70.6911,19.7252,1145
"2026-09-09 18:00:00","2026-09-10 09:00:00","CAPE","surface",-70.6671,19.7252,1144
"2026-09-09 18:00:00","2026-09-10 09:00:00","CAPE","surface",-70.6432,19.7252,1251
"2026-09-09 18:00:00","2026-09-10 09:00:00","CAPE","surface",-70.6193,19.7252,1369
"2026-09-09 18:00:00","2026-09-10 09:00:00","CAPE","surface",-70.5954,19.7252,1369
"2026-09-09 18:00:00","2026-09-10 09:00:00","CAPE","surface",-70.5714,19.7252,1581
"2026-09-09 18:00:00","2026-09-10 09:00:00","CAPE","surface",-70.5475,19.7252,1642
"2026-09-09 18:00:00","2026-09-10 09:00:00","CAPE","surface",-70.5236,19.7252,2000
"2026-09-09 18:00:00","2026-09-10 09:00:00","CAPE","surface",-70.4997,19.7252,2019
"2026-09-09 18:00:00","2026-09-10 09:00:00","CAPE","surface",-70.4757,19.7252,2100
"2026-09-09 18:00:00","2026-09-10 09:00:00","CAPE","surface",-70.4518,19.7252,2147
"2026-09-09 18:00:00","2026-09-10 09:00:00","CAPE","surface",-70.4279,19.7252,2391
"2026-09-09 18:00:00","2026-09-10 09:00:00","CAPE","surface",-70.404,19.7252,2422
"2026-09-09 18:00:00","2026-09-10 09:00:00","CAPE","surface",-70.38,19.7252,2770
"2026-09-09 18:00:00","2026-09-10 09:00:00","CAPE","surface",-70.3561,19.7252,2836
"2026-09-09 18:00:00","2026-09-10 09:00:00","CAPE","surface",-70.3322,19.7252,2922
"2026-09-09 18:00:00","2026-09-10 09:00:00","CAPE","surface",-70.3083,19.7252,2819
"2026-09-09 18:00:00","2026-09-10 09:00:00","CAPE","surface",-70.2843,19.7252,2818
"2026-09-09 18:00:00","2026-09-10 09:00:00","CAPE","surface",-70.2604,19.7252,2902
"2026-09-09 18:00:00","2026-09-10 09:00:00","CAPE","surface",-70.2365,19.7252,2965
"2026-09-09 18:00:00","2026-09-10 09:00:00","CAPE","surface",-70.2126,19.7252,3066
"2026-09-09 18:00:00","2026-09-10 09:00:00","CAPE","surface",-70.1886,19.7252,3119
"2026-09-09 18:00:00","2026-09-10 09:00:00","CAPE","surface",-70.1647,19.7252,3117
"2026-09-09 18:00:00","2026-09-10 09:00:00","CAPE","surface",-70.1408,19.7252,3145
"2026-09-09 18:00:00","2026-09-10 09:00:00","CAPE","surface",-70.1169,19.7252,3144
"2026-09-09 18:00:00","2026-09-10 09:00:00","CAPE","surface",-70.0929,19.7252,3132
"2026-09-09 18:00:00","2026-09-10 09:00:00","CAPE","surface",-70.069,19.7252,3123
"2026-09-09 18:00:00","2026-09-10 09:00:00","CAPE","surface",-70.0451,19.7252,3123
"2026-09-09 18:00:00","2026-09-10 09:00:00","CAPE","surface",-70.0212,19.7252,3153
"2026-09-09 18:00:00","2026-09-10 09:00:00","CAPE","surface",-69.9972,19.7252,3059
"2026-09-09 18:00:00","2026-09-10 09:00:00","CAPE","surface",-69.9733,19.7252,2889
"2026-09-09 18:00:00","2026-09-10 09:00:00","CAPE","surface",-69.9494,19.7252,2646
"2026-09-09 18:00:00","2026-09-10 09:00:00","CAPE","surface",-69.9255,19.7252,2667
"2026-09-09 18:00:00","2026-09-10 09:00:00","CAPE","surface",-69.9015,19.7252,2710
"2026-09-09 18:00:00","2026-09-10 09:00:00","CAPE","surface",-69.8776,19.7252,2709
"2026-09-09 18:00:00","2026-09-10 09:00:00","CAPE","surface",-69.8537,19.7252,2704
"2026-09-09 18:00:00","2026-09-10 09:00:00","CAPE","surface",-69.8298,19.7252,2719
"2026-09-09 18:00:00","2026-09-10 09:00:00","CAPE","surface",-69.8058,19.7252,2722
"2026-09-09 18:00:00","2026-09-10 09:00:00","CAPE","surface",-69.7819,19.7252,2715
"2026-09-09 18:00:00","2026-09-10 09:00:00","CAPE","surface",-69.758,19.7252,2612
"2026-09-09 18:00:00","2026-09-10 09:00:00","CAPE","surface",-69.7341,19.7252,2533
"2026-09-09 18:00:00","2026-09-10 09:00:00","CAPE","surface",-69.7101,19.7252,2461
"2026-09-09 18:00:00","2026-09-10 09:00:00","CAPE","surface",-69.6862,19.7252,2452
"2026-09-09 18:00:00","2026-09-10 09:00:00","CAPE","surface",-69.6623,19.7252,2427
"2026-09-09 18:00:00","2026-09-10 09:00:00","CAPE","surface",-69.6384,19.7252,2520
"2026-09-09 18:00:00","2026-09-10 09:00:00","CAPE","surface",-69.6144,19.7252,2525
"2026-09-09 18:00:00","2026-09-10 09:00:00","CAPE","surface",-69.5905,19.7252,2586
"2026-09-09 18:00:00","2026-09-10 09:00:00","CAPE","surface",-69.5666,19.7252,2569
"2026-09-09 18:00:00","2026-09-10 09:00:00","CAPE","surface",-69.5427,19.7252,2583
"2026-09-09 18:00:00","2026-09-10 09:00:00","CAPE","surface",-69.5187,19.7252,2583
"2026-09-09 18:00:00","2026-09-10 09:00:00","CAPE","surface",-69.4948,19.7252,2707
"2026-09-09 18:00:00","2026-09-10 09:00:00","CAPE","surface",-69.4709,19.7252,2824
"2026-09-09 18:00:00","2026-09-10 09:00:00","CAPE","surface",-69.447,19.7252,2926
"2026-09-09 18:00:00","2026-09-10 09:00:00","CAPE","surface",-69.423,19.7252,2856
"2026-09-09 18:00:00","2026-09-10 09:00:00","CAPE","surface",-69.3991,19.7252,2894
"2026-09-09 18:00:00","2026-09-10 09:00:00","CAPE","surface",-69.3752,19.7252,2893
"2026-09-09 18:00:00","2026-09-10 09:00:00","CAPE","surface",-69.3513,19.7252,2928
"2026-09-09 18:00:00","2026-09-10 09:00:00","CAPE","surface",-69.3273,19.7252,2921
"2026-09-09 18:00:00","2026-09-10 09:00:00","CAPE","surface",-69.3034,19.7252,2973
"2026-09-09 18:00:00","2026-09-10 09:00:00","CAPE","surface",-69.2795,19.7252,3055
"2026-09-09 18:00:00","2026-09-10 09:00:00","CAPE","surface",-69.2556,19.7252,3087
"2026-09-09 18:00:00","2026-09-10 09:00:00","CAPE","surface",-69.2316,19.7252,3138
"2026-09-09 18:00:00","2026-09-10 09:00:00","CAPE","surface",-69.2077,19.7252,3143
"2026-09-09 18:00:00","2026-09-10 09:00:00","CAPE","surface",-69.1838,19.7252,3151
"2026-09-09 18:00:00","2026-09-10 09:00:00","CAPE","surface",-69.1599,19.7252,3167
"2026-09-09 18:00:00","2026-09-10 09:00:00","CAPE","surface",-69.1359,19.7252,3161
"2026-09-09 18:00:00","2026-09-10 09:00:00","CAPE","surface",-69.112,19.7252,3265
"2026-09-09 18:00:00","2026-09-10 09:00:00","CAPE","surface",-69.0881,19.7252,3289
"2026-09-09 18:00:00","2026-09-10 09:00:00","CAPE","surface",-69.0642,19.7252,3386
"2026-09-09 18:00:00","2026-09-10 09:00:00","CAPE","surface",-69.0402,19.7252,3217
"2026-09-09 18:00:00","2026-09-10 09:00:00","CAPE","surface",-69.0163,19.7252,3225
"2026-09-09 18:00:00","2026-09-10 09:00:00","CAPE","surface",-68.9924,19.7252,3029
"2026-09-09 18:00:00","2026-09-10 09:00:00","CAPE","surface",-68.9685,19.7252,2924
"2026-09-09 18:00:00","2026-09-10 09:00:00","CAPE","surface",-68.9445,19.7252,2874
"2026-09-09 18:00:00","2026-09-10 09:00:00","CAPE","surface",-68.9206,19.7252,2874
"2026-09-09 18:00:00","2026-09-10 09:00:00","CAPE","surface",-68.8967,19.7252,2929
"2026-09-09 18:00:00","2026-09-10 09:00:00","CAPE","surface",-68.8728,19.7252,3075
"2026-09-09 18:00:00","2026-09-10 09:00:00","CAPE","surface",-68.8488,19.7252,3221
"2026-09-09 18:00:00","2026-09-10 09:00:00","CAPE","surface",-68.8249,19.7252,3343
"2026-09-09 18:00:00","2026-09-10 09:00:00","CAPE","surface",-68.801,19.7252,3318
"2026-09-09 18:00:00","2026-09-10 09:00:00","CAPE","surface",-68.7771,19.7252,3452
"2026-09-09 18:00:00","2026-09-10 09:00:00","CAPE","surface",-68.7531,19.7252,3432
"2026-09-09 18:00:00","2026-09-10 09:00:00","CAPE","surface",-68.7292,19.7252,3222
"2026-09-09 18:00:00","2026-09-10 09:00:00","CAPE","surface",-68.7053,19.7252,3222
"2026-09-09 18:00:00","2026-09-10 09:00:00","CAPE","surface",-68.6813,19.7252,2924
"2026-09-09 18:00:00","2026-09-10 09:00:00","CAPE","surface",-68.6574,19.7252,2976
"2026-09-09 18:00:00","2026-09-10 09:00:00","CAPE","surface",-68.6335,19.7252,2821
"2026-09-09 18:00:00","2026-09-10 09:00:00","CAPE","surface",-68.6096,19.7252,2821
"2026-09-09 18:00:00","2026-09-10 09:00:00","CAPE","surface",-68.5856,19.7252,2789
"2026-09-09 18:00:00","2026-09-10 09:00:00","CAPE","surface",-68.5617,19.7252,2855
"2026-09-09 18:00:00","2026-09-10 09:00:00","CAPE","surface",-68.5378,19.7252,2927
"2026-09-09 18:00:00","2026-09-10 09:00:00","CAPE","surface",-68.5139,19.7252,2907
"2026-09-09 18:00:00","2026-09-10 09:00:00","CAPE","surface",-68.4899,19.7252,2901
"2026-09-09 18:00:00","2026-09-10 09:00:00","CAPE","surface",-68.466,19.7252,2913
"2026-09-09 18:00:00","2026-09-10 09:00:00","CAPE","surface",-68.4421,19.7252,2915
"2026-09-09 18:00:00","2026-09-10 09:00:00","CAPE","surface",-68.4182,19.7252,2991
"2026-09-09 18:00:00","2026-09-10 09:00:00","CAPE","surface",-68.3942,19.7252,3003
"2026-09-09 18:00:00","2026-09-10 09:00:00","CAPE","surface",-68.3703,19.7252,3025
"2026-09-09 18:00:00","2026-09-10 09:00:00","CAPE","surface",-68.3464,19.7252,2976
"2026-09-09 18:00:00","2026-09-10 09:00:00","CAPE","surface",-68.3225,19.7252,2934
"2026-09-09 18:00:00","2026-09-10 09:00:00","CAPE","surface",-68.2985,19.7252,2948
"2026-09-09 18:00:00","2026-09-10 09:00:00","CAPE","surface",-68.2746,19.7252,2907
"2026-09-09 18:00:00","2026-09-10 09:00:00","CAPE","surface",-68.2507,19.7252,2822
"2026-09-09 18:00:00","2026-09-10 09:00:00","CAPE","surface",-68.2268,19.7252,2810
"2026-09-09 18:00:00","2026-09-10 09:00:00","CAPE","surface",-68.2028,19.7252,2803
"2026-09-09 18:00:00","2026-09-10 09:00:00","CAPE","surface",-68.1789,19.7252,2777
"2026-09-09 18:00:00","2026-09-10 09:00:00","CAPE","surface",-68.155,19.7252,2892
"2026-09-09 18:00:00","2026-09-10 09:00:00","CAPE","surface",-68.1311,19.7252,2935
"2026-09-09 18:00:00","2026-09-10 09:00:00","CAPE","surface",-68.1071,19.7252,2968
"2026-09-09 18:00:00","2026-09-10 09:00:00","CAPE","surface",-68.0832,19.7252,3232
"2026-09-09 18:00:00","2026-09-10 09:00:00","CAPE","surface",-68.0593,19.7252,3222
"2026-09-09 18:00:00","2026-09-10 09:00:00","CAPE","surface",-68.0354,19.7252,3521
"2026-09-09 18:00:00","2026-09-10 09:00:00","CAPE","surface",-68.0114,19.7252,3521
"2026-09-09 18:00:00","2026-09-10 09:00:00","CAPE","surface",-67.9875,19.7252,3464
"2026-09-09 18:00:00","2026-09-10 09:00:00","CAPE","surface",-67.9636,19.7252,3132
"2026-09-09 18:00:00","2026-09-10 09:00:00","CAPE","surface",-67.9397,19.7252,2984
"2026-09-09 18:00:00","2026-09-10 09:00:00","CAPE","surface",-67.9157,19.7252,2984
"2026-09-09 18:00:00","2026-09-10 09:00:00","CAPE","surface",-67.8918,19.7252,2951
"2026-09-09 18:00:00","2026-09-10 09:00:00","CAPE","surface",-67.8679,19.7252,2999
"2026-09-09 18:00:00","2026-09-10 09:00:00","CAPE","surface",-67.844,19.7252,2990
"2026-09-09 18:00:00","2026-09-10 09:00:00","CAPE","surface",-67.82,19.7252,3077
"2026-09-09 18:00:00","2026-09-10 09:00:00","CAPE","surface",-67.7961,19.7252,3109
"2026-09-09 18:00:00","2026-09-10 09:00:00","CAPE","surface",-67.7722,19.7252,3483
"2026-09-09 18:00:00","2026-09-10 09:00:00","CAPE","surface",-67.7483,19.7252,3506
"2026-09-09 18:00:00","2026-09-10 09:00:00","CAPE","surface",-67.7243,19.7252,3666
"2026-09-09 18:00:00","2026-09-10 09:00:00","CAPE","surface",-67.7004,19.7252,3589
"2026-09-09 18:00:00","2026-09-10 09:00:00","CAPE","surface",-67.6765,19.7252,3166
"2026-09-09 18:00:00","2026-09-10 09:00:00","CAPE","surface",-67.6526,19.7252,2559
"2026-09-09 18:00:00","2026-09-10 09:00:00","CAPE","surface",-67.6286,19.7252,2559
"2026-09-09 18:00:00","2026-09-10 09:00:00","CAPE","surface",-67.6047,19.7252,2349
"2026-09-09 18:00:00","2026-09-10 09:00:00","CAPE","surface",-67.5808,19.7252,2274
"2026-09-09 18:00:00","2026-09-10 09:00:00","CAPE","surface",-67.5569,19.7252,1705
"2026-09-09 18:00:00","2026-09-10 09:00:00","CAPE","surface",-67.5329,19.7252,1705
"2026-09-09 18:00:00","2026-09-10 09:00:00","CAPE","surface",-67.509,19.7252,952
"2026-09-09 18:00:00","2026-09-10 09:00:00","CAPE","surface",-67.4851,19.7252,738
"2026-09-09 18:00:00","2026-09-10 09:00:00","CAPE","surface",-67.4612,19.7252,571
"2026-09-09 18:00:00","2026-09-10 09:00:00","CAPE","surface",-67.4372,19.7252,290
"2026-09-09 18:00:00","2026-09-10 09:00:00","CAPE","surface",-67.4133,19.7252,427
"2026-09-09 18:00:00","2026-09-10 09:00:00","CAPE","surface",-67.3894,19.7252,160
"2026-09-09 18:00:00","2026-09-10 09:00:00","CAPE","surface",-67.3655,19.7252,424
"2026-09-09 18:00:00","2026-09-10 09:00:00","CAPE","surface",-67.3415,19.7252,51
"2026-09-09 18:00:00","2026-09-10 09:00:00","CAPE","surface",-67.3176,19.7252,223
"2026-09-09 18:00:00","2026-09-10 09:00:00","CAPE","surface",-67.2937,19.7252,287
"2026-09-09 18:00:00","2026-09-10 09:00:00","CAPE","surface",-67.2698,19.7252,517
"2026-09-09 18:00:00","2026-09-10 09:00:00","CAPE","surface",-67.2458,19.7252,517
"2026-09-09 18:00:00","2026-09-10 09:00:00","CAPE","surface",-67.2219,19.7252,802
"2026-09-09 18:00:00","2026-09-10 09:00:00","CAPE","surface",-67.198,19.7252,1007
"2026-09-09 18:00:00","2026-09-10 09:00:00","CAPE","surface",-67.1741,19.7252,1341
"2026-09-09 18:00:00","2026-09-10 09:00:00","CAPE","surface",-67.1501,19.7252,1341
"2026-09-09 18:00:00","2026-09-10 09:00:00","CAPE","surface",-67.1262,19.7252,1777
"2026-09-09 18:00:00","2026-09-10 09:00:00","CAPE","surface",-67.1023,19.7252,1961
"2026-09-09 18:00:00","2026-09-10 09:00:00","CAPE","surface",-67.0784,19.7252,2354
"2026-09-09 18:00:00","2026-09-10 09:00:00","CAPE","surface",-67.0544,19.7252,2579
"2026-09-09 18:00:00","2026-09-10 09:00:00","CAPE","surface",-67.0305,19.7252,2695
"2026-09-09 18:00:00","2026-09-10 09:00:00","CAPE","surface",-67.0066,19.7252,2896
"2026-09-09 18:00:00","2026-09-10 09:00:00","CAPE","surface",-74.7822,19.7478,2358
"2026-09-09 18:00:00","2026-09-10 09:00:00","CAPE","surface",-74.7583,19.7478,2351
"2026-09-09 18:00:00","2026-09-10 09:00:00","CAPE","surface",-74.7344,19.7478,2372
"2026-09-09 18:00:00","2026-09-10 09:00:00","CAPE","surface",-74.7105,19.7478,2391
"2026-09-09 18:00:00","2026-09-10 09:00:00","CAPE","surface",-74.6865,19.7478,2454
"2026-09-09 18:00:00","2026-09-10 09:00:00","CAPE","surface",-74.6626,19.7478,2452
"2026-09-09 18:00:00","2026-09-10 09:00:00","CAPE","surface",-74.6387,19.7478,2494
"2026-09-09 18:00:00","2026-09-10 09:00:00","CAPE","surface",-74.6148,19.7478,2494
"2026-09-09 18:00:00","2026-09-10 09:00:00","CAPE","surface",-74.5908,19.7478,2435
"2026-09-09 18:00:00","2026-09-10 09:00:00","CAPE","surface",-74.5669,19.7478,2476
"2026-09-09 18:00:00","2026-09-10 09:00:00","CAPE","surface",-74.543,19.7478,2444
"2026-09-09 18:00:00","2026-09-10 09:00:00","CAPE","surface",-74.5191,19.7478,2500
"2026-09-09 18:00:00","2026-09-10 09:00:00","CAPE","surface",-74.4951,19.7478,2482
"2026-09-09 18:00:00","2026-09-10 09:00:00","CAPE","surface",-74.4712,19.7478,2482
"2026-09-09 18:00:00","2026-09-10 09:00:00","CAPE","surface",-74.4473,19.7478,2544
"2026-09-09 18:00:00","2026-09-10 09:00:00","CAPE","surface",-74.4234,19.7478,2496
"2026-09-09 18:00:00","2026-09-10 09:00:00","CAPE","surface",-74.3994,19.7478,2433
"2026-09-09 18:00:00","2026-09-10 09:00:00","CAPE","surface",-74.3755,19.7478,2444
"2026-09-09 18:00:00","2026-09-10 09:00:00","CAPE","surface",-74.3516,19.7478,2444
"2026-09-09 18:00:00","2026-09-10 09:00:00","CAPE","surface",-74.3277,19.7478,2595
"2026-09-09 18:00:00","2026-09-10 09:00:00","CAPE","surface",-74.3037,19.7478,2592
"2026-09-09 18:00:00","2026-09-10 09:00:00","CAPE","surface",-74.2798,19.7478,2879
"2026-09-09 18:00:00","2026-09-10 09:00:00","CAPE","surface",-74.2559,19.7478,2874
"2026-09-09 18:00:00","2026-09-10 09:00:00","CAPE","surface",-74.232,19.7478,2692
"2026-09-09 18:00:00","2026-09-10 09:00:00","CAPE","surface",-74.208,19.7478,2692
"2026-09-09 18:00:00","2026-09-10 09:00:00","CAPE","surface",-74.1841,19.7478,2584
"2026-09-09 18:00:00","2026-09-10 09:00:00","CAPE","surface",-74.1602,19.7478,2654
"2026-09-09 18:00:00","2026-09-10 09:00:00","CAPE","surface",-74.1363,19.7478,2728
"2026-09-09 18:00:00","2026-09-10 09:00:00","CAPE","surface",-74.1123,19.7478,2793
"2026-09-09 18:00:00","2026-09-10 09:00:00","CAPE","surface",-74.0884,19.7478,2800
"2026-09-09 18:00:00","2026-09-10 09:00:00","CAPE","surface",-74.0645,19.7478,2839
"2026-09-09 18:00:00","2026-09-10 09:00:00","CAPE","surface",-74.0406,19.7478,2852
"2026-09-09 18:00:00","2026-09-10 09:00:00","CAPE","surface",-74.0166,19.7478,2787
"2026-09-09 18:00:00","2026-09-10 09:00:00","CAPE","surface",-73.9927,19.7478,2647
"2026-09-09 18:00:00","2026-09-10 09:00:00","CAPE","surface",-73.9688,19.7478,2647
"2026-09-09 18:00:00","2026-09-10 09:00:00","CAPE","surface",-73.9449,19.7478,2490
"2026-09-09 18:00:00","2026-09-10 09:00:00","CAPE","surface",-73.9209,19.7478,2353
"2026-09-09 18:00:00","2026-09-10 09:00:00","CAPE","surface",-73.897,19.7478,2290
"2026-09-09 18:00:00","2026-09-10 09:00:00","CAPE","surface",-73.8731,19.7478,2283
"2026-09-09 18:00:00","2026-09-10 09:00:00","CAPE","surface",-73.8492,19.7478,2225
"2026-09-09 18:00:00","2026-09-10 09:00:00","CAPE","surface",-73.8252,19.7478,2225
"2026-09-09 18:00:00","2026-09-10 09:00:00","CAPE","surface",-73.8013,19.7478,2210
"2026-09-09 18:00:00","2026-09-10 09:00:00","CAPE","surface",-73.7774,19.7478,2217
"2026-09-09 18:00:00","2026-09-10 09:00:00","CAPE","surface",-73.7535,19.7478,2269
"2026-09-09 18:00:00","2026-09-10 09:00:00","CAPE","surface",-73.7295,19.7478,2281
"2026-09-09 18:00:00","2026-09-10 09:00:00","CAPE","surface",-73.7056,19.7478,2305
"2026-09-09 18:00:00","2026-09-10 09:00:00","CAPE","surface",-73.6817,19.7478,2244
"2026-09-09 18:00:00","2026-09-10 09:00:00","CAPE","surface",-73.6578,19.7478,2182
"2026-09-09 18:00:00","2026-09-10 09:00:00","CAPE","surface",-73.6338,19.7478,2150
"2026-09-09 18:00:00","2026-09-10 09:00:00","CAPE","surface",-73.6099,19.7478,2150
"2026-09-09 18:00:00","2026-09-10 09:00:00","CAPE","surface",-73.586,19.7478,2150
"2026-09-09 18:00:00","2026-09-10 09:00:00","CAPE","surface",-73.5621,19.7478,2141
"2026-09-09 18:00:00","2026-09-10 09:00:00","CAPE","surface",-73.5381,19.7478,2142
"2026-09-09 18:00:00","2026-09-10 09:00:00","CAPE","surface",-73.5142,19.7478,2107
"2026-09-09 18:00:00","2026-09-10 09:00:00","CAPE","surface",-73.4903,19.7478,2147
"2026-09-09 18:00:00","2026-09-10 09:00:00","CAPE","surface",-73.4664,19.7478,2050
"2026-09-09 18:00:00","2026-09-10 09:00:00","CAPE","surface",-73.4424,19.7478,2050
"2026-09-09 18:00:00","2026-09-10 09:00:00","CAPE","surface",-73.4185,19.7478,1749
"2026-09-09 18:00:00","2026-09-10 09:00:00","CAPE","surface",-73.3946,19.7478,1808
"2026-09-09 18:00:00","2026-09-10 09:00:00","CAPE","surface",-73.3707,19.7478,1281
"2026-09-09 18:00:00","2026-09-10 09:00:00","CAPE","surface",-73.3467,19.7478,1281
"2026-09-09 18:00:00","2026-09-10 09:00:00","CAPE","surface",-73.3228,19.7478,657
"2026-09-09 18:00:00","2026-09-10 09:00:00","CAPE","surface",-73.2989,19.7478,619
"2026-09-09 18:00:00","2026-09-10 09:00:00","CAPE","surface",-73.275,19.7478,987
"2026-09-09 18:00:00","2026-09-10 09:00:00","CAPE","surface",-73.251,19.7478,1069
"2026-09-09 18:00:00","2026-09-10 09:00:00","CAPE","surface",-73.2271,19.7478,1404
"2026-09-09 18:00:00","2026-09-10 09:00:00","CAPE","surface",-73.2032,19.7478,1404
"2026-09-09 18:00:00","2026-09-10 09:00:00","CAPE","surface",-73.1793,19.7478,1489
"2026-09-09 18:00:00","2026-09-10 09:00:00","CAPE","surface",-73.1553,19.7478,1103
"2026-09-09 18:00:00","2026-09-10 09:00:00","CAPE","surface",-73.1314,19.7478,716
"2026-09-09 18:00:00","2026-09-10 09:00:00","CAPE","surface",-73.1075,19.7478,725
"2026-09-09 18:00:00","2026-09-10 09:00:00","CAPE","surface",-73.0836,19.7478,725
"2026-09-09 18:00:00","2026-09-10 09:00:00","CAPE","surface",-73.0596,19.7478,755
"2026-09-09 18:00:00","2026-09-10 09:00:00","CAPE","surface",-73.0357,19.7478,609
"2026-09-09 18:00:00","2026-09-10 09:00:00","CAPE","surface",-73.0118,19.7478,670
"2026-09-09 18:00:00","2026-09-10 09:00:00","CAPE","surface",-72.9879,19.7478,779
"2026-09-09 18:00:00","2026-09-10 09:00:00","CAPE","surface",-72.9639,19.7478,833
"2026-09-09 18:00:00","2026-09-10 09:00:00","CAPE","surface",-72.94,19.7478,986
"2026-09-09 18:00:00","2026-09-10 09:00:00","CAPE","surface",-72.9161,19.7478,797
"2026-09-09 18:00:00","2026-09-10 09:00:00","CAPE","surface",-72.8922,19.7478,741
"2026-09-09 18:00:00","2026-09-10 09:00:00","CAPE","surface",-72.8682,19.7478,652
"2026-09-09 18:00:00","2026-09-10 09:00:00","CAPE","surface",-72.8443,19.7478,652
"2026-09-09 18:00:00","2026-09-10 09:00:00","CAPE","surface",-72.8204,19.7478,472
"2026-09-09 18:00:00","2026-09-10 09:00:00","CAPE","surface",-72.7965,19.7478,465
"2026-09-09 18:00:00","2026-09-10 09:00:00","CAPE","surface",-72.7725,19.7478,506
"2026-09-09 18:00:00","2026-09-10 09:00:00","CAPE","surface",-72.7486,19.7478,507
"2026-09-09 18:00:00","2026-09-10 09:00:00","CAPE","surface",-72.7247,19.7478,533
"2026-09-09 18:00:00","2026-09-10 09:00:00","CAPE","surface",-72.7008,19.7478,500
"2026-09-09 18:00:00","2026-09-10 09:00:00","CAPE","surface",-72.6768,19.7478,622
"2026-09-09 18:00:00","2026-09-10 09:00:00","CAPE","surface",-72.6529,19.7478,645
"2026-09-09 18:00:00","2026-09-10 09:00:00","CAPE","surface",-72.629,19.7478,643
"2026-09-09 18:00:00","2026-09-10 09:00:00","CAPE","surface",-72.6051,19.7478,643
"2026-09-09 18:00:00","2026-09-10 09:00:00","CAPE","surface",-72.5811,19.7478,503
"2026-09-09 18:00:00","2026-09-10 09:00:00","CAPE","surface",-72.5572,19.7478,503
"2026-09-09 18:00:00","2026-09-10 09:00:00","CAPE","surface",-72.5333,19.7478,486
"2026-09-09 18:00:00","2026-09-10 09:00:00","CAPE","surface",-72.5094,19.7478,437
"2026-09-09 18:00:00","2026-09-10 09:00:00","CAPE","surface",-72.4854,19.7478,469
"2026-09-09 18:00:00","2026-09-10 09:00:00","CAPE","surface",-72.4615,19.7478,468
"2026-09-09 18:00:00","2026-09-10 09:00:00","CAPE","surface",-72.4376,19.7478,458
"2026-09-09 18:00:00","2026-09-10 09:00:00","CAPE","surface",-72.4137,19.7478,609
"2026-09-09 18:00:00","2026-09-10 09:00:00","CAPE","surface",-72.3897,19.7478,653
"2026-09-09 18:00:00","2026-09-10 09:00:00","CAPE","surface",-72.3658,19.7478,650
"2026-09-09 18:00:00","2026-09-10 09:00:00","CAPE","surface",-72.3419,19.7478,709
"2026-09-09 18:00:00","2026-09-10 09:00:00","CAPE","surface",-72.318,19.7478,932
"2026-09-09 18:00:00","2026-09-10 09:00:00","CAPE","surface",-72.294,19.7478,809
"2026-09-09 18:00:00","2026-09-10 09:00:00","CAPE","surface",-72.2701,19.7478,995
"2026-09-09 18:00:00","2026-09-10 09:00:00","CAPE","surface",-72.2462,19.7478,995
"2026-09-09 18:00:00","2026-09-10 09:00:00","CAPE","surface",-72.2223,19.7478,1156
"2026-09-09 18:00:00","2026-09-10 09:00:00","CAPE","surface",-72.1983,19.7478,1153
"2026-09-09 18:00:00","2026-09-10 09:00:00","CAPE","surface",-72.1744,19.7478,1381
"2026-09-09 18:00:00","2026-09-10 09:00:00","CAPE","surface",-72.1505,19.7478,1180
"2026-09-09 18:00:00","2026-09-10 09:00:00","CAPE","surface",-72.1266,19.7478,1313
"2026-09-09 18:00:00","2026-09-10 09:00:00","CAPE","surface",-72.1026,19.7478,1257
"2026-09-09 18:00:00","2026-09-10 09:00:00","CAPE","surface",-72.0787,19.7478,1249
"2026-09-09 18:00:00","2026-09-10 09:00:00","CAPE","surface",-72.0548,19.7478,1204
"2026-09-09 18:00:00","2026-09-10 09:00:00","CAPE","surface",-72.0309,19.7478,1215
"2026-09-09 18:00:00","2026-09-10 09:00:00","CAPE","surface",-72.0069,19.7478,1215
"2026-09-09 18:00:00","2026-09-10 09:00:00","CAPE","surface",-71.983,19.7478,1270
"2026-09-09 18:00:00","2026-09-10 09:00:00","CAPE","surface",-71.9591,19.7478,1370
"2026-09-09 18:00:00","2026-09-10 09:00:00","CAPE","surface",-71.9352,19.7478,1304
"2026-09-09 18:00:00","2026-09-10 09:00:00","CAPE","surface",-71.9112,19.7478,1329
"2026-09-09 18:00:00","2026-09-10 09:00:00","CAPE","surface",-71.8873,19.7478,1329
"2026-09-09 18:00:00","2026-09-10 09:00:00","CAPE","surface",-71.8634,19.7478,1317
"2026-09-09 18:00:00","2026-09-10 09:00:00","CAPE","surface",-71.8395,19.7478,1276
"2026-09-09 18:00:00","2026-09-10 09:00:00","CAPE","surface",-71.8155,19.7478,1255
"2026-09-09 18:00:00","2026-09-10 09:00:00","CAPE","surface",-71.7916,19.7478,1206
"2026-09-09 18:00:00","2026-09-10 09:00:00","CAPE","surface",-71.7677,19.7478,1153
"2026-09-09 18:00:00","2026-09-10 09:00:00","CAPE","surface",-71.7438,19.7478,1111
"2026-09-09 18:00:00","2026-09-10 09:00:00","CAPE","surface",-71.7198,19.7478,809
"2026-09-09 18:00:00","2026-09-10 09:00:00","CAPE","surface",-71.6959,19.7478,816
"2026-09-09 18:00:00","2026-09-10 09:00:00","CAPE","surface",-71.672,19.7478,811
"2026-09-09 18:00:00","2026-09-10 09:00:00","CAPE","surface",-71.6481,19.7478,808
"2026-09-09 18:00:00","2026-09-10 09:00:00","CAPE","surface",-71.6241,19.7478,812
"2026-09-09 18:00:00","2026-09-10 09:00:00","CAPE","surface",-71.6002,19.7478,811
"2026-09-09 18:00:00","2026-09-10 09:00:00","CAPE","surface",-71.5763,19.7478,813
"2026-09-09 18:00:00","2026-09-10 09:00:00","CAPE","surface",-71.5524,19.7478,813
"2026-09-09 18:00:00","2026-09-10 09:00:00","CAPE","surface",-71.5284,19.7478,813
"2026-09-09 18:00:00","2026-09-10 09:00:00","CAPE","surface",-71.5045,19.7478,807
"2026-09-09 18:00:00","2026-09-10 09:00:00","CAPE","surface",-71.4806,19.7478,811
"2026-09-09 18:00:00","2026-09-10 09:00:00","CAPE","surface",-71.4567,19.7478,805
"2026-09-09 18:00:00","2026-09-10 09:00:00","CAPE","surface",-71.4327,19.7478,805
"2026-09-09 18:00:00","2026-09-10 09:00:00","CAPE","surface",-71.4088,19.7478,805
"2026-09-09 18:00:00","2026-09-10 09:00:00","CAPE","surface",-71.3849,19.7478,811
"2026-09-09 18:00:00","2026-09-10 09:00:00","CAPE","surface",-71.361,19.7478,814
"2026-09-09 18:00:00","2026-09-10 09:00:00","CAPE","surface",-71.337,19.7478,820
"2026-09-09 18:00:00","2026-09-10 09:00:00","CAPE","surface",-71.3131,19.7478,822
"2026-09-09 18:00:00","2026-09-10 09:00:00","CAPE","surface",-71.2892,19.7478,833
"2026-09-09 18:00:00","2026-09-10 09:00:00","CAPE","surface",-71.2653,19.7478,831
"2026-09-09 18:00:00","2026-09-10 09:00:00","CAPE","surface",-71.2413,19.7478,847
"2026-09-09 18:00:00","2026-09-10 09:00:00","CAPE","surface",-71.2174,19.7478,828
"2026-09-09 18:00:00","2026-09-10 09:00:00","CAPE","surface",-71.1935,19.7478,854
"2026-09-09 18:00:00","2026-09-10 09:00:00","CAPE","surface",-71.1696,19.7478,858
"2026-09-09 18:00:00","2026-09-10 09:00:00","CAPE","surface",-71.1456,19.7478,821
"2026-09-09 18:00:00","2026-09-10 09:00:00","CAPE","surface",-71.1217,19.7478,857
"2026-09-09 18:00:00","2026-09-10 09:00:00","CAPE","surface",-71.0978,19.7478,728
"2026-09-09 18:00:00","2026-09-10 09:00:00","CAPE","surface",-71.0739,19.7478,742
"2026-09-09 18:00:00","2026-09-10 09:00:00","CAPE","surface",-71.0499,19.7478,727
"2026-09-09 18:00:00","2026-09-10 09:00:00","CAPE","surface",-71.026,19.7478,742
"2026-09-09 18:00:00","2026-09-10 09:00:00","CAPE","surface",-71.0021,19.7478,744
"2026-09-09 18:00:00","2026-09-10 09:00:00","CAPE","surface",-70.9782,19.7478,744
"2026-09-09 18:00:00","2026-09-10 09:00:00","CAPE","surface",-70.9542,19.7478,773
"2026-09-09 18:00:00","2026-09-10 09:00:00","CAPE","surface",-70.9303,19.7478,755
"2026-09-09 18:00:00","2026-09-10 09:00:00","CAPE","surface",-70.9064,19.7478,780
"2026-09-09 18:00:00","2026-09-10 09:00:00","CAPE","surface",-70.8825,19.7478,780
"2026-09-09 18:00:00","2026-09-10 09:00:00","CAPE","surface",-70.8585,19.7478,867
"2026-09-09 18:00:00","2026-09-10 09:00:00","CAPE","surface",-70.8346,19.7478,858
"2026-09-09 18:00:00","2026-09-10 09:00:00","CAPE","surface",-70.8107,19.7478,975
"2026-09-09 18:00:00","2026-09-10 09:00:00","CAPE","surface",-70.7868,19.7478,1072
"2026-09-09 18:00:00","2026-09-10 09:00:00","CAPE","surface",-70.7628,19.7478,1072
"2026-09-09 18:00:00","2026-09-10 09:00:00","CAPE","surface",-70.7389,19.7478,1164
"2026-09-09 18:00:00","2026-09-10 09:00:00","CAPE","surface",-70.715,19.7478,1152
"2026-09-09 18:00:00","2026-09-10 09:00:00","CAPE","surface",-70.6911,19.7478,1241
"2026-09-09 18:00:00","2026-09-10 09:00:00","CAPE","surface",-70.6671,19.7478,1241
"2026-09-09 18:00:00","2026-09-10 09:00:00","CAPE","surface",-70.6432,19.7478,1456
"2026-09-09 18:00:00","2026-09-10 09:00:00","CAPE","surface",-70.6193,19.7478,1344
"2026-09-09 18:00:00","2026-09-10 09:00:00","CAPE","surface",-70.5954,19.7478,1581
"2026-09-09 18:00:00","2026-09-10 09:00:00","CAPE","surface",-70.5714,19.7478,1581
"2026-09-09 18:00:00","2026-09-10 09:00:00","CAPE","surface",-70.5475,19.7478,2078
"2026-09-09 18:00:00","2026-09-10 09:00:00","CAPE","surface",-70.5236,19.7478,1942
"2026-09-09 18:00:00","2026-09-10 09:00:00","CAPE","surface",-70.4997,19.7478,2079
"2026-09-09 18:00:00","2026-09-10 09:00:00","CAPE","surface",-70.4757,19.7478,2100
"2026-09-09 18:00:00","2026-09-10 09:00:00","CAPE","surface",-70.4518,19.7478,2343
"2026-09-09 18:00:00","2026-09-10 09:00:00","CAPE","surface",-70.4279,19.7478,2792
"2026-09-09 18:00:00","2026-09-10 09:00:00","CAPE","surface",-70.404,19.7478,2759
"2026-09-09 18:00:00","2026-09-10 09:00:00","CAPE","surface",-70.38,19.7478,2958
"2026-09-09 18:00:00","2026-09-10 09:00:00","CAPE","surface",-70.3561,19.7478,2940
"2026-09-09 18:00:00","2026-09-10 09:00:00","CAPE","surface",-70.3322,19.7478,2820
"2026-09-09 18:00:00","2026-09-10 09:00:00","CAPE","surface",-70.3083,19.7478,2809
"2026-09-09 18:00:00","2026-09-10 09:00:00","CAPE","surface",-70.2843,19.7478,2790
"2026-09-09 18:00:00","2026-09-10 09:00:00","CAPE","surface",-70.2604,19.7478,2902
"2026-09-09 18:00:00","2026-09-10 09:00:00","CAPE","surface",-70.2365,19.7478,2990
"2026-09-09 18:00:00","2026-09-10 09:00:00","CAPE","surface",-70.2126,19.7478,2990
"2026-09-09 18:00:00","2026-09-10 09:00:00","CAPE","surface",-70.1886,19.7478,3052
"2026-09-09 18:00:00","2026-09-10 09:00:00","CAPE","surface",-70.1647,19.7478,3066
"2026-09-09 18:00:00","2026-09-10 09:00:00","CAPE","surface",-70.1408,19.7478,3124
"2026-09-09 18:00:00","2026-09-10 09:00:00","CAPE","surface",-70.1169,19.7478,3085
"2026-09-09 18:00:00","2026-09-10 09:00:00","CAPE","surface",-70.0929,19.7478,3092
"2026-09-09 18:00:00","2026-09-10 09:00:00","CAPE","surface",-70.069,19.7478,3005
"2026-09-09 18:00:00","2026-09-10 09:00:00","CAPE","surface",-70.0451,19.7478,3045
"2026-09-09 18:00:00","2026-09-10 09:00:00","CAPE","surface",-70.0212,19.7478,3057
"2026-09-09 18:00:00","2026-09-10 09:00:00","CAPE","surface",-69.9972,19.7478,3096
"2026-09-09 18:00:00","2026-09-10 09:00:00","CAPE","surface",-69.9733,19.7478,2723
"2026-09-09 18:00:00","2026-09-10 09:00:00","CAPE","surface",-69.9494,19.7478,2646
"2026-09-09 18:00:00","2026-09-10 09:00:00","CAPE","surface",-69.9255,19.7478,2676
"2026-09-09 18:00:00","2026-09-10 09:00:00","CAPE","surface",-69.9015,19.7478,2676
"2026-09-09 18:00:00","2026-09-10 09:00:00","CAPE","surface",-69.8776,19.7478,2691
"2026-09-09 18:00:00","2026-09-10 09:00:00","CAPE","surface",-69.8537,19.7478,2712
"2026-09-09 18:00:00","2026-09-10 09:00:00","CAPE","surface",-69.8298,19.7478,2722
"2026-09-09 18:00:00","2026-09-10 09:00:00","CAPE","surface",-69.8058,19.7478,2699
"2026-09-09 18:00:00","2026-09-10 09:00:00","CAPE","surface",-69.7819,19.7478,2695
"2026-09-09 18:00:00","2026-09-10 09:00:00","CAPE","surface",-69.758,19.7478,2590
"2026-09-09 18:00:00","2026-09-10 09:00:00","CAPE","surface",-69.7341,19.7478,2533
"2026-09-09 18:00:00","2026-09-10 09:00:00","CAPE","surface",-69.7101,19.7478,2476
"2026-09-09 18:00:00","2026-09-10 09:00:00","CAPE","surface",-69.6862,19.7478,2476
"2026-09-09 18:00:00","2026-09-10 09:00:00","CAPE","surface",-69.6623,19.7478,2526
"2026-09-09 18:00:00","2026-09-10 09:00:00","CAPE","surface",-69.6384,19.7478,2520
"2026-09-09 18:00:00","2026-09-10 09:00:00","CAPE","surface",-69.6144,19.7478,2634
"2026-09-09 18:00:00","2026-09-10 09:00:00","CAPE","surface",-69.5905,19.7478,2681
"2026-09-09 18:00:00","2026-09-10 09:00:00","CAPE","surface",-69.5666,19.7478,2611
"2026-09-09 18:00:00","2026-09-10 09:00:00","CAPE","surface",-69.5427,19.7478,2588
"2026-09-09 18:00:00","2026-09-10 09:00:00","CAPE","surface",-69.5187,19.7478,2599
"2026-09-09 18:00:00","2026-09-10 09:00:00","CAPE","surface",-69.4948,19.7478,2629
"2026-09-09 18:00:00","2026-09-10 09:00:00","CAPE","surface",-69.4709,19.7478,2686
"2026-09-09 18:00:00","2026-09-10 09:00:00","CAPE","surface",-69.447,19.7478,2796
"2026-09-09 18:00:00","2026-09-10 09:00:00","CAPE","surface",-69.423,19.7478,2856
"2026-09-09 18:00:00","2026-09-10 09:00:00","CAPE","surface",-69.3991,19.7478,2877
"2026-09-09 18:00:00","2026-09-10 09:00:00","CAPE","surface",-69.3752,19.7478,2877
"2026-09-09 18:00:00","2026-09-10 09:00:00","CAPE","surface",-69.3513,19.7478,2884
"2026-09-09 18:00:00","2026-09-10 09:00:00","CAPE","surface",-69.3273,19.7478,2939
"2026-09-09 18:00:00","2026-09-10 09:00:00","CAPE","surface",-69.3034,19.7478,2985
"2026-09-09 18:00:00","2026-09-10 09:00:00","CAPE","surface",-69.2795,19.7478,3000
"2026-09-09 18:00:00","2026-09-10 09:00:00","CAPE","surface",-69.2556,19.7478,3054
"2026-09-09 18:00:00","2026-09-10 09:00:00","CAPE","surface",-69.2316,19.7478,3089
"2026-09-09 18:00:00","2026-09-10 09:00:00","CAPE","surface",-69.2077,19.7478,3143
"2026-09-09 18:00:00","2026-09-10 09:00:00","CAPE","surface",-69.1838,19.7478,3118
"2026-09-09 18:00:00","2026-09-10 09:00:00","CAPE","surface",-69.1599,19.7478,3163
"2026-09-09 18:00:00","2026-09-10 09:00:00","CAPE","surface",-69.1359,19.7478,3200
"2026-09-09 18:00:00","2026-09-10 09:00:00","CAPE","surface",-69.112,19.7478,3265
"2026-09-09 18:00:00","2026-09-10 09:00:00","CAPE","surface",-69.0881,19.7478,3418
"2026-09-09 18:00:00","2026-09-10 09:00:00","CAPE","surface",-69.0642,19.7478,3441
"2026-09-09 18:00:00","2026-09-10 09:00:00","CAPE","surface",-69.0402,19.7478,3429
"2026-09-09 18:00:00","2026-09-10 09:00:00","CAPE","surface",-69.0163,19.7478,3293
"2026-09-09 18:00:00","2026-09-10 09:00:00","CAPE","surface",-68.9924,19.7478,3063
"2026-09-09 18:00:00","2026-09-10 09:00:00","CAPE","surface",-68.9685,19.7478,3167
"2026-09-09 18:00:00","2026-09-10 09:00:00","CAPE","surface",-68.9445,19.7478,2969
"2026-09-09 18:00:00","2026-09-10 09:00:00","CAPE","surface",-68.9206,19.7478,2871
"2026-09-09 18:00:00","2026-09-10 09:00:00","CAPE","surface",-68.8967,19.7478,2929
"2026-09-09 18:00:00","2026-09-10 09:00:00","CAPE","surface",-68.8728,19.7478,3009
"2026-09-09 18:00:00","2026-09-10 09:00:00","CAPE","surface",-68.8488,19.7478,3152
"2026-09-09 18:00:00","2026-09-10 09:00:00","CAPE","surface",-68.8249,19.7478,3222
"2026-09-09 18:00:00","2026-09-10 09:00:00","CAPE","surface",-68.801,19.7478,3237
"2026-09-09 18:00:00","2026-09-10 09:00:00","CAPE","surface",-68.7771,19.7478,3237
"2026-09-09 18:00:00","2026-09-10 09:00:00","CAPE","surface",-68.7531,19.7478,3032
"2026-09-09 18:00:00","2026-09-10 09:00:00","CAPE","surface",-68.7292,19.7478,3125
"2026-09-09 18:00:00","2026-09-10 09:00:00","CAPE","surface",-68.7053,19.7478,2822
"2026-09-09 18:00:00","2026-09-10 09:00:00","CAPE","surface",-68.6813,19.7478,2924
"2026-09-09 18:00:00","2026-09-10 09:00:00","CAPE","surface",-68.6574,19.7478,2743
"2026-09-09 18:00:00","2026-09-10 09:00:00","CAPE","surface",-68.6335,19.7478,2793
"2026-09-09 18:00:00","2026-09-10 09:00:00","CAPE","surface",-68.6096,19.7478,2748
"2026-09-09 18:00:00","2026-09-10 09:00:00","CAPE","surface",-68.5856,19.7478,2817
"2026-09-09 18:00:00","2026-09-10 09:00:00","CAPE","surface",-68.5617,19.7478,2817
"2026-09-09 18:00:00","2026-09-10 09:00:00","CAPE","surface",-68.5378,19.7478,2905
"2026-09-09 18:00:00","2026-09-10 09:00:00","CAPE","surface",-68.5139,19.7478,2907
"2026-09-09 18:00:00","2026-09-10 09:00:00","CAPE","surface",-68.4899,19.7478,2927
"2026-09-09 18:00:00","2026-09-10 09:00:00","CAPE","surface",-68.466,19.7478,2927
"2026-09-09 18:00:00","2026-09-10 09:00:00","CAPE","surface",-68.4421,19.7478,3024
"2026-09-09 18:00:00","2026-09-10 09:00:00","CAPE","surface",-68.4182,19.7478,2991
"2026-09-09 18:00:00","2026-09-10 09:00:00","CAPE","surface",-68.3942,19.7478,3107
"2026-09-09 18:00:00","2026-09-10 09:00:00","CAPE","surface",-68.3703,19.7478,3227
"2026-09-09 18:00:00","2026-09-10 09:00:00","CAPE","surface",-68.3464,19.7478,3046
"2026-09-09 18:00:00","2026-09-10 09:00:00","CAPE","surface",-68.3225,19.7478,3040
"2026-09-09 18:00:00","2026-09-10 09:00:00","CAPE","surface",-68.2985,19.7478,2948
"2026-09-09 18:00:00","2026-09-10 09:00:00","CAPE","surface",-68.2746,19.7478,2956
"2026-09-09 18:00:00","2026-09-10 09:00:00","CAPE","surface",-68.2507,19.7478,2873
"2026-09-09 18:00:00","2026-09-10 09:00:00","CAPE","surface",-68.2268,19.7478,2810
"2026-09-09 18:00:00","2026-09-10 09:00:00","CAPE","surface",-68.2028,19.7478,2803
"2026-09-09 18:00:00","2026-09-10 09:00:00","CAPE","surface",-68.1789,19.7478,2839
"2026-09-09 18:00:00","2026-09-10 09:00:00","CAPE","surface",-68.155,19.7478,2959
"2026-09-09 18:00:00","2026-09-10 09:00:00","CAPE","surface",-68.1311,19.7478,2978
"2026-09-09 18:00:00","2026-09-10 09:00:00","CAPE","surface",-68.1071,19.7478,3220
"2026-09-09 18:00:00","2026-09-10 09:00:00","CAPE","surface",-68.0832,19.7478,3232
"2026-09-09 18:00:00","2026-09-10 09:00:00","CAPE","surface",-68.0593,19.7478,3576
"2026-09-09 18:00:00","2026-09-10 09:00:00","CAPE","surface",-68.0354,19.7478,3574
"2026-09-09 18:00:00","2026-09-10 09:00:00","CAPE","surface",-68.0114,19.7478,3638
"2026-09-09 18:00:00","2026-09-10 09:00:00","CAPE","surface",-67.9875,19.7478,3464
"2026-09-09 18:00:00","2026-09-10 09:00:00","CAPE","surface",-67.9636,19.7478,3434
"2026-09-09 18:00:00","2026-09-10 09:00:00","CAPE","surface",-67.9397,19.7478,3085
"2026-09-09 18:00:00","2026-09-10 09:00:00","CAPE","surface",-67.9157,19.7478,2978
"2026-09-09 18:00:00","2026-09-10 09:00:00","CAPE","surface",-67.8918,19.7478,2998
"2026-09-09 18:00:00","2026-09-10 09:00:00","CAPE","surface",-67.8679,19.7478,2998
"2026-09-09 18:00:00","2026-09-10 09:00:00","CAPE","surface",-67.844,19.7478,3080
"2026-09-09 18:00:00","2026-09-10 09:00:00","CAPE","surface",-67.82,19.7478,3077
"2026-09-09 18:00:00","2026-09-10 09:00:00","CAPE","surface",-67.7961,19.7478,3388
"2026-09-09 18:00:00","2026-09-10 09:00:00","CAPE","surface",-67.7722,19.7478,3388
"2026-09-09 18:00:00","2026-09-10 09:00:00","CAPE","surface",-67.7483,19.7478,3624
"2026-09-09 18:00:00","2026-09-10 09:00:00","CAPE","surface",-67.7243,19.7478,3685
"2026-09-09 18:00:00","2026-09-10 09:00:00","CAPE","surface",-67.7004,19.7478,3542
"2026-09-09 18:00:00","2026-09-10 09:00:00","CAPE","surface",-67.6765,19.7478,3339
"2026-09-09 18:00:00","2026-09-10 09:00:00","CAPE","surface",-67.6526,19.7478,2922
"2026-09-09 18:00:00","2026-09-10 09:00:00","CAPE","surface",-67.6286,19.7478,2441
"2026-09-09 18:00:00","2026-09-10 09:00:00","CAPE","surface",-67.6047,19.7478,2349
"2026-09-09 18:00:00","2026-09-10 09:00:00","CAPE","surface",-67.5808,19.7478,2316
"2026-09-09 18:00:00","2026-09-10 09:00:00","CAPE","surface",-67.5569,19.7478,2133
"2026-09-09 18:00:00","2026-09-10 09:00:00","CAPE","surface",-67.5329,19.7478,1494
"2026-09-09 18:00:00","2026-09-10 09:00:00","CAPE","surface",-67.509,19.7478,729
"2026-09-09 18:00:00","2026-09-10 09:00:00","CAPE","surface",-67.4851,19.7478,729
"2026-09-09 18:00:00","2026-09-10 09:00:00","CAPE","surface",-67.4612,19.7478,302
"2026-09-09 18:00:00","2026-09-10 09:00:00","CAPE","surface",-67.4372,19.7478,290
"2026-09-09 18:00:00","2026-09-10 09:00:00","CAPE","surface",-67.4133,19.7478,45
"2026-09-09 18:00:00","2026-09-10 09:00:00","CAPE","surface",-67.3894,19.7478,45
"2026-09-09 18:00:00","2026-09-10 09:00:00","CAPE","surface",-67.3655,19.7478,0
"2026-09-09 18:00:00","2026-09-10 09:00:00","CAPE","surface",-67.3415,19.7478,23
"2026-09-09 18:00:00","2026-09-10 09:00:00","CAPE","surface",-67.3176,19.7478,97
"2026-09-09 18:00:00","2026-09-10 09:00:00","CAPE","surface",-67.2937,19.7478,95
"2026-09-09 18:00:00","2026-09-10 09:00:00","CAPE","surface",-67.2698,19.7478,281
"2026-09-09 18:00:00","2026-09-10 09:00:00","CAPE","surface",-67.2458,19.7478,546
"2026-09-09 18:00:00","2026-09-10 09:00:00","CAPE","surface",-67.2219,19.7478,802
"2026-09-09 18:00:00","2026-09-10 09:00:00","CAPE","surface",-67.198,19.7478,875
"2026-09-09 18:00:00","2026-09-10 09:00:00","CAPE","surface",-67.1741,19.7478,1311
"2026-09-09 18:00:00","2026-09-10 09:00:00","CAPE","surface",-67.1501,19.7478,1570
"2026-09-09 18:00:00","2026-09-10 09:00:00","CAPE","surface",-67.1262,19.7478,2094
"2026-09-09 18:00:00","2026-09-10 09:00:00","CAPE","surface",-67.1023,19.7478,2094
"2026-09-09 18:00:00","2026-09-10 09:00:00","CAPE","surface",-67.0784,19.7478,2475
"2026-09-09 18:00:00","2026-09-10 09:00:00","CAPE","surface",-67.0544,19.7478,2579
"2026-09-09 18:00:00","2026-09-10 09:00:00","CAPE","surface",-67.0305,19.7478,2867
"2026-09-09 18:00:00","2026-09-10 09:00:00","CAPE","surface",-67.0066,19.7478,2867
"2026-09-09 18:00:00","2026-09-10 09:00:00","CAPE","surface",-74.7822,19.7703,2172
"2026-09-09 18:00:00","2026-09-10 09:00:00","CAPE","surface",-74.7583,19.7703,2311
"2026-09-09 18:00:00","2026-09-10 09:00:00","CAPE","surface",-74.7344,19.7703,2306
"2026-09-09 18:00:00","2026-09-10 09:00:00","CAPE","surface",-74.7105,19.7703,2425
"2026-09-09 18:00:00","2026-09-10 09:00:00","CAPE","surface",-74.6865,19.7703,2253
"2026-09-09 18:00:00","2026-09-10 09:00:00","CAPE","surface",-74.6626,19.7703,2378
"2026-09-09 18:00:00","2026-09-10 09:00:00","CAPE","surface",-74.6387,19.7703,2252
"2026-09-09 18:00:00","2026-09-10 09:00:00","CAPE","surface",-74.6148,19.7703,2352
"2026-09-09 18:00:00","2026-09-10 09:00:00","CAPE","surface",-74.5908,19.7703,2264
"2026-09-09 18:00:00","2026-09-10 09:00:00","CAPE","surface",-74.5669,19.7703,2350
"2026-09-09 18:00:00","2026-09-10 09:00:00","CAPE","surface",-74.543,19.7703,2256
"2026-09-09 18:00:00","2026-09-10 09:00:00","CAPE","surface",-74.5191,19.7703,2336
"2026-09-09 18:00:00","2026-09-10 09:00:00","CAPE","surface",-74.4951,19.7703,2431
"2026-09-09 18:00:00","2026-09-10 09:00:00","CAPE","surface",-74.4712,19.7703,2508
"2026-09-09 18:00:00","2026-09-10 09:00:00","CAPE","surface",-74.4473,19.7703,2589
"2026-09-09 18:00:00","2026-09-10 09:00:00","CAPE","surface",-74.4234,19.7703,2589
"2026-09-09 18:00:00","2026-09-10 09:00:00","CAPE","surface",-74.3994,19.7703,2622
"2026-09-09 18:00:00","2026-09-10 09:00:00","CAPE","surface",-74.3755,19.7703,2534
"2026-09-09 18:00:00","2026-09-10 09:00:00","CAPE","surface",-74.3516,19.7703,2628
"2026-09-09 18:00:00","2026-09-10 09:00:00","CAPE","surface",-74.3277,19.7703,2595
"2026-09-09 18:00:00","2026-09-10 09:00:00","CAPE","surface",-74.3037,19.7703,2845
"2026-09-09 18:00:00","2026-09-10 09:00:00","CAPE","surface",-74.2798,19.7703,2845
"2026-09-09 18:00:00","2026-09-10 09:00:00","CAPE","surface",-74.2559,19.7703,2874
"2026-09-09 18:00:00","2026-09-10 09:00:00","CAPE","surface",-74.232,19.7703,2746
"2026-09-09 18:00:00","2026-09-10 09:00:00","CAPE","surface",-74.208,19.7703,2567
"2026-09-09 18:00:00","2026-09-10 09:00:00","CAPE","surface",-74.1841,19.7703,2584
"2026-09-09 18:00:00","2026-09-10 09:00:00","CAPE","surface",-74.1602,19.7703,2527
"2026-09-09 18:00:00","2026-09-10 09:00:00","CAPE","surface",-74.1363,19.7703,2635
"2026-09-09 18:00:00","2026-09-10 09:00:00","CAPE","surface",-74.1123,19.7703,2729
"2026-09-09 18:00:00","2026-09-10 09:00:00","CAPE","surface",-74.0884,19.7703,2800
"2026-09-09 18:00:00","2026-09-10 09:00:00","CAPE","surface",-74.0645,19.7703,2844
"2026-09-09 18:00:00","2026-09-10 09:00:00","CAPE","surface",-74.0406,19.7703,2844
"2026-09-09 18:00:00","2026-09-10 09:00:00","CAPE","surface",-74.0166,19.7703,2863
"2026-09-09 18:00:00","2026-09-10 09:00:00","CAPE","surface",-73.9927,19.7703,2805
"2026-09-09 18:00:00","2026-09-10 09:00:00","CAPE","surface",-73.9688,19.7703,2692
"2026-09-09 18:00:00","2026-09-10 09:00:00","CAPE","surface",-73.9449,19.7703,2490
"2026-09-09 18:00:00","2026-09-10 09:00:00","CAPE","surface",-73.9209,19.7703,2366
"2026-09-09 18:00:00","2026-09-10 09:00:00","CAPE","surface",-73.897,19.7703,2366
"2026-09-09 18:00:00","2026-09-10 09:00:00","CAPE","surface",-73.8731,19.7703,2305
"2026-09-09 18:00:00","2026-09-10 09:00:00","CAPE","surface",-73.8492,19.7703,2251
"2026-09-09 18:00:00","2026-09-10 09:00:00","CAPE","surface",-73.8252,19.7703,2237
"2026-09-09 18:00:00","2026-09-10 09:00:00","CAPE","surface",-73.8013,19.7703,2210
"2026-09-09 18:00:00","2026-09-10 09:00:00","CAPE","surface",-73.7774,19.7703,2307
"2026-09-09 18:00:00","2026-09-10 09:00:00","CAPE","surface",-73.7535,19.7703,2280
"2026-09-09 18:00:00","2026-09-10 09:00:00","CAPE","surface",-73.7295,19.7703,2347
"2026-09-09 18:00:00","2026-09-10 09:00:00","CAPE","surface",-73.7056,19.7703,2305
"2026-09-09 18:00:00","2026-09-10 09:00:00","CAPE","surface",-73.6817,19.7703,2213
"2026-09-09 18:00:00","2026-09-10 09:00:00","CAPE","surface",-73.6578,19.7703,2213
"2026-09-09 18:00:00","2026-09-10 09:00:00","CAPE","surface",-73.6338,19.7703,2139
"2026-09-09 18:00:00","2026-09-10 09:00:00","CAPE","surface",-73.6099,19.7703,2161
"2026-09-09 18:00:00","2026-09-10 09:00:00","CAPE","surface",-73.586,19.7703,2108
"2026-09-09 18:00:00","2026-09-10 09:00:00","CAPE","surface",-73.5621,19.7703,1950
"2026-09-09 18:00:00","2026-09-10 09:00:00","CAPE","surface",-73.5381,19.7703,2043
"2026-09-09 18:00:00","2026-09-10 09:00:00","CAPE","surface",-73.5142,19.7703,1669
"2026-09-09 18:00:00","2026-09-10 09:00:00","CAPE","surface",-73.4903,19.7703,1821
"2026-09-09 18:00:00","2026-09-10 09:00:00","CAPE","surface",-73.4664,19.7703,1783
"2026-09-09 18:00:00","2026-09-10 09:00:00","CAPE","surface",-73.4424,19.7703,1840
"2026-09-09 18:00:00","2026-09-10 09:00:00","CAPE","surface",-73.4185,19.7703,1418
"2026-09-09 18:00:00","2026-09-10 09:00:00","CAPE","surface",-73.3946,19.7703,1418
"2026-09-09 18:00:00","2026-09-10 09:00:00","CAPE","surface",-73.3707,19.7703,690
"2026-09-09 18:00:00","2026-09-10 09:00:00","CAPE","surface",-73.3467,19.7703,683
"2026-09-09 18:00:00","2026-09-10 09:00:00","CAPE","surface",-73.3228,19.7703,846
"2026-09-09 18:00:00","2026-09-10 09:00:00","CAPE","surface",-73.2989,19.7703,921
"2026-09-09 18:00:00","2026-09-10 09:00:00","CAPE","surface",-73.275,19.7703,1333
"2026-09-09 18:00:00","2026-09-10 09:00:00","CAPE","surface",-73.251,19.7703,1348
"2026-09-09 18:00:00","2026-09-10 09:00:00","CAPE","surface",-73.2271,19.7703,1473
"2026-09-09 18:00:00","2026-09-10 09:00:00","CAPE","surface",-73.2032,19.7703,1519
"2026-09-09 18:00:00","2026-09-10 09:00:00","CAPE","surface",-73.1793,19.7703,1415
"2026-09-09 18:00:00","2026-09-10 09:00:00","CAPE","surface",-73.1553,19.7703,1415
"2026-09-09 18:00:00","2026-09-10 09:00:00","CAPE","surface",-73.1314,19.7703,1068
"2026-09-09 18:00:00","2026-09-10 09:00:00","CAPE","surface",-73.1075,19.7703,833
"2026-09-09 18:00:00","2026-09-10 09:00:00","CAPE","surface",-73.0836,19.7703,879
"2026-09-09 18:00:00","2026-09-10 09:00:00","CAPE","surface",-73.0596,19.7703,755
"2026-09-09 18:00:00","2026-09-10 09:00:00","CAPE","surface",-73.0357,19.7703,672
"2026-09-09 18:00:00","2026-09-10 09:00:00","CAPE","surface",-73.0118,19.7703,617
"2026-09-09 18:00:00","2026-09-10 09:00:00","CAPE","surface",-72.9879,19.7703,679
"2026-09-09 18:00:00","2026-09-10 09:00:00","CAPE","surface",-72.9639,19.7703,833
"2026-09-09 18:00:00","2026-09-10 09:00:00","CAPE","surface",-72.94,19.7703,840
"2026-09-09 18:00:00","2026-09-10 09:00:00","CAPE","surface",-72.9161,19.7703,840
"2026-09-09 18:00:00","2026-09-10 09:00:00","CAPE","surface",-72.8922,19.7703,662
"2026-09-09 18:00:00","2026-09-10 09:00:00","CAPE","surface",-72.8682,19.7703,666
"2026-09-09 18:00:00","2026-09-10 09:00:00","CAPE","surface",-72.8443,19.7703,516
"2026-09-09 18:00:00","2026-09-10 09:00:00","CAPE","surface",-72.8204,19.7703,472
"2026-09-09 18:00:00","2026-09-10 09:00:00","CAPE","surface",-72.7965,19.7703,467
"2026-09-09 18:00:00","2026-09-10 09:00:00","CAPE","surface",-72.7725,19.7703,494
"2026-09-09 18:00:00","2026-09-10 09:00:00","CAPE","surface",-72.7486,19.7703,513
"2026-09-09 18:00:00","2026-09-10 09:00:00","CAPE","surface",-72.7247,19.7703,542
"2026-09-09 18:00:00","2026-09-10 09:00:00","CAPE","surface",-72.7008,19.7703,611
"2026-09-09 18:00:00","2026-09-10 09:00:00","CAPE","surface",-72.6768,19.7703,628
"2026-09-09 18:00:00","2026-09-10 09:00:00","CAPE","surface",-72.6529,19.7703,651
"2026-09-09 18:00:00","2026-09-10 09:00:00","CAPE","surface",-72.629,19.7703,593
"2026-09-09 18:00:00","2026-09-10 09:00:00","CAPE","surface",-72.6051,19.7703,553
"2026-09-09 18:00:00","2026-09-10 09:00:00","CAPE","surface",-72.5811,19.7703,442
"2026-09-09 18:00:00","2026-09-10 09:00:00","CAPE","surface",-72.5572,19.7703,442
"2026-09-09 18:00:00","2026-09-10 09:00:00","CAPE","surface",-72.5333,19.7703,528
"2026-09-09 18:00:00","2026-09-10 09:00:00","CAPE","surface",-72.5094,19.7703,539
"2026-09-09 18:00:00","2026-09-10 09:00:00","CAPE","surface",-72.4854,19.7703,517
"2026-09-09 18:00:00","2026-09-10 09:00:00","CAPE","surface",-72.4615,19.7703,468
"2026-09-09 18:00:00","2026-09-10 09:00:00","CAPE","surface",-72.4376,19.7703,497
"2026-09-09 18:00:00","2026-09-10 09:00:00","CAPE","surface",-72.4137,19.7703,524
"2026-09-09 18:00:00","2026-09-10 09:00:00","CAPE","surface",-72.3897,19.7703,610
"2026-09-09 18:00:00","2026-09-10 09:00:00","CAPE","surface",-72.3658,19.7703,650
"2026-09-09 18:00:00","2026-09-10 09:00:00","CAPE","surface",-72.3419,19.7703,932
"2026-09-09 18:00:00","2026-09-10 09:00:00","CAPE","surface",-72.318,19.7703,932
"2026-09-09 18:00:00","2026-09-10 09:00:00","CAPE","surface",-72.294,19.7703,1211
"2026-09-09 18:00:00","2026-09-10 09:00:00","CAPE","surface",-72.2701,19.7703,1055
"2026-09-09 18:00:00","2026-09-10 09:00:00","CAPE","surface",-72.2462,19.7703,1237
"2026-09-09 18:00:00","2026-09-10 09:00:00","CAPE","surface",-72.2223,19.7703,1156
"2026-09-09 18:00:00","2026-09-10 09:00:00","CAPE","surface",-72.1983,19.7703,1354
"2026-09-09 18:00:00","2026-09-10 09:00:00","CAPE","surface",-72.1744,19.7703,1410
"2026-09-09 18:00:00","2026-09-10 09:00:00","CAPE","surface",-72.1505,19.7703,1362
"2026-09-09 18:00:00","2026-09-10 09:00:00","CAPE","surface",-72.1266,19.7703,1334
"2026-09-09 18:00:00","2026-09-10 09:00:00","CAPE","surface",-72.1026,19.7703,1293
"2026-09-09 18:00:00","2026-09-10 09:00:00","CAPE","surface",-72.0787,19.7703,1391
"2026-09-09 18:00:00","2026-09-10 09:00:00","CAPE","surface",-72.0548,19.7703,1335
"2026-09-09 18:00:00","2026-09-10 09:00:00","CAPE","surface",-72.0309,19.7703,1404
"2026-09-09 18:00:00","2026-09-10 09:00:00","CAPE","surface",-72.0069,19.7703,1344
"2026-09-09 18:00:00","2026-09-10 09:00:00","CAPE","surface",-71.983,19.7703,1420
"2026-09-09 18:00:00","2026-09-10 09:00:00","CAPE","surface",-71.9591,19.7703,1420
"2026-09-09 18:00:00","2026-09-10 09:00:00","CAPE","surface",-71.9352,19.7703,1423
"2026-09-09 18:00:00","2026-09-10 09:00:00","CAPE","surface",-71.9112,19.7703,1380
"2026-09-09 18:00:00","2026-09-10 09:00:00","CAPE","surface",-71.8873,19.7703,1367
"2026-09-09 18:00:00","2026-09-10 09:00:00","CAPE","surface",-71.8634,19.7703,1317
"2026-09-09 18:00:00","2026-09-10 09:00:00","CAPE","surface",-71.8395,19.7703,1335
"2026-09-09 18:00:00","2026-09-10 09:00:00","CAPE","surface",-71.8155,19.7703,1294
"2026-09-09 18:00:00","2026-09-10 09:00:00","CAPE","surface",-71.7916,19.7703,1206
"2026-09-09 18:00:00","2026-09-10 09:00:00","CAPE","surface",-71.7677,19.7703,1153
"2026-09-09 18:00:00","2026-09-10 09:00:00","CAPE","surface",-71.7438,19.7703,925
"2026-09-09 18:00:00","2026-09-10 09:00:00","CAPE","surface",-71.7198,19.7703,843
"2026-09-09 18:00:00","2026-09-10 09:00:00","CAPE","surface",-71.6959,19.7703,795
"2026-09-09 18:00:00","2026-09-10 09:00:00","CAPE","surface",-71.672,19.7703,806
"2026-09-09 18:00:00","2026-09-10 09:00:00","CAPE","surface",-71.6481,19.7703,802
"2026-09-09 18:00:00","2026-09-10 09:00:00","CAPE","surface",-71.6241,19.7703,806
"2026-09-09 18:00:00","2026-09-10 09:00:00","CAPE","surface",-71.6002,19.7703,804
"2026-09-09 18:00:00","2026-09-10 09:00:00","CAPE","surface",-71.5763,19.7703,810
"2026-09-09 18:00:00","2026-09-10 09:00:00","CAPE","surface",-71.5524,19.7703,808
"2026-09-09 18:00:00","2026-09-10 09:00:00","CAPE","surface",-71.5284,19.7703,799
"2026-09-09 18:00:00","2026-09-10 09:00:00","CAPE","surface",-71.5045,19.7703,799
"2026-09-09 18:00:00","2026-09-10 09:00:00","CAPE","surface",-71.4806,19.7703,782
"2026-09-09 18:00:00","2026-09-10 09:00:00","CAPE","surface",-71.4567,19.7703,797
"2026-09-09 18:00:00","2026-09-10 09:00:00","CAPE","surface",-71.4327,19.7703,791
"2026-09-09 18:00:00","2026-09-10 09:00:00","CAPE","surface",-71.4088,19.7703,805
"2026-09-09 18:00:00","2026-09-10 09:00:00","CAPE","surface",-71.3849,19.7703,785
"2026-09-09 18:00:00","2026-09-10 09:00:00","CAPE","surface",-71.361,19.7703,799
"2026-09-09 18:00:00","2026-09-10 09:00:00","CAPE","surface",-71.337,19.7703,805
"2026-09-09 18:00:00","2026-09-10 09:00:00","CAPE","surface",-71.3131,19.7703,798
"2026-09-09 18:00:00","2026-09-10 09:00:00","CAPE","surface",-71.2892,19.7703,813
"2026-09-09 18:00:00","2026-09-10 09:00:00","CAPE","surface",-71.2653,19.7703,782
"2026-09-09 18:00:00","2026-09-10 09:00:00","CAPE","surface",-71.2413,19.7703,802
"2026-09-09 18:00:00","2026-09-10 09:00:00","CAPE","surface",-71.2174,19.7703,800
"2026-09-09 18:00:00","2026-09-10 09:00:00","CAPE","surface",-71.1935,19.7703,831
"2026-09-09 18:00:00","2026-09-10 09:00:00","CAPE","surface",-71.1696,19.7703,771
"2026-09-09 18:00:00","2026-09-10 09:00:00","CAPE","surface",-71.1456,19.7703,793
"2026-09-09 18:00:00","2026-09-10 09:00:00","CAPE","surface",-71.1217,19.7703,717
"2026-09-09 18:00:00","2026-09-10 09:00:00","CAPE","surface",-71.0978,19.7703,728
"2026-09-09 18:00:00","2026-09-10 09:00:00","CAPE","surface",-71.0739,19.7703,716
"2026-09-09 18:00:00","2026-09-10 09:00:00","CAPE","surface",-71.0499,19.7703,716
"2026-09-09 18:00:00","2026-09-10 09:00:00","CAPE","surface",-71.026,19.7703,761
"2026-09-09 18:00:00","2026-09-10 09:00:00","CAPE","surface",-71.0021,19.7703,747
"2026-09-09 18:00:00","2026-09-10 09:00:00","CAPE","surface",-70.9782,19.7703,800
"2026-09-09 18:00:00","2026-09-10 09:00:00","CAPE","surface",-70.9542,19.7703,840
"2026-09-09 18:00:00","2026-09-10 09:00:00","CAPE","surface",-70.9303,19.7703,840
"2026-09-09 18:00:00","2026-09-10 09:00:00","CAPE","surface",-70.9064,19.7703,908
"2026-09-09 18:00:00","2026-09-10 09:00:00","CAPE","surface",-70.8825,19.7703,884
"2026-09-09 18:00:00","2026-09-10 09:00:00","CAPE","surface",-70.8585,19.7703,1009
"2026-09-09 18:00:00","2026-09-10 09:00:00","CAPE","surface",-70.8346,19.7703,1009
"2026-09-09 18:00:00","2026-09-10 09:00:00","CAPE","surface",-70.8107,19.7703,1105
"2026-09-09 18:00:00","2026-09-10 09:00:00","CAPE","surface",-70.7868,19.7703,1088
"2026-09-09 18:00:00","2026-09-10 09:00:00","CAPE","surface",-70.7628,19.7703,1170
"2026-09-09 18:00:00","2026-09-10 09:00:00","CAPE","surface",-70.7389,19.7703,1164
"2026-09-09 18:00:00","2026-09-10 09:00:00","CAPE","surface",-70.715,19.7703,1248
"2026-09-09 18:00:00","2026-09-10 09:00:00","CAPE","surface",-70.6911,19.7703,1242
"2026-09-09 18:00:00","2026-09-10 09:00:00","CAPE","surface",-70.6671,19.7703,1599
"2026-09-09 18:00:00","2026-09-10 09:00:00","CAPE","surface",-70.6432,19.7703,1456
"2026-09-09 18:00:00","2026-09-10 09:00:00","CAPE","surface",-70.6193,19.7703,1907
"2026-09-09 18:00:00","2026-09-10 09:00:00","CAPE","surface",-70.5954,19.7703,2329
"2026-09-09 18:00:00","2026-09-10 09:00:00","CAPE","surface",-70.5714,19.7703,2205
"2026-09-09 18:00:00","2026-09-10 09:00:00","CAPE","surface",-70.5475,19.7703,2424
"2026-09-09 18:00:00","2026-09-10 09:00:00","CAPE","surface",-70.5236,19.7703,2261
"2026-09-09 18:00:00","2026-09-10 09:00:00","CAPE","surface",-70.4997,19.7703,2634
"2026-09-09 18:00:00","2026-09-10 09:00:00","CAPE","surface",-70.4757,19.7703,2471
"2026-09-09 18:00:00","2026-09-10 09:00:00","CAPE","surface",-70.4518,19.7703,2818
"2026-09-09 18:00:00","2026-09-10 09:00:00","CAPE","surface",-70.4279,19.7703,2792
"2026-09-09 18:00:00","2026-09-10 09:00:00","CAPE","surface",-70.404,19.7703,2994
"2026-09-09 18:00:00","2026-09-10 09:00:00","CAPE","surface",-70.38,19.7703,2954
"2026-09-09 18:00:00","2026-09-10 09:00:00","CAPE","surface",-70.3561,19.7703,2856
"2026-09-09 18:00:00","2026-09-10 09:00:00","CAPE","surface",-70.3322,19.7703,2820
"2026-09-09 18:00:00","2026-09-10 09:00:00","CAPE","surface",-70.3083,19.7703,2696
"2026-09-09 18:00:00","2026-09-10 09:00:00","CAPE","surface",-70.2843,19.7703,2608
"2026-09-09 18:00:00","2026-09-10 09:00:00","CAPE","surface",-70.2604,19.7703,2692
"2026-09-09 18:00:00","2026-09-10 09:00:00","CAPE","surface",-70.2365,19.7703,2797
"2026-09-09 18:00:00","2026-09-10 09:00:00","CAPE","surface",-70.2126,19.7703,2942
"2026-09-09 18:00:00","2026-09-10 09:00:00","CAPE","surface",-70.1886,19.7703,2928
"2026-09-09 18:00:00","2026-09-10 09:00:00","CAPE","surface",-70.1647,19.7703,3001
"2026-09-09 18:00:00","2026-09-10 09:00:00","CAPE","surface",-70.1408,19.7703,3048
"2026-09-09 18:00:00","2026-09-10 09:00:00","CAPE","surface",-70.1169,19.7703,3085
"2026-09-09 18:00:00","2026-09-10 09:00:00","CAPE","surface",-70.0929,19.7703,3037
"2026-09-09 18:00:00","2026-09-10 09:00:00","CAPE","surface",-70.069,19.7703,3037
"2026-09-09 18:00:00","2026-09-10 09:00:00","CAPE","surface",-70.0451,19.7703,3045
"2026-09-09 18:00:00","2026-09-10 09:00:00","CAPE","surface",-70.0212,19.7703,3057
"2026-09-09 18:00:00","2026-09-10 09:00:00","CAPE","surface",-69.9972,19.7703,2854
"2026-09-09 18:00:00","2026-09-10 09:00:00","CAPE","surface",-69.9733,19.7703,2587
"2026-09-09 18:00:00","2026-09-10 09:00:00","CAPE","surface",-69.9494,19.7703,2589
"2026-09-09 18:00:00","2026-09-10 09:00:00","CAPE","surface",-69.9255,19.7703,2649
"2026-09-09 18:00:00","2026-09-10 09:00:00","CAPE","surface",-69.9015,19.7703,2676
"2026-09-09 18:00:00","2026-09-10 09:00:00","CAPE","surface",-69.8776,19.7703,2700
"2026-09-09 18:00:00","2026-09-10 09:00:00","CAPE","surface",-69.8537,19.7703,2700
"2026-09-09 18:00:00","2026-09-10 09:00:00","CAPE","surface",-69.8298,19.7703,2696
"2026-09-09 18:00:00","2026-09-10 09:00:00","CAPE","surface",-69.8058,19.7703,2699
"2026-09-09 18:00:00","2026-09-10 09:00:00","CAPE","surface",-69.7819,19.7703,2624
"2026-09-09 18:00:00","2026-09-10 09:00:00","CAPE","surface",-69.758,19.7703,2624
"2026-09-09 18:00:00","2026-09-10 09:00:00","CAPE","surface",-69.7341,19.7703,2520
"2026-09-09 18:00:00","2026-09-10 09:00:00","CAPE","surface",-69.7101,19.7703,2520
"2026-09-09 18:00:00","2026-09-10 09:00:00","CAPE","surface",-69.6862,19.7703,2525
"2026-09-09 18:00:00","2026-09-10 09:00:00","CAPE","surface",-69.6623,19.7703,2668
"2026-09-09 18:00:00","2026-09-10 09:00:00","CAPE","surface",-69.6384,19.7703,2668
"2026-09-09 18:00:00","2026-09-10 09:00:00","CAPE","surface",-69.6144,19.7703,2779
"2026-09-09 18:00:00","2026-09-10 09:00:00","CAPE","surface",-69.5905,19.7703,2681
"2026-09-09 18:00:00","2026-09-10 09:00:00","CAPE","surface",-69.5666,19.7703,2653
"2026-09-09 18:00:00","2026-09-10 09:00:00","CAPE","surface",-69.5427,19.7703,2653
"2026-09-09 18:00:00","2026-09-10 09:00:00","CAPE","surface",-69.5187,19.7703,2629
"2026-09-09 18:00:00","2026-09-10 09:00:00","CAPE","surface",-69.4948,19.7703,2629
"2026-09-09 18:00:00","2026-09-10 09:00:00","CAPE","surface",-69.4709,19.7703,2704
"2026-09-09 18:00:00","2026-09-10 09:00:00","CAPE","surface",-69.447,19.7703,2752
"2026-09-09 18:00:00","2026-09-10 09:00:00","CAPE","surface",-69.423,19.7703,2809
"2026-09-09 18:00:00","2026-09-10 09:00:00","CAPE","surface",-69.3991,19.7703,2876
"2026-09-09 18:00:00","2026-09-10 09:00:00","CAPE","surface",-69.3752,19.7703,2887
"2026-09-09 18:00:00","2026-09-10 09:00:00","CAPE","surface",-69.3513,19.7703,2925
"2026-09-09 18:00:00","2026-09-10 09:00:00","CAPE","surface",-69.3273,19.7703,2925
"2026-09-09 18:00:00","2026-09-10 09:00:00","CAPE","surface",-69.3034,19.7703,2964
"2026-09-09 18:00:00","2026-09-10 09:00:00","CAPE","surface",-69.2795,19.7703,3000
"2026-09-09 18:00:00","2026-09-10 09:00:00","CAPE","surface",-69.2556,19.7703,3040
"2026-09-09 18:00:00","2026-09-10 09:00:00","CAPE","surface",-69.2316,19.7703,3040
"2026-09-09 18:00:00","2026-09-10 09:00:00","CAPE","surface",-69.2077,19.7703,3002
"2026-09-09 18:00:00","2026-09-10 09:00:00","CAPE","surface",-69.1838,19.7703,3045
"2026-09-09 18:00:00","2026-09-10 09:00:00","CAPE","surface",-69.1599,19.7703,3138
"2026-09-09 18:00:00","2026-09-10 09:00:00","CAPE","surface",-69.1359,19.7703,3083
"2026-09-09 18:00:00","2026-09-10 09:00:00","CAPE","surface",-69.112,19.7703,3220
"2026-09-09 18:00:00","2026-09-10 09:00:00","CAPE","surface",-69.0881,19.7703,3327
"2026-09-09 18:00:00","2026-09-10 09:00:00","CAPE","surface",-69.0642,19.7703,3441
"2026-09-09 18:00:00","2026-09-10 09:00:00","CAPE","surface",-69.0402,19.7703,3350
"2026-09-09 18:00:00","2026-09-10 09:00:00","CAPE","surface",-69.0163,19.7703,3397
"2026-09-09 18:00:00","2026-09-10 09:00:00","CAPE","surface",-68.9924,19.7703,3387
"2026-09-09 18:00:00","2026-09-10 09:00:00","CAPE","surface",-68.9685,19.7703,3167
"2026-09-09 18:00:00","2026-09-10 09:00:00","CAPE","surface",-68.9445,19.7703,2954
"2026-09-09 18:00:00","2026-09-10 09:00:00","CAPE","surface",-68.9206,19.7703,2920
"2026-09-09 18:00:00","2026-09-10 09:00:00","CAPE","surface",-68.8967,19.7703,2890
"2026-09-09 18:00:00","2026-09-10 09:00:00","CAPE","surface",-68.8728,19.7703,3105
"2026-09-09 18:00:00","2026-09-10 09:00:00","CAPE","surface",-68.8488,19.7703,3152
"2026-09-09 18:00:00","2026-09-10 09:00:00","CAPE","surface",-68.8249,19.7703,3200
"2026-09-09 18:00:00","2026-09-10 09:00:00","CAPE","surface",-68.801,19.7703,3224
"2026-09-09 18:00:00","2026-09-10 09:00:00","CAPE","surface",-68.7771,19.7703,3036
"2026-09-09 18:00:00","2026-09-10 09:00:00","CAPE","surface",-68.7531,19.7703,3032
"2026-09-09 18:00:00","2026-09-10 09:00:00","CAPE","surface",-68.7292,19.7703,2757
"2026-09-09 18:00:00","2026-09-10 09:00:00","CAPE","surface",-68.7053,19.7703,2648
"2026-09-09 18:00:00","2026-09-10 09:00:00","CAPE","surface",-68.6813,19.7703,2689
"2026-09-09 18:00:00","2026-09-10 09:00:00","CAPE","surface",-68.6574,19.7703,2712
"2026-09-09 18:00:00","2026-09-10 09:00:00","CAPE","surface",-68.6335,19.7703,2712
"2026-09-09 18:00:00","2026-09-10 09:00:00","CAPE","surface",-68.6096,19.7703,2726
"2026-09-09 18:00:00","2026-09-10 09:00:00","CAPE","surface",-68.5856,19.7703,2759
"2026-09-09 18:00:00","2026-09-10 09:00:00","CAPE","surface",-68.5617,19.7703,2886
"2026-09-09 18:00:00","2026-09-10 09:00:00","CAPE","surface",-68.5378,19.7703,2905
"2026-09-09 18:00:00","2026-09-10 09:00:00","CAPE","surface",-68.5139,19.7703,2976
"2026-09-09 18:00:00","2026-09-10 09:00:00","CAPE","surface",-68.4899,19.7703,3151
"2026-09-09 18:00:00","2026-09-10 09:00:00","CAPE","surface",-68.466,19.7703,3086
"2026-09-09 18:00:00","2026-09-10 09:00:00","CAPE","surface",-68.4421,19.7703,3324
"2026-09-09 18:00:00","2026-09-10 09:00:00","CAPE","surface",-68.4182,19.7703,3324
"2026-09-09 18:00:00","2026-09-10 09:00:00","CAPE","surface",-68.3942,19.7703,3450
"2026-09-09 18:00:00","2026-09-10 09:00:00","CAPE","surface",-68.3703,19.7703,3227
"2026-09-09 18:00:00","2026-09-10 09:00:00","CAPE","surface",-68.3464,19.7703,3219
"2026-09-09 18:00:00","2026-09-10 09:00:00","CAPE","surface",-68.3225,19.7703,3219
"2026-09-09 18:00:00","2026-09-10 09:00:00","CAPE","surface",-68.2985,19.7703,3148
"2026-09-09 18:00:00","2026-09-10 09:00:00","CAPE","surface",-68.2746,19.7703,2956
"2026-09-09 18:00:00","2026-09-10 09:00:00","CAPE","surface",-68.2507,19.7703,2840
"2026-09-09 18:00:00","2026-09-10 09:00:00","CAPE","surface",-68.2268,19.7703,2835
"2026-09-09 18:00:00","2026-09-10 09:00:00","CAPE","surface",-68.2028,19.7703,2835
"2026-09-09 18:00:00","2026-09-10 09:00:00","CAPE","surface",-68.1789,19.7703,2927
"2026-09-09 18:00:00","2026-09-10 09:00:00","CAPE","surface",-68.155,19.7703,2959
"2026-09-09 18:00:00","2026-09-10 09:00:00","CAPE","surface",-68.1311,19.7703,3149
"2026-09-09 18:00:00","2026-09-10 09:00:00","CAPE","surface",-68.1071,19.7703,3201
"2026-09-09 18:00:00","2026-09-10 09:00:00","CAPE","surface",-68.0832,19.7703,3483
"2026-09-09 18:00:00","2026-09-10 09:00:00","CAPE","surface",-68.0593,19.7703,3576
"2026-09-09 18:00:00","2026-09-10 09:00:00","CAPE","surface",-68.0354,19.7703,3636
"2026-09-09 18:00:00","2026-09-10 09:00:00","CAPE","surface",-68.0114,19.7703,3506
"2026-09-09 18:00:00","2026-09-10 09:00:00","CAPE","surface",-67.9875,19.7703,3525
"2026-09-09 18:00:00","2026-09-10 09:00:00","CAPE","surface",-67.9636,19.7703,3167
"2026-09-09 18:00:00","2026-09-10 09:00:00","CAPE","surface",-67.9397,19.7703,3167
"2026-09-09 18:00:00","2026-09-10 09:00:00","CAPE","surface",-67.9157,19.7703,3035
"2026-09-09 18:00:00","2026-09-10 09:00:00","CAPE","surface",-67.8918,19.7703,3011
"2026-09-09 18:00:00","2026-09-10 09:00:00","CAPE","surface",-67.8679,19.7703,3079
"2026-09-09 18:00:00","2026-09-10 09:00:00","CAPE","surface",-67.844,19.7703,3197
"2026-09-09 18:00:00","2026-09-10 09:00:00","CAPE","surface",-67.82,19.7703,3228
"2026-09-09 18:00:00","2026-09-10 09:00:00","CAPE","surface",-67.7961,19.7703,3452
"2026-09-09 18:00:00","2026-09-10 09:00:00","CAPE","surface",-67.7722,19.7703,3538
"2026-09-09 18:00:00","2026-09-10 09:00:00","CAPE","surface",-67.7483,19.7703,3562
"2026-09-09 18:00:00","2026-09-10 09:00:00","CAPE","surface",-67.7243,19.7703,3633
"2026-09-09 18:00:00","2026-09-10 09:00:00","CAPE","surface",-67.7004,19.7703,3496
"2026-09-09 18:00:00","2026-09-10 09:00:00","CAPE","surface",-67.6765,19.7703,3339
"2026-09-09 18:00:00","2026-09-10 09:00:00","CAPE","surface",-67.6526,19.7703,3156
"2026-09-09 18:00:00","2026-09-10 09:00:00","CAPE","surface",-67.6286,19.7703,2713
"2026-09-09 18:00:00","2026-09-10 09:00:00","CAPE","surface",-67.6047,19.7703,2383
"2026-09-09 18:00:00","2026-09-10 09:00:00","CAPE","surface",-67.5808,19.7703,2294
"2026-09-09 18:00:00","2026-09-10 09:00:00","CAPE","surface",-67.5569,19.7703,2133
"2026-09-09 18:00:00","2026-09-10 09:00:00","CAPE","surface",-67.5329,19.7703,2061
"2026-09-09 18:00:00","2026-09-10 09:00:00","CAPE","surface",-67.509,19.7703,1465
"2026-09-09 18:00:00","2026-09-10 09:00:00","CAPE","surface",-67.4851,19.7703,583
"2026-09-09 18:00:00","2026-09-10 09:00:00","CAPE","surface",-67.4612,19.7703,302
"2026-09-09 18:00:00","2026-09-10 09:00:00","CAPE","surface",-67.4372,19.7703,75
"2026-09-09 18:00:00","2026-09-10 09:00:00","CAPE","surface",-67.4133,19.7703,0
"2026-09-09 18:00:00","2026-09-10 09:00:00","CAPE","surface",-67.3894,19.7703,0
"2026-09-09 18:00:00","2026-09-10 09:00:00","CAPE","surface",-67.3655,19.7703,0
"2026-09-09 18:00:00","2026-09-10 09:00:00","CAPE","surface",-67.3415,19.7703,0
"2026-09-09 18:00:00","2026-09-10 09:00:00","CAPE","surface",-67.3176,19.7703,22
"2026-09-09 18:00:00","2026-09-10 09:00:00","CAPE","surface",-67.2937,19.7703,95
"2026-09-09 18:00:00","2026-09-10 09:00:00","CAPE","surface",-67.2698,19.7703,291
"2026-09-09 18:00:00","2026-09-10 09:00:00","CAPE","surface",-67.2458,19.7703,367
"2026-09-09 18:00:00","2026-09-10 09:00:00","CAPE","surface",-67.2219,19.7703,603
"2026-09-09 18:00:00","2026-09-10 09:00:00","CAPE","surface",-67.198,19.7703,1024
"2026-09-09 18:00:00","2026-09-10 09:00:00","CAPE","surface",-67.1741,19.7703,1311
"2026-09-09 18:00:00","2026-09-10 09:00:00","CAPE","surface",-67.1501,19.7703,1638
"2026-09-09 18:00:00","2026-09-10 09:00:00","CAPE","surface",-67.1262,19.7703,1886
"2026-09-09 18:00:00","2026-09-10 09:00:00","CAPE","surface",-67.1023,19.7703,2349
"2026-09-09 18:00:00","2026-09-10 09:00:00","CAPE","surface",-67.0784,19.7703,2349
"2026-09-09 18:00:00","2026-09-10 09:00:00","CAPE","surface",-67.0544,19.7703,2700
"2026-09-09 18:00:00","2026-09-10 09:00:00","CAPE","surface",-67.0305,19.7703,2977
"2026-09-09 18:00:00","2026-09-10 09:00:00","CAPE","surface",-67.0066,19.7703,2937
"2026-09-09 18:00:00","2026-09-10 09:00:00","CAPE","surface",-74.7822,19.7928,2172
"2026-09-09 18:00:00","2026-09-10 09:00:00","CAPE","surface",-74.7583,19.7928,1997
"2026-09-09 18:00:00","2026-09-10 09:00:00","CAPE","surface",-74.7344,19.7928,2121
"2026-09-09 18:00:00","2026-09-10 09:00:00","CAPE","surface",-74.7105,19.7928,2103
"2026-09-09 18:00:00","2026-09-10 09:00:00","CAPE","surface",-74.6865,19.7928,2253
"2026-09-09 18:00:00","2026-09-10 09:00:00","CAPE","surface",-74.6626,19.7928,2151
"2026-09-09 18:00:00","2026-09-10 09:00:00","CAPE","surface",-74.6387,19.7928,2252
"2026-09-09 18:00:00","2026-09-10 09:00:00","CAPE","surface",-74.6148,19.7928,2083
"2026-09-09 18:00:00","2026-09-10 09:00:00","CAPE","surface",-74.5908,19.7928,2168
"2026-09-09 18:00:00","2026-09-10 09:00:00","CAPE","surface",-74.5669,19.7928,2184
"2026-09-09 18:00:00","2026-09-10 09:00:00","CAPE","surface",-74.543,19.7928,2256
"2026-09-09 18:00:00","2026-09-10 09:00:00","CAPE","surface",-74.5191,19.7928,2361
"2026-09-09 18:00:00","2026-09-10 09:00:00","CAPE","surface",-74.4951,19.7928,2361
"2026-09-09 18:00:00","2026-09-10 09:00:00","CAPE","surface",-74.4712,19.7928,2493
"2026-09-09 18:00:00","2026-09-10 09:00:00","CAPE","surface",-74.4473,19.7928,2558
"2026-09-09 18:00:00","2026-09-10 09:00:00","CAPE","surface",-74.4234,19.7928,2653
"2026-09-09 18:00:00","2026-09-10 09:00:00","CAPE","surface",-74.3994,19.7928,2622
"2026-09-09 18:00:00","2026-09-10 09:00:00","CAPE","surface",-74.3755,19.7928,2665
"2026-09-09 18:00:00","2026-09-10 09:00:00","CAPE","surface",-74.3516,19.7928,2665
"2026-09-09 18:00:00","2026-09-10 09:00:00","CAPE","surface",-74.3277,19.7928,2795
"2026-09-09 18:00:00","2026-09-10 09:00:00","CAPE","surface",-74.3037,19.7928,2936
"2026-09-09 18:00:00","2026-09-10 09:00:00","CAPE","surface",-74.2798,19.7928,2919
"2026-09-09 18:00:00","2026-09-10 09:00:00","CAPE","surface",-74.2559,19.7928,2607
"2026-09-09 18:00:00","2026-09-10 09:00:00","CAPE","surface",-74.232,19.7928,2607
"2026-09-09 18:00:00","2026-09-10 09:00:00","CAPE","surface",-74.208,19.7928,2452
"2026-09-09 18:00:00","2026-09-10 09:00:00","CAPE","surface",-74.1841,19.7928,2478
"2026-09-09 18:00:00","2026-09-10 09:00:00","CAPE","surface",-74.1602,19.7928,2528
"2026-09-09 18:00:00","2026-09-10 09:00:00","CAPE","surface",-74.1363,19.7928,2646
"2026-09-09 18:00:00","2026-09-10 09:00:00","CAPE","surface",-74.1123,19.7928,2674
"2026-09-09 18:00:00","2026-09-10 09:00:00","CAPE","surface",-74.0884,19.7928,2741
"2026-09-09 18:00:00","2026-09-10 09:00:00","CAPE","surface",-74.0645,19.7928,2822
"2026-09-09 18:00:00","2026-09-10 09:00:00","CAPE","surface",-74.0406,19.7928,2853
"2026-09-09 18:00:00","2026-09-10 09:00:00","CAPE","surface",-74.0166,19.7928,2859
"2026-09-09 18:00:00","2026-09-10 09:00:00","CAPE","surface",-73.9927,19.7928,2837
"2026-09-09 18:00:00","2026-09-10 09:00:00","CAPE","surface",-73.9688,19.7928,2801
"2026-09-09 18:00:00","2026-09-10 09:00:00","CAPE","surface",-73.9449,19.7928,2721
"2026-09-09 18:00:00","2026-09-10 09:00:00","CAPE","surface",-73.9209,19.7928,2557
"2026-09-09 18:00:00","2026-09-10 09:00:00","CAPE","surface",-73.897,19.7928,2409
"2026-09-09 18:00:00","2026-09-10 09:00:00","CAPE","surface",-73.8731,19.7928,2363
"2026-09-09 18:00:00","2026-09-10 09:00:00","CAPE","surface",-73.8492,19.7928,2363
"2026-09-09 18:00:00","2026-09-10 09:00:00","CAPE","surface",-73.8252,19.7928,2325
"2026-09-09 18:00:00","2026-09-10 09:00:00","CAPE","surface",-73.8013,19.7928,2323
"2026-09-09 18:00:00","2026-09-10 09:00:00","CAPE","surface",-73.7774,19.7928,2303
"2026-09-09 18:00:00","2026-09-10 09:00:00","CAPE","surface",-73.7535,19.7928,2349
"2026-09-09 18:00:00","2026-09-10 09:00:00","CAPE","surface",-73.7295,19.7928,2014
"2026-09-09 18:00:00","2026-09-10 09:00:00","CAPE","surface",-73.7056,19.7928,2134
"2026-09-09 18:00:00","2026-09-10 09:00:00","CAPE","surface",-73.6817,19.7928,1923
"2026-09-09 18:00:00","2026-09-10 09:00:00","CAPE","surface",-73.6578,19.7928,2044
"2026-09-09 18:00:00","2026-09-10 09:00:00","CAPE","surface",-73.6338,19.7928,1894
"2026-09-09 18:00:00","2026-09-10 09:00:00","CAPE","surface",-73.6099,19.7928,2019
"2026-09-09 18:00:00","2026-09-10 09:00:00","CAPE","surface",-73.586,19.7928,1742
"2026-09-09 18:00:00","2026-09-10 09:00:00","CAPE","surface",-73.5621,19.7928,1847
"2026-09-09 18:00:00","2026-09-10 09:00:00","CAPE","surface",-73.5381,19.7928,1581
"2026-09-09 18:00:00","2026-09-10 09:00:00","CAPE","surface",-73.5142,19.7928,1669
"2026-09-09 18:00:00","2026-09-10 09:00:00","CAPE","surface",-73.4903,19.7928,1588
"2026-09-09 18:00:00","2026-09-10 09:00:00","CAPE","surface",-73.4664,19.7928,1588
"2026-09-09 18:00:00","2026-09-10 09:00:00","CAPE","surface",-73.4424,19.7928,1553
"2026-09-09 18:00:00","2026-09-10 09:00:00","CAPE","surface",-73.4185,19.7928,1588
"2026-09-09 18:00:00","2026-09-10 09:00:00","CAPE","surface",-73.3946,19.7928,1006
"2026-09-09 18:00:00","2026-09-10 09:00:00","CAPE","surface",-73.3707,19.7928,690
"2026-09-09 18:00:00","2026-09-10 09:00:00","CAPE","surface",-73.3467,19.7928,618
"2026-09-09 18:00:00","2026-09-10 09:00:00","CAPE","surface",-73.3228,19.7928,722
"2026-09-09 18:00:00","2026-09-10 09:00:00","CAPE","surface",-73.2989,19.7928,1276
"2026-09-09 18:00:00","2026-09-10 09:00:00","CAPE","surface",-73.275,19.7928,1333
"2026-09-09 18:00:00","2026-09-10 09:00:00","CAPE","surface",-73.251,19.7928,1383
"2026-09-09 18:00:00","2026-09-10 09:00:00","CAPE","surface",-73.2271,19.7928,1383
"2026-09-09 18:00:00","2026-09-10 09:00:00","CAPE","surface",-73.2032,19.7928,1381
"2026-09-09 18:00:00","2026-09-10 09:00:00","CAPE","surface",-73.1793,19.7928,1445
"2026-09-09 18:00:00","2026-09-10 09:00:00","CAPE","surface",-73.1553,19.7928,1334
"2026-09-09 18:00:00","2026-09-10 09:00:00","CAPE","surface",-73.1314,19.7928,896
"2026-09-09 18:00:00","2026-09-10 09:00:00","CAPE","surface",-73.1075,19.7928,896
"2026-09-09 18:00:00","2026-09-10 09:00:00","CAPE","surface",-73.0836,19.7928,769
"2026-09-09 18:00:00","2026-09-10 09:00:00","CAPE","surface",-73.0596,19.7928,784
"2026-09-09 18:00:00","2026-09-10 09:00:00","CAPE","surface",-73.0357,19.7928,608
"2026-09-09 18:00:00","2026-09-10 09:00:00","CAPE","surface",-73.0118,19.7928,604
"2026-09-09 18:00:00","2026-09-10 09:00:00","CAPE","surface",-72.9879,19.7928,654
"2026-09-09 18:00:00","2026-09-10 09:00:00","CAPE","surface",-72.9639,19.7928,654
"2026-09-09 18:00:00","2026-09-10 09:00:00","CAPE","surface",-72.94,19.7928,638
"2026-09-09 18:00:00","2026-09-10 09:00:00","CAPE","surface",-72.9161,19.7928,657
"2026-09-09 18:00:00","2026-09-10 09:00:00","CAPE","surface",-72.8922,19.7928,562
"2026-09-09 18:00:00","2026-09-10 09:00:00","CAPE","surface",-72.8682,19.7928,551
"2026-09-09 18:00:00","2026-09-10 09:00:00","CAPE","surface",-72.8443,19.7928,490
"2026-09-09 18:00:00","2026-09-10 09:00:00","CAPE","surface",-72.8204,19.7928,482
"2026-09-09 18:00:00","2026-09-10 09:00:00","CAPE","surface",-72.7965,19.7928,484
"2026-09-09 18:00:00","2026-09-10 09:00:00","CAPE","surface",-72.7725,19.7928,494
"2026-09-09 18:00:00","2026-09-10 09:00:00","CAPE","surface",-72.7486,19.7928,489
"2026-09-09 18:00:00","2026-09-10 09:00:00","CAPE","surface",-72.7247,19.7928,489
"2026-09-09 18:00:00","2026-09-10 09:00:00","CAPE","surface",-72.7008,19.7928,588
"2026-09-09 18:00:00","2026-09-10 09:00:00","CAPE","surface",-72.6768,19.7928,628
"2026-09-09 18:00:00","2026-09-10 09:00:00","CAPE","surface",-72.6529,19.7928,611
"2026-09-09 18:00:00","2026-09-10 09:00:00","CAPE","surface",-72.629,19.7928,593
"2026-09-09 18:00:00","2026-09-10 09:00:00","CAPE","surface",-72.6051,19.7928,476
"2026-09-09 18:00:00","2026-09-10 09:00:00","CAPE","surface",-72.5811,19.7928,454
"2026-09-09 18:00:00","2026-09-10 09:00:00","CAPE","surface",-72.5572,19.7928,472
"2026-09-09 18:00:00","2026-09-10 09:00:00","CAPE","surface",-72.5333,19.7928,528
"2026-09-09 18:00:00","2026-09-10 09:00:00","CAPE","surface",-72.5094,19.7928,566
"2026-09-09 18:00:00","2026-09-10 09:00:00","CAPE","surface",-72.4854,19.7928,566
"2026-09-09 18:00:00","2026-09-10 09:00:00","CAPE","surface",-72.4615,19.7928,541
"2026-09-09 18:00:00","2026-09-10 09:00:00","CAPE","surface",-72.4376,19.7928,621
"2026-09-09 18:00:00","2026-09-10 09:00:00","CAPE","surface",-72.4137,19.7928,545
"2026-09-09 18:00:00","2026-09-10 09:00:00","CAPE","surface",-72.3897,19.7928,990
"2026-09-09 18:00:00","2026-09-10 09:00:00","CAPE","surface",-72.3658,19.7928,990
"2026-09-09 18:00:00","2026-09-10 09:00:00","CAPE","surface",-72.3419,19.7928,1357
"2026-09-09 18:00:00","2026-09-10 09:00:00","CAPE","surface",-72.318,19.7928,1272
"2026-09-09 18:00:00","2026-09-10 09:00:00","CAPE","surface",-72.294,19.7928,1464
"2026-09-09 18:00:00","2026-09-10 09:00:00","CAPE","surface",-72.2701,19.7928,1404
"2026-09-09 18:00:00","2026-09-10 09:00:00","CAPE","surface",-72.2462,19.7928,1548
"2026-09-09 18:00:00","2026-09-10 09:00:00","CAPE","surface",-72.2223,19.7928,1530
"2026-09-09 18:00:00","2026-09-10 09:00:00","CAPE","surface",-72.1983,19.7928,1453
"2026-09-09 18:00:00","2026-09-10 09:00:00","CAPE","surface",-72.1744,19.7928,1410
"2026-09-09 18:00:00","2026-09-10 09:00:00","CAPE","surface",-72.1505,19.7928,1420
"2026-09-09 18:00:00","2026-09-10 09:00:00","CAPE","surface",-72.1266,19.7928,1373
"2026-09-09 18:00:00","2026-09-10 09:00:00","CAPE","surface",-72.1026,19.7928,1443
"2026-09-09 18:00:00","2026-09-10 09:00:00","CAPE","surface",-72.0787,19.7928,1391
"2026-09-09 18:00:00","2026-09-10 09:00:00","CAPE","surface",-72.0548,19.7928,1451
"2026-09-09 18:00:00","2026-09-10 09:00:00","CAPE","surface",-72.0309,19.7928,1451
"2026-09-09 18:00:00","2026-09-10 09:00:00","CAPE","surface",-72.0069,19.7928,1491
"2026-09-09 18:00:00","2026-09-10 09:00:00","CAPE","surface",-71.983,19.7928,1461
"2026-09-09 18:00:00","2026-09-10 09:00:00","CAPE","surface",-71.9591,19.7928,1464
"2026-09-09 18:00:00","2026-09-10 09:00:00","CAPE","surface",-71.9352,19.7928,1447
"2026-09-09 18:00:00","2026-09-10 09:00:00","CAPE","surface",-71.9112,19.7928,1447
"2026-09-09 18:00:00","2026-09-10 09:00:00","CAPE","surface",-71.8873,19.7928,1421
"2026-09-09 18:00:00","2026-09-10 09:00:00","CAPE","surface",-71.8634,19.7928,1377
"2026-09-09 18:00:00","2026-09-10 09:00:00","CAPE","surface",-71.8395,19.7928,1315
"2026-09-09 18:00:00","2026-09-10 09:00:00","CAPE","surface",-71.8155,19.7928,1260
"2026-09-09 18:00:00","2026-09-10 09:00:00","CAPE","surface",-71.7916,19.7928,1262
"2026-09-09 18:00:00","2026-09-10 09:00:00","CAPE","surface",-71.7677,19.7928,1160
"2026-09-09 18:00:00","2026-09-10 09:00:00","CAPE","surface",-71.7438,19.7928,1036
"2026-09-09 18:00:00","2026-09-10 09:00:00","CAPE","surface",-71.7198,19.7928,843
"2026-09-09 18:00:00","2026-09-10 09:00:00","CAPE","surface",-71.6959,19.7928,788
"2026-09-09 18:00:00","2026-09-10 09:00:00","CAPE","surface",-71.672,19.7928,788
"2026-09-09 18:00:00","2026-09-10 09:00:00","CAPE","surface",-71.6481,19.7928,799
"2026-09-09 18:00:00","2026-09-10 09:00:00","CAPE","surface",-71.6241,19.7928,806
"2026-09-09 18:00:00","2026-09-10 09:00:00","CAPE","surface",-71.6002,19.7928,799
"2026-09-09 18:00:00","2026-09-10 09:00:00","CAPE","surface",-71.5763,19.7928,799
"2026-09-09 18:00:00","2026-09-10 09:00:00","CAPE","surface",-71.5524,19.7928,795
"2026-09-09 18:00:00","2026-09-10 09:00:00","CAPE","surface",-71.5284,19.7928,792
"2026-09-09 18:00:00","2026-09-10 09:00:00","CAPE","surface",-71.5045,19.7928,780
"2026-09-09 18:00:00","2026-09-10 09:00:00","CAPE","surface",-71.4806,19.7928,772
"2026-09-09 18:00:00","2026-09-10 09:00:00","CAPE","surface",-71.4567,19.7928,772
"2026-09-09 18:00:00","2026-09-10 09:00:00","CAPE","surface",-71.4327,19.7928,772
"2026-09-09 18:00:00","2026-09-10 09:00:00","CAPE","surface",-71.4088,19.7928,776
"2026-09-09 18:00:00","2026-09-10 09:00:00","CAPE","surface",-71.3849,19.7928,779
"2026-09-09 18:00:00","2026-09-10 09:00:00","CAPE","surface",-71.361,19.7928,793
"2026-09-09 18:00:00","2026-09-10 09:00:00","CAPE","surface",-71.337,19.7928,773
"2026-09-09 18:00:00","2026-09-10 09:00:00","CAPE","surface",-71.3131,19.7928,785
"2026-09-09 18:00:00","2026-09-10 09:00:00","CAPE","surface",-71.2892,19.7928,769
"2026-09-09 18:00:00","2026-09-10 09:00:00","CAPE","surface",-71.2653,19.7928,782
"2026-09-09 18:00:00","2026-09-10 09:00:00","CAPE","surface",-71.2413,19.7928,760
"2026-09-09 18:00:00","2026-09-10 09:00:00","CAPE","surface",-71.2174,19.7928,760
"2026-09-09 18:00:00","2026-09-10 09:00:00","CAPE","surface",-71.1935,19.7928,749
"2026-09-09 18:00:00","2026-09-10 09:00:00","CAPE","surface",-71.1696,19.7928,771
"2026-09-09 18:00:00","2026-09-10 09:00:00","CAPE","surface",-71.1456,19.7928,711
"2026-09-09 18:00:00","2026-09-10 09:00:00","CAPE","surface",-71.1217,19.7928,758
"2026-09-09 18:00:00","2026-09-10 09:00:00","CAPE","surface",-71.0978,19.7928,736
"2026-09-09 18:00:00","2026-09-10 09:00:00","CAPE","surface",-71.0739,19.7928,819
"2026-09-09 18:00:00","2026-09-10 09:00:00","CAPE","surface",-71.0499,19.7928,788
"2026-09-09 18:00:00","2026-09-10 09:00:00","CAPE","surface",-71.026,19.7928,864
"2026-09-09 18:00:00","2026-09-10 09:00:00","CAPE","surface",-71.0021,19.7928,864
"2026-09-09 18:00:00","2026-09-10 09:00:00","CAPE","surface",-70.9782,19.7928,885
"2026-09-09 18:00:00","2026-09-10 09:00:00","CAPE","surface",-70.9542,19.7928,867
"2026-09-09 18:00:00","2026-09-10 09:00:00","CAPE","surface",-70.9303,19.7928,930
"2026-09-09 18:00:00","2026-09-10 09:00:00","CAPE","surface",-70.9064,19.7928,908
"2026-09-09 18:00:00","2026-09-10 09:00:00","CAPE","surface",-70.8825,19.7928,1047
"2026-09-09 18:00:00","2026-09-10 09:00:00","CAPE","surface",-70.8585,19.7928,1031
"2026-09-09 18:00:00","2026-09-10 09:00:00","CAPE","surface",-70.8346,19.7928,1127
"2026-09-09 18:00:00","2026-09-10 09:00:00","CAPE","surface",-70.8107,19.7928,1105
"2026-09-09 18:00:00","2026-09-10 09:00:00","CAPE","surface",-70.7868,19.7928,1201
"2026-09-09 18:00:00","2026-09-10 09:00:00","CAPE","surface",-70.7628,19.7928,1279
"2026-09-09 18:00:00","2026-09-10 09:00:00","CAPE","surface",-70.7389,19.7928,1260
"2026-09-09 18:00:00","2026-09-10 09:00:00","CAPE","surface",-70.715,19.7928,1512
"2026-09-09 18:00:00","2026-09-10 09:00:00","CAPE","surface",-70.6911,19.7928,1588
"2026-09-09 18:00:00","2026-09-10 09:00:00","CAPE","surface",-70.6671,19.7928,2170
"2026-09-09 18:00:00","2026-09-10 09:00:00","CAPE","surface",-70.6432,19.7928,2115
"2026-09-09 18:00:00","2026-09-10 09:00:00","CAPE","surface",-70.6193,19.7928,2435
"2026-09-09 18:00:00","2026-09-10 09:00:00","CAPE","surface",-70.5954,19.7928,2329
"2026-09-09 18:00:00","2026-09-10 09:00:00","CAPE","surface",-70.5714,19.7928,2665
"2026-09-09 18:00:00","2026-09-10 09:00:00","CAPE","surface",-70.5475,19.7928,2551
"2026-09-09 18:00:00","2026-09-10 09:00:00","CAPE","surface",-70.5236,19.7928,2746
"2026-09-09 18:00:00","2026-09-10 09:00:00","CAPE","surface",-70.4997,19.7928,2634
"2026-09-09 18:00:00","2026-09-10 09:00:00","CAPE","surface",-70.4757,19.7928,2892
"2026-09-09 18:00:00","2026-09-10 09:00:00","CAPE","surface",-70.4518,19.7928,2892
"2026-09-09 18:00:00","2026-09-10 09:00:00","CAPE","surface",-70.4279,19.7928,3020
"2026-09-09 18:00:00","2026-09-10 09:00:00","CAPE","surface",-70.404,19.7928,2959
"2026-09-09 18:00:00","2026-09-10 09:00:00","CAPE","surface",-70.38,19.7928,2894
"2026-09-09 18:00:00","2026-09-10 09:00:00","CAPE","surface",-70.3561,19.7928,2794
"2026-09-09 18:00:00","2026-09-10 09:00:00","CAPE","surface",-70.3322,19.7928,2712
"2026-09-09 18:00:00","2026-09-10 09:00:00","CAPE","surface",-70.3083,19.7928,2564
"2026-09-09 18:00:00","2026-09-10 09:00:00","CAPE","surface",-70.2843,19.7928,2608
"2026-09-09 18:00:00","2026-09-10 09:00:00","CAPE","surface",-70.2604,19.7928,2680
"2026-09-09 18:00:00","2026-09-10 09:00:00","CAPE","surface",-70.2365,19.7928,2680
"2026-09-09 18:00:00","2026-09-10 09:00:00","CAPE","surface",-70.2126,19.7928,2843
"2026-09-09 18:00:00","2026-09-10 09:00:00","CAPE","surface",-70.1886,19.7928,2928
"2026-09-09 18:00:00","2026-09-10 09:00:00","CAPE","surface",-70.1647,19.7928,2992
"2026-09-09 18:00:00","2026-09-10 09:00:00","CAPE","surface",-70.1408,19.7928,2992
"2026-09-09 18:00:00","2026-09-10 09:00:00","CAPE","surface",-70.1169,19.7928,3054
"2026-09-09 18:00:00","2026-09-10 09:00:00","CAPE","surface",-70.0929,19.7928,3107
"2026-09-09 18:00:00","2026-09-10 09:00:00","CAPE","surface",-70.069,19.7928,3079
"2026-09-09 18:00:00","2026-09-10 09:00:00","CAPE","surface",-70.0451,19.7928,3019
"2026-09-09 18:00:00","2026-09-10 09:00:00","CAPE","surface",-70.0212,19.7928,3019
"2026-09-09 18:00:00","2026-09-10 09:00:00","CAPE","surface",-69.9972,19.7928,2620
"2026-09-09 18:00:00","2026-09-10 09:00:00","CAPE","surface",-69.9733,19.7928,2587
"2026-09-09 18:00:00","2026-09-10 09:00:00","CAPE","surface",-69.9494,19.7928,2605
"2026-09-09 18:00:00","2026-09-10 09:00:00","CAPE","surface",-69.9255,19.7928,2605
"2026-09-09 18:00:00","2026-09-10 09:00:00","CAPE","surface",-69.9015,19.7928,2677
"2026-09-09 18:00:00","2026-09-10 09:00:00","CAPE","surface",-69.8776,19.7928,2688
"2026-09-09 18:00:00","2026-09-10 09:00:00","CAPE","surface",-69.8537,19.7928,2703
"2026-09-09 18:00:00","2026-09-10 09:00:00","CAPE","surface",-69.8298,19.7928,2661
"2026-09-09 18:00:00","2026-09-10 09:00:00","CAPE","surface",-69.8058,19.7928,2661
"2026-09-09 18:00:00","2026-09-10 09:00:00","CAPE","surface",-69.7819,19.7928,2560
"2026-09-09 18:00:00","2026-09-10 09:00:00","CAPE","surface",-69.758,19.7928,2541
"2026-09-09 18:00:00","2026-09-10 09:00:00","CAPE","surface",-69.7341,19.7928,2522
"2026-09-09 18:00:00","2026-09-10 09:00:00","CAPE","surface",-69.7101,19.7928,2522
"2026-09-09 18:00:00","2026-09-10 09:00:00","CAPE","surface",-69.6862,19.7928,2649
"2026-09-09 18:00:00","2026-09-10 09:00:00","CAPE","surface",-69.6623,19.7928,2664
"2026-09-09 18:00:00","2026-09-10 09:00:00","CAPE","surface",-69.6384,19.7928,2873
"2026-09-09 18:00:00","2026-09-10 09:00:00","CAPE","surface",-69.6144,19.7928,2873
"2026-09-09 18:00:00","2026-09-10 09:00:00","CAPE","surface",-69.5905,19.7928,3075
"2026-09-09 18:00:00","2026-09-10 09:00:00","CAPE","surface",-69.5666,19.7928,2940
"2026-09-09 18:00:00","2026-09-10 09:00:00","CAPE","surface",-69.5427,19.7928,2721
"2026-09-09 18:00:00","2026-09-10 09:00:00","CAPE","surface",-69.5187,19.7928,2664
"2026-09-09 18:00:00","2026-09-10 09:00:00","CAPE","surface",-69.4948,19.7928,2664
"2026-09-09 18:00:00","2026-09-10 09:00:00","CAPE","surface",-69.4709,19.7928,2734
"2026-09-09 18:00:00","2026-09-10 09:00:00","CAPE","surface",-69.447,19.7928,2752
"2026-09-09 18:00:00","2026-09-10 09:00:00","CAPE","surface",-69.423,19.7928,2857
"2026-09-09 18:00:00","2026-09-10 09:00:00","CAPE","surface",-69.3991,19.7928,2857
"2026-09-09 18:00:00","2026-09-10 09:00:00","CAPE","surface",-69.3752,19.7928,2939
"2026-09-09 18:00:00","2026-09-10 09:00:00","CAPE","surface",-69.3513,19.7928,2933
"2026-09-09 18:00:00","2026-09-10 09:00:00","CAPE","surface",-69.3273,19.7928,2934
"2026-09-09 18:00:00","2026-09-10 09:00:00","CAPE","surface",-69.3034,19.7928,2783
"2026-09-09 18:00:00","2026-09-10 09:00:00","CAPE","surface",-69.2795,19.7928,2897
"2026-09-09 18:00:00","2026-09-10 09:00:00","CAPE","surface",-69.2556,19.7928,2817
"2026-09-09 18:00:00","2026-09-10 09:00:00","CAPE","surface",-69.2316,19.7928,2895
"2026-09-09 18:00:00","2026-09-10 09:00:00","CAPE","surface",-69.2077,19.7928,2950
"2026-09-09 18:00:00","2026-09-10 09:00:00","CAPE","surface",-69.1838,19.7928,2950
"2026-09-09 18:00:00","2026-09-10 09:00:00","CAPE","surface",-69.1599,19.7928,2970
"2026-09-09 18:00:00","2026-09-10 09:00:00","CAPE","surface",-69.1359,19.7928,3083
"2026-09-09 18:00:00","2026-09-10 09:00:00","CAPE","surface",-69.112,19.7928,3167
"2026-09-09 18:00:00","2026-09-10 09:00:00","CAPE","surface",-69.0881,19.7928,3167
"2026-09-09 18:00:00","2026-09-10 09:00:00","CAPE","surface",-69.0642,19.7928,3211
"2026-09-09 18:00:00","2026-09-10 09:00:00","CAPE","surface",-69.0402,19.7928,3264
"2026-09-09 18:00:00","2026-09-10 09:00:00","CAPE","surface",-69.0163,19.7928,3372
"2026-09-09 18:00:00","2026-09-10 09:00:00","CAPE","surface",-68.9924,19.7928,3384
"2026-09-09 18:00:00","2026-09-10 09:00:00","CAPE","surface",-68.9685,19.7928,3404
"2026-09-09 18:00:00","2026-09-10 09:00:00","CAPE","surface",-68.9445,19.7928,3111
"2026-09-09 18:00:00","2026-09-10 09:00:00","CAPE","surface",-68.9206,19.7928,2920
"2026-09-09 18:00:00","2026-09-10 09:00:00","CAPE","surface",-68.8967,19.7928,3085
"2026-09-09 18:00:00","2026-09-10 09:00:00","CAPE","surface",-68.8728,19.7928,3059
"2026-09-09 18:00:00","2026-09-10 09:00:00","CAPE","surface",-68.8488,19.7928,3204
"2026-09-09 18:00:00","2026-09-10 09:00:00","CAPE","surface",-68.8249,19.7928,3200
"2026-09-09 18:00:00","2026-09-10 09:00:00","CAPE","surface",-68.801,19.7928,3152
"2026-09-09 18:00:00","2026-09-10 09:00:00","CAPE","surface",-68.7771,19.7928,3053
"2026-09-09 18:00:00","2026-09-10 09:00:00","CAPE","surface",-68.7531,19.7928,2815
"2026-09-09 18:00:00","2026-09-10 09:00:00","CAPE","surface",-68.7292,19.7928,2659
"2026-09-09 18:00:00","2026-09-10 09:00:00","CAPE","surface",-68.7053,19.7928,2648
"2026-09-09 18:00:00","2026-09-10 09:00:00","CAPE","surface",-68.6813,19.7928,2639
"2026-09-09 18:00:00","2026-09-10 09:00:00","CAPE","surface",-68.6574,19.7928,2676
"2026-09-09 18:00:00","2026-09-10 09:00:00","CAPE","surface",-68.6335,19.7928,2675
"2026-09-09 18:00:00","2026-09-10 09:00:00","CAPE","surface",-68.6096,19.7928,2726
"2026-09-09 18:00:00","2026-09-10 09:00:00","CAPE","surface",-68.5856,19.7928,2864
"2026-09-09 18:00:00","2026-09-10 09:00:00","CAPE","surface",-68.5617,19.7928,3061
"2026-09-09 18:00:00","2026-09-10 09:00:00","CAPE","surface",-68.5378,19.7928,3001
"2026-09-09 18:00:00","2026-09-10 09:00:00","CAPE","surface",-68.5139,19.7928,3201
"2026-09-09 18:00:00","2026-09-10 09:00:00","CAPE","surface",-68.4899,19.7928,3201
"2026-09-09 18:00:00","2026-09-10 09:00:00","CAPE","surface",-68.466,19.7928,3436
"2026-09-09 18:00:00","2026-09-10 09:00:00","CAPE","surface",-68.4421,19.7928,3386
"2026-09-09 18:00:00","2026-09-10 09:00:00","CAPE","surface",-68.4182,19.7928,3572
"2026-09-09 18:00:00","2026-09-10 09:00:00","CAPE","surface",-68.3942,19.7928,3572
"2026-09-09 18:00:00","2026-09-10 09:00:00","CAPE","surface",-68.3703,19.7928,3606
"2026-09-09 18:00:00","2026-09-10 09:00:00","CAPE","surface",-68.3464,19.7928,3633
"2026-09-09 18:00:00","2026-09-10 09:00:00","CAPE","surface",-68.3225,19.7928,3432
"2026-09-09 18:00:00","2026-09-10 09:00:00","CAPE","surface",-68.2985,19.7928,3111
"2026-09-09 18:00:00","2026-09-10 09:00:00","CAPE","surface",-68.2746,19.7928,3111
"2026-09-09 18:00:00","2026-09-10 09:00:00","CAPE","surface",-68.2507,19.7928,2854
"2026-09-09 18:00:00","2026-09-10 09:00:00","CAPE","surface",-68.2268,19.7928,2835
"2026-09-09 18:00:00","2026-09-10 09:00:00","CAPE","surface",-68.2028,19.7928,2894
"2026-09-09 18:00:00","2026-09-10 09:00:00","CAPE","surface",-68.1789,19.7928,2894
"2026-09-09 18:00:00","2026-09-10 09:00:00","CAPE","surface",-68.155,19.7928,3069
"2026-09-09 18:00:00","2026-09-10 09:00:00","CAPE","surface",-68.1311,19.7928,3263
"2026-09-09 18:00:00","2026-09-10 09:00:00","CAPE","surface",-68.1071,19.7928,3369
"2026-09-09 18:00:00","2026-09-10 09:00:00","CAPE","surface",-68.0832,19.7928,3382
"2026-09-09 18:00:00","2026-09-10 09:00:00","CAPE","surface",-68.0593,19.7928,3522
"2026-09-09 18:00:00","2026-09-10 09:00:00","CAPE","surface",-68.0354,19.7928,3435
"2026-09-09 18:00:00","2026-09-10 09:00:00","CAPE","surface",-68.0114,19.7928,3506
"2026-09-09 18:00:00","2026-09-10 09:00:00","CAPE","surface",-67.9875,19.7928,3066
"2026-09-09 18:00:00","2026-09-10 09:00:00","CAPE","surface",-67.9636,19.7928,3141
"2026-09-09 18:00:00","2026-09-10 09:00:00","CAPE","surface",-67.9397,19.7928,3029
"2026-09-09 18:00:00","2026-09-10 09:00:00","CAPE","surface",-67.9157,19.7928,3056
"2026-09-09 18:00:00","2026-09-10 09:00:00","CAPE","surface",-67.8918,19.7928,3056
"2026-09-09 18:00:00","2026-09-10 09:00:00","CAPE","surface",-67.8679,19.7928,3169
"2026-09-09 18:00:00","2026-09-10 09:00:00","CAPE","surface",-67.844,19.7928,3197
"2026-09-09 18:00:00","2026-09-10 09:00:00","CAPE","surface",-67.82,19.7928,3387
"2026-09-09 18:00:00","2026-09-10 09:00:00","CAPE","surface",-67.7961,19.7928,3387
"2026-09-09 18:00:00","2026-09-10 09:00:00","CAPE","surface",-67.7722,19.7928,3495
"2026-09-09 18:00:00","2026-09-10 09:00:00","CAPE","surface",-67.7483,19.7928,3562
"2026-09-09 18:00:00","2026-09-10 09:00:00","CAPE","surface",-67.7243,19.7928,3527
"2026-09-09 18:00:00","2026-09-10 09:00:00","CAPE","surface",-67.7004,19.7928,3460
"2026-09-09 18:00:00","2026-09-10 09:00:00","CAPE","surface",-67.6765,19.7928,3372
"2026-09-09 18:00:00","2026-09-10 09:00:00","CAPE","surface",-67.6526,19.7928,3077
"2026-09-09 18:00:00","2026-09-10 09:00:00","CAPE","surface",-67.6286,19.7928,2713
"2026-09-09 18:00:00","2026-09-10 09:00:00","CAPE","surface",-67.6047,19.7928,2693
"2026-09-09 18:00:00","2026-09-10 09:00:00","CAPE","surface",-67.5808,19.7928,2419
"2026-09-09 18:00:00","2026-09-10 09:00:00","CAPE","surface",-67.5569,19.7928,2300
"2026-09-09 18:00:00","2026-09-10 09:00:00","CAPE","surface",-67.5329,19.7928,2061
"2026-09-09 18:00:00","2026-09-10 09:00:00","CAPE","surface",-67.509,19.7928,2033
"2026-09-09 18:00:00","2026-09-10 09:00:00","CAPE","surface",-67.4851,19.7928,1479
"2026-09-09 18:00:00","2026-09-10 09:00:00","CAPE","surface",-67.4612,19.7928,621
"2026-09-09 18:00:00","2026-09-10 09:00:00","CAPE","surface",-67.4372,19.7928,0
"2026-09-09 18:00:00","2026-09-10 09:00:00","CAPE","surface",-67.4133,19.7928,0
"2026-09-09 18:00:00","2026-09-10 09:00:00","CAPE","surface",-67.3894,19.7928,0
"2026-09-09 18:00:00","2026-09-10 09:00:00","CAPE","surface",-67.3655,19.7928,0
"2026-09-09 18:00:00","2026-09-10 09:00:00","CAPE","surface",-67.3415,19.7928,0
"2026-09-09 18:00:00","2026-09-10 09:00:00","CAPE","surface",-67.3176,19.7928,53
"2026-09-09 18:00:00","2026-09-10 09:00:00","CAPE","surface",-67.2937,19.7928,63
"2026-09-09 18:00:00","2026-09-10 09:00:00","CAPE","surface",-67.2698,19.7928,226
"2026-09-09 18:00:00","2026-09-10 09:00:00","CAPE","surface",-67.2458,19.7928,367
"2026-09-09 18:00:00","2026-09-10 09:00:00","CAPE","surface",-67.2219,19.7928,519
"2026-09-09 18:00:00","2026-09-10 09:00:00","CAPE","surface",-67.198,19.7928,741
"2026-09-09 18:00:00","2026-09-10 09:00:00","CAPE","surface",-67.1741,19.7928,1371
"2026-09-09 18:00:00","2026-09-10 09:00:00","CAPE","surface",-67.1501,19.7928,1638
"2026-09-09 18:00:00","2026-09-10 09:00:00","CAPE","surface",-67.1262,19.7928,2035
"2026-09-09 18:00:00","2026-09-10 09:00:00","CAPE","surface",-67.1023,19.7928,2477
"2026-09-09 18:00:00","2026-09-10 09:00:00","CAPE","surface",-67.0784,19.7928,2578
"2026-09-09 18:00:00","2026-09-10 09:00:00","CAPE","surface",-67.0544,19.7928,2907
"2026-09-09 18:00:00","2026-09-10 09:00:00","CAPE","surface",-67.0305,19.7928,2907
"2026-09-09 18:00:00","2026-09-10 09:00:00","CAPE","surface",-67.0066,19.7928,3051
"2026-09-09 18:00:00","2026-09-10 09:00:00","CAPE","surface",-74.7822,19.8153,1957
"2026-09-09 18:00:00","2026-09-10 09:00:00","CAPE","surface",-74.7583,19.8153,1963
"2026-09-09 18:00:00","2026-09-10 09:00:00","CAPE","surface",-74.7344,19.8153,1989
"2026-09-09 18:00:00","2026-09-10 09:00:00","CAPE","surface",-74.7105,19.8153,2007
"2026-09-09 18:00:00","2026-09-10 09:00:00","CAPE","surface",-74.6865,19.8153,2007
"2026-09-09 18:00:00","2026-09-10 09:00:00","CAPE","surface",-74.6626,19.8153,2002
"2026-09-09 18:00:00","2026-09-10 09:00:00","CAPE","surface",-74.6387,19.8153,2026
"2026-09-09 18:00:00","2026-09-10 09:00:00","CAPE","surface",-74.6148,19.8153,2036
"2026-09-09 18:00:00","2026-09-10 09:00:00","CAPE","surface",-74.5908,19.8153,2111
"2026-09-09 18:00:00","2026-09-10 09:00:00","CAPE","surface",-74.5669,19.8153,2100
"2026-09-09 18:00:00","2026-09-10 09:00:00","CAPE","surface",-74.543,19.8153,2199
"2026-09-09 18:00:00","2026-09-10 09:00:00","CAPE","surface",-74.5191,19.8153,2328
"2026-09-09 18:00:00","2026-09-10 09:00:00","CAPE","surface",-74.4951,19.8153,2413
"2026-09-09 18:00:00","2026-09-10 09:00:00","CAPE","surface",-74.4712,19.8153,2567
"2026-09-09 18:00:00","2026-09-10 09:00:00","CAPE","surface",-74.4473,19.8153,2626
"2026-09-09 18:00:00","2026-09-10 09:00:00","CAPE","surface",-74.4234,19.8153,2678
"2026-09-09 18:00:00","2026-09-10 09:00:00","CAPE","surface",-74.3994,19.8153,2706
"2026-09-09 18:00:00","2026-09-10 09:00:00","CAPE","surface",-74.3755,19.8153,2803
"2026-09-09 18:00:00","2026-09-10 09:00:00","CAPE","surface",-74.3516,19.8153,2799
"2026-09-09 18:00:00","2026-09-10 09:00:00","CAPE","surface",-74.3277,19.8153,2926
"2026-09-09 18:00:00","2026-09-10 09:00:00","CAPE","surface",-74.3037,19.8153,2926
"2026-09-09 18:00:00","2026-09-10 09:00:00","CAPE","surface",-74.2798,19.8153,2797
"2026-09-09 18:00:00","2026-09-10 09:00:00","CAPE","surface",-74.2559,19.8153,2717
"2026-09-09 18:00:00","2026-09-10 09:00:00","CAPE","surface",-74.232,19.8153,2438
"2026-09-09 18:00:00","2026-09-10 09:00:00","CAPE","surface",-74.208,19.8153,2452
"2026-09-09 18:00:00","2026-09-10 09:00:00","CAPE","surface",-74.1841,19.8153,2422
"2026-09-09 18:00:00","2026-09-10 09:00:00","CAPE","surface",-74.1602,19.8153,2469
"2026-09-09 18:00:00","2026-09-10 09:00:00","CAPE","surface",-74.1363,19.8153,2606
"2026-09-09 18:00:00","2026-09-10 09:00:00","CAPE","surface",-74.1123,19.8153,2674
"2026-09-09 18:00:00","2026-09-10 09:00:00","CAPE","surface",-74.0884,19.8153,2753
"2026-09-09 18:00:00","2026-09-10 09:00:00","CAPE","surface",-74.0645,19.8153,2822
"2026-09-09 18:00:00","2026-09-10 09:00:00","CAPE","surface",-74.0406,19.8153,2821
"2026-09-09 18:00:00","2026-09-10 09:00:00","CAPE","surface",-74.0166,19.8153,2850
"2026-09-09 18:00:00","2026-09-10 09:00:00","CAPE","surface",-73.9927,19.8153,2796
"2026-09-09 18:00:00","2026-09-10 09:00:00","CAPE","surface",-73.9688,19.8153,2801
"2026-09-09 18:00:00","2026-09-10 09:00:00","CAPE","surface",-73.9449,19.8153,2689
"2026-09-09 18:00:00","2026-09-10 09:00:00","CAPE","surface",-73.9209,19.8153,2689
"2026-09-09 18:00:00","2026-09-10 09:00:00","CAPE","surface",-73.897,19.8153,2523
"2026-09-09 18:00:00","2026-09-10 09:00:00","CAPE","surface",-73.8731,19.8153,2467
"2026-09-09 18:00:00","2026-09-10 09:00:00","CAPE","surface",-73.8492,19.8153,2324
"2026-09-09 18:00:00","2026-09-10 09:00:00","CAPE","surface",-73.8252,19.8153,2325
"2026-09-09 18:00:00","2026-09-10 09:00:00","CAPE","surface",-73.8013,19.8153,2252
"2026-09-09 18:00:00","2026-09-10 09:00:00","CAPE","surface",-73.7774,19.8153,2252
"2026-09-09 18:00:00","2026-09-10 09:00:00","CAPE","surface",-73.7535,19.8153,1954
"2026-09-09 18:00:00","2026-09-10 09:00:00","CAPE","surface",-73.7295,19.8153,2014
"2026-09-09 18:00:00","2026-09-10 09:00:00","CAPE","surface",-73.7056,19.8153,1828
"2026-09-09 18:00:00","2026-09-10 09:00:00","CAPE","surface",-73.6817,19.8153,1923
"2026-09-09 18:00:00","2026-09-10 09:00:00","CAPE","surface",-73.6578,19.8153,1680
"2026-09-09 18:00:00","2026-09-10 09:00:00","CAPE","surface",-73.6338,19.8153,1766
"2026-09-09 18:00:00","2026-09-10 09:00:00","CAPE","surface",-73.6099,19.8153,1662
"2026-09-09 18:00:00","2026-09-10 09:00:00","CAPE","surface",-73.586,19.8153,1742
"2026-09-09 18:00:00","2026-09-10 09:00:00","CAPE","surface",-73.5621,19.8153,1545
"2026-09-09 18:00:00","2026-09-10 09:00:00","CAPE","surface",-73.5381,19.8153,1429
"2026-09-09 18:00:00","2026-09-10 09:00:00","CAPE","surface",-73.5142,19.8153,1424
"2026-09-09 18:00:00","2026-09-10 09:00:00","CAPE","surface",-73.4903,19.8153,1358
"2026-09-09 18:00:00","2026-09-10 09:00:00","CAPE","surface",-73.4664,19.8153,1443
"2026-09-09 18:00:00","2026-09-10 09:00:00","CAPE","surface",-73.4424,19.8153,1185
"2026-09-09 18:00:00","2026-09-10 09:00:00","CAPE","surface",-73.4185,19.8153,1185
"2026-09-09 18:00:00","2026-09-10 09:00:00","CAPE","surface",-73.3946,19.8153,955
"2026-09-09 18:00:00","2026-09-10 09:00:00","CAPE","surface",-73.3707,19.8153,841
"2026-09-09 18:00:00","2026-09-10 09:00:00","CAPE","surface",-73.3467,19.8153,797
"2026-09-09 18:00:00","2026-09-10 09:00:00","CAPE","surface",-73.3228,19.8153,1010
"2026-09-09 18:00:00","2026-09-10 09:00:00","CAPE","surface",-73.2989,19.8153,1055
"2026-09-09 18:00:00","2026-09-10 09:00:00","CAPE","surface",-73.275,19.8153,1271
"2026-09-09 18:00:00","2026-09-10 09:00:00","CAPE","surface",-73.251,19.8153,1225
"2026-09-09 18:00:00","2026-09-10 09:00:00","CAPE","surface",-73.2271,19.8153,1333
"2026-09-09 18:00:00","2026-09-10 09:00:00","CAPE","surface",-73.2032,19.8153,1244
"2026-09-09 18:00:00","2026-09-10 09:00:00","CAPE","surface",-73.1793,19.8153,1316
"2026-09-09 18:00:00","2026-09-10 09:00:00","CAPE","surface",-73.1553,19.8153,870
"2026-09-09 18:00:00","2026-09-10 09:00:00","CAPE","surface",-73.1314,19.8153,964
"2026-09-09 18:00:00","2026-09-10 09:00:00","CAPE","surface",-73.1075,19.8153,699
"2026-09-09 18:00:00","2026-09-10 09:00:00","CAPE","surface",-73.0836,19.8153,769
"2026-09-09 18:00:00","2026-09-10 09:00:00","CAPE","surface",-73.0596,19.8153,660
"2026-09-09 18:00:00","2026-09-10 09:00:00","CAPE","surface",-73.0357,19.8153,660
"2026-09-09 18:00:00","2026-09-10 09:00:00","CAPE","surface",-73.0118,19.8153,535
"2026-09-09 18:00:00","2026-09-10 09:00:00","CAPE","surface",-72.9879,19.8153,560
"2026-09-09 18:00:00","2026-09-10 09:00:00","CAPE","surface",-72.9639,19.8153,602
"2026-09-09 18:00:00","2026-09-10 09:00:00","CAPE","surface",-72.94,19.8153,638
"2026-09-09 18:00:00","2026-09-10 09:00:00","CAPE","surface",-72.9161,19.8153,521
"2026-09-09 18:00:00","2026-09-10 09:00:00","CAPE","surface",-72.8922,19.8153,554
"2026-09-09 18:00:00","2026-09-10 09:00:00","CAPE","surface",-72.8682,19.8153,495
"2026-09-09 18:00:00","2026-09-10 09:00:00","CAPE","surface",-72.8443,19.8153,490
"2026-09-09 18:00:00","2026-09-10 09:00:00","CAPE","surface",-72.8204,19.8153,483
"2026-09-09 18:00:00","2026-09-10 09:00:00","CAPE","surface",-72.7965,19.8153,483
"2026-09-09 18:00:00","2026-09-10 09:00:00","CAPE","surface",-72.7725,19.8153,503
"2026-09-09 18:00:00","2026-09-10 09:00:00","CAPE","surface",-72.7486,19.8153,515
"2026-09-09 18:00:00","2026-09-10 09:00:00","CAPE","surface",-72.7247,19.8153,542
"2026-09-09 18:00:00","2026-09-10 09:00:00","CAPE","surface",-72.7008,19.8153,562
"2026-09-09 18:00:00","2026-09-10 09:00:00","CAPE","surface",-72.6768,19.8153,562
"2026-09-09 18:00:00","2026-09-10 09:00:00","CAPE","surface",-72.6529,19.8153,478
"2026-09-09 18:00:00","2026-09-10 09:00:00","CAPE","surface",-72.629,19.8153,484
"2026-09-09 18:00:00","2026-09-10 09:00:00","CAPE","surface",-72.6051,19.8153,477
"2026-09-09 18:00:00","2026-09-10 09:00:00","CAPE","surface",-72.5811,19.8153,458
"2026-09-09 18:00:00","2026-09-10 09:00:00","CAPE","surface",-72.5572,19.8153,505
"2026-09-09 18:00:00","2026-09-10 09:00:00","CAPE","surface",-72.5333,19.8153,511
"2026-09-09 18:00:00","2026-09-10 09:00:00","CAPE","surface",-72.5094,19.8153,604
"2026-09-09 18:00:00","2026-09-10 09:00:00","CAPE","surface",-72.4854,19.8153,584
"2026-09-09 18:00:00","2026-09-10 09:00:00","CAPE","surface",-72.4615,19.8153,710
"2026-09-09 18:00:00","2026-09-10 09:00:00","CAPE","surface",-72.4376,19.8153,710
"2026-09-09 18:00:00","2026-09-10 09:00:00","CAPE","surface",-72.4137,19.8153,1004
"2026-09-09 18:00:00","2026-09-10 09:00:00","CAPE","surface",-72.3897,19.8153,1001
"2026-09-09 18:00:00","2026-09-10 09:00:00","CAPE","surface",-72.3658,19.8153,1428
"2026-09-09 18:00:00","2026-09-10 09:00:00","CAPE","surface",-72.3419,19.8153,1357
"2026-09-09 18:00:00","2026-09-10 09:00:00","CAPE","surface",-72.318,19.8153,1548
"2026-09-09 18:00:00","2026-09-10 09:00:00","CAPE","surface",-72.294,19.8153,1500
"2026-09-09 18:00:00","2026-09-10 09:00:00","CAPE","surface",-72.2701,19.8153,1546
"2026-09-09 18:00:00","2026-09-10 09:00:00","CAPE","surface",-72.2462,19.8153,1548
"2026-09-09 18:00:00","2026-09-10 09:00:00","CAPE","surface",-72.2223,19.8153,1485
"2026-09-09 18:00:00","2026-09-10 09:00:00","CAPE","surface",-72.1983,19.8153,1485
"2026-09-09 18:00:00","2026-09-10 09:00:00","CAPE","surface",-72.1744,19.8153,1474
"2026-09-09 18:00:00","2026-09-10 09:00:00","CAPE","surface",-72.1505,19.8153,1523
"2026-09-09 18:00:00","2026-09-10 09:00:00","CAPE","surface",-72.1266,19.8153,1488
"2026-09-09 18:00:00","2026-09-10 09:00:00","CAPE","surface",-72.1026,19.8153,1521
"2026-09-09 18:00:00","2026-09-10 09:00:00","CAPE","surface",-72.0787,19.8153,1521
"2026-09-09 18:00:00","2026-09-10 09:00:00","CAPE","surface",-72.0548,19.8153,1533
"2026-09-09 18:00:00","2026-09-10 09:00:00","CAPE","surface",-72.0309,19.8153,1512
"2026-09-09 18:00:00","2026-09-10 09:00:00","CAPE","surface",-72.0069,19.8153,1523
"2026-09-09 18:00:00","2026-09-10 09:00:00","CAPE","surface",-71.983,19.8153,1523
"2026-09-09 18:00:00","2026-09-10 09:00:00","CAPE","surface",-71.9591,19.8153,1534
"2026-09-09 18:00:00","2026-09-10 09:00:00","CAPE","surface",-71.9352,19.8153,1493
"2026-09-09 18:00:00","2026-09-10 09:00:00","CAPE","surface",-71.9112,19.8153,1474
"2026-09-09 18:00:00","2026-09-10 09:00:00","CAPE","surface",-71.8873,19.8153,1421
"2026-09-09 18:00:00","2026-09-10 09:00:00","CAPE","surface",-71.8634,19.8153,1425
"2026-09-09 18:00:00","2026-09-10 09:00:00","CAPE","surface",-71.8395,19.8153,1373
"2026-09-09 18:00:00","2026-09-10 09:00:00","CAPE","surface",-71.8155,19.8153,1339
"2026-09-09 18:00:00","2026-09-10 09:00:00","CAPE","surface",-71.7916,19.8153,1262
"2026-09-09 18:00:00","2026-09-10 09:00:00","CAPE","surface",-71.7677,19.8153,1214
"2026-09-09 18:00:00","2026-09-10 09:00:00","CAPE","surface",-71.7438,19.8153,1214
"2026-09-09 18:00:00","2026-09-10 09:00:00","CAPE","surface",-71.7198,19.8153,1152
"2026-09-09 18:00:00","2026-09-10 09:00:00","CAPE","surface",-71.6959,19.8153,960
"2026-09-09 18:00:00","2026-09-10 09:00:00","CAPE","surface",-71.672,19.8153,800
"2026-09-09 18:00:00","2026-09-10 09:00:00","CAPE","surface",-71.6481,19.8153,804
"2026-09-09 18:00:00","2026-09-10 09:00:00","CAPE","surface",-71.6241,19.8153,804
"2026-09-09 18:00:00","2026-09-10 09:00:00","CAPE","surface",-71.6002,19.8153,824
"2026-09-09 18:00:00","2026-09-10 09:00:00","CAPE","surface",-71.5763,19.8153,805
"2026-09-09 18:00:00","2026-09-10 09:00:00","CAPE","surface",-71.5524,19.8153,805
"2026-09-09 18:00:00","2026-09-10 09:00:00","CAPE","surface",-71.5284,19.8153,788
"2026-09-09 18:00:00","2026-09-10 09:00:00","CAPE","surface",-71.5045,19.8153,804
"2026-09-09 18:00:00","2026-09-10 09:00:00","CAPE","surface",-71.4806,19.8153,782
"2026-09-09 18:00:00","2026-09-10 09:00:00","CAPE","surface",-71.4567,19.8153,777
"2026-09-09 18:00:00","2026-09-10 09:00:00","CAPE","surface",-71.4327,19.8153,772
"2026-09-09 18:00:00","2026-09-10 09:00:00","CAPE","surface",-71.4088,19.8153,781
"2026-09-09 18:00:00","2026-09-10 09:00:00","CAPE","surface",-71.3849,19.8153,771
"2026-09-09 18:00:00","2026-09-10 09:00:00","CAPE","surface",-71.361,19.8153,772
"2026-09-09 18:00:00","2026-09-10 09:00:00","CAPE","surface",-71.337,19.8153,773
"2026-09-09 18:00:00","2026-09-10 09:00:00","CAPE","surface",-71.3131,19.8153,763
"2026-09-09 18:00:00","2026-09-10 09:00:00","CAPE","surface",-71.2892,19.8153,881
"2026-09-09 18:00:00","2026-09-10 09:00:00","CAPE","surface",-71.2653,19.8153,735
"2026-09-09 18:00:00","2026-09-10 09:00:00","CAPE","surface",-71.2413,19.8153,914
"2026-09-09 18:00:00","2026-09-10 09:00:00","CAPE","surface",-71.2174,19.8153,724
"2026-09-09 18:00:00","2026-09-10 09:00:00","CAPE","surface",-71.1935,19.8153,739
"2026-09-09 18:00:00","2026-09-10 09:00:00","CAPE","surface",-71.1696,19.8153,739
"2026-09-09 18:00:00","2026-09-10 09:00:00","CAPE","surface",-71.1456,19.8153,785
"2026-09-09 18:00:00","2026-09-10 09:00:00","CAPE","surface",-71.1217,19.8153,758
"2026-09-09 18:00:00","2026-09-10 09:00:00","CAPE","surface",-71.0978,19.8153,844
"2026-09-09 18:00:00","2026-09-10 09:00:00","CAPE","surface",-71.0739,19.8153,844
"2026-09-09 18:00:00","2026-09-10 09:00:00","CAPE","surface",-71.0499,19.8153,894
"2026-09-09 18:00:00","2026-09-10 09:00:00","CAPE","surface",-71.026,19.8153,880
"2026-09-09 18:00:00","2026-09-10 09:00:00","CAPE","surface",-71.0021,19.8153,906
"2026-09-09 18:00:00","2026-09-10 09:00:00","CAPE","surface",-70.9782,19.8153,885
"2026-09-09 18:00:00","2026-09-10 09:00:00","CAPE","surface",-70.9542,19.8153,949
"2026-09-09 18:00:00","2026-09-10 09:00:00","CAPE","surface",-70.9303,19.8153,944
"2026-09-09 18:00:00","2026-09-10 09:00:00","CAPE","surface",-70.9064,19.8153,1054
"2026-09-09 18:00:00","2026-09-10 09:00:00","CAPE","surface",-70.8825,19.8153,1155
"2026-09-09 18:00:00","2026-09-10 09:00:00","CAPE","surface",-70.8585,19.8153,1146
"2026-09-09 18:00:00","2026-09-10 09:00:00","CAPE","surface",-70.8346,19.8153,1234
"2026-09-09 18:00:00","2026-09-10 09:00:00","CAPE","surface",-70.8107,19.8153,1216
"2026-09-09 18:00:00","2026-09-10 09:00:00","CAPE","surface",-70.7868,19.8153,1326
"2026-09-09 18:00:00","2026-09-10 09:00:00","CAPE","surface",-70.7628,19.8153,1279
"2026-09-09 18:00:00","2026-09-10 09:00:00","CAPE","surface",-70.7389,19.8153,1527
"2026-09-09 18:00:00","2026-09-10 09:00:00","CAPE","surface",-70.715,19.8153,1504
"2026-09-09 18:00:00","2026-09-10 09:00:00","CAPE","surface",-70.6911,19.8153,2187
"2026-09-09 18:00:00","2026-09-10 09:00:00","CAPE","surface",-70.6671,19.8153,2170
"2026-09-09 18:00:00","2026-09-10 09:00:00","CAPE","surface",-70.6432,19.8153,2512
"2026-09-09 18:00:00","2026-09-10 09:00:00","CAPE","surface",-70.6193,19.8153,2512
"2026-09-09 18:00:00","2026-09-10 09:00:00","CAPE","surface",-70.5954,19.8153,2751
"2026-09-09 18:00:00","2026-09-10 09:00:00","CAPE","surface",-70.5714,19.8153,2849
"2026-09-09 18:00:00","2026-09-10 09:00:00","CAPE","surface",-70.5475,19.8153,2819
"2026-09-09 18:00:00","2026-09-10 09:00:00","CAPE","surface",-70.5236,19.8153,2951
"2026-09-09 18:00:00","2026-09-10 09:00:00","CAPE","surface",-70.4997,19.8153,2965
"2026-09-09 18:00:00","2026-09-10 09:00:00","CAPE","surface",-70.4757,19.8153,3059
"2026-09-09 18:00:00","2026-09-10 09:00:00","CAPE","surface",-70.4518,19.8153,3045
"2026-09-09 18:00:00","2026-09-10 09:00:00","CAPE","surface",-70.4279,19.8153,3005
"2026-09-09 18:00:00","2026-09-10 09:00:00","CAPE","surface",-70.404,19.8153,3005
"2026-09-09 18:00:00","2026-09-10 09:00:00","CAPE","surface",-70.38,19.8153,2898
"2026-09-09 18:00:00","2026-09-10 09:00:00","CAPE","surface",-70.3561,19.8153,2794
"2026-09-09 18:00:00","2026-09-10 09:00:00","CAPE","surface",-70.3322,19.8153,2572
"2026-09-09 18:00:00","2026-09-10 09:00:00","CAPE","surface",-70.3083,19.8153,2572
"2026-09-09 18:00:00","2026-09-10 09:00:00","CAPE","surface",-70.2843,19.8153,2572
"2026-09-09 18:00:00","2026-09-10 09:00:00","CAPE","surface",-70.2604,19.8153,2694
"2026-09-09 18:00:00","2026-09-10 09:00:00","CAPE","surface",-70.2365,19.8153,2757
"2026-09-09 18:00:00","2026-09-10 09:00:00","CAPE","surface",-70.2126,19.8153,2909
"2026-09-09 18:00:00","2026-09-10 09:00:00","CAPE","surface",-70.1886,19.8153,2909
"2026-09-09 18:00:00","2026-09-10 09:00:00","CAPE","surface",-70.1647,19.8153,2972
"2026-09-09 18:00:00","2026-09-10 09:00:00","CAPE","surface",-70.1408,19.8153,3012
"2026-09-09 18:00:00","2026-09-10 09:00:00","CAPE","surface",-70.1169,19.8153,3091
"2026-09-09 18:00:00","2026-09-10 09:00:00","CAPE","surface",-70.0929,19.8153,3091
"2026-09-09 18:00:00","2026-09-10 09:00:00","CAPE","surface",-70.069,19.8153,3104
"2026-09-09 18:00:00","2026-09-10 09:00:00","CAPE","surface",-70.0451,19.8153,3077
"2026-09-09 18:00:00","2026-09-10 09:00:00","CAPE","surface",-70.0212,19.8153,2742
"2026-09-09 18:00:00","2026-09-10 09:00:00","CAPE","surface",-69.9972,19.8153,2620
"2026-09-09 18:00:00","2026-09-10 09:00:00","CAPE","surface",-69.9733,19.8153,2532
"2026-09-09 18:00:00","2026-09-10 09:00:00","CAPE","surface",-69.9494,19.8153,2616
"2026-09-09 18:00:00","2026-09-10 09:00:00","CAPE","surface",-69.9255,19.8153,2641
"2026-09-09 18:00:00","2026-09-10 09:00:00","CAPE","surface",-69.9015,19.8153,2717
"2026-09-09 18:00:00","2026-09-10 09:00:00","CAPE","surface",-69.8776,19.8153,2717
"2026-09-09 18:00:00","2026-09-10 09:00:00","CAPE","surface",-69.8537,19.8153,2714
"2026-09-09 18:00:00","2026-09-10 09:00:00","CAPE","surface",-69.8298,19.8153,2687
"2026-09-09 18:00:00","2026-09-10 09:00:00","CAPE","surface",-69.8058,19.8153,2659
"2026-09-09 18:00:00","2026-09-10 09:00:00","CAPE","surface",-69.7819,19.8153,2659
"2026-09-09 18:00:00","2026-09-10 09:00:00","CAPE","surface",-69.758,19.8153,2570
"2026-09-09 18:00:00","2026-09-10 09:00:00","CAPE","surface",-69.7341,19.8153,2531
"2026-09-09 18:00:00","2026-09-10 09:00:00","CAPE","surface",-69.7101,19.8153,2632
"2026-09-09 18:00:00","2026-09-10 09:00:00","CAPE","surface",-69.6862,19.8153,2828
"2026-09-09 18:00:00","2026-09-10 09:00:00","CAPE","surface",-69.6623,19.8153,2828
"2026-09-09 18:00:00","2026-09-10 09:00:00","CAPE","surface",-69.6384,19.8153,3071
"2026-09-09 18:00:00","2026-09-10 09:00:00","CAPE","surface",-69.6144,19.8153,3144
"2026-09-09 18:00:00","2026-09-10 09:00:00","CAPE","surface",-69.5905,19.8153,3199
"2026-09-09 18:00:00","2026-09-10 09:00:00","CAPE","surface",-69.5666,19.8153,3199
"2026-09-09 18:00:00","2026-09-10 09:00:00","CAPE","surface",-69.5427,19.8153,2980
"2026-09-09 18:00:00","2026-09-10 09:00:00","CAPE","surface",-69.5187,19.8153,2764
"2026-09-09 18:00:00","2026-09-10 09:00:00","CAPE","surface",-69.4948,19.8153,2790
"2026-09-09 18:00:00","2026-09-10 09:00:00","CAPE","surface",-69.4709,19.8153,2790
"2026-09-09 18:00:00","2026-09-10 09:00:00","CAPE","surface",-69.447,19.8153,2873
"2026-09-09 18:00:00","2026-09-10 09:00:00","CAPE","surface",-69.423,19.8153,2848
"2026-09-09 18:00:00","2026-09-10 09:00:00","CAPE","surface",-69.3991,19.8153,2936
"2026-09-09 18:00:00","2026-09-10 09:00:00","CAPE","surface",-69.3752,19.8153,2896
"2026-09-09 18:00:00","2026-09-10 09:00:00","CAPE","surface",-69.3513,19.8153,2896
"2026-09-09 18:00:00","2026-09-10 09:00:00","CAPE","surface",-69.3273,19.8153,2733
"2026-09-09 18:00:00","2026-09-10 09:00:00","CAPE","surface",-69.3034,19.8153,2783
"2026-09-09 18:00:00","2026-09-10 09:00:00","CAPE","surface",-69.2795,19.8153,2761
"2026-09-09 18:00:00","2026-09-10 09:00:00","CAPE","surface",-69.2556,19.8153,2761
"2026-09-09 18:00:00","2026-09-10 09:00:00","CAPE","surface",-69.2316,19.8153,2809
"2026-09-09 18:00:00","2026-09-10 09:00:00","CAPE","surface",-69.2077,19.8153,2870
"2026-09-09 18:00:00","2026-09-10 09:00:00","CAPE","surface",-69.1838,19.8153,2896
"2026-09-09 18:00:00","2026-09-10 09:00:00","CAPE","surface",-69.1599,19.8153,2874
"2026-09-09 18:00:00","2026-09-10 09:00:00","CAPE","surface",-69.1359,19.8153,2926
"2026-09-09 18:00:00","2026-09-10 09:00:00","CAPE","surface",-69.112,19.8153,2972
"2026-09-09 18:00:00","2026-09-10 09:00:00","CAPE","surface",-69.0881,19.8153,3071
"2026-09-09 18:00:00","2026-09-10 09:00:00","CAPE","surface",-69.0642,19.8153,3104
"2026-09-09 18:00:00","2026-09-10 09:00:00","CAPE","surface",-69.0402,19.8153,3104
"2026-09-09 18:00:00","2026-09-10 09:00:00","CAPE","surface",-69.0163,19.8153,3229
"2026-09-09 18:00:00","2026-09-10 09:00:00","CAPE","surface",-68.9924,19.8153,3384
"2026-09-09 18:00:00","2026-09-10 09:00:00","CAPE","surface",-68.9685,19.8153,3331
"2026-09-09 18:00:00","2026-09-10 09:00:00","CAPE","surface",-68.9445,19.8153,3331
"2026-09-09 18:00:00","2026-09-10 09:00:00","CAPE","surface",-68.9206,19.8153,3182
"2026-09-09 18:00:00","2026-09-10 09:00:00","CAPE","surface",-68.8967,19.8153,3236
"2026-09-09 18:00:00","2026-09-10 09:00:00","CAPE","surface",-68.8728,19.8153,3218
"2026-09-09 18:00:00","2026-09-10 09:00:00","CAPE","surface",-68.8488,19.8153,3268
"2026-09-09 18:00:00","2026-09-10 09:00:00","CAPE","surface",-68.8249,19.8153,3273
"2026-09-09 18:00:00","2026-09-10 09:00:00","CAPE","surface",-68.801,19.8153,3224
"2026-09-09 18:00:00","2026-09-10 09:00:00","CAPE","surface",-68.7771,19.8153,3053
"2026-09-09 18:00:00","2026-09-10 09:00:00","CAPE","surface",-68.7531,19.8153,2945
"2026-09-09 18:00:00","2026-09-10 09:00:00","CAPE","surface",-68.7292,19.8153,2738
"2026-09-09 18:00:00","2026-09-10 09:00:00","CAPE","surface",-68.7053,19.8153,2658
"2026-09-09 18:00:00","2026-09-10 09:00:00","CAPE","surface",-68.6813,19.8153,2681
"2026-09-09 18:00:00","2026-09-10 09:00:00","CAPE","surface",-68.6574,19.8153,2676
"2026-09-09 18:00:00","2026-09-10 09:00:00","CAPE","surface",-68.6335,19.8153,2884
"2026-09-09 18:00:00","2026-09-10 09:00:00","CAPE","surface",-68.6096,19.8153,2872
"2026-09-09 18:00:00","2026-09-10 09:00:00","CAPE","surface",-68.5856,19.8153,3143
"2026-09-09 18:00:00","2026-09-10 09:00:00","CAPE","surface",-68.5617,19.8153,3061
"2026-09-09 18:00:00","2026-09-10 09:00:00","CAPE","surface",-68.5378,19.8153,3401
"2026-09-09 18:00:00","2026-09-10 09:00:00","CAPE","surface",-68.5139,19.8153,3267
"2026-09-09 18:00:00","2026-09-10 09:00:00","CAPE","surface",-68.4899,19.8153,3459
"2026-09-09 18:00:00","2026-09-10 09:00:00","CAPE","surface",-68.466,19.8153,3436
"2026-09-09 18:00:00","2026-09-10 09:00:00","CAPE","surface",-68.4421,19.8153,3486
"2026-09-09 18:00:00","2026-09-10 09:00:00","CAPE","surface",-68.4182,19.8153,3450
"2026-09-09 18:00:00","2026-09-10 09:00:00","CAPE","surface",-68.3942,19.8153,3564
"2026-09-09 18:00:00","2026-09-10 09:00:00","CAPE","surface",-68.3703,19.8153,3594
"2026-09-09 18:00:00","2026-09-10 09:00:00","CAPE","surface",-68.3464,19.8153,3594
"2026-09-09 18:00:00","2026-09-10 09:00:00","CAPE","surface",-68.3225,19.8153,3650
"2026-09-09 18:00:00","2026-09-10 09:00:00","CAPE","surface",-68.2985,19.8153,3462
"2026-09-09 18:00:00","2026-09-10 09:00:00","CAPE","surface",-68.2746,19.8153,2933
"2026-09-09 18:00:00","2026-09-10 09:00:00","CAPE","surface",-68.2507,19.8153,2933
"2026-09-09 18:00:00","2026-09-10 09:00:00","CAPE","surface",-68.2268,19.8153,2849
"2026-09-09 18:00:00","2026-09-10 09:00:00","CAPE","surface",-68.2028,19.8153,2935
"2026-09-09 18:00:00","2026-09-10 09:00:00","CAPE","surface",-68.1789,19.8153,2986
"2026-09-09 18:00:00","2026-09-10 09:00:00","CAPE","surface",-68.155,19.8153,3050
"2026-09-09 18:00:00","2026-09-10 09:00:00","CAPE","surface",-68.1311,19.8153,3154
"2026-09-09 18:00:00","2026-09-10 09:00:00","CAPE","surface",-68.1071,19.8153,3267
"2026-09-09 18:00:00","2026-09-10 09:00:00","CAPE","surface",-68.0832,19.8153,3382
"2026-09-09 18:00:00","2026-09-10 09:00:00","CAPE","surface",-68.0593,19.8153,3202
"2026-09-09 18:00:00","2026-09-10 09:00:00","CAPE","surface",-68.0354,19.8153,3318
"2026-09-09 18:00:00","2026-09-10 09:00:00","CAPE","surface",-68.0114,19.8153,3009
"2026-09-09 18:00:00","2026-09-10 09:00:00","CAPE","surface",-67.9875,19.8153,2979
"2026-09-09 18:00:00","2026-09-10 09:00:00","CAPE","surface",-67.9636,19.8153,3004
"2026-09-09 18:00:00","2026-09-10 09:00:00","CAPE","surface",-67.9397,19.8153,3028
"2026-09-09 18:00:00","2026-09-10 09:00:00","CAPE","surface",-67.9157,19.8153,3045
"2026-09-09 18:00:00","2026-09-10 09:00:00","CAPE","surface",-67.8918,19.8153,3142
"2026-09-09 18:00:00","2026-09-10 09:00:00","CAPE","surface",-67.8679,19.8153,3169
"2026-09-09 18:00:00","2026-09-10 09:00:00","CAPE","surface",-67.844,19.8153,3290
"2026-09-09 18:00:00","2026-09-10 09:00:00","CAPE","surface",-67.82,19.8153,3336
"2026-09-09 18:00:00","2026-09-10 09:00:00","CAPE","surface",-67.7961,19.8153,3445
"2026-09-09 18:00:00","2026-09-10 09:00:00","CAPE","surface",-67.7722,19.8153,3408
"2026-09-09 18:00:00","2026-09-10 09:00:00","CAPE","surface",-67.7483,19.8153,3408
"2026-09-09 18:00:00","2026-09-10 09:00:00","CAPE","surface",-67.7243,19.8153,3442
"2026-09-09 18:00:00","2026-09-10 09:00:00","CAPE","surface",-67.7004,19.8153,3460
"2026-09-09 18:00:00","2026-09-10 09:00:00","CAPE","surface",-67.6765,19.8153,3319
"2026-09-09 18:00:00","2026-09-10 09:00:00","CAPE","surface",-67.6526,19.8153,3319
"2026-09-09 18:00:00","2026-09-10 09:00:00","CAPE","surface",-67.6286,19.8153,2994
"2026-09-09 18:00:00","2026-09-10 09:00:00","CAPE","surface",-67.6047,19.8153,2754
"2026-09-09 18:00:00","2026-09-10 09:00:00","CAPE","surface",-67.5808,19.8153,2493
"2026-09-09 18:00:00","2026-09-10 09:00:00","CAPE","surface",-67.5569,19.8153,2542
"2026-09-09 18:00:00","2026-09-10 09:00:00","CAPE","surface",-67.5329,19.8153,2304
"2026-09-09 18:00:00","2026-09-10 09:00:00","CAPE","surface",-67.509,19.8153,2030
"2026-09-09 18:00:00","2026-09-10 09:00:00","CAPE","surface",-67.4851,19.8153,1479
"2026-09-09 18:00:00","2026-09-10 09:00:00","CAPE","surface",-67.4612,19.8153,1499
"2026-09-09 18:00:00","2026-09-10 09:00:00","CAPE","surface",-67.4372,19.8153,630
"2026-09-09 18:00:00","2026-09-10 09:00:00","CAPE","surface",-67.4133,19.8153,111
"2026-09-09 18:00:00","2026-09-10 09:00:00","CAPE","surface",-67.3894,19.8153,0
"2026-09-09 18:00:00","2026-09-10 09:00:00","CAPE","surface",-67.3655,19.8153,0
"2026-09-09 18:00:00","2026-09-10 09:00:00","CAPE","surface",-67.3415,19.8153,61
"2026-09-09 18:00:00","2026-09-10 09:00:00","CAPE","surface",-67.3176,19.8153,53
"2026-09-09 18:00:00","2026-09-10 09:00:00","CAPE","surface",-67.2937,19.8153,169
"2026-09-09 18:00:00","2026-09-10 09:00:00","CAPE","surface",-67.2698,19.8153,169
"2026-09-09 18:00:00","2026-09-10 09:00:00","CAPE","surface",-67.2458,19.8153,396
"2026-09-09 18:00:00","2026-09-10 09:00:00","CAPE","surface",-67.2219,19.8153,519
"2026-09-09 18:00:00","2026-09-10 09:00:00","CAPE","surface",-67.198,19.8153,1130
"2026-09-09 18:00:00","2026-09-10 09:00:00","CAPE","surface",-67.1741,19.8153,1789
"2026-09-09 18:00:00","2026-09-10 09:00:00","CAPE","surface",-67.1501,19.8153,1907
"2026-09-09 18:00:00","2026-09-10 09:00:00","CAPE","surface",-67.1262,19.8153,2408
"2026-09-09 18:00:00","2026-09-10 09:00:00","CAPE","surface",-67.1023,19.8153,2477
"2026-09-09 18:00:00","2026-09-10 09:00:00","CAPE","surface",-67.0784,19.8153,2730
"2026-09-09 18:00:00","2026-09-10 09:00:00","CAPE","surface",-67.0544,19.8153,2824
"2026-09-09 18:00:00","2026-09-10 09:00:00","CAPE","surface",-67.0305,19.8153,3062
"2026-09-09 18:00:00","2026-09-10 09:00:00","CAPE","surface",-67.0066,19.8153,3018
"2026-09-09 18:00:00","2026-09-10 09:00:00","CAPE","surface",-74.7822,19.8378,2161
"2026-09-09 18:00:00","2026-09-10 09:00:00","CAPE","surface",-74.7583,19.8378,2032
"2026-09-09 18:00:00","2026-09-10 09:00:00","CAPE","surface",-74.7344,19.8378,2049
"2026-09-09 18:00:00","2026-09-10 09:00:00","CAPE","surface",-74.7105,19.8378,1999
"2026-09-09 18:00:00","2026-09-10 09:00:00","CAPE","surface",-74.6865,19.8378,2001
"2026-09-09 18:00:00","2026-09-10 09:00:00","CAPE","surface",-74.6626,19.8378,2002
"2026-09-09 18:00:00","2026-09-10 09:00:00","CAPE","surface",-74.6387,19.8378,1988
"2026-09-09 18:00:00","2026-09-10 09:00:00","CAPE","surface",-74.6148,19.8378,1987
"2026-09-09 18:00:00","2026-09-10 09:00:00","CAPE","surface",-74.5908,19.8378,2011
"2026-09-09 18:00:00","2026-09-10 09:00:00","CAPE","surface",-74.5669,19.8378,2100
"2026-09-09 18:00:00","2026-09-10 09:00:00","CAPE","surface",-74.543,19.8378,2236
"2026-09-09 18:00:00","2026-09-10 09:00:00","CAPE","surface",-74.5191,19.8378,2328
"2026-09-09 18:00:00","2026-09-10 09:00:00","CAPE","surface",-74.4951,19.8378,2408
"2026-09-09 18:00:00","2026-09-10 09:00:00","CAPE","surface",-74.4712,19.8378,2499
"2026-09-09 18:00:00","2026-09-10 09:00:00","CAPE","surface",-74.4473,19.8378,2621
"2026-09-09 18:00:00","2026-09-10 09:00:00","CAPE","surface",-74.4234,19.8378,2678
"2026-09-09 18:00:00","2026-09-10 09:00:00","CAPE","surface",-74.3994,19.8378,2783
"2026-09-09 18:00:00","2026-09-10 09:00:00","CAPE","surface",-74.3755,19.8378,2783
"2026-09-09 18:00:00","2026-09-10 09:00:00","CAPE","surface",-74.3516,19.8378,2881
"2026-09-09 18:00:00","2026-09-10 09:00:00","CAPE","surface",-74.3277,19.8378,2908
"2026-09-09 18:00:00","2026-09-10 09:00:00","CAPE","surface",-74.3037,19.8378,2832
"2026-09-09 18:00:00","2026-09-10 09:00:00","CAPE","surface",-74.2798,19.8378,2504
"2026-09-09 18:00:00","2026-09-10 09:00:00","CAPE","surface",-74.2559,19.8378,2504
"2026-09-09 18:00:00","2026-09-10 09:00:00","CAPE","surface",-74.232,19.8378,2403
"2026-09-09 18:00:00","2026-09-10 09:00:00","CAPE","surface",-74.208,19.8378,2397
"2026-09-09 18:00:00","2026-09-10 09:00:00","CAPE","surface",-74.1841,19.8378,2485
"2026-09-09 18:00:00","2026-09-10 09:00:00","CAPE","surface",-74.1602,19.8378,2547
"2026-09-09 18:00:00","2026-09-10 09:00:00","CAPE","surface",-74.1363,19.8378,2666
"2026-09-09 18:00:00","2026-09-10 09:00:00","CAPE","surface",-74.1123,19.8378,2666
"2026-09-09 18:00:00","2026-09-10 09:00:00","CAPE","surface",-74.0884,19.8378,2713
"2026-09-09 18:00:00","2026-09-10 09:00:00","CAPE","surface",-74.0645,19.8378,2764
"2026-09-09 18:00:00","2026-09-10 09:00:00","CAPE","surface",-74.0406,19.8378,2777
"2026-09-09 18:00:00","2026-09-10 09:00:00","CAPE","surface",-74.0166,19.8378,2789
"2026-09-09 18:00:00","2026-09-10 09:00:00","CAPE","surface",-73.9927,19.8378,2695
"2026-09-09 18:00:00","2026-09-10 09:00:00","CAPE","surface",-73.9688,19.8378,2701
"2026-09-09 18:00:00","2026-09-10 09:00:00","CAPE","surface",-73.9449,19.8378,2526
"2026-09-09 18:00:00","2026-09-10 09:00:00","CAPE","surface",-73.9209,19.8378,2532
"2026-09-09 18:00:00","2026-09-10 09:00:00","CAPE","surface",-73.897,19.8378,2338
"2026-09-09 18:00:00","2026-09-10 09:00:00","CAPE","surface",-73.8731,19.8378,2351
"2026-09-09 18:00:00","2026-09-10 09:00:00","CAPE","surface",-73.8492,19.8378,2203
"2026-09-09 18:00:00","2026-09-10 09:00:00","CAPE","surface",-73.8252,19.8378,2194
"2026-09-09 18:00:00","2026-09-10 09:00:00","CAPE","surface",-73.8013,19.8378,2019
"2026-09-09 18:00:00","2026-09-10 09:00:00","CAPE","surface",-73.7774,19.8378,1969
"2026-09-09 18:00:00","2026-09-10 09:00:00","CAPE","surface",-73.7535,19.8378,1820
"2026-09-09 18:00:00","2026-09-10 09:00:00","CAPE","surface",-73.7295,19.8378,1820
"2026-09-09 18:00:00","2026-09-10 09:00:00","CAPE","surface",-73.7056,19.8378,1662
"2026-09-09 18:00:00","2026-09-10 09:00:00","CAPE","surface",-73.6817,19.8378,1656
"2026-09-09 18:00:00","2026-09-10 09:00:00","CAPE","surface",-73.6578,19.8378,1616
"2026-09-09 18:00:00","2026-09-10 09:00:00","CAPE","surface",-73.6338,19.8378,1626
"2026-09-09 18:00:00","2026-09-10 09:00:00","CAPE","surface",-73.6099,19.8378,1594
"2026-09-09 18:00:00","2026-09-10 09:00:00","CAPE","surface",-73.586,19.8378,1564
"2026-09-09 18:00:00","2026-09-10 09:00:00","CAPE","surface",-73.5621,19.8378,1464
"2026-09-09 18:00:00","2026-09-10 09:00:00","CAPE","surface",-73.5381,19.8378,1429
"2026-09-09 18:00:00","2026-09-10 09:00:00","CAPE","surface",-73.5142,19.8378,1341
"2026-09-09 18:00:00","2026-09-10 09:00:00","CAPE","surface",-73.4903,19.8378,1341
"2026-09-09 18:00:00","2026-09-10 09:00:00","CAPE","surface",-73.4664,19.8378,1203
"2026-09-09 18:00:00","2026-09-10 09:00:00","CAPE","surface",-73.4424,19.8378,1148
"2026-09-09 18:00:00","2026-09-10 09:00:00","CAPE","surface",-73.4185,19.8378,995
"2026-09-09 18:00:00","2026-09-10 09:00:00","CAPE","surface",-73.3946,19.8378,955
"2026-09-09 18:00:00","2026-09-10 09:00:00","CAPE","surface",-73.3707,19.8378,922
"2026-09-09 18:00:00","2026-09-10 09:00:00","CAPE","surface",-73.3467,19.8378,922
"2026-09-09 18:00:00","2026-09-10 09:00:00","CAPE","surface",-73.3228,19.8378,914
"2026-09-09 18:00:00","2026-09-10 09:00:00","CAPE","surface",-73.2989,19.8378,1055
"2026-09-09 18:00:00","2026-09-10 09:00:00","CAPE","surface",-73.275,19.8378,1130
"2026-09-09 18:00:00","2026-09-10 09:00:00","CAPE","surface",-73.251,19.8378,1225
"2026-09-09 18:00:00","2026-09-10 09:00:00","CAPE","surface",-73.2271,19.8378,1100
"2026-09-09 18:00:00","2026-09-10 09:00:00","CAPE","surface",-73.2032,19.8378,1178
"2026-09-09 18:00:00","2026-09-10 09:00:00","CAPE","surface",-73.1793,19.8378,717
"2026-09-09 18:00:00","2026-09-10 09:00:00","CAPE","surface",-73.1553,19.8378,870
"2026-09-09 18:00:00","2026-09-10 09:00:00","CAPE","surface",-73.1314,19.8378,650
"2026-09-09 18:00:00","2026-09-10 09:00:00","CAPE","surface",-73.1075,19.8378,650
"2026-09-09 18:00:00","2026-09-10 09:00:00","CAPE","surface",-73.0836,19.8378,579
"2026-09-09 18:00:00","2026-09-10 09:00:00","CAPE","surface",-73.0596,19.8378,542
"2026-09-09 18:00:00","2026-09-10 09:00:00","CAPE","surface",-73.0357,19.8378,549
"2026-09-09 18:00:00","2026-09-10 09:00:00","CAPE","surface",-73.0118,19.8378,528
"2026-09-09 18:00:00","2026-09-10 09:00:00","CAPE","surface",-72.9879,19.8378,528
"2026-09-09 18:00:00","2026-09-10 09:00:00","CAPE","surface",-72.9639,19.8378,484
"2026-09-09 18:00:00","2026-09-10 09:00:00","CAPE","surface",-72.94,19.8378,519
"2026-09-09 18:00:00","2026-09-10 09:00:00","CAPE","surface",-72.9161,19.8378,478
"2026-09-09 18:00:00","2026-09-10 09:00:00","CAPE","surface",-72.8922,19.8378,505
"2026-09-09 18:00:00","2026-09-10 09:00:00","CAPE","surface",-72.8682,19.8378,516
"2026-09-09 18:00:00","2026-09-10 09:00:00","CAPE","surface",-72.8443,19.8378,502
"2026-09-09 18:00:00","2026-09-10 09:00:00","CAPE","surface",-72.8204,19.8378,526
"2026-09-09 18:00:00","2026-09-10 09:00:00","CAPE","surface",-72.7965,19.8378,512
"2026-09-09 18:00:00","2026-09-10 09:00:00","CAPE","surface",-72.7725,19.8378,575
"2026-09-09 18:00:00","2026-09-10 09:00:00","CAPE","surface",-72.7486,19.8378,575
"2026-09-09 18:00:00","2026-09-10 09:00:00","CAPE","surface",-72.7247,19.8378,473
"2026-09-09 18:00:00","2026-09-10 09:00:00","CAPE","surface",-72.7008,19.8378,524
"2026-09-09 18:00:00","2026-09-10 09:00:00","CAPE","surface",-72.6768,19.8378,467
"2026-09-09 18:00:00","2026-09-10 09:00:00","CAPE","surface",-72.6529,19.8378,478
"2026-09-09 18:00:00","2026-09-10 09:00:00","CAPE","surface",-72.629,19.8378,537
"2026-09-09 18:00:00","2026-09-10 09:00:00","CAPE","surface",-72.6051,19.8378,511
"2026-09-09 18:00:00","2026-09-10 09:00:00","CAPE","surface",-72.5811,19.8378,552
"2026-09-09 18:00:00","2026-09-10 09:00:00","CAPE","surface",-72.5572,19.8378,505
"2026-09-09 18:00:00","2026-09-10 09:00:00","CAPE","surface",-72.5333,19.8378,650
"2026-09-09 18:00:00","2026-09-10 09:00:00","CAPE","surface",-72.5094,19.8378,650
"2026-09-09 18:00:00","2026-09-10 09:00:00","CAPE","surface",-72.4854,19.8378,858
"2026-09-09 18:00:00","2026-09-10 09:00:00","CAPE","surface",-72.4615,19.8378,783
"2026-09-09 18:00:00","2026-09-10 09:00:00","CAPE","surface",-72.4376,19.8378,1018
"2026-09-09 18:00:00","2026-09-10 09:00:00","CAPE","surface",-72.4137,19.8378,1574
"2026-09-09 18:00:00","2026-09-10 09:00:00","CAPE","surface",-72.3897,19.8378,1574
"2026-09-09 18:00:00","2026-09-10 09:00:00","CAPE","surface",-72.3658,19.8378,1646
"2026-09-09 18:00:00","2026-09-10 09:00:00","CAPE","surface",-72.3419,19.8378,1597
"2026-09-09 18:00:00","2026-09-10 09:00:00","CAPE","surface",-72.318,19.8378,1573
"2026-09-09 18:00:00","2026-09-10 09:00:00","CAPE","surface",-72.294,19.8378,1553
"2026-09-09 18:00:00","2026-09-10 09:00:00","CAPE","surface",-72.2701,19.8378,1575
"2026-09-09 18:00:00","2026-09-10 09:00:00","CAPE","surface",-72.2462,19.8378,1553
"2026-09-09 18:00:00","2026-09-10 09:00:00","CAPE","surface",-72.2223,19.8378,1562
"2026-09-09 18:00:00","2026-09-10 09:00:00","CAPE","surface",-72.1983,19.8378,1522
"2026-09-09 18:00:00","2026-09-10 09:00:00","CAPE","surface",-72.1744,19.8378,1548
"2026-09-09 18:00:00","2026-09-10 09:00:00","CAPE","surface",-72.1505,19.8378,1548
"2026-09-09 18:00:00","2026-09-10 09:00:00","CAPE","surface",-72.1266,19.8378,1574
"2026-09-09 18:00:00","2026-09-10 09:00:00","CAPE","surface",-72.1026,19.8378,1548
"2026-09-09 18:00:00","2026-09-10 09:00:00","CAPE","surface",-72.0787,19.8378,1546
"2026-09-09 18:00:00","2026-09-10 09:00:00","CAPE","surface",-72.0548,19.8378,1533
"2026-09-09 18:00:00","2026-09-10 09:00:00","CAPE","surface",-72.0309,19.8378,1572
"2026-09-09 18:00:00","2026-09-10 09:00:00","CAPE","surface",-72.0069,19.8378,1550
"2026-09-09 18:00:00","2026-09-10 09:00:00","CAPE","surface",-71.983,19.8378,1574
"2026-09-09 18:00:00","2026-09-10 09:00:00","CAPE","surface",-71.9591,19.8378,1534
"2026-09-09 18:00:00","2026-09-10 09:00:00","CAPE","surface",-71.9352,19.8378,1576
"2026-09-09 18:00:00","2026-09-10 09:00:00","CAPE","surface",-71.9112,19.8378,1537
"2026-09-09 18:00:00","2026-09-10 09:00:00","CAPE","surface",-71.8873,19.8378,1488
"2026-09-09 18:00:00","2026-09-10 09:00:00","CAPE","surface",-71.8634,19.8378,1449
"2026-09-09 18:00:00","2026-09-10 09:00:00","CAPE","surface",-71.8395,19.8378,1402
"2026-09-09 18:00:00","2026-09-10 09:00:00","CAPE","surface",-71.8155,19.8378,1436
"2026-09-09 18:00:00","2026-09-10 09:00:00","CAPE","surface",-71.7916,19.8378,1382
"2026-09-09 18:00:00","2026-09-10 09:00:00","CAPE","surface",-71.7677,19.8378,1359
"2026-09-09 18:00:00","2026-09-10 09:00:00","CAPE","surface",-71.7438,19.8378,1288
"2026-09-09 18:00:00","2026-09-10 09:00:00","CAPE","surface",-71.7198,19.8378,1195
"2026-09-09 18:00:00","2026-09-10 09:00:00","CAPE","surface",-71.6959,19.8378,1195
"2026-09-09 18:00:00","2026-09-10 09:00:00","CAPE","surface",-71.672,19.8378,1115
"2026-09-09 18:00:00","2026-09-10 09:00:00","CAPE","surface",-71.6481,19.8378,831
"2026-09-09 18:00:00","2026-09-10 09:00:00","CAPE","surface",-71.6241,19.8378,842
"2026-09-09 18:00:00","2026-09-10 09:00:00","CAPE","surface",-71.6002,19.8378,824
"2026-09-09 18:00:00","2026-09-10 09:00:00","CAPE","surface",-71.5763,19.8378,858
"2026-09-09 18:00:00","2026-09-10 09:00:00","CAPE","surface",-71.5524,19.8378,826
"2026-09-09 18:00:00","2026-09-10 09:00:00","CAPE","surface",-71.5284,19.8378,843
"2026-09-09 18:00:00","2026-09-10 09:00:00","CAPE","surface",-71.5045,19.8378,804
"2026-09-09 18:00:00","2026-09-10 09:00:00","CAPE","surface",-71.4806,19.8378,814
"2026-09-09 18:00:00","2026-09-10 09:00:00","CAPE","surface",-71.4567,19.8378,988
"2026-09-09 18:00:00","2026-09-10 09:00:00","CAPE","surface",-71.4327,19.8378,848
"2026-09-09 18:00:00","2026-09-10 09:00:00","CAPE","surface",-71.4088,19.8378,975
"2026-09-09 18:00:00","2026-09-10 09:00:00","CAPE","surface",-71.3849,19.8378,799
"2026-09-09 18:00:00","2026-09-10 09:00:00","CAPE","surface",-71.361,19.8378,1037
"2026-09-09 18:00:00","2026-09-10 09:00:00","CAPE","surface",-71.337,19.8378,840
"2026-09-09 18:00:00","2026-09-10 09:00:00","CAPE","surface",-71.3131,19.8378,1192
"2026-09-09 18:00:00","2026-09-10 09:00:00","CAPE","surface",-71.2892,19.8378,881
"2026-09-09 18:00:00","2026-09-10 09:00:00","CAPE","surface",-71.2653,19.8378,1153
"2026-09-09 18:00:00","2026-09-10 09:00:00","CAPE","surface",-71.2413,19.8378,1153
"2026-09-09 18:00:00","2026-09-10 09:00:00","CAPE","surface",-71.2174,19.8378,1227
"2026-09-09 18:00:00","2026-09-10 09:00:00","CAPE","surface",-71.1935,19.8378,918
"2026-09-09 18:00:00","2026-09-10 09:00:00","CAPE","surface",-71.1696,19.8378,881
"2026-09-09 18:00:00","2026-09-10 09:00:00","CAPE","surface",-71.1456,19.8378,785
"2026-09-09 18:00:00","2026-09-10 09:00:00","CAPE","surface",-71.1217,19.8378,914
"2026-09-09 18:00:00","2026-09-10 09:00:00","CAPE","surface",-71.0978,19.8378,868
"2026-09-09 18:00:00","2026-09-10 09:00:00","CAPE","surface",-71.0739,19.8378,912
"2026-09-09 18:00:00","2026-09-10 09:00:00","CAPE","surface",-71.0499,19.8378,940
"2026-09-09 18:00:00","2026-09-10 09:00:00","CAPE","surface",-71.026,19.8378,940
"2026-09-09 18:00:00","2026-09-10 09:00:00","CAPE","surface",-71.0021,19.8378,969
"2026-09-09 18:00:00","2026-09-10 09:00:00","CAPE","surface",-70.9782,19.8378,956
"2026-09-09 18:00:00","2026-09-10 09:00:00","CAPE","surface",-70.9542,19.8378,1063
"2026-09-09 18:00:00","2026-09-10 09:00:00","CAPE","surface",-70.9303,19.8378,1059
"2026-09-09 18:00:00","2026-09-10 09:00:00","CAPE","surface",-70.9064,19.8378,1145
"2026-09-09 18:00:00","2026-09-10 09:00:00","CAPE","surface",-70.8825,19.8378,1152
"2026-09-09 18:00:00","2026-09-10 09:00:00","CAPE","surface",-70.8585,19.8378,1240
"2026-09-09 18:00:00","2026-09-10 09:00:00","CAPE","surface",-70.8346,19.8378,1234
"2026-09-09 18:00:00","2026-09-10 09:00:00","CAPE","surface",-70.8107,19.8378,1397
"2026-09-09 18:00:00","2026-09-10 09:00:00","CAPE","surface",-70.7868,19.8378,1364
"2026-09-09 18:00:00","2026-09-10 09:00:00","CAPE","surface",-70.7628,19.8378,1790
"2026-09-09 18:00:00","2026-09-10 09:00:00","CAPE","surface",-70.7389,19.8378,1527
"2026-09-09 18:00:00","2026-09-10 09:00:00","CAPE","surface",-70.715,19.8378,2267
"2026-09-09 18:00:00","2026-09-10 09:00:00","CAPE","surface",-70.6911,19.8378,2579
"2026-09-09 18:00:00","2026-09-10 09:00:00","CAPE","surface",-70.6671,19.8378,2595
"2026-09-09 18:00:00","2026-09-10 09:00:00","CAPE","surface",-70.6432,19.8378,2831
"2026-09-09 18:00:00","2026-09-10 09:00:00","CAPE","surface",-70.6193,19.8378,2798
"2026-09-09 18:00:00","2026-09-10 09:00:00","CAPE","surface",-70.5954,19.8378,2830
"2026-09-09 18:00:00","2026-09-10 09:00:00","CAPE","surface",-70.5714,19.8378,2830
"2026-09-09 18:00:00","2026-09-10 09:00:00","CAPE","surface",-70.5475,19.8378,2903
"2026-09-09 18:00:00","2026-09-10 09:00:00","CAPE","surface",-70.5236,19.8378,2951
"2026-09-09 18:00:00","2026-09-10 09:00:00","CAPE","surface",-70.4997,19.8378,3048
"2026-09-09 18:00:00","2026-09-10 09:00:00","CAPE","surface",-70.4757,19.8378,3048
"2026-09-09 18:00:00","2026-09-10 09:00:00","CAPE","surface",-70.4518,19.8378,2993
"2026-09-09 18:00:00","2026-09-10 09:00:00","CAPE","surface",-70.4279,19.8378,3010
"2026-09-09 18:00:00","2026-09-10 09:00:00","CAPE","surface",-70.404,19.8378,2992
"2026-09-09 18:00:00","2026-09-10 09:00:00","CAPE","surface",-70.38,19.8378,2711
"2026-09-09 18:00:00","2026-09-10 09:00:00","CAPE","surface",-70.3561,19.8378,2711
"2026-09-09 18:00:00","2026-09-10 09:00:00","CAPE","surface",-70.3322,19.8378,2537
"2026-09-09 18:00:00","2026-09-10 09:00:00","CAPE","surface",-70.3083,19.8378,2548
"2026-09-09 18:00:00","2026-09-10 09:00:00","CAPE","surface",-70.2843,19.8378,2661
"2026-09-09 18:00:00","2026-09-10 09:00:00","CAPE","surface",-70.2604,19.8378,2661
"2026-09-09 18:00:00","2026-09-10 09:00:00","CAPE","surface",-70.2365,19.8378,2802
"2026-09-09 18:00:00","2026-09-10 09:00:00","CAPE","surface",-70.2126,19.8378,2855
"2026-09-09 18:00:00","2026-09-10 09:00:00","CAPE","surface",-70.1886,19.8378,2940
"2026-09-09 18:00:00","2026-09-10 09:00:00","CAPE","surface",-70.1647,19.8378,2972
"2026-09-09 18:00:00","2026-09-10 09:00:00","CAPE","surface",-70.1408,19.8378,3018
"2026-09-09 18:00:00","2026-09-10 09:00:00","CAPE","surface",-70.1169,19.8378,3053
"2026-09-09 18:00:00","2026-09-10 09:00:00","CAPE","surface",-70.0929,19.8378,3068
"2026-09-09 18:00:00","2026-09-10 09:00:00","CAPE","surface",-70.069,19.8378,2823
"2026-09-09 18:00:00","2026-09-10 09:00:00","CAPE","surface",-70.0451,19.8378,2823
"2026-09-09 18:00:00","2026-09-10 09:00:00","CAPE","surface",-70.0212,19.8378,2590
"2026-09-09 18:00:00","2026-09-10 09:00:00","CAPE","surface",-69.9972,19.8378,2556
"2026-09-09 18:00:00","2026-09-10 09:00:00","CAPE","surface",-69.9733,19.8378,2596
"2026-09-09 18:00:00","2026-09-10 09:00:00","CAPE","surface",-69.9494,19.8378,2596
"2026-09-09 18:00:00","2026-09-10 09:00:00","CAPE","surface",-69.9255,19.8378,2690
"2026-09-09 18:00:00","2026-09-10 09:00:00","CAPE","surface",-69.9015,19.8378,2702
"2026-09-09 18:00:00","2026-09-10 09:00:00","CAPE","surface",-69.8776,19.8378,2749
"2026-09-09 18:00:00","2026-09-10 09:00:00","CAPE","surface",-69.8537,19.8378,2714
"2026-09-09 18:00:00","2026-09-10 09:00:00","CAPE","surface",-69.8298,19.8378,2699
"2026-09-09 18:00:00","2026-09-10 09:00:00","CAPE","surface",-69.8058,19.8378,2675
"2026-09-09 18:00:00","2026-09-10 09:00:00","CAPE","surface",-69.7819,19.8378,2652
"2026-09-09 18:00:00","2026-09-10 09:00:00","CAPE","surface",-69.758,19.8378,2652
"2026-09-09 18:00:00","2026-09-10 09:00:00","CAPE","surface",-69.7341,19.8378,2652
"2026-09-09 18:00:00","2026-09-10 09:00:00","CAPE","surface",-69.7101,19.8378,2737
"2026-09-09 18:00:00","2026-09-10 09:00:00","CAPE","surface",-69.6862,19.8378,2755
"2026-09-09 18:00:00","2026-09-10 09:00:00","CAPE","surface",-69.6623,19.8378,2904
"2026-09-09 18:00:00","2026-09-10 09:00:00","CAPE","surface",-69.6384,19.8378,3071
"2026-09-09 18:00:00","2026-09-10 09:00:00","CAPE","surface",-69.6144,19.8378,2979
"2026-09-09 18:00:00","2026-09-10 09:00:00","CAPE","surface",-69.5905,19.8378,3170
"2026-09-09 18:00:00","2026-09-10 09:00:00","CAPE","surface",-69.5666,19.8378,3056
"2026-09-09 18:00:00","2026-09-10 09:00:00","CAPE","surface",-69.5427,19.8378,2980
"2026-09-09 18:00:00","2026-09-10 09:00:00","CAPE","surface",-69.5187,19.8378,2980
"2026-09-09 18:00:00","2026-09-10 09:00:00","CAPE","surface",-69.4948,19.8378,3001
"2026-09-09 18:00:00","2026-09-10 09:00:00","CAPE","surface",-69.4709,19.8378,2941
"2026-09-09 18:00:00","2026-09-10 09:00:00","CAPE","surface",-69.447,19.8378,2943
"2026-09-09 18:00:00","2026-09-10 09:00:00","CAPE","surface",-69.423,19.8378,2943
"2026-09-09 18:00:00","2026-09-10 09:00:00","CAPE","surface",-69.3991,19.8378,2911
"2026-09-09 18:00:00","2026-09-10 09:00:00","CAPE","surface",-69.3752,19.8378,2908
"2026-09-09 18:00:00","2026-09-10 09:00:00","CAPE","surface",-69.3513,19.8378,2735
"2026-09-09 18:00:00","2026-09-10 09:00:00","CAPE","surface",-69.3273,19.8378,2733
"2026-09-09 18:00:00","2026-09-10 09:00:00","CAPE","surface",-69.3034,19.8378,2704
"2026-09-09 18:00:00","2026-09-10 09:00:00","CAPE","surface",-69.2795,19.8378,2718
"2026-09-09 18:00:00","2026-09-10 09:00:00","CAPE","surface",-69.2556,19.8378,2757
"2026-09-09 18:00:00","2026-09-10 09:00:00","CAPE","surface",-69.2316,19.8378,2796
"2026-09-09 18:00:00","2026-09-10 09:00:00","CAPE","surface",-69.2077,19.8378,2796
"2026-09-09 18:00:00","2026-09-10 09:00:00","CAPE","surface",-69.1838,19.8378,2830
"2026-09-09 18:00:00","2026-09-10 09:00:00","CAPE","surface",-69.1599,19.8378,2874
"2026-09-09 18:00:00","2026-09-10 09:00:00","CAPE","surface",-69.1359,19.8378,2905
"2026-09-09 18:00:00","2026-09-10 09:00:00","CAPE","surface",-69.112,19.8378,2905
"2026-09-09 18:00:00","2026-09-10 09:00:00","CAPE","surface",-69.0881,19.8378,2917
"2026-09-09 18:00:00","2026-09-10 09:00:00","CAPE","surface",-69.0642,19.8378,2970
"2026-09-09 18:00:00","2026-09-10 09:00:00","CAPE","surface",-69.0402,19.8378,3036
"2026-09-09 18:00:00","2026-09-10 09:00:00","CAPE","surface",-69.0163,19.8378,3013
"2026-09-09 18:00:00","2026-09-10 09:00:00","CAPE","surface",-68.9924,19.8378,3204
"2026-09-09 18:00:00","2026-09-10 09:00:00","CAPE","surface",-68.9685,19.8378,3204
"2026-09-09 18:00:00","2026-09-10 09:00:00","CAPE","surface",-68.9445,19.8378,3243
"2026-09-09 18:00:00","2026-09-10 09:00:00","CAPE","surface",-68.9206,19.8378,3255
"2026-09-09 18:00:00","2026-09-10 09:00:00","CAPE","surface",-68.8967,19.8378,3255
"2026-09-09 18:00:00","2026-09-10 09:00:00","CAPE","surface",-68.8728,19.8378,3254
"2026-09-09 18:00:00","2026-09-10 09:00:00","CAPE","surface",-68.8488,19.8378,3268
"2026-09-09 18:00:00","2026-09-10 09:00:00","CAPE","surface",-68.8249,19.8378,3277
"2026-09-09 18:00:00","2026-09-10 09:00:00","CAPE","surface",-68.801,19.8378,3277
"2026-09-09 18:00:00","2026-09-10 09:00:00","CAPE","surface",-68.7771,19.8378,3139
"2026-09-09 18:00:00","2026-09-10 09:00:00","CAPE","surface",-68.7531,19.8378,2890
"2026-09-09 18:00:00","2026-09-10 09:00:00","CAPE","surface",-68.7292,19.8378,2730
"2026-09-09 18:00:00","2026-09-10 09:00:00","CAPE","surface",-68.7053,19.8378,2823
"2026-09-09 18:00:00","2026-09-10 09:00:00","CAPE","surface",-68.6813,19.8378,2723
"2026-09-09 18:00:00","2026-09-10 09:00:00","CAPE","surface",-68.6574,19.8378,2932
"2026-09-09 18:00:00","2026-09-10 09:00:00","CAPE","surface",-68.6335,19.8378,2884
"2026-09-09 18:00:00","2026-09-10 09:00:00","CAPE","surface",-68.6096,19.8378,3382
"2026-09-09 18:00:00","2026-09-10 09:00:00","CAPE","surface",-68.5856,19.8378,3279
"2026-09-09 18:00:00","2026-09-10 09:00:00","CAPE","surface",-68.5617,19.8378,3547
"2026-09-09 18:00:00","2026-09-10 09:00:00","CAPE","surface",-68.5378,19.8378,3615
"2026-09-09 18:00:00","2026-09-10 09:00:00","CAPE","surface",-68.5139,19.8378,3615
"2026-09-09 18:00:00","2026-09-10 09:00:00","CAPE","surface",-68.4899,19.8378,3486
"2026-09-09 18:00:00","2026-09-10 09:00:00","CAPE","surface",-68.466,19.8378,3466
"2026-09-09 18:00:00","2026-09-10 09:00:00","CAPE","surface",-68.4421,19.8378,3356
"2026-09-09 18:00:00","2026-09-10 09:00:00","CAPE","surface",-68.4182,19.8378,3450
"2026-09-09 18:00:00","2026-09-10 09:00:00","CAPE","surface",-68.3942,19.8378,3367
"2026-09-09 18:00:00","2026-09-10 09:00:00","CAPE","surface",-68.3703,19.8378,3502
"2026-09-09 18:00:00","2026-09-10 09:00:00","CAPE","surface",-68.3464,19.8378,3598
"2026-09-09 18:00:00","2026-09-10 09:00:00","CAPE","surface",-68.3225,19.8378,3393
"2026-09-09 18:00:00","2026-09-10 09:00:00","CAPE","surface",-68.2985,19.8378,3393
"2026-09-09 18:00:00","2026-09-10 09:00:00","CAPE","surface",-68.2746,19.8378,2894
"2026-09-09 18:00:00","2026-09-10 09:00:00","CAPE","surface",-68.2507,19.8378,2855
"2026-09-09 18:00:00","2026-09-10 09:00:00","CAPE","surface",-68.2268,19.8378,2892
"2026-09-09 18:00:00","2026-09-10 09:00:00","CAPE","surface",-68.2028,19.8378,2892
"2026-09-09 18:00:00","2026-09-10 09:00:00","CAPE","surface",-68.1789,19.8378,3005
"2026-09-09 18:00:00","2026-09-10 09:00:00","CAPE","surface",-68.155,19.8378,3050
"2026-09-09 18:00:00","2026-09-10 09:00:00","CAPE","surface",-68.1311,19.8378,3166
"2026-09-09 18:00:00","2026-09-10 09:00:00","CAPE","surface",-68.1071,19.8378,3089
"2026-09-09 18:00:00","2026-09-10 09:00:00","CAPE","surface",-68.0832,19.8378,3125
"2026-09-09 18:00:00","2026-09-10 09:00:00","CAPE","surface",-68.0593,19.8378,2958
"2026-09-09 18:00:00","2026-09-10 09:00:00","CAPE","surface",-68.0354,19.8378,2981
"2026-09-09 18:00:00","2026-09-10 09:00:00","CAPE","surface",-68.0114,19.8378,2934
"2026-09-09 18:00:00","2026-09-10 09:00:00","CAPE","surface",-67.9875,19.8378,2940
"2026-09-09 18:00:00","2026-09-10 09:00:00","CAPE","surface",-67.9636,19.8378,2995
"2026-09-09 18:00:00","2026-09-10 09:00:00","CAPE","surface",-67.9397,19.8378,3028
"2026-09-09 18:00:00","2026-09-10 09:00:00","CAPE","surface",-67.9157,19.8378,3092
"2026-09-09 18:00:00","2026-09-10 09:00:00","CAPE","surface",-67.8918,19.8378,3190
"2026-09-09 18:00:00","2026-09-10 09:00:00","CAPE","surface",-67.8679,19.8378,3246
"2026-09-09 18:00:00","2026-09-10 09:00:00","CAPE","surface",-67.844,19.8378,3369
"2026-09-09 18:00:00","2026-09-10 09:00:00","CAPE","surface",-67.82,19.8378,3369
"2026-09-09 18:00:00","2026-09-10 09:00:00","CAPE","surface",-67.7961,19.8378,3360
"2026-09-09 18:00:00","2026-09-10 09:00:00","CAPE","surface",-67.7722,19.8378,3372
"2026-09-09 18:00:00","2026-09-10 09:00:00","CAPE","surface",-67.7483,19.8378,3354
"2026-09-09 18:00:00","2026-09-10 09:00:00","CAPE","surface",-67.7243,19.8378,3354
"2026-09-09 18:00:00","2026-09-10 09:00:00","CAPE","surface",-67.7004,19.8378,3392
"2026-09-09 18:00:00","2026-09-10 09:00:00","CAPE","surface",-67.6765,19.8378,3311
"2026-09-09 18:00:00","2026-09-10 09:00:00","CAPE","surface",-67.6526,19.8378,3195
"2026-09-09 18:00:00","2026-09-10 09:00:00","CAPE","surface",-67.6286,19.8378,3141
"2026-09-09 18:00:00","2026-09-10 09:00:00","CAPE","surface",-67.6047,19.8378,3027
"2026-09-09 18:00:00","2026-09-10 09:00:00","CAPE","surface",-67.5808,19.8378,2847
"2026-09-09 18:00:00","2026-09-10 09:00:00","CAPE","surface",-67.5569,19.8378,2542
"2026-09-09 18:00:00","2026-09-10 09:00:00","CAPE","surface",-67.5329,19.8378,2571
"2026-09-09 18:00:00","2026-09-10 09:00:00","CAPE","surface",-67.509,19.8378,2292
"2026-09-09 18:00:00","2026-09-10 09:00:00","CAPE","surface",-67.4851,19.8378,2016
"2026-09-09 18:00:00","2026-09-10 09:00:00","CAPE","surface",-67.4612,19.8378,1615
"2026-09-09 18:00:00","2026-09-10 09:00:00","CAPE","surface",-67.4372,19.8378,1615
"2026-09-09 18:00:00","2026-09-10 09:00:00","CAPE","surface",-67.4133,19.8378,1109
"2026-09-09 18:00:00","2026-09-10 09:00:00","CAPE","surface",-67.3894,19.8378,298
"2026-09-09 18:00:00","2026-09-10 09:00:00","CAPE","surface",-67.3655,19.8378,180
"2026-09-09 18:00:00","2026-09-10 09:00:00","CAPE","surface",-67.3415,19.8378,180
"2026-09-09 18:00:00","2026-09-10 09:00:00","CAPE","surface",-67.3176,19.8378,225
"2026-09-09 18:00:00","2026-09-10 09:00:00","CAPE","surface",-67.2937,19.8378,385
"2026-09-09 18:00:00","2026-09-10 09:00:00","CAPE","surface",-67.2698,19.8378,357
"2026-09-09 18:00:00","2026-09-10 09:00:00","CAPE","surface",-67.2458,19.8378,750
"2026-09-09 18:00:00","2026-09-10 09:00:00","CAPE","surface",-67.2219,19.8378,789
"2026-09-09 18:00:00","2026-09-10 09:00:00","CAPE","surface",-67.198,19.8378,1637
"2026-09-09 18:00:00","2026-09-10 09:00:00","CAPE","surface",-67.1741,19.8378,1789
"2026-09-09 18:00:00","2026-09-10 09:00:00","CAPE","surface",-67.1501,19.8378,2295
"2026-09-09 18:00:00","2026-09-10 09:00:00","CAPE","surface",-67.1262,19.8378,2356
"2026-09-09 18:00:00","2026-09-10 09:00:00","CAPE","surface",-67.1023,19.8378,2630
"2026-09-09 18:00:00","2026-09-10 09:00:00","CAPE","surface",-67.0784,19.8378,2926
"2026-09-09 18:00:00","2026-09-10 09:00:00","CAPE","surface",-67.0544,19.8378,2926
"2026-09-09 18:00:00","2026-09-10 09:00:00","CAPE","surface",-67.0305,19.8378,3083
"2026-09-09 18:00:00","2026-09-10 09:00:00","CAPE","surface",-67.0066,19.8378,3086
"2026-09-09 18:00:00","2026-09-10 09:00:00","CAPE","surface",-74.7822,19.8603,2381
"2026-09-09 18:00:00","2026-09-10 09:00:00","CAPE","surface",-74.7583,19.8603,2208
"2026-09-09 18:00:00","2026-09-10 09:00:00","CAPE","surface",-74.7344,19.8603,2216
"2026-09-09 18:00:00","2026-09-10 09:00:00","CAPE","surface",-74.7105,19.8603,2216
"2026-09-09 18:00:00","2026-09-10 09:00:00","CAPE","surface",-74.6865,19.8603,2192
"2026-09-09 18:00:00","2026-09-10 09:00:00","CAPE","surface",-74.6626,19.8603,2035
"2026-09-09 18:00:00","2026-09-10 09:00:00","CAPE","surface",-74.6387,19.8603,2030
"2026-09-09 18:00:00","2026-09-10 09:00:00","CAPE","surface",-74.6148,19.8603,1999
"2026-09-09 18:00:00","2026-09-10 09:00:00","CAPE","surface",-74.5908,19.8603,2093
"2026-09-09 18:00:00","2026-09-10 09:00:00","CAPE","surface",-74.5669,19.8603,2093
"2026-09-09 18:00:00","2026-09-10 09:00:00","CAPE","surface",-74.543,19.8603,2238
"2026-09-09 18:00:00","2026-09-10 09:00:00","CAPE","surface",-74.5191,19.8603,2312
"2026-09-09 18:00:00","2026-09-10 09:00:00","CAPE","surface",-74.4951,19.8603,2459
"2026-09-09 18:00:00","2026-09-10 09:00:00","CAPE","surface",-74.4712,19.8603,2550
"2026-09-09 18:00:00","2026-09-10 09:00:00","CAPE","surface",-74.4473,19.8603,2573
"2026-09-09 18:00:00","2026-09-10 09:00:00","CAPE","surface",-74.4234,19.8603,2654
"2026-09-09 18:00:00","2026-09-10 09:00:00","CAPE","surface",-74.3994,19.8603,2756
"2026-09-09 18:00:00","2026-09-10 09:00:00","CAPE","surface",-74.3755,19.8603,2823
"2026-09-09 18:00:00","2026-09-10 09:00:00","CAPE","surface",-74.3516,19.8603,2796
"2026-09-09 18:00:00","2026-09-10 09:00:00","CAPE","surface",-74.3277,19.8603,2796
"2026-09-09 18:00:00","2026-09-10 09:00:00","CAPE","surface",-74.3037,19.8603,2639
"2026-09-09 18:00:00","2026-09-10 09:00:00","CAPE","surface",-74.2798,19.8603,2584
"2026-09-09 18:00:00","2026-09-10 09:00:00","CAPE","surface",-74.2559,19.8603,2421
"2026-09-09 18:00:00","2026-09-10 09:00:00","CAPE","surface",-74.232,19.8603,2403
"2026-09-09 18:00:00","2026-09-10 09:00:00","CAPE","surface",-74.208,19.8603,2429
"2026-09-09 18:00:00","2026-09-10 09:00:00","CAPE","surface",-74.1841,19.8603,2429
"2026-09-09 18:00:00","2026-09-10 09:00:00","CAPE","surface",-74.1602,19.8603,2546
"2026-09-09 18:00:00","2026-09-10 09:00:00","CAPE","surface",-74.1363,19.8603,2625
"2026-09-09 18:00:00","2026-09-10 09:00:00","CAPE","surface",-74.1123,19.8603,2689
"2026-09-09 18:00:00","2026-09-10 09:00:00","CAPE","surface",-74.0884,19.8603,2713
"2026-09-09 18:00:00","2026-09-10 09:00:00","CAPE","surface",-74.0645,19.8603,2682
"2026-09-09 18:00:00","2026-09-10 09:00:00","CAPE","surface",-74.0406,19.8603,2733
"2026-09-09 18:00:00","2026-09-10 09:00:00","CAPE","surface",-74.0166,19.8603,2678
"2026-09-09 18:00:00","2026-09-10 09:00:00","CAPE","surface",-73.9927,19.8603,2695
"2026-09-09 18:00:00","2026-09-10 09:00:00","CAPE","surface",-73.9688,19.8603,2525
"2026-09-09 18:00:00","2026-09-10 09:00:00","CAPE","surface",-73.9449,19.8603,2526
"2026-09-09 18:00:00","2026-09-10 09:00:00","CAPE","surface",-73.9209,19.8603,2314
"2026-09-09 18:00:00","2026-09-10 09:00:00","CAPE","surface",-73.897,19.8603,2318
"2026-09-09 18:00:00","2026-09-10 09:00:00","CAPE","surface",-73.8731,19.8603,2222
"2026-09-09 18:00:00","2026-09-10 09:00:00","CAPE","surface",-73.8492,19.8603,2203
"2026-09-09 18:00:00","2026-09-10 09:00:00","CAPE","surface",-73.8252,19.8603,2081
"2026-09-09 18:00:00","2026-09-10 09:00:00","CAPE","surface",-73.8013,19.8603,2081
"2026-09-09 18:00:00","2026-09-10 09:00:00","CAPE","surface",-73.7774,19.8603,1922
"2026-09-09 18:00:00","2026-09-10 09:00:00","CAPE","surface",-73.7535,19.8603,1879
"2026-09-09 18:00:00","2026-09-10 09:00:00","CAPE","surface",-73.7295,19.8603,1713
"2026-09-09 18:00:00","2026-09-10 09:00:00","CAPE","surface",-73.7056,19.8603,1662
"2026-09-09 18:00:00","2026-09-10 09:00:00","CAPE","surface",-73.6817,19.8603,1650
"2026-09-09 18:00:00","2026-09-10 09:00:00","CAPE","surface",-73.6578,19.8603,1633
"2026-09-09 18:00:00","2026-09-10 09:00:00","CAPE","surface",-73.6338,19.8603,1614
"2026-09-09 18:00:00","2026-09-10 09:00:00","CAPE","surface",-73.6099,19.8603,1594
"2026-09-09 18:00:00","2026-09-10 09:00:00","CAPE","surface",-73.586,19.8603,1511
"2026-09-09 18:00:00","2026-09-10 09:00:00","CAPE","surface",-73.5621,19.8603,1511
"2026-09-09 18:00:00","2026-09-10 09:00:00","CAPE","surface",-73.5381,19.8603,1425
"2026-09-09 18:00:00","2026-09-10 09:00:00","CAPE","surface",-73.5142,19.8603,1365
"2026-09-09 18:00:00","2026-09-10 09:00:00","CAPE","surface",-73.4903,19.8603,1287
"2026-09-09 18:00:00","2026-09-10 09:00:00","CAPE","surface",-73.4664,19.8603,1255
"2026-09-09 18:00:00","2026-09-10 09:00:00","CAPE","surface",-73.4424,19.8603,1068
"2026-09-09 18:00:00","2026-09-10 09:00:00","CAPE","surface",-73.4185,19.8603,1324
"2026-09-09 18:00:00","2026-09-10 09:00:00","CAPE","surface",-73.3946,19.8603,1148
"2026-09-09 18:00:00","2026-09-10 09:00:00","CAPE","surface",-73.3707,19.8603,1179
"2026-09-09 18:00:00","2026-09-10 09:00:00","CAPE","surface",-73.3467,19.8603,1060
"2026-09-09 18:00:00","2026-09-10 09:00:00","CAPE","surface",-73.3228,19.8603,1169
"2026-09-09 18:00:00","2026-09-10 09:00:00","CAPE","surface",-73.2989,19.8603,1169
"2026-09-09 18:00:00","2026-09-10 09:00:00","CAPE","surface",-73.275,19.8603,1218
"2026-09-09 18:00:00","2026-09-10 09:00:00","CAPE","surface",-73.251,19.8603,1008
"2026-09-09 18:00:00","2026-09-10 09:00:00","CAPE","surface",-73.2271,19.8603,668
"2026-09-09 18:00:00","2026-09-10 09:00:00","CAPE","surface",-73.2032,19.8603,641
"2026-09-09 18:00:00","2026-09-10 09:00:00","CAPE","surface",-73.1793,19.8603,526
"2026-09-09 18:00:00","2026-09-10 09:00:00","CAPE","surface",-73.1553,19.8603,533
"2026-09-09 18:00:00","2026-09-10 09:00:00","CAPE","surface",-73.1314,19.8603,581
"2026-09-09 18:00:00","2026-09-10 09:00:00","CAPE","surface",-73.1075,19.8603,559
"2026-09-09 18:00:00","2026-09-10 09:00:00","CAPE","surface",-73.0836,19.8603,552
"2026-09-09 18:00:00","2026-09-10 09:00:00","CAPE","surface",-73.0596,19.8603,552
"2026-09-09 18:00:00","2026-09-10 09:00:00","CAPE","surface",-73.0357,19.8603,565
"2026-09-09 18:00:00","2026-09-10 09:00:00","CAPE","surface",-73.0118,19.8603,545
"2026-09-09 18:00:00","2026-09-10 09:00:00","CAPE","surface",-72.9879,19.8603,508
"2026-09-09 18:00:00","2026-09-10 09:00:00","CAPE","surface",-72.9639,19.8603,484
"2026-09-09 18:00:00","2026-09-10 09:00:00","CAPE","surface",-72.94,19.8603,474
"2026-09-09 18:00:00","2026-09-10 09:00:00","CAPE","surface",-72.9161,19.8603,469
"2026-09-09 18:00:00","2026-09-10 09:00:00","CAPE","surface",-72.8922,19.8603,524
"2026-09-09 18:00:00","2026-09-10 09:00:00","CAPE","surface",-72.8682,19.8603,516
"2026-09-09 18:00:00","2026-09-10 09:00:00","CAPE","surface",-72.8443,19.8603,523
"2026-09-09 18:00:00","2026-09-10 09:00:00","CAPE","surface",-72.8204,19.8603,523
"2026-09-09 18:00:00","2026-09-10 09:00:00","CAPE","surface",-72.7965,19.8603,563
"2026-09-09 18:00:00","2026-09-10 09:00:00","CAPE","surface",-72.7725,19.8603,571
"2026-09-09 18:00:00","2026-09-10 09:00:00","CAPE","surface",-72.7486,19.8603,568
"2026-09-09 18:00:00","2026-09-10 09:00:00","CAPE","surface",-72.7247,19.8603,473
"2026-09-09 18:00:00","2026-09-10 09:00:00","CAPE","surface",-72.7008,19.8603,460
"2026-09-09 18:00:00","2026-09-10 09:00:00","CAPE","surface",-72.6768,19.8603,569
"2026-09-09 18:00:00","2026-09-10 09:00:00","CAPE","surface",-72.6529,19.8603,570
"2026-09-09 18:00:00","2026-09-10 09:00:00","CAPE","surface",-72.629,19.8603,586
"2026-09-09 18:00:00","2026-09-10 09:00:00","CAPE","surface",-72.6051,19.8603,574
"2026-09-09 18:00:00","2026-09-10 09:00:00","CAPE","surface",-72.5811,19.8603,851
"2026-09-09 18:00:00","2026-09-10 09:00:00","CAPE","surface",-72.5572,19.8603,733
"2026-09-09 18:00:00","2026-09-10 09:00:00","CAPE","surface",-72.5333,19.8603,978
"2026-09-09 18:00:00","2026-09-10 09:00:00","CAPE","surface",-72.5094,19.8603,911
"2026-09-09 18:00:00","2026-09-10 09:00:00","CAPE","surface",-72.4854,19.8603,1146
"2026-09-09 18:00:00","2026-09-10 09:00:00","CAPE","surface",-72.4615,19.8603,1146
"2026-09-09 18:00:00","2026-09-10 09:00:00","CAPE","surface",-72.4376,19.8603,1625
"2026-09-09 18:00:00","2026-09-10 09:00:00","CAPE","surface",-72.4137,19.8603,1603
"2026-09-09 18:00:00","2026-09-10 09:00:00","CAPE","surface",-72.3897,19.8603,1696
"2026-09-09 18:00:00","2026-09-10 09:00:00","CAPE","surface",-72.3658,19.8603,1646
"2026-09-09 18:00:00","2026-09-10 09:00:00","CAPE","surface",-72.3419,19.8603,1640
"2026-09-09 18:00:00","2026-09-10 09:00:00","CAPE","surface",-72.318,19.8603,1603
"2026-09-09 18:00:00","2026-09-10 09:00:00","CAPE","surface",-72.294,19.8603,1593
"2026-09-09 18:00:00","2026-09-10 09:00:00","CAPE","surface",-72.2701,19.8603,1575
"2026-09-09 18:00:00","2026-09-10 09:00:00","CAPE","surface",-72.2462,19.8603,1593
"2026-09-09 18:00:00","2026-09-10 09:00:00","CAPE","surface",-72.2223,19.8603,1593
"2026-09-09 18:00:00","2026-09-10 09:00:00","CAPE","surface",-72.1983,19.8603,1609
"2026-09-09 18:00:00","2026-09-10 09:00:00","CAPE","surface",-72.1744,19.8603,1580
"2026-09-09 18:00:00","2026-09-10 09:00:00","CAPE","surface",-72.1505,19.8603,1595
"2026-09-09 18:00:00","2026-09-10 09:00:00","CAPE","surface",-72.1266,19.8603,1591
"2026-09-09 18:00:00","2026-09-10 09:00:00","CAPE","surface",-72.1026,19.8603,1591
"2026-09-09 18:00:00","2026-09-10 09:00:00","CAPE","surface",-72.0787,19.8603,1628
"2026-09-09 18:00:00","2026-09-10 09:00:00","CAPE","surface",-72.0548,19.8603,1597
"2026-09-09 18:00:00","2026-09-10 09:00:00","CAPE","surface",-72.0309,19.8603,1649
"2026-09-09 18:00:00","2026-09-10 09:00:00","CAPE","surface",-72.0069,19.8603,1614
"2026-09-09 18:00:00","2026-09-10 09:00:00","CAPE","surface",-71.983,19.8603,1673
"2026-09-09 18:00:00","2026-09-10 09:00:00","CAPE","surface",-71.9591,19.8603,1630
"2026-09-09 18:00:00","2026-09-10 09:00:00","CAPE","surface",-71.9352,19.8603,1589
"2026-09-09 18:00:00","2026-09-10 09:00:00","CAPE","surface",-71.9112,19.8603,1537
"2026-09-09 18:00:00","2026-09-10 09:00:00","CAPE","surface",-71.8873,19.8603,1489
"2026-09-09 18:00:00","2026-09-10 09:00:00","CAPE","surface",-71.8634,19.8603,1489
"2026-09-09 18:00:00","2026-09-10 09:00:00","CAPE","surface",-71.8395,19.8603,1469
"2026-09-09 18:00:00","2026-09-10 09:00:00","CAPE","surface",-71.8155,19.8603,1436
"2026-09-09 18:00:00","2026-09-10 09:00:00","CAPE","surface",-71.7916,19.8603,1404
"2026-09-09 18:00:00","2026-09-10 09:00:00","CAPE","surface",-71.7677,19.8603,1404
"2026-09-09 18:00:00","2026-09-10 09:00:00","CAPE","surface",-71.7438,19.8603,1413
"2026-09-09 18:00:00","2026-09-10 09:00:00","CAPE","surface",-71.7198,19.8603,1324
"2026-09-09 18:00:00","2026-09-10 09:00:00","CAPE","surface",-71.6959,19.8603,1260
"2026-09-09 18:00:00","2026-09-10 09:00:00","CAPE","surface",-71.672,19.8603,1133
"2026-09-09 18:00:00","2026-09-10 09:00:00","CAPE","surface",-71.6481,19.8603,1133
"2026-09-09 18:00:00","2026-09-10 09:00:00","CAPE","surface",-71.6241,19.8603,992
"2026-09-09 18:00:00","2026-09-10 09:00:00","CAPE","surface",-71.6002,19.8603,904
"2026-09-09 18:00:00","2026-09-10 09:00:00","CAPE","surface",-71.5763,19.8603,999
"2026-09-09 18:00:00","2026-09-10 09:00:00","CAPE","surface",-71.5524,19.8603,915
"2026-09-09 18:00:00","2026-09-10 09:00:00","CAPE","surface",-71.5284,19.8603,1152
"2026-09-09 18:00:00","2026-09-10 09:00:00","CAPE","surface",-71.5045,19.8603,1008
"2026-09-09 18:00:00","2026-09-10 09:00:00","CAPE","surface",-71.4806,19.8603,1173
"2026-09-09 18:00:00","2026-09-10 09:00:00","CAPE","surface",-71.4567,19.8603,988
"2026-09-09 18:00:00","2026-09-10 09:00:00","CAPE","surface",-71.4327,19.8603,1188
"2026-09-09 18:00:00","2026-09-10 09:00:00","CAPE","surface",-71.4088,19.8603,1188
"2026-09-09 18:00:00","2026-09-10 09:00:00","CAPE","surface",-71.3849,19.8603,1378
"2026-09-09 18:00:00","2026-09-10 09:00:00","CAPE","surface",-71.361,19.8603,1037
"2026-09-09 18:00:00","2026-09-10 09:00:00","CAPE","surface",-71.337,19.8603,1361
"2026-09-09 18:00:00","2026-09-10 09:00:00","CAPE","surface",-71.3131,19.8603,1361
"2026-09-09 18:00:00","2026-09-10 09:00:00","CAPE","surface",-71.2892,19.8603,1457
"2026-09-09 18:00:00","2026-09-10 09:00:00","CAPE","surface",-71.2653,19.8603,1346
"2026-09-09 18:00:00","2026-09-10 09:00:00","CAPE","surface",-71.2413,19.8603,1387
"2026-09-09 18:00:00","2026-09-10 09:00:00","CAPE","surface",-71.2174,19.8603,1358
"2026-09-09 18:00:00","2026-09-10 09:00:00","CAPE","surface",-71.1935,19.8603,1358
"2026-09-09 18:00:00","2026-09-10 09:00:00","CAPE","surface",-71.1696,19.8603,1349
"2026-09-09 18:00:00","2026-09-10 09:00:00","CAPE","surface",-71.1456,19.8603,1137
"2026-09-09 18:00:00","2026-09-10 09:00:00","CAPE","surface",-71.1217,19.8603,1138
"2026-09-09 18:00:00","2026-09-10 09:00:00","CAPE","surface",-71.0978,19.8603,948
"2026-09-09 18:00:00","2026-09-10 09:00:00","CAPE","surface",-71.0739,19.8603,1043
"2026-09-09 18:00:00","2026-09-10 09:00:00","CAPE","surface",-71.0499,19.8603,956
"2026-09-09 18:00:00","2026-09-10 09:00:00","CAPE","surface",-71.026,19.8603,1000
"2026-09-09 18:00:00","2026-09-10 09:00:00","CAPE","surface",-71.0021,19.8603,969
"2026-09-09 18:00:00","2026-09-10 09:00:00","CAPE","surface",-70.9782,19.8603,1083
"2026-09-09 18:00:00","2026-09-10 09:00:00","CAPE","surface",-70.9542,19.8603,1069
"2026-09-09 18:00:00","2026-09-10 09:00:00","CAPE","surface",-70.9303,19.8603,1128
"2026-09-09 18:00:00","2026-09-10 09:00:00","CAPE","surface",-70.9064,19.8603,1145
"2026-09-09 18:00:00","2026-09-10 09:00:00","CAPE","surface",-70.8825,19.8603,1243
"2026-09-09 18:00:00","2026-09-10 09:00:00","CAPE","surface",-70.8585,19.8603,1411
"2026-09-09 18:00:00","2026-09-10 09:00:00","CAPE","surface",-70.8346,19.8603,1402
"2026-09-09 18:00:00","2026-09-10 09:00:00","CAPE","surface",-70.8107,19.8603,1792
"2026-09-09 18:00:00","2026-09-10 09:00:00","CAPE","surface",-70.7868,19.8603,1778
"2026-09-09 18:00:00","2026-09-10 09:00:00","CAPE","surface",-70.7628,19.8603,2371
"2026-09-09 18:00:00","2026-09-10 09:00:00","CAPE","surface",-70.7389,19.8603,2365
"2026-09-09 18:00:00","2026-09-10 09:00:00","CAPE","surface",-70.715,19.8603,2553
"2026-09-09 18:00:00","2026-09-10 09:00:00","CAPE","surface",-70.6911,19.8603,2579
"2026-09-09 18:00:00","2026-09-10 09:00:00","CAPE","surface",-70.6671,19.8603,2853
"2026-09-09 18:00:00","2026-09-10 09:00:00","CAPE","surface",-70.6432,19.8603,2853
"2026-09-09 18:00:00","2026-09-10 09:00:00","CAPE","surface",-70.6193,19.8603,2828
"2026-09-09 18:00:00","2026-09-10 09:00:00","CAPE","surface",-70.5954,19.8603,2813
"2026-09-09 18:00:00","2026-09-10 09:00:00","CAPE","surface",-70.5714,19.8603,2798
"2026-09-09 18:00:00","2026-09-10 09:00:00","CAPE","surface",-70.5475,19.8603,2861
"2026-09-09 18:00:00","2026-09-10 09:00:00","CAPE","surface",-70.5236,19.8603,2962
"2026-09-09 18:00:00","2026-09-10 09:00:00","CAPE","surface",-70.4997,19.8603,3029
"2026-09-09 18:00:00","2026-09-10 09:00:00","CAPE","surface",-70.4757,19.8603,3005
"2026-09-09 18:00:00","2026-09-10 09:00:00","CAPE","surface",-70.4518,19.8603,3123
"2026-09-09 18:00:00","2026-09-10 09:00:00","CAPE","surface",-70.4279,19.8603,3123
"2026-09-09 18:00:00","2026-09-10 09:00:00","CAPE","surface",-70.404,19.8603,2998
"2026-09-09 18:00:00","2026-09-10 09:00:00","CAPE","surface",-70.38,19.8603,2801
"2026-09-09 18:00:00","2026-09-10 09:00:00","CAPE","surface",-70.3561,19.8603,2552
"2026-09-09 18:00:00","2026-09-10 09:00:00","CAPE","surface",-70.3322,19.8603,2552
"2026-09-09 18:00:00","2026-09-10 09:00:00","CAPE","surface",-70.3083,19.8603,2605
"2026-09-09 18:00:00","2026-09-10 09:00:00","CAPE","surface",-70.2843,19.8603,2650
"2026-09-09 18:00:00","2026-09-10 09:00:00","CAPE","surface",-70.2604,19.8603,2762
"2026-09-09 18:00:00","2026-09-10 09:00:00","CAPE","surface",-70.2365,19.8603,2802
"2026-09-09 18:00:00","2026-09-10 09:00:00","CAPE","surface",-70.2126,19.8603,2868
"2026-09-09 18:00:00","2026-09-10 09:00:00","CAPE","surface",-70.1886,19.8603,2931
"2026-09-09 18:00:00","2026-09-10 09:00:00","CAPE","surface",-70.1647,19.8603,2979
"2026-09-09 18:00:00","2026-09-10 09:00:00","CAPE","surface",-70.1408,19.8603,2980
"2026-09-09 18:00:00","2026-09-10 09:00:00","CAPE","surface",-70.1169,19.8603,2980
"2026-09-09 18:00:00","2026-09-10 09:00:00","CAPE","surface",-70.0929,19.8603,2886
"2026-09-09 18:00:00","2026-09-10 09:00:00","CAPE","surface",-70.069,19.8603,2840
"2026-09-09 18:00:00","2026-09-10 09:00:00","CAPE","surface",-70.0451,19.8603,2629
"2026-09-09 18:00:00","2026-09-10 09:00:00","CAPE","surface",-70.0212,19.8603,2590
"2026-09-09 18:00:00","2026-09-10 09:00:00","CAPE","surface",-69.9972,19.8603,2568
"2026-09-09 18:00:00","2026-09-10 09:00:00","CAPE","surface",-69.9733,19.8603,2580
"2026-09-09 18:00:00","2026-09-10 09:00:00","CAPE","surface",-69.9494,19.8603,2672
"2026-09-09 18:00:00","2026-09-10 09:00:00","CAPE","surface",-69.9255,19.8603,2753
"2026-09-09 18:00:00","2026-09-10 09:00:00","CAPE","surface",-69.9015,19.8603,2753
"2026-09-09 18:00:00","2026-09-10 09:00:00","CAPE","surface",-69.8776,19.8603,2754
"2026-09-09 18:00:00","2026-09-10 09:00:00","CAPE","surface",-69.8537,19.8603,2722
"2026-09-09 18:00:00","2026-09-10 09:00:00","CAPE","surface",-69.8298,19.8603,2674
"2026-09-09 18:00:00","2026-09-10 09:00:00","CAPE","surface",-69.8058,19.8603,2675
"2026-09-09 18:00:00","2026-09-10 09:00:00","CAPE","surface",-69.7819,19.8603,2720
"2026-09-09 18:00:00","2026-09-10 09:00:00","CAPE","surface",-69.758,19.8603,2698
"2026-09-09 18:00:00","2026-09-10 09:00:00","CAPE","surface",-69.7341,19.8603,2753
"2026-09-09 18:00:00","2026-09-10 09:00:00","CAPE","surface",-69.7101,19.8603,2737
"2026-09-09 18:00:00","2026-09-10 09:00:00","CAPE","surface",-69.6862,19.8603,2786
"2026-09-09 18:00:00","2026-09-10 09:00:00","CAPE","surface",-69.6623,19.8603,2810
"2026-09-09 18:00:00","2026-09-10 09:00:00","CAPE","surface",-69.6384,19.8603,2787
"2026-09-09 18:00:00","2026-09-10 09:00:00","CAPE","surface",-69.6144,19.8603,2684
"2026-09-09 18:00:00","2026-09-10 09:00:00","CAPE","surface",-69.5905,19.8603,2684
"2026-09-09 18:00:00","2026-09-10 09:00:00","CAPE","surface",-69.5666,19.8603,2748
"2026-09-09 18:00:00","2026-09-10 09:00:00","CAPE","surface",-69.5427,19.8603,2935
"2026-09-09 18:00:00","2026-09-10 09:00:00","CAPE","surface",-69.5187,19.8603,2990
"2026-09-09 18:00:00","2026-09-10 09:00:00","CAPE","surface",-69.4948,19.8603,3001
"2026-09-09 18:00:00","2026-09-10 09:00:00","CAPE","surface",-69.4709,19.8603,2860
"2026-09-09 18:00:00","2026-09-10 09:00:00","CAPE","surface",-69.447,19.8603,2932
"2026-09-09 18:00:00","2026-09-10 09:00:00","CAPE","surface",-69.423,19.8603,2891
"2026-09-09 18:00:00","2026-09-10 09:00:00","CAPE","surface",-69.3991,19.8603,2911
"2026-09-09 18:00:00","2026-09-10 09:00:00","CAPE","surface",-69.3752,19.8603,2805
"2026-09-09 18:00:00","2026-09-10 09:00:00","CAPE","surface",-69.3513,19.8603,2710
"2026-09-09 18:00:00","2026-09-10 09:00:00","CAPE","surface",-69.3273,19.8603,2703
"2026-09-09 18:00:00","2026-09-10 09:00:00","CAPE","surface",-69.3034,19.8603,2737
"2026-09-09 18:00:00","2026-09-10 09:00:00","CAPE","surface",-69.2795,19.8603,2737
"2026-09-09 18:00:00","2026-09-10 09:00:00","CAPE","surface",-69.2556,19.8603,2741
"2026-09-09 18:00:00","2026-09-10 09:00:00","CAPE","surface",-69.2316,19.8603,2746
"2026-09-09 18:00:00","2026-09-10 09:00:00","CAPE","surface",-69.2077,19.8603,2775
"2026-09-09 18:00:00","2026-09-10 09:00:00","CAPE","surface",-69.1838,19.8603,2830
"2026-09-09 18:00:00","2026-09-10 09:00:00","CAPE","surface",-69.1599,19.8603,2842
"2026-09-09 18:00:00","2026-09-10 09:00:00","CAPE","surface",-69.1359,19.8603,2858
"2026-09-09 18:00:00","2026-09-10 09:00:00","CAPE","surface",-69.112,19.8603,2875
"2026-09-09 18:00:00","2026-09-10 09:00:00","CAPE","surface",-69.0881,19.8603,2856
"2026-09-09 18:00:00","2026-09-10 09:00:00","CAPE","surface",-69.0642,19.8603,2856
"2026-09-09 18:00:00","2026-09-10 09:00:00","CAPE","surface",-69.0402,19.8603,2887
"2026-09-09 18:00:00","2026-09-10 09:00:00","CAPE","surface",-69.0163,19.8603,3013
"2026-09-09 18:00:00","2026-09-10 09:00:00","CAPE","surface",-68.9924,19.8603,3099
"2026-09-09 18:00:00","2026-09-10 09:00:00","CAPE","surface",-68.9685,19.8603,3099
"2026-09-09 18:00:00","2026-09-10 09:00:00","CAPE","surface",-68.9445,19.8603,3154
"2026-09-09 18:00:00","2026-09-10 09:00:00","CAPE","surface",-68.9206,19.8603,3245
"2026-09-09 18:00:00","2026-09-10 09:00:00","CAPE","surface",-68.8967,19.8603,3221
"2026-09-09 18:00:00","2026-09-10 09:00:00","CAPE","surface",-68.8728,19.8603,3173
"2026-09-09 18:00:00","2026-09-10 09:00:00","CAPE","surface",-68.8488,19.8603,3214
"2026-09-09 18:00:00","2026-09-10 09:00:00","CAPE","surface",-68.8249,19.8603,3198
"2026-09-09 18:00:00","2026-09-10 09:00:00","CAPE","surface",-68.801,19.8603,3220
"2026-09-09 18:00:00","2026-09-10 09:00:00","CAPE","surface",-68.7771,19.8603,3083
"2026-09-09 18:00:00","2026-09-10 09:00:00","CAPE","surface",-68.7531,19.8603,3083
"2026-09-09 18:00:00","2026-09-10 09:00:00","CAPE","surface",-68.7292,19.8603,2992
"2026-09-09 18:00:00","2026-09-10 09:00:00","CAPE","surface",-68.7053,19.8603,2823
"2026-09-09 18:00:00","2026-09-10 09:00:00","CAPE","surface",-68.6813,19.8603,2999
"2026-09-09 18:00:00","2026-09-10 09:00:00","CAPE","surface",-68.6574,19.8603,2999
"2026-09-09 18:00:00","2026-09-10 09:00:00","CAPE","surface",-68.6335,19.8603,3390
"2026-09-09 18:00:00","2026-09-10 09:00:00","CAPE","surface",-68.6096,19.8603,3636
"2026-09-09 18:00:00","2026-09-10 09:00:00","CAPE","surface",-68.5856,19.8603,3644
"2026-09-09 18:00:00","2026-09-10 09:00:00","CAPE","surface",-68.5617,19.8603,3712
"2026-09-09 18:00:00","2026-09-10 09:00:00","CAPE","surface",-68.5378,19.8603,3693
"2026-09-09 18:00:00","2026-09-10 09:00:00","CAPE","surface",-68.5139,19.8603,3495
"2026-09-09 18:00:00","2026-09-10 09:00:00","CAPE","surface",-68.4899,19.8603,3486
"2026-09-09 18:00:00","2026-09-10 09:00:00","CAPE","surface",-68.466,19.8603,3246
"2026-09-09 18:00:00","2026-09-10 09:00:00","CAPE","surface",-68.4421,19.8603,3301
"2026-09-09 18:00:00","2026-09-10 09:00:00","CAPE","surface",-68.4182,19.8603,3262
"2026-09-09 18:00:00","2026-09-10 09:00:00","CAPE","surface",-68.3942,19.8603,3376
"2026-09-09 18:00:00","2026-09-10 09:00:00","CAPE","surface",-68.3703,19.8603,3376
"2026-09-09 18:00:00","2026-09-10 09:00:00","CAPE","surface",-68.3464,19.8603,3416
"2026-09-09 18:00:00","2026-09-10 09:00:00","CAPE","surface",-68.3225,19.8603,3440
"2026-09-09 18:00:00","2026-09-10 09:00:00","CAPE","surface",-68.2985,19.8603,2947
"2026-09-09 18:00:00","2026-09-10 09:00:00","CAPE","surface",-68.2746,19.8603,2947
"2026-09-09 18:00:00","2026-09-10 09:00:00","CAPE","surface",-68.2507,19.8603,2838
"2026-09-09 18:00:00","2026-09-10 09:00:00","CAPE","surface",-68.2268,19.8603,2856
"2026-09-09 18:00:00","2026-09-10 09:00:00","CAPE","surface",-68.2028,19.8603,2954
"2026-09-09 18:00:00","2026-09-10 09:00:00","CAPE","surface",-68.1789,19.8603,3033
"2026-09-09 18:00:00","2026-09-10 09:00:00","CAPE","surface",-68.155,19.8603,3033
"2026-09-09 18:00:00","2026-09-10 09:00:00","CAPE","surface",-68.1311,19.8603,3065
"2026-09-09 18:00:00","2026-09-10 09:00:00","CAPE","surface",-68.1071,19.8603,3089
"2026-09-09 18:00:00","2026-09-10 09:00:00","CAPE","surface",-68.0832,19.8603,2963
"2026-09-09 18:00:00","2026-09-10 09:00:00","CAPE","surface",-68.0593,19.8603,2963
"2026-09-09 18:00:00","2026-09-10 09:00:00","CAPE","surface",-68.0354,19.8603,2922
"2026-09-09 18:00:00","2026-09-10 09:00:00","CAPE","surface",-68.0114,19.8603,2934
"2026-09-09 18:00:00","2026-09-10 09:00:00","CAPE","surface",-67.9875,19.8603,2986
"2026-09-09 18:00:00","2026-09-10 09:00:00","CAPE","surface",-67.9636,19.8603,3108
"2026-09-09 18:00:00","2026-09-10 09:00:00","CAPE","surface",-67.9397,19.8603,3089
"2026-09-09 18:00:00","2026-09-10 09:00:00","CAPE","surface",-67.9157,19.8603,3163
"2026-09-09 18:00:00","2026-09-10 09:00:00","CAPE","surface",-67.8918,19.8603,3190
"2026-09-09 18:00:00","2026-09-10 09:00:00","CAPE","surface",-67.8679,19.8603,3254
"2026-09-09 18:00:00","2026-09-10 09:00:00","CAPE","surface",-67.844,19.8603,3321
"2026-09-09 18:00:00","2026-09-10 09:00:00","CAPE","surface",-67.82,19.8603,3316
"2026-09-09 18:00:00","2026-09-10 09:00:00","CAPE","surface",-67.7961,19.8603,3360
"2026-09-09 18:00:00","2026-09-10 09:00:00","CAPE","surface",-67.7722,19.8603,3275
"2026-09-09 18:00:00","2026-09-10 09:00:00","CAPE","surface",-67.7483,19.8603,3232
"2026-09-09 18:00:00","2026-09-10 09:00:00","CAPE","surface",-67.7243,19.8603,3285
"2026-09-09 18:00:00","2026-09-10 09:00:00","CAPE","surface",-67.7004,19.8603,3266
"2026-09-09 18:00:00","2026-09-10 09:00:00","CAPE","surface",-67.6765,19.8603,3266
"2026-09-09 18:00:00","2026-09-10 09:00:00","CAPE","surface",-67.6526,19.8603,3198
"2026-09-09 18:00:00","2026-09-10 09:00:00","CAPE","surface",-67.6286,19.8603,3141
"2026-09-09 18:00:00","2026-09-10 09:00:00","CAPE","surface",-67.6047,19.8603,3063
"2026-09-09 18:00:00","2026-09-10 09:00:00","CAPE","surface",-67.5808,19.8603,3063
"2026-09-09 18:00:00","2026-09-10 09:00:00","CAPE","surface",-67.5569,19.8603,2889
"2026-09-09 18:00:00","2026-09-10 09:00:00","CAPE","surface",-67.5329,19.8603,2609
"2026-09-09 18:00:00","2026-09-10 09:00:00","CAPE","surface",-67.509,19.8603,2282
"2026-09-09 18:00:00","2026-09-10 09:00:00","CAPE","surface",-67.4851,19.8603,2259
"2026-09-09 18:00:00","2026-09-10 09:00:00","CAPE","surface",-67.4612,19.8603,2011
"2026-09-09 18:00:00","2026-09-10 09:00:00","CAPE","surface",-67.4372,19.8603,1775
"2026-09-09 18:00:00","2026-09-10 09:00:00","CAPE","surface",-67.4133,19.8603,1109
"2026-09-09 18:00:00","2026-09-10 09:00:00","CAPE","surface",-67.3894,19.8603,1430
"2026-09-09 18:00:00","2026-09-10 09:00:00","CAPE","surface",-67.3655,19.8603,1111
"2026-09-09 18:00:00","2026-09-10 09:00:00","CAPE","surface",-67.3415,19.8603,472
"2026-09-09 18:00:00","2026-09-10 09:00:00","CAPE","surface",-67.3176,19.8603,528
"2026-09-09 18:00:00","2026-09-10 09:00:00","CAPE","surface",-67.2937,19.8603,528
"2026-09-09 18:00:00","2026-09-10 09:00:00","CAPE","surface",-67.2698,19.8603,803
"2026-09-09 18:00:00","2026-09-10 09:00:00","CAPE","surface",-67.2458,19.8603,750
"2026-09-09 18:00:00","2026-09-10 09:00:00","CAPE","surface",-67.2219,19.8603,1480
"2026-09-09 18:00:00","2026-09-10 09:00:00","CAPE","surface",-67.198,19.8603,1480
"2026-09-09 18:00:00","2026-09-10 09:00:00","CAPE","surface",-67.1741,19.8603,2195
"2026-09-09 18:00:00","2026-09-10 09:00:00","CAPE","surface",-67.1501,19.8603,2474
"2026-09-09 18:00:00","2026-09-10 09:00:00","CAPE","surface",-67.1262,19.8603,2542
"2026-09-09 18:00:00","2026-09-10 09:00:00","CAPE","surface",-67.1023,19.8603,2689
"2026-09-09 18:00:00","2026-09-10 09:00:00","CAPE","surface",-67.0784,19.8603,2809
"2026-09-09 18:00:00","2026-09-10 09:00:00","CAPE","surface",-67.0544,19.8603,3027
"2026-09-09 18:00:00","2026-09-10 09:00:00","CAPE","surface",-67.0305,19.8603,3083
"2026-09-09 18:00:00","2026-09-10 09:00:00","CAPE","surface",-67.0066,19.8603,3004
"2026-09-09 18:00:00","2026-09-10 09:00:00","CAPE","surface",-74.7822,19.8828,2521
"2026-09-09 18:00:00","2026-09-10 09:00:00","CAPE","surface",-74.7583,19.8828,2505
"2026-09-09 18:00:00","2026-09-10 09:00:00","CAPE","surface",-74.7344,19.8828,2390
"2026-09-09 18:00:00","2026-09-10 09:00:00","CAPE","surface",-74.7105,19.8828,2385
"2026-09-09 18:00:00","2026-09-10 09:00:00","CAPE","surface",-74.6865,19.8828,2192
"2026-09-09 18:00:00","2026-09-10 09:00:00","CAPE","surface",-74.6626,19.8828,2143
"2026-09-09 18:00:00","2026-09-10 09:00:00","CAPE","surface",-74.6387,19.8828,2143
"2026-09-09 18:00:00","2026-09-10 09:00:00","CAPE","surface",-74.6148,19.8828,2171
"2026-09-09 18:00:00","2026-09-10 09:00:00","CAPE","surface",-74.5908,19.8828,2109
"2026-09-09 18:00:00","2026-09-10 09:00:00","CAPE","surface",-74.5669,19.8828,2228
"2026-09-09 18:00:00","2026-09-10 09:00:00","CAPE","surface",-74.543,19.8828,2238
"2026-09-09 18:00:00","2026-09-10 09:00:00","CAPE","surface",-74.5191,19.8828,2325
"2026-09-09 18:00:00","2026-09-10 09:00:00","CAPE","surface",-74.4951,19.8828,2380
"2026-09-09 18:00:00","2026-09-10 09:00:00","CAPE","surface",-74.4712,19.8828,2470
"2026-09-09 18:00:00","2026-09-10 09:00:00","CAPE","surface",-74.4473,19.8828,2573
"2026-09-09 18:00:00","2026-09-10 09:00:00","CAPE","surface",-74.4234,19.8828,2664
"2026-09-09 18:00:00","2026-09-10 09:00:00","CAPE","surface",-74.3994,19.8828,2664
"2026-09-09 18:00:00","2026-09-10 09:00:00","CAPE","surface",-74.3755,19.8828,2690
"2026-09-09 18:00:00","2026-09-10 09:00:00","CAPE","surface",-74.3516,19.8828,2742
"2026-09-09 18:00:00","2026-09-10 09:00:00","CAPE","surface",-74.3277,19.8828,2624
"2026-09-09 18:00:00","2026-09-10 09:00:00","CAPE","surface",-74.3037,19.8828,2639
"2026-09-09 18:00:00","2026-09-10 09:00:00","CAPE","surface",-74.2798,19.8828,2467
"2026-09-09 18:00:00","2026-09-10 09:00:00","CAPE","surface",-74.2559,19.8828,2467
"2026-09-09 18:00:00","2026-09-10 09:00:00","CAPE","surface",-74.232,19.8828,2405
"2026-09-09 18:00:00","2026-09-10 09:00:00","CAPE","surface",-74.208,19.8828,2415
"2026-09-09 18:00:00","2026-09-10 09:00:00","CAPE","surface",-74.1841,19.8828,2464
"2026-09-09 18:00:00","2026-09-10 09:00:00","CAPE","surface",-74.1602,19.8828,2568
"2026-09-09 18:00:00","2026-09-10 09:00:00","CAPE","surface",-74.1363,19.8828,2568
"2026-09-09 18:00:00","2026-09-10 09:00:00","CAPE","surface",-74.1123,19.8828,2663
"2026-09-09 18:00:00","2026-09-10 09:00:00","CAPE","surface",-74.0884,19.8828,2665
"2026-09-09 18:00:00","2026-09-10 09:00:00","CAPE","surface",-74.0645,19.8828,2614
"2026-09-09 18:00:00","2026-09-10 09:00:00","CAPE","surface",-74.0406,19.8828,2645
"2026-09-09 18:00:00","2026-09-10 09:00:00","CAPE","surface",-74.0166,19.8828,2537
"2026-09-09 18:00:00","2026-09-10 09:00:00","CAPE","surface",-73.9927,19.8828,2537
"2026-09-09 18:00:00","2026-09-10 09:00:00","CAPE","surface",-73.9688,19.8828,2348
"2026-09-09 18:00:00","2026-09-10 09:00:00","CAPE","surface",-73.9449,19.8828,2326
"2026-09-09 18:00:00","2026-09-10 09:00:00","CAPE","surface",-73.9209,19.8828,2243
"2026-09-09 18:00:00","2026-09-10 09:00:00","CAPE","surface",-73.897,19.8828,2238
"2026-09-09 18:00:00","2026-09-10 09:00:00","CAPE","surface",-73.8731,19.8828,2218
"2026-09-09 18:00:00","2026-09-10 09:00:00","CAPE","surface",-73.8492,19.8828,2189
"2026-09-09 18:00:00","2026-09-10 09:00:00","CAPE","surface",-73.8252,19.8828,1978
"2026-09-09 18:00:00","2026-09-10 09:00:00","CAPE","surface",-73.8013,19.8828,1953
"2026-09-09 18:00:00","2026-09-10 09:00:00","CAPE","surface",-73.7774,19.8828,1780
"2026-09-09 18:00:00","2026-09-10 09:00:00","CAPE","surface",-73.7535,19.8828,1780
"2026-09-09 18:00:00","2026-09-10 09:00:00","CAPE","surface",-73.7295,19.8828,1721
"2026-09-09 18:00:00","2026-09-10 09:00:00","CAPE","surface",-73.7056,19.8828,1686
"2026-09-09 18:00:00","2026-09-10 09:00:00","CAPE","surface",-73.6817,19.8828,1669
"2026-09-09 18:00:00","2026-09-10 09:00:00","CAPE","surface",-73.6578,19.8828,1642
"2026-09-09 18:00:00","2026-09-10 09:00:00","CAPE","surface",-73.6338,19.8828,1576
"2026-09-09 18:00:00","2026-09-10 09:00:00","CAPE","surface",-73.6099,19.8828,1576
"2026-09-09 18:00:00","2026-09-10 09:00:00","CAPE","surface",-73.586,19.8828,1509
"2026-09-09 18:00:00","2026-09-10 09:00:00","CAPE","surface",-73.5621,19.8828,1473
"2026-09-09 18:00:00","2026-09-10 09:00:00","CAPE","surface",-73.5381,19.8828,1429
"2026-09-09 18:00:00","2026-09-10 09:00:00","CAPE","surface",-73.5142,19.8828,1365
"2026-09-09 18:00:00","2026-09-10 09:00:00","CAPE","surface",-73.4903,19.8828,1447
"2026-09-09 18:00:00","2026-09-10 09:00:00","CAPE","surface",-73.4664,19.8828,1381
"2026-09-09 18:00:00","2026-09-10 09:00:00","CAPE","surface",-73.4424,19.8828,1409
"2026-09-09 18:00:00","2026-09-10 09:00:00","CAPE","surface",-73.4185,19.8828,1324
"2026-09-09 18:00:00","2026-09-10 09:00:00","CAPE","surface",-73.3946,19.8828,1307
"2026-09-09 18:00:00","2026-09-10 09:00:00","CAPE","surface",-73.3707,19.8828,1307
"2026-09-09 18:00:00","2026-09-10 09:00:00","CAPE","surface",-73.3467,19.8828,1318
"2026-09-09 18:00:00","2026-09-10 09:00:00","CAPE","surface",-73.3228,19.8828,1246
"2026-09-09 18:00:00","2026-09-10 09:00:00","CAPE","surface",-73.2989,19.8828,1252
"2026-09-09 18:00:00","2026-09-10 09:00:00","CAPE","surface",-73.275,19.8828,1218
"2026-09-09 18:00:00","2026-09-10 09:00:00","CAPE","surface",-73.251,19.8828,1244
"2026-09-09 18:00:00","2026-09-10 09:00:00","CAPE","surface",-73.2271,19.8828,1089
"2026-09-09 18:00:00","2026-09-10 09:00:00","CAPE","surface",-73.2032,19.8828,657
"2026-09-09 18:00:00","2026-09-10 09:00:00","CAPE","surface",-73.1793,19.8828,526
"2026-09-09 18:00:00","2026-09-10 09:00:00","CAPE","surface",-73.1553,19.8828,646
"2026-09-09 18:00:00","2026-09-10 09:00:00","CAPE","surface",-73.1314,19.8828,646
"2026-09-09 18:00:00","2026-09-10 09:00:00","CAPE","surface",-73.1075,19.8828,748
"2026-09-09 18:00:00","2026-09-10 09:00:00","CAPE","surface",-73.0836,19.8828,616
"2026-09-09 18:00:00","2026-09-10 09:00:00","CAPE","surface",-73.0596,19.8828,639
"2026-09-09 18:00:00","2026-09-10 09:00:00","CAPE","surface",-73.0357,19.8828,627
"2026-09-09 18:00:00","2026-09-10 09:00:00","CAPE","surface",-73.0118,19.8828,627
"2026-09-09 18:00:00","2026-09-10 09:00:00","CAPE","surface",-72.9879,19.8828,701
"2026-09-09 18:00:00","2026-09-10 09:00:00","CAPE","surface",-72.9639,19.8828,532
"2026-09-09 18:00:00","2026-09-10 09:00:00","CAPE","surface",-72.94,19.8828,557
"2026-09-09 18:00:00","2026-09-10 09:00:00","CAPE","surface",-72.9161,19.8828,535
"2026-09-09 18:00:00","2026-09-10 09:00:00","CAPE","surface",-72.8922,19.8828,569
"2026-09-09 18:00:00","2026-09-10 09:00:00","CAPE","surface",-72.8682,19.8828,553
"2026-09-09 18:00:00","2026-09-10 09:00:00","CAPE","surface",-72.8443,19.8828,553
"2026-09-09 18:00:00","2026-09-10 09:00:00","CAPE","surface",-72.8204,19.8828,547
"2026-09-09 18:00:00","2026-09-10 09:00:00","CAPE","surface",-72.7965,19.8828,557
"2026-09-09 18:00:00","2026-09-10 09:00:00","CAPE","surface",-72.7725,19.8828,557
"2026-09-09 18:00:00","2026-09-10 09:00:00","CAPE","surface",-72.7486,19.8828,556
"2026-09-09 18:00:00","2026-09-10 09:00:00","CAPE","surface",-72.7247,19.8828,525
"2026-09-09 18:00:00","2026-09-10 09:00:00","CAPE","surface",-72.7008,19.8828,567
"2026-09-09 18:00:00","2026-09-10 09:00:00","CAPE","surface",-72.6768,19.8828,569
"2026-09-09 18:00:00","2026-09-10 09:00:00","CAPE","surface",-72.6529,19.8828,617
"2026-09-09 18:00:00","2026-09-10 09:00:00","CAPE","surface",-72.629,19.8828,571
"2026-09-09 18:00:00","2026-09-10 09:00:00","CAPE","surface",-72.6051,19.8828,962
"2026-09-09 18:00:00","2026-09-10 09:00:00","CAPE","surface",-72.5811,19.8828,851
"2026-09-09 18:00:00","2026-09-10 09:00:00","CAPE","surface",-72.5572,19.8828,969
"2026-09-09 18:00:00","2026-09-10 09:00:00","CAPE","surface",-72.5333,19.8828,969
"2026-09-09 18:00:00","2026-09-10 09:00:00","CAPE","surface",-72.5094,19.8828,1301
"2026-09-09 18:00:00","2026-09-10 09:00:00","CAPE","surface",-72.4854,19.8828,1225
"2026-09-09 18:00:00","2026-09-10 09:00:00","CAPE","surface",-72.4615,19.8828,1642
"2026-09-09 18:00:00","2026-09-10 09:00:00","CAPE","surface",-72.4376,19.8828,1625
"2026-09-09 18:00:00","2026-09-10 09:00:00","CAPE","surface",-72.4137,19.8828,1752
"2026-09-09 18:00:00","2026-09-10 09:00:00","CAPE","surface",-72.3897,19.8828,1698
"2026-09-09 18:00:00","2026-09-10 09:00:00","CAPE","surface",-72.3658,19.8828,1681
"2026-09-09 18:00:00","2026-09-10 09:00:00","CAPE","surface",-72.3419,19.8828,1639
"2026-09-09 18:00:00","2026-09-10 09:00:00","CAPE","surface",-72.318,19.8828,1611
"2026-09-09 18:00:00","2026-09-10 09:00:00","CAPE","surface",-72.294,19.8828,1646
"2026-09-09 18:00:00","2026-09-10 09:00:00","CAPE","surface",-72.2701,19.8828,1634
"2026-09-09 18:00:00","2026-09-10 09:00:00","CAPE","surface",-72.2462,19.8828,1669
"2026-09-09 18:00:00","2026-09-10 09:00:00","CAPE","surface",-72.2223,19.8828,1635
"2026-09-09 18:00:00","2026-09-10 09:00:00","CAPE","surface",-72.1983,19.8828,1640
"2026-09-09 18:00:00","2026-09-10 09:00:00","CAPE","surface",-72.1744,19.8828,1640
"2026-09-09 18:00:00","2026-09-10 09:00:00","CAPE","surface",-72.1505,19.8828,1656
"2026-09-09 18:00:00","2026-09-10 09:00:00","CAPE","surface",-72.1266,19.8828,1623
"2026-09-09 18:00:00","2026-09-10 09:00:00","CAPE","surface",-72.1026,19.8828,1664
"2026-09-09 18:00:00","2026-09-10 09:00:00","CAPE","surface",-72.0787,19.8828,1628
"2026-09-09 18:00:00","2026-09-10 09:00:00","CAPE","surface",-72.0548,19.8828,1743
"2026-09-09 18:00:00","2026-09-10 09:00:00","CAPE","surface",-72.0309,19.8828,1690
"2026-09-09 18:00:00","2026-09-10 09:00:00","CAPE","surface",-72.0069,19.8828,1705
"2026-09-09 18:00:00","2026-09-10 09:00:00","CAPE","surface",-71.983,19.8828,1673
"2026-09-09 18:00:00","2026-09-10 09:00:00","CAPE","surface",-71.9591,19.8828,1638
"2026-09-09 18:00:00","2026-09-10 09:00:00","CAPE","surface",-71.9352,19.8828,1638
"2026-09-09 18:00:00","2026-09-10 09:00:00","CAPE","surface",-71.9112,19.8828,1568
"2026-09-09 18:00:00","2026-09-10 09:00:00","CAPE","surface",-71.8873,19.8828,1526
"2026-09-09 18:00:00","2026-09-10 09:00:00","CAPE","surface",-71.8634,19.8828,1506
"2026-09-09 18:00:00","2026-09-10 09:00:00","CAPE","surface",-71.8395,19.8828,1501
"2026-09-09 18:00:00","2026-09-10 09:00:00","CAPE","surface",-71.8155,19.8828,1501
"2026-09-09 18:00:00","2026-09-10 09:00:00","CAPE","surface",-71.7916,19.8828,1577
"2026-09-09 18:00:00","2026-09-10 09:00:00","CAPE","surface",-71.7677,19.8828,1494
"2026-09-09 18:00:00","2026-09-10 09:00:00","CAPE","surface",-71.7438,19.8828,1520
"2026-09-09 18:00:00","2026-09-10 09:00:00","CAPE","surface",-71.7198,19.8828,1520
"2026-09-09 18:00:00","2026-09-10 09:00:00","CAPE","surface",-71.6959,19.8828,1536
"2026-09-09 18:00:00","2026-09-10 09:00:00","CAPE","surface",-71.672,19.8828,1365
"2026-09-09 18:00:00","2026-09-10 09:00:00","CAPE","surface",-71.6481,19.8828,1327
"2026-09-09 18:00:00","2026-09-10 09:00:00","CAPE","surface",-71.6241,19.8828,992
"2026-09-09 18:00:00","2026-09-10 09:00:00","CAPE","surface",-71.6002,19.8828,1409
"2026-09-09 18:00:00","2026-09-10 09:00:00","CAPE","surface",-71.5763,19.8828,1088
"2026-09-09 18:00:00","2026-09-10 09:00:00","CAPE","surface",-71.5524,19.8828,1249
"2026-09-09 18:00:00","2026-09-10 09:00:00","CAPE","surface",-71.5284,19.8828,1152
"2026-09-09 18:00:00","2026-09-10 09:00:00","CAPE","surface",-71.5045,19.8828,1271
"2026-09-09 18:00:00","2026-09-10 09:00:00","CAPE","surface",-71.4806,19.8828,1271
"2026-09-09 18:00:00","2026-09-10 09:00:00","CAPE","surface",-71.4567,19.8828,1552
"2026-09-09 18:00:00","2026-09-10 09:00:00","CAPE","surface",-71.4327,19.8828,1621
"2026-09-09 18:00:00","2026-09-10 09:00:00","CAPE","surface",-71.4088,19.8828,1543
"2026-09-09 18:00:00","2026-09-10 09:00:00","CAPE","surface",-71.3849,19.8828,1549
"2026-09-09 18:00:00","2026-09-10 09:00:00","CAPE","surface",-71.361,19.8828,1549
"2026-09-09 18:00:00","2026-09-10 09:00:00","CAPE","surface",-71.337,19.8828,1544
"2026-09-09 18:00:00","2026-09-10 09:00:00","CAPE","surface",-71.3131,19.8828,1507
"2026-09-09 18:00:00","2026-09-10 09:00:00","CAPE","surface",-71.2892,19.8828,1485
"2026-09-09 18:00:00","2026-09-10 09:00:00","CAPE","surface",-71.2653,19.8828,1485
"2026-09-09 18:00:00","2026-09-10 09:00:00","CAPE","surface",-71.2413,19.8828,1478
"2026-09-09 18:00:00","2026-09-10 09:00:00","CAPE","surface",-71.2174,19.8828,1416
"2026-09-09 18:00:00","2026-09-10 09:00:00","CAPE","surface",-71.1935,19.8828,1417
"2026-09-09 18:00:00","2026-09-10 09:00:00","CAPE","surface",-71.1696,19.8828,1349
"2026-09-09 18:00:00","2026-09-10 09:00:00","CAPE","surface",-71.1456,19.8828,1418
"2026-09-09 18:00:00","2026-09-10 09:00:00","CAPE","surface",-71.1217,19.8828,1350
"2026-09-09 18:00:00","2026-09-10 09:00:00","CAPE","surface",-71.0978,19.8828,1303
"2026-09-09 18:00:00","2026-09-10 09:00:00","CAPE","surface",-71.0739,19.8828,1043
"2026-09-09 18:00:00","2026-09-10 09:00:00","CAPE","surface",-71.0499,19.8828,1026
"2026-09-09 18:00:00","2026-09-10 09:00:00","CAPE","surface",-71.026,19.8828,1092
"2026-09-09 18:00:00","2026-09-10 09:00:00","CAPE","surface",-71.0021,19.8828,1090
"2026-09-09 18:00:00","2026-09-10 09:00:00","CAPE","surface",-70.9782,19.8828,1111
"2026-09-09 18:00:00","2026-09-10 09:00:00","CAPE","surface",-70.9542,19.8828,1113
"2026-09-09 18:00:00","2026-09-10 09:00:00","CAPE","surface",-70.9303,19.8828,1424
"2026-09-09 18:00:00","2026-09-10 09:00:00","CAPE","surface",-70.9064,19.8828,1219
"2026-09-09 18:00:00","2026-09-10 09:00:00","CAPE","surface",-70.8825,19.8828,1486
"2026-09-09 18:00:00","2026-09-10 09:00:00","CAPE","surface",-70.8585,19.8828,1411
"2026-09-09 18:00:00","2026-09-10 09:00:00","CAPE","surface",-70.8346,19.8828,1821
"2026-09-09 18:00:00","2026-09-10 09:00:00","CAPE","surface",-70.8107,19.8828,1821
"2026-09-09 18:00:00","2026-09-10 09:00:00","CAPE","surface",-70.7868,19.8828,2383
"2026-09-09 18:00:00","2026-09-10 09:00:00","CAPE","surface",-70.7628,19.8828,2371
"2026-09-09 18:00:00","2026-09-10 09:00:00","CAPE","surface",-70.7389,19.8828,2549
"2026-09-09 18:00:00","2026-09-10 09:00:00","CAPE","surface",-70.715,19.8828,2549
"2026-09-09 18:00:00","2026-09-10 09:00:00","CAPE","surface",-70.6911,19.8828,2843
"2026-09-09 18:00:00","2026-09-10 09:00:00","CAPE","surface",-70.6671,19.8828,2983
"2026-09-09 18:00:00","2026-09-10 09:00:00","CAPE","surface",-70.6432,19.8828,2898
"2026-09-09 18:00:00","2026-09-10 09:00:00","CAPE","surface",-70.6193,19.8828,2768
"2026-09-09 18:00:00","2026-09-10 09:00:00","CAPE","surface",-70.5954,19.8828,2768
"2026-09-09 18:00:00","2026-09-10 09:00:00","CAPE","surface",-70.5714,19.8828,2792
"2026-09-09 18:00:00","2026-09-10 09:00:00","CAPE","surface",-70.5475,19.8828,2861
"2026-09-09 18:00:00","2026-09-10 09:00:00","CAPE","surface",-70.5236,19.8828,2997
"2026-09-09 18:00:00","2026-09-10 09:00:00","CAPE","surface",-70.4997,19.8828,2997
"2026-09-09 18:00:00","2026-09-10 09:00:00","CAPE","surface",-70.4757,19.8828,3116
"2026-09-09 18:00:00","2026-09-10 09:00:00","CAPE","surface",-70.4518,19.8828,3095
"2026-09-09 18:00:00","2026-09-10 09:00:00","CAPE","surface",-70.4279,19.8828,3189
"2026-09-09 18:00:00","2026-09-10 09:00:00","CAPE","surface",-70.404,19.8828,2998
"2026-09-09 18:00:00","2026-09-10 09:00:00","CAPE","surface",-70.38,19.8828,2691
"2026-09-09 18:00:00","2026-09-10 09:00:00","CAPE","surface",-70.3561,19.8828,2535
"2026-09-09 18:00:00","2026-09-10 09:00:00","CAPE","surface",-70.3322,19.8828,2547
"2026-09-09 18:00:00","2026-09-10 09:00:00","CAPE","surface",-70.3083,19.8828,2729
"2026-09-09 18:00:00","2026-09-10 09:00:00","CAPE","surface",-70.2843,19.8828,2729
"2026-09-09 18:00:00","2026-09-10 09:00:00","CAPE","surface",-70.2604,19.8828,2850
"2026-09-09 18:00:00","2026-09-10 09:00:00","CAPE","surface",-70.2365,19.8828,2850
"2026-09-09 18:00:00","2026-09-10 09:00:00","CAPE","surface",-70.2126,19.8828,2910
"2026-09-09 18:00:00","2026-09-10 09:00:00","CAPE","surface",-70.1886,19.8828,2931
"2026-09-09 18:00:00","2026-09-10 09:00:00","CAPE","surface",-70.1647,19.8828,2975
"2026-09-09 18:00:00","2026-09-10 09:00:00","CAPE","surface",-70.1408,19.8828,2974
"2026-09-09 18:00:00","2026-09-10 09:00:00","CAPE","surface",-70.1169,19.8828,2918
"2026-09-09 18:00:00","2026-09-10 09:00:00","CAPE","surface",-70.0929,19.8828,2886
"2026-09-09 18:00:00","2026-09-10 09:00:00","CAPE","surface",-70.069,19.8828,2837
"2026-09-09 18:00:00","2026-09-10 09:00:00","CAPE","surface",-70.0451,19.8828,2640
"2026-09-09 18:00:00","2026-09-10 09:00:00","CAPE","surface",-70.0212,19.8828,2561
"2026-09-09 18:00:00","2026-09-10 09:00:00","CAPE","surface",-69.9972,19.8828,2604
"2026-09-09 18:00:00","2026-09-10 09:00:00","CAPE","surface",-69.9733,19.8828,2642
"2026-09-09 18:00:00","2026-09-10 09:00:00","CAPE","surface",-69.9494,19.8828,2707
"2026-09-09 18:00:00","2026-09-10 09:00:00","CAPE","surface",-69.9255,19.8828,2736
"2026-09-09 18:00:00","2026-09-10 09:00:00","CAPE","surface",-69.9015,19.8828,2776
"2026-09-09 18:00:00","2026-09-10 09:00:00","CAPE","surface",-69.8776,19.8828,2754
"2026-09-09 18:00:00","2026-09-10 09:00:00","CAPE","surface",-69.8537,19.8828,2728
"2026-09-09 18:00:00","2026-09-10 09:00:00","CAPE","surface",-69.8298,19.8828,2691
"2026-09-09 18:00:00","2026-09-10 09:00:00","CAPE","surface",-69.8058,19.8828,2696
"2026-09-09 18:00:00","2026-09-10 09:00:00","CAPE","surface",-69.7819,19.8828,2720
"2026-09-09 18:00:00","2026-09-10 09:00:00","CAPE","surface",-69.758,19.8828,2830
"2026-09-09 18:00:00","2026-09-10 09:00:00","CAPE","surface",-69.7341,19.8828,2873
"2026-09-09 18:00:00","2026-09-10 09:00:00","CAPE","surface",-69.7101,19.8828,2809
"2026-09-09 18:00:00","2026-09-10 09:00:00","CAPE","surface",-69.6862,19.8828,2725
"2026-09-09 18:00:00","2026-09-10 09:00:00","CAPE","surface",-69.6623,19.8828,2710
"2026-09-09 18:00:00","2026-09-10 09:00:00","CAPE","surface",-69.6384,19.8828,2538
"2026-09-09 18:00:00","2026-09-10 09:00:00","CAPE","surface",-69.6144,19.8828,2537
"2026-09-09 18:00:00","2026-09-10 09:00:00","CAPE","surface",-69.5905,19.8828,2554
"2026-09-09 18:00:00","2026-09-10 09:00:00","CAPE","surface",-69.5666,19.8828,2748
"2026-09-09 18:00:00","2026-09-10 09:00:00","CAPE","surface",-69.5427,19.8828,2709
"2026-09-09 18:00:00","2026-09-10 09:00:00","CAPE","surface",-69.5187,19.8828,2892
"2026-09-09 18:00:00","2026-09-10 09:00:00","CAPE","surface",-69.4948,19.8828,2798
"2026-09-09 18:00:00","2026-09-10 09:00:00","CAPE","surface",-69.4709,19.8828,2745
"2026-09-09 18:00:00","2026-09-10 09:00:00","CAPE","surface",-69.447,19.8828,2824
"2026-09-09 18:00:00","2026-09-10 09:00:00","CAPE","surface",-69.423,19.8828,2781
"2026-09-09 18:00:00","2026-09-10 09:00:00","CAPE","surface",-69.3991,19.8828,2809
"2026-09-09 18:00:00","2026-09-10 09:00:00","CAPE","surface",-69.3752,19.8828,2741
"2026-09-09 18:00:00","2026-09-10 09:00:00","CAPE","surface",-69.3513,19.8828,2710
"2026-09-09 18:00:00","2026-09-10 09:00:00","CAPE","surface",-69.3273,19.8828,2735
"2026-09-09 18:00:00","2026-09-10 09:00:00","CAPE","surface",-69.3034,19.8828,2733
"2026-09-09 18:00:00","2026-09-10 09:00:00","CAPE","surface",-69.2795,19.8828,2750
"2026-09-09 18:00:00","2026-09-10 09:00:00","CAPE","surface",-69.2556,19.8828,2741
"2026-09-09 18:00:00","2026-09-10 09:00:00","CAPE","surface",-69.2316,19.8828,2747
"2026-09-09 18:00:00","2026-09-10 09:00:00","CAPE","surface",-69.2077,19.8828,2764
"2026-09-09 18:00:00","2026-09-10 09:00:00","CAPE","surface",-69.1838,19.8828,2797
"2026-09-09 18:00:00","2026-09-10 09:00:00","CAPE","surface",-69.1599,19.8828,2845
"2026-09-09 18:00:00","2026-09-10 09:00:00","CAPE","surface",-69.1359,19.8828,2845
"2026-09-09 18:00:00","2026-09-10 09:00:00","CAPE","surface",-69.112,19.8828,2839
"2026-09-09 18:00:00","2026-09-10 09:00:00","CAPE","surface",-69.0881,19.8828,2843
"2026-09-09 18:00:00","2026-09-10 09:00:00","CAPE","surface",-69.0642,19.8828,2857
"2026-09-09 18:00:00","2026-09-10 09:00:00","CAPE","surface",-69.0402,19.8828,2887
"2026-09-09 18:00:00","2026-09-10 09:00:00","CAPE","surface",-69.0163,19.8828,2914
"2026-09-09 18:00:00","2026-09-10 09:00:00","CAPE","surface",-68.9924,19.8828,2983
"2026-09-09 18:00:00","2026-09-10 09:00:00","CAPE","surface",-68.9685,19.8828,3037
"2026-09-09 18:00:00","2026-09-10 09:00:00","CAPE","surface",-68.9445,19.8828,3083
"2026-09-09 18:00:00","2026-09-10 09:00:00","CAPE","surface",-68.9206,19.8828,3083
"2026-09-09 18:00:00","2026-09-10 09:00:00","CAPE","surface",-68.8967,19.8828,3151
"2026-09-09 18:00:00","2026-09-10 09:00:00","CAPE","surface",-68.8728,19.8828,3173
"2026-09-09 18:00:00","2026-09-10 09:00:00","CAPE","surface",-68.8488,19.8828,3165
"2026-09-09 18:00:00","2026-09-10 09:00:00","CAPE","surface",-68.8249,19.8828,3165
"2026-09-09 18:00:00","2026-09-10 09:00:00","CAPE","surface",-68.801,19.8828,3158
"2026-09-09 18:00:00","2026-09-10 09:00:00","CAPE","surface",-68.7771,19.8828,3174
"2026-09-09 18:00:00","2026-09-10 09:00:00","CAPE","surface",-68.7531,19.8828,3168
"2026-09-09 18:00:00","2026-09-10 09:00:00","CAPE","surface",-68.7292,19.8828,3295
"2026-09-09 18:00:00","2026-09-10 09:00:00","CAPE","surface",-68.7053,19.8828,3240
"2026-09-09 18:00:00","2026-09-10 09:00:00","CAPE","surface",-68.6813,19.8828,3396
"2026-09-09 18:00:00","2026-09-10 09:00:00","CAPE","surface",-68.6574,19.8828,3377
"2026-09-09 18:00:00","2026-09-10 09:00:00","CAPE","surface",-68.6335,19.8828,3521
"2026-09-09 18:00:00","2026-09-10 09:00:00","CAPE","surface",-68.6096,19.8828,3521
"2026-09-09 18:00:00","2026-09-10 09:00:00","CAPE","surface",-68.5856,19.8828,3622
"2026-09-09 18:00:00","2026-09-10 09:00:00","CAPE","surface",-68.5617,19.8828,3712
"2026-09-09 18:00:00","2026-09-10 09:00:00","CAPE","surface",-68.5378,19.8828,3457
"2026-09-09 18:00:00","2026-09-10 09:00:00","CAPE","surface",-68.5139,19.8828,3084
"2026-09-09 18:00:00","2026-09-10 09:00:00","CAPE","surface",-68.4899,19.8828,3164
"2026-09-09 18:00:00","2026-09-10 09:00:00","CAPE","surface",-68.466,19.8828,3122
"2026-09-09 18:00:00","2026-09-10 09:00:00","CAPE","surface",-68.4421,19.8828,3189
"2026-09-09 18:00:00","2026-09-10 09:00:00","CAPE","surface",-68.4182,19.8828,3229
"2026-09-09 18:00:00","2026-09-10 09:00:00","CAPE","surface",-68.3942,19.8828,3284
"2026-09-09 18:00:00","2026-09-10 09:00:00","CAPE","surface",-68.3703,19.8828,3387
"2026-09-09 18:00:00","2026-09-10 09:00:00","CAPE","surface",-68.3464,19.8828,3416
"2026-09-09 18:00:00","2026-09-10 09:00:00","CAPE","surface",-68.3225,19.8828,3087
"2026-09-09 18:00:00","2026-09-10 09:00:00","CAPE","surface",-68.2985,19.8828,3020
"2026-09-09 18:00:00","2026-09-10 09:00:00","CAPE","surface",-68.2746,19.8828,2845
"2026-09-09 18:00:00","2026-09-10 09:00:00","CAPE","surface",-68.2507,19.8828,2842
"2026-09-09 18:00:00","2026-09-10 09:00:00","CAPE","surface",-68.2268,19.8828,2842
"2026-09-09 18:00:00","2026-09-10 09:00:00","CAPE","surface",-68.2028,19.8828,2944
"2026-09-09 18:00:00","2026-09-10 09:00:00","CAPE","surface",-68.1789,19.8828,2987
"2026-09-09 18:00:00","2026-09-10 09:00:00","CAPE","surface",-68.155,19.8828,3041
"2026-09-09 18:00:00","2026-09-10 09:00:00","CAPE","surface",-68.1311,19.8828,3041
"2026-09-09 18:00:00","2026-09-10 09:00:00","CAPE","surface",-68.1071,19.8828,3032
"2026-09-09 18:00:00","2026-09-10 09:00:00","CAPE","surface",-68.0832,19.8828,2996
"2026-09-09 18:00:00","2026-09-10 09:00:00","CAPE","surface",-68.0593,19.8828,2935
"2026-09-09 18:00:00","2026-09-10 09:00:00","CAPE","surface",-68.0354,19.8828,2948
"2026-09-09 18:00:00","2026-09-10 09:00:00","CAPE","surface",-68.0114,19.8828,2963
"2026-09-09 18:00:00","2026-09-10 09:00:00","CAPE","surface",-67.9875,19.8828,3101
"2026-09-09 18:00:00","2026-09-10 09:00:00","CAPE","surface",-67.9636,19.8828,3108
"2026-09-09 18:00:00","2026-09-10 09:00:00","CAPE","surface",-67.9397,19.8828,3196
"2026-09-09 18:00:00","2026-09-10 09:00:00","CAPE","surface",-67.9157,19.8828,3173
"2026-09-09 18:00:00","2026-09-10 09:00:00","CAPE","surface",-67.8918,19.8828,3223
"2026-09-09 18:00:00","2026-09-10 09:00:00","CAPE","surface",-67.8679,19.8828,3254
"2026-09-09 18:00:00","2026-09-10 09:00:00","CAPE","surface",-67.844,19.8828,3226
"2026-09-09 18:00:00","2026-09-10 09:00:00","CAPE","surface",-67.82,19.8828,3191
"2026-09-09 18:00:00","2026-09-10 09:00:00","CAPE","surface",-67.7961,19.8828,3235
"2026-09-09 18:00:00","2026-09-10 09:00:00","CAPE","surface",-67.7722,19.8828,3209
"2026-09-09 18:00:00","2026-09-10 09:00:00","CAPE","surface",-67.7483,19.8828,3232
"2026-09-09 18:00:00","2026-09-10 09:00:00","CAPE","surface",-67.7243,19.8828,3145
"2026-09-09 18:00:00","2026-09-10 09:00:00","CAPE","surface",-67.7004,19.8828,3178
"2026-09-09 18:00:00","2026-09-10 09:00:00","CAPE","surface",-67.6765,19.8828,3130
"2026-09-09 18:00:00","2026-09-10 09:00:00","CAPE","surface",-67.6526,19.8828,3074
"2026-09-09 18:00:00","2026-09-10 09:00:00","CAPE","surface",-67.6286,19.8828,3074
"2026-09-09 18:00:00","2026-09-10 09:00:00","CAPE","surface",-67.6047,19.8828,3129
"2026-09-09 18:00:00","2026-09-10 09:00:00","CAPE","surface",-67.5808,19.8828,3062
"2026-09-09 18:00:00","2026-09-10 09:00:00","CAPE","surface",-67.5569,19.8828,2883
"2026-09-09 18:00:00","2026-09-10 09:00:00","CAPE","surface",-67.5329,19.8828,2883
"2026-09-09 18:00:00","2026-09-10 09:00:00","CAPE","surface",-67.509,19.8828,2598
"2026-09-09 18:00:00","2026-09-10 09:00:00","CAPE","surface",-67.4851,19.8828,2259
"2026-09-09 18:00:00","2026-09-10 09:00:00","CAPE","surface",-67.4612,19.8828,2001
"2026-09-09 18:00:00","2026-09-10 09:00:00","CAPE","surface",-67.4372,19.8828,2012
"2026-09-09 18:00:00","2026-09-10 09:00:00","CAPE","surface",-67.4133,19.8828,1804
"2026-09-09 18:00:00","2026-09-10 09:00:00","CAPE","surface",-67.3894,19.8828,1589
"2026-09-09 18:00:00","2026-09-10 09:00:00","CAPE","surface",-67.3655,19.8828,1111
"2026-09-09 18:00:00","2026-09-10 09:00:00","CAPE","surface",-67.3415,19.8828,1432
"2026-09-09 18:00:00","2026-09-10 09:00:00","CAPE","surface",-67.3176,19.8828,950
"2026-09-09 18:00:00","2026-09-10 09:00:00","CAPE","surface",-67.2937,19.8828,971
"2026-09-09 18:00:00","2026-09-10 09:00:00","CAPE","surface",-67.2698,19.8828,803
"2026-09-09 18:00:00","2026-09-10 09:00:00","CAPE","surface",-67.2458,19.8828,1445
"2026-09-09 18:00:00","2026-09-10 09:00:00","CAPE","surface",-67.2219,19.8828,1901
"2026-09-09 18:00:00","2026-09-10 09:00:00","CAPE","surface",-67.198,19.8828,2039
"2026-09-09 18:00:00","2026-09-10 09:00:00","CAPE","surface",-67.1741,19.8828,2395
"2026-09-09 18:00:00","2026-09-10 09:00:00","CAPE","surface",-67.1501,19.8828,2395
"2026-09-09 18:00:00","2026-09-10 09:00:00","CAPE","surface",-67.1262,19.8828,2599
"2026-09-09 18:00:00","2026-09-10 09:00:00","CAPE","surface",-67.1023,19.8828,2689
"2026-09-09 18:00:00","2026-09-10 09:00:00","CAPE","surface",-67.0784,19.8828,2888
"2026-09-09 18:00:00","2026-09-10 09:00:00","CAPE","surface",-67.0544,19.8828,2943
"2026-09-09 18:00:00","2026-09-10 09:00:00","CAPE","surface",-67.0305,19.8828,2980
"2026-09-09 18:00:00","2026-09-10 09:00:00","CAPE","surface",-67.0066,19.8828,2972
"2026-09-09 18:00:00","2026-09-10 09:00:00","CAPE","surface",-74.7822,19.9053,2573
"2026-09-09 18:00:00","2026-09-10 09:00:00","CAPE","surface",-74.7583,19.9053,2568
"2026-09-09 18:00:00","2026-09-10 09:00:00","CAPE","surface",-74.7344,19.9053,2568
"2026-09-09 18:00:00","2026-09-10 09:00:00","CAPE","surface",-74.7105,19.9053,2531
"2026-09-09 18:00:00","2026-09-10 09:00:00","CAPE","surface",-74.6865,19.9053,2456
"2026-09-09 18:00:00","2026-09-10 09:00:00","CAPE","surface",-74.6626,19.9053,2397
"2026-09-09 18:00:00","2026-09-10 09:00:00","CAPE","surface",-74.6387,19.9053,2277
"2026-09-09 18:00:00","2026-09-10 09:00:00","CAPE","surface",-74.6148,19.9053,2301
"2026-09-09 18:00:00","2026-09-10 09:00:00","CAPE","surface",-74.5908,19.9053,2301
"2026-09-09 18:00:00","2026-09-10 09:00:00","CAPE","surface",-74.5669,19.9053,2316
"2026-09-09 18:00:00","2026-09-10 09:00:00","CAPE","surface",-74.543,19.9053,2305
"2026-09-09 18:00:00","2026-09-10 09:00:00","CAPE","surface",-74.5191,19.9053,2325
"2026-09-09 18:00:00","2026-09-10 09:00:00","CAPE","surface",-74.4951,19.9053,2384
"2026-09-09 18:00:00","2026-09-10 09:00:00","CAPE","surface",-74.4712,19.9053,2312
"2026-09-09 18:00:00","2026-09-10 09:00:00","CAPE","surface",-74.4473,19.9053,2406
"2026-09-09 18:00:00","2026-09-10 09:00:00","CAPE","surface",-74.4234,19.9053,2440
"2026-09-09 18:00:00","2026-09-10 09:00:00","CAPE","surface",-74.3994,19.9053,2584
"2026-09-09 18:00:00","2026-09-10 09:00:00","CAPE","surface",-74.3755,19.9053,2519
"2026-09-09 18:00:00","2026-09-10 09:00:00","CAPE","surface",-74.3516,19.9053,2594
"2026-09-09 18:00:00","2026-09-10 09:00:00","CAPE","surface",-74.3277,19.9053,2453
"2026-09-09 18:00:00","2026-09-10 09:00:00","CAPE","surface",-74.3037,19.9053,2483
"2026-09-09 18:00:00","2026-09-10 09:00:00","CAPE","surface",-74.2798,19.9053,2394
"2026-09-09 18:00:00","2026-09-10 09:00:00","CAPE","surface",-74.2559,19.9053,2406
"2026-09-09 18:00:00","2026-09-10 09:00:00","CAPE","surface",-74.232,19.9053,2374
"2026-09-09 18:00:00","2026-09-10 09:00:00","CAPE","surface",-74.208,19.9053,2374
"2026-09-09 18:00:00","2026-09-10 09:00:00","CAPE","surface",-74.1841,19.9053,2391
"2026-09-09 18:00:00","2026-09-10 09:00:00","CAPE","surface",-74.1602,19.9053,2464
"2026-09-09 18:00:00","2026-09-10 09:00:00","CAPE","surface",-74.1363,19.9053,2572
"2026-09-09 18:00:00","2026-09-10 09:00:00","CAPE","surface",-74.1123,19.9053,2663
"2026-09-09 18:00:00","2026-09-10 09:00:00","CAPE","surface",-74.0884,19.9053,2605
"2026-09-09 18:00:00","2026-09-10 09:00:00","CAPE","surface",-74.0645,19.9053,2605
"2026-09-09 18:00:00","2026-09-10 09:00:00","CAPE","surface",-74.0406,19.9053,2497
"2026-09-09 18:00:00","2026-09-10 09:00:00","CAPE","surface",-74.0166,19.9053,2517
"2026-09-09 18:00:00","2026-09-10 09:00:00","CAPE","surface",-73.9927,19.9053,2374
"2026-09-09 18:00:00","2026-09-10 09:00:00","CAPE","surface",-73.9688,19.9053,2348
"2026-09-09 18:00:00","2026-09-10 09:00:00","CAPE","surface",-73.9449,19.9053,2253
"2026-09-09 18:00:00","2026-09-10 09:00:00","CAPE","surface",-73.9209,19.9053,2239
"2026-09-09 18:00:00","2026-09-10 09:00:00","CAPE","surface",-73.897,19.9053,2239
"2026-09-09 18:00:00","2026-09-10 09:00:00","CAPE","surface",-73.8731,19.9053,2218
"2026-09-09 18:00:00","2026-09-10 09:00:00","CAPE","surface",-73.8492,19.9053,2002
"2026-09-09 18:00:00","2026-09-10 09:00:00","CAPE","surface",-73.8252,19.9053,2002
"2026-09-09 18:00:00","2026-09-10 09:00:00","CAPE","surface",-73.8013,19.9053,1829
"2026-09-09 18:00:00","2026-09-10 09:00:00","CAPE","surface",-73.7774,19.9053,1801
"2026-09-09 18:00:00","2026-09-10 09:00:00","CAPE","surface",-73.7535,19.9053,1750
"2026-09-09 18:00:00","2026-09-10 09:00:00","CAPE","surface",-73.7295,19.9053,1721
"2026-09-09 18:00:00","2026-09-10 09:00:00","CAPE","surface",-73.7056,19.9053,1694
"2026-09-09 18:00:00","2026-09-10 09:00:00","CAPE","surface",-73.6817,19.9053,1694
"2026-09-09 18:00:00","2026-09-10 09:00:00","CAPE","surface",-73.6578,19.9053,1634
"2026-09-09 18:00:00","2026-09-10 09:00:00","CAPE","surface",-73.6338,19.9053,1602
"2026-09-09 18:00:00","2026-09-10 09:00:00","CAPE","surface",-73.6099,19.9053,1549
"2026-09-09 18:00:00","2026-09-10 09:00:00","CAPE","surface",-73.586,19.9053,1509
"2026-09-09 18:00:00","2026-09-10 09:00:00","CAPE","surface",-73.5621,19.9053,1510
"2026-09-09 18:00:00","2026-09-10 09:00:00","CAPE","surface",-73.5381,19.9053,1477
"2026-09-09 18:00:00","2026-09-10 09:00:00","CAPE","surface",-73.5142,19.9053,1483
"2026-09-09 18:00:00","2026-09-10 09:00:00","CAPE","surface",-73.4903,19.9053,1447
"2026-09-09 18:00:00","2026-09-10 09:00:00","CAPE","surface",-73.4664,19.9053,1450
"2026-09-09 18:00:00","2026-09-10 09:00:00","CAPE","surface",-73.4424,19.9053,1463
"2026-09-09 18:00:00","2026-09-10 09:00:00","CAPE","surface",-73.4185,19.9053,1415
"2026-09-09 18:00:00","2026-09-10 09:00:00","CAPE","surface",-73.3946,19.9053,1357
"2026-09-09 18:00:00","2026-09-10 09:00:00","CAPE","surface",-73.3707,19.9053,1339
"2026-09-09 18:00:00","2026-09-10 09:00:00","CAPE","surface",-73.3467,19.9053,1380
"2026-09-09 18:00:00","2026-09-10 09:00:00","CAPE","surface",-73.3228,19.9053,1380
"2026-09-09 18:00:00","2026-09-10 09:00:00","CAPE","surface",-73.2989,19.9053,1479
"2026-09-09 18:00:00","2026-09-10 09:00:00","CAPE","surface",-73.275,19.9053,1370
"2026-09-09 18:00:00","2026-09-10 09:00:00","CAPE","surface",-73.251,19.9053,1363
"2026-09-09 18:00:00","2026-09-10 09:00:00","CAPE","surface",-73.2271,19.9053,1138
"2026-09-09 18:00:00","2026-09-10 09:00:00","CAPE","surface",-73.2032,19.9053,1434
"2026-09-09 18:00:00","2026-09-10 09:00:00","CAPE","surface",-73.1793,19.9053,1294
"2026-09-09 18:00:00","2026-09-10 09:00:00","CAPE","surface",-73.1553,19.9053,1271
"2026-09-09 18:00:00","2026-09-10 09:00:00","CAPE","surface",-73.1314,19.9053,836
"2026-09-09 18:00:00","2026-09-10 09:00:00","CAPE","surface",-73.1075,19.9053,1089
"2026-09-09 18:00:00","2026-09-10 09:00:00","CAPE","surface",-73.0836,19.9053,1089
"2026-09-09 18:00:00","2026-09-10 09:00:00","CAPE","surface",-73.0596,19.9053,1084
"2026-09-09 18:00:00","2026-09-10 09:00:00","CAPE","surface",-73.0357,19.9053,932
"2026-09-09 18:00:00","2026-09-10 09:00:00","CAPE","surface",-73.0118,19.9053,861
"2026-09-09 18:00:00","2026-09-10 09:00:00","CAPE","surface",-72.9879,19.9053,701
"2026-09-09 18:00:00","2026-09-10 09:00:00","CAPE","surface",-72.9639,19.9053,718
"2026-09-09 18:00:00","2026-09-10 09:00:00","CAPE","surface",-72.94,19.9053,718
"2026-09-09 18:00:00","2026-09-10 09:00:00","CAPE","surface",-72.9161,19.9053,680
"2026-09-09 18:00:00","2026-09-10 09:00:00","CAPE","surface",-72.8922,19.9053,569
"2026-09-09 18:00:00","2026-09-10 09:00:00","CAPE","surface",-72.8682,19.9053,605
"2026-09-09 18:00:00","2026-09-10 09:00:00","CAPE","surface",-72.8443,19.9053,553
"2026-09-09 18:00:00","2026-09-10 09:00:00","CAPE","surface",-72.8204,19.9053,556
"2026-09-09 18:00:00","2026-09-10 09:00:00","CAPE","surface",-72.7965,19.9053,530
"2026-09-09 18:00:00","2026-09-10 09:00:00","CAPE","surface",-72.7725,19.9053,559
"2026-09-09 18:00:00","2026-09-10 09:00:00","CAPE","surface",-72.7486,19.9053,556
"2026-09-09 18:00:00","2026-09-10 09:00:00","CAPE","surface",-72.7247,19.9053,595
"2026-09-09 18:00:00","2026-09-10 09:00:00","CAPE","surface",-72.7008,19.9053,595
"2026-09-09 18:00:00","2026-09-10 09:00:00","CAPE","surface",-72.6768,19.9053,691
"2026-09-09 18:00:00","2026-09-10 09:00:00","CAPE","surface",-72.6529,19.9053,1095
"2026-09-09 18:00:00","2026-09-10 09:00:00","CAPE","surface",-72.629,19.9053,1045
"2026-09-09 18:00:00","2026-09-10 09:00:00","CAPE","surface",-72.6051,19.9053,1138
"2026-09-09 18:00:00","2026-09-10 09:00:00","CAPE","surface",-72.5811,19.9053,1138
"2026-09-09 18:00:00","2026-09-10 09:00:00","CAPE","surface",-72.5572,19.9053,1456
"2026-09-09 18:00:00","2026-09-10 09:00:00","CAPE","surface",-72.5333,19.9053,1378
"2026-09-09 18:00:00","2026-09-10 09:00:00","CAPE","surface",-72.5094,19.9053,1723
"2026-09-09 18:00:00","2026-09-10 09:00:00","CAPE","surface",-72.4854,19.9053,1677
"2026-09-09 18:00:00","2026-09-10 09:00:00","CAPE","surface",-72.4615,19.9053,1796
"2026-09-09 18:00:00","2026-09-10 09:00:00","CAPE","surface",-72.4376,19.9053,1776
"2026-09-09 18:00:00","2026-09-10 09:00:00","CAPE","surface",-72.4137,19.9053,1718
"2026-09-09 18:00:00","2026-09-10 09:00:00","CAPE","surface",-72.3897,19.9053,1698
"2026-09-09 18:00:00","2026-09-10 09:00:00","CAPE","surface",-72.3658,19.9053,1701
"2026-09-09 18:00:00","2026-09-10 09:00:00","CAPE","surface",-72.3419,19.9053,1669
"2026-09-09 18:00:00","2026-09-10 09:00:00","CAPE","surface",-72.318,19.9053,1679
"2026-09-09 18:00:00","2026-09-10 09:00:00","CAPE","surface",-72.294,19.9053,1646
"2026-09-09 18:00:00","2026-09-10 09:00:00","CAPE","surface",-72.2701,19.9053,1702
"2026-09-09 18:00:00","2026-09-10 09:00:00","CAPE","surface",-72.2462,19.9053,1702
"2026-09-09 18:00:00","2026-09-10 09:00:00","CAPE","surface",-72.2223,19.9053,1720
"2026-09-09 18:00:00","2026-09-10 09:00:00","CAPE","surface",-72.1983,19.9053,1679
"2026-09-09 18:00:00","2026-09-10 09:00:00","CAPE","surface",-72.1744,19.9053,1706
"2026-09-09 18:00:00","2026-09-10 09:00:00","CAPE","surface",-72.1505,19.9053,1656
"2026-09-09 18:00:00","2026-09-10 09:00:00","CAPE","surface",-72.1266,19.9053,1779
"2026-09-09 18:00:00","2026-09-10 09:00:00","CAPE","surface",-72.1026,19.9053,1849
"2026-09-09 18:00:00","2026-09-10 09:00:00","CAPE","surface",-72.0787,19.9053,1802
"2026-09-09 18:00:00","2026-09-10 09:00:00","CAPE","surface",-72.0548,19.9053,1767
"2026-09-09 18:00:00","2026-09-10 09:00:00","CAPE","surface",-72.0309,19.9053,1735
"2026-09-09 18:00:00","2026-09-10 09:00:00","CAPE","surface",-72.0069,19.9053,1725
"2026-09-09 18:00:00","2026-09-10 09:00:00","CAPE","surface",-71.983,19.9053,1701
"2026-09-09 18:00:00","2026-09-10 09:00:00","CAPE","surface",-71.9591,19.9053,1658
"2026-09-09 18:00:00","2026-09-10 09:00:00","CAPE","surface",-71.9352,19.9053,1617
"2026-09-09 18:00:00","2026-09-10 09:00:00","CAPE","surface",-71.9112,19.9053,1594
"2026-09-09 18:00:00","2026-09-10 09:00:00","CAPE","surface",-71.8873,19.9053,1594
"2026-09-09 18:00:00","2026-09-10 09:00:00","CAPE","surface",-71.8634,19.9053,1652
"2026-09-09 18:00:00","2026-09-10 09:00:00","CAPE","surface",-71.8395,19.9053,1572
"2026-09-09 18:00:00","2026-09-10 09:00:00","CAPE","surface",-71.8155,19.9053,1669
"2026-09-09 18:00:00","2026-09-10 09:00:00","CAPE","surface",-71.7916,19.9053,1577
"2026-09-09 18:00:00","2026-09-10 09:00:00","CAPE","surface",-71.7677,19.9053,1738
"2026-09-09 18:00:00","2026-09-10 09:00:00","CAPE","surface",-71.7438,19.9053,1635
"2026-09-09 18:00:00","2026-09-10 09:00:00","CAPE","surface",-71.7198,19.9053,1669
"2026-09-09 18:00:00","2026-09-10 09:00:00","CAPE","surface",-71.6959,19.9053,1536
"2026-09-09 18:00:00","2026-09-10 09:00:00","CAPE","surface",-71.672,19.9053,1727
"2026-09-09 18:00:00","2026-09-10 09:00:00","CAPE","surface",-71.6481,19.9053,1585
"2026-09-09 18:00:00","2026-09-10 09:00:00","CAPE","surface",-71.6241,19.9053,1663
"2026-09-09 18:00:00","2026-09-10 09:00:00","CAPE","surface",-71.6002,19.9053,1698
"2026-09-09 18:00:00","2026-09-10 09:00:00","CAPE","surface",-71.5763,19.9053,1497
"2026-09-09 18:00:00","2026-09-10 09:00:00","CAPE","surface",-71.5524,19.9053,1735
"2026-09-09 18:00:00","2026-09-10 09:00:00","CAPE","surface",-71.5284,19.9053,1695
"2026-09-09 18:00:00","2026-09-10 09:00:00","CAPE","surface",-71.5045,19.9053,1692
"2026-09-09 18:00:00","2026-09-10 09:00:00","CAPE","surface",-71.4806,19.9053,1627
"2026-09-09 18:00:00","2026-09-10 09:00:00","CAPE","surface",-71.4567,19.9053,1675
"2026-09-09 18:00:00","2026-09-10 09:00:00","CAPE","surface",-71.4327,19.9053,1675
"2026-09-09 18:00:00","2026-09-10 09:00:00","CAPE","surface",-71.4088,19.9053,1670
"2026-09-09 18:00:00","2026-09-10 09:00:00","CAPE","surface",-71.3849,19.9053,1611
"2026-09-09 18:00:00","2026-09-10 09:00:00","CAPE","surface",-71.361,19.9053,1593
"2026-09-09 18:00:00","2026-09-10 09:00:00","CAPE","surface",-71.337,19.9053,1544
"2026-09-09 18:00:00","2026-09-10 09:00:00","CAPE","surface",-71.3131,19.9053,1596
"2026-09-09 18:00:00","2026-09-10 09:00:00","CAPE","surface",-71.2892,19.9053,1528
"2026-09-09 18:00:00","2026-09-10 09:00:00","CAPE","surface",-71.2653,19.9053,1535
"2026-09-09 18:00:00","2026-09-10 09:00:00","CAPE","surface",-71.2413,19.9053,1478
"2026-09-09 18:00:00","2026-09-10 09:00:00","CAPE","surface",-71.2174,19.9053,1551
"2026-09-09 18:00:00","2026-09-10 09:00:00","CAPE","surface",-71.1935,19.9053,1582
"2026-09-09 18:00:00","2026-09-10 09:00:00","CAPE","surface",-71.1696,19.9053,1503
"2026-09-09 18:00:00","2026-09-10 09:00:00","CAPE","surface",-71.1456,19.9053,1476
"2026-09-09 18:00:00","2026-09-10 09:00:00","CAPE","surface",-71.1217,19.9053,1401
"2026-09-09 18:00:00","2026-09-10 09:00:00","CAPE","surface",-71.0978,19.9053,1463
"2026-09-09 18:00:00","2026-09-10 09:00:00","CAPE","surface",-71.0739,19.9053,1354
"2026-09-09 18:00:00","2026-09-10 09:00:00","CAPE","surface",-71.0499,19.9053,1339
"2026-09-09 18:00:00","2026-09-10 09:00:00","CAPE","surface",-71.026,19.9053,1092
"2026-09-09 18:00:00","2026-09-10 09:00:00","CAPE","surface",-71.0021,19.9053,1144
"2026-09-09 18:00:00","2026-09-10 09:00:00","CAPE","surface",-70.9782,19.9053,1144
"2026-09-09 18:00:00","2026-09-10 09:00:00","CAPE","surface",-70.9542,19.9053,1573
"2026-09-09 18:00:00","2026-09-10 09:00:00","CAPE","surface",-70.9303,19.9053,1424
"2026-09-09 18:00:00","2026-09-10 09:00:00","CAPE","surface",-70.9064,19.9053,1622
"2026-09-09 18:00:00","2026-09-10 09:00:00","CAPE","surface",-70.8825,19.9053,1622
"2026-09-09 18:00:00","2026-09-10 09:00:00","CAPE","surface",-70.8585,19.9053,2118
"2026-09-09 18:00:00","2026-09-10 09:00:00","CAPE","surface",-70.8346,19.9053,2452
"2026-09-09 18:00:00","2026-09-10 09:00:00","CAPE","surface",-70.8107,19.9053,2409
"2026-09-09 18:00:00","2026-09-10 09:00:00","CAPE","surface",-70.7868,19.9053,2596
"2026-09-09 18:00:00","2026-09-10 09:00:00","CAPE","surface",-70.7628,19.9053,2596
"2026-09-09 18:00:00","2026-09-10 09:00:00","CAPE","surface",-70.7389,19.9053,2840
"2026-09-09 18:00:00","2026-09-10 09:00:00","CAPE","surface",-70.715,19.9053,2833
"2026-09-09 18:00:00","2026-09-10 09:00:00","CAPE","surface",-70.6911,19.9053,3040
"2026-09-09 18:00:00","2026-09-10 09:00:00","CAPE","surface",-70.6671,19.9053,3040
"2026-09-09 18:00:00","2026-09-10 09:00:00","CAPE","surface",-70.6432,19.9053,2899
"2026-09-09 18:00:00","2026-09-10 09:00:00","CAPE","surface",-70.6193,19.9053,2823
"2026-09-09 18:00:00","2026-09-10 09:00:00","CAPE","surface",-70.5954,19.9053,2761
"2026-09-09 18:00:00","2026-09-10 09:00:00","CAPE","surface",-70.5714,19.9053,2792
"2026-09-09 18:00:00","2026-09-10 09:00:00","CAPE","surface",-70.5475,19.9053,2860
"2026-09-09 18:00:00","2026-09-10 09:00:00","CAPE","surface",-70.5236,19.9053,2932
"2026-09-09 18:00:00","2026-09-10 09:00:00","CAPE","surface",-70.4997,19.9053,3085
"2026-09-09 18:00:00","2026-09-10 09:00:00","CAPE","surface",-70.4757,19.9053,3326
"2026-09-09 18:00:00","2026-09-10 09:00:00","CAPE","surface",-70.4518,19.9053,3326
"2026-09-09 18:00:00","2026-09-10 09:00:00","CAPE","surface",-70.4279,19.9053,3180
"2026-09-09 18:00:00","2026-09-10 09:00:00","CAPE","surface",-70.404,19.9053,2930
"2026-09-09 18:00:00","2026-09-10 09:00:00","CAPE","surface",-70.38,19.9053,2551
"2026-09-09 18:00:00","2026-09-10 09:00:00","CAPE","surface",-70.3561,19.9053,2535
"2026-09-09 18:00:00","2026-09-10 09:00:00","CAPE","surface",-70.3322,19.9053,2625
"2026-09-09 18:00:00","2026-09-10 09:00:00","CAPE","surface",-70.3083,19.9053,2685
"2026-09-09 18:00:00","2026-09-10 09:00:00","CAPE","surface",-70.2843,19.9053,2869
"2026-09-09 18:00:00","2026-09-10 09:00:00","CAPE","surface",-70.2604,19.9053,2850
"2026-09-09 18:00:00","2026-09-10 09:00:00","CAPE","surface",-70.2365,19.9053,2941
"2026-09-09 18:00:00","2026-09-10 09:00:00","CAPE","surface",-70.2126,19.9053,2917
"2026-09-09 18:00:00","2026-09-10 09:00:00","CAPE","surface",-70.1886,19.9053,2979
"2026-09-09 18:00:00","2026-09-10 09:00:00","CAPE","surface",-70.1647,19.9053,2968
"2026-09-09 18:00:00","2026-09-10 09:00:00","CAPE","surface",-70.1408,19.9053,2951
"2026-09-09 18:00:00","2026-09-10 09:00:00","CAPE","surface",-70.1169,19.9053,2935
"2026-09-09 18:00:00","2026-09-10 09:00:00","CAPE","surface",-70.0929,19.9053,2906
"2026-09-09 18:00:00","2026-09-10 09:00:00","CAPE","surface",-70.069,19.9053,2776
"2026-09-09 18:00:00","2026-09-10 09:00:00","CAPE","surface",-70.0451,19.9053,2640
"2026-09-09 18:00:00","2026-09-10 09:00:00","CAPE","surface",-70.0212,19.9053,2624
"2026-09-09 18:00:00","2026-09-10 09:00:00","CAPE","surface",-69.9972,19.9053,2579
"2026-09-09 18:00:00","2026-09-10 09:00:00","CAPE","surface",-69.9733,19.9053,2662
"2026-09-09 18:00:00","2026-09-10 09:00:00","CAPE","surface",-69.9494,19.9053,2707
"2026-09-09 18:00:00","2026-09-10 09:00:00","CAPE","surface",-69.9255,19.9053,2778
"2026-09-09 18:00:00","2026-09-10 09:00:00","CAPE","surface",-69.9015,19.9053,2778
"2026-09-09 18:00:00","2026-09-10 09:00:00","CAPE","surface",-69.8776,19.9053,2770
"2026-09-09 18:00:00","2026-09-10 09:00:00","CAPE","surface",-69.8537,19.9053,2671
"2026-09-09 18:00:00","2026-09-10 09:00:00","CAPE","surface",-69.8298,19.9053,2668
"2026-09-09 18:00:00","2026-09-10 09:00:00","CAPE","surface",-69.8058,19.9053,2744
"2026-09-09 18:00:00","2026-09-10 09:00:00","CAPE","surface",-69.7819,19.9053,2819
"2026-09-09 18:00:00","2026-09-10 09:00:00","CAPE","surface",-69.758,19.9053,2958
"2026-09-09 18:00:00","2026-09-10 09:00:00","CAPE","surface",-69.7341,19.9053,2873
"2026-09-09 18:00:00","2026-09-10 09:00:00","CAPE","surface",-69.7101,19.9053,2883
"2026-09-09 18:00:00","2026-09-10 09:00:00","CAPE","surface",-69.6862,19.9053,2783
"2026-09-09 18:00:00","2026-09-10 09:00:00","CAPE","surface",-69.6623,19.9053,2612
"2026-09-09 18:00:00","2026-09-10 09:00:00","CAPE","surface",-69.6384,19.9053,2538
"2026-09-09 18:00:00","2026-09-10 09:00:00","CAPE","surface",-69.6144,19.9053,2457
"2026-09-09 18:00:00","2026-09-10 09:00:00","CAPE","surface",-69.5905,19.9053,2461
"2026-09-09 18:00:00","2026-09-10 09:00:00","CAPE","surface",-69.5666,19.9053,2526
"2026-09-09 18:00:00","2026-09-10 09:00:00","CAPE","surface",-69.5427,19.9053,2632
"2026-09-09 18:00:00","2026-09-10 09:00:00","CAPE","surface",-69.5187,19.9053,2743
"2026-09-09 18:00:00","2026-09-10 09:00:00","CAPE","surface",-69.4948,19.9053,2642
"2026-09-09 18:00:00","2026-09-10 09:00:00","CAPE","surface",-69.4709,19.9053,2688
"2026-09-09 18:00:00","2026-09-10 09:00:00","CAPE","surface",-69.447,19.9053,2726
"2026-09-09 18:00:00","2026-09-10 09:00:00","CAPE","surface",-69.423,19.9053,2781
"2026-09-09 18:00:00","2026-09-10 09:00:00","CAPE","surface",-69.3991,19.9053,2767
"2026-09-09 18:00:00","2026-09-10 09:00:00","CAPE","surface",-69.3752,19.9053,2766
"2026-09-09 18:00:00","2026-09-10 09:00:00","CAPE","surface",-69.3513,19.9053,2742
"2026-09-09 18:00:00","2026-09-10 09:00:00","CAPE","surface",-69.3273,19.9053,2752
"2026-09-09 18:00:00","2026-09-10 09:00:00","CAPE","surface",-69.3034,19.9053,2754
"2026-09-09 18:00:00","2026-09-10 09:00:00","CAPE","surface",-69.2795,19.9053,2784
"2026-09-09 18:00:00","2026-09-10 09:00:00","CAPE","surface",-69.2556,19.9053,2771
"2026-09-09 18:00:00","2026-09-10 09:00:00","CAPE","surface",-69.2316,19.9053,2752
"2026-09-09 18:00:00","2026-09-10 09:00:00","CAPE","surface",-69.2077,19.9053,2764
"2026-09-09 18:00:00","2026-09-10 09:00:00","CAPE","surface",-69.1838,19.9053,2774
"2026-09-09 18:00:00","2026-09-10 09:00:00","CAPE","surface",-69.1599,19.9053,2837
"2026-09-09 18:00:00","2026-09-10 09:00:00","CAPE","surface",-69.1359,19.9053,2838
"2026-09-09 18:00:00","2026-09-10 09:00:00","CAPE","surface",-69.112,19.9053,2839
"2026-09-09 18:00:00","2026-09-10 09:00:00","CAPE","surface",-69.0881,19.9053,2852
"2026-09-09 18:00:00","2026-09-10 09:00:00","CAPE","surface",-69.0642,19.9053,2877
"2026-09-09 18:00:00","2026-09-10 09:00:00","CAPE","surface",-69.0402,19.9053,2887
"2026-09-09 18:00:00","2026-09-10 09:00:00","CAPE","surface",-69.0163,19.9053,2922
"2026-09-09 18:00:00","2026-09-10 09:00:00","CAPE","surface",-68.9924,19.9053,2922
"2026-09-09 18:00:00","2026-09-10 09:00:00","CAPE","surface",-68.9685,19.9053,2949
"2026-09-09 18:00:00","2026-09-10 09:00:00","CAPE","surface",-68.9445,19.9053,3014
"2026-09-09 18:00:00","2026-09-10 09:00:00","CAPE","surface",-68.9206,19.9053,3102
"2026-09-09 18:00:00","2026-09-10 09:00:00","CAPE","surface",-68.8967,19.9053,3151
"2026-09-09 18:00:00","2026-09-10 09:00:00","CAPE","surface",-68.8728,19.9053,3127
"2026-09-09 18:00:00","2026-09-10 09:00:00","CAPE","surface",-68.8488,19.9053,3122
"2026-09-09 18:00:00","2026-09-10 09:00:00","CAPE","surface",-68.8249,19.9053,3141
"2026-09-09 18:00:00","2026-09-10 09:00:00","CAPE","surface",-68.801,19.9053,3139
"2026-09-09 18:00:00","2026-09-10 09:00:00","CAPE","surface",-68.7771,19.9053,3139
"2026-09-09 18:00:00","2026-09-10 09:00:00","CAPE","surface",-68.7531,19.9053,3223
"2026-09-09 18:00:00","2026-09-10 09:00:00","CAPE","surface",-68.7292,19.9053,3295
"2026-09-09 18:00:00","2026-09-10 09:00:00","CAPE","surface",-68.7053,19.9053,3384
"2026-09-09 18:00:00","2026-09-10 09:00:00","CAPE","surface",-68.6813,19.9053,3384
"2026-09-09 18:00:00","2026-09-10 09:00:00","CAPE","surface",-68.6574,19.9053,3376
"2026-09-09 18:00:00","2026-09-10 09:00:00","CAPE","surface",-68.6335,19.9053,3398
"2026-09-09 18:00:00","2026-09-10 09:00:00","CAPE","surface",-68.6096,19.9053,3378
"2026-09-09 18:00:00","2026-09-10 09:00:00","CAPE","surface",-68.5856,19.9053,3140
"2026-09-09 18:00:00","2026-09-10 09:00:00","CAPE","surface",-68.5617,19.9053,3248
"2026-09-09 18:00:00","2026-09-10 09:00:00","CAPE","surface",-68.5378,19.9053,3061
"2026-09-09 18:00:00","2026-09-10 09:00:00","CAPE","surface",-68.5139,19.9053,3084
"2026-09-09 18:00:00","2026-09-10 09:00:00","CAPE","surface",-68.4899,19.9053,3044
"2026-09-09 18:00:00","2026-09-10 09:00:00","CAPE","surface",-68.466,19.9053,3057
"2026-09-09 18:00:00","2026-09-10 09:00:00","CAPE","surface",-68.4421,19.9053,3189
"2026-09-09 18:00:00","2026-09-10 09:00:00","CAPE","surface",-68.4182,19.9053,3229
"2026-09-09 18:00:00","2026-09-10 09:00:00","CAPE","surface",-68.3942,19.9053,3359
"2026-09-09 18:00:00","2026-09-10 09:00:00","CAPE","surface",-68.3703,19.9053,3211
"2026-09-09 18:00:00","2026-09-10 09:00:00","CAPE","surface",-68.3464,19.9053,3161
"2026-09-09 18:00:00","2026-09-10 09:00:00","CAPE","surface",-68.3225,19.9053,2894
"2026-09-09 18:00:00","2026-09-10 09:00:00","CAPE","surface",-68.2985,19.9053,2871
"2026-09-09 18:00:00","2026-09-10 09:00:00","CAPE","surface",-68.2746,19.9053,2845
"2026-09-09 18:00:00","2026-09-10 09:00:00","CAPE","surface",-68.2507,19.9053,2835
"2026-09-09 18:00:00","2026-09-10 09:00:00","CAPE","surface",-68.2268,19.9053,2913
"2026-09-09 18:00:00","2026-09-10 09:00:00","CAPE","surface",-68.2028,19.9053,2944
"2026-09-09 18:00:00","2026-09-10 09:00:00","CAPE","surface",-68.1789,19.9053,2970
"2026-09-09 18:00:00","2026-09-10 09:00:00","CAPE","surface",-68.155,19.9053,3066
"2026-09-09 18:00:00","2026-09-10 09:00:00","CAPE","surface",-68.1311,19.9053,3055
"2026-09-09 18:00:00","2026-09-10 09:00:00","CAPE","surface",-68.1071,19.9053,3040
"2026-09-09 18:00:00","2026-09-10 09:00:00","CAPE","surface",-68.0832,19.9053,3040
"2026-09-09 18:00:00","2026-09-10 09:00:00","CAPE","surface",-68.0593,19.9053,2971
"2026-09-09 18:00:00","2026-09-10 09:00:00","CAPE","surface",-68.0354,19.9053,2948
"2026-09-09 18:00:00","2026-09-10 09:00:00","CAPE","surface",-68.0114,19.9053,3048
"2026-09-09 18:00:00","2026-09-10 09:00:00","CAPE","surface",-67.9875,19.9053,3048
"2026-09-09 18:00:00","2026-09-10 09:00:00","CAPE","surface",-67.9636,19.9053,3192
"2026-09-09 18:00:00","2026-09-10 09:00:00","CAPE","surface",-67.9397,19.9053,3222
"2026-09-09 18:00:00","2026-09-10 09:00:00","CAPE","surface",-67.9157,19.9053,3220
"2026-09-09 18:00:00","2026-09-10 09:00:00","CAPE","surface",-67.8918,19.9053,3210
"2026-09-09 18:00:00","2026-09-10 09:00:00","CAPE","surface",-67.8679,19.9053,3214
"2026-09-09 18:00:00","2026-09-10 09:00:00","CAPE","surface",-67.844,19.9053,3163
"2026-09-09 18:00:00","2026-09-10 09:00:00","CAPE","surface",-67.82,19.9053,3191
"2026-09-09 18:00:00","2026-09-10 09:00:00","CAPE","surface",-67.7961,19.9053,3130
"2026-09-09 18:00:00","2026-09-10 09:00:00","CAPE","surface",-67.7722,19.9053,3174
"2026-09-09 18:00:00","2026-09-10 09:00:00","CAPE","surface",-67.7483,19.9053,3132
"2026-09-09 18:00:00","2026-09-10 09:00:00","CAPE","surface",-67.7243,19.9053,3058
"2026-09-09 18:00:00","2026-09-10 09:00:00","CAPE","surface",-67.7004,19.9053,3058
"2026-09-09 18:00:00","2026-09-10 09:00:00","CAPE","surface",-67.6765,19.9053,2937
"2026-09-09 18:00:00","2026-09-10 09:00:00","CAPE","surface",-67.6526,19.9053,2984
"2026-09-09 18:00:00","2026-09-10 09:00:00","CAPE","surface",-67.6286,19.9053,3045
"2026-09-09 18:00:00","2026-09-10 09:00:00","CAPE","surface",-67.6047,19.9053,3045
"2026-09-09 18:00:00","2026-09-10 09:00:00","CAPE","surface",-67.5808,19.9053,3123
"2026-09-09 18:00:00","2026-09-10 09:00:00","CAPE","surface",-67.5569,19.9053,3049
"2026-09-09 18:00:00","2026-09-10 09:00:00","CAPE","surface",-67.5329,19.9053,2877
"2026-09-09 18:00:00","2026-09-10 09:00:00","CAPE","surface",-67.509,19.9053,2915
"2026-09-09 18:00:00","2026-09-10 09:00:00","CAPE","surface",-67.4851,19.9053,2609
"2026-09-09 18:00:00","2026-09-10 09:00:00","CAPE","surface",-67.4612,19.9053,2343
"2026-09-09 18:00:00","2026-09-10 09:00:00","CAPE","surface",-67.4372,19.9053,2012
"2026-09-09 18:00:00","2026-09-10 09:00:00","CAPE","surface",-67.4133,19.9053,2071
"2026-09-09 18:00:00","2026-09-10 09:00:00","CAPE","surface",-67.3894,19.9053,1806
"2026-09-09 18:00:00","2026-09-10 09:00:00","CAPE","surface",-67.3655,19.9053,1651
"2026-09-09 18:00:00","2026-09-10 09:00:00","CAPE","surface",-67.3415,19.9053,1432
"2026-09-09 18:00:00","2026-09-10 09:00:00","CAPE","surface",-67.3176,19.9053,1567
"2026-09-09 18:00:00","2026-09-10 09:00:00","CAPE","surface",-67.2937,19.9053,1606
"2026-09-09 18:00:00","2026-09-10 09:00:00","CAPE","surface",-67.2698,19.9053,1523
"2026-09-09 18:00:00","2026-09-10 09:00:00","CAPE","surface",-67.2458,19.9053,1832
"2026-09-09 18:00:00","2026-09-10 09:00:00","CAPE","surface",-67.2219,19.9053,1832
"2026-09-09 18:00:00","2026-09-10 09:00:00","CAPE","surface",-67.198,19.9053,2235
"2026-09-09 18:00:00","2026-09-10 09:00:00","CAPE","surface",-67.1741,19.9053,2263
"2026-09-09 18:00:00","2026-09-10 09:00:00","CAPE","surface",-67.1501,19.9053,2547
"2026-09-09 18:00:00","2026-09-10 09:00:00","CAPE","surface",-67.1262,19.9053,2810
"2026-09-09 18:00:00","2026-09-10 09:00:00","CAPE","surface",-67.1023,19.9053,2822
"2026-09-09 18:00:00","2026-09-10 09:00:00","CAPE","surface",-67.0784,19.9053,2915
"2026-09-09 18:00:00","2026-09-10 09:00:00","CAPE","surface",-67.0544,19.9053,2943
"2026-09-09 18:00:00","2026-09-10 09:00:00","CAPE","surface",-67.0305,19.9053,2886
"2026-09-09 18:00:00","2026-09-10 09:00:00","CAPE","surface",-67.0066,19.9053,2931
"2026-09-09 18:00:00","2026-09-10 09:00:00","CAPE","surface",-74.7822,19.9278,2615
"2026-09-09 18:00:00","2026-09-10 09:00:00","CAPE","surface",-74.7583,19.9278,2594
"2026-09-09 18:00:00","2026-09-10 09:00:00","CAPE","surface",-74.7344,19.9278,2544
"2026-09-09 18:00:00","2026-09-10 09:00:00","CAPE","surface",-74.7105,19.9278,2531
"2026-09-09 18:00:00","2026-09-10 09:00:00","CAPE","surface",-74.6865,19.9278,2454
"2026-09-09 18:00:00","2026-09-10 09:00:00","CAPE","surface",-74.6626,19.9278,2454
"2026-09-09 18:00:00","2026-09-10 09:00:00","CAPE","surface",-74.6387,19.9278,2395
"2026-09-09 18:00:00","2026-09-10 09:00:00","CAPE","surface",-74.6148,19.9278,2349
"2026-09-09 18:00:00","2026-09-10 09:00:00","CAPE","surface",-74.5908,19.9278,2333
"2026-09-09 18:00:00","2026-09-10 09:00:00","CAPE","surface",-74.5669,19.9278,2316
"2026-09-09 18:00:00","2026-09-10 09:00:00","CAPE","surface",-74.543,19.9278,2299
"2026-09-09 18:00:00","2026-09-10 09:00:00","CAPE","surface",-74.5191,19.9278,2297
"2026-09-09 18:00:00","2026-09-10 09:00:00","CAPE","surface",-74.4951,19.9278,2272
"2026-09-09 18:00:00","2026-09-10 09:00:00","CAPE","surface",-74.4712,19.9278,2312
"2026-09-09 18:00:00","2026-09-10 09:00:00","CAPE","surface",-74.4473,19.9278,2320
"2026-09-09 18:00:00","2026-09-10 09:00:00","CAPE","surface",-74.4234,19.9278,2440
"2026-09-09 18:00:00","2026-09-10 09:00:00","CAPE","surface",-74.3994,19.9278,2332
"2026-09-09 18:00:00","2026-09-10 09:00:00","CAPE","surface",-74.3755,19.9278,2418
"2026-09-09 18:00:00","2026-09-10 09:00:00","CAPE","surface",-74.3516,19.9278,2400
"2026-09-09 18:00:00","2026-09-10 09:00:00","CAPE","surface",-74.3277,19.9278,2453
"2026-09-09 18:00:00","2026-09-10 09:00:00","CAPE","surface",-74.3037,19.9278,2363
"2026-09-09 18:00:00","2026-09-10 09:00:00","CAPE","surface",-74.2798,19.9278,2363
"2026-09-09 18:00:00","2026-09-10 09:00:00","CAPE","surface",-74.2559,19.9278,2307
"2026-09-09 18:00:00","2026-09-10 09:00:00","CAPE","surface",-74.232,19.9278,2340
"2026-09-09 18:00:00","2026-09-10 09:00:00","CAPE","surface",-74.208,19.9278,2328
"2026-09-09 18:00:00","2026-09-10 09:00:00","CAPE","surface",-74.1841,19.9278,2333
"2026-09-09 18:00:00","2026-09-10 09:00:00","CAPE","surface",-74.1602,19.9278,2450
"2026-09-09 18:00:00","2026-09-10 09:00:00","CAPE","surface",-74.1363,19.9278,2469
"2026-09-09 18:00:00","2026-09-10 09:00:00","CAPE","surface",-74.1123,19.9278,2572
"2026-09-09 18:00:00","2026-09-10 09:00:00","CAPE","surface",-74.0884,19.9278,2520
"2026-09-09 18:00:00","2026-09-10 09:00:00","CAPE","surface",-74.0645,19.9278,2499
"2026-09-09 18:00:00","2026-09-10 09:00:00","CAPE","surface",-74.0406,19.9278,2345
"2026-09-09 18:00:00","2026-09-10 09:00:00","CAPE","surface",-74.0166,19.9278,2345
"2026-09-09 18:00:00","2026-09-10 09:00:00","CAPE","surface",-73.9927,19.9278,2223
"2026-09-09 18:00:00","2026-09-10 09:00:00","CAPE","surface",-73.9688,19.9278,2250
"2026-09-09 18:00:00","2026-09-10 09:00:00","CAPE","surface",-73.9449,19.9278,2231
"2026-09-09 18:00:00","2026-09-10 09:00:00","CAPE","surface",-73.9209,19.9278,2253
"2026-09-09 18:00:00","2026-09-10 09:00:00","CAPE","surface",-73.897,19.9278,2161
"2026-09-09 18:00:00","2026-09-10 09:00:00","CAPE","surface",-73.8731,19.9278,2090
"2026-09-09 18:00:00","2026-09-10 09:00:00","CAPE","surface",-73.8492,19.9278,1898
"2026-09-09 18:00:00","2026-09-10 09:00:00","CAPE","surface",-73.8252,19.9278,1858
"2026-09-09 18:00:00","2026-09-10 09:00:00","CAPE","surface",-73.8013,19.9278,1832
"2026-09-09 18:00:00","2026-09-10 09:00:00","CAPE","surface",-73.7774,19.9278,1782
"2026-09-09 18:00:00","2026-09-10 09:00:00","CAPE","surface",-73.7535,19.9278,1861
"2026-09-09 18:00:00","2026-09-10 09:00:00","CAPE","surface",-73.7295,19.9278,1793
"2026-09-09 18:00:00","2026-09-10 09:00:00","CAPE","surface",-73.7056,19.9278,1739
"2026-09-09 18:00:00","2026-09-10 09:00:00","CAPE","surface",-73.6817,19.9278,1680
"2026-09-09 18:00:00","2026-09-10 09:00:00","CAPE","surface",-73.6578,19.9278,1637
"2026-09-09 18:00:00","2026-09-10 09:00:00","CAPE","surface",-73.6338,19.9278,1637
"2026-09-09 18:00:00","2026-09-10 09:00:00","CAPE","surface",-73.6099,19.9278,1655
"2026-09-09 18:00:00","2026-09-10 09:00:00","CAPE","surface",-73.586,19.9278,1558
"2026-09-09 18:00:00","2026-09-10 09:00:00","CAPE","surface",-73.5621,19.9278,1558
"2026-09-09 18:00:00","2026-09-10 09:00:00","CAPE","surface",-73.5381,19.9278,1512
"2026-09-09 18:00:00","2026-09-10 09:00:00","CAPE","surface",-73.5142,19.9278,1607
"2026-09-09 18:00:00","2026-09-10 09:00:00","CAPE","surface",-73.4903,19.9278,1557
"2026-09-09 18:00:00","2026-09-10 09:00:00","CAPE","surface",-73.4664,19.9278,1560
"2026-09-09 18:00:00","2026-09-10 09:00:00","CAPE","surface",-73.4424,19.9278,1463
"2026-09-09 18:00:00","2026-09-10 09:00:00","CAPE","surface",-73.4185,19.9278,1434
"2026-09-09 18:00:00","2026-09-10 09:00:00","CAPE","surface",-73.3946,19.9278,1434
"2026-09-09 18:00:00","2026-09-10 09:00:00","CAPE","surface",-73.3707,19.9278,1543
"2026-09-09 18:00:00","2026-09-10 09:00:00","CAPE","surface",-73.3467,19.9278,1448
"2026-09-09 18:00:00","2026-09-10 09:00:00","CAPE","surface",-73.3228,19.9278,1615
"2026-09-09 18:00:00","2026-09-10 09:00:00","CAPE","surface",-73.2989,19.9278,1479
"2026-09-09 18:00:00","2026-09-10 09:00:00","CAPE","surface",-73.275,19.9278,1636
"2026-09-09 18:00:00","2026-09-10 09:00:00","CAPE","surface",-73.251,19.9278,1516
"2026-09-09 18:00:00","2026-09-10 09:00:00","CAPE","surface",-73.2271,19.9278,1547
"2026-09-09 18:00:00","2026-09-10 09:00:00","CAPE","surface",-73.2032,19.9278,1434
"2026-09-09 18:00:00","2026-09-10 09:00:00","CAPE","surface",-73.1793,19.9278,1419
"2026-09-09 18:00:00","2026-09-10 09:00:00","CAPE","surface",-73.1553,19.9278,1271
"2026-09-09 18:00:00","2026-09-10 09:00:00","CAPE","surface",-73.1314,19.9278,1372
"2026-09-09 18:00:00","2026-09-10 09:00:00","CAPE","surface",-73.1075,19.9278,1230
"2026-09-09 18:00:00","2026-09-10 09:00:00","CAPE","surface",-73.0836,19.9278,1214
"2026-09-09 18:00:00","2026-09-10 09:00:00","CAPE","surface",-73.0596,19.9278,1084
"2026-09-09 18:00:00","2026-09-10 09:00:00","CAPE","surface",-73.0357,19.9278,1154
"2026-09-09 18:00:00","2026-09-10 09:00:00","CAPE","surface",-73.0118,19.9278,1222
"2026-09-09 18:00:00","2026-09-10 09:00:00","CAPE","surface",-72.9879,19.9278,1171
"2026-09-09 18:00:00","2026-09-10 09:00:00","CAPE","surface",-72.9639,19.9278,1210
"2026-09-09 18:00:00","2026-09-10 09:00:00","CAPE","surface",-72.94,19.9278,1096
"2026-09-09 18:00:00","2026-09-10 09:00:00","CAPE","surface",-72.9161,19.9278,1066
"2026-09-09 18:00:00","2026-09-10 09:00:00","CAPE","surface",-72.8922,19.9278,1066
"2026-09-09 18:00:00","2026-09-10 09:00:00","CAPE","surface",-72.8682,19.9278,1139
"2026-09-09 18:00:00","2026-09-10 09:00:00","CAPE","surface",-72.8443,19.9278,886
"2026-09-09 18:00:00","2026-09-10 09:00:00","CAPE","surface",-72.8204,19.9278,885
"2026-09-09 18:00:00","2026-09-10 09:00:00","CAPE","surface",-72.7965,19.9278,583
"2026-09-09 18:00:00","2026-09-10 09:00:00","CAPE","surface",-72.7725,19.9278,957
"2026-09-09 18:00:00","2026-09-10 09:00:00","CAPE","surface",-72.7486,19.9278,795
"2026-09-09 18:00:00","2026-09-10 09:00:00","CAPE","surface",-72.7247,19.9278,1043
"2026-09-09 18:00:00","2026-09-10 09:00:00","CAPE","surface",-72.7008,19.9278,823
"2026-09-09 18:00:00","2026-09-10 09:00:00","CAPE","surface",-72.6768,19.9278,1159
"2026-09-09 18:00:00","2026-09-10 09:00:00","CAPE","surface",-72.6529,19.9278,1159
"2026-09-09 18:00:00","2026-09-10 09:00:00","CAPE","surface",-72.629,19.9278,1300
"2026-09-09 18:00:00","2026-09-10 09:00:00","CAPE","surface",-72.6051,19.9278,1204
"2026-09-09 18:00:00","2026-09-10 09:00:00","CAPE","surface",-72.5811,19.9278,1536
"2026-09-09 18:00:00","2026-09-10 09:00:00","CAPE","surface",-72.5572,19.9278,1456
"2026-09-09 18:00:00","2026-09-10 09:00:00","CAPE","surface",-72.5333,19.9278,1842
"2026-09-09 18:00:00","2026-09-10 09:00:00","CAPE","surface",-72.5094,19.9278,1780
"2026-09-09 18:00:00","2026-09-10 09:00:00","CAPE","surface",-72.4854,19.9278,1817
"2026-09-09 18:00:00","2026-09-10 09:00:00","CAPE","surface",-72.4615,19.9278,1796
"2026-09-09 18:00:00","2026-09-10 09:00:00","CAPE","surface",-72.4376,19.9278,1729
"2026-09-09 18:00:00","2026-09-10 09:00:00","CAPE","surface",-72.4137,19.9278,1729
"2026-09-09 18:00:00","2026-09-10 09:00:00","CAPE","surface",-72.3897,19.9278,1723
"2026-09-09 18:00:00","2026-09-10 09:00:00","CAPE","surface",-72.3658,19.9278,1701
"2026-09-09 18:00:00","2026-09-10 09:00:00","CAPE","surface",-72.3419,19.9278,1706
"2026-09-09 18:00:00","2026-09-10 09:00:00","CAPE","surface",-72.318,19.9278,1750
"2026-09-09 18:00:00","2026-09-10 09:00:00","CAPE","surface",-72.294,19.9278,1750
"2026-09-09 18:00:00","2026-09-10 09:00:00","CAPE","surface",-72.2701,19.9278,1804
"2026-09-09 18:00:00","2026-09-10 09:00:00","CAPE","surface",-72.2462,19.9278,1763
"2026-09-09 18:00:00","2026-09-10 09:00:00","CAPE","surface",-72.2223,19.9278,1817
"2026-09-09 18:00:00","2026-09-10 09:00:00","CAPE","surface",-72.1983,19.9278,1817
"2026-09-09 18:00:00","2026-09-10 09:00:00","CAPE","surface",-72.1744,19.9278,1883
"2026-09-09 18:00:00","2026-09-10 09:00:00","CAPE","surface",-72.1505,19.9278,1839
"2026-09-09 18:00:00","2026-09-10 09:00:00","CAPE","surface",-72.1266,19.9278,1882
"2026-09-09 18:00:00","2026-09-10 09:00:00","CAPE","surface",-72.1026,19.9278,1849
"2026-09-09 18:00:00","2026-09-10 09:00:00","CAPE","surface",-72.0787,19.9278,1825
"2026-09-09 18:00:00","2026-09-10 09:00:00","CAPE","surface",-72.0548,19.9278,1805
"2026-09-09 18:00:00","2026-09-10 09:00:00","CAPE","surface",-72.0309,19.9278,1741
"2026-09-09 18:00:00","2026-09-10 09:00:00","CAPE","surface",-72.0069,19.9278,1725
"2026-09-09 18:00:00","2026-09-10 09:00:00","CAPE","surface",-71.983,19.9278,1690
"2026-09-09 18:00:00","2026-09-10 09:00:00","CAPE","surface",-71.9591,19.9278,1690
"2026-09-09 18:00:00","2026-09-10 09:00:00","CAPE","surface",-71.9352,19.9278,1728
"2026-09-09 18:00:00","2026-09-10 09:00:00","CAPE","surface",-71.9112,19.9278,1662
"2026-09-09 18:00:00","2026-09-10 09:00:00","CAPE","surface",-71.8873,19.9278,1737
"2026-09-09 18:00:00","2026-09-10 09:00:00","CAPE","surface",-71.8634,19.9278,1652
"2026-09-09 18:00:00","2026-09-10 09:00:00","CAPE","surface",-71.8395,19.9278,1859
"2026-09-09 18:00:00","2026-09-10 09:00:00","CAPE","surface",-71.8155,19.9278,1912
"2026-09-09 18:00:00","2026-09-10 09:00:00","CAPE","surface",-71.7916,19.9278,1832
"2026-09-09 18:00:00","2026-09-10 09:00:00","CAPE","surface",-71.7677,19.9278,1881
"2026-09-09 18:00:00","2026-09-10 09:00:00","CAPE","surface",-71.7438,19.9278,1781
"2026-09-09 18:00:00","2026-09-10 09:00:00","CAPE","surface",-71.7198,19.9278,1882
"2026-09-09 18:00:00","2026-09-10 09:00:00","CAPE","surface",-71.6959,19.9278,1820
"2026-09-09 18:00:00","2026-09-10 09:00:00","CAPE","surface",-71.672,19.9278,1833
"2026-09-09 18:00:00","2026-09-10 09:00:00","CAPE","surface",-71.6481,19.9278,1763
"2026-09-09 18:00:00","2026-09-10 09:00:00","CAPE","surface",-71.6241,19.9278,1807
"2026-09-09 18:00:00","2026-09-10 09:00:00","CAPE","surface",-71.6002,19.9278,1764
"2026-09-09 18:00:00","2026-09-10 09:00:00","CAPE","surface",-71.5763,19.9278,1759
"2026-09-09 18:00:00","2026-09-10 09:00:00","CAPE","surface",-71.5524,19.9278,1735
"2026-09-09 18:00:00","2026-09-10 09:00:00","CAPE","surface",-71.5284,19.9278,1723
"2026-09-09 18:00:00","2026-09-10 09:00:00","CAPE","surface",-71.5045,19.9278,1723
"2026-09-09 18:00:00","2026-09-10 09:00:00","CAPE","surface",-71.4806,19.9278,1754
"2026-09-09 18:00:00","2026-09-10 09:00:00","CAPE","surface",-71.4567,19.9278,1714
"2026-09-09 18:00:00","2026-09-10 09:00:00","CAPE","surface",-71.4327,19.9278,1724
"2026-09-09 18:00:00","2026-09-10 09:00:00","CAPE","surface",-71.4088,19.9278,1670
"2026-09-09 18:00:00","2026-09-10 09:00:00","CAPE","surface",-71.3849,19.9278,1731
"2026-09-09 18:00:00","2026-09-10 09:00:00","CAPE","surface",-71.361,19.9278,1750
"2026-09-09 18:00:00","2026-09-10 09:00:00","CAPE","surface",-71.337,19.9278,1677
"2026-09-09 18:00:00","2026-09-10 09:00:00","CAPE","surface",-71.3131,19.9278,1692
"2026-09-09 18:00:00","2026-09-10 09:00:00","CAPE","surface",-71.2892,19.9278,1600
"2026-09-09 18:00:00","2026-09-10 09:00:00","CAPE","surface",-71.2653,19.9278,1725
"2026-09-09 18:00:00","2026-09-10 09:00:00","CAPE","surface",-71.2413,19.9278,1636
"2026-09-09 18:00:00","2026-09-10 09:00:00","CAPE","surface",-71.2174,19.9278,1657
"2026-09-09 18:00:00","2026-09-10 09:00:00","CAPE","surface",-71.1935,19.9278,1582
"2026-09-09 18:00:00","2026-09-10 09:00:00","CAPE","surface",-71.1696,19.9278,1623
"2026-09-09 18:00:00","2026-09-10 09:00:00","CAPE","surface",-71.1456,19.9278,1551
"2026-09-09 18:00:00","2026-09-10 09:00:00","CAPE","surface",-71.1217,19.9278,1550
"2026-09-09 18:00:00","2026-09-10 09:00:00","CAPE","surface",-71.0978,19.9278,1463
"2026-09-09 18:00:00","2026-09-10 09:00:00","CAPE","surface",-71.0739,19.9278,1458
"2026-09-09 18:00:00","2026-09-10 09:00:00","CAPE","surface",-71.0499,19.9278,1458
"2026-09-09 18:00:00","2026-09-10 09:00:00","CAPE","surface",-71.026,19.9278,1422
"2026-09-09 18:00:00","2026-09-10 09:00:00","CAPE","surface",-71.0021,19.9278,1642
"2026-09-09 18:00:00","2026-09-10 09:00:00","CAPE","surface",-70.9782,19.9278,1482
"2026-09-09 18:00:00","2026-09-10 09:00:00","CAPE","surface",-70.9542,19.9278,1994
"2026-09-09 18:00:00","2026-09-10 09:00:00","CAPE","surface",-70.9303,19.9278,1882
"2026-09-09 18:00:00","2026-09-10 09:00:00","CAPE","surface",-70.9064,19.9278,2335
"2026-09-09 18:00:00","2026-09-10 09:00:00","CAPE","surface",-70.8825,19.9278,2237
"2026-09-09 18:00:00","2026-09-10 09:00:00","CAPE","surface",-70.8585,19.9278,2488
"2026-09-09 18:00:00","2026-09-10 09:00:00","CAPE","surface",-70.8346,19.9278,2488
"2026-09-09 18:00:00","2026-09-10 09:00:00","CAPE","surface",-70.8107,19.9278,2676
"2026-09-09 18:00:00","2026-09-10 09:00:00","CAPE","surface",-70.7868,19.9278,2637
"2026-09-09 18:00:00","2026-09-10 09:00:00","CAPE","surface",-70.7628,19.9278,2855
"2026-09-09 18:00:00","2026-09-10 09:00:00","CAPE","surface",-70.7389,19.9278,2840
"2026-09-09 18:00:00","2026-09-10 09:00:00","CAPE","surface",-70.715,19.9278,3004
"2026-09-09 18:00:00","2026-09-10 09:00:00","CAPE","surface",-70.6911,19.9278,3026
"2026-09-09 18:00:00","2026-09-10 09:00:00","CAPE","surface",-70.6671,19.9278,2946
"2026-09-09 18:00:00","2026-09-10 09:00:00","CAPE","surface",-70.6432,19.9278,2698
"2026-09-09 18:00:00","2026-09-10 09:00:00","CAPE","surface",-70.6193,19.9278,2698
"2026-09-09 18:00:00","2026-09-10 09:00:00","CAPE","surface",-70.5954,19.9278,2659
"2026-09-09 18:00:00","2026-09-10 09:00:00","CAPE","surface",-70.5714,19.9278,2785
"2026-09-09 18:00:00","2026-09-10 09:00:00","CAPE","surface",-70.5475,19.9278,2891
"2026-09-09 18:00:00","2026-09-10 09:00:00","CAPE","surface",-70.5236,19.9278,2996
"2026-09-09 18:00:00","2026-09-10 09:00:00","CAPE","surface",-70.4997,19.9278,3057
"2026-09-09 18:00:00","2026-09-10 09:00:00","CAPE","surface",-70.4757,19.9278,3248
"2026-09-09 18:00:00","2026-09-10 09:00:00","CAPE","surface",-70.4518,19.9278,3333
"2026-09-09 18:00:00","2026-09-10 09:00:00","CAPE","surface",-70.4279,19.9278,3180
"2026-09-09 18:00:00","2026-09-10 09:00:00","CAPE","surface",-70.404,19.9278,2839
"2026-09-09 18:00:00","2026-09-10 09:00:00","CAPE","surface",-70.38,19.9278,2626
"2026-09-09 18:00:00","2026-09-10 09:00:00","CAPE","surface",-70.3561,19.9278,2572
"2026-09-09 18:00:00","2026-09-10 09:00:00","CAPE","surface",-70.3322,19.9278,2864
"2026-09-09 18:00:00","2026-09-10 09:00:00","CAPE","surface",-70.3083,19.9278,2880
"2026-09-09 18:00:00","2026-09-10 09:00:00","CAPE","surface",-70.2843,19.9278,2984
"2026-09-09 18:00:00","2026-09-10 09:00:00","CAPE","surface",-70.2604,19.9278,2968
"2026-09-09 18:00:00","2026-09-10 09:00:00","CAPE","surface",-70.2365,19.9278,2980
"2026-09-09 18:00:00","2026-09-10 09:00:00","CAPE","surface",-70.2126,19.9278,2980
"2026-09-09 18:00:00","2026-09-10 09:00:00","CAPE","surface",-70.1886,19.9278,2972
"2026-09-09 18:00:00","2026-09-10 09:00:00","CAPE","surface",-70.1647,19.9278,2979
"2026-09-09 18:00:00","2026-09-10 09:00:00","CAPE","surface",-70.1408,19.9278,2944
"2026-09-09 18:00:00","2026-09-10 09:00:00","CAPE","surface",-70.1169,19.9278,2935
"2026-09-09 18:00:00","2026-09-10 09:00:00","CAPE","surface",-70.0929,19.9278,2889
"2026-09-09 18:00:00","2026-09-10 09:00:00","CAPE","surface",-70.069,19.9278,2889
"2026-09-09 18:00:00","2026-09-10 09:00:00","CAPE","surface",-70.0451,19.9278,2688
"2026-09-09 18:00:00","2026-09-10 09:00:00","CAPE","surface",-70.0212,19.9278,2653
"2026-09-09 18:00:00","2026-09-10 09:00:00","CAPE","surface",-69.9972,19.9278,2653
"2026-09-09 18:00:00","2026-09-10 09:00:00","CAPE","surface",-69.9733,19.9278,2687
"2026-09-09 18:00:00","2026-09-10 09:00:00","CAPE","surface",-69.9494,19.9278,2715
"2026-09-09 18:00:00","2026-09-10 09:00:00","CAPE","surface",-69.9255,19.9278,2846
"2026-09-09 18:00:00","2026-09-10 09:00:00","CAPE","surface",-69.9015,19.9278,2831
"2026-09-09 18:00:00","2026-09-10 09:00:00","CAPE","surface",-69.8776,19.9278,2980
"2026-09-09 18:00:00","2026-09-10 09:00:00","CAPE","surface",-69.8537,19.9278,2828
"2026-09-09 18:00:00","2026-09-10 09:00:00","CAPE","surface",-69.8298,19.9278,2736
"2026-09-09 18:00:00","2026-09-10 09:00:00","CAPE","surface",-69.8058,19.9278,2744
"2026-09-09 18:00:00","2026-09-10 09:00:00","CAPE","surface",-69.7819,19.9278,2969
"2026-09-09 18:00:00","2026-09-10 09:00:00","CAPE","surface",-69.758,19.9278,2969
"2026-09-09 18:00:00","2026-09-10 09:00:00","CAPE","surface",-69.7341,19.9278,2982
"2026-09-09 18:00:00","2026-09-10 09:00:00","CAPE","surface",-69.7101,19.9278,2894
"2026-09-09 18:00:00","2026-09-10 09:00:00","CAPE","surface",-69.6862,19.9278,2756
"2026-09-09 18:00:00","2026-09-10 09:00:00","CAPE","surface",-69.6623,19.9278,2757
"2026-09-09 18:00:00","2026-09-10 09:00:00","CAPE","surface",-69.6384,19.9278,2564
"2026-09-09 18:00:00","2026-09-10 09:00:00","CAPE","surface",-69.6144,19.9278,2478
"2026-09-09 18:00:00","2026-09-10 09:00:00","CAPE","surface",-69.5905,19.9278,2461
"2026-09-09 18:00:00","2026-09-10 09:00:00","CAPE","surface",-69.5666,19.9278,2452
"2026-09-09 18:00:00","2026-09-10 09:00:00","CAPE","surface",-69.5427,19.9278,2483
"2026-09-09 18:00:00","2026-09-10 09:00:00","CAPE","surface",-69.5187,19.9278,2569
"2026-09-09 18:00:00","2026-09-10 09:00:00","CAPE","surface",-69.4948,19.9278,2642
"2026-09-09 18:00:00","2026-09-10 09:00:00","CAPE","surface",-69.4709,19.9278,2652
"2026-09-09 18:00:00","2026-09-10 09:00:00","CAPE","surface",-69.447,19.9278,2683
"2026-09-09 18:00:00","2026-09-10 09:00:00","CAPE","surface",-69.423,19.9278,2742
"2026-09-09 18:00:00","2026-09-10 09:00:00","CAPE","surface",-69.3991,19.9278,2739
"2026-09-09 18:00:00","2026-09-10 09:00:00","CAPE","surface",-69.3752,19.9278,2745
"2026-09-09 18:00:00","2026-09-10 09:00:00","CAPE","surface",-69.3513,19.9278,2735
"2026-09-09 18:00:00","2026-09-10 09:00:00","CAPE","surface",-69.3273,19.9278,2750
"2026-09-09 18:00:00","2026-09-10 09:00:00","CAPE","surface",-69.3034,19.9278,2785
"2026-09-09 18:00:00","2026-09-10 09:00:00","CAPE","surface",-69.2795,19.9278,2784
"2026-09-09 18:00:00","2026-09-10 09:00:00","CAPE","surface",-69.2556,19.9278,2793
"2026-09-09 18:00:00","2026-09-10 09:00:00","CAPE","surface",-69.2316,19.9278,2773
"2026-09-09 18:00:00","2026-09-10 09:00:00","CAPE","surface",-69.2077,19.9278,2693
"2026-09-09 18:00:00","2026-09-10 09:00:00","CAPE","surface",-69.1838,19.9278,2720
"2026-09-09 18:00:00","2026-09-10 09:00:00","CAPE","surface",-69.1599,19.9278,2805
"2026-09-09 18:00:00","2026-09-10 09:00:00","CAPE","surface",-69.1359,19.9278,2849
"2026-09-09 18:00:00","2026-09-10 09:00:00","CAPE","surface",-69.112,19.9278,2860
"2026-09-09 18:00:00","2026-09-10 09:00:00","CAPE","surface",-69.0881,19.9278,2881
"2026-09-09 18:00:00","2026-09-10 09:00:00","CAPE","surface",-69.0642,19.9278,2877
"2026-09-09 18:00:00","2026-09-10 09:00:00","CAPE","surface",-69.0402,19.9278,2903
"2026-09-09 18:00:00","2026-09-10 09:00:00","CAPE","surface",-69.0163,19.9278,2906
"2026-09-09 18:00:00","2026-09-10 09:00:00","CAPE","surface",-68.9924,19.9278,2915
"2026-09-09 18:00:00","2026-09-10 09:00:00","CAPE","surface",-68.9685,19.9278,2949
"2026-09-09 18:00:00","2026-09-10 09:00:00","CAPE","surface",-68.9445,19.9278,2954
"2026-09-09 18:00:00","2026-09-10 09:00:00","CAPE","surface",-68.9206,19.9278,3011
"2026-09-09 18:00:00","2026-09-10 09:00:00","CAPE","surface",-68.8967,19.9278,3071
"2026-09-09 18:00:00","2026-09-10 09:00:00","CAPE","surface",-68.8728,19.9278,3112
"2026-09-09 18:00:00","2026-09-10 09:00:00","CAPE","surface",-68.8488,19.9278,3112
"2026-09-09 18:00:00","2026-09-10 09:00:00","CAPE","surface",-68.8249,19.9278,3085
"2026-09-09 18:00:00","2026-09-10 09:00:00","CAPE","surface",-68.801,19.9278,3101
"2026-09-09 18:00:00","2026-09-10 09:00:00","CAPE","surface",-68.7771,19.9278,3118
"2026-09-09 18:00:00","2026-09-10 09:00:00","CAPE","surface",-68.7531,19.9278,3223
"2026-09-09 18:00:00","2026-09-10 09:00:00","CAPE","surface",-68.7292,19.9278,3178
"2026-09-09 18:00:00","2026-09-10 09:00:00","CAPE","surface",-68.7053,19.9278,3222
"2026-09-09 18:00:00","2026-09-10 09:00:00","CAPE","surface",-68.6813,19.9278,3327
"2026-09-09 18:00:00","2026-09-10 09:00:00","CAPE","surface",-68.6574,19.9278,3180
"2026-09-09 18:00:00","2026-09-10 09:00:00","CAPE","surface",-68.6335,19.9278,3180
"2026-09-09 18:00:00","2026-09-10 09:00:00","CAPE","surface",-68.6096,19.9278,3067
"2026-09-09 18:00:00","2026-09-10 09:00:00","CAPE","surface",-68.5856,19.9278,3140
"2026-09-09 18:00:00","2026-09-10 09:00:00","CAPE","surface",-68.5617,19.9278,3075
"2026-09-09 18:00:00","2026-09-10 09:00:00","CAPE","surface",-68.5378,19.9278,3075
"2026-09-09 18:00:00","2026-09-10 09:00:00","CAPE","surface",-68.5139,19.9278,3052
"2026-09-09 18:00:00","2026-09-10 09:00:00","CAPE","surface",-68.4899,19.9278,3044
"2026-09-09 18:00:00","2026-09-10 09:00:00","CAPE","surface",-68.466,19.9278,3171
"2026-09-09 18:00:00","2026-09-10 09:00:00","CAPE","surface",-68.4421,19.9278,3197
"2026-09-09 18:00:00","2026-09-10 09:00:00","CAPE","surface",-68.4182,19.9278,3291
"2026-09-09 18:00:00","2026-09-10 09:00:00","CAPE","surface",-68.3942,19.9278,3202
"2026-09-09 18:00:00","2026-09-10 09:00:00","CAPE","surface",-68.3703,19.9278,3211
"2026-09-09 18:00:00","2026-09-10 09:00:00","CAPE","surface",-68.3464,19.9278,2982
"2026-09-09 18:00:00","2026-09-10 09:00:00","CAPE","surface",-68.3225,19.9278,2934
"2026-09-09 18:00:00","2026-09-10 09:00:00","CAPE","surface",-68.2985,19.9278,2869
"2026-09-09 18:00:00","2026-09-10 09:00:00","CAPE","surface",-68.2746,19.9278,2845
"2026-09-09 18:00:00","2026-09-10 09:00:00","CAPE","surface",-68.2507,19.9278,2910
"2026-09-09 18:00:00","2026-09-10 09:00:00","CAPE","surface",-68.2268,19.9278,2998
"2026-09-09 18:00:00","2026-09-10 09:00:00","CAPE","surface",-68.2028,19.9278,2974
"2026-09-09 18:00:00","2026-09-10 09:00:00","CAPE","surface",-68.1789,19.9278,3062
"2026-09-09 18:00:00","2026-09-10 09:00:00","CAPE","surface",-68.155,19.9278,3062
"2026-09-09 18:00:00","2026-09-10 09:00:00","CAPE","surface",-68.1311,19.9278,3220
"2026-09-09 18:00:00","2026-09-10 09:00:00","CAPE","surface",-68.1071,19.9278,3141
"2026-09-09 18:00:00","2026-09-10 09:00:00","CAPE","surface",-68.0832,19.9278,3040
"2026-09-09 18:00:00","2026-09-10 09:00:00","CAPE","surface",-68.0593,19.9278,2971
"2026-09-09 18:00:00","2026-09-10 09:00:00","CAPE","surface",-68.0354,19.9278,2958
"2026-09-09 18:00:00","2026-09-10 09:00:00","CAPE","surface",-68.0114,19.9278,2989
"2026-09-09 18:00:00","2026-09-10 09:00:00","CAPE","surface",-67.9875,19.9278,3121
"2026-09-09 18:00:00","2026-09-10 09:00:00","CAPE","surface",-67.9636,19.9278,3215
"2026-09-09 18:00:00","2026-09-10 09:00:00","CAPE","surface",-67.9397,19.9278,3215
"2026-09-09 18:00:00","2026-09-10 09:00:00","CAPE","surface",-67.9157,19.9278,3194
"2026-09-09 18:00:00","2026-09-10 09:00:00","CAPE","surface",-67.8918,19.9278,3210
"2026-09-09 18:00:00","2026-09-10 09:00:00","CAPE","surface",-67.8679,19.9278,3151
"2026-09-09 18:00:00","2026-09-10 09:00:00","CAPE","surface",-67.844,19.9278,3151
"2026-09-09 18:00:00","2026-09-10 09:00:00","CAPE","surface",-67.82,19.9278,3098
"2026-09-09 18:00:00","2026-09-10 09:00:00","CAPE","surface",-67.7961,19.9278,3070
"2026-09-09 18:00:00","2026-09-10 09:00:00","CAPE","surface",-67.7722,19.9278,3108
"2026-09-09 18:00:00","2026-09-10 09:00:00","CAPE","surface",-67.7483,19.9278,3063
"2026-09-09 18:00:00","2026-09-10 09:00:00","CAPE","surface",-67.7243,19.9278,3065
"2026-09-09 18:00:00","2026-09-10 09:00:00","CAPE","surface",-67.7004,19.9278,2960
"2026-09-09 18:00:00","2026-09-10 09:00:00","CAPE","surface",-67.6765,19.9278,2937
"2026-09-09 18:00:00","2026-09-10 09:00:00","CAPE","surface",-67.6526,19.9278,2859
"2026-09-09 18:00:00","2026-09-10 09:00:00","CAPE","surface",-67.6286,19.9278,2916
"2026-09-09 18:00:00","2026-09-10 09:00:00","CAPE","surface",-67.6047,19.9278,3097
"2026-09-09 18:00:00","2026-09-10 09:00:00","CAPE","surface",-67.5808,19.9278,3173
"2026-09-09 18:00:00","2026-09-10 09:00:00","CAPE","surface",-67.5569,19.9278,3173
"2026-09-09 18:00:00","2026-09-10 09:00:00","CAPE","surface",-67.5329,19.9278,3125
"2026-09-09 18:00:00","2026-09-10 09:00:00","CAPE","surface",-67.509,19.9278,2915
"2026-09-09 18:00:00","2026-09-10 09:00:00","CAPE","surface",-67.4851,19.9278,2724
"2026-09-09 18:00:00","2026-09-10 09:00:00","CAPE","surface",-67.4612,19.9278,2724
"2026-09-09 18:00:00","2026-09-10 09:00:00","CAPE","surface",-67.4372,19.9278,2476
"2026-09-09 18:00:00","2026-09-10 09:00:00","CAPE","surface",-67.4133,19.9278,2208
"2026-09-09 18:00:00","2026-09-10 09:00:00","CAPE","surface",-67.3894,19.9278,1844
"2026-09-09 18:00:00","2026-09-10 09:00:00","CAPE","surface",-67.3655,19.9278,1945
"2026-09-09 18:00:00","2026-09-10 09:00:00","CAPE","surface",-67.3415,19.9278,1690
"2026-09-09 18:00:00","2026-09-10 09:00:00","CAPE","surface",-67.3176,19.9278,1682
"2026-09-09 18:00:00","2026-09-10 09:00:00","CAPE","surface",-67.2937,19.9278,1606
"2026-09-09 18:00:00","2026-09-10 09:00:00","CAPE","surface",-67.2698,19.9278,1912
"2026-09-09 18:00:00","2026-09-10 09:00:00","CAPE","surface",-67.2458,19.9278,1838
"2026-09-09 18:00:00","2026-09-10 09:00:00","CAPE","surface",-67.2219,19.9278,2272
"2026-09-09 18:00:00","2026-09-10 09:00:00","CAPE","surface",-67.198,19.9278,2609
"2026-09-09 18:00:00","2026-09-10 09:00:00","CAPE","surface",-67.1741,19.9278,2609
"2026-09-09 18:00:00","2026-09-10 09:00:00","CAPE","surface",-67.1501,19.9278,2841
"2026-09-09 18:00:00","2026-09-10 09:00:00","CAPE","surface",-67.1262,19.9278,2810
"2026-09-09 18:00:00","2026-09-10 09:00:00","CAPE","surface",-67.1023,19.9278,2902
"2026-09-09 18:00:00","2026-09-10 09:00:00","CAPE","surface",-67.0784,19.9278,2902
"2026-09-09 18:00:00","2026-09-10 09:00:00","CAPE","surface",-67.0544,19.9278,2846
"2026-09-09 18:00:00","2026-09-10 09:00:00","CAPE","surface",-67.0305,19.9278,2876
"2026-09-09 18:00:00","2026-09-10 09:00:00","CAPE","surface",-67.0066,19.9278,2924
"2026-09-09 18:00:00","2026-09-10 09:00:00","CAPE","surface",-74.7822,19.9503,2683
"2026-09-09 18:00:00","2026-09-10 09:00:00","CAPE","surface",-74.7583,19.9503,2584
"2026-09-09 18:00:00","2026-09-10 09:00:00","CAPE","surface",-74.7344,19.9503,2680
"2026-09-09 18:00:00","2026-09-10 09:00:00","CAPE","surface",-74.7105,19.9503,2562
"2026-09-09 18:00:00","2026-09-10 09:00:00","CAPE","surface",-74.6865,19.9503,2529
"2026-09-09 18:00:00","2026-09-10 09:00:00","CAPE","surface",-74.6626,19.9503,2431
"2026-09-09 18:00:00","2026-09-10 09:00:00","CAPE","surface",-74.6387,19.9503,2411
"2026-09-09 18:00:00","2026-09-10 09:00:00","CAPE","surface",-74.6148,19.9503,2411
"2026-09-09 18:00:00","2026-09-10 09:00:00","CAPE","surface",-74.5908,19.9503,2395
"2026-09-09 18:00:00","2026-09-10 09:00:00","CAPE","surface",-74.5669,19.9503,2314
"2026-09-09 18:00:00","2026-09-10 09:00:00","CAPE","surface",-74.543,19.9503,2298
"2026-09-09 18:00:00","2026-09-10 09:00:00","CAPE","surface",-74.5191,19.9503,2276
"2026-09-09 18:00:00","2026-09-10 09:00:00","CAPE","surface",-74.4951,19.9503,2285
"2026-09-09 18:00:00","2026-09-10 09:00:00","CAPE","surface",-74.4712,19.9503,2285
"2026-09-09 18:00:00","2026-09-10 09:00:00","CAPE","surface",-74.4473,19.9503,2299
"2026-09-09 18:00:00","2026-09-10 09:00:00","CAPE","surface",-74.4234,19.9503,2277
"2026-09-09 18:00:00","2026-09-10 09:00:00","CAPE","surface",-74.3994,19.9503,2315
"2026-09-09 18:00:00","2026-09-10 09:00:00","CAPE","surface",-74.3755,19.9503,2336
"2026-09-09 18:00:00","2026-09-10 09:00:00","CAPE","surface",-74.3516,19.9503,2315
"2026-09-09 18:00:00","2026-09-10 09:00:00","CAPE","surface",-74.3277,19.9503,2308
"2026-09-09 18:00:00","2026-09-10 09:00:00","CAPE","surface",-74.3037,19.9503,2281
"2026-09-09 18:00:00","2026-09-10 09:00:00","CAPE","surface",-74.2798,19.9503,2285
"2026-09-09 18:00:00","2026-09-10 09:00:00","CAPE","surface",-74.2559,19.9503,2243
"2026-09-09 18:00:00","2026-09-10 09:00:00","CAPE","surface",-74.232,19.9503,2271
"2026-09-09 18:00:00","2026-09-10 09:00:00","CAPE","surface",-74.208,19.9503,2210
"2026-09-09 18:00:00","2026-09-10 09:00:00","CAPE","surface",-74.1841,19.9503,2244
"2026-09-09 18:00:00","2026-09-10 09:00:00","CAPE","surface",-74.1602,19.9503,2324
"2026-09-09 18:00:00","2026-09-10 09:00:00","CAPE","surface",-74.1363,19.9503,2469
"2026-09-09 18:00:00","2026-09-10 09:00:00","CAPE","surface",-74.1123,19.9503,2525
"2026-09-09 18:00:00","2026-09-10 09:00:00","CAPE","surface",-74.0884,19.9503,2525
"2026-09-09 18:00:00","2026-09-10 09:00:00","CAPE","surface",-74.0645,19.9503,2414
"2026-09-09 18:00:00","2026-09-10 09:00:00","CAPE","surface",-74.0406,19.9503,2364
"2026-09-09 18:00:00","2026-09-10 09:00:00","CAPE","surface",-74.0166,19.9503,2203
"2026-09-09 18:00:00","2026-09-10 09:00:00","CAPE","surface",-73.9927,19.9503,2223
"2026-09-09 18:00:00","2026-09-10 09:00:00","CAPE","surface",-73.9688,19.9503,2190
"2026-09-09 18:00:00","2026-09-10 09:00:00","CAPE","surface",-73.9449,19.9503,2204
"2026-09-09 18:00:00","2026-09-10 09:00:00","CAPE","surface",-73.9209,19.9503,2220
"2026-09-09 18:00:00","2026-09-10 09:00:00","CAPE","surface",-73.897,19.9503,2161
"2026-09-09 18:00:00","2026-09-10 09:00:00","CAPE","surface",-73.8731,19.9503,1948
"2026-09-09 18:00:00","2026-09-10 09:00:00","CAPE","surface",-73.8492,19.9503,1898
"2026-09-09 18:00:00","2026-09-10 09:00:00","CAPE","surface",-73.8252,19.9503,1929
"2026-09-09 18:00:00","2026-09-10 09:00:00","CAPE","surface",-73.8013,19.9503,1876
"2026-09-09 18:00:00","2026-09-10 09:00:00","CAPE","surface",-73.7774,19.9503,1962
"2026-09-09 18:00:00","2026-09-10 09:00:00","CAPE","surface",-73.7535,19.9503,1861
"2026-09-09 18:00:00","2026-09-10 09:00:00","CAPE","surface",-73.7295,19.9503,1874
"2026-09-09 18:00:00","2026-09-10 09:00:00","CAPE","surface",-73.7056,19.9503,1874
"2026-09-09 18:00:00","2026-09-10 09:00:00","CAPE","surface",-73.6817,19.9503,1882
"2026-09-09 18:00:00","2026-09-10 09:00:00","CAPE","surface",-73.6578,19.9503,1724
"2026-09-09 18:00:00","2026-09-10 09:00:00","CAPE","surface",-73.6338,19.9503,1777
"2026-09-09 18:00:00","2026-09-10 09:00:00","CAPE","surface",-73.6099,19.9503,1655
"2026-09-09 18:00:00","2026-09-10 09:00:00","CAPE","surface",-73.586,19.9503,1810
"2026-09-09 18:00:00","2026-09-10 09:00:00","CAPE","surface",-73.5621,19.9503,1658
"2026-09-09 18:00:00","2026-09-10 09:00:00","CAPE","surface",-73.5381,19.9503,1692
"2026-09-09 18:00:00","2026-09-10 09:00:00","CAPE","surface",-73.5142,19.9503,1607
"2026-09-09 18:00:00","2026-09-10 09:00:00","CAPE","surface",-73.4903,19.9503,1708
"2026-09-09 18:00:00","2026-09-10 09:00:00","CAPE","surface",-73.4664,19.9503,1708
"2026-09-09 18:00:00","2026-09-10 09:00:00","CAPE","surface",-73.4424,19.9503,1720
"2026-09-09 18:00:00","2026-09-10 09:00:00","CAPE","surface",-73.4185,19.9503,1831
"2026-09-09 18:00:00","2026-09-10 09:00:00","CAPE","surface",-73.3946,19.9503,1663
"2026-09-09 18:00:00","2026-09-10 09:00:00","CAPE","surface",-73.3707,19.9503,1869
"2026-09-09 18:00:00","2026-09-10 09:00:00","CAPE","surface",-73.3467,19.9503,1761
"2026-09-09 18:00:00","2026-09-10 09:00:00","CAPE","surface",-73.3228,19.9503,1911
"2026-09-09 18:00:00","2026-09-10 09:00:00","CAPE","surface",-73.2989,19.9503,1767
"2026-09-09 18:00:00","2026-09-10 09:00:00","CAPE","surface",-73.275,19.9503,1797
"2026-09-09 18:00:00","2026-09-10 09:00:00","CAPE","surface",-73.251,19.9503,1666
"2026-09-09 18:00:00","2026-09-10 09:00:00","CAPE","surface",-73.2271,19.9503,1672
"2026-09-09 18:00:00","2026-09-10 09:00:00","CAPE","surface",-73.2032,19.9503,1672
"2026-09-09 18:00:00","2026-09-10 09:00:00","CAPE","surface",-73.1793,19.9503,1646
"2026-09-09 18:00:00","2026-09-10 09:00:00","CAPE","surface",-73.1553,19.9503,1502
"2026-09-09 18:00:00","2026-09-10 09:00:00","CAPE","surface",-73.1314,19.9503,1388
"2026-09-09 18:00:00","2026-09-10 09:00:00","CAPE","surface",-73.1075,19.9503,1288
"2026-09-09 18:00:00","2026-09-10 09:00:00","CAPE","surface",-73.0836,19.9503,1408
"2026-09-09 18:00:00","2026-09-10 09:00:00","CAPE","surface",-73.0596,19.9503,1295
"2026-09-09 18:00:00","2026-09-10 09:00:00","CAPE","surface",-73.0357,19.9503,1265
"2026-09-09 18:00:00","2026-09-10 09:00:00","CAPE","surface",-73.0118,19.9503,1222
"2026-09-09 18:00:00","2026-09-10 09:00:00","CAPE","surface",-72.9879,19.9503,1306
"2026-09-09 18:00:00","2026-09-10 09:00:00","CAPE","surface",-72.9639,19.9503,1306
"2026-09-09 18:00:00","2026-09-10 09:00:00","CAPE","surface",-72.94,19.9503,1362
"2026-09-09 18:00:00","2026-09-10 09:00:00","CAPE","surface",-72.9161,19.9503,1219
"2026-09-09 18:00:00","2026-09-10 09:00:00","CAPE","surface",-72.8922,19.9503,1333
"2026-09-09 18:00:00","2026-09-10 09:00:00","CAPE","surface",-72.8682,19.9503,1139
"2026-09-09 18:00:00","2026-09-10 09:00:00","CAPE","surface",-72.8443,19.9503,1376
"2026-09-09 18:00:00","2026-09-10 09:00:00","CAPE","surface",-72.8204,19.9503,1187
"2026-09-09 18:00:00","2026-09-10 09:00:00","CAPE","surface",-72.7965,19.9503,1223
"2026-09-09 18:00:00","2026-09-10 09:00:00","CAPE","surface",-72.7725,19.9503,957
"2026-09-09 18:00:00","2026-09-10 09:00:00","CAPE","surface",-72.7486,19.9503,1172
"2026-09-09 18:00:00","2026-09-10 09:00:00","CAPE","surface",-72.7247,19.9503,1172
"2026-09-09 18:00:00","2026-09-10 09:00:00","CAPE","surface",-72.7008,19.9503,1345
"2026-09-09 18:00:00","2026-09-10 09:00:00","CAPE","surface",-72.6768,19.9503,1247
"2026-09-09 18:00:00","2026-09-10 09:00:00","CAPE","surface",-72.6529,19.9503,1405
"2026-09-09 18:00:00","2026-09-10 09:00:00","CAPE","surface",-72.629,19.9503,1693
"2026-09-09 18:00:00","2026-09-10 09:00:00","CAPE","surface",-72.6051,19.9503,1693
"2026-09-09 18:00:00","2026-09-10 09:00:00","CAPE","surface",-72.5811,19.9503,1957
"2026-09-09 18:00:00","2026-09-10 09:00:00","CAPE","surface",-72.5572,19.9503,1904
"2026-09-09 18:00:00","2026-09-10 09:00:00","CAPE","surface",-72.5333,19.9503,1883
"2026-09-09 18:00:00","2026-09-10 09:00:00","CAPE","surface",-72.5094,19.9503,1845
"2026-09-09 18:00:00","2026-09-10 09:00:00","CAPE","surface",-72.4854,19.9503,1782
"2026-09-09 18:00:00","2026-09-10 09:00:00","CAPE","surface",-72.4615,19.9503,1761
"2026-09-09 18:00:00","2026-09-10 09:00:00","CAPE","surface",-72.4376,19.9503,1757
"2026-09-09 18:00:00","2026-09-10 09:00:00","CAPE","surface",-72.4137,19.9503,1740
"2026-09-09 18:00:00","2026-09-10 09:00:00","CAPE","surface",-72.3897,19.9503,1750
"2026-09-09 18:00:00","2026-09-10 09:00:00","CAPE","surface",-72.3658,19.9503,1750
"2026-09-09 18:00:00","2026-09-10 09:00:00","CAPE","surface",-72.3419,19.9503,1776
"2026-09-09 18:00:00","2026-09-10 09:00:00","CAPE","surface",-72.318,19.9503,1766
"2026-09-09 18:00:00","2026-09-10 09:00:00","CAPE","surface",-72.294,19.9503,1835
"2026-09-09 18:00:00","2026-09-10 09:00:00","CAPE","surface",-72.2701,19.9503,1804
"2026-09-09 18:00:00","2026-09-10 09:00:00","CAPE","surface",-72.2462,19.9503,1915
"2026-09-09 18:00:00","2026-09-10 09:00:00","CAPE","surface",-72.2223,19.9503,1869
"2026-09-09 18:00:00","2026-09-10 09:00:00","CAPE","surface",-72.1983,19.9503,1917
"2026-09-09 18:00:00","2026-09-10 09:00:00","CAPE","surface",-72.1744,19.9503,1883
"2026-09-09 18:00:00","2026-09-10 09:00:00","CAPE","surface",-72.1505,19.9503,1908
"2026-09-09 18:00:00","2026-09-10 09:00:00","CAPE","surface",-72.1266,19.9503,1908
"2026-09-09 18:00:00","2026-09-10 09:00:00","CAPE","surface",-72.1026,19.9503,1847
"2026-09-09 18:00:00","2026-09-10 09:00:00","CAPE","surface",-72.0787,19.9503,1825
"2026-09-09 18:00:00","2026-09-10 09:00:00","CAPE","surface",-72.0548,19.9503,1766
"2026-09-09 18:00:00","2026-09-10 09:00:00","CAPE","surface",-72.0309,19.9503,1803
"2026-09-09 18:00:00","2026-09-10 09:00:00","CAPE","surface",-72.0069,19.9503,1753
"2026-09-09 18:00:00","2026-09-10 09:00:00","CAPE","surface",-71.983,19.9503,1880
"2026-09-09 18:00:00","2026-09-10 09:00:00","CAPE","surface",-71.9591,19.9503,1805
"2026-09-09 18:00:00","2026-09-10 09:00:00","CAPE","surface",-71.9352,19.9503,1915
"2026-09-09 18:00:00","2026-09-10 09:00:00","CAPE","surface",-71.9112,19.9503,1915
"2026-09-09 18:00:00","2026-09-10 09:00:00","CAPE","surface",-71.8873,19.9503,1993
"2026-09-09 18:00:00","2026-09-10 09:00:00","CAPE","surface",-71.8634,19.9503,1921
"2026-09-09 18:00:00","2026-09-10 09:00:00","CAPE","surface",-71.8395,19.9503,1971
"2026-09-09 18:00:00","2026-09-10 09:00:00","CAPE","surface",-71.8155,19.9503,1912
"2026-09-09 18:00:00","2026-09-10 09:00:00","CAPE","surface",-71.7916,19.9503,1981
"2026-09-09 18:00:00","2026-09-10 09:00:00","CAPE","surface",-71.7677,19.9503,1944
"2026-09-09 18:00:00","2026-09-10 09:00:00","CAPE","surface",-71.7438,19.9503,1936
"2026-09-09 18:00:00","2026-09-10 09:00:00","CAPE","surface",-71.7198,19.9503,1882
"2026-09-09 18:00:00","2026-09-10 09:00:00","CAPE","surface",-71.6959,19.9503,1890
"2026-09-09 18:00:00","2026-09-10 09:00:00","CAPE","surface",-71.672,19.9503,1890
"2026-09-09 18:00:00","2026-09-10 09:00:00","CAPE","surface",-71.6481,19.9503,1857
"2026-09-09 18:00:00","2026-09-10 09:00:00","CAPE","surface",-71.6241,19.9503,1807
"2026-09-09 18:00:00","2026-09-10 09:00:00","CAPE","surface",-71.6002,19.9503,1791
"2026-09-09 18:00:00","2026-09-10 09:00:00","CAPE","surface",-71.5763,19.9503,1815
"2026-09-09 18:00:00","2026-09-10 09:00:00","CAPE","surface",-71.5524,19.9503,1791
"2026-09-09 18:00:00","2026-09-10 09:00:00","CAPE","surface",-71.5284,19.9503,1830
"2026-09-09 18:00:00","2026-09-10 09:00:00","CAPE","surface",-71.5045,19.9503,1799
"2026-09-09 18:00:00","2026-09-10 09:00:00","CAPE","surface",-71.4806,19.9503,1826
"2026-09-09 18:00:00","2026-09-10 09:00:00","CAPE","surface",-71.4567,19.9503,1826
"2026-09-09 18:00:00","2026-09-10 09:00:00","CAPE","surface",-71.4327,19.9503,1844
"2026-09-09 18:00:00","2026-09-10 09:00:00","CAPE","surface",-71.4088,19.9503,1793
"2026-09-09 18:00:00","2026-09-10 09:00:00","CAPE","surface",-71.3849,19.9503,1818
"2026-09-09 18:00:00","2026-09-10 09:00:00","CAPE","surface",-71.361,19.9503,1750
"2026-09-09 18:00:00","2026-09-10 09:00:00","CAPE","surface",-71.337,19.9503,1841
"2026-09-09 18:00:00","2026-09-10 09:00:00","CAPE","surface",-71.3131,19.9503,1778
"2026-09-09 18:00:00","2026-09-10 09:00:00","CAPE","surface",-71.2892,19.9503,1804
"2026-09-09 18:00:00","2026-09-10 09:00:00","CAPE","surface",-71.2653,19.9503,1725
"2026-09-09 18:00:00","2026-09-10 09:00:00","CAPE","surface",-71.2413,19.9503,1728
"2026-09-09 18:00:00","2026-09-10 09:00:00","CAPE","surface",-71.2174,19.9503,1728
"2026-09-09 18:00:00","2026-09-10 09:00:00","CAPE","surface",-71.1935,19.9503,1695
"2026-09-09 18:00:00","2026-09-10 09:00:00","CAPE","surface",-71.1696,19.9503,1733
"2026-09-09 18:00:00","2026-09-10 09:00:00","CAPE","surface",-71.1456,19.9503,1637
"2026-09-09 18:00:00","2026-09-10 09:00:00","CAPE","surface",-71.1217,19.9503,1773
"2026-09-09 18:00:00","2026-09-10 09:00:00","CAPE","surface",-71.0978,19.9503,1665
"2026-09-09 18:00:00","2026-09-10 09:00:00","CAPE","surface",-71.0739,19.9503,1757
"2026-09-09 18:00:00","2026-09-10 09:00:00","CAPE","surface",-71.0499,19.9503,1607
"2026-09-09 18:00:00","2026-09-10 09:00:00","CAPE","surface",-71.026,19.9503,1800
"2026-09-09 18:00:00","2026-09-10 09:00:00","CAPE","surface",-71.0021,19.9503,1800
"2026-09-09 18:00:00","2026-09-10 09:00:00","CAPE","surface",-70.9782,19.9503,2104
"2026-09-09 18:00:00","2026-09-10 09:00:00","CAPE","surface",-70.9542,19.9503,1994
"2026-09-09 18:00:00","2026-09-10 09:00:00","CAPE","surface",-70.9303,19.9503,2411
"2026-09-09 18:00:00","2026-09-10 09:00:00","CAPE","surface",-70.9064,19.9503,2411
"2026-09-09 18:00:00","2026-09-10 09:00:00","CAPE","surface",-70.8825,19.9503,2533
"2026-09-09 18:00:00","2026-09-10 09:00:00","CAPE","surface",-70.8585,19.9503,2512
"2026-09-09 18:00:00","2026-09-10 09:00:00","CAPE","surface",-70.8346,19.9503,2687
"2026-09-09 18:00:00","2026-09-10 09:00:00","CAPE","surface",-70.8107,19.9503,2908
"2026-09-09 18:00:00","2026-09-10 09:00:00","CAPE","surface",-70.7868,19.9503,2908
"2026-09-09 18:00:00","2026-09-10 09:00:00","CAPE","surface",-70.7628,19.9503,2991
"2026-09-09 18:00:00","2026-09-10 09:00:00","CAPE","surface",-70.7389,19.9503,2983
"2026-09-09 18:00:00","2026-09-10 09:00:00","CAPE","surface",-70.715,19.9503,2885
"2026-09-09 18:00:00","2026-09-10 09:00:00","CAPE","surface",-70.6911,19.9503,2890
"2026-09-09 18:00:00","2026-09-10 09:00:00","CAPE","surface",-70.6671,19.9503,2578
"2026-09-09 18:00:00","2026-09-10 09:00:00","CAPE","surface",-70.6432,19.9503,2597
"2026-09-09 18:00:00","2026-09-10 09:00:00","CAPE","surface",-70.6193,19.9503,2435
"2026-09-09 18:00:00","2026-09-10 09:00:00","CAPE","surface",-70.5954,19.9503,2659
"2026-09-09 18:00:00","2026-09-10 09:00:00","CAPE","surface",-70.5714,19.9503,2445
"2026-09-09 18:00:00","2026-09-10 09:00:00","CAPE","surface",-70.5475,19.9503,2701
"2026-09-09 18:00:00","2026-09-10 09:00:00","CAPE","surface",-70.5236,19.9503,2812
"2026-09-09 18:00:00","2026-09-10 09:00:00","CAPE","surface",-70.4997,19.9503,3057
"2026-09-09 18:00:00","2026-09-10 09:00:00","CAPE","surface",-70.4757,19.9503,3290
"2026-09-09 18:00:00","2026-09-10 09:00:00","CAPE","surface",-70.4518,19.9503,3259
"2026-09-09 18:00:00","2026-09-10 09:00:00","CAPE","surface",-70.4279,19.9503,3236
"2026-09-09 18:00:00","2026-09-10 09:00:00","CAPE","surface",-70.404,19.9503,2667
"2026-09-09 18:00:00","2026-09-10 09:00:00","CAPE","surface",-70.38,19.9503,2583
"2026-09-09 18:00:00","2026-09-10 09:00:00","CAPE","surface",-70.3561,19.9503,2696
"2026-09-09 18:00:00","2026-09-10 09:00:00","CAPE","surface",-70.3322,19.9503,2808
"2026-09-09 18:00:00","2026-09-10 09:00:00","CAPE","surface",-70.3083,19.9503,2981
"2026-09-09 18:00:00","2026-09-10 09:00:00","CAPE","surface",-70.2843,19.9503,2984
"2026-09-09 18:00:00","2026-09-10 09:00:00","CAPE","surface",-70.2604,19.9503,2981
"2026-09-09 18:00:00","2026-09-10 09:00:00","CAPE","surface",-70.2365,19.9503,2981
"2026-09-09 18:00:00","2026-09-10 09:00:00","CAPE","surface",-70.2126,19.9503,2940
"2026-09-09 18:00:00","2026-09-10 09:00:00","CAPE","surface",-70.1886,19.9503,2972
"2026-09-09 18:00:00","2026-09-10 09:00:00","CAPE","surface",-70.1647,19.9503,2936
"2026-09-09 18:00:00","2026-09-10 09:00:00","CAPE","surface",-70.1408,19.9503,2850
"2026-09-09 18:00:00","2026-09-10 09:00:00","CAPE","surface",-70.1169,19.9503,2888
"2026-09-09 18:00:00","2026-09-10 09:00:00","CAPE","surface",-70.0929,19.9503,2823
"2026-09-09 18:00:00","2026-09-10 09:00:00","CAPE","surface",-70.069,19.9503,2768
"2026-09-09 18:00:00","2026-09-10 09:00:00","CAPE","surface",-70.0451,19.9503,2666
"2026-09-09 18:00:00","2026-09-10 09:00:00","CAPE","surface",-70.0212,19.9503,2656
"2026-09-09 18:00:00","2026-09-10 09:00:00","CAPE","surface",-69.9972,19.9503,2663
"2026-09-09 18:00:00","2026-09-10 09:00:00","CAPE","surface",-69.9733,19.9503,2687
"2026-09-09 18:00:00","2026-09-10 09:00:00","CAPE","surface",-69.9494,19.9503,2813
"2026-09-09 18:00:00","2026-09-10 09:00:00","CAPE","surface",-69.9255,19.9503,2813
"2026-09-09 18:00:00","2026-09-10 09:00:00","CAPE","surface",-69.9015,19.9503,3037
"2026-09-09 18:00:00","2026-09-10 09:00:00","CAPE","surface",-69.8776,19.9503,2980
"2026-09-09 18:00:00","2026-09-10 09:00:00","CAPE","surface",-69.8537,19.9503,2995
"2026-09-09 18:00:00","2026-09-10 09:00:00","CAPE","surface",-69.8298,19.9503,3071
"2026-09-09 18:00:00","2026-09-10 09:00:00","CAPE","surface",-69.8058,19.9503,2853
"2026-09-09 18:00:00","2026-09-10 09:00:00","CAPE","surface",-69.7819,19.9503,3007
"2026-09-09 18:00:00","2026-09-10 09:00:00","CAPE","surface",-69.758,19.9503,3026
"2026-09-09 18:00:00","2026-09-10 09:00:00","CAPE","surface",-69.7341,19.9503,2999
"2026-09-09 18:00:00","2026-09-10 09:00:00","CAPE","surface",-69.7101,19.9503,2999
"2026-09-09 18:00:00","2026-09-10 09:00:00","CAPE","surface",-69.6862,19.9503,2921
"2026-09-09 18:00:00","2026-09-10 09:00:00","CAPE","surface",-69.6623,19.9503,2757
"2026-09-09 18:00:00","2026-09-10 09:00:00","CAPE","surface",-69.6384,19.9503,2597
"2026-09-09 18:00:00","2026-09-10 09:00:00","CAPE","surface",-69.6144,19.9503,2597
"2026-09-09 18:00:00","2026-09-10 09:00:00","CAPE","surface",-69.5905,19.9503,2484
"2026-09-09 18:00:00","2026-09-10 09:00:00","CAPE","surface",-69.5666,19.9503,2457
"2026-09-09 18:00:00","2026-09-10 09:00:00","CAPE","surface",-69.5427,19.9503,2481
"2026-09-09 18:00:00","2026-09-10 09:00:00","CAPE","surface",-69.5187,19.9503,2516
"2026-09-09 18:00:00","2026-09-10 09:00:00","CAPE","surface",-69.4948,19.9503,2562
"2026-09-09 18:00:00","2026-09-10 09:00:00","CAPE","surface",-69.4709,19.9503,2629
"2026-09-09 18:00:00","2026-09-10 09:00:00","CAPE","surface",-69.447,19.9503,2683
"2026-09-09 18:00:00","2026-09-10 09:00:00","CAPE","surface",-69.423,19.9503,2714
"2026-09-09 18:00:00","2026-09-10 09:00:00","CAPE","surface",-69.3991,19.9503,2714
"2026-09-09 18:00:00","2026-09-10 09:00:00","CAPE","surface",-69.3752,19.9503,2719
"2026-09-09 18:00:00","2026-09-10 09:00:00","CAPE","surface",-69.3513,19.9503,2735
"2026-09-09 18:00:00","2026-09-10 09:00:00","CAPE","surface",-69.3273,19.9503,2784
"2026-09-09 18:00:00","2026-09-10 09:00:00","CAPE","surface",-69.3034,19.9503,2796
"2026-09-09 18:00:00","2026-09-10 09:00:00","CAPE","surface",-69.2795,19.9503,2805
"2026-09-09 18:00:00","2026-09-10 09:00:00","CAPE","surface",-69.2556,19.9503,2739
"2026-09-09 18:00:00","2026-09-10 09:00:00","CAPE","surface",-69.2316,19.9503,2719
"2026-09-09 18:00:00","2026-09-10 09:00:00","CAPE","surface",-69.2077,19.9503,2616
"2026-09-09 18:00:00","2026-09-10 09:00:00","CAPE","surface",-69.1838,19.9503,2626
"2026-09-09 18:00:00","2026-09-10 09:00:00","CAPE","surface",-69.1599,19.9503,2781
"2026-09-09 18:00:00","2026-09-10 09:00:00","CAPE","surface",-69.1359,19.9503,2849
"2026-09-09 18:00:00","2026-09-10 09:00:00","CAPE","surface",-69.112,19.9503,2883
"2026-09-09 18:00:00","2026-09-10 09:00:00","CAPE","surface",-69.0881,19.9503,2890
"2026-09-09 18:00:00","2026-09-10 09:00:00","CAPE","surface",-69.0642,19.9503,2918
"2026-09-09 18:00:00","2026-09-10 09:00:00","CAPE","surface",-69.0402,19.9503,2868
"2026-09-09 18:00:00","2026-09-10 09:00:00","CAPE","surface",-69.0163,19.9503,2901
"2026-09-09 18:00:00","2026-09-10 09:00:00","CAPE","surface",-68.9924,19.9503,2919
"2026-09-09 18:00:00","2026-09-10 09:00:00","CAPE","surface",-68.9685,19.9503,2922
"2026-09-09 18:00:00","2026-09-10 09:00:00","CAPE","surface",-68.9445,19.9503,2990
"2026-09-09 18:00:00","2026-09-10 09:00:00","CAPE","surface",-68.9206,19.9503,3011
"2026-09-09 18:00:00","2026-09-10 09:00:00","CAPE","surface",-68.8967,19.9503,3037
"2026-09-09 18:00:00","2026-09-10 09:00:00","CAPE","surface",-68.8728,19.9503,3087
"2026-09-09 18:00:00","2026-09-10 09:00:00","CAPE","surface",-68.8488,19.9503,3083
"2026-09-09 18:00:00","2026-09-10 09:00:00","CAPE","surface",-68.8249,19.9503,3085
"2026-09-09 18:00:00","2026-09-10 09:00:00","CAPE","surface",-68.801,19.9503,3042
"2026-09-09 18:00:00","2026-09-10 09:00:00","CAPE","surface",-68.7771,19.9503,3024
"2026-09-09 18:00:00","2026-09-10 09:00:00","CAPE","surface",-68.7531,19.9503,3068
"2026-09-09 18:00:00","2026-09-10 09:00:00","CAPE","surface",-68.7292,19.9503,3098
"2026-09-09 18:00:00","2026-09-10 09:00:00","CAPE","surface",-68.7053,19.9503,3098
"2026-09-09 18:00:00","2026-09-10 09:00:00","CAPE","surface",-68.6813,19.9503,3086
"2026-09-09 18:00:00","2026-09-10 09:00:00","CAPE","surface",-68.6574,19.9503,3140
"2026-09-09 18:00:00","2026-09-10 09:00:00","CAPE","surface",-68.6335,19.9503,3024
"2026-09-09 18:00:00","2026-09-10 09:00:00","CAPE","surface",-68.6096,19.9503,3024
"2026-09-09 18:00:00","2026-09-10 09:00:00","CAPE","surface",-68.5856,19.9503,3074
"2026-09-09 18:00:00","2026-09-10 09:00:00","CAPE","surface",-68.5617,19.9503,3069
"2026-09-09 18:00:00","2026-09-10 09:00:00","CAPE","surface",-68.5378,19.9503,3063
"2026-09-09 18:00:00","2026-09-10 09:00:00","CAPE","surface",-68.5139,19.9503,3086
"2026-09-09 18:00:00","2026-09-10 09:00:00","CAPE","surface",-68.4899,19.9503,3086
"2026-09-09 18:00:00","2026-09-10 09:00:00","CAPE","surface",-68.466,19.9503,3080
"2026-09-09 18:00:00","2026-09-10 09:00:00","CAPE","surface",-68.4421,19.9503,3197
"2026-09-09 18:00:00","2026-09-10 09:00:00","CAPE","surface",-68.4182,19.9503,3160
"2026-09-09 18:00:00","2026-09-10 09:00:00","CAPE","surface",-68.3942,19.9503,3160
"2026-09-09 18:00:00","2026-09-10 09:00:00","CAPE","surface",-68.3703,19.9503,2985
"2026-09-09 18:00:00","2026-09-10 09:00:00","CAPE","surface",-68.3464,19.9503,2904
"2026-09-09 18:00:00","2026-09-10 09:00:00","CAPE","surface",-68.3225,19.9503,2894
"2026-09-09 18:00:00","2026-09-10 09:00:00","CAPE","surface",-68.2985,19.9503,2930
"2026-09-09 18:00:00","2026-09-10 09:00:00","CAPE","surface",-68.2746,19.9503,2920
"2026-09-09 18:00:00","2026-09-10 09:00:00","CAPE","surface",-68.2507,19.9503,3018
"2026-09-09 18:00:00","2026-09-10 09:00:00","CAPE","surface",-68.2268,19.9503,2998
"2026-09-09 18:00:00","2026-09-10 09:00:00","CAPE","surface",-68.2028,19.9503,3106
"2026-09-09 18:00:00","2026-09-10 09:00:00","CAPE","surface",-68.1789,19.9503,3080
"2026-09-09 18:00:00","2026-09-10 09:00:00","CAPE","surface",-68.155,19.9503,3267
"2026-09-09 18:00:00","2026-09-10 09:00:00","CAPE","surface",-68.1311,19.9503,3220
"2026-09-09 18:00:00","2026-09-10 09:00:00","CAPE","surface",-68.1071,19.9503,3403
"2026-09-09 18:00:00","2026-09-10 09:00:00","CAPE","surface",-68.0832,19.9503,3201
"2026-09-09 18:00:00","2026-09-10 09:00:00","CAPE","surface",-68.0593,19.9503,3016
"2026-09-09 18:00:00","2026-09-10 09:00:00","CAPE","surface",-68.0354,19.9503,2940
"2026-09-09 18:00:00","2026-09-10 09:00:00","CAPE","surface",-68.0114,19.9503,2940
"2026-09-09 18:00:00","2026-09-10 09:00:00","CAPE","surface",-67.9875,19.9503,3014
"2026-09-09 18:00:00","2026-09-10 09:00:00","CAPE","surface",-67.9636,19.9503,3136
"2026-09-09 18:00:00","2026-09-10 09:00:00","CAPE","surface",-67.9397,19.9503,3161
"2026-09-09 18:00:00","2026-09-10 09:00:00","CAPE","surface",-67.9157,19.9503,3161
"2026-09-09 18:00:00","2026-09-10 09:00:00","CAPE","surface",-67.8918,19.9503,3092
"2026-09-09 18:00:00","2026-09-10 09:00:00","CAPE","surface",-67.8679,19.9503,3020
"2026-09-09 18:00:00","2026-09-10 09:00:00","CAPE","surface",-67.844,19.9503,3064
"2026-09-09 18:00:00","2026-09-10 09:00:00","CAPE","surface",-67.82,19.9503,2962
"2026-09-09 18:00:00","2026-09-10 09:00:00","CAPE","surface",-67.7961,19.9503,3026
"2026-09-09 18:00:00","2026-09-10 09:00:00","CAPE","surface",-67.7722,19.9503,3060
"2026-09-09 18:00:00","2026-09-10 09:00:00","CAPE","surface",-67.7483,19.9503,3063
"2026-09-09 18:00:00","2026-09-10 09:00:00","CAPE","surface",-67.7243,19.9503,3021
"2026-09-09 18:00:00","2026-09-10 09:00:00","CAPE","surface",-67.7004,19.9503,2926
"2026-09-09 18:00:00","2026-09-10 09:00:00","CAPE","surface",-67.6765,19.9503,2900
"2026-09-09 18:00:00","2026-09-10 09:00:00","CAPE","surface",-67.6526,19.9503,2931
"2026-09-09 18:00:00","2026-09-10 09:00:00","CAPE","surface",-67.6286,19.9503,2931
"2026-09-09 18:00:00","2026-09-10 09:00:00","CAPE","surface",-67.6047,19.9503,3107
"2026-09-09 18:00:00","2026-09-10 09:00:00","CAPE","surface",-67.5808,19.9503,3198
"2026-09-09 18:00:00","2026-09-10 09:00:00","CAPE","surface",-67.5569,19.9503,3230
"2026-09-09 18:00:00","2026-09-10 09:00:00","CAPE","surface",-67.5329,19.9503,3230
"2026-09-09 18:00:00","2026-09-10 09:00:00","CAPE","surface",-67.509,19.9503,3180
"2026-09-09 18:00:00","2026-09-10 09:00:00","CAPE","surface",-67.4851,19.9503,3110
"2026-09-09 18:00:00","2026-09-10 09:00:00","CAPE","surface",-67.4612,19.9503,2894
"2026-09-09 18:00:00","2026-09-10 09:00:00","CAPE","surface",-67.4372,19.9503,2992
"2026-09-09 18:00:00","2026-09-10 09:00:00","CAPE","surface",-67.4133,19.9503,2681
"2026-09-09 18:00:00","2026-09-10 09:00:00","CAPE","surface",-67.3894,19.9503,2436
"2026-09-09 18:00:00","2026-09-10 09:00:00","CAPE","surface",-67.3655,19.9503,1945
"2026-09-09 18:00:00","2026-09-10 09:00:00","CAPE","surface",-67.3415,19.9503,2276
"2026-09-09 18:00:00","2026-09-10 09:00:00","CAPE","surface",-67.3176,19.9503,1865
"2026-09-09 18:00:00","2026-09-10 09:00:00","CAPE","surface",-67.2937,19.9503,2092
"2026-09-09 18:00:00","2026-09-10 09:00:00","CAPE","surface",-67.2698,19.9503,2496
"2026-09-09 18:00:00","2026-09-10 09:00:00","CAPE","surface",-67.2458,19.9503,2496
"2026-09-09 18:00:00","2026-09-10 09:00:00","CAPE","surface",-67.2219,19.9503,2784
"2026-09-09 18:00:00","2026-09-10 09:00:00","CAPE","surface",-67.198,19.9503,2709
"2026-09-09 18:00:00","2026-09-10 09:00:00","CAPE","surface",-67.1741,19.9503,2905
"2026-09-09 18:00:00","2026-09-10 09:00:00","CAPE","surface",-67.1501,19.9503,2905
"2026-09-09 18:00:00","2026-09-10 09:00:00","CAPE","surface",-67.1262,19.9503,2922
"2026-09-09 18:00:00","2026-09-10 09:00:00","CAPE","surface",-67.1023,19.9503,2833
"2026-09-09 18:00:00","2026-09-10 09:00:00","CAPE","surface",-67.0784,19.9503,2829
"2026-09-09 18:00:00","2026-09-10 09:00:00","CAPE","surface",-67.0544,19.9503,2802
"2026-09-09 18:00:00","2026-09-10 09:00:00","CAPE","surface",-67.0305,19.9503,2829
"2026-09-09 18:00:00","2026-09-10 09:00:00","CAPE","surface",-67.0066,19.9503,2874
"2026-09-09 18:00:00","2026-09-10 09:00:00","CAPE","surface",-74.7822,19.9728,2861
"2026-09-09 18:00:00","2026-09-10 09:00:00","CAPE","surface",-74.7583,19.9728,2849
"2026-09-09 18:00:00","2026-09-10 09:00:00","CAPE","surface",-74.7344,19.9728,2680
"2026-09-09 18:00:00","2026-09-10 09:00:00","CAPE","surface",-74.7105,19.9728,2724
"2026-09-09 18:00:00","2026-09-10 09:00:00","CAPE","surface",-74.6865,19.9728,2724
"2026-09-09 18:00:00","2026-09-10 09:00:00","CAPE","surface",-74.6626,19.9728,2775
"2026-09-09 18:00:00","2026-09-10 09:00:00","CAPE","surface",-74.6387,19.9728,2525
"2026-09-09 18:00:00","2026-09-10 09:00:00","CAPE","surface",-74.6148,19.9728,2606
"2026-09-09 18:00:00","2026-09-10 09:00:00","CAPE","surface",-74.5908,19.9728,2395
"2026-09-09 18:00:00","2026-09-10 09:00:00","CAPE","surface",-74.5669,19.9728,2410
"2026-09-09 18:00:00","2026-09-10 09:00:00","CAPE","surface",-74.543,19.9728,2410
"2026-09-09 18:00:00","2026-09-10 09:00:00","CAPE","surface",-74.5191,19.9728,2450
"2026-09-09 18:00:00","2026-09-10 09:00:00","CAPE","surface",-74.4951,19.9728,2337
"2026-09-09 18:00:00","2026-09-10 09:00:00","CAPE","surface",-74.4712,19.9728,2393
"2026-09-09 18:00:00","2026-09-10 09:00:00","CAPE","surface",-74.4473,19.9728,2299
"2026-09-09 18:00:00","2026-09-10 09:00:00","CAPE","surface",-74.4234,19.9728,2418
"2026-09-09 18:00:00","2026-09-10 09:00:00","CAPE","surface",-74.3994,19.9728,2358
"2026-09-09 18:00:00","2026-09-10 09:00:00","CAPE","surface",-74.3755,19.9728,2394
"2026-09-09 18:00:00","2026-09-10 09:00:00","CAPE","surface",-74.3516,19.9728,2315
"2026-09-09 18:00:00","2026-09-10 09:00:00","CAPE","surface",-74.3277,19.9728,2333
"2026-09-09 18:00:00","2026-09-10 09:00:00","CAPE","surface",-74.3037,19.9728,2281
"2026-09-09 18:00:00","2026-09-10 09:00:00","CAPE","surface",-74.2798,19.9728,2317
"2026-09-09 18:00:00","2026-09-10 09:00:00","CAPE","surface",-74.2559,19.9728,2259
"2026-09-09 18:00:00","2026-09-10 09:00:00","CAPE","surface",-74.232,19.9728,2233
"2026-09-09 18:00:00","2026-09-10 09:00:00","CAPE","surface",-74.208,19.9728,2210
"2026-09-09 18:00:00","2026-09-10 09:00:00","CAPE","surface",-74.1841,19.9728,2228
"2026-09-09 18:00:00","2026-09-10 09:00:00","CAPE","surface",-74.1602,19.9728,2228
"2026-09-09 18:00:00","2026-09-10 09:00:00","CAPE","surface",-74.1363,19.9728,2410
"2026-09-09 18:00:00","2026-09-10 09:00:00","CAPE","surface",-74.1123,19.9728,2510
"2026-09-09 18:00:00","2026-09-10 09:00:00","CAPE","surface",-74.0884,19.9728,2475
"2026-09-09 18:00:00","2026-09-10 09:00:00","CAPE","surface",-74.0645,19.9728,2287
"2026-09-09 18:00:00","2026-09-10 09:00:00","CAPE","surface",-74.0406,19.9728,2217
"2026-09-09 18:00:00","2026-09-10 09:00:00","CAPE","surface",-74.0166,19.9728,2261
"2026-09-09 18:00:00","2026-09-10 09:00:00","CAPE","surface",-73.9927,19.9728,2206
"2026-09-09 18:00:00","2026-09-10 09:00:00","CAPE","surface",-73.9688,19.9728,2280
"2026-09-09 18:00:00","2026-09-10 09:00:00","CAPE","surface",-73.9449,19.9728,2252
"2026-09-09 18:00:00","2026-09-10 09:00:00","CAPE","surface",-73.9209,19.9728,2063
"2026-09-09 18:00:00","2026-09-10 09:00:00","CAPE","surface",-73.897,19.9728,2063
"2026-09-09 18:00:00","2026-09-10 09:00:00","CAPE","surface",-73.8731,19.9728,2056
"2026-09-09 18:00:00","2026-09-10 09:00:00","CAPE","surface",-73.8492,19.9728,1995
"2026-09-09 18:00:00","2026-09-10 09:00:00","CAPE","surface",-73.8252,19.9728,2187
"2026-09-09 18:00:00","2026-09-10 09:00:00","CAPE","surface",-73.8013,19.9728,2069
"2026-09-09 18:00:00","2026-09-10 09:00:00","CAPE","surface",-73.7774,19.9728,2283
"2026-09-09 18:00:00","2026-09-10 09:00:00","CAPE","surface",-73.7535,19.9728,2149
"2026-09-09 18:00:00","2026-09-10 09:00:00","CAPE","surface",-73.7295,19.9728,2230
"2026-09-09 18:00:00","2026-09-10 09:00:00","CAPE","surface",-73.7056,19.9728,2070
"2026-09-09 18:00:00","2026-09-10 09:00:00","CAPE","surface",-73.6817,19.9728,2179
"2026-09-09 18:00:00","2026-09-10 09:00:00","CAPE","surface",-73.6578,19.9728,2179
"2026-09-09 18:00:00","2026-09-10 09:00:00","CAPE","surface",-73.6338,19.9728,2200
"2026-09-09 18:00:00","2026-09-10 09:00:00","CAPE","surface",-73.6099,19.9728,2012
"2026-09-09 18:00:00","2026-09-10 09:00:00","CAPE","surface",-73.586,19.9728,2031
"2026-09-09 18:00:00","2026-09-10 09:00:00","CAPE","surface",-73.5621,19.9728,1841
"2026-09-09 18:00:00","2026-09-10 09:00:00","CAPE","surface",-73.5381,19.9728,1926
"2026-09-09 18:00:00","2026-09-10 09:00:00","CAPE","surface",-73.5142,19.9728,1926
"2026-09-09 18:00:00","2026-09-10 09:00:00","CAPE","surface",-73.4903,19.9728,2031
"2026-09-09 18:00:00","2026-09-10 09:00:00","CAPE","surface",-73.4664,19.9728,1916
"2026-09-09 18:00:00","2026-09-10 09:00:00","CAPE","surface",-73.4424,19.9728,2003
"2026-09-09 18:00:00","2026-09-10 09:00:00","CAPE","surface",-73.4185,19.9728,1831
"2026-09-09 18:00:00","2026-09-10 09:00:00","CAPE","surface",-73.3946,19.9728,2103
"2026-09-09 18:00:00","2026-09-10 09:00:00","CAPE","surface",-73.3707,19.9728,1965
"2026-09-09 18:00:00","2026-09-10 09:00:00","CAPE","surface",-73.3467,19.9728,2013
"2026-09-09 18:00:00","2026-09-10 09:00:00","CAPE","surface",-73.3228,19.9728,1911
"2026-09-09 18:00:00","2026-09-10 09:00:00","CAPE","surface",-73.2989,19.9728,1930
"2026-09-09 18:00:00","2026-09-10 09:00:00","CAPE","surface",-73.275,19.9728,1930
"2026-09-09 18:00:00","2026-09-10 09:00:00","CAPE","surface",-73.251,19.9728,1951
"2026-09-09 18:00:00","2026-09-10 09:00:00","CAPE","surface",-73.2271,19.9728,1813
"2026-09-09 18:00:00","2026-09-10 09:00:00","CAPE","surface",-73.2032,19.9728,1804
"2026-09-09 18:00:00","2026-09-10 09:00:00","CAPE","surface",-73.1793,19.9728,1646
"2026-09-09 18:00:00","2026-09-10 09:00:00","CAPE","surface",-73.1553,19.9728,1773
"2026-09-09 18:00:00","2026-09-10 09:00:00","CAPE","surface",-73.1314,19.9728,1561
"2026-09-09 18:00:00","2026-09-10 09:00:00","CAPE","surface",-73.1075,19.9728,1592
"2026-09-09 18:00:00","2026-09-10 09:00:00","CAPE","surface",-73.0836,19.9728,1408
"2026-09-09 18:00:00","2026-09-10 09:00:00","CAPE","surface",-73.0596,19.9728,1381
"2026-09-09 18:00:00","2026-09-10 09:00:00","CAPE","surface",-73.0357,19.9728,1381
"2026-09-09 18:00:00","2026-09-10 09:00:00","CAPE","surface",-73.0118,19.9728,1538
"2026-09-09 18:00:00","2026-09-10 09:00:00","CAPE","surface",-72.9879,19.9728,1417
"2026-09-09 18:00:00","2026-09-10 09:00:00","CAPE","surface",-72.9639,19.9728,1515
"2026-09-09 18:00:00","2026-09-10 09:00:00","CAPE","surface",-72.94,19.9728,1592
"2026-09-09 18:00:00","2026-09-10 09:00:00","CAPE","surface",-72.9161,19.9728,1592
"2026-09-09 18:00:00","2026-09-10 09:00:00","CAPE","surface",-72.8922,19.9728,1625
"2026-09-09 18:00:00","2026-09-10 09:00:00","CAPE","surface",-72.8682,19.9728,1511
"2026-09-09 18:00:00","2026-09-10 09:00:00","CAPE","surface",-72.8443,19.9728,1561
"2026-09-09 18:00:00","2026-09-10 09:00:00","CAPE","surface",-72.8204,19.9728,1412
"2026-09-09 18:00:00","2026-09-10 09:00:00","CAPE","surface",-72.7965,19.9728,1612
"2026-09-09 18:00:00","2026-09-10 09:00:00","CAPE","surface",-72.7725,19.9728,1476
"2026-09-09 18:00:00","2026-09-10 09:00:00","CAPE","surface",-72.7486,19.9728,1596
"2026-09-09 18:00:00","2026-09-10 09:00:00","CAPE","surface",-72.7247,19.9728,1459
"2026-09-09 18:00:00","2026-09-10 09:00:00","CAPE","surface",-72.7008,19.9728,1624
"2026-09-09 18:00:00","2026-09-10 09:00:00","CAPE","surface",-72.6768,19.9728,1624
"2026-09-09 18:00:00","2026-09-10 09:00:00","CAPE","surface",-72.6529,19.9728,1752
"2026-09-09 18:00:00","2026-09-10 09:00:00","CAPE","surface",-72.629,19.9728,1734
"2026-09-09 18:00:00","2026-09-10 09:00:00","CAPE","surface",-72.6051,19.9728,1978
"2026-09-09 18:00:00","2026-09-10 09:00:00","CAPE","surface",-72.5811,19.9728,1957
"2026-09-09 18:00:00","2026-09-10 09:00:00","CAPE","surface",-72.5572,19.9728,1941
"2026-09-09 18:00:00","2026-09-10 09:00:00","CAPE","surface",-72.5333,19.9728,1925
"2026-09-09 18:00:00","2026-09-10 09:00:00","CAPE","surface",-72.5094,19.9728,1811
"2026-09-09 18:00:00","2026-09-10 09:00:00","CAPE","surface",-72.4854,19.9728,1782
"2026-09-09 18:00:00","2026-09-10 09:00:00","CAPE","surface",-72.4615,19.9728,1774
"2026-09-09 18:00:00","2026-09-10 09:00:00","CAPE","surface",-72.4376,19.9728,1774
"2026-09-09 18:00:00","2026-09-10 09:00:00","CAPE","surface",-72.4137,19.9728,1821
"2026-09-09 18:00:00","2026-09-10 09:00:00","CAPE","surface",-72.3897,19.9728,1782
"2026-09-09 18:00:00","2026-09-10 09:00:00","CAPE","surface",-72.3658,19.9728,1802
"2026-09-09 18:00:00","2026-09-10 09:00:00","CAPE","surface",-72.3419,19.9728,1776
"2026-09-09 18:00:00","2026-09-10 09:00:00","CAPE","surface",-72.318,19.9728,1887
"2026-09-09 18:00:00","2026-09-10 09:00:00","CAPE","surface",-72.294,19.9728,1973
"2026-09-09 18:00:00","2026-09-10 09:00:00","CAPE","surface",-72.2701,19.9728,1949
"2026-09-09 18:00:00","2026-09-10 09:00:00","CAPE","surface",-72.2462,19.9728,1964
"2026-09-09 18:00:00","2026-09-10 09:00:00","CAPE","surface",-72.2223,19.9728,1945
"2026-09-09 18:00:00","2026-09-10 09:00:00","CAPE","surface",-72.1983,19.9728,1967
"2026-09-09 18:00:00","2026-09-10 09:00:00","CAPE","surface",-72.1744,19.9728,1948
"2026-09-09 18:00:00","2026-09-10 09:00:00","CAPE","surface",-72.1505,19.9728,1914
"2026-09-09 18:00:00","2026-09-10 09:00:00","CAPE","surface",-72.1266,19.9728,1873
"2026-09-09 18:00:00","2026-09-10 09:00:00","CAPE","surface",-72.1026,19.9728,1849
"2026-09-09 18:00:00","2026-09-10 09:00:00","CAPE","surface",-72.0787,19.9728,1849
"2026-09-09 18:00:00","2026-09-10 09:00:00","CAPE","surface",-72.0548,19.9728,1889
"2026-09-09 18:00:00","2026-09-10 09:00:00","CAPE","surface",-72.0309,19.9728,1803
"2026-09-09 18:00:00","2026-09-10 09:00:00","CAPE","surface",-72.0069,19.9728,1949
"2026-09-09 18:00:00","2026-09-10 09:00:00","CAPE","surface",-71.983,19.9728,1949
"2026-09-09 18:00:00","2026-09-10 09:00:00","CAPE","surface",-71.9591,19.9728,2076
"2026-09-09 18:00:00","2026-09-10 09:00:00","CAPE","surface",-71.9352,19.9728,2001
"2026-09-09 18:00:00","2026-09-10 09:00:00","CAPE","surface",-71.9112,19.9728,2060
"2026-09-09 18:00:00","2026-09-10 09:00:00","CAPE","surface",-71.8873,19.9728,1993
"2026-09-09 18:00:00","2026-09-10 09:00:00","CAPE","surface",-71.8634,19.9728,2064
"2026-09-09 18:00:00","2026-09-10 09:00:00","CAPE","surface",-71.8395,19.9728,2015
"2026-09-09 18:00:00","2026-09-10 09:00:00","CAPE","surface",-71.8155,19.9728,2017
"2026-09-09 18:00:00","2026-09-10 09:00:00","CAPE","surface",-71.7916,19.9728,2023
"2026-09-09 18:00:00","2026-09-10 09:00:00","CAPE","surface",-71.7677,19.9728,1984
"2026-09-09 18:00:00","2026-09-10 09:00:00","CAPE","surface",-71.7438,19.9728,2032
"2026-09-09 18:00:00","2026-09-10 09:00:00","CAPE","surface",-71.7198,19.9728,1979
"2026-09-09 18:00:00","2026-09-10 09:00:00","CAPE","surface",-71.6959,19.9728,1937
"2026-09-09 18:00:00","2026-09-10 09:00:00","CAPE","surface",-71.672,19.9728,1907
"2026-09-09 18:00:00","2026-09-10 09:00:00","CAPE","surface",-71.6481,19.9728,1864
"2026-09-09 18:00:00","2026-09-10 09:00:00","CAPE","surface",-71.6241,19.9728,1864
"2026-09-09 18:00:00","2026-09-10 09:00:00","CAPE","surface",-71.6002,19.9728,1846
"2026-09-09 18:00:00","2026-09-10 09:00:00","CAPE","surface",-71.5763,19.9728,1815
"2026-09-09 18:00:00","2026-09-10 09:00:00","CAPE","surface",-71.5524,19.9728,1841
"2026-09-09 18:00:00","2026-09-10 09:00:00","CAPE","surface",-71.5284,19.9728,1830
"2026-09-09 18:00:00","2026-09-10 09:00:00","CAPE","surface",-71.5045,19.9728,1881
"2026-09-09 18:00:00","2026-09-10 09:00:00","CAPE","surface",-71.4806,19.9728,1862
"2026-09-09 18:00:00","2026-09-10 09:00:00","CAPE","surface",-71.4567,19.9728,1872
"2026-09-09 18:00:00","2026-09-10 09:00:00","CAPE","surface",-71.4327,19.9728,1844
"2026-09-09 18:00:00","2026-09-10 09:00:00","CAPE","surface",-71.4088,19.9728,1917
"2026-09-09 18:00:00","2026-09-10 09:00:00","CAPE","surface",-71.3849,19.9728,1880
"2026-09-09 18:00:00","2026-09-10 09:00:00","CAPE","surface",-71.361,19.9728,1898
"2026-09-09 18:00:00","2026-09-10 09:00:00","CAPE","surface",-71.337,19.9728,1917
"2026-09-09 18:00:00","2026-09-10 09:00:00","CAPE","surface",-71.3131,19.9728,1867
"2026-09-09 18:00:00","2026-09-10 09:00:00","CAPE","surface",-71.2892,19.9728,1937
"2026-09-09 18:00:00","2026-09-10 09:00:00","CAPE","surface",-71.2653,19.9728,1882
"2026-09-09 18:00:00","2026-09-10 09:00:00","CAPE","surface",-71.2413,19.9728,1873
"2026-09-09 18:00:00","2026-09-10 09:00:00","CAPE","surface",-71.2174,19.9728,1777
"2026-09-09 18:00:00","2026-09-10 09:00:00","CAPE","surface",-71.1935,19.9728,1835
"2026-09-09 18:00:00","2026-09-10 09:00:00","CAPE","surface",-71.1696,19.9728,1835
"2026-09-09 18:00:00","2026-09-10 09:00:00","CAPE","surface",-71.1456,19.9728,1880
"2026-09-09 18:00:00","2026-09-10 09:00:00","CAPE","surface",-71.1217,19.9728,1773
"2026-09-09 18:00:00","2026-09-10 09:00:00","CAPE","surface",-71.0978,19.9728,1898
"2026-09-09 18:00:00","2026-09-10 09:00:00","CAPE","surface",-71.0739,19.9728,1898
"2026-09-09 18:00:00","2026-09-10 09:00:00","CAPE","surface",-71.0499,19.9728,2108
"2026-09-09 18:00:00","2026-09-10 09:00:00","CAPE","surface",-71.026,19.9728,1953
"2026-09-09 18:00:00","2026-09-10 09:00:00","CAPE","surface",-71.0021,19.9728,2219
"2026-09-09 18:00:00","2026-09-10 09:00:00","CAPE","surface",-70.9782,19.9728,2500
"2026-09-09 18:00:00","2026-09-10 09:00:00","CAPE","surface",-70.9542,19.9728,2500
"2026-09-09 18:00:00","2026-09-10 09:00:00","CAPE","surface",-70.9303,19.9728,2580
"2026-09-09 18:00:00","2026-09-10 09:00:00","CAPE","surface",-70.9064,19.9728,2557
"2026-09-09 18:00:00","2026-09-10 09:00:00","CAPE","surface",-70.8825,19.9728,2657
"2026-09-09 18:00:00","2026-09-10 09:00:00","CAPE","surface",-70.8585,19.9728,2657
"2026-09-09 18:00:00","2026-09-10 09:00:00","CAPE","surface",-70.8346,19.9728,2935
"2026-09-09 18:00:00","2026-09-10 09:00:00","CAPE","surface",-70.8107,19.9728,2923
"2026-09-09 18:00:00","2026-09-10 09:00:00","CAPE","surface",-70.7868,19.9728,3007
"2026-09-09 18:00:00","2026-09-10 09:00:00","CAPE","surface",-70.7628,19.9728,2991
"2026-09-09 18:00:00","2026-09-10 09:00:00","CAPE","surface",-70.7389,19.9728,2887
"2026-09-09 18:00:00","2026-09-10 09:00:00","CAPE","surface",-70.715,19.9728,2875
"2026-09-09 18:00:00","2026-09-10 09:00:00","CAPE","surface",-70.6911,19.9728,2613
"2026-09-09 18:00:00","2026-09-10 09:00:00","CAPE","surface",-70.6671,19.9728,2578
"2026-09-09 18:00:00","2026-09-10 09:00:00","CAPE","surface",-70.6432,19.9728,2291
"2026-09-09 18:00:00","2026-09-10 09:00:00","CAPE","surface",-70.6193,19.9728,1994
"2026-09-09 18:00:00","2026-09-10 09:00:00","CAPE","surface",-70.5954,19.9728,2191
"2026-09-09 18:00:00","2026-09-10 09:00:00","CAPE","surface",-70.5714,19.9728,2341
"2026-09-09 18:00:00","2026-09-10 09:00:00","CAPE","surface",-70.5475,19.9728,2553
"2026-09-09 18:00:00","2026-09-10 09:00:00","CAPE","surface",-70.5236,19.9728,2510
"2026-09-09 18:00:00","2026-09-10 09:00:00","CAPE","surface",-70.4997,19.9728,2770
"2026-09-09 18:00:00","2026-09-10 09:00:00","CAPE","surface",-70.4757,19.9728,3117
"2026-09-09 18:00:00","2026-09-10 09:00:00","CAPE","surface",-70.4518,19.9728,3259
"2026-09-09 18:00:00","2026-09-10 09:00:00","CAPE","surface",-70.4279,19.9728,3178
"2026-09-09 18:00:00","2026-09-10 09:00:00","CAPE","surface",-70.404,19.9728,3024
"2026-09-09 18:00:00","2026-09-10 09:00:00","CAPE","surface",-70.38,19.9728,2704
"2026-09-09 18:00:00","2026-09-10 09:00:00","CAPE","surface",-70.3561,19.9728,2696
"2026-09-09 18:00:00","2026-09-10 09:00:00","CAPE","surface",-70.3322,19.9728,2965
"2026-09-09 18:00:00","2026-09-10 09:00:00","CAPE","surface",-70.3083,19.9728,2965
"2026-09-09 18:00:00","2026-09-10 09:00:00","CAPE","surface",-70.2843,19.9728,2978
"2026-09-09 18:00:00","2026-09-10 09:00:00","CAPE","surface",-70.2604,19.9728,2800
"2026-09-09 18:00:00","2026-09-10 09:00:00","CAPE","surface",-70.2365,19.9728,2874
"2026-09-09 18:00:00","2026-09-10 09:00:00","CAPE","surface",-70.2126,19.9728,2820
"2026-09-09 18:00:00","2026-09-10 09:00:00","CAPE","surface",-70.1886,19.9728,2890
"2026-09-09 18:00:00","2026-09-10 09:00:00","CAPE","surface",-70.1647,19.9728,2845
"2026-09-09 18:00:00","2026-09-10 09:00:00","CAPE","surface",-70.1408,19.9728,2850
"2026-09-09 18:00:00","2026-09-10 09:00:00","CAPE","surface",-70.1169,19.9728,2813
"2026-09-09 18:00:00","2026-09-10 09:00:00","CAPE","surface",-70.0929,19.9728,2813
"2026-09-09 18:00:00","2026-09-10 09:00:00","CAPE","surface",-70.069,19.9728,2681
"2026-09-09 18:00:00","2026-09-10 09:00:00","CAPE","surface",-70.0451,19.9728,2666
"2026-09-09 18:00:00","2026-09-10 09:00:00","CAPE","surface",-70.0212,19.9728,2642
"2026-09-09 18:00:00","2026-09-10 09:00:00","CAPE","surface",-69.9972,19.9728,2642
"2026-09-09 18:00:00","2026-09-10 09:00:00","CAPE","surface",-69.9733,19.9728,2678
"2026-09-09 18:00:00","2026-09-10 09:00:00","CAPE","surface",-69.9494,19.9728,2882
"2026-09-09 18:00:00","2026-09-10 09:00:00","CAPE","surface",-69.9255,19.9728,2996
"2026-09-09 18:00:00","2026-09-10 09:00:00","CAPE","surface",-69.9015,19.9728,3216
"2026-09-09 18:00:00","2026-09-10 09:00:00","CAPE","surface",-69.8776,19.9728,3216
"2026-09-09 18:00:00","2026-09-10 09:00:00","CAPE","surface",-69.8537,19.9728,3349
"2026-09-09 18:00:00","2026-09-10 09:00:00","CAPE","surface",-69.8298,19.9728,3071
"2026-09-09 18:00:00","2026-09-10 09:00:00","CAPE","surface",-69.8058,19.9728,2974
"2026-09-09 18:00:00","2026-09-10 09:00:00","CAPE","surface",-69.7819,19.9728,2974
"2026-09-09 18:00:00","2026-09-10 09:00:00","CAPE","surface",-69.758,19.9728,3064
"2026-09-09 18:00:00","2026-09-10 09:00:00","CAPE","surface",-69.7341,19.9728,3059
"2026-09-09 18:00:00","2026-09-10 09:00:00","CAPE","surface",-69.7101,19.9728,3034
"2026-09-09 18:00:00","2026-09-10 09:00:00","CAPE","surface",-69.6862,19.9728,3011
"2026-09-09 18:00:00","2026-09-10 09:00:00","CAPE","surface",-69.6623,19.9728,2945
"2026-09-09 18:00:00","2026-09-10 09:00:00","CAPE","surface",-69.6384,19.9728,2791
"2026-09-09 18:00:00","2026-09-10 09:00:00","CAPE","surface",-69.6144,19.9728,2622
"2026-09-09 18:00:00","2026-09-10 09:00:00","CAPE","surface",-69.5905,19.9728,2501
"2026-09-09 18:00:00","2026-09-10 09:00:00","CAPE","surface",-69.5666,19.9728,2501
"2026-09-09 18:00:00","2026-09-10 09:00:00","CAPE","surface",-69.5427,19.9728,2514
"2026-09-09 18:00:00","2026-09-10 09:00:00","CAPE","surface",-69.5187,19.9728,2516
"2026-09-09 18:00:00","2026-09-10 09:00:00","CAPE","surface",-69.4948,19.9728,2611
"2026-09-09 18:00:00","2026-09-10 09:00:00","CAPE","surface",-69.4709,19.9728,2611
"2026-09-09 18:00:00","2026-09-10 09:00:00","CAPE","surface",-69.447,19.9728,2728
"2026-09-09 18:00:00","2026-09-10 09:00:00","CAPE","surface",-69.423,19.9728,2748
"2026-09-09 18:00:00","2026-09-10 09:00:00","CAPE","surface",-69.3991,19.9728,2715
"2026-09-09 18:00:00","2026-09-10 09:00:00","CAPE","surface",-69.3752,19.9728,2762
"2026-09-09 18:00:00","2026-09-10 09:00:00","CAPE","surface",-69.3513,19.9728,2760
"2026-09-09 18:00:00","2026-09-10 09:00:00","CAPE","surface",-69.3273,19.9728,2783
"2026-09-09 18:00:00","2026-09-10 09:00:00","CAPE","surface",-69.3034,19.9728,2796
"2026-09-09 18:00:00","2026-09-10 09:00:00","CAPE","surface",-69.2795,19.9728,2775
"2026-09-09 18:00:00","2026-09-10 09:00:00","CAPE","surface",-69.2556,19.9728,2775
"2026-09-09 18:00:00","2026-09-10 09:00:00","CAPE","surface",-69.2316,19.9728,2677
"2026-09-09 18:00:00","2026-09-10 09:00:00","CAPE","surface",-69.2077,19.9728,2616
"2026-09-09 18:00:00","2026-09-10 09:00:00","CAPE","surface",-69.1838,19.9728,2666
"2026-09-09 18:00:00","2026-09-10 09:00:00","CAPE","surface",-69.1599,19.9728,2788
"2026-09-09 18:00:00","2026-09-10 09:00:00","CAPE","surface",-69.1359,19.9728,2851
"2026-09-09 18:00:00","2026-09-10 09:00:00","CAPE","surface",-69.112,19.9728,2956
"2026-09-09 18:00:00","2026-09-10 09:00:00","CAPE","surface",-69.0881,19.9728,2955
"2026-09-09 18:00:00","2026-09-10 09:00:00","CAPE","surface",-69.0642,19.9728,3003
"2026-09-09 18:00:00","2026-09-10 09:00:00","CAPE","surface",-69.0402,19.9728,2915
"2026-09-09 18:00:00","2026-09-10 09:00:00","CAPE","surface",-69.0163,19.9728,2904
"2026-09-09 18:00:00","2026-09-10 09:00:00","CAPE","surface",-68.9924,19.9728,2919
"2026-09-09 18:00:00","2026-09-10 09:00:00","CAPE","surface",-68.9685,19.9728,2943
"2026-09-09 18:00:00","2026-09-10 09:00:00","CAPE","surface",-68.9445,19.9728,2943
"2026-09-09 18:00:00","2026-09-10 09:00:00","CAPE","surface",-68.9206,19.9728,3008
"2026-09-09 18:00:00","2026-09-10 09:00:00","CAPE","surface",-68.8967,19.9728,3080
"2026-09-09 18:00:00","2026-09-10 09:00:00","CAPE","surface",-68.8728,19.9728,3079
"2026-09-09 18:00:00","2026-09-10 09:00:00","CAPE","surface",-68.8488,19.9728,3054
"2026-09-09 18:00:00","2026-09-10 09:00:00","CAPE","surface",-68.8249,19.9728,3041
"2026-09-09 18:00:00","2026-09-10 09:00:00","CAPE","surface",-68.801,19.9728,3040
"2026-09-09 18:00:00","2026-09-10 09:00:00","CAPE","surface",-68.7771,19.9728,3024
"2026-09-09 18:00:00","2026-09-10 09:00:00","CAPE","surface",-68.7531,19.9728,2993
"2026-09-09 18:00:00","2026-09-10 09:00:00","CAPE","surface",-68.7292,19.9728,3018
"2026-09-09 18:00:00","2026-09-10 09:00:00","CAPE","surface",-68.7053,19.9728,3015
"2026-09-09 18:00:00","2026-09-10 09:00:00","CAPE","surface",-68.6813,19.9728,3086
"2026-09-09 18:00:00","2026-09-10 09:00:00","CAPE","surface",-68.6574,19.9728,2995
"2026-09-09 18:00:00","2026-09-10 09:00:00","CAPE","surface",-68.6335,19.9728,3020
"2026-09-09 18:00:00","2026-09-10 09:00:00","CAPE","surface",-68.6096,19.9728,3052
"2026-09-09 18:00:00","2026-09-10 09:00:00","CAPE","surface",-68.5856,19.9728,3073
"2026-09-09 18:00:00","2026-09-10 09:00:00","CAPE","surface",-68.5617,19.9728,3073
"2026-09-09 18:00:00","2026-09-10 09:00:00","CAPE","surface",-68.5378,19.9728,3011
"2026-09-09 18:00:00","2026-09-10 09:00:00","CAPE","surface",-68.5139,19.9728,3053
"2026-09-09 18:00:00","2026-09-10 09:00:00","CAPE","surface",-68.4899,19.9728,3001
"2026-09-09 18:00:00","2026-09-10 09:00:00","CAPE","surface",-68.466,19.9728,3001
"2026-09-09 18:00:00","2026-09-10 09:00:00","CAPE","surface",-68.4421,19.9728,2969
"2026-09-09 18:00:00","2026-09-10 09:00:00","CAPE","surface",-68.4182,19.9728,2897
"2026-09-09 18:00:00","2026-09-10 09:00:00","CAPE","surface",-68.3942,19.9728,2950
"2026-09-09 18:00:00","2026-09-10 09:00:00","CAPE","surface",-68.3703,19.9728,2835
"2026-09-09 18:00:00","2026-09-10 09:00:00","CAPE","surface",-68.3464,19.9728,2880
"2026-09-09 18:00:00","2026-09-10 09:00:00","CAPE","surface",-68.3225,19.9728,2923
"2026-09-09 18:00:00","2026-09-10 09:00:00","CAPE","surface",-68.2985,19.9728,2930
"2026-09-09 18:00:00","2026-09-10 09:00:00","CAPE","surface",-68.2746,19.9728,3025
"2026-09-09 18:00:00","2026-09-10 09:00:00","CAPE","surface",-68.2507,19.9728,3025
"2026-09-09 18:00:00","2026-09-10 09:00:00","CAPE","surface",-68.2268,19.9728,3109
"2026-09-09 18:00:00","2026-09-10 09:00:00","CAPE","surface",-68.2028,19.9728,3299
"2026-09-09 18:00:00","2026-09-10 09:00:00","CAPE","surface",-68.1789,19.9728,3290
"2026-09-09 18:00:00","2026-09-10 09:00:00","CAPE","surface",-68.155,19.9728,3558
"2026-09-09 18:00:00","2026-09-10 09:00:00","CAPE","surface",-68.1311,19.9728,3517
"2026-09-09 18:00:00","2026-09-10 09:00:00","CAPE","surface",-68.1071,19.9728,3426
"2026-09-09 18:00:00","2026-09-10 09:00:00","CAPE","surface",-68.0832,19.9728,3201
"2026-09-09 18:00:00","2026-09-10 09:00:00","CAPE","surface",-68.0593,19.9728,3062
"2026-09-09 18:00:00","2026-09-10 09:00:00","CAPE","surface",-68.0354,19.9728,2957
"2026-09-09 18:00:00","2026-09-10 09:00:00","CAPE","surface",-68.0114,19.9728,2945
"2026-09-09 18:00:00","2026-09-10 09:00:00","CAPE","surface",-67.9875,19.9728,2987
"2026-09-09 18:00:00","2026-09-10 09:00:00","CAPE","surface",-67.9636,19.9728,2987
"2026-09-09 18:00:00","2026-09-10 09:00:00","CAPE","surface",-67.9397,19.9728,2957
"2026-09-09 18:00:00","2026-09-10 09:00:00","CAPE","surface",-67.9157,19.9728,3025
"2026-09-09 18:00:00","2026-09-10 09:00:00","CAPE","surface",-67.8918,19.9728,2964
"2026-09-09 18:00:00","2026-09-10 09:00:00","CAPE","surface",-67.8679,19.9728,2964
"2026-09-09 18:00:00","2026-09-10 09:00:00","CAPE","surface",-67.844,19.9728,2916
"2026-09-09 18:00:00","2026-09-10 09:00:00","CAPE","surface",-67.82,19.9728,2962
"2026-09-09 18:00:00","2026-09-10 09:00:00","CAPE","surface",-67.7961,19.9728,3025
"2026-09-09 18:00:00","2026-09-10 09:00:00","CAPE","surface",-67.7722,19.9728,3023
"2026-09-09 18:00:00","2026-09-10 09:00:00","CAPE","surface",-67.7483,19.9728,3038
"2026-09-09 18:00:00","2026-09-10 09:00:00","CAPE","surface",-67.7243,19.9728,2978
"2026-09-09 18:00:00","2026-09-10 09:00:00","CAPE","surface",-67.7004,19.9728,2926
"2026-09-09 18:00:00","2026-09-10 09:00:00","CAPE","surface",-67.6765,19.9728,2953
"2026-09-09 18:00:00","2026-09-10 09:00:00","CAPE","surface",-67.6526,19.9728,2933
"2026-09-09 18:00:00","2026-09-10 09:00:00","CAPE","surface",-67.6286,19.9728,3039
"2026-09-09 18:00:00","2026-09-10 09:00:00","CAPE","surface",-67.6047,19.9728,3107
"2026-09-09 18:00:00","2026-09-10 09:00:00","CAPE","surface",-67.5808,19.9728,3130
"2026-09-09 18:00:00","2026-09-10 09:00:00","CAPE","surface",-67.5569,19.9728,3095
"2026-09-09 18:00:00","2026-09-10 09:00:00","CAPE","surface",-67.5329,19.9728,3199
"2026-09-09 18:00:00","2026-09-10 09:00:00","CAPE","surface",-67.509,19.9728,3140
"2026-09-09 18:00:00","2026-09-10 09:00:00","CAPE","surface",-67.4851,19.9728,3140
"2026-09-09 18:00:00","2026-09-10 09:00:00","CAPE","surface",-67.4612,19.9728,3027
"2026-09-09 18:00:00","2026-09-10 09:00:00","CAPE","surface",-67.4372,19.9728,2992
"2026-09-09 18:00:00","2026-09-10 09:00:00","CAPE","surface",-67.4133,19.9728,2880
"2026-09-09 18:00:00","2026-09-10 09:00:00","CAPE","surface",-67.3894,19.9728,2880
"2026-09-09 18:00:00","2026-09-10 09:00:00","CAPE","surface",-67.3655,19.9728,2772
"2026-09-09 18:00:00","2026-09-10 09:00:00","CAPE","surface",-67.3415,19.9728,2726
"2026-09-09 18:00:00","2026-09-10 09:00:00","CAPE","surface",-67.3176,19.9728,2373
"2026-09-09 18:00:00","2026-09-10 09:00:00","CAPE","surface",-67.2937,19.9728,2792
"2026-09-09 18:00:00","2026-09-10 09:00:00","CAPE","surface",-67.2698,19.9728,2664
"2026-09-09 18:00:00","2026-09-10 09:00:00","CAPE","surface",-67.2458,19.9728,2799
"2026-09-09 18:00:00","2026-09-10 09:00:00","CAPE","surface",-67.2219,19.9728,2784
"2026-09-09 18:00:00","2026-09-10 09:00:00","CAPE","surface",-67.198,19.9728,2877
"2026-09-09 18:00:00","2026-09-10 09:00:00","CAPE","surface",-67.1741,19.9728,2940
"2026-09-09 18:00:00","2026-09-10 09:00:00","CAPE","surface",-67.1501,19.9728,2930
"2026-09-09 18:00:00","2026-09-10 09:00:00","CAPE","surface",-67.1262,19.9728,2847
"2026-09-09 18:00:00","2026-09-10 09:00:00","CAPE","surface",-67.1023,19.9728,2847
"2026-09-09 18:00:00","2026-09-10 09:00:00","CAPE","surface",-67.0784,19.9728,2798
"2026-09-09 18:00:00","2026-09-10 09:00:00","CAPE","surface",-67.0544,19.9728,2802
"2026-09-09 18:00:00","2026-09-10 09:00:00","CAPE","surface",-67.0305,19.9728,2829
"2026-09-09 18:00:00","2026-09-10 09:00:00","CAPE","surface",-67.0066,19.9728,2829
"2026-09-09 18:00:00","2026-09-10 09:00:00","CAPE","surface",-74.7822,19.9953,2978
"2026-09-09 18:00:00","2026-09-10 09:00:00","CAPE","surface",-74.7583,19.9953,2864
"2026-09-09 18:00:00","2026-09-10 09:00:00","CAPE","surface",-74.7344,19.9953,2971
"2026-09-09 18:00:00","2026-09-10 09:00:00","CAPE","surface",-74.7105,19.9953,3017
"2026-09-09 18:00:00","2026-09-10 09:00:00","CAPE","surface",-74.6865,19.9953,3008
"2026-09-09 18:00:00","2026-09-10 09:00:00","CAPE","surface",-74.6626,19.9953,3086
"2026-09-09 18:00:00","2026-09-10 09:00:00","CAPE","surface",-74.6387,19.9953,2882
"2026-09-09 18:00:00","2026-09-10 09:00:00","CAPE","surface",-74.6148,19.9953,3127
"2026-09-09 18:00:00","2026-09-10 09:00:00","CAPE","surface",-74.5908,19.9953,2985
"2026-09-09 18:00:00","2026-09-10 09:00:00","CAPE","surface",-74.5669,19.9953,2979
"2026-09-09 18:00:00","2026-09-10 09:00:00","CAPE","surface",-74.543,19.9953,2689
"2026-09-09 18:00:00","2026-09-10 09:00:00","CAPE","surface",-74.5191,19.9953,2707
"2026-09-09 18:00:00","2026-09-10 09:00:00","CAPE","surface",-74.4951,19.9953,2707
"2026-09-09 18:00:00","2026-09-10 09:00:00","CAPE","surface",-74.4712,19.9953,2721
"2026-09-09 18:00:00","2026-09-10 09:00:00","CAPE","surface",-74.4473,19.9953,2558
"2026-09-09 18:00:00","2026-09-10 09:00:00","CAPE","surface",-74.4234,19.9953,2577
"2026-09-09 18:00:00","2026-09-10 09:00:00","CAPE","surface",-74.3994,19.9953,2500
"2026-09-09 18:00:00","2026-09-10 09:00:00","CAPE","surface",-74.3755,19.9953,2514
"2026-09-09 18:00:00","2026-09-10 09:00:00","CAPE","surface",-74.3516,19.9953,2514
"2026-09-09 18:00:00","2026-09-10 09:00:00","CAPE","surface",-74.3277,19.9953,2536
"2026-09-09 18:00:00","2026-09-10 09:00:00","CAPE","surface",-74.3037,19.9953,2432
"2026-09-09 18:00:00","2026-09-10 09:00:00","CAPE","surface",-74.2798,19.9953,2421
"2026-09-09 18:00:00","2026-09-10 09:00:00","CAPE","surface",-74.2559,19.9953,2287
"2026-09-09 18:00:00","2026-09-10 09:00:00","CAPE","surface",-74.232,19.9953,2427
"2026-09-09 18:00:00","2026-09-10 09:00:00","CAPE","surface",-74.208,19.9953,2314
"2026-09-09 18:00:00","2026-09-10 09:00:00","CAPE","surface",-74.1841,19.9953,2414
"2026-09-09 18:00:00","2026-09-10 09:00:00","CAPE","surface",-74.1602,19.9953,2380
"2026-09-09 18:00:00","2026-09-10 09:00:00","CAPE","surface",-74.1363,19.9953,2507
"2026-09-09 18:00:00","2026-09-10 09:00:00","CAPE","surface",-74.1123,19.9953,2510
"2026-09-09 18:00:00","2026-09-10 09:00:00","CAPE","surface",-74.0884,19.9953,2532
"2026-09-09 18:00:00","2026-09-10 09:00:00","CAPE","surface",-74.0645,19.9953,2425
"2026-09-09 18:00:00","2026-09-10 09:00:00","CAPE","surface",-74.0406,19.9953,2373
"2026-09-09 18:00:00","2026-09-10 09:00:00","CAPE","surface",-74.0166,19.9953,2261
"2026-09-09 18:00:00","2026-09-10 09:00:00","CAPE","surface",-73.9927,19.9953,2331
"2026-09-09 18:00:00","2026-09-10 09:00:00","CAPE","surface",-73.9688,19.9953,2331
"2026-09-09 18:00:00","2026-09-10 09:00:00","CAPE","surface",-73.9449,19.9953,2208
"2026-09-09 18:00:00","2026-09-10 09:00:00","CAPE","surface",-73.9209,19.9953,2141
"2026-09-09 18:00:00","2026-09-10 09:00:00","CAPE","surface",-73.897,19.9953,2118
"2026-09-09 18:00:00","2026-09-10 09:00:00","CAPE","surface",-73.8731,19.9953,2056
"2026-09-09 18:00:00","2026-09-10 09:00:00","CAPE","surface",-73.8492,19.9953,2393
"2026-09-09 18:00:00","2026-09-10 09:00:00","CAPE","surface",-73.8252,19.9953,2303
"2026-09-09 18:00:00","2026-09-10 09:00:00","CAPE","surface",-73.8013,19.9953,2412
"2026-09-09 18:00:00","2026-09-10 09:00:00","CAPE","surface",-73.7774,19.9953,2283
"2026-09-09 18:00:00","2026-09-10 09:00:00","CAPE","surface",-73.7535,19.9953,2348
"2026-09-09 18:00:00","2026-09-10 09:00:00","CAPE","surface",-73.7295,19.9953,2348
"2026-09-09 18:00:00","2026-09-10 09:00:00","CAPE","surface",-73.7056,19.9953,2421
"2026-09-09 18:00:00","2026-09-10 09:00:00","CAPE","surface",-73.6817,19.9953,2341
"2026-09-09 18:00:00","2026-09-10 09:00:00","CAPE","surface",-73.6578,19.9953,2325
"2026-09-09 18:00:00","2026-09-10 09:00:00","CAPE","surface",-73.6338,19.9953,2200
"2026-09-09 18:00:00","2026-09-10 09:00:00","CAPE","surface",-73.6099,19.9953,2195
"2026-09-09 18:00:00","2026-09-10 09:00:00","CAPE","surface",-73.586,19.9953,2195
"2026-09-09 18:00:00","2026-09-10 09:00:00","CAPE","surface",-73.5621,19.9953,2215
"2026-09-09 18:00:00","2026-09-10 09:00:00","CAPE","surface",-73.5381,19.9953,2089
"2026-09-09 18:00:00","2026-09-10 09:00:00","CAPE","surface",-73.5142,19.9953,2153
"2026-09-09 18:00:00","2026-09-10 09:00:00","CAPE","surface",-73.4903,19.9953,2031
"2026-09-09 18:00:00","2026-09-10 09:00:00","CAPE","surface",-73.4664,19.9953,2209
"2026-09-09 18:00:00","2026-09-10 09:00:00","CAPE","surface",-73.4424,19.9953,2123
"2026-09-09 18:00:00","2026-09-10 09:00:00","CAPE","surface",-73.4185,19.9953,2188
"2026-09-09 18:00:00","2026-09-10 09:00:00","CAPE","surface",-73.3946,19.9953,2180
"2026-09-09 18:00:00","2026-09-10 09:00:00","CAPE","surface",-73.3707,19.9953,2102
"2026-09-09 18:00:00","2026-09-10 09:00:00","CAPE","surface",-73.3467,19.9953,2196
"2026-09-09 18:00:00","2026-09-10 09:00:00","CAPE","surface",-73.3228,19.9953,2140
"2026-09-09 18:00:00","2026-09-10 09:00:00","CAPE","surface",-73.2989,19.9953,2136
"2026-09-09 18:00:00","2026-09-10 09:00:00","CAPE","surface",-73.275,19.9953,2061
"2026-09-09 18:00:00","2026-09-10 09:00:00","CAPE","surface",-73.251,19.9953,2066
"2026-09-09 18:00:00","2026-09-10 09:00:00","CAPE","surface",-73.2271,19.9953,2066
"2026-09-09 18:00:00","2026-09-10 09:00:00","CAPE","surface",-73.2032,19.9953,2080
"2026-09-09 18:00:00","2026-09-10 09:00:00","CAPE","surface",-73.1793,19.9953,1975
"2026-09-09 18:00:00","2026-09-10 09:00:00","CAPE","surface",-73.1553,19.9953,1968
"2026-09-09 18:00:00","2026-09-10 09:00:00","CAPE","surface",-73.1314,19.9953,1822
"2026-09-09 18:00:00","2026-09-10 09:00:00","CAPE","surface",-73.1075,19.9953,1950
"2026-09-09 18:00:00","2026-09-10 09:00:00","CAPE","surface",-73.0836,19.9953,1803
"2026-09-09 18:00:00","2026-09-10 09:00:00","CAPE","surface",-73.0596,19.9953,1818
"2026-09-09 18:00:00","2026-09-10 09:00:00","CAPE","surface",-73.0357,19.9953,1667
"2026-09-09 18:00:00","2026-09-10 09:00:00","CAPE","surface",-73.0118,19.9953,1772
"2026-09-09 18:00:00","2026-09-10 09:00:00","CAPE","surface",-72.9879,19.9953,1772
"2026-09-09 18:00:00","2026-09-10 09:00:00","CAPE","surface",-72.9639,19.9953,1800
"2026-09-09 18:00:00","2026-09-10 09:00:00","CAPE","surface",-72.94,19.9953,1701
"2026-09-09 18:00:00","2026-09-10 09:00:00","CAPE","surface",-72.9161,19.9953,1731
"2026-09-09 18:00:00","2026-09-10 09:00:00","CAPE","surface",-72.8922,19.9953,1625
"2026-09-09 18:00:00","2026-09-10 09:00:00","CAPE","surface",-72.8682,19.9953,1798
"2026-09-09 18:00:00","2026-09-10 09:00:00","CAPE","surface",-72.8443,19.9953,1687
"2026-09-09 18:00:00","2026-09-10 09:00:00","CAPE","surface",-72.8204,19.9953,1750
"2026-09-09 18:00:00","2026-09-10 09:00:00","CAPE","surface",-72.7965,19.9953,1612
"2026-09-09 18:00:00","2026-09-10 09:00:00","CAPE","surface",-72.7725,19.9953,1724
"2026-09-09 18:00:00","2026-09-10 09:00:00","CAPE","surface",-72.7486,19.9953,1724
"2026-09-09 18:00:00","2026-09-10 09:00:00","CAPE","surface",-72.7247,19.9953,1783
"2026-09-09 18:00:00","2026-09-10 09:00:00","CAPE","surface",-72.7008,19.9953,1747
"2026-09-09 18:00:00","2026-09-10 09:00:00","CAPE","surface",-72.6768,19.9953,1745
"2026-09-09 18:00:00","2026-09-10 09:00:00","CAPE","surface",-72.6529,19.9953,1752
"2026-09-09 18:00:00","2026-09-10 09:00:00","CAPE","surface",-72.629,19.9953,1793
"2026-09-09 18:00:00","2026-09-10 09:00:00","CAPE","surface",-72.6051,19.9953,2048
"2026-09-09 18:00:00","2026-09-10 09:00:00","CAPE","surface",-72.5811,19.9953,1957
"2026-09-09 18:00:00","2026-09-10 09:00:00","CAPE","surface",-72.5572,19.9953,1890
"2026-09-09 18:00:00","2026-09-10 09:00:00","CAPE","surface",-72.5333,19.9953,1852
"2026-09-09 18:00:00","2026-09-10 09:00:00","CAPE","surface",-72.5094,19.9953,1855
"2026-09-09 18:00:00","2026-09-10 09:00:00","CAPE","surface",-72.4854,19.9953,1820
"2026-09-09 18:00:00","2026-09-10 09:00:00","CAPE","surface",-72.4615,19.9953,1882
"2026-09-09 18:00:00","2026-09-10 09:00:00","CAPE","surface",-72.4376,19.9953,1849
"2026-09-09 18:00:00","2026-09-10 09:00:00","CAPE","surface",-72.4137,19.9953,1890
"2026-09-09 18:00:00","2026-09-10 09:00:00","CAPE","surface",-72.3897,19.9953,1890
"2026-09-09 18:00:00","2026-09-10 09:00:00","CAPE","surface",-72.3658,19.9953,1919
"2026-09-09 18:00:00","2026-09-10 09:00:00","CAPE","surface",-72.3419,19.9953,1902
"2026-09-09 18:00:00","2026-09-10 09:00:00","CAPE","surface",-72.318,19.9953,1982
"2026-09-09 18:00:00","2026-09-10 09:00:00","CAPE","surface",-72.294,19.9953,1973
"2026-09-09 18:00:00","2026-09-10 09:00:00","CAPE","surface",-72.2701,19.9953,1987
"2026-09-09 18:00:00","2026-09-10 09:00:00","CAPE","surface",-72.2462,19.9953,1975
"2026-09-09 18:00:00","2026-09-10 09:00:00","CAPE","surface",-72.2223,19.9953,1991
"2026-09-09 18:00:00","2026-09-10 09:00:00","CAPE","surface",-72.1983,19.9953,1967
"2026-09-09 18:00:00","2026-09-10 09:00:00","CAPE","surface",-72.1744,19.9953,1987
"2026-09-09 18:00:00","2026-09-10 09:00:00","CAPE","surface",-72.1505,19.9953,1987
"2026-09-09 18:00:00","2026-09-10 09:00:00","CAPE","surface",-72.1266,19.9953,1991
"2026-09-09 18:00:00","2026-09-10 09:00:00","CAPE","surface",-72.1026,19.9953,1912
"2026-09-09 18:00:00","2026-09-10 09:00:00","CAPE","surface",-72.0787,19.9953,1982
"2026-09-09 18:00:00","2026-09-10 09:00:00","CAPE","surface",-72.0548,19.9953,1889
"2026-09-09 18:00:00","2026-09-10 09:00:00","CAPE","surface",-72.0309,19.9953,2100
"2026-09-09 18:00:00","2026-09-10 09:00:00","CAPE","surface",-72.0069,19.9953,2155
"2026-09-09 18:00:00","2026-09-10 09:00:00","CAPE","surface",-71.983,19.9953,2122
"2026-09-09 18:00:00","2026-09-10 09:00:00","CAPE","surface",-71.9591,19.9953,2151
"2026-09-09 18:00:00","2026-09-10 09:00:00","CAPE","surface",-71.9352,19.9953,2115
"2026-09-09 18:00:00","2026-09-10 09:00:00","CAPE","surface",-71.9112,19.9953,2161
"2026-09-09 18:00:00","2026-09-10 09:00:00","CAPE","surface",-71.8873,19.9953,2115
"2026-09-09 18:00:00","2026-09-10 09:00:00","CAPE","surface",-71.8634,19.9953,2113
"2026-09-09 18:00:00","2026-09-10 09:00:00","CAPE","surface",-71.8395,19.9953,2062
"2026-09-09 18:00:00","2026-09-10 09:00:00","CAPE","surface",-71.8155,19.9953,2094
"2026-09-09 18:00:00","2026-09-10 09:00:00","CAPE","surface",-71.7916,19.9953,2055
"2026-09-09 18:00:00","2026-09-10 09:00:00","CAPE","surface",-71.7677,19.9953,2051
"2026-09-09 18:00:00","2026-09-10 09:00:00","CAPE","surface",-71.7438,19.9953,2032
"2026-09-09 18:00:00","2026-09-10 09:00:00","CAPE","surface",-71.7198,19.9953,1960
"2026-09-09 18:00:00","2026-09-10 09:00:00","CAPE","surface",-71.6959,19.9953,1960
"2026-09-09 18:00:00","2026-09-10 09:00:00","CAPE","surface",-71.672,19.9953,1900
"2026-09-09 18:00:00","2026-09-10 09:00:00","CAPE","surface",-71.6481,19.9953,1890
"2026-09-09 18:00:00","2026-09-10 09:00:00","CAPE","surface",-71.6241,19.9953,1865
"2026-09-09 18:00:00","2026-09-10 09:00:00","CAPE","surface",-71.6002,19.9953,1846
"2026-09-09 18:00:00","2026-09-10 09:00:00","CAPE","surface",-71.5763,19.9953,1859
"2026-09-09 18:00:00","2026-09-10 09:00:00","CAPE","surface",-71.5524,19.9953,1901
"2026-09-09 18:00:00","2026-09-10 09:00:00","CAPE","surface",-71.5284,19.9953,1892
"2026-09-09 18:00:00","2026-09-10 09:00:00","CAPE","surface",-71.5045,19.9953,1949
"2026-09-09 18:00:00","2026-09-10 09:00:00","CAPE","surface",-71.4806,19.9953,1906
"2026-09-09 18:00:00","2026-09-10 09:00:00","CAPE","surface",-71.4567,19.9953,1968
"2026-09-09 18:00:00","2026-09-10 09:00:00","CAPE","surface",-71.4327,19.9953,1943
"2026-09-09 18:00:00","2026-09-10 09:00:00","CAPE","surface",-71.4088,19.9953,1963
"2026-09-09 18:00:00","2026-09-10 09:00:00","CAPE","surface",-71.3849,19.9953,1932
"2026-09-09 18:00:00","2026-09-10 09:00:00","CAPE","surface",-71.361,19.9953,1978
"2026-09-09 18:00:00","2026-09-10 09:00:00","CAPE","surface",-71.337,19.9953,1954
"2026-09-09 18:00:00","2026-09-10 09:00:00","CAPE","surface",-71.3131,19.9953,1976
"2026-09-09 18:00:00","2026-09-10 09:00:00","CAPE","surface",-71.2892,19.9953,1937
"2026-09-09 18:00:00","2026-09-10 09:00:00","CAPE","surface",-71.2653,19.9953,1948
"2026-09-09 18:00:00","2026-09-10 09:00:00","CAPE","surface",-71.2413,19.9953,1948
"2026-09-09 18:00:00","2026-09-10 09:00:00","CAPE","surface",-71.2174,19.9953,2012
"2026-09-09 18:00:00","2026-09-10 09:00:00","CAPE","surface",-71.1935,19.9953,1929
"2026-09-09 18:00:00","2026-09-10 09:00:00","CAPE","surface",-71.1696,19.9953,2002
"2026-09-09 18:00:00","2026-09-10 09:00:00","CAPE","surface",-71.1456,19.9953,2136
"2026-09-09 18:00:00","2026-09-10 09:00:00","CAPE","surface",-71.1217,19.9953,2136
"2026-09-09 18:00:00","2026-09-10 09:00:00","CAPE","surface",-71.0978,19.9953,2351
"2026-09-09 18:00:00","2026-09-10 09:00:00","CAPE","surface",-71.0739,19.9953,2245
"2026-09-09 18:00:00","2026-09-10 09:00:00","CAPE","surface",-71.0499,19.9953,2477
"2026-09-09 18:00:00","2026-09-10 09:00:00","CAPE","surface",-71.026,19.9953,2477
"2026-09-09 18:00:00","2026-09-10 09:00:00","CAPE","surface",-71.0021,19.9953,2630
"2026-09-09 18:00:00","2026-09-10 09:00:00","CAPE","surface",-70.9782,19.9953,2551
"2026-09-09 18:00:00","2026-09-10 09:00:00","CAPE","surface",-70.9542,19.9953,2618
"2026-09-09 18:00:00","2026-09-10 09:00:00","CAPE","surface",-70.9303,19.9953,2580
"2026-09-09 18:00:00","2026-09-10 09:00:00","CAPE","surface",-70.9064,19.9953,2675
"2026-09-09 18:00:00","2026-09-10 09:00:00","CAPE","surface",-70.8825,19.9953,2646
"2026-09-09 18:00:00","2026-09-10 09:00:00","CAPE","surface",-70.8585,19.9953,2953
"2026-09-09 18:00:00","2026-09-10 09:00:00","CAPE","surface",-70.8346,19.9953,2935
"2026-09-09 18:00:00","2026-09-10 09:00:00","CAPE","surface",-70.8107,19.9953,2998
"2026-09-09 18:00:00","2026-09-10 09:00:00","CAPE","surface",-70.7868,19.9953,3010
"2026-09-09 18:00:00","2026-09-10 09:00:00","CAPE","surface",-70.7628,19.9953,2904
"2026-09-09 18:00:00","2026-09-10 09:00:00","CAPE","surface",-70.7389,19.9953,2749
"2026-09-09 18:00:00","2026-09-10 09:00:00","CAPE","surface",-70.715,19.9953,2683
"2026-09-09 18:00:00","2026-09-10 09:00:00","CAPE","surface",-70.6911,19.9953,2576
"2026-09-09 18:00:00","2026-09-10 09:00:00","CAPE","surface",-70.6671,19.9953,2396
"2026-09-09 18:00:00","2026-09-10 09:00:00","CAPE","surface",-70.6432,19.9953,1930
"2026-09-09 18:00:00","2026-09-10 09:00:00","CAPE","surface",-70.6193,19.9953,1994
"2026-09-09 18:00:00","2026-09-10 09:00:00","CAPE","surface",-70.5954,19.9953,1967
"2026-09-09 18:00:00","2026-09-10 09:00:00","CAPE","surface",-70.5714,19.9953,2152
"2026-09-09 18:00:00","2026-09-10 09:00:00","CAPE","surface",-70.5475,19.9953,2298
"2026-09-09 18:00:00","2026-09-10 09:00:00","CAPE","surface",-70.5236,19.9953,2510
"2026-09-09 18:00:00","2026-09-10 09:00:00","CAPE","surface",-70.4997,19.9953,2853
"2026-09-09 18:00:00","2026-09-10 09:00:00","CAPE","surface",-70.4757,19.9953,2853
"2026-09-09 18:00:00","2026-09-10 09:00:00","CAPE","surface",-70.4518,19.9953,3156
"2026-09-09 18:00:00","2026-09-10 09:00:00","CAPE","surface",-70.4279,19.9953,3083
"2026-09-09 18:00:00","2026-09-10 09:00:00","CAPE","surface",-70.404,19.9953,2877
"2026-09-09 18:00:00","2026-09-10 09:00:00","CAPE","surface",-70.38,19.9953,2821
"2026-09-09 18:00:00","2026-09-10 09:00:00","CAPE","surface",-70.3561,19.9953,2802
"2026-09-09 18:00:00","2026-09-10 09:00:00","CAPE","surface",-70.3322,19.9953,2873
"2026-09-09 18:00:00","2026-09-10 09:00:00","CAPE","surface",-70.3083,19.9953,2961
"2026-09-09 18:00:00","2026-09-10 09:00:00","CAPE","surface",-70.2843,19.9953,2748
"2026-09-09 18:00:00","2026-09-10 09:00:00","CAPE","surface",-70.2604,19.9953,2748
"2026-09-09 18:00:00","2026-09-10 09:00:00","CAPE","surface",-70.2365,19.9953,2719
"2026-09-09 18:00:00","2026-09-10 09:00:00","CAPE","surface",-70.2126,19.9953,2820
"2026-09-09 18:00:00","2026-09-10 09:00:00","CAPE","surface",-70.1886,19.9953,2834
"2026-09-09 18:00:00","2026-09-10 09:00:00","CAPE","surface",-70.1647,19.9953,2834
"2026-09-09 18:00:00","2026-09-10 09:00:00","CAPE","surface",-70.1408,19.9953,2810
"2026-09-09 18:00:00","2026-09-10 09:00:00","CAPE","surface",-70.1169,19.9953,2775
"2026-09-09 18:00:00","2026-09-10 09:00:00","CAPE","surface",-70.0929,19.9953,2733
"2026-09-09 18:00:00","2026-09-10 09:00:00","CAPE","surface",-70.069,19.9953,2642
"2026-09-09 18:00:00","2026-09-10 09:00:00","CAPE","surface",-70.0451,19.9953,2642
"2026-09-09 18:00:00","2026-09-10 09:00:00","CAPE","surface",-70.0212,19.9953,2638
"2026-09-09 18:00:00","2026-09-10 09:00:00","CAPE","surface",-69.9972,19.9953,2649
"2026-09-09 18:00:00","2026-09-10 09:00:00","CAPE","surface",-69.9733,19.9953,2769
"2026-09-09 18:00:00","2026-09-10 09:00:00","CAPE","surface",-69.9494,19.9953,2769
"2026-09-09 18:00:00","2026-09-10 09:00:00","CAPE","surface",-69.9255,19.9953,3061
"2026-09-09 18:00:00","2026-09-10 09:00:00","CAPE","surface",-69.9015,19.9953,3171
"2026-09-09 18:00:00","2026-09-10 09:00:00","CAPE","surface",-69.8776,19.9953,3366
"2026-09-09 18:00:00","2026-09-10 09:00:00","CAPE","surface",-69.8537,19.9953,3349
"2026-09-09 18:00:00","2026-09-10 09:00:00","CAPE","surface",-69.8298,19.9953,3200
"2026-09-09 18:00:00","2026-09-10 09:00:00","CAPE","surface",-69.8058,19.9953,2947
"2026-09-09 18:00:00","2026-09-10 09:00:00","CAPE","surface",-69.7819,19.9953,3015
"2026-09-09 18:00:00","2026-09-10 09:00:00","CAPE","surface",-69.758,19.9953,3051
"2026-09-09 18:00:00","2026-09-10 09:00:00","CAPE","surface",-69.7341,19.9953,3051
"2026-09-09 18:00:00","2026-09-10 09:00:00","CAPE","surface",-69.7101,19.9953,3017
"2026-09-09 18:00:00","2026-09-10 09:00:00","CAPE","surface",-69.6862,19.9953,3011
"2026-09-09 18:00:00","2026-09-10 09:00:00","CAPE","surface",-69.6623,19.9953,2894
"2026-09-09 18:00:00","2026-09-10 09:00:00","CAPE","surface",-69.6384,19.9953,2894
"2026-09-09 18:00:00","2026-09-10 09:00:00","CAPE","surface",-69.6144,19.9953,2762
"2026-09-09 18:00:00","2026-09-10 09:00:00","CAPE","surface",-69.5905,19.9953,2622
"2026-09-09 18:00:00","2026-09-10 09:00:00","CAPE","surface",-69.5666,19.9953,2556
"2026-09-09 18:00:00","2026-09-10 09:00:00","CAPE","surface",-69.5427,19.9953,2605
"2026-09-09 18:00:00","2026-09-10 09:00:00","CAPE","surface",-69.5187,19.9953,2605
"2026-09-09 18:00:00","2026-09-10 09:00:00","CAPE","surface",-69.4948,19.9953,2773
"2026-09-09 18:00:00","2026-09-10 09:00:00","CAPE","surface",-69.4709,19.9953,2760
"2026-09-09 18:00:00","2026-09-10 09:00:00","CAPE","surface",-69.447,19.9953,2849
"2026-09-09 18:00:00","2026-09-10 09:00:00","CAPE","surface",-69.423,19.9953,2849
"2026-09-09 18:00:00","2026-09-10 09:00:00","CAPE","surface",-69.3991,19.9953,2818
"2026-09-09 18:00:00","2026-09-10 09:00:00","CAPE","surface",-69.3752,19.9953,2762
"2026-09-09 18:00:00","2026-09-10 09:00:00","CAPE","surface",-69.3513,19.9953,2777
"2026-09-09 18:00:00","2026-09-10 09:00:00","CAPE","surface",-69.3273,19.9953,2777
"2026-09-09 18:00:00","2026-09-10 09:00:00","CAPE","surface",-69.3034,19.9953,2797
"2026-09-09 18:00:00","2026-09-10 09:00:00","CAPE","surface",-69.2795,19.9953,2791
"2026-09-09 18:00:00","2026-09-10 09:00:00","CAPE","surface",-69.2556,19.9953,2730
"2026-09-09 18:00:00","2026-09-10 09:00:00","CAPE","surface",-69.2316,19.9953,2708
"2026-09-09 18:00:00","2026-09-10 09:00:00","CAPE","surface",-69.2077,19.9953,2659
"2026-09-09 18:00:00","2026-09-10 09:00:00","CAPE","surface",-69.1838,19.9953,2788
"2026-09-09 18:00:00","2026-09-10 09:00:00","CAPE","surface",-69.1599,19.9953,2788
"2026-09-09 18:00:00","2026-09-10 09:00:00","CAPE","surface",-69.1359,19.9953,2966
"2026-09-09 18:00:00","2026-09-10 09:00:00","CAPE","surface",-69.112,19.9953,2966
"2026-09-09 18:00:00","2026-09-10 09:00:00","CAPE","surface",-69.0881,19.9953,3179
"2026-09-09 18:00:00","2026-09-10 09:00:00","CAPE","surface",-69.0642,19.9953,3003
"2026-09-09 18:00:00","2026-09-10 09:00:00","CAPE","surface",-69.0402,19.9953,2951
"2026-09-09 18:00:00","2026-09-10 09:00:00","CAPE","surface",-69.0163,19.9953,3027
"2026-09-09 18:00:00","2026-09-10 09:00:00","CAPE","surface",-68.9924,19.9953,2961
"2026-09-09 18:00:00","2026-09-10 09:00:00","CAPE","surface",-68.9685,19.9953,2941
"2026-09-09 18:00:00","2026-09-10 09:00:00","CAPE","surface",-68.9445,19.9953,2950
"2026-09-09 18:00:00","2026-09-10 09:00:00","CAPE","surface",-68.9206,19.9953,2961
"2026-09-09 18:00:00","2026-09-10 09:00:00","CAPE","surface",-68.8967,19.9953,3019
"2026-09-09 18:00:00","2026-09-10 09:00:00","CAPE","surface",-68.8728,19.9953,3061
"2026-09-09 18:00:00","2026-09-10 09:00:00","CAPE","surface",-68.8488,19.9953,3054
"2026-09-09 18:00:00","2026-09-10 09:00:00","CAPE","surface",-68.8249,19.9953,3051
"2026-09-09 18:00:00","2026-09-10 09:00:00","CAPE","surface",-68.801,19.9953,3050
"2026-09-09 18:00:00","2026-09-10 09:00:00","CAPE","surface",-68.7771,19.9953,2978
"2026-09-09 18:00:00","2026-09-10 09:00:00","CAPE","surface",-68.7531,19.9953,2976
"2026-09-09 18:00:00","2026-09-10 09:00:00","CAPE","surface",-68.7292,19.9953,2976
"2026-09-09 18:00:00","2026-09-10 09:00:00","CAPE","surface",-68.7053,19.9953,2941
"2026-09-09 18:00:00","2026-09-10 09:00:00","CAPE","surface",-68.6813,19.9953,2972
"2026-09-09 18:00:00","2026-09-10 09:00:00","CAPE","surface",-68.6574,19.9953,2987
"2026-09-09 18:00:00","2026-09-10 09:00:00","CAPE","surface",-68.6335,19.9953,3020
"2026-09-09 18:00:00","2026-09-10 09:00:00","CAPE","surface",-68.6096,19.9953,3032
"2026-09-09 18:00:00","2026-09-10 09:00:00","CAPE","surface",-68.5856,19.9953,3061
"2026-09-09 18:00:00","2026-09-10 09:00:00","CAPE","surface",-68.5617,19.9953,3010
"2026-09-09 18:00:00","2026-09-10 09:00:00","CAPE","surface",-68.5378,19.9953,2939
"2026-09-09 18:00:00","2026-09-10 09:00:00","CAPE","surface",-68.5139,19.9953,2939
"2026-09-09 18:00:00","2026-09-10 09:00:00","CAPE","surface",-68.4899,19.9953,2859
"2026-09-09 18:00:00","2026-09-10 09:00:00","CAPE","surface",-68.466,19.9953,2880
"2026-09-09 18:00:00","2026-09-10 09:00:00","CAPE","surface",-68.4421,19.9953,2842
"2026-09-09 18:00:00","2026-09-10 09:00:00","CAPE","surface",-68.4182,19.9953,2842
"2026-09-09 18:00:00","2026-09-10 09:00:00","CAPE","surface",-68.3942,19.9953,2808
"2026-09-09 18:00:00","2026-09-10 09:00:00","CAPE","surface",-68.3703,19.9953,2835
"2026-09-09 18:00:00","2026-09-10 09:00:00","CAPE","surface",-68.3464,19.9953,2894
"2026-09-09 18:00:00","2026-09-10 09:00:00","CAPE","surface",-68.3225,19.9953,2894
"2026-09-09 18:00:00","2026-09-10 09:00:00","CAPE","surface",-68.2985,19.9953,2979
"2026-09-09 18:00:00","2026-09-10 09:00:00","CAPE","surface",-68.2746,19.9953,3034
"2026-09-09 18:00:00","2026-09-10 09:00:00","CAPE","surface",-68.2507,19.9953,3078
"2026-09-09 18:00:00","2026-09-10 09:00:00","CAPE","surface",-68.2268,19.9953,3156
"2026-09-09 18:00:00","2026-09-10 09:00:00","CAPE","surface",-68.2028,19.9953,3261
"2026-09-09 18:00:00","2026-09-10 09:00:00","CAPE","surface",-68.1789,19.9953,3529
"2026-09-09 18:00:00","2026-09-10 09:00:00","CAPE","surface",-68.155,19.9953,3558
"2026-09-09 18:00:00","2026-09-10 09:00:00","CAPE","surface",-68.1311,19.9953,3591
"2026-09-09 18:00:00","2026-09-10 09:00:00","CAPE","surface",-68.1071,19.9953,3573
"2026-09-09 18:00:00","2026-09-10 09:00:00","CAPE","surface",-68.0832,19.9953,3230
"2026-09-09 18:00:00","2026-09-10 09:00:00","CAPE","surface",-68.0593,19.9953,2932
"2026-09-09 18:00:00","2026-09-10 09:00:00","CAPE","surface",-68.0354,19.9953,2932
"2026-09-09 18:00:00","2026-09-10 09:00:00","CAPE","surface",-68.0114,19.9953,2923
"2026-09-09 18:00:00","2026-09-10 09:00:00","CAPE","surface",-67.9875,19.9953,2943
"2026-09-09 18:00:00","2026-09-10 09:00:00","CAPE","surface",-67.9636,19.9953,2913
"2026-09-09 18:00:00","2026-09-10 09:00:00","CAPE","surface",-67.9397,19.9953,2957
"2026-09-09 18:00:00","2026-09-10 09:00:00","CAPE","surface",-67.9157,19.9953,2892
"2026-09-09 18:00:00","2026-09-10 09:00:00","CAPE","surface",-67.8918,19.9953,2920
"2026-09-09 18:00:00","2026-09-10 09:00:00","CAPE","surface",-67.8679,19.9953,2892
"2026-09-09 18:00:00","2026-09-10 09:00:00","CAPE","surface",-67.844,19.9953,2932
"2026-09-09 18:00:00","2026-09-10 09:00:00","CAPE","surface",-67.82,19.9953,2932
"2026-09-09 18:00:00","2026-09-10 09:00:00","CAPE","surface",-67.7961,19.9953,2992
"2026-09-09 18:00:00","2026-09-10 09:00:00","CAPE","surface",-67.7722,19.9953,3023
"2026-09-09 18:00:00","2026-09-10 09:00:00","CAPE","surface",-67.7483,19.9953,3015
"2026-09-09 18:00:00","2026-09-10 09:00:00","CAPE","surface",-67.7243,19.9953,3015
"2026-09-09 18:00:00","2026-09-10 09:00:00","CAPE","surface",-67.7004,19.9953,2980
"2026-09-09 18:00:00","2026-09-10 09:00:00","CAPE","surface",-67.6765,19.9953,2953
"2026-09-09 18:00:00","2026-09-10 09:00:00","CAPE","surface",-67.6526,19.9953,3016
"2026-09-09 18:00:00","2026-09-10 09:00:00","CAPE","surface",-67.6286,19.9953,3079
"2026-09-09 18:00:00","2026-09-10 09:00:00","CAPE","surface",-67.6047,19.9953,3098
"2026-09-09 18:00:00","2026-09-10 09:00:00","CAPE","surface",-67.5808,19.9953,3077
"2026-09-09 18:00:00","2026-09-10 09:00:00","CAPE","surface",-67.5569,19.9953,3095
"2026-09-09 18:00:00","2026-09-10 09:00:00","CAPE","surface",-67.5329,19.9953,3016
"2026-09-09 18:00:00","2026-09-10 09:00:00","CAPE","surface",-67.509,19.9953,3063
"2026-09-09 18:00:00","2026-09-10 09:00:00","CAPE","surface",-67.4851,19.9953,3002
"2026-09-09 18:00:00","2026-09-10 09:00:00","CAPE","surface",-67.4612,19.9953,3014
"2026-09-09 18:00:00","2026-09-10 09:00:00","CAPE","surface",-67.4372,19.9953,3014
"2026-09-09 18:00:00","2026-09-10 09:00:00","CAPE","surface",-67.4133,19.9953,3041
"2026-09-09 18:00:00","2026-09-10 09:00:00","CAPE","surface",-67.3894,19.9953,2971
"2026-09-09 18:00:00","2026-09-10 09:00:00","CAPE","surface",-67.3655,19.9953,2930
"2026-09-09 18:00:00","2026-09-10 09:00:00","CAPE","surface",-67.3415,19.9953,2930
"2026-09-09 18:00:00","2026-09-10 09:00:00","CAPE","surface",-67.3176,19.9953,2888
"2026-09-09 18:00:00","2026-09-10 09:00:00","CAPE","surface",-67.2937,19.9953,2792
"2026-09-09 18:00:00","2026-09-10 09:00:00","CAPE","surface",-67.2698,19.9953,2804
"2026-09-09 18:00:00","2026-09-10 09:00:00","CAPE","surface",-67.2458,19.9953,2866
"2026-09-09 18:00:00","2026-09-10 09:00:00","CAPE","surface",-67.2219,19.9953,2831
"2026-09-09 18:00:00","2026-09-10 09:00:00","CAPE","surface",-67.198,19.9953,2933
"2026-09-09 18:00:00","2026-09-10 09:00:00","CAPE","surface",-67.1741,19.9953,2940
"2026-09-09 18:00:00","2026-09-10 09:00:00","CAPE","surface",-67.1501,19.9953,3006
"2026-09-09 18:00:00","2026-09-10 09:00:00","CAPE","surface",-67.1262,19.9953,2901
"2026-09-09 18:00:00","2026-09-10 09:00:00","CAPE","surface",-67.1023,19.9953,2830
"2026-09-09 18:00:00","2026-09-10 09:00:00","CAPE","surface",-67.0784,19.9953,2798
"2026-09-09 18:00:00","2026-09-10 09:00:00","CAPE","surface",-67.0544,19.9953,2809
"2026-09-09 18:00:00","2026-09-10 09:00:00","CAPE","surface",-67.0305,19.9953,2866
"2026-09-09 18:00:00","2026-09-10 09:00:00","CAPE","surface",-67.0066,19.9953,2867
"2026-09-09 18:00:00","2026-09-10 09:00:00","CAPE","surface",-74.7822,20.0177,2295
"2026-09-09 18:00:00","2026-09-10 09:00:00","CAPE","surface",-74.7583,20.0177,2864
"2026-09-09 18:00:00","2026-09-10 09:00:00","CAPE","surface",-74.7344,20.0177,2715
"2026-09-09 18:00:00","2026-09-10 09:00:00","CAPE","surface",-74.7105,20.0177,3017
"2026-09-09 18:00:00","2026-09-10 09:00:00","CAPE","surface",-74.6865,20.0177,2753
"2026-09-09 18:00:00","2026-09-10 09:00:00","CAPE","surface",-74.6626,20.0177,3022
"2026-09-09 18:00:00","2026-09-10 09:00:00","CAPE","surface",-74.6387,20.0177,3065
"2026-09-09 18:00:00","2026-09-10 09:00:00","CAPE","surface",-74.6148,20.0177,3127
"2026-09-09 18:00:00","2026-09-10 09:00:00","CAPE","surface",-74.5908,20.0177,3119
"2026-09-09 18:00:00","2026-09-10 09:00:00","CAPE","surface",-74.5669,20.0177,3119
"2026-09-09 18:00:00","2026-09-10 09:00:00","CAPE","surface",-74.543,20.0177,3029
"2026-09-09 18:00:00","2026-09-10 09:00:00","CAPE","surface",-74.5191,20.0177,2932
"2026-09-09 18:00:00","2026-09-10 09:00:00","CAPE","surface",-74.4951,20.0177,2891
"2026-09-09 18:00:00","2026-09-10 09:00:00","CAPE","surface",-74.4712,20.0177,2721
"2026-09-09 18:00:00","2026-09-10 09:00:00","CAPE","surface",-74.4473,20.0177,2666
"2026-09-09 18:00:00","2026-09-10 09:00:00","CAPE","surface",-74.4234,20.0177,2666
"2026-09-09 18:00:00","2026-09-10 09:00:00","CAPE","surface",-74.3994,20.0177,2619
"2026-09-09 18:00:00","2026-09-10 09:00:00","CAPE","surface",-74.3755,20.0177,2573
"2026-09-09 18:00:00","2026-09-10 09:00:00","CAPE","surface",-74.3516,20.0177,2595
"2026-09-09 18:00:00","2026-09-10 09:00:00","CAPE","surface",-74.3277,20.0177,2536
"2026-09-09 18:00:00","2026-09-10 09:00:00","CAPE","surface",-74.3037,20.0177,2623
"2026-09-09 18:00:00","2026-09-10 09:00:00","CAPE","surface",-74.2798,20.0177,2545
"2026-09-09 18:00:00","2026-09-10 09:00:00","CAPE","surface",-74.2559,20.0177,2550
"2026-09-09 18:00:00","2026-09-10 09:00:00","CAPE","surface",-74.232,20.0177,2427
"2026-09-09 18:00:00","2026-09-10 09:00:00","CAPE","surface",-74.208,20.0177,2498
"2026-09-09 18:00:00","2026-09-10 09:00:00","CAPE","surface",-74.1841,20.0177,2414
"2026-09-09 18:00:00","2026-09-10 09:00:00","CAPE","surface",-74.1602,20.0177,2578
"2026-09-09 18:00:00","2026-09-10 09:00:00","CAPE","surface",-74.1363,20.0177,2530
"2026-09-09 18:00:00","2026-09-10 09:00:00","CAPE","surface",-74.1123,20.0177,2607
"2026-09-09 18:00:00","2026-09-10 09:00:00","CAPE","surface",-74.0884,20.0177,2532
"2026-09-09 18:00:00","2026-09-10 09:00:00","CAPE","surface",-74.0645,20.0177,2530
"2026-09-09 18:00:00","2026-09-10 09:00:00","CAPE","surface",-74.0406,20.0177,2559
"2026-09-09 18:00:00","2026-09-10 09:00:00","CAPE","surface",-74.0166,20.0177,2478
"2026-09-09 18:00:00","2026-09-10 09:00:00","CAPE","surface",-73.9927,20.0177,2343
"2026-09-09 18:00:00","2026-09-10 09:00:00","CAPE","surface",-73.9688,20.0177,2275
"2026-09-09 18:00:00","2026-09-10 09:00:00","CAPE","surface",-73.9449,20.0177,2235
"2026-09-09 18:00:00","2026-09-10 09:00:00","CAPE","surface",-73.9209,20.0177,2235
"2026-09-09 18:00:00","2026-09-10 09:00:00","CAPE","surface",-73.897,20.0177,2497
"2026-09-09 18:00:00","2026-09-10 09:00:00","CAPE","surface",-73.8731,20.0177,2461
"2026-09-09 18:00:00","2026-09-10 09:00:00","CAPE","surface",-73.8492,20.0177,2579
"2026-09-09 18:00:00","2026-09-10 09:00:00","CAPE","surface",-73.8252,20.0177,2522
"2026-09-09 18:00:00","2026-09-10 09:00:00","CAPE","surface",-73.8013,20.0177,2524
"2026-09-09 18:00:00","2026-09-10 09:00:00","CAPE","surface",-73.7774,20.0177,2524
"2026-09-09 18:00:00","2026-09-10 09:00:00","CAPE","surface",-73.7535,20.0177,2511
"2026-09-09 18:00:00","2026-09-10 09:00:00","CAPE","surface",-73.7295,20.0177,2459
"2026-09-09 18:00:00","2026-09-10 09:00:00","CAPE","surface",-73.7056,20.0177,2434
"2026-09-09 18:00:00","2026-09-10 09:00:00","CAPE","surface",-73.6817,20.0177,2397
"2026-09-09 18:00:00","2026-09-10 09:00:00","CAPE","surface",-73.6578,20.0177,2409
"2026-09-09 18:00:00","2026-09-10 09:00:00","CAPE","surface",-73.6338,20.0177,2364
"2026-09-09 18:00:00","2026-09-10 09:00:00","CAPE","surface",-73.6099,20.0177,2335
"2026-09-09 18:00:00","2026-09-10 09:00:00","CAPE","surface",-73.586,20.0177,2290
"2026-09-09 18:00:00","2026-09-10 09:00:00","CAPE","surface",-73.5621,20.0177,2298
"2026-09-09 18:00:00","2026-09-10 09:00:00","CAPE","surface",-73.5381,20.0177,2298
"2026-09-09 18:00:00","2026-09-10 09:00:00","CAPE","surface",-73.5142,20.0177,2304
"2026-09-09 18:00:00","2026-09-10 09:00:00","CAPE","surface",-73.4903,20.0177,2269
"2026-09-09 18:00:00","2026-09-10 09:00:00","CAPE","surface",-73.4664,20.0177,2275
"2026-09-09 18:00:00","2026-09-10 09:00:00","CAPE","surface",-73.4424,20.0177,2244
"2026-09-09 18:00:00","2026-09-10 09:00:00","CAPE","surface",-73.4185,20.0177,2271
"2026-09-09 18:00:00","2026-09-10 09:00:00","CAPE","surface",-73.3946,20.0177,2237
"2026-09-09 18:00:00","2026-09-10 09:00:00","CAPE","surface",-73.3707,20.0177,2232
"2026-09-09 18:00:00","2026-09-10 09:00:00","CAPE","surface",-73.3467,20.0177,2196
"2026-09-09 18:00:00","2026-09-10 09:00:00","CAPE","surface",-73.3228,20.0177,2185
"2026-09-09 18:00:00","2026-09-10 09:00:00","CAPE","surface",-73.2989,20.0177,2185
"2026-09-09 18:00:00","2026-09-10 09:00:00","CAPE","surface",-73.275,20.0177,2182
"2026-09-09 18:00:00","2026-09-10 09:00:00","CAPE","surface",-73.251,20.0177,2140
"2026-09-09 18:00:00","2026-09-10 09:00:00","CAPE","surface",-73.2271,20.0177,2137
"2026-09-09 18:00:00","2026-09-10 09:00:00","CAPE","surface",-73.2032,20.0177,2080
"2026-09-09 18:00:00","2026-09-10 09:00:00","CAPE","surface",-73.1793,20.0177,2110
"2026-09-09 18:00:00","2026-09-10 09:00:00","CAPE","surface",-73.1553,20.0177,2053
"2026-09-09 18:00:00","2026-09-10 09:00:00","CAPE","surface",-73.1314,20.0177,2030
"2026-09-09 18:00:00","2026-09-10 09:00:00","CAPE","surface",-73.1075,20.0177,1950
"2026-09-09 18:00:00","2026-09-10 09:00:00","CAPE","surface",-73.0836,20.0177,1928
"2026-09-09 18:00:00","2026-09-10 09:00:00","CAPE","surface",-73.0596,20.0177,1928
"2026-09-09 18:00:00","2026-09-10 09:00:00","CAPE","surface",-73.0357,20.0177,1947
"2026-09-09 18:00:00","2026-09-10 09:00:00","CAPE","surface",-73.0118,20.0177,1857
"2026-09-09 18:00:00","2026-09-10 09:00:00","CAPE","surface",-72.9879,20.0177,1872
"2026-09-09 18:00:00","2026-09-10 09:00:00","CAPE","surface",-72.9639,20.0177,1800
"2026-09-09 18:00:00","2026-09-10 09:00:00","CAPE","surface",-72.94,20.0177,1831
"2026-09-09 18:00:00","2026-09-10 09:00:00","CAPE","surface",-72.9161,20.0177,1836
"2026-09-09 18:00:00","2026-09-10 09:00:00","CAPE","surface",-72.8922,20.0177,1898
"2026-09-09 18:00:00","2026-09-10 09:00:00","CAPE","surface",-72.8682,20.0177,1868
"2026-09-09 18:00:00","2026-09-10 09:00:00","CAPE","surface",-72.8443,20.0177,1841
"2026-09-09 18:00:00","2026-09-10 09:00:00","CAPE","surface",-72.8204,20.0177,1932
"2026-09-09 18:00:00","2026-09-10 09:00:00","CAPE","surface",-72.7965,20.0177,1932
"2026-09-09 18:00:00","2026-09-10 09:00:00","CAPE","surface",-72.7725,20.0177,1605
"2026-09-09 18:00:00","2026-09-10 09:00:00","CAPE","surface",-72.7486,20.0177,1690
"2026-09-09 18:00:00","2026-09-10 09:00:00","CAPE","surface",-72.7247,20.0177,1680
"2026-09-09 18:00:00","2026-09-10 09:00:00","CAPE","surface",-72.7008,20.0177,1733
"2026-09-09 18:00:00","2026-09-10 09:00:00","CAPE","surface",-72.6768,20.0177,1659
"2026-09-09 18:00:00","2026-09-10 09:00:00","CAPE","surface",-72.6529,20.0177,1698
"2026-09-09 18:00:00","2026-09-10 09:00:00","CAPE","surface",-72.629,20.0177,2033
"2026-09-09 18:00:00","2026-09-10 09:00:00","CAPE","surface",-72.6051,20.0177,2048
"2026-09-09 18:00:00","2026-09-10 09:00:00","CAPE","surface",-72.5811,20.0177,1964
"2026-09-09 18:00:00","2026-09-10 09:00:00","CAPE","surface",-72.5572,20.0177,1935
"2026-09-09 18:00:00","2026-09-10 09:00:00","CAPE","surface",-72.5333,20.0177,1898
"2026-09-09 18:00:00","2026-09-10 09:00:00","CAPE","surface",-72.5094,20.0177,1855
"2026-09-09 18:00:00","2026-09-10 09:00:00","CAPE","surface",-72.4854,20.0177,1912
"2026-09-09 18:00:00","2026-09-10 09:00:00","CAPE","surface",-72.4615,20.0177,1912
"2026-09-09 18:00:00","2026-09-10 09:00:00","CAPE","surface",-72.4376,20.0177,1966
"2026-09-09 18:00:00","2026-09-10 09:00:00","CAPE","surface",-72.4137,20.0177,1931
"2026-09-09 18:00:00","2026-09-10 09:00:00","CAPE","surface",-72.3897,20.0177,1942
"2026-09-09 18:00:00","2026-09-10 09:00:00","CAPE","surface",-72.3658,20.0177,1919
"2026-09-09 18:00:00","2026-09-10 09:00:00","CAPE","surface",-72.3419,20.0177,1979
"2026-09-09 18:00:00","2026-09-10 09:00:00","CAPE","surface",-72.318,20.0177,1979
"2026-09-09 18:00:00","2026-09-10 09:00:00","CAPE","surface",-72.294,20.0177,2005
"2026-09-09 18:00:00","2026-09-10 09:00:00","CAPE","surface",-72.2701,20.0177,2026
"2026-09-09 18:00:00","2026-09-10 09:00:00","CAPE","surface",-72.2462,20.0177,2002
"2026-09-09 18:00:00","2026-09-10 09:00:00","CAPE","surface",-72.2223,20.0177,2184
"2026-09-09 18:00:00","2026-09-10 09:00:00","CAPE","surface",-72.1983,20.0177,2134
"2026-09-09 18:00:00","2026-09-10 09:00:00","CAPE","surface",-72.1744,20.0177,2193
"2026-09-09 18:00:00","2026-09-10 09:00:00","CAPE","surface",-72.1505,20.0177,2110
"2026-09-09 18:00:00","2026-09-10 09:00:00","CAPE","surface",-72.1266,20.0177,2166
"2026-09-09 18:00:00","2026-09-10 09:00:00","CAPE","surface",-72.1026,20.0177,2166
"2026-09-09 18:00:00","2026-09-10 09:00:00","CAPE","surface",-72.0787,20.0177,2233
"2026-09-09 18:00:00","2026-09-10 09:00:00","CAPE","surface",-72.0548,20.0177,2181
"2026-09-09 18:00:00","2026-09-10 09:00:00","CAPE","surface",-72.0309,20.0177,2177
"2026-09-09 18:00:00","2026-09-10 09:00:00","CAPE","surface",-72.0069,20.0177,2155
"2026-09-09 18:00:00","2026-09-10 09:00:00","CAPE","surface",-71.983,20.0177,2177
"2026-09-09 18:00:00","2026-09-10 09:00:00","CAPE","surface",-71.9591,20.0177,2164
"2026-09-09 18:00:00","2026-09-10 09:00:00","CAPE","surface",-71.9352,20.0177,2192
"2026-09-09 18:00:00","2026-09-10 09:00:00","CAPE","surface",-71.9112,20.0177,2161
"2026-09-09 18:00:00","2026-09-10 09:00:00","CAPE","surface",-71.8873,20.0177,2153
"2026-09-09 18:00:00","2026-09-10 09:00:00","CAPE","surface",-71.8634,20.0177,2153
"2026-09-09 18:00:00","2026-09-10 09:00:00","CAPE","surface",-71.8395,20.0177,2145
"2026-09-09 18:00:00","2026-09-10 09:00:00","CAPE","surface",-71.8155,20.0177,2094
"2026-09-09 18:00:00","2026-09-10 09:00:00","CAPE","surface",-71.7916,20.0177,2055
"2026-09-09 18:00:00","2026-09-10 09:00:00","CAPE","surface",-71.7677,20.0177,1960
"2026-09-09 18:00:00","2026-09-10 09:00:00","CAPE","surface",-71.7438,20.0177,1968
"2026-09-09 18:00:00","2026-09-10 09:00:00","CAPE","surface",-71.7198,20.0177,1891
"2026-09-09 18:00:00","2026-09-10 09:00:00","CAPE","surface",-71.6959,20.0177,1898
"2026-09-09 18:00:00","2026-09-10 09:00:00","CAPE","surface",-71.672,20.0177,1881
"2026-09-09 18:00:00","2026-09-10 09:00:00","CAPE","surface",-71.6481,20.0177,1881
"2026-09-09 18:00:00","2026-09-10 09:00:00","CAPE","surface",-71.6241,20.0177,1896
"2026-09-09 18:00:00","2026-09-10 09:00:00","CAPE","surface",-71.6002,20.0177,1876
"2026-09-09 18:00:00","2026-09-10 09:00:00","CAPE","surface",-71.5763,20.0177,1918
"2026-09-09 18:00:00","2026-09-10 09:00:00","CAPE","surface",-71.5524,20.0177,1901
"2026-09-09 18:00:00","2026-09-10 09:00:00","CAPE","surface",-71.5284,20.0177,1995
"2026-09-09 18:00:00","2026-09-10 09:00:00","CAPE","surface",-71.5045,20.0177,1978
"2026-09-09 18:00:00","2026-09-10 09:00:00","CAPE","surface",-71.4806,20.0177,2000
"2026-09-09 18:00:00","2026-09-10 09:00:00","CAPE","surface",-71.4567,20.0177,1968
"2026-09-09 18:00:00","2026-09-10 09:00:00","CAPE","surface",-71.4327,20.0177,1984
"2026-09-09 18:00:00","2026-09-10 09:00:00","CAPE","surface",-71.4088,20.0177,1984
"2026-09-09 18:00:00","2026-09-10 09:00:00","CAPE","surface",-71.3849,20.0177,2003
"2026-09-09 18:00:00","2026-09-10 09:00:00","CAPE","surface",-71.361,20.0177,1978
"2026-09-09 18:00:00","2026-09-10 09:00:00","CAPE","surface",-71.337,20.0177,2015
"2026-09-09 18:00:00","2026-09-10 09:00:00","CAPE","surface",-71.3131,20.0177,2163
"2026-09-09 18:00:00","2026-09-10 09:00:00","CAPE","surface",-71.2892,20.0177,2091
"2026-09-09 18:00:00","2026-09-10 09:00:00","CAPE","surface",-71.2653,20.0177,2190
"2026-09-09 18:00:00","2026-09-10 09:00:00","CAPE","surface",-71.2413,20.0177,2101
"2026-09-09 18:00:00","2026-09-10 09:00:00","CAPE","surface",-71.2174,20.0177,2175
"2026-09-09 18:00:00","2026-09-10 09:00:00","CAPE","surface",-71.1935,20.0177,2175
"2026-09-09 18:00:00","2026-09-10 09:00:00","CAPE","surface",-71.1696,20.0177,2346
"2026-09-09 18:00:00","2026-09-10 09:00:00","CAPE","surface",-71.1456,20.0177,2239
"2026-09-09 18:00:00","2026-09-10 09:00:00","CAPE","surface",-71.1217,20.0177,2436
"2026-09-09 18:00:00","2026-09-10 09:00:00","CAPE","surface",-71.0978,20.0177,2436
"2026-09-09 18:00:00","2026-09-10 09:00:00","CAPE","surface",-71.0739,20.0177,2642
"2026-09-09 18:00:00","2026-09-10 09:00:00","CAPE","surface",-71.0499,20.0177,2577
"2026-09-09 18:00:00","2026-09-10 09:00:00","CAPE","surface",-71.026,20.0177,2713
"2026-09-09 18:00:00","2026-09-10 09:00:00","CAPE","surface",-71.0021,20.0177,2630
"2026-09-09 18:00:00","2026-09-10 09:00:00","CAPE","surface",-70.9782,20.0177,2760
"2026-09-09 18:00:00","2026-09-10 09:00:00","CAPE","surface",-70.9542,20.0177,2690
"2026-09-09 18:00:00","2026-09-10 09:00:00","CAPE","surface",-70.9303,20.0177,2757
"2026-09-09 18:00:00","2026-09-10 09:00:00","CAPE","surface",-70.9064,20.0177,3000
"2026-09-09 18:00:00","2026-09-10 09:00:00","CAPE","surface",-70.8825,20.0177,2974
"2026-09-09 18:00:00","2026-09-10 09:00:00","CAPE","surface",-70.8585,20.0177,2983
"2026-09-09 18:00:00","2026-09-10 09:00:00","CAPE","surface",-70.8346,20.0177,2984
"2026-09-09 18:00:00","2026-09-10 09:00:00","CAPE","surface",-70.8107,20.0177,2848
"2026-09-09 18:00:00","2026-09-10 09:00:00","CAPE","surface",-70.7868,20.0177,2900
"2026-09-09 18:00:00","2026-09-10 09:00:00","CAPE","surface",-70.7628,20.0177,2750
"2026-09-09 18:00:00","2026-09-10 09:00:00","CAPE","surface",-70.7389,20.0177,2781
"2026-09-09 18:00:00","2026-09-10 09:00:00","CAPE","surface",-70.715,20.0177,2710
"2026-09-09 18:00:00","2026-09-10 09:00:00","CAPE","surface",-70.6911,20.0177,2576
"2026-09-09 18:00:00","2026-09-10 09:00:00","CAPE","surface",-70.6671,20.0177,2040
"2026-09-09 18:00:00","2026-09-10 09:00:00","CAPE","surface",-70.6432,20.0177,2040
"2026-09-09 18:00:00","2026-09-10 09:00:00","CAPE","surface",-70.6193,20.0177,1814
"2026-09-09 18:00:00","2026-09-10 09:00:00","CAPE","surface",-70.5954,20.0177,1967
"2026-09-09 18:00:00","2026-09-10 09:00:00","CAPE","surface",-70.5714,20.0177,2125
"2026-09-09 18:00:00","2026-09-10 09:00:00","CAPE","surface",-70.5475,20.0177,2132
"2026-09-09 18:00:00","2026-09-10 09:00:00","CAPE","surface",-70.5236,20.0177,2320
"2026-09-09 18:00:00","2026-09-10 09:00:00","CAPE","surface",-70.4997,20.0177,2717
"2026-09-09 18:00:00","2026-09-10 09:00:00","CAPE","surface",-70.4757,20.0177,2983
"2026-09-09 18:00:00","2026-09-10 09:00:00","CAPE","surface",-70.4518,20.0177,3168
"2026-09-09 18:00:00","2026-09-10 09:00:00","CAPE","surface",-70.4279,20.0177,3168
"2026-09-09 18:00:00","2026-09-10 09:00:00","CAPE","surface",-70.404,20.0177,2952
"2026-09-09 18:00:00","2026-09-10 09:00:00","CAPE","surface",-70.38,20.0177,2821
"2026-09-09 18:00:00","2026-09-10 09:00:00","CAPE","surface",-70.3561,20.0177,2792
"2026-09-09 18:00:00","2026-09-10 09:00:00","CAPE","surface",-70.3322,20.0177,2792
"2026-09-09 18:00:00","2026-09-10 09:00:00","CAPE","surface",-70.3083,20.0177,2686
"2026-09-09 18:00:00","2026-09-10 09:00:00","CAPE","surface",-70.2843,20.0177,2711
"2026-09-09 18:00:00","2026-09-10 09:00:00","CAPE","surface",-70.2604,20.0177,2609
"2026-09-09 18:00:00","2026-09-10 09:00:00","CAPE","surface",-70.2365,20.0177,2743
"2026-09-09 18:00:00","2026-09-10 09:00:00","CAPE","surface",-70.2126,20.0177,2743
"2026-09-09 18:00:00","2026-09-10 09:00:00","CAPE","surface",-70.1886,20.0177,2809
"2026-09-09 18:00:00","2026-09-10 09:00:00","CAPE","surface",-70.1647,20.0177,2812
"2026-09-09 18:00:00","2026-09-10 09:00:00","CAPE","surface",-70.1408,20.0177,2799
"2026-09-09 18:00:00","2026-09-10 09:00:00","CAPE","surface",-70.1169,20.0177,2799
"2026-09-09 18:00:00","2026-09-10 09:00:00","CAPE","surface",-70.0929,20.0177,2783
"2026-09-09 18:00:00","2026-09-10 09:00:00","CAPE","surface",-70.069,20.0177,2712
"2026-09-09 18:00:00","2026-09-10 09:00:00","CAPE","surface",-70.0451,20.0177,2655
"2026-09-09 18:00:00","2026-09-10 09:00:00","CAPE","surface",-70.0212,20.0177,2638
"2026-09-09 18:00:00","2026-09-10 09:00:00","CAPE","surface",-69.9972,20.0177,2646
"2026-09-09 18:00:00","2026-09-10 09:00:00","CAPE","surface",-69.9733,20.0177,2655
"2026-09-09 18:00:00","2026-09-10 09:00:00","CAPE","surface",-69.9494,20.0177,2891
"2026-09-09 18:00:00","2026-09-10 09:00:00","CAPE","surface",-69.9255,20.0177,3271
"2026-09-09 18:00:00","2026-09-10 09:00:00","CAPE","surface",-69.9015,20.0177,3271
"2026-09-09 18:00:00","2026-09-10 09:00:00","CAPE","surface",-69.8776,20.0177,3234
"2026-09-09 18:00:00","2026-09-10 09:00:00","CAPE","surface",-69.8537,20.0177,3203
"2026-09-09 18:00:00","2026-09-10 09:00:00","CAPE","surface",-69.8298,20.0177,2949
"2026-09-09 18:00:00","2026-09-10 09:00:00","CAPE","surface",-69.8058,20.0177,2949
"2026-09-09 18:00:00","2026-09-10 09:00:00","CAPE","surface",-69.7819,20.0177,2924
"2026-09-09 18:00:00","2026-09-10 09:00:00","CAPE","surface",-69.758,20.0177,2984
"2026-09-09 18:00:00","2026-09-10 09:00:00","CAPE","surface",-69.7341,20.0177,2991
"2026-09-09 18:00:00","2026-09-10 09:00:00","CAPE","surface",-69.7101,20.0177,3017
"2026-09-09 18:00:00","2026-09-10 09:00:00","CAPE","surface",-69.6862,20.0177,2906
"2026-09-09 18:00:00","2026-09-10 09:00:00","CAPE","surface",-69.6623,20.0177,2747
"2026-09-09 18:00:00","2026-09-10 09:00:00","CAPE","surface",-69.6384,20.0177,2770
"2026-09-09 18:00:00","2026-09-10 09:00:00","CAPE","surface",-69.6144,20.0177,2664
"2026-09-09 18:00:00","2026-09-10 09:00:00","CAPE","surface",-69.5905,20.0177,2664
"2026-09-09 18:00:00","2026-09-10 09:00:00","CAPE","surface",-69.5666,20.0177,2607
"2026-09-09 18:00:00","2026-09-10 09:00:00","CAPE","surface",-69.5427,20.0177,2620
"2026-09-09 18:00:00","2026-09-10 09:00:00","CAPE","surface",-69.5187,20.0177,2750
"2026-09-09 18:00:00","2026-09-10 09:00:00","CAPE","surface",-69.4948,20.0177,2750
"2026-09-09 18:00:00","2026-09-10 09:00:00","CAPE","surface",-69.4709,20.0177,2973
"2026-09-09 18:00:00","2026-09-10 09:00:00","CAPE","surface",-69.447,20.0177,2965
"2026-09-09 18:00:00","2026-09-10 09:00:00","CAPE","surface",-69.423,20.0177,2948
"2026-09-09 18:00:00","2026-09-10 09:00:00","CAPE","surface",-69.3991,20.0177,2818
"2026-09-09 18:00:00","2026-09-10 09:00:00","CAPE","surface",-69.3752,20.0177,2835
"2026-09-09 18:00:00","2026-09-10 09:00:00","CAPE","surface",-69.3513,20.0177,2862
"2026-09-09 18:00:00","2026-09-10 09:00:00","CAPE","surface",-69.3273,20.0177,2812
"2026-09-09 18:00:00","2026-09-10 09:00:00","CAPE","surface",-69.3034,20.0177,2793
"2026-09-09 18:00:00","2026-09-10 09:00:00","CAPE","surface",-69.2795,20.0177,2793
"2026-09-09 18:00:00","2026-09-10 09:00:00","CAPE","surface",-69.2556,20.0177,2734
"2026-09-09 18:00:00","2026-09-10 09:00:00","CAPE","surface",-69.2316,20.0177,2708
"2026-09-09 18:00:00","2026-09-10 09:00:00","CAPE","surface",-69.2077,20.0177,2838
"2026-09-09 18:00:00","2026-09-10 09:00:00","CAPE","surface",-69.1838,20.0177,2838
"2026-09-09 18:00:00","2026-09-10 09:00:00","CAPE","surface",-69.1599,20.0177,3074
"2026-09-09 18:00:00","2026-09-10 09:00:00","CAPE","surface",-69.1359,20.0177,3005
"2026-09-09 18:00:00","2026-09-10 09:00:00","CAPE","surface",-69.112,20.0177,3293
"2026-09-09 18:00:00","2026-09-10 09:00:00","CAPE","surface",-69.0881,20.0177,3342
"2026-09-09 18:00:00","2026-09-10 09:00:00","CAPE","surface",-69.0642,20.0177,3299
"2026-09-09 18:00:00","2026-09-10 09:00:00","CAPE","surface",-69.0402,20.0177,3112
"2026-09-09 18:00:00","2026-09-10 09:00:00","CAPE","surface",-69.0163,20.0177,3027
"2026-09-09 18:00:00","2026-09-10 09:00:00","CAPE","surface",-68.9924,20.0177,2969
"2026-09-09 18:00:00","2026-09-10 09:00:00","CAPE","surface",-68.9685,20.0177,2969
"2026-09-09 18:00:00","2026-09-10 09:00:00","CAPE","surface",-68.9445,20.0177,2947
"2026-09-09 18:00:00","2026-09-10 09:00:00","CAPE","surface",-68.9206,20.0177,2961
"2026-09-09 18:00:00","2026-09-10 09:00:00","CAPE","surface",-68.8967,20.0177,3028
"2026-09-09 18:00:00","2026-09-10 09:00:00","CAPE","surface",-68.8728,20.0177,3007
"2026-09-09 18:00:00","2026-09-10 09:00:00","CAPE","surface",-68.8488,20.0177,3042
"2026-09-09 18:00:00","2026-09-10 09:00:00","CAPE","surface",-68.8249,20.0177,2998
"2026-09-09 18:00:00","2026-09-10 09:00:00","CAPE","surface",-68.801,20.0177,3010
"2026-09-09 18:00:00","2026-09-10 09:00:00","CAPE","surface",-68.7771,20.0177,2952
"2026-09-09 18:00:00","2026-09-10 09:00:00","CAPE","surface",-68.7531,20.0177,2974
"2026-09-09 18:00:00","2026-09-10 09:00:00","CAPE","surface",-68.7292,20.0177,2908
"2026-09-09 18:00:00","2026-09-10 09:00:00","CAPE","surface",-68.7053,20.0177,2941
"2026-09-09 18:00:00","2026-09-10 09:00:00","CAPE","surface",-68.6813,20.0177,2914
"2026-09-09 18:00:00","2026-09-10 09:00:00","CAPE","surface",-68.6574,20.0177,2963
"2026-09-09 18:00:00","2026-09-10 09:00:00","CAPE","surface",-68.6335,20.0177,2990
"2026-09-09 18:00:00","2026-09-10 09:00:00","CAPE","surface",-68.6096,20.0177,2981
"2026-09-09 18:00:00","2026-09-10 09:00:00","CAPE","surface",-68.5856,20.0177,2981
"2026-09-09 18:00:00","2026-09-10 09:00:00","CAPE","surface",-68.5617,20.0177,2913
"2026-09-09 18:00:00","2026-09-10 09:00:00","CAPE","surface",-68.5378,20.0177,2905
"2026-09-09 18:00:00","2026-09-10 09:00:00","CAPE","surface",-68.5139,20.0177,2856
"2026-09-09 18:00:00","2026-09-10 09:00:00","CAPE","surface",-68.4899,20.0177,2859
"2026-09-09 18:00:00","2026-09-10 09:00:00","CAPE","surface",-68.466,20.0177,2801
"2026-09-09 18:00:00","2026-09-10 09:00:00","CAPE","surface",-68.4421,20.0177,2799
"2026-09-09 18:00:00","2026-09-10 09:00:00","CAPE","surface",-68.4182,20.0177,2790
"2026-09-09 18:00:00","2026-09-10 09:00:00","CAPE","surface",-68.3942,20.0177,2846
"2026-09-09 18:00:00","2026-09-10 09:00:00","CAPE","surface",-68.3703,20.0177,2846
"2026-09-09 18:00:00","2026-09-10 09:00:00","CAPE","surface",-68.3464,20.0177,2945
"2026-09-09 18:00:00","2026-09-10 09:00:00","CAPE","surface",-68.3225,20.0177,2957
"2026-09-09 18:00:00","2026-09-10 09:00:00","CAPE","surface",-68.2985,20.0177,3009
"2026-09-09 18:00:00","2026-09-10 09:00:00","CAPE","surface",-68.2746,20.0177,3009
"2026-09-09 18:00:00","2026-09-10 09:00:00","CAPE","surface",-68.2507,20.0177,3063
"2026-09-09 18:00:00","2026-09-10 09:00:00","CAPE","surface",-68.2268,20.0177,3156
"2026-09-09 18:00:00","2026-09-10 09:00:00","CAPE","surface",-68.2028,20.0177,3422
"2026-09-09 18:00:00","2026-09-10 09:00:00","CAPE","surface",-68.1789,20.0177,3419
"2026-09-09 18:00:00","2026-09-10 09:00:00","CAPE","surface",-68.155,20.0177,3553
"2026-09-09 18:00:00","2026-09-10 09:00:00","CAPE","surface",-68.1311,20.0177,3421
"2026-09-09 18:00:00","2026-09-10 09:00:00","CAPE","surface",-68.1071,20.0177,3394
"2026-09-09 18:00:00","2026-09-10 09:00:00","CAPE","surface",-68.0832,20.0177,2896
"2026-09-09 18:00:00","2026-09-10 09:00:00","CAPE","surface",-68.0593,20.0177,2924
"2026-09-09 18:00:00","2026-09-10 09:00:00","CAPE","surface",-68.0354,20.0177,2894
"2026-09-09 18:00:00","2026-09-10 09:00:00","CAPE","surface",-68.0114,20.0177,2923
"2026-09-09 18:00:00","2026-09-10 09:00:00","CAPE","surface",-67.9875,20.0177,2897
"2026-09-09 18:00:00","2026-09-10 09:00:00","CAPE","surface",-67.9636,20.0177,2855
"2026-09-09 18:00:00","2026-09-10 09:00:00","CAPE","surface",-67.9397,20.0177,2870
"2026-09-09 18:00:00","2026-09-10 09:00:00","CAPE","surface",-67.9157,20.0177,2882
"2026-09-09 18:00:00","2026-09-10 09:00:00","CAPE","surface",-67.8918,20.0177,2882
"2026-09-09 18:00:00","2026-09-10 09:00:00","CAPE","surface",-67.8679,20.0177,2886
"2026-09-09 18:00:00","2026-09-10 09:00:00","CAPE","surface",-67.844,20.0177,2899
"2026-09-09 18:00:00","2026-09-10 09:00:00","CAPE","surface",-67.82,20.0177,2956
"2026-09-09 18:00:00","2026-09-10 09:00:00","CAPE","surface",-67.7961,20.0177,2956
"2026-09-09 18:00:00","2026-09-10 09:00:00","CAPE","surface",-67.7722,20.0177,3024
"2026-09-09 18:00:00","2026-09-10 09:00:00","CAPE","surface",-67.7483,20.0177,3068
"2026-09-09 18:00:00","2026-09-10 09:00:00","CAPE","surface",-67.7243,20.0177,3014
"2026-09-09 18:00:00","2026-09-10 09:00:00","CAPE","surface",-67.7004,20.0177,3086
"2026-09-09 18:00:00","2026-09-10 09:00:00","CAPE","surface",-67.6765,20.0177,3040
"2026-09-09 18:00:00","2026-09-10 09:00:00","CAPE","surface",-67.6526,20.0177,3074
"2026-09-09 18:00:00","2026-09-10 09:00:00","CAPE","surface",-67.6286,20.0177,3079
"2026-09-09 18:00:00","2026-09-10 09:00:00","CAPE","surface",-67.6047,20.0177,3093
"2026-09-09 18:00:00","2026-09-10 09:00:00","CAPE","surface",-67.5808,20.0177,3084
"2026-09-09 18:00:00","2026-09-10 09:00:00","CAPE","surface",-67.5569,20.0177,2999
"2026-09-09 18:00:00","2026-09-10 09:00:00","CAPE","surface",-67.5329,20.0177,2941
"2026-09-09 18:00:00","2026-09-10 09:00:00","CAPE","surface",-67.509,20.0177,2941
"2026-09-09 18:00:00","2026-09-10 09:00:00","CAPE","surface",-67.4851,20.0177,2980
"2026-09-09 18:00:00","2026-09-10 09:00:00","CAPE","surface",-67.4612,20.0177,2998
"2026-09-09 18:00:00","2026-09-10 09:00:00","CAPE","surface",-67.4372,20.0177,3088
"2026-09-09 18:00:00","2026-09-10 09:00:00","CAPE","surface",-67.4133,20.0177,3088
"2026-09-09 18:00:00","2026-09-10 09:00:00","CAPE","surface",-67.3894,20.0177,3168
"2026-09-09 18:00:00","2026-09-10 09:00:00","CAPE","surface",-67.3655,20.0177,3044
"2026-09-09 18:00:00","2026-09-10 09:00:00","CAPE","surface",-67.3415,20.0177,3051
"2026-09-09 18:00:00","2026-09-10 09:00:00","CAPE","surface",-67.3176,20.0177,3226
"2026-09-09 18:00:00","2026-09-10 09:00:00","CAPE","surface",-67.2937,20.0177,3022
"2026-09-09 18:00:00","2026-09-10 09:00:00","CAPE","surface",-67.2698,20.0177,2968
"2026-09-09 18:00:00","2026-09-10 09:00:00","CAPE","surface",-67.2458,20.0177,2866
"2026-09-09 18:00:00","2026-09-10 09:00:00","CAPE","surface",-67.2219,20.0177,3023
"2026-09-09 18:00:00","2026-09-10 09:00:00","CAPE","surface",-67.198,20.0177,2968
"2026-09-09 18:00:00","2026-09-10 09:00:00","CAPE","surface",-67.1741,20.0177,3080
"2026-09-09 18:00:00","2026-09-10 09:00:00","CAPE","surface",-67.1501,20.0177,3108
"2026-09-09 18:00:00","2026-09-10 09:00:00","CAPE","surface",-67.1262,20.0177,3108
"2026-09-09 18:00:00","2026-09-10 09:00:00","CAPE","surface",-67.1023,20.0177,3016
"2026-09-09 18:00:00","2026-09-10 09:00:00","CAPE","surface",-67.0784,20.0177,2886
"2026-09-09 18:00:00","2026-09-10 09:00:00","CAPE","surface",-67.0544,20.0177,2896
"2026-09-09 18:00:00","2026-09-10 09:00:00","CAPE","surface",-67.0305,20.0177,2896
"2026-09-09 18:00:00","2026-09-10 09:00:00","CAPE","surface",-67.0066,20.0177,2996
"2026-09-09 18:00:00","2026-09-10 09:00:00","CAPE","surface",-74.7822,20.0402,1798
"2026-09-09 18:00:00","2026-09-10 09:00:00","CAPE","surface",-74.7583,20.0402,1798
"2026-09-09 18:00:00","2026-09-10 09:00:00","CAPE","surface",-74.7344,20.0402,1842
"2026-09-09 18:00:00","2026-09-10 09:00:00","CAPE","surface",-74.7105,20.0402,2133
"2026-09-09 18:00:00","2026-09-10 09:00:00","CAPE","surface",-74.6865,20.0402,2079
"2026-09-09 18:00:00","2026-09-10 09:00:00","CAPE","surface",-74.6626,20.0402,2519
"2026-09-09 18:00:00","2026-09-10 09:00:00","CAPE","surface",-74.6387,20.0402,2096
"2026-09-09 18:00:00","2026-09-10 09:00:00","CAPE","surface",-74.6148,20.0402,2629
"2026-09-09 18:00:00","2026-09-10 09:00:00","CAPE","surface",-74.5908,20.0402,2428
"2026-09-09 18:00:00","2026-09-10 09:00:00","CAPE","surface",-74.5669,20.0402,2833
"2026-09-09 18:00:00","2026-09-10 09:00:00","CAPE","surface",-74.543,20.0402,2675
"2026-09-09 18:00:00","2026-09-10 09:00:00","CAPE","surface",-74.5191,20.0402,2991
"2026-09-09 18:00:00","2026-09-10 09:00:00","CAPE","surface",-74.4951,20.0402,2629
"2026-09-09 18:00:00","2026-09-10 09:00:00","CAPE","surface",-74.4712,20.0402,2938
"2026-09-09 18:00:00","2026-09-10 09:00:00","CAPE","surface",-74.4473,20.0402,2869
"2026-09-09 18:00:00","2026-09-10 09:00:00","CAPE","surface",-74.4234,20.0402,2697
"2026-09-09 18:00:00","2026-09-10 09:00:00","CAPE","surface",-74.3994,20.0402,2655
"2026-09-09 18:00:00","2026-09-10 09:00:00","CAPE","surface",-74.3755,20.0402,2655
"2026-09-09 18:00:00","2026-09-10 09:00:00","CAPE","surface",-74.3516,20.0402,2642
"2026-09-09 18:00:00","2026-09-10 09:00:00","CAPE","surface",-74.3277,20.0402,2651
"2026-09-09 18:00:00","2026-09-10 09:00:00","CAPE","surface",-74.3037,20.0402,2684
"2026-09-09 18:00:00","2026-09-10 09:00:00","CAPE","surface",-74.2798,20.0402,2635
"2026-09-09 18:00:00","2026-09-10 09:00:00","CAPE","surface",-74.2559,20.0402,2691
"2026-09-09 18:00:00","2026-09-10 09:00:00","CAPE","surface",-74.232,20.0402,2691
"2026-09-09 18:00:00","2026-09-10 09:00:00","CAPE","surface",-74.208,20.0402,2695
"2026-09-09 18:00:00","2026-09-10 09:00:00","CAPE","surface",-74.1841,20.0402,2635
"2026-09-09 18:00:00","2026-09-10 09:00:00","CAPE","surface",-74.1602,20.0402,2708
"2026-09-09 18:00:00","2026-09-10 09:00:00","CAPE","surface",-74.1363,20.0402,2668
"2026-09-09 18:00:00","2026-09-10 09:00:00","CAPE","surface",-74.1123,20.0402,2749
"2026-09-09 18:00:00","2026-09-10 09:00:00","CAPE","surface",-74.0884,20.0402,2746
"2026-09-09 18:00:00","2026-09-10 09:00:00","CAPE","surface",-74.0645,20.0402,2600
"2026-09-09 18:00:00","2026-09-10 09:00:00","CAPE","surface",-74.0406,20.0402,2559
"2026-09-09 18:00:00","2026-09-10 09:00:00","CAPE","surface",-74.0166,20.0402,2387
"2026-09-09 18:00:00","2026-09-10 09:00:00","CAPE","surface",-73.9927,20.0402,2387
"2026-09-09 18:00:00","2026-09-10 09:00:00","CAPE","surface",-73.9688,20.0402,2322
"2026-09-09 18:00:00","2026-09-10 09:00:00","CAPE","surface",-73.9449,20.0402,2280
"2026-09-09 18:00:00","2026-09-10 09:00:00","CAPE","surface",-73.9209,20.0402,2522
"2026-09-09 18:00:00","2026-09-10 09:00:00","CAPE","surface",-73.897,20.0402,2497
"2026-09-09 18:00:00","2026-09-10 09:00:00","CAPE","surface",-73.8731,20.0402,2625
"2026-09-09 18:00:00","2026-09-10 09:00:00","CAPE","surface",-73.8492,20.0402,2625
"2026-09-09 18:00:00","2026-09-10 09:00:00","CAPE","surface",-73.8252,20.0402,2609
"2026-09-09 18:00:00","2026-09-10 09:00:00","CAPE","surface",-73.8013,20.0402,2578
"2026-09-09 18:00:00","2026-09-10 09:00:00","CAPE","surface",-73.7774,20.0402,2538
"2026-09-09 18:00:00","2026-09-10 09:00:00","CAPE","surface",-73.7535,20.0402,2511
"2026-09-09 18:00:00","2026-09-10 09:00:00","CAPE","surface",-73.7295,20.0402,2488
"2026-09-09 18:00:00","2026-09-10 09:00:00","CAPE","surface",-73.7056,20.0402,2459
"2026-09-09 18:00:00","2026-09-10 09:00:00","CAPE","surface",-73.6817,20.0402,2431
"2026-09-09 18:00:00","2026-09-10 09:00:00","CAPE","surface",-73.6578,20.0402,2409
"2026-09-09 18:00:00","2026-09-10 09:00:00","CAPE","surface",-73.6338,20.0402,2365
"2026-09-09 18:00:00","2026-09-10 09:00:00","CAPE","surface",-73.6099,20.0402,2365
"2026-09-09 18:00:00","2026-09-10 09:00:00","CAPE","surface",-73.586,20.0402,2334
"2026-09-09 18:00:00","2026-09-10 09:00:00","CAPE","surface",-73.5621,20.0402,2319
"2026-09-09 18:00:00","2026-09-10 09:00:00","CAPE","surface",-73.5381,20.0402,2319
"2026-09-09 18:00:00","2026-09-10 09:00:00","CAPE","surface",-73.5142,20.0402,2304
"2026-09-09 18:00:00","2026-09-10 09:00:00","CAPE","surface",-73.4903,20.0402,2304
"2026-09-09 18:00:00","2026-09-10 09:00:00","CAPE","surface",-73.4664,20.0402,2293
"2026-09-09 18:00:00","2026-09-10 09:00:00","CAPE","surface",-73.4424,20.0402,2289
"2026-09-09 18:00:00","2026-09-10 09:00:00","CAPE","surface",-73.4185,20.0402,2271
"2026-09-09 18:00:00","2026-09-10 09:00:00","CAPE","surface",-73.3946,20.0402,2256
"2026-09-09 18:00:00","2026-09-10 09:00:00","CAPE","surface",-73.3707,20.0402,2256
"2026-09-09 18:00:00","2026-09-10 09:00:00","CAPE","surface",-73.3467,20.0402,2234
"2026-09-09 18:00:00","2026-09-10 09:00:00","CAPE","surface",-73.3228,20.0402,2221
"2026-09-09 18:00:00","2026-09-10 09:00:00","CAPE","surface",-73.2989,20.0402,2207
"2026-09-09 18:00:00","2026-09-10 09:00:00","CAPE","surface",-73.275,20.0402,2195
"2026-09-09 18:00:00","2026-09-10 09:00:00","CAPE","surface",-73.251,20.0402,2173
"2026-09-09 18:00:00","2026-09-10 09:00:00","CAPE","surface",-73.2271,20.0402,2183
"2026-09-09 18:00:00","2026-09-10 09:00:00","CAPE","surface",-73.2032,20.0402,2155
"2026-09-09 18:00:00","2026-09-10 09:00:00","CAPE","surface",-73.1793,20.0402,2129
"2026-09-09 18:00:00","2026-09-10 09:00:00","CAPE","surface",-73.1553,20.0402,2081
"2026-09-09 18:00:00","2026-09-10 09:00:00","CAPE","surface",-73.1314,20.0402,2058
"2026-09-09 18:00:00","2026-09-10 09:00:00","CAPE","surface",-73.1075,20.0402,2058
"2026-09-09 18:00:00","2026-09-10 09:00:00","CAPE","surface",-73.0836,20.0402,2042
"2026-09-09 18:00:00","2026-09-10 09:00:00","CAPE","surface",-73.0596,20.0402,2008
"2026-09-09 18:00:00","2026-09-10 09:00:00","CAPE","surface",-73.0357,20.0402,1993
"2026-09-09 18:00:00","2026-09-10 09:00:00","CAPE","surface",-73.0118,20.0402,1935
"2026-09-09 18:00:00","2026-09-10 09:00:00","CAPE","surface",-72.9879,20.0402,2006
"2026-09-09 18:00:00","2026-09-10 09:00:00","CAPE","surface",-72.9639,20.0402,1957
"2026-09-09 18:00:00","2026-09-10 09:00:00","CAPE","surface",-72.94,20.0402,1896
"2026-09-09 18:00:00","2026-09-10 09:00:00","CAPE","surface",-72.9161,20.0402,1836
"2026-09-09 18:00:00","2026-09-10 09:00:00","CAPE","surface",-72.8922,20.0402,1860
"2026-09-09 18:00:00","2026-09-10 09:00:00","CAPE","surface",-72.8682,20.0402,1860
"2026-09-09 18:00:00","2026-09-10 09:00:00","CAPE","surface",-72.8443,20.0402,1540
"2026-09-09 18:00:00","2026-09-10 09:00:00","CAPE","surface",-72.8204,20.0402,1660
"2026-09-09 18:00:00","2026-09-10 09:00:00","CAPE","surface",-72.7965,20.0402,1528
"2026-09-09 18:00:00","2026-09-10 09:00:00","CAPE","surface",-72.7725,20.0402,1605
"2026-09-09 18:00:00","2026-09-10 09:00:00","CAPE","surface",-72.7486,20.0402,1531
"2026-09-09 18:00:00","2026-09-10 09:00:00","CAPE","surface",-72.7247,20.0402,1583
"2026-09-09 18:00:00","2026-09-10 09:00:00","CAPE","surface",-72.7008,20.0402,1762
"2026-09-09 18:00:00","2026-09-10 09:00:00","CAPE","surface",-72.6768,20.0402,1659
"2026-09-09 18:00:00","2026-09-10 09:00:00","CAPE","surface",-72.6529,20.0402,1881
"2026-09-09 18:00:00","2026-09-10 09:00:00","CAPE","surface",-72.629,20.0402,1881
"2026-09-09 18:00:00","2026-09-10 09:00:00","CAPE","surface",-72.6051,20.0402,1981
"2026-09-09 18:00:00","2026-09-10 09:00:00","CAPE","surface",-72.5811,20.0402,1964
"2026-09-09 18:00:00","2026-09-10 09:00:00","CAPE","surface",-72.5572,20.0402,1945
"2026-09-09 18:00:00","2026-09-10 09:00:00","CAPE","surface",-72.5333,20.0402,1998
"2026-09-09 18:00:00","2026-09-10 09:00:00","CAPE","surface",-72.5094,20.0402,1998
"2026-09-09 18:00:00","2026-09-10 09:00:00","CAPE","surface",-72.4854,20.0402,2026
"2026-09-09 18:00:00","2026-09-10 09:00:00","CAPE","surface",-72.4615,20.0402,1995
"2026-09-09 18:00:00","2026-09-10 09:00:00","CAPE","surface",-72.4376,20.0402,1973
"2026-09-09 18:00:00","2026-09-10 09:00:00","CAPE","surface",-72.4137,20.0402,1963
"2026-09-09 18:00:00","2026-09-10 09:00:00","CAPE","surface",-72.3897,20.0402,1981
"2026-09-09 18:00:00","2026-09-10 09:00:00","CAPE","surface",-72.3658,20.0402,1981
"2026-09-09 18:00:00","2026-09-10 09:00:00","CAPE","surface",-72.3419,20.0402,2044
"2026-09-09 18:00:00","2026-09-10 09:00:00","CAPE","surface",-72.318,20.0402,2025
"2026-09-09 18:00:00","2026-09-10 09:00:00","CAPE","surface",-72.294,20.0402,2157
"2026-09-09 18:00:00","2026-09-10 09:00:00","CAPE","surface",-72.2701,20.0402,2093
"2026-09-09 18:00:00","2026-09-10 09:00:00","CAPE","surface",-72.2462,20.0402,2216
"2026-09-09 18:00:00","2026-09-10 09:00:00","CAPE","surface",-72.2223,20.0402,2184
"2026-09-09 18:00:00","2026-09-10 09:00:00","CAPE","surface",-72.1983,20.0402,2242
"2026-09-09 18:00:00","2026-09-10 09:00:00","CAPE","surface",-72.1744,20.0402,2242
"2026-09-09 18:00:00","2026-09-10 09:00:00","CAPE","surface",-72.1505,20.0402,2258
"2026-09-09 18:00:00","2026-09-10 09:00:00","CAPE","surface",-72.1266,20.0402,2225
"2026-09-09 18:00:00","2026-09-10 09:00:00","CAPE","surface",-72.1026,20.0402,2258
"2026-09-09 18:00:00","2026-09-10 09:00:00","CAPE","surface",-72.0787,20.0402,2233
"2026-09-09 18:00:00","2026-09-10 09:00:00","CAPE","surface",-72.0548,20.0402,2241
"2026-09-09 18:00:00","2026-09-10 09:00:00","CAPE","surface",-72.0309,20.0402,2206
"2026-09-09 18:00:00","2026-09-10 09:00:00","CAPE","surface",-72.0069,20.0402,2193
"2026-09-09 18:00:00","2026-09-10 09:00:00","CAPE","surface",-71.983,20.0402,2212
"2026-09-09 18:00:00","2026-09-10 09:00:00","CAPE","surface",-71.9591,20.0402,2199
"2026-09-09 18:00:00","2026-09-10 09:00:00","CAPE","surface",-71.9352,20.0402,2211
"2026-09-09 18:00:00","2026-09-10 09:00:00","CAPE","surface",-71.9112,20.0402,2204
"2026-09-09 18:00:00","2026-09-10 09:00:00","CAPE","surface",-71.8873,20.0402,2180
"2026-09-09 18:00:00","2026-09-10 09:00:00","CAPE","surface",-71.8634,20.0402,2169
"2026-09-09 18:00:00","2026-09-10 09:00:00","CAPE","surface",-71.8395,20.0402,2064
"2026-09-09 18:00:00","2026-09-10 09:00:00","CAPE","surface",-71.8155,20.0402,2064
"2026-09-09 18:00:00","2026-09-10 09:00:00","CAPE","surface",-71.7916,20.0402,1950
"2026-09-09 18:00:00","2026-09-10 09:00:00","CAPE","surface",-71.7677,20.0402,1960
"2026-09-09 18:00:00","2026-09-10 09:00:00","CAPE","surface",-71.7438,20.0402,1898
"2026-09-09 18:00:00","2026-09-10 09:00:00","CAPE","surface",-71.7198,20.0402,1898
"2026-09-09 18:00:00","2026-09-10 09:00:00","CAPE","surface",-71.6959,20.0402,1908
"2026-09-09 18:00:00","2026-09-10 09:00:00","CAPE","surface",-71.672,20.0402,1889
"2026-09-09 18:00:00","2026-09-10 09:00:00","CAPE","surface",-71.6481,20.0402,1919
"2026-09-09 18:00:00","2026-09-10 09:00:00","CAPE","surface",-71.6241,20.0402,1896
"2026-09-09 18:00:00","2026-09-10 09:00:00","CAPE","surface",-71.6002,20.0402,2007
"2026-09-09 18:00:00","2026-09-10 09:00:00","CAPE","surface",-71.5763,20.0402,1953
"2026-09-09 18:00:00","2026-09-10 09:00:00","CAPE","surface",-71.5524,20.0402,2019
"2026-09-09 18:00:00","2026-09-10 09:00:00","CAPE","surface",-71.5284,20.0402,1995
"2026-09-09 18:00:00","2026-09-10 09:00:00","CAPE","surface",-71.5045,20.0402,2036
"2026-09-09 18:00:00","2026-09-10 09:00:00","CAPE","surface",-71.4806,20.0402,2071
"2026-09-09 18:00:00","2026-09-10 09:00:00","CAPE","surface",-71.4567,20.0402,2031
"2026-09-09 18:00:00","2026-09-10 09:00:00","CAPE","surface",-71.4327,20.0402,2037
"2026-09-09 18:00:00","2026-09-10 09:00:00","CAPE","surface",-71.4088,20.0402,2020
"2026-09-09 18:00:00","2026-09-10 09:00:00","CAPE","surface",-71.3849,20.0402,2102
"2026-09-09 18:00:00","2026-09-10 09:00:00","CAPE","surface",-71.361,20.0402,2102
"2026-09-09 18:00:00","2026-09-10 09:00:00","CAPE","surface",-71.337,20.0402,2233
"2026-09-09 18:00:00","2026-09-10 09:00:00","CAPE","surface",-71.3131,20.0402,2163
"2026-09-09 18:00:00","2026-09-10 09:00:00","CAPE","surface",-71.2892,20.0402,2290
"2026-09-09 18:00:00","2026-09-10 09:00:00","CAPE","surface",-71.2653,20.0402,2290
"2026-09-09 18:00:00","2026-09-10 09:00:00","CAPE","surface",-71.2413,20.0402,2429
"2026-09-09 18:00:00","2026-09-10 09:00:00","CAPE","surface",-71.2174,20.0402,2299
"2026-09-09 18:00:00","2026-09-10 09:00:00","CAPE","surface",-71.1935,20.0402,2463
"2026-09-09 18:00:00","2026-09-10 09:00:00","CAPE","surface",-71.1696,20.0402,2346
"2026-09-09 18:00:00","2026-09-10 09:00:00","CAPE","surface",-71.1456,20.0402,2637
"2026-09-09 18:00:00","2026-09-10 09:00:00","CAPE","surface",-71.1217,20.0402,2531
"2026-09-09 18:00:00","2026-09-10 09:00:00","CAPE","surface",-71.0978,20.0402,2703
"2026-09-09 18:00:00","2026-09-10 09:00:00","CAPE","surface",-71.0739,20.0402,2809
"2026-09-09 18:00:00","2026-09-10 09:00:00","CAPE","surface",-71.0499,20.0402,2809
"2026-09-09 18:00:00","2026-09-10 09:00:00","CAPE","surface",-71.026,20.0402,2813
"2026-09-09 18:00:00","2026-09-10 09:00:00","CAPE","surface",-71.0021,20.0402,2810
"2026-09-09 18:00:00","2026-09-10 09:00:00","CAPE","surface",-70.9782,20.0402,2883
"2026-09-09 18:00:00","2026-09-10 09:00:00","CAPE","surface",-70.9542,20.0402,2843
"2026-09-09 18:00:00","2026-09-10 09:00:00","CAPE","surface",-70.9303,20.0402,2992
"2026-09-09 18:00:00","2026-09-10 09:00:00","CAPE","surface",-70.9064,20.0402,3006
"2026-09-09 18:00:00","2026-09-10 09:00:00","CAPE","surface",-70.8825,20.0402,2930
"2026-09-09 18:00:00","2026-09-10 09:00:00","CAPE","surface",-70.8585,20.0402,2983
"2026-09-09 18:00:00","2026-09-10 09:00:00","CAPE","surface",-70.8346,20.0402,2694
"2026-09-09 18:00:00","2026-09-10 09:00:00","CAPE","surface",-70.8107,20.0402,2694
"2026-09-09 18:00:00","2026-09-10 09:00:00","CAPE","surface",-70.7868,20.0402,2618
"2026-09-09 18:00:00","2026-09-10 09:00:00","CAPE","surface",-70.7628,20.0402,2750
"2026-09-09 18:00:00","2026-09-10 09:00:00","CAPE","surface",-70.7389,20.0402,2754
"2026-09-09 18:00:00","2026-09-10 09:00:00","CAPE","surface",-70.715,20.0402,2719
"2026-09-09 18:00:00","2026-09-10 09:00:00","CAPE","surface",-70.6911,20.0402,2613
"2026-09-09 18:00:00","2026-09-10 09:00:00","CAPE","surface",-70.6671,20.0402,2014
"2026-09-09 18:00:00","2026-09-10 09:00:00","CAPE","surface",-70.6432,20.0402,1780
"2026-09-09 18:00:00","2026-09-10 09:00:00","CAPE","surface",-70.6193,20.0402,1818
"2026-09-09 18:00:00","2026-09-10 09:00:00","CAPE","surface",-70.5954,20.0402,1818
"2026-09-09 18:00:00","2026-09-10 09:00:00","CAPE","surface",-70.5714,20.0402,2024
"2026-09-09 18:00:00","2026-09-10 09:00:00","CAPE","surface",-70.5475,20.0402,2132
"2026-09-09 18:00:00","2026-09-10 09:00:00","CAPE","surface",-70.5236,20.0402,2460
"2026-09-09 18:00:00","2026-09-10 09:00:00","CAPE","surface",-70.4997,20.0402,2460
"2026-09-09 18:00:00","2026-09-10 09:00:00","CAPE","surface",-70.4757,20.0402,2829
"2026-09-09 18:00:00","2026-09-10 09:00:00","CAPE","surface",-70.4518,20.0402,3052
"2026-09-09 18:00:00","2026-09-10 09:00:00","CAPE","surface",-70.4279,20.0402,3157
"2026-09-09 18:00:00","2026-09-10 09:00:00","CAPE","surface",-70.404,20.0402,2952
"2026-09-09 18:00:00","2026-09-10 09:00:00","CAPE","surface",-70.38,20.0402,2791
"2026-09-09 18:00:00","2026-09-10 09:00:00","CAPE","surface",-70.3561,20.0402,2664
"2026-09-09 18:00:00","2026-09-10 09:00:00","CAPE","surface",-70.3322,20.0402,2668
"2026-09-09 18:00:00","2026-09-10 09:00:00","CAPE","surface",-70.3083,20.0402,2489
"2026-09-09 18:00:00","2026-09-10 09:00:00","CAPE","surface",-70.2843,20.0402,2489
"2026-09-09 18:00:00","2026-09-10 09:00:00","CAPE","surface",-70.2604,20.0402,2530
"2026-09-09 18:00:00","2026-09-10 09:00:00","CAPE","surface",-70.2365,20.0402,2635
"2026-09-09 18:00:00","2026-09-10 09:00:00","CAPE","surface",-70.2126,20.0402,2779
"2026-09-09 18:00:00","2026-09-10 09:00:00","CAPE","surface",-70.1886,20.0402,2809
"2026-09-09 18:00:00","2026-09-10 09:00:00","CAPE","surface",-70.1647,20.0402,2806
"2026-09-09 18:00:00","2026-09-10 09:00:00","CAPE","surface",-70.1408,20.0402,2806
"2026-09-09 18:00:00","2026-09-10 09:00:00","CAPE","surface",-70.1169,20.0402,2832
"2026-09-09 18:00:00","2026-09-10 09:00:00","CAPE","surface",-70.0929,20.0402,2783
"2026-09-09 18:00:00","2026-09-10 09:00:00","CAPE","surface",-70.069,20.0402,2809
"2026-09-09 18:00:00","2026-09-10 09:00:00","CAPE","surface",-70.0451,20.0402,2700
"2026-09-09 18:00:00","2026-09-10 09:00:00","CAPE","surface",-70.0212,20.0402,2661
"2026-09-09 18:00:00","2026-09-10 09:00:00","CAPE","surface",-69.9972,20.0402,2703
"2026-09-09 18:00:00","2026-09-10 09:00:00","CAPE","surface",-69.9733,20.0402,2703
"2026-09-09 18:00:00","2026-09-10 09:00:00","CAPE","surface",-69.9494,20.0402,2976
"2026-09-09 18:00:00","2026-09-10 09:00:00","CAPE","surface",-69.9255,20.0402,3121
"2026-09-09 18:00:00","2026-09-10 09:00:00","CAPE","surface",-69.9015,20.0402,3225
"2026-09-09 18:00:00","2026-09-10 09:00:00","CAPE","surface",-69.8776,20.0402,3234
"2026-09-09 18:00:00","2026-09-10 09:00:00","CAPE","surface",-69.8537,20.0402,3032
"2026-09-09 18:00:00","2026-09-10 09:00:00","CAPE","surface",-69.8298,20.0402,2970
"2026-09-09 18:00:00","2026-09-10 09:00:00","CAPE","surface",-69.8058,20.0402,2918
"2026-09-09 18:00:00","2026-09-10 09:00:00","CAPE","surface",-69.7819,20.0402,2896
"2026-09-09 18:00:00","2026-09-10 09:00:00","CAPE","surface",-69.758,20.0402,2896
"2026-09-09 18:00:00","2026-09-10 09:00:00","CAPE","surface",-69.7341,20.0402,2872
"2026-09-09 18:00:00","2026-09-10 09:00:00","CAPE","surface",-69.7101,20.0402,2914
"2026-09-09 18:00:00","2026-09-10 09:00:00","CAPE","surface",-69.6862,20.0402,2770
"2026-09-09 18:00:00","2026-09-10 09:00:00","CAPE","surface",-69.6623,20.0402,2747
"2026-09-09 18:00:00","2026-09-10 09:00:00","CAPE","surface",-69.6384,20.0402,2638
"2026-09-09 18:00:00","2026-09-10 09:00:00","CAPE","surface",-69.6144,20.0402,2641
"2026-09-09 18:00:00","2026-09-10 09:00:00","CAPE","surface",-69.5905,20.0402,2586
"2026-09-09 18:00:00","2026-09-10 09:00:00","CAPE","surface",-69.5666,20.0402,2607
"2026-09-09 18:00:00","2026-09-10 09:00:00","CAPE","surface",-69.5427,20.0402,2618
"2026-09-09 18:00:00","2026-09-10 09:00:00","CAPE","surface",-69.5187,20.0402,2681
"2026-09-09 18:00:00","2026-09-10 09:00:00","CAPE","surface",-69.4948,20.0402,2911
"2026-09-09 18:00:00","2026-09-10 09:00:00","CAPE","surface",-69.4709,20.0402,3079
"2026-09-09 18:00:00","2026-09-10 09:00:00","CAPE","surface",-69.447,20.0402,3079
"2026-09-09 18:00:00","2026-09-10 09:00:00","CAPE","surface",-69.423,20.0402,3131
"2026-09-09 18:00:00","2026-09-10 09:00:00","CAPE","surface",-69.3991,20.0402,2993
"2026-09-09 18:00:00","2026-09-10 09:00:00","CAPE","surface",-69.3752,20.0402,2965
"2026-09-09 18:00:00","2026-09-10 09:00:00","CAPE","surface",-69.3513,20.0402,2965
"2026-09-09 18:00:00","2026-09-10 09:00:00","CAPE","surface",-69.3273,20.0402,3213
"2026-09-09 18:00:00","2026-09-10 09:00:00","CAPE","surface",-69.3034,20.0402,2884
"2026-09-09 18:00:00","2026-09-10 09:00:00","CAPE","surface",-69.2795,20.0402,2786
"2026-09-09 18:00:00","2026-09-10 09:00:00","CAPE","surface",-69.2556,20.0402,2734
"2026-09-09 18:00:00","2026-09-10 09:00:00","CAPE","surface",-69.2316,20.0402,2881
"2026-09-09 18:00:00","2026-09-10 09:00:00","CAPE","surface",-69.2077,20.0402,3131
"2026-09-09 18:00:00","2026-09-10 09:00:00","CAPE","surface",-69.1838,20.0402,3149
"2026-09-09 18:00:00","2026-09-10 09:00:00","CAPE","surface",-69.1599,20.0402,3244
"2026-09-09 18:00:00","2026-09-10 09:00:00","CAPE","surface",-69.1359,20.0402,3244
"2026-09-09 18:00:00","2026-09-10 09:00:00","CAPE","surface",-69.112,20.0402,3221
"2026-09-09 18:00:00","2026-09-10 09:00:00","CAPE","surface",-69.0881,20.0402,3342
"2026-09-09 18:00:00","2026-09-10 09:00:00","CAPE","surface",-69.0642,20.0402,3118
"2026-09-09 18:00:00","2026-09-10 09:00:00","CAPE","surface",-69.0402,20.0402,3118
"2026-09-09 18:00:00","2026-09-10 09:00:00","CAPE","surface",-69.0163,20.0402,3090
"2026-09-09 18:00:00","2026-09-10 09:00:00","CAPE","surface",-68.9924,20.0402,3028
"2026-09-09 18:00:00","2026-09-10 09:00:00","CAPE","surface",-68.9685,20.0402,2977
"2026-09-09 18:00:00","2026-09-10 09:00:00","CAPE","surface",-68.9445,20.0402,2991
"2026-09-09 18:00:00","2026-09-10 09:00:00","CAPE","surface",-68.9206,20.0402,2970
"2026-09-09 18:00:00","2026-09-10 09:00:00","CAPE","surface",-68.8967,20.0402,2968
"2026-09-09 18:00:00","2026-09-10 09:00:00","CAPE","surface",-68.8728,20.0402,3007
"2026-09-09 18:00:00","2026-09-10 09:00:00","CAPE","surface",-68.8488,20.0402,2976
"2026-09-09 18:00:00","2026-09-10 09:00:00","CAPE","surface",-68.8249,20.0402,2976
"2026-09-09 18:00:00","2026-09-10 09:00:00","CAPE","surface",-68.801,20.0402,2927
"2026-09-09 18:00:00","2026-09-10 09:00:00","CAPE","surface",-68.7771,20.0402,2952
"2026-09-09 18:00:00","2026-09-10 09:00:00","CAPE","surface",-68.7531,20.0402,2877
"2026-09-09 18:00:00","2026-09-10 09:00:00","CAPE","surface",-68.7292,20.0402,2790
"2026-09-09 18:00:00","2026-09-10 09:00:00","CAPE","surface",-68.7053,20.0402,2841
"2026-09-09 18:00:00","2026-09-10 09:00:00","CAPE","surface",-68.6813,20.0402,2912
"2026-09-09 18:00:00","2026-09-10 09:00:00","CAPE","surface",-68.6574,20.0402,2957
"2026-09-09 18:00:00","2026-09-10 09:00:00","CAPE","surface",-68.6335,20.0402,2907
"2026-09-09 18:00:00","2026-09-10 09:00:00","CAPE","surface",-68.6096,20.0402,2945
"2026-09-09 18:00:00","2026-09-10 09:00:00","CAPE","surface",-68.5856,20.0402,2915
"2026-09-09 18:00:00","2026-09-10 09:00:00","CAPE","surface",-68.5617,20.0402,2913
"2026-09-09 18:00:00","2026-09-10 09:00:00","CAPE","surface",-68.5378,20.0402,2852
"2026-09-09 18:00:00","2026-09-10 09:00:00","CAPE","surface",-68.5139,20.0402,2833
"2026-09-09 18:00:00","2026-09-10 09:00:00","CAPE","surface",-68.4899,20.0402,2821
"2026-09-09 18:00:00","2026-09-10 09:00:00","CAPE","surface",-68.466,20.0402,2813
"2026-09-09 18:00:00","2026-09-10 09:00:00","CAPE","surface",-68.4421,20.0402,2813
"2026-09-09 18:00:00","2026-09-10 09:00:00","CAPE","surface",-68.4182,20.0402,2897
"2026-09-09 18:00:00","2026-09-10 09:00:00","CAPE","surface",-68.3942,20.0402,2856
"2026-09-09 18:00:00","2026-09-10 09:00:00","CAPE","surface",-68.3703,20.0402,2964
"2026-09-09 18:00:00","2026-09-10 09:00:00","CAPE","surface",-68.3464,20.0402,2964
"2026-09-09 18:00:00","2026-09-10 09:00:00","CAPE","surface",-68.3225,20.0402,3014
"2026-09-09 18:00:00","2026-09-10 09:00:00","CAPE","surface",-68.2985,20.0402,3012
"2026-09-09 18:00:00","2026-09-10 09:00:00","CAPE","surface",-68.2746,20.0402,3029
"2026-09-09 18:00:00","2026-09-10 09:00:00","CAPE","surface",-68.2507,20.0402,3102
"2026-09-09 18:00:00","2026-09-10 09:00:00","CAPE","surface",-68.2268,20.0402,3102
"2026-09-09 18:00:00","2026-09-10 09:00:00","CAPE","surface",-68.2028,20.0402,3240
"2026-09-09 18:00:00","2026-09-10 09:00:00","CAPE","surface",-68.1789,20.0402,3419
"2026-09-09 18:00:00","2026-09-10 09:00:00","CAPE","surface",-68.155,20.0402,3364
"2026-09-09 18:00:00","2026-09-10 09:00:00","CAPE","surface",-68.1311,20.0402,3364
"2026-09-09 18:00:00","2026-09-10 09:00:00","CAPE","surface",-68.1071,20.0402,2902
"2026-09-09 18:00:00","2026-09-10 09:00:00","CAPE","surface",-68.0832,20.0402,2896
"2026-09-09 18:00:00","2026-09-10 09:00:00","CAPE","surface",-68.0593,20.0402,2825
"2026-09-09 18:00:00","2026-09-10 09:00:00","CAPE","surface",-68.0354,20.0402,2799
"2026-09-09 18:00:00","2026-09-10 09:00:00","CAPE","surface",-68.0114,20.0402,2874
"2026-09-09 18:00:00","2026-09-10 09:00:00","CAPE","surface",-67.9875,20.0402,2852
"2026-09-09 18:00:00","2026-09-10 09:00:00","CAPE","surface",-67.9636,20.0402,2855
"2026-09-09 18:00:00","2026-09-10 09:00:00","CAPE","surface",-67.9397,20.0402,2855
"2026-09-09 18:00:00","2026-09-10 09:00:00","CAPE","surface",-67.9157,20.0402,2862
"2026-09-09 18:00:00","2026-09-10 09:00:00","CAPE","surface",-67.8918,20.0402,2901
"2026-09-09 18:00:00","2026-09-10 09:00:00","CAPE","surface",-67.8679,20.0402,2886
"2026-09-09 18:00:00","2026-09-10 09:00:00","CAPE","surface",-67.844,20.0402,2949
"2026-09-09 18:00:00","2026-09-10 09:00:00","CAPE","surface",-67.82,20.0402,3087
"2026-09-09 18:00:00","2026-09-10 09:00:00","CAPE","surface",-67.7961,20.0402,3047
"2026-09-09 18:00:00","2026-09-10 09:00:00","CAPE","surface",-67.7722,20.0402,3155
"2026-09-09 18:00:00","2026-09-10 09:00:00","CAPE","surface",-67.7483,20.0402,3155
"2026-09-09 18:00:00","2026-09-10 09:00:00","CAPE","surface",-67.7243,20.0402,3218
"2026-09-09 18:00:00","2026-09-10 09:00:00","CAPE","surface",-67.7004,20.0402,3086
"2026-09-09 18:00:00","2026-09-10 09:00:00","CAPE","surface",-67.6765,20.0402,3101
"2026-09-09 18:00:00","2026-09-10 09:00:00","CAPE","surface",-67.6526,20.0402,3101
"2026-09-09 18:00:00","2026-09-10 09:00:00","CAPE","surface",-67.6286,20.0402,3104
"2026-09-09 18:00:00","2026-09-10 09:00:00","CAPE","surface",-67.6047,20.0402,3052
"2026-09-09 18:00:00","2026-09-10 09:00:00","CAPE","surface",-67.5808,20.0402,3013
"2026-09-09 18:00:00","2026-09-10 09:00:00","CAPE","surface",-67.5569,20.0402,2944
"2026-09-09 18:00:00","2026-09-10 09:00:00","CAPE","surface",-67.5329,20.0402,2928
"2026-09-09 18:00:00","2026-09-10 09:00:00","CAPE","surface",-67.509,20.0402,2959
"2026-09-09 18:00:00","2026-09-10 09:00:00","CAPE","surface",-67.4851,20.0402,2980
"2026-09-09 18:00:00","2026-09-10 09:00:00","CAPE","surface",-67.4612,20.0402,3115
"2026-09-09 18:00:00","2026-09-10 09:00:00","CAPE","surface",-67.4372,20.0402,3125
"2026-09-09 18:00:00","2026-09-10 09:00:00","CAPE","surface",-67.4133,20.0402,3276
"2026-09-09 18:00:00","2026-09-10 09:00:00","CAPE","surface",-67.3894,20.0402,3317
"2026-09-09 18:00:00","2026-09-10 09:00:00","CAPE","surface",-67.3655,20.0402,3317
"2026-09-09 18:00:00","2026-09-10 09:00:00","CAPE","surface",-67.3415,20.0402,3348
"2026-09-09 18:00:00","2026-09-10 09:00:00","CAPE","surface",-67.3176,20.0402,3226
"2026-09-09 18:00:00","2026-09-10 09:00:00","CAPE","surface",-67.2937,20.0402,3151
"2026-09-09 18:00:00","2026-09-10 09:00:00","CAPE","surface",-67.2698,20.0402,3151
"2026-09-09 18:00:00","2026-09-10 09:00:00","CAPE","surface",-67.2458,20.0402,3098
"2026-09-09 18:00:00","2026-09-10 09:00:00","CAPE","surface",-67.2219,20.0402,3147
"2026-09-09 18:00:00","2026-09-10 09:00:00","CAPE","surface",-67.198,20.0402,3127
"2026-09-09 18:00:00","2026-09-10 09:00:00","CAPE","surface",-67.1741,20.0402,3198
"2026-09-09 18:00:00","2026-09-10 09:00:00","CAPE","surface",-67.1501,20.0402,3184
"2026-09-09 18:00:00","2026-09-10 09:00:00","CAPE","surface",-67.1262,20.0402,3121
"2026-09-09 18:00:00","2026-09-10 09:00:00","CAPE","surface",-67.1023,20.0402,3016
"2026-09-09 18:00:00","2026-09-10 09:00:00","CAPE","surface",-67.0784,20.0402,3023
"2026-09-09 18:00:00","2026-09-10 09:00:00","CAPE","surface",-67.0544,20.0402,2956
"2026-09-09 18:00:00","2026-09-10 09:00:00","CAPE","surface",-67.0305,20.0402,3037
"2026-09-09 18:00:00","2026-09-10 09:00:00","CAPE","surface",-67.0066,20.0402,3138
"2026-09-09 18:00:00","2026-09-10 09:00:00","CAPE","surface",-74.7822,20.0627,1565
"2026-09-09 18:00:00","2026-09-10 09:00:00","CAPE","surface",-74.7583,20.0627,1718
"2026-09-09 18:00:00","2026-09-10 09:00:00","CAPE","surface",-74.7344,20.0627,1842
"2026-09-09 18:00:00","2026-09-10 09:00:00","CAPE","surface",-74.7105,20.0627,1806
"2026-09-09 18:00:00","2026-09-10 09:00:00","CAPE","surface",-74.6865,20.0627,1898
"2026-09-09 18:00:00","2026-09-10 09:00:00","CAPE","surface",-74.6626,20.0627,1977
"2026-09-09 18:00:00","2026-09-10 09:00:00","CAPE","surface",-74.6387,20.0627,2096
"2026-09-09 18:00:00","2026-09-10 09:00:00","CAPE","surface",-74.6148,20.0627,2171
"2026-09-09 18:00:00","2026-09-10 09:00:00","CAPE","surface",-74.5908,20.0627,2428
"2026-09-09 18:00:00","2026-09-10 09:00:00","CAPE","surface",-74.5669,20.0627,2330
"2026-09-09 18:00:00","2026-09-10 09:00:00","CAPE","surface",-74.543,20.0627,2442
"2026-09-09 18:00:00","2026-09-10 09:00:00","CAPE","surface",-74.5191,20.0627,2383
"2026-09-09 18:00:00","2026-09-10 09:00:00","CAPE","surface",-74.4951,20.0627,2629
"2026-09-09 18:00:00","2026-09-10 09:00:00","CAPE","surface",-74.4712,20.0627,2787
"2026-09-09 18:00:00","2026-09-10 09:00:00","CAPE","surface",-74.4473,20.0627,2787
"2026-09-09 18:00:00","2026-09-10 09:00:00","CAPE","surface",-74.4234,20.0627,2855
"2026-09-09 18:00:00","2026-09-10 09:00:00","CAPE","surface",-74.3994,20.0627,2760
"2026-09-09 18:00:00","2026-09-10 09:00:00","CAPE","surface",-74.3755,20.0627,2646
"2026-09-09 18:00:00","2026-09-10 09:00:00","CAPE","surface",-74.3516,20.0627,2642
"2026-09-09 18:00:00","2026-09-10 09:00:00","CAPE","surface",-74.3277,20.0627,2707
"2026-09-09 18:00:00","2026-09-10 09:00:00","CAPE","surface",-74.3037,20.0627,2707
"2026-09-09 18:00:00","2026-09-10 09:00:00","CAPE","surface",-74.2798,20.0627,2512
"2026-09-09 18:00:00","2026-09-10 09:00:00","CAPE","surface",-74.2559,20.0627,2700
"2026-09-09 18:00:00","2026-09-10 09:00:00","CAPE","surface",-74.232,20.0627,2728
"2026-09-09 18:00:00","2026-09-10 09:00:00","CAPE","surface",-74.208,20.0627,2695
"2026-09-09 18:00:00","2026-09-10 09:00:00","CAPE","surface",-74.1841,20.0627,2753
"2026-09-09 18:00:00","2026-09-10 09:00:00","CAPE","surface",-74.1602,20.0627,2739
"2026-09-09 18:00:00","2026-09-10 09:00:00","CAPE","surface",-74.1363,20.0627,2715
"2026-09-09 18:00:00","2026-09-10 09:00:00","CAPE","surface",-74.1123,20.0627,2749
"2026-09-09 18:00:00","2026-09-10 09:00:00","CAPE","surface",-74.0884,20.0627,2598
"2026-09-09 18:00:00","2026-09-10 09:00:00","CAPE","surface",-74.0645,20.0627,2598
"2026-09-09 18:00:00","2026-09-10 09:00:00","CAPE","surface",-74.0406,20.0627,2410
"2026-09-09 18:00:00","2026-09-10 09:00:00","CAPE","surface",-74.0166,20.0627,2365
"2026-09-09 18:00:00","2026-09-10 09:00:00","CAPE","surface",-73.9927,20.0627,2347
"2026-09-09 18:00:00","2026-09-10 09:00:00","CAPE","surface",-73.9688,20.0627,2542
"2026-09-09 18:00:00","2026-09-10 09:00:00","CAPE","surface",-73.9449,20.0627,2533
"2026-09-09 18:00:00","2026-09-10 09:00:00","CAPE","surface",-73.9209,20.0627,2734
"2026-09-09 18:00:00","2026-09-10 09:00:00","CAPE","surface",-73.897,20.0627,2709
"2026-09-09 18:00:00","2026-09-10 09:00:00","CAPE","surface",-73.8731,20.0627,2664
"2026-09-09 18:00:00","2026-09-10 09:00:00","CAPE","surface",-73.8492,20.0627,2632
"2026-09-09 18:00:00","2026-09-10 09:00:00","CAPE","surface",-73.8252,20.0627,2588
"2026-09-09 18:00:00","2026-09-10 09:00:00","CAPE","surface",-73.8013,20.0627,2588
"2026-09-09 18:00:00","2026-09-10 09:00:00","CAPE","surface",-73.7774,20.0627,2507
"2026-09-09 18:00:00","2026-09-10 09:00:00","CAPE","surface",-73.7535,20.0627,2495
"2026-09-09 18:00:00","2026-09-10 09:00:00","CAPE","surface",-73.7295,20.0627,2446
"2026-09-09 18:00:00","2026-09-10 09:00:00","CAPE","surface",-73.7056,20.0627,2445
"2026-09-09 18:00:00","2026-09-10 09:00:00","CAPE","surface",-73.6817,20.0627,2412
"2026-09-09 18:00:00","2026-09-10 09:00:00","CAPE","surface",-73.6578,20.0627,2414
"2026-09-09 18:00:00","2026-09-10 09:00:00","CAPE","surface",-73.6338,20.0627,2372
"2026-09-09 18:00:00","2026-09-10 09:00:00","CAPE","surface",-73.6099,20.0627,2368
"2026-09-09 18:00:00","2026-09-10 09:00:00","CAPE","surface",-73.586,20.0627,2341
"2026-09-09 18:00:00","2026-09-10 09:00:00","CAPE","surface",-73.5621,20.0627,2341
"2026-09-09 18:00:00","2026-09-10 09:00:00","CAPE","surface",-73.5381,20.0627,2304
"2026-09-09 18:00:00","2026-09-10 09:00:00","CAPE","surface",-73.5142,20.0627,2301
"2026-09-09 18:00:00","2026-09-10 09:00:00","CAPE","surface",-73.4903,20.0627,2291
"2026-09-09 18:00:00","2026-09-10 09:00:00","CAPE","surface",-73.4664,20.0627,2296
"2026-09-09 18:00:00","2026-09-10 09:00:00","CAPE","surface",-73.4424,20.0627,2278
"2026-09-09 18:00:00","2026-09-10 09:00:00","CAPE","surface",-73.4185,20.0627,2278
"2026-09-09 18:00:00","2026-09-10 09:00:00","CAPE","surface",-73.3946,20.0627,2243
"2026-09-09 18:00:00","2026-09-10 09:00:00","CAPE","surface",-73.3707,20.0627,2242
"2026-09-09 18:00:00","2026-09-10 09:00:00","CAPE","surface",-73.3467,20.0627,2227
"2026-09-09 18:00:00","2026-09-10 09:00:00","CAPE","surface",-73.3228,20.0627,2221
"2026-09-09 18:00:00","2026-09-10 09:00:00","CAPE","surface",-73.2989,20.0627,2204
"2026-09-09 18:00:00","2026-09-10 09:00:00","CAPE","surface",-73.275,20.0627,2208
"2026-09-09 18:00:00","2026-09-10 09:00:00","CAPE","surface",-73.251,20.0627,2196
"2026-09-09 18:00:00","2026-09-10 09:00:00","CAPE","surface",-73.2271,20.0627,2183
"2026-09-09 18:00:00","2026-09-10 09:00:00","CAPE","surface",-73.2032,20.0627,2168
"2026-09-09 18:00:00","2026-09-10 09:00:00","CAPE","surface",-73.1793,20.0627,2168
"2026-09-09 18:00:00","2026-09-10 09:00:00","CAPE","surface",-73.1553,20.0627,2146
"2026-09-09 18:00:00","2026-09-10 09:00:00","CAPE","surface",-73.1314,20.0627,2108
"2026-09-09 18:00:00","2026-09-10 09:00:00","CAPE","surface",-73.1075,20.0627,2076
"2026-09-09 18:00:00","2026-09-10 09:00:00","CAPE","surface",-73.0836,20.0627,2042
"2026-09-09 18:00:00","2026-09-10 09:00:00","CAPE","surface",-73.0596,20.0627,2051
"2026-09-09 18:00:00","2026-09-10 09:00:00","CAPE","surface",-73.0357,20.0627,2024
"2026-09-09 18:00:00","2026-09-10 09:00:00","CAPE","surface",-73.0118,20.0627,2033
"2026-09-09 18:00:00","2026-09-10 09:00:00","CAPE","surface",-72.9879,20.0627,2006
"2026-09-09 18:00:00","2026-09-10 09:00:00","CAPE","surface",-72.9639,20.0627,1950
"2026-09-09 18:00:00","2026-09-10 09:00:00","CAPE","surface",-72.94,20.0627,1950
"2026-09-09 18:00:00","2026-09-10 09:00:00","CAPE","surface",-72.9161,20.0627,1819
"2026-09-09 18:00:00","2026-09-10 09:00:00","CAPE","surface",-72.8922,20.0627,1709
"2026-09-09 18:00:00","2026-09-10 09:00:00","CAPE","surface",-72.8682,20.0627,1537
"2026-09-09 18:00:00","2026-09-10 09:00:00","CAPE","surface",-72.8443,20.0627,1484
"2026-09-09 18:00:00","2026-09-10 09:00:00","CAPE","surface",-72.8204,20.0627,1484
"2026-09-09 18:00:00","2026-09-10 09:00:00","CAPE","surface",-72.7965,20.0627,1515
"2026-09-09 18:00:00","2026-09-10 09:00:00","CAPE","surface",-72.7725,20.0627,1514
"2026-09-09 18:00:00","2026-09-10 09:00:00","CAPE","surface",-72.7486,20.0627,1920
"2026-09-09 18:00:00","2026-09-10 09:00:00","CAPE","surface",-72.7247,20.0627,1849
"2026-09-09 18:00:00","2026-09-10 09:00:00","CAPE","surface",-72.7008,20.0627,2011
"2026-09-09 18:00:00","2026-09-10 09:00:00","CAPE","surface",-72.6768,20.0627,1966
"2026-09-09 18:00:00","2026-09-10 09:00:00","CAPE","surface",-72.6529,20.0627,2062
"2026-09-09 18:00:00","2026-09-10 09:00:00","CAPE","surface",-72.629,20.0627,2024
"2026-09-09 18:00:00","2026-09-10 09:00:00","CAPE","surface",-72.6051,20.0627,2040
"2026-09-09 18:00:00","2026-09-10 09:00:00","CAPE","surface",-72.5811,20.0627,2040
"2026-09-09 18:00:00","2026-09-10 09:00:00","CAPE","surface",-72.5572,20.0627,2084
"2026-09-09 18:00:00","2026-09-10 09:00:00","CAPE","surface",-72.5333,20.0627,2056
"2026-09-09 18:00:00","2026-09-10 09:00:00","CAPE","surface",-72.5094,20.0627,2056
"2026-09-09 18:00:00","2026-09-10 09:00:00","CAPE","surface",-72.4854,20.0627,2026
"2026-09-09 18:00:00","2026-09-10 09:00:00","CAPE","surface",-72.4615,20.0627,1993
"2026-09-09 18:00:00","2026-09-10 09:00:00","CAPE","surface",-72.4376,20.0627,1981
"2026-09-09 18:00:00","2026-09-10 09:00:00","CAPE","surface",-72.4137,20.0627,1978
"2026-09-09 18:00:00","2026-09-10 09:00:00","CAPE","surface",-72.3897,20.0627,1981
"2026-09-09 18:00:00","2026-09-10 09:00:00","CAPE","surface",-72.3658,20.0627,2063
"2026-09-09 18:00:00","2026-09-10 09:00:00","CAPE","surface",-72.3419,20.0627,2063
"2026-09-09 18:00:00","2026-09-10 09:00:00","CAPE","surface",-72.318,20.0627,2192
"2026-09-09 18:00:00","2026-09-10 09:00:00","CAPE","surface",-72.294,20.0627,2157
"2026-09-09 18:00:00","2026-09-10 09:00:00","CAPE","surface",-72.2701,20.0627,2238
"2026-09-09 18:00:00","2026-09-10 09:00:00","CAPE","surface",-72.2462,20.0627,2276
"2026-09-09 18:00:00","2026-09-10 09:00:00","CAPE","surface",-72.2223,20.0627,2276
"2026-09-09 18:00:00","2026-09-10 09:00:00","CAPE","surface",-72.1983,20.0627,2301
"2026-09-09 18:00:00","2026-09-10 09:00:00","CAPE","surface",-72.1744,20.0627,2281
"2026-09-09 18:00:00","2026-09-10 09:00:00","CAPE","surface",-72.1505,20.0627,2284
"2026-09-09 18:00:00","2026-09-10 09:00:00","CAPE","surface",-72.1266,20.0627,2284
"2026-09-09 18:00:00","2026-09-10 09:00:00","CAPE","surface",-72.1026,20.0627,2293
"2026-09-09 18:00:00","2026-09-10 09:00:00","CAPE","surface",-72.0787,20.0627,2270
"2026-09-09 18:00:00","2026-09-10 09:00:00","CAPE","surface",-72.0548,20.0627,2235
"2026-09-09 18:00:00","2026-09-10 09:00:00","CAPE","surface",-72.0309,20.0627,2209
"2026-09-09 18:00:00","2026-09-10 09:00:00","CAPE","surface",-72.0069,20.0627,2230
"2026-09-09 18:00:00","2026-09-10 09:00:00","CAPE","surface",-71.983,20.0627,2218
"2026-09-09 18:00:00","2026-09-10 09:00:00","CAPE","surface",-71.9591,20.0627,2223
"2026-09-09 18:00:00","2026-09-10 09:00:00","CAPE","surface",-71.9352,20.0627,2211
"2026-09-09 18:00:00","2026-09-10 09:00:00","CAPE","surface",-71.9112,20.0627,2185
"2026-09-09 18:00:00","2026-09-10 09:00:00","CAPE","surface",-71.8873,20.0627,2185
"2026-09-09 18:00:00","2026-09-10 09:00:00","CAPE","surface",-71.8634,20.0627,2082
"2026-09-09 18:00:00","2026-09-10 09:00:00","CAPE","surface",-71.8395,20.0627,2069
"2026-09-09 18:00:00","2026-09-10 09:00:00","CAPE","surface",-71.8155,20.0627,1944
"2026-09-09 18:00:00","2026-09-10 09:00:00","CAPE","surface",-71.7916,20.0627,1950
"2026-09-09 18:00:00","2026-09-10 09:00:00","CAPE","surface",-71.7677,20.0627,1907
"2026-09-09 18:00:00","2026-09-10 09:00:00","CAPE","surface",-71.7438,20.0627,1899
"2026-09-09 18:00:00","2026-09-10 09:00:00","CAPE","surface",-71.7198,20.0627,1921
"2026-09-09 18:00:00","2026-09-10 09:00:00","CAPE","surface",-71.6959,20.0627,1987
"2026-09-09 18:00:00","2026-09-10 09:00:00","CAPE","surface",-71.672,20.0627,1987
"2026-09-09 18:00:00","2026-09-10 09:00:00","CAPE","surface",-71.6481,20.0627,2109
"2026-09-09 18:00:00","2026-09-10 09:00:00","CAPE","surface",-71.6241,20.0627,2060
"2026-09-09 18:00:00","2026-09-10 09:00:00","CAPE","surface",-71.6002,20.0627,2119
"2026-09-09 18:00:00","2026-09-10 09:00:00","CAPE","surface",-71.5763,20.0627,2064
"2026-09-09 18:00:00","2026-09-10 09:00:00","CAPE","surface",-71.5524,20.0627,2138
"2026-09-09 18:00:00","2026-09-10 09:00:00","CAPE","surface",-71.5284,20.0627,2093
"2026-09-09 18:00:00","2026-09-10 09:00:00","CAPE","surface",-71.5045,20.0627,2131
"2026-09-09 18:00:00","2026-09-10 09:00:00","CAPE","surface",-71.4806,20.0627,2071
"2026-09-09 18:00:00","2026-09-10 09:00:00","CAPE","surface",-71.4567,20.0627,2091
"2026-09-09 18:00:00","2026-09-10 09:00:00","CAPE","surface",-71.4327,20.0627,2091
"2026-09-09 18:00:00","2026-09-10 09:00:00","CAPE","surface",-71.4088,20.0627,2203
"2026-09-09 18:00:00","2026-09-10 09:00:00","CAPE","surface",-71.3849,20.0627,2147
"2026-09-09 18:00:00","2026-09-10 09:00:00","CAPE","surface",-71.361,20.0627,2313
"2026-09-09 18:00:00","2026-09-10 09:00:00","CAPE","surface",-71.337,20.0627,2233
"2026-09-09 18:00:00","2026-09-10 09:00:00","CAPE","surface",-71.3131,20.0627,2491
"2026-09-09 18:00:00","2026-09-10 09:00:00","CAPE","surface",-71.2892,20.0627,2661
"2026-09-09 18:00:00","2026-09-10 09:00:00","CAPE","surface",-71.2653,20.0627,2551
"2026-09-09 18:00:00","2026-09-10 09:00:00","CAPE","surface",-71.2413,20.0627,2699
"2026-09-09 18:00:00","2026-09-10 09:00:00","CAPE","surface",-71.2174,20.0627,2699
"2026-09-09 18:00:00","2026-09-10 09:00:00","CAPE","surface",-71.1935,20.0627,2826
"2026-09-09 18:00:00","2026-09-10 09:00:00","CAPE","surface",-71.1696,20.0627,2738
"2026-09-09 18:00:00","2026-09-10 09:00:00","CAPE","surface",-71.1456,20.0627,2851
"2026-09-09 18:00:00","2026-09-10 09:00:00","CAPE","surface",-71.1217,20.0627,2777
"2026-09-09 18:00:00","2026-09-10 09:00:00","CAPE","surface",-71.0978,20.0627,2846
"2026-09-09 18:00:00","2026-09-10 09:00:00","CAPE","surface",-71.0739,20.0627,2833
"2026-09-09 18:00:00","2026-09-10 09:00:00","CAPE","surface",-71.0499,20.0627,2774
"2026-09-09 18:00:00","2026-09-10 09:00:00","CAPE","surface",-71.026,20.0627,2813
"2026-09-09 18:00:00","2026-09-10 09:00:00","CAPE","surface",-71.0021,20.0627,2822
"2026-09-09 18:00:00","2026-09-10 09:00:00","CAPE","surface",-70.9782,20.0627,2881
"2026-09-09 18:00:00","2026-09-10 09:00:00","CAPE","surface",-70.9542,20.0627,2966
"2026-09-09 18:00:00","2026-09-10 09:00:00","CAPE","surface",-70.9303,20.0627,2992
"2026-09-09 18:00:00","2026-09-10 09:00:00","CAPE","surface",-70.9064,20.0627,2831
"2026-09-09 18:00:00","2026-09-10 09:00:00","CAPE","surface",-70.8825,20.0627,2409
"2026-09-09 18:00:00","2026-09-10 09:00:00","CAPE","surface",-70.8585,20.0627,2416
"2026-09-09 18:00:00","2026-09-10 09:00:00","CAPE","surface",-70.8346,20.0627,2312
"2026-09-09 18:00:00","2026-09-10 09:00:00","CAPE","surface",-70.8107,20.0627,2447
"2026-09-09 18:00:00","2026-09-10 09:00:00","CAPE","surface",-70.7868,20.0627,2559
"2026-09-09 18:00:00","2026-09-10 09:00:00","CAPE","surface",-70.7628,20.0627,2559
"2026-09-09 18:00:00","2026-09-10 09:00:00","CAPE","surface",-70.7389,20.0627,2706
"2026-09-09 18:00:00","2026-09-10 09:00:00","CAPE","surface",-70.715,20.0627,2719
"2026-09-09 18:00:00","2026-09-10 09:00:00","CAPE","surface",-70.6911,20.0627,2402
"2026-09-09 18:00:00","2026-09-10 09:00:00","CAPE","surface",-70.6671,20.0627,2402
"2026-09-09 18:00:00","2026-09-10 09:00:00","CAPE","surface",-70.6432,20.0627,1864
"2026-09-09 18:00:00","2026-09-10 09:00:00","CAPE","surface",-70.6193,20.0627,1743
"2026-09-09 18:00:00","2026-09-10 09:00:00","CAPE","surface",-70.5954,20.0627,1874
"2026-09-09 18:00:00","2026-09-10 09:00:00","CAPE","surface",-70.5714,20.0627,2024
"2026-09-09 18:00:00","2026-09-10 09:00:00","CAPE","surface",-70.5475,20.0627,2228
"2026-09-09 18:00:00","2026-09-10 09:00:00","CAPE","surface",-70.5236,20.0627,2478
"2026-09-09 18:00:00","2026-09-10 09:00:00","CAPE","surface",-70.4997,20.0627,2606
"2026-09-09 18:00:00","2026-09-10 09:00:00","CAPE","surface",-70.4757,20.0627,3159
"2026-09-09 18:00:00","2026-09-10 09:00:00","CAPE","surface",-70.4518,20.0627,3159
"2026-09-09 18:00:00","2026-09-10 09:00:00","CAPE","surface",-70.4279,20.0627,3122
"2026-09-09 18:00:00","2026-09-10 09:00:00","CAPE","surface",-70.404,20.0627,2942
"2026-09-09 18:00:00","2026-09-10 09:00:00","CAPE","surface",-70.38,20.0627,2696
"2026-09-09 18:00:00","2026-09-10 09:00:00","CAPE","surface",-70.3561,20.0627,2664
"2026-09-09 18:00:00","2026-09-10 09:00:00","CAPE","surface",-70.3322,20.0627,2558
"2026-09-09 18:00:00","2026-09-10 09:00:00","CAPE","surface",-70.3083,20.0627,2511
"2026-09-09 18:00:00","2026-09-10 09:00:00","CAPE","surface",-70.2843,20.0627,2476
"2026-09-09 18:00:00","2026-09-10 09:00:00","CAPE","surface",-70.2604,20.0627,2530
"2026-09-09 18:00:00","2026-09-10 09:00:00","CAPE","surface",-70.2365,20.0627,2565
"2026-09-09 18:00:00","2026-09-10 09:00:00","CAPE","surface",-70.2126,20.0627,2777
"2026-09-09 18:00:00","2026-09-10 09:00:00","CAPE","surface",-70.1886,20.0627,2805
"2026-09-09 18:00:00","2026-09-10 09:00:00","CAPE","surface",-70.1647,20.0627,2841
"2026-09-09 18:00:00","2026-09-10 09:00:00","CAPE","surface",-70.1408,20.0627,2841
"2026-09-09 18:00:00","2026-09-10 09:00:00","CAPE","surface",-70.1169,20.0627,2912
"2026-09-09 18:00:00","2026-09-10 09:00:00","CAPE","surface",-70.0929,20.0627,2891
"2026-09-09 18:00:00","2026-09-10 09:00:00","CAPE","surface",-70.069,20.0627,2794
"2026-09-09 18:00:00","2026-09-10 09:00:00","CAPE","surface",-70.0451,20.0627,2700
"2026-09-09 18:00:00","2026-09-10 09:00:00","CAPE","surface",-70.0212,20.0627,2715
"2026-09-09 18:00:00","2026-09-10 09:00:00","CAPE","surface",-69.9972,20.0627,2706
"2026-09-09 18:00:00","2026-09-10 09:00:00","CAPE","surface",-69.9733,20.0627,2879
"2026-09-09 18:00:00","2026-09-10 09:00:00","CAPE","surface",-69.9494,20.0627,2976
"2026-09-09 18:00:00","2026-09-10 09:00:00","CAPE","surface",-69.9255,20.0627,3182
"2026-09-09 18:00:00","2026-09-10 09:00:00","CAPE","surface",-69.9015,20.0627,3118
"2026-09-09 18:00:00","2026-09-10 09:00:00","CAPE","surface",-69.8776,20.0627,3079
"2026-09-09 18:00:00","2026-09-10 09:00:00","CAPE","surface",-69.8537,20.0627,2881
"2026-09-09 18:00:00","2026-09-10 09:00:00","CAPE","surface",-69.8298,20.0627,2913
"2026-09-09 18:00:00","2026-09-10 09:00:00","CAPE","surface",-69.8058,20.0627,2350
"2026-09-09 18:00:00","2026-09-10 09:00:00","CAPE","surface",-69.7819,20.0627,2708
"2026-09-09 18:00:00","2026-09-10 09:00:00","CAPE","surface",-69.758,20.0627,2563
"2026-09-09 18:00:00","2026-09-10 09:00:00","CAPE","surface",-69.7341,20.0627,2872
"2026-09-09 18:00:00","2026-09-10 09:00:00","CAPE","surface",-69.7101,20.0627,2482
"2026-09-09 18:00:00","2026-09-10 09:00:00","CAPE","surface",-69.6862,20.0627,2812
"2026-09-09 18:00:00","2026-09-10 09:00:00","CAPE","surface",-69.6623,20.0627,2698
"2026-09-09 18:00:00","2026-09-10 09:00:00","CAPE","surface",-69.6384,20.0627,2638
"2026-09-09 18:00:00","2026-09-10 09:00:00","CAPE","surface",-69.6144,20.0627,2655
"2026-09-09 18:00:00","2026-09-10 09:00:00","CAPE","surface",-69.5905,20.0627,2637
"2026-09-09 18:00:00","2026-09-10 09:00:00","CAPE","surface",-69.5666,20.0627,2610
"2026-09-09 18:00:00","2026-09-10 09:00:00","CAPE","surface",-69.5427,20.0627,2698
"2026-09-09 18:00:00","2026-09-10 09:00:00","CAPE","surface",-69.5187,20.0627,2761
"2026-09-09 18:00:00","2026-09-10 09:00:00","CAPE","surface",-69.4948,20.0627,2868
"2026-09-09 18:00:00","2026-09-10 09:00:00","CAPE","surface",-69.4709,20.0627,2981
"2026-09-09 18:00:00","2026-09-10 09:00:00","CAPE","surface",-69.447,20.0627,3121
"2026-09-09 18:00:00","2026-09-10 09:00:00","CAPE","surface",-69.423,20.0627,3131
"2026-09-09 18:00:00","2026-09-10 09:00:00","CAPE","surface",-69.3991,20.0627,3254
"2026-09-09 18:00:00","2026-09-10 09:00:00","CAPE","surface",-69.3752,20.0627,3164
"2026-09-09 18:00:00","2026-09-10 09:00:00","CAPE","surface",-69.3513,20.0627,3479
"2026-09-09 18:00:00","2026-09-10 09:00:00","CAPE","surface",-69.3273,20.0627,3469
"2026-09-09 18:00:00","2026-09-10 09:00:00","CAPE","surface",-69.3034,20.0627,3469
"2026-09-09 18:00:00","2026-09-10 09:00:00","CAPE","surface",-69.2795,20.0627,3254
"2026-09-09 18:00:00","2026-09-10 09:00:00","CAPE","surface",-69.2556,20.0627,2950
"2026-09-09 18:00:00","2026-09-10 09:00:00","CAPE","surface",-69.2316,20.0627,3054
"2026-09-09 18:00:00","2026-09-10 09:00:00","CAPE","surface",-69.2077,20.0627,3054
"2026-09-09 18:00:00","2026-09-10 09:00:00","CAPE","surface",-69.1838,20.0627,3114
"2026-09-09 18:00:00","2026-09-10 09:00:00","CAPE","surface",-69.1599,20.0627,3231
"2026-09-09 18:00:00","2026-09-10 09:00:00","CAPE","surface",-69.1359,20.0627,3061
"2026-09-09 18:00:00","2026-09-10 09:00:00","CAPE","surface",-69.112,20.0627,3221
"2026-09-09 18:00:00","2026-09-10 09:00:00","CAPE","surface",-69.0881,20.0627,2963
"2026-09-09 18:00:00","2026-09-10 09:00:00","CAPE","surface",-69.0642,20.0627,3048
"2026-09-09 18:00:00","2026-09-10 09:00:00","CAPE","surface",-69.0402,20.0627,3094
"2026-09-09 18:00:00","2026-09-10 09:00:00","CAPE","surface",-69.0163,20.0627,3069
"2026-09-09 18:00:00","2026-09-10 09:00:00","CAPE","surface",-68.9924,20.0627,3069
"2026-09-09 18:00:00","2026-09-10 09:00:00","CAPE","surface",-68.9685,20.0627,3055
"2026-09-09 18:00:00","2026-09-10 09:00:00","CAPE","surface",-68.9445,20.0627,2991
"2026-09-09 18:00:00","2026-09-10 09:00:00","CAPE","surface",-68.9206,20.0627,2981
"2026-09-09 18:00:00","2026-09-10 09:00:00","CAPE","surface",-68.8967,20.0627,2981
"2026-09-09 18:00:00","2026-09-10 09:00:00","CAPE","surface",-68.8728,20.0627,2938
"2026-09-09 18:00:00","2026-09-10 09:00:00","CAPE","surface",-68.8488,20.0627,2958
"2026-09-09 18:00:00","2026-09-10 09:00:00","CAPE","surface",-68.8249,20.0627,2911
"2026-09-09 18:00:00","2026-09-10 09:00:00","CAPE","surface",-68.801,20.0627,2866
"2026-09-09 18:00:00","2026-09-10 09:00:00","CAPE","surface",-68.7771,20.0627,2853
"2026-09-09 18:00:00","2026-09-10 09:00:00","CAPE","surface",-68.7531,20.0627,2798
"2026-09-09 18:00:00","2026-09-10 09:00:00","CAPE","surface",-68.7292,20.0627,2790
"2026-09-09 18:00:00","2026-09-10 09:00:00","CAPE","surface",-68.7053,20.0627,2853
"2026-09-09 18:00:00","2026-09-10 09:00:00","CAPE","surface",-68.6813,20.0627,2853
"2026-09-09 18:00:00","2026-09-10 09:00:00","CAPE","surface",-68.6574,20.0627,2877
"2026-09-09 18:00:00","2026-09-10 09:00:00","CAPE","surface",-68.6335,20.0627,2907
"2026-09-09 18:00:00","2026-09-10 09:00:00","CAPE","surface",-68.6096,20.0627,2894
"2026-09-09 18:00:00","2026-09-10 09:00:00","CAPE","surface",-68.5856,20.0627,2859
"2026-09-09 18:00:00","2026-09-10 09:00:00","CAPE","surface",-68.5617,20.0627,2874
"2026-09-09 18:00:00","2026-09-10 09:00:00","CAPE","surface",-68.5378,20.0627,2852
"2026-09-09 18:00:00","2026-09-10 09:00:00","CAPE","surface",-68.5139,20.0627,2840
"2026-09-09 18:00:00","2026-09-10 09:00:00","CAPE","surface",-68.4899,20.0627,2905
"2026-09-09 18:00:00","2026-09-10 09:00:00","CAPE","surface",-68.466,20.0627,2853
"2026-09-09 18:00:00","2026-09-10 09:00:00","CAPE","surface",-68.4421,20.0627,2964
"2026-09-09 18:00:00","2026-09-10 09:00:00","CAPE","surface",-68.4182,20.0627,2897
"2026-09-09 18:00:00","2026-09-10 09:00:00","CAPE","surface",-68.3942,20.0627,3093
"2026-09-09 18:00:00","2026-09-10 09:00:00","CAPE","surface",-68.3703,20.0627,3018
"2026-09-09 18:00:00","2026-09-10 09:00:00","CAPE","surface",-68.3464,20.0627,3025
"2026-09-09 18:00:00","2026-09-10 09:00:00","CAPE","surface",-68.3225,20.0627,2994
"2026-09-09 18:00:00","2026-09-10 09:00:00","CAPE","surface",-68.2985,20.0627,2994
"2026-09-09 18:00:00","2026-09-10 09:00:00","CAPE","surface",-68.2746,20.0627,2947
"2026-09-09 18:00:00","2026-09-10 09:00:00","CAPE","surface",-68.2507,20.0627,3020
"2026-09-09 18:00:00","2026-09-10 09:00:00","CAPE","surface",-68.2268,20.0627,3105
"2026-09-09 18:00:00","2026-09-10 09:00:00","CAPE","surface",-68.2028,20.0627,3105
"2026-09-09 18:00:00","2026-09-10 09:00:00","CAPE","surface",-68.1789,20.0627,3205
"2026-09-09 18:00:00","2026-09-10 09:00:00","CAPE","surface",-68.155,20.0627,3286
"2026-09-09 18:00:00","2026-09-10 09:00:00","CAPE","surface",-68.1311,20.0627,2988
"2026-09-09 18:00:00","2026-09-10 09:00:00","CAPE","surface",-68.1071,20.0627,2868
"2026-09-09 18:00:00","2026-09-10 09:00:00","CAPE","surface",-68.0832,20.0627,2769
"2026-09-09 18:00:00","2026-09-10 09:00:00","CAPE","surface",-68.0593,20.0627,2748
"2026-09-09 18:00:00","2026-09-10 09:00:00","CAPE","surface",-68.0354,20.0627,2799
"2026-09-09 18:00:00","2026-09-10 09:00:00","CAPE","surface",-68.0114,20.0627,2792
"2026-09-09 18:00:00","2026-09-10 09:00:00","CAPE","surface",-67.9875,20.0627,2834
"2026-09-09 18:00:00","2026-09-10 09:00:00","CAPE","surface",-67.9636,20.0627,2842
"2026-09-09 18:00:00","2026-09-10 09:00:00","CAPE","surface",-67.9397,20.0627,2855
"2026-09-09 18:00:00","2026-09-10 09:00:00","CAPE","surface",-67.9157,20.0627,3035
"2026-09-09 18:00:00","2026-09-10 09:00:00","CAPE","surface",-67.8918,20.0627,3220
"2026-09-09 18:00:00","2026-09-10 09:00:00","CAPE","surface",-67.8679,20.0627,3054
"2026-09-09 18:00:00","2026-09-10 09:00:00","CAPE","surface",-67.844,20.0627,3206
"2026-09-09 18:00:00","2026-09-10 09:00:00","CAPE","surface",-67.82,20.0627,3206
"2026-09-09 18:00:00","2026-09-10 09:00:00","CAPE","surface",-67.7961,20.0627,3343
"2026-09-09 18:00:00","2026-09-10 09:00:00","CAPE","surface",-67.7722,20.0627,3256
"2026-09-09 18:00:00","2026-09-10 09:00:00","CAPE","surface",-67.7483,20.0627,3307
"2026-09-09 18:00:00","2026-09-10 09:00:00","CAPE","surface",-67.7243,20.0627,3218
"2026-09-09 18:00:00","2026-09-10 09:00:00","CAPE","surface",-67.7004,20.0627,3343
"2026-09-09 18:00:00","2026-09-10 09:00:00","CAPE","surface",-67.6765,20.0627,3252
"2026-09-09 18:00:00","2026-09-10 09:00:00","CAPE","surface",-67.6526,20.0627,3142
"2026-09-09 18:00:00","2026-09-10 09:00:00","CAPE","surface",-67.6286,20.0627,3072
"2026-09-09 18:00:00","2026-09-10 09:00:00","CAPE","surface",-67.6047,20.0627,3072
"2026-09-09 18:00:00","2026-09-10 09:00:00","CAPE","surface",-67.5808,20.0627,2974
"2026-09-09 18:00:00","2026-09-10 09:00:00","CAPE","surface",-67.5569,20.0627,2944
"2026-09-09 18:00:00","2026-09-10 09:00:00","CAPE","surface",-67.5329,20.0627,2945
"2026-09-09 18:00:00","2026-09-10 09:00:00","CAPE","surface",-67.509,20.0627,3013
"2026-09-09 18:00:00","2026-09-10 09:00:00","CAPE","surface",-67.4851,20.0627,3061
"2026-09-09 18:00:00","2026-09-10 09:00:00","CAPE","surface",-67.4612,20.0627,3239
"2026-09-09 18:00:00","2026-09-10 09:00:00","CAPE","surface",-67.4372,20.0627,3298
"2026-09-09 18:00:00","2026-09-10 09:00:00","CAPE","surface",-67.4133,20.0627,3330
"2026-09-09 18:00:00","2026-09-10 09:00:00","CAPE","surface",-67.3894,20.0627,3332
"2026-09-09 18:00:00","2026-09-10 09:00:00","CAPE","surface",-67.3655,20.0627,3370
"2026-09-09 18:00:00","2026-09-10 09:00:00","CAPE","surface",-67.3415,20.0627,3370
"2026-09-09 18:00:00","2026-09-10 09:00:00","CAPE","surface",-67.3176,20.0627,3272
"2026-09-09 18:00:00","2026-09-10 09:00:00","CAPE","surface",-67.2937,20.0627,3193
"2026-09-09 18:00:00","2026-09-10 09:00:00","CAPE","surface",-67.2698,20.0627,3173
"2026-09-09 18:00:00","2026-09-10 09:00:00","CAPE","surface",-67.2458,20.0627,3075
"2026-09-09 18:00:00","2026-09-10 09:00:00","CAPE","surface",-67.2219,20.0627,3136
"2026-09-09 18:00:00","2026-09-10 09:00:00","CAPE","surface",-67.198,20.0627,3163
"2026-09-09 18:00:00","2026-09-10 09:00:00","CAPE","surface",-67.1741,20.0627,3198
"2026-09-09 18:00:00","2026-09-10 09:00:00","CAPE","surface",-67.1501,20.0627,3128
"2026-09-09 18:00:00","2026-09-10 09:00:00","CAPE","surface",-67.1262,20.0627,3166
"2026-09-09 18:00:00","2026-09-10 09:00:00","CAPE","surface",-67.1023,20.0627,3071
"2026-09-09 18:00:00","2026-09-10 09:00:00","CAPE","surface",-67.0784,20.0627,3035
"2026-09-09 18:00:00","2026-09-10 09:00:00","CAPE","surface",-67.0544,20.0627,3035
"2026-09-09 18:00:00","2026-09-10 09:00:00","CAPE","surface",-67.0305,20.0627,3126
"2026-09-09 18:00:00","2026-09-10 09:00:00","CAPE","surface",-67.0066,20.0627,3152
"2026-09-09 18:00:00","2026-09-10 09:00:00","CAPE","surface",-74.7822,20.0852,1398
"2026-09-09 18:00:00","2026-09-10 09:00:00","CAPE","surface",-74.7583,20.0852,1498
"2026-09-09 18:00:00","2026-09-10 09:00:00","CAPE","surface",-74.7344,20.0852,1701
"2026-09-09 18:00:00","2026-09-10 09:00:00","CAPE","surface",-74.7105,20.0852,1736
"2026-09-09 18:00:00","2026-09-10 09:00:00","CAPE","surface",-74.6865,20.0852,1889
"2026-09-09 18:00:00","2026-09-10 09:00:00","CAPE","surface",-74.6626,20.0852,1946
"2026-09-09 18:00:00","2026-09-10 09:00:00","CAPE","surface",-74.6387,20.0852,1946
"2026-09-09 18:00:00","2026-09-10 09:00:00","CAPE","surface",-74.6148,20.0852,2065
"2026-09-09 18:00:00","2026-09-10 09:00:00","CAPE","surface",-74.5908,20.0852,2205
"2026-09-09 18:00:00","2026-09-10 09:00:00","CAPE","surface",-74.5669,20.0852,2310
"2026-09-09 18:00:00","2026-09-10 09:00:00","CAPE","surface",-74.543,20.0852,2344
"2026-09-09 18:00:00","2026-09-10 09:00:00","CAPE","surface",-74.5191,20.0852,2283
"2026-09-09 18:00:00","2026-09-10 09:00:00","CAPE","surface",-74.4951,20.0852,2341
"2026-09-09 18:00:00","2026-09-10 09:00:00","CAPE","surface",-74.4712,20.0852,2492
"2026-09-09 18:00:00","2026-09-10 09:00:00","CAPE","surface",-74.4473,20.0852,2607
"2026-09-09 18:00:00","2026-09-10 09:00:00","CAPE","surface",-74.4234,20.0852,2532
"2026-09-09 18:00:00","2026-09-10 09:00:00","CAPE","surface",-74.3994,20.0852,2774
"2026-09-09 18:00:00","2026-09-10 09:00:00","CAPE","surface",-74.3755,20.0852,2341
"2026-09-09 18:00:00","2026-09-10 09:00:00","CAPE","surface",-74.3516,20.0852,2467
"2026-09-09 18:00:00","2026-09-10 09:00:00","CAPE","surface",-74.3277,20.0852,2187
"2026-09-09 18:00:00","2026-09-10 09:00:00","CAPE","surface",-74.3037,20.0852,2320
"2026-09-09 18:00:00","2026-09-10 09:00:00","CAPE","surface",-74.2798,20.0852,2463
"2026-09-09 18:00:00","2026-09-10 09:00:00","CAPE","surface",-74.2559,20.0852,2463
"2026-09-09 18:00:00","2026-09-10 09:00:00","CAPE","surface",-74.232,20.0852,2549
"2026-09-09 18:00:00","2026-09-10 09:00:00","CAPE","surface",-74.208,20.0852,2690
"2026-09-09 18:00:00","2026-09-10 09:00:00","CAPE","surface",-74.1841,20.0852,2725
"2026-09-09 18:00:00","2026-09-10 09:00:00","CAPE","surface",-74.1602,20.0852,2714
"2026-09-09 18:00:00","2026-09-10 09:00:00","CAPE","surface",-74.1363,20.0852,2591
"2026-09-09 18:00:00","2026-09-10 09:00:00","CAPE","surface",-74.1123,20.0852,2593
"2026-09-09 18:00:00","2026-09-10 09:00:00","CAPE","surface",-74.0884,20.0852,2419
"2026-09-09 18:00:00","2026-09-10 09:00:00","CAPE","surface",-74.0645,20.0852,2403
"2026-09-09 18:00:00","2026-09-10 09:00:00","CAPE","surface",-74.0406,20.0852,2386
"2026-09-09 18:00:00","2026-09-10 09:00:00","CAPE","surface",-74.0166,20.0852,2365
"2026-09-09 18:00:00","2026-09-10 09:00:00","CAPE","surface",-73.9927,20.0852,2585
"2026-09-09 18:00:00","2026-09-10 09:00:00","CAPE","surface",-73.9688,20.0852,2558
"2026-09-09 18:00:00","2026-09-10 09:00:00","CAPE","surface",-73.9449,20.0852,2749
"2026-09-09 18:00:00","2026-09-10 09:00:00","CAPE","surface",-73.9209,20.0852,2734
"2026-09-09 18:00:00","2026-09-10 09:00:00","CAPE","surface",-73.897,20.0852,2704
"2026-09-09 18:00:00","2026-09-10 09:00:00","CAPE","surface",-73.8731,20.0852,2704
"2026-09-09 18:00:00","2026-09-10 09:00:00","CAPE","surface",-73.8492,20.0852,2638
"2026-09-09 18:00:00","2026-09-10 09:00:00","CAPE","surface",-73.8252,20.0852,2612
"2026-09-09 18:00:00","2026-09-10 09:00:00","CAPE","surface",-73.8013,20.0852,2519
"2026-09-09 18:00:00","2026-09-10 09:00:00","CAPE","surface",-73.7774,20.0852,2507
"2026-09-09 18:00:00","2026-09-10 09:00:00","CAPE","surface",-73.7535,20.0852,2450
"2026-09-09 18:00:00","2026-09-10 09:00:00","CAPE","surface",-73.7295,20.0852,2445
"2026-09-09 18:00:00","2026-09-10 09:00:00","CAPE","surface",-73.7056,20.0852,2405
"2026-09-09 18:00:00","2026-09-10 09:00:00","CAPE","surface",-73.6817,20.0852,2412
"2026-09-09 18:00:00","2026-09-10 09:00:00","CAPE","surface",-73.6578,20.0852,2374
"2026-09-09 18:00:00","2026-09-10 09:00:00","CAPE","surface",-73.6338,20.0852,2372
"2026-09-09 18:00:00","2026-09-10 09:00:00","CAPE","surface",-73.6099,20.0852,2325
"2026-09-09 18:00:00","2026-09-10 09:00:00","CAPE","surface",-73.586,20.0852,2333
"2026-09-09 18:00:00","2026-09-10 09:00:00","CAPE","surface",-73.5621,20.0852,2296
"2026-09-09 18:00:00","2026-09-10 09:00:00","CAPE","surface",-73.5381,20.0852,2304
"2026-09-09 18:00:00","2026-09-10 09:00:00","CAPE","surface",-73.5142,20.0852,2266
"2026-09-09 18:00:00","2026-09-10 09:00:00","CAPE","surface",-73.4903,20.0852,2266
"2026-09-09 18:00:00","2026-09-10 09:00:00","CAPE","surface",-73.4664,20.0852,2247
"2026-09-09 18:00:00","2026-09-10 09:00:00","CAPE","surface",-73.4424,20.0852,2273
"2026-09-09 18:00:00","2026-09-10 09:00:00","CAPE","surface",-73.4185,20.0852,2236
"2026-09-09 18:00:00","2026-09-10 09:00:00","CAPE","surface",-73.3946,20.0852,2243
"2026-09-09 18:00:00","2026-09-10 09:00:00","CAPE","surface",-73.3707,20.0852,2213
"2026-09-09 18:00:00","2026-09-10 09:00:00","CAPE","surface",-73.3467,20.0852,2221
"2026-09-09 18:00:00","2026-09-10 09:00:00","CAPE","surface",-73.3228,20.0852,2208
"2026-09-09 18:00:00","2026-09-10 09:00:00","CAPE","surface",-73.2989,20.0852,2196
"2026-09-09 18:00:00","2026-09-10 09:00:00","CAPE","surface",-73.275,20.0852,2203
"2026-09-09 18:00:00","2026-09-10 09:00:00","CAPE","surface",-73.251,20.0852,2195
"2026-09-09 18:00:00","2026-09-10 09:00:00","CAPE","surface",-73.2271,20.0852,2191
"2026-09-09 18:00:00","2026-09-10 09:00:00","CAPE","surface",-73.2032,20.0852,2164
"2026-09-09 18:00:00","2026-09-10 09:00:00","CAPE","surface",-73.1793,20.0852,2161
"2026-09-09 18:00:00","2026-09-10 09:00:00","CAPE","surface",-73.1553,20.0852,2126
"2026-09-09 18:00:00","2026-09-10 09:00:00","CAPE","surface",-73.1314,20.0852,2126
"2026-09-09 18:00:00","2026-09-10 09:00:00","CAPE","surface",-73.1075,20.0852,2085
"2026-09-09 18:00:00","2026-09-10 09:00:00","CAPE","surface",-73.0836,20.0852,2080
"2026-09-09 18:00:00","2026-09-10 09:00:00","CAPE","surface",-73.0596,20.0852,2062
"2026-09-09 18:00:00","2026-09-10 09:00:00","CAPE","surface",-73.0357,20.0852,2046
"2026-09-09 18:00:00","2026-09-10 09:00:00","CAPE","surface",-73.0118,20.0852,2037
"2026-09-09 18:00:00","2026-09-10 09:00:00","CAPE","surface",-72.9879,20.0852,2014
"2026-09-09 18:00:00","2026-09-10 09:00:00","CAPE","surface",-72.9639,20.0852,1962
"2026-09-09 18:00:00","2026-09-10 09:00:00","CAPE","surface",-72.94,20.0852,1910
"2026-09-09 18:00:00","2026-09-10 09:00:00","CAPE","surface",-72.9161,20.0852,1863
"2026-09-09 18:00:00","2026-09-10 09:00:00","CAPE","surface",-72.8922,20.0852,1863
"2026-09-09 18:00:00","2026-09-10 09:00:00","CAPE","surface",-72.8682,20.0852,1840
"2026-09-09 18:00:00","2026-09-10 09:00:00","CAPE","surface",-72.8443,20.0852,1654
"2026-09-09 18:00:00","2026-09-10 09:00:00","CAPE","surface",-72.8204,20.0852,1689
"2026-09-09 18:00:00","2026-09-10 09:00:00","CAPE","surface",-72.7965,20.0852,1515
"2026-09-09 18:00:00","2026-09-10 09:00:00","CAPE","surface",-72.7725,20.0852,2066
"2026-09-09 18:00:00","2026-09-10 09:00:00","CAPE","surface",-72.7486,20.0852,2004
"2026-09-09 18:00:00","2026-09-10 09:00:00","CAPE","surface",-72.7247,20.0852,2030
"2026-09-09 18:00:00","2026-09-10 09:00:00","CAPE","surface",-72.7008,20.0852,2011
"2026-09-09 18:00:00","2026-09-10 09:00:00","CAPE","surface",-72.6768,20.0852,2078
"2026-09-09 18:00:00","2026-09-10 09:00:00","CAPE","surface",-72.6529,20.0852,2078
"2026-09-09 18:00:00","2026-09-10 09:00:00","CAPE","surface",-72.629,20.0852,2138
"2026-09-09 18:00:00","2026-09-10 09:00:00","CAPE","surface",-72.6051,20.0852,2095
"2026-09-09 18:00:00","2026-09-10 09:00:00","CAPE","surface",-72.5811,20.0852,2114
"2026-09-09 18:00:00","2026-09-10 09:00:00","CAPE","surface",-72.5572,20.0852,2084
"2026-09-09 18:00:00","2026-09-10 09:00:00","CAPE","surface",-72.5333,20.0852,2105
"2026-09-09 18:00:00","2026-09-10 09:00:00","CAPE","surface",-72.5094,20.0852,2038
"2026-09-09 18:00:00","2026-09-10 09:00:00","CAPE","surface",-72.4854,20.0852,2012
"2026-09-09 18:00:00","2026-09-10 09:00:00","CAPE","surface",-72.4615,20.0852,1991
"2026-09-09 18:00:00","2026-09-10 09:00:00","CAPE","surface",-72.4376,20.0852,1987
"2026-09-09 18:00:00","2026-09-10 09:00:00","CAPE","surface",-72.4137,20.0852,2121
"2026-09-09 18:00:00","2026-09-10 09:00:00","CAPE","surface",-72.3897,20.0852,2101
"2026-09-09 18:00:00","2026-09-10 09:00:00","CAPE","surface",-72.3658,20.0852,2266
"2026-09-09 18:00:00","2026-09-10 09:00:00","CAPE","surface",-72.3419,20.0852,2224
"2026-09-09 18:00:00","2026-09-10 09:00:00","CAPE","surface",-72.318,20.0852,2301
"2026-09-09 18:00:00","2026-09-10 09:00:00","CAPE","surface",-72.294,20.0852,2301
"2026-09-09 18:00:00","2026-09-10 09:00:00","CAPE","surface",-72.2701,20.0852,2278
"2026-09-09 18:00:00","2026-09-10 09:00:00","CAPE","surface",-72.2462,20.0852,2274
"2026-09-09 18:00:00","2026-09-10 09:00:00","CAPE","surface",-72.2223,20.0852,2315
"2026-09-09 18:00:00","2026-09-10 09:00:00","CAPE","surface",-72.1983,20.0852,2301
"2026-09-09 18:00:00","2026-09-10 09:00:00","CAPE","surface",-72.1744,20.0852,2314
"2026-09-09 18:00:00","2026-09-10 09:00:00","CAPE","surface",-72.1505,20.0852,2296
"2026-09-09 18:00:00","2026-09-10 09:00:00","CAPE","surface",-72.1266,20.0852,2307
"2026-09-09 18:00:00","2026-09-10 09:00:00","CAPE","surface",-72.1026,20.0852,2293
"2026-09-09 18:00:00","2026-09-10 09:00:00","CAPE","surface",-72.0787,20.0852,2303
"2026-09-09 18:00:00","2026-09-10 09:00:00","CAPE","surface",-72.0548,20.0852,2270
"2026-09-09 18:00:00","2026-09-10 09:00:00","CAPE","surface",-72.0309,20.0852,2257
"2026-09-09 18:00:00","2026-09-10 09:00:00","CAPE","surface",-72.0069,20.0852,2230
"2026-09-09 18:00:00","2026-09-10 09:00:00","CAPE","surface",-71.983,20.0852,2240
"2026-09-09 18:00:00","2026-09-10 09:00:00","CAPE","surface",-71.9591,20.0852,2240
"2026-09-09 18:00:00","2026-09-10 09:00:00","CAPE","surface",-71.9352,20.0852,2218
"2026-09-09 18:00:00","2026-09-10 09:00:00","CAPE","surface",-71.9112,20.0852,2149
"2026-09-09 18:00:00","2026-09-10 09:00:00","CAPE","surface",-71.8873,20.0852,2110
"2026-09-09 18:00:00","2026-09-10 09:00:00","CAPE","surface",-71.8634,20.0852,2000
"2026-09-09 18:00:00","2026-09-10 09:00:00","CAPE","surface",-71.8395,20.0852,2000
"2026-09-09 18:00:00","2026-09-10 09:00:00","CAPE","surface",-71.8155,20.0852,1950
"2026-09-09 18:00:00","2026-09-10 09:00:00","CAPE","surface",-71.7916,20.0852,1923
"2026-09-09 18:00:00","2026-09-10 09:00:00","CAPE","surface",-71.7677,20.0852,1966
"2026-09-09 18:00:00","2026-09-10 09:00:00","CAPE","surface",-71.7438,20.0852,1939
"2026-09-09 18:00:00","2026-09-10 09:00:00","CAPE","surface",-71.7198,20.0852,2066
"2026-09-09 18:00:00","2026-09-10 09:00:00","CAPE","surface",-71.6959,20.0852,2027
"2026-09-09 18:00:00","2026-09-10 09:00:00","CAPE","surface",-71.672,20.0852,2147
"2026-09-09 18:00:00","2026-09-10 09:00:00","CAPE","surface",-71.6481,20.0852,2109
"2026-09-09 18:00:00","2026-09-10 09:00:00","CAPE","surface",-71.6241,20.0852,2165
"2026-09-09 18:00:00","2026-09-10 09:00:00","CAPE","surface",-71.6002,20.0852,2165
"2026-09-09 18:00:00","2026-09-10 09:00:00","CAPE","surface",-71.5763,20.0852,2178
"2026-09-09 18:00:00","2026-09-10 09:00:00","CAPE","surface",-71.5524,20.0852,2138
"2026-09-09 18:00:00","2026-09-10 09:00:00","CAPE","surface",-71.5284,20.0852,2178
"2026-09-09 18:00:00","2026-09-10 09:00:00","CAPE","surface",-71.5045,20.0852,2178
"2026-09-09 18:00:00","2026-09-10 09:00:00","CAPE","surface",-71.4806,20.0852,2262
"2026-09-09 18:00:00","2026-09-10 09:00:00","CAPE","surface",-71.4567,20.0852,2423
"2026-09-09 18:00:00","2026-09-10 09:00:00","CAPE","surface",-71.4327,20.0852,2316
"2026-09-09 18:00:00","2026-09-10 09:00:00","CAPE","surface",-71.4088,20.0852,2532
"2026-09-09 18:00:00","2026-09-10 09:00:00","CAPE","surface",-71.3849,20.0852,2532
"2026-09-09 18:00:00","2026-09-10 09:00:00","CAPE","surface",-71.361,20.0852,2694
"2026-09-09 18:00:00","2026-09-10 09:00:00","CAPE","surface",-71.337,20.0852,2589
"2026-09-09 18:00:00","2026-09-10 09:00:00","CAPE","surface",-71.3131,20.0852,2753
"2026-09-09 18:00:00","2026-09-10 09:00:00","CAPE","surface",-71.2892,20.0852,2661
"2026-09-09 18:00:00","2026-09-10 09:00:00","CAPE","surface",-71.2653,20.0852,2866
"2026-09-09 18:00:00","2026-09-10 09:00:00","CAPE","surface",-71.2413,20.0852,2797
"2026-09-09 18:00:00","2026-09-10 09:00:00","CAPE","surface",-71.2174,20.0852,2897
"2026-09-09 18:00:00","2026-09-10 09:00:00","CAPE","surface",-71.1935,20.0852,2826
"2026-09-09 18:00:00","2026-09-10 09:00:00","CAPE","surface",-71.1696,20.0852,2909
"2026-09-09 18:00:00","2026-09-10 09:00:00","CAPE","surface",-71.1456,20.0852,2890
"2026-09-09 18:00:00","2026-09-10 09:00:00","CAPE","surface",-71.1217,20.0852,2836
"2026-09-09 18:00:00","2026-09-10 09:00:00","CAPE","surface",-71.0978,20.0852,2846
"2026-09-09 18:00:00","2026-09-10 09:00:00","CAPE","surface",-71.0739,20.0852,2711
"2026-09-09 18:00:00","2026-09-10 09:00:00","CAPE","surface",-71.0499,20.0852,2651
"2026-09-09 18:00:00","2026-09-10 09:00:00","CAPE","surface",-71.026,20.0852,2712
"2026-09-09 18:00:00","2026-09-10 09:00:00","CAPE","surface",-71.0021,20.0852,2925
"2026-09-09 18:00:00","2026-09-10 09:00:00","CAPE","surface",-70.9782,20.0852,2945
"2026-09-09 18:00:00","2026-09-10 09:00:00","CAPE","surface",-70.9542,20.0852,2970
"2026-09-09 18:00:00","2026-09-10 09:00:00","CAPE","surface",-70.9303,20.0852,2859
"2026-09-09 18:00:00","2026-09-10 09:00:00","CAPE","surface",-70.9064,20.0852,2502
"2026-09-09 18:00:00","2026-09-10 09:00:00","CAPE","surface",-70.8825,20.0852,2409
"2026-09-09 18:00:00","2026-09-10 09:00:00","CAPE","surface",-70.8585,20.0852,2279
"2026-09-09 18:00:00","2026-09-10 09:00:00","CAPE","surface",-70.8346,20.0852,2279
"2026-09-09 18:00:00","2026-09-10 09:00:00","CAPE","surface",-70.8107,20.0852,2350
"2026-09-09 18:00:00","2026-09-10 09:00:00","CAPE","surface",-70.7868,20.0852,2427
"2026-09-09 18:00:00","2026-09-10 09:00:00","CAPE","surface",-70.7628,20.0852,2629
"2026-09-09 18:00:00","2026-09-10 09:00:00","CAPE","surface",-70.7389,20.0852,2629
"2026-09-09 18:00:00","2026-09-10 09:00:00","CAPE","surface",-70.715,20.0852,2811
"2026-09-09 18:00:00","2026-09-10 09:00:00","CAPE","surface",-70.6911,20.0852,2737
"2026-09-09 18:00:00","2026-09-10 09:00:00","CAPE","surface",-70.6671,20.0852,2293
"2026-09-09 18:00:00","2026-09-10 09:00:00","CAPE","surface",-70.6432,20.0852,1987
"2026-09-09 18:00:00","2026-09-10 09:00:00","CAPE","surface",-70.6193,20.0852,1987
"2026-09-09 18:00:00","2026-09-10 09:00:00","CAPE","surface",-70.5954,20.0852,2086
"2026-09-09 18:00:00","2026-09-10 09:00:00","CAPE","surface",-70.5714,20.0852,2080
"2026-09-09 18:00:00","2026-09-10 09:00:00","CAPE","surface",-70.5475,20.0852,2371
"2026-09-09 18:00:00","2026-09-10 09:00:00","CAPE","surface",-70.5236,20.0852,2478
"2026-09-09 18:00:00","2026-09-10 09:00:00","CAPE","surface",-70.4997,20.0852,2980
"2026-09-09 18:00:00","2026-09-10 09:00:00","CAPE","surface",-70.4757,20.0852,3059
"2026-09-09 18:00:00","2026-09-10 09:00:00","CAPE","surface",-70.4518,20.0852,3196
"2026-09-09 18:00:00","2026-09-10 09:00:00","CAPE","surface",-70.4279,20.0852,3122
"2026-09-09 18:00:00","2026-09-10 09:00:00","CAPE","surface",-70.404,20.0852,2911
"2026-09-09 18:00:00","2026-09-10 09:00:00","CAPE","surface",-70.38,20.0852,2790
"2026-09-09 18:00:00","2026-09-10 09:00:00","CAPE","surface",-70.3561,20.0852,2674
"2026-09-09 18:00:00","2026-09-10 09:00:00","CAPE","surface",-70.3322,20.0852,2551
"2026-09-09 18:00:00","2026-09-10 09:00:00","CAPE","surface",-70.3083,20.0852,2551
"2026-09-09 18:00:00","2026-09-10 09:00:00","CAPE","surface",-70.2843,20.0852,2535
"2026-09-09 18:00:00","2026-09-10 09:00:00","CAPE","surface",-70.2604,20.0852,2507
"2026-09-09 18:00:00","2026-09-10 09:00:00","CAPE","surface",-70.2365,20.0852,2689
"2026-09-09 18:00:00","2026-09-10 09:00:00","CAPE","surface",-70.2126,20.0852,2777
"2026-09-09 18:00:00","2026-09-10 09:00:00","CAPE","surface",-70.1886,20.0852,2811
"2026-09-09 18:00:00","2026-09-10 09:00:00","CAPE","surface",-70.1647,20.0852,2840
"2026-09-09 18:00:00","2026-09-10 09:00:00","CAPE","surface",-70.1408,20.0852,2900
"2026-09-09 18:00:00","2026-09-10 09:00:00","CAPE","surface",-70.1169,20.0852,2912
"2026-09-09 18:00:00","2026-09-10 09:00:00","CAPE","surface",-70.0929,20.0852,2923
"2026-09-09 18:00:00","2026-09-10 09:00:00","CAPE","surface",-70.069,20.0852,2888
"2026-09-09 18:00:00","2026-09-10 09:00:00","CAPE","surface",-70.0451,20.0852,2790
"2026-09-09 18:00:00","2026-09-10 09:00:00","CAPE","surface",-70.0212,20.0852,2853
"2026-09-09 18:00:00","2026-09-10 09:00:00","CAPE","surface",-69.9972,20.0852,2840
"2026-09-09 18:00:00","2026-09-10 09:00:00","CAPE","surface",-69.9733,20.0852,3003
"2026-09-09 18:00:00","2026-09-10 09:00:00","CAPE","surface",-69.9494,20.0852,3116
"2026-09-09 18:00:00","2026-09-10 09:00:00","CAPE","surface",-69.9255,20.0852,3198
"2026-09-09 18:00:00","2026-09-10 09:00:00","CAPE","surface",-69.9015,20.0852,3118
"2026-09-09 18:00:00","2026-09-10 09:00:00","CAPE","surface",-69.8776,20.0852,2822
"2026-09-09 18:00:00","2026-09-10 09:00:00","CAPE","surface",-69.8537,20.0852,2832
"2026-09-09 18:00:00","2026-09-10 09:00:00","CAPE","surface",-69.8298,20.0852,1922
"2026-09-09 18:00:00","2026-09-10 09:00:00","CAPE","surface",-69.8058,20.0852,2350
"2026-09-09 18:00:00","2026-09-10 09:00:00","CAPE","surface",-69.7819,20.0852,1256
"2026-09-09 18:00:00","2026-09-10 09:00:00","CAPE","surface",-69.758,20.0852,1937
"2026-09-09 18:00:00","2026-09-10 09:00:00","CAPE","surface",-69.7341,20.0852,1681
"2026-09-09 18:00:00","2026-09-10 09:00:00","CAPE","surface",-69.7101,20.0852,1553
"2026-09-09 18:00:00","2026-09-10 09:00:00","CAPE","surface",-69.6862,20.0852,2422
"2026-09-09 18:00:00","2026-09-10 09:00:00","CAPE","surface",-69.6623,20.0852,1624
"2026-09-09 18:00:00","2026-09-10 09:00:00","CAPE","surface",-69.6384,20.0852,2478
"2026-09-09 18:00:00","2026-09-10 09:00:00","CAPE","surface",-69.6144,20.0852,2446
"2026-09-09 18:00:00","2026-09-10 09:00:00","CAPE","surface",-69.5905,20.0852,2637
"2026-09-09 18:00:00","2026-09-10 09:00:00","CAPE","surface",-69.5666,20.0852,2363
"2026-09-09 18:00:00","2026-09-10 09:00:00","CAPE","surface",-69.5427,20.0852,2644
"2026-09-09 18:00:00","2026-09-10 09:00:00","CAPE","surface",-69.5187,20.0852,2759
"2026-09-09 18:00:00","2026-09-10 09:00:00","CAPE","surface",-69.4948,20.0852,2868
"2026-09-09 18:00:00","2026-09-10 09:00:00","CAPE","surface",-69.4709,20.0852,2966
"2026-09-09 18:00:00","2026-09-10 09:00:00","CAPE","surface",-69.447,20.0852,3224
"2026-09-09 18:00:00","2026-09-10 09:00:00","CAPE","surface",-69.423,20.0852,3268
"2026-09-09 18:00:00","2026-09-10 09:00:00","CAPE","surface",-69.3991,20.0852,3527
"2026-09-09 18:00:00","2026-09-10 09:00:00","CAPE","surface",-69.3752,20.0852,3557
"2026-09-09 18:00:00","2026-09-10 09:00:00","CAPE","surface",-69.3513,20.0852,3348
"2026-09-09 18:00:00","2026-09-10 09:00:00","CAPE","surface",-69.3273,20.0852,3508
"2026-09-09 18:00:00","2026-09-10 09:00:00","CAPE","surface",-69.3034,20.0852,3311
"2026-09-09 18:00:00","2026-09-10 09:00:00","CAPE","surface",-69.2795,20.0852,3254
"2026-09-09 18:00:00","2026-09-10 09:00:00","CAPE","surface",-69.2556,20.0852,3040
"2026-09-09 18:00:00","2026-09-10 09:00:00","CAPE","surface",-69.2316,20.0852,3087
"2026-09-09 18:00:00","2026-09-10 09:00:00","CAPE","surface",-69.2077,20.0852,3030
"2026-09-09 18:00:00","2026-09-10 09:00:00","CAPE","surface",-69.1838,20.0852,2898
"2026-09-09 18:00:00","2026-09-10 09:00:00","CAPE","surface",-69.1599,20.0852,2898
"2026-09-09 18:00:00","2026-09-10 09:00:00","CAPE","surface",-69.1359,20.0852,2854
"2026-09-09 18:00:00","2026-09-10 09:00:00","CAPE","surface",-69.112,20.0852,2886
"2026-09-09 18:00:00","2026-09-10 09:00:00","CAPE","surface",-69.0881,20.0852,2998
"2026-09-09 18:00:00","2026-09-10 09:00:00","CAPE","surface",-69.0642,20.0852,2998
"2026-09-09 18:00:00","2026-09-10 09:00:00","CAPE","surface",-69.0402,20.0852,3076
"2026-09-09 18:00:00","2026-09-10 09:00:00","CAPE","surface",-69.0163,20.0852,3136
"2026-09-09 18:00:00","2026-09-10 09:00:00","CAPE","surface",-68.9924,20.0852,3104
"2026-09-09 18:00:00","2026-09-10 09:00:00","CAPE","surface",-68.9685,20.0852,3055
"2026-09-09 18:00:00","2026-09-10 09:00:00","CAPE","surface",-68.9445,20.0852,3059
"2026-09-09 18:00:00","2026-09-10 09:00:00","CAPE","surface",-68.9206,20.0852,3016
"2026-09-09 18:00:00","2026-09-10 09:00:00","CAPE","surface",-68.8967,20.0852,2994
"2026-09-09 18:00:00","2026-09-10 09:00:00","CAPE","surface",-68.8728,20.0852,2924
"2026-09-09 18:00:00","2026-09-10 09:00:00","CAPE","surface",-68.8488,20.0852,2924
"2026-09-09 18:00:00","2026-09-10 09:00:00","CAPE","surface",-68.8249,20.0852,2865
"2026-09-09 18:00:00","2026-09-10 09:00:00","CAPE","surface",-68.801,20.0852,2866
"2026-09-09 18:00:00","2026-09-10 09:00:00","CAPE","surface",-68.7771,20.0852,2794
"2026-09-09 18:00:00","2026-09-10 09:00:00","CAPE","surface",-68.7531,20.0852,2794
"2026-09-09 18:00:00","2026-09-10 09:00:00","CAPE","surface",-68.7292,20.0852,2763
"2026-09-09 18:00:00","2026-09-10 09:00:00","CAPE","surface",-68.7053,20.0852,2795
"2026-09-09 18:00:00","2026-09-10 09:00:00","CAPE","surface",-68.6813,20.0852,2863
"2026-09-09 18:00:00","2026-09-10 09:00:00","CAPE","surface",-68.6574,20.0852,2826
"2026-09-09 18:00:00","2026-09-10 09:00:00","CAPE","surface",-68.6335,20.0852,2819
"2026-09-09 18:00:00","2026-09-10 09:00:00","CAPE","surface",-68.6096,20.0852,2822
"2026-09-09 18:00:00","2026-09-10 09:00:00","CAPE","surface",-68.5856,20.0852,2859
"2026-09-09 18:00:00","2026-09-10 09:00:00","CAPE","surface",-68.5617,20.0852,2857
"2026-09-09 18:00:00","2026-09-10 09:00:00","CAPE","surface",-68.5378,20.0852,2846
"2026-09-09 18:00:00","2026-09-10 09:00:00","CAPE","surface",-68.5139,20.0852,2945
"2026-09-09 18:00:00","2026-09-10 09:00:00","CAPE","surface",-68.4899,20.0852,2905
"2026-09-09 18:00:00","2026-09-10 09:00:00","CAPE","surface",-68.466,20.0852,3030
"2026-09-09 18:00:00","2026-09-10 09:00:00","CAPE","surface",-68.4421,20.0852,3186
"2026-09-09 18:00:00","2026-09-10 09:00:00","CAPE","surface",-68.4182,20.0852,3160
"2026-09-09 18:00:00","2026-09-10 09:00:00","CAPE","surface",-68.3942,20.0852,3113
"2026-09-09 18:00:00","2026-09-10 09:00:00","CAPE","surface",-68.3703,20.0852,3057
"2026-09-09 18:00:00","2026-09-10 09:00:00","CAPE","surface",-68.3464,20.0852,3000
"2026-09-09 18:00:00","2026-09-10 09:00:00","CAPE","surface",-68.3225,20.0852,2988
"2026-09-09 18:00:00","2026-09-10 09:00:00","CAPE","surface",-68.2985,20.0852,2889
"2026-09-09 18:00:00","2026-09-10 09:00:00","CAPE","surface",-68.2746,20.0852,2947
"2026-09-09 18:00:00","2026-09-10 09:00:00","CAPE","surface",-68.2507,20.0852,2906
"2026-09-09 18:00:00","2026-09-10 09:00:00","CAPE","surface",-68.2268,20.0852,3052
"2026-09-09 18:00:00","2026-09-10 09:00:00","CAPE","surface",-68.2028,20.0852,3121
"2026-09-09 18:00:00","2026-09-10 09:00:00","CAPE","surface",-68.1789,20.0852,3236
"2026-09-09 18:00:00","2026-09-10 09:00:00","CAPE","surface",-68.155,20.0852,3236
"2026-09-09 18:00:00","2026-09-10 09:00:00","CAPE","surface",-68.1311,20.0852,3106
"2026-09-09 18:00:00","2026-09-10 09:00:00","CAPE","surface",-68.1071,20.0852,2868
"2026-09-09 18:00:00","2026-09-10 09:00:00","CAPE","surface",-68.0832,20.0852,2774
"2026-09-09 18:00:00","2026-09-10 09:00:00","CAPE","surface",-68.0593,20.0852,2774
"2026-09-09 18:00:00","2026-09-10 09:00:00","CAPE","surface",-68.0354,20.0852,2776
"2026-09-09 18:00:00","2026-09-10 09:00:00","CAPE","surface",-68.0114,20.0852,2845
"2026-09-09 18:00:00","2026-09-10 09:00:00","CAPE","surface",-67.9875,20.0852,2837
"2026-09-09 18:00:00","2026-09-10 09:00:00","CAPE","surface",-67.9636,20.0852,3143
"2026-09-09 18:00:00","2026-09-10 09:00:00","CAPE","surface",-67.9397,20.0852,3104
"2026-09-09 18:00:00","2026-09-10 09:00:00","CAPE","surface",-67.9157,20.0852,3372
"2026-09-09 18:00:00","2026-09-10 09:00:00","CAPE","surface",-67.8918,20.0852,3220
"2026-09-09 18:00:00","2026-09-10 09:00:00","CAPE","surface",-67.8679,20.0852,3464
"2026-09-09 18:00:00","2026-09-10 09:00:00","CAPE","surface",-67.844,20.0852,3351
"2026-09-09 18:00:00","2026-09-10 09:00:00","CAPE","surface",-67.82,20.0852,3472
"2026-09-09 18:00:00","2026-09-10 09:00:00","CAPE","surface",-67.7961,20.0852,3477
"2026-09-09 18:00:00","2026-09-10 09:00:00","CAPE","surface",-67.7722,20.0852,3477
"2026-09-09 18:00:00","2026-09-10 09:00:00","CAPE","surface",-67.7483,20.0852,3404
"2026-09-09 18:00:00","2026-09-10 09:00:00","CAPE","surface",-67.7243,20.0852,3379
"2026-09-09 18:00:00","2026-09-10 09:00:00","CAPE","surface",-67.7004,20.0852,3319
"2026-09-09 18:00:00","2026-09-10 09:00:00","CAPE","surface",-67.6765,20.0852,3319
"2026-09-09 18:00:00","2026-09-10 09:00:00","CAPE","surface",-67.6526,20.0852,3247
"2026-09-09 18:00:00","2026-09-10 09:00:00","CAPE","surface",-67.6286,20.0852,3156
"2026-09-09 18:00:00","2026-09-10 09:00:00","CAPE","surface",-67.6047,20.0852,3046
"2026-09-09 18:00:00","2026-09-10 09:00:00","CAPE","surface",-67.5808,20.0852,2991
"2026-09-09 18:00:00","2026-09-10 09:00:00","CAPE","surface",-67.5569,20.0852,2948
"2026-09-09 18:00:00","2026-09-10 09:00:00","CAPE","surface",-67.5329,20.0852,2996
"2026-09-09 18:00:00","2026-09-10 09:00:00","CAPE","surface",-67.509,20.0852,3013
"2026-09-09 18:00:00","2026-09-10 09:00:00","CAPE","surface",-67.4851,20.0852,3057
"2026-09-09 18:00:00","2026-09-10 09:00:00","CAPE","surface",-67.4612,20.0852,3117
"2026-09-09 18:00:00","2026-09-10 09:00:00","CAPE","surface",-67.4372,20.0852,3229
"2026-09-09 18:00:00","2026-09-10 09:00:00","CAPE","surface",-67.4133,20.0852,3330
"2026-09-09 18:00:00","2026-09-10 09:00:00","CAPE","surface",-67.3894,20.0852,3208
"2026-09-09 18:00:00","2026-09-10 09:00:00","CAPE","surface",-67.3655,20.0852,3115
"2026-09-09 18:00:00","2026-09-10 09:00:00","CAPE","surface",-67.3415,20.0852,3254
"2026-09-09 18:00:00","2026-09-10 09:00:00","CAPE","surface",-67.3176,20.0852,3143
"2026-09-09 18:00:00","2026-09-10 09:00:00","CAPE","surface",-67.2937,20.0852,3143
"2026-09-09 18:00:00","2026-09-10 09:00:00","CAPE","surface",-67.2698,20.0852,2979
"2026-09-09 18:00:00","2026-09-10 09:00:00","CAPE","surface",-67.2458,20.0852,3075
"2026-09-09 18:00:00","2026-09-10 09:00:00","CAPE","surface",-67.2219,20.0852,3067
"2026-09-09 18:00:00","2026-09-10 09:00:00","CAPE","surface",-67.198,20.0852,3067
"2026-09-09 18:00:00","2026-09-10 09:00:00","CAPE","surface",-67.1741,20.0852,3003
"2026-09-09 18:00:00","2026-09-10 09:00:00","CAPE","surface",-67.1501,20.0852,2939
"2026-09-09 18:00:00","2026-09-10 09:00:00","CAPE","surface",-67.1262,20.0852,3060
"2026-09-09 18:00:00","2026-09-10 09:00:00","CAPE","surface",-67.1023,20.0852,2900
"2026-09-09 18:00:00","2026-09-10 09:00:00","CAPE","surface",-67.0784,20.0852,2990
"2026-09-09 18:00:00","2026-09-10 09:00:00","CAPE","surface",-67.0544,20.0852,3049
"2026-09-09 18:00:00","2026-09-10 09:00:00","CAPE","surface",-67.0305,20.0852,3126
"2026-09-09 18:00:00","2026-09-10 09:00:00","CAPE","surface",-67.0066,20.0852,3161
"2026-09-09 18:00:00","2026-09-10 09:00:00","CAPE","surface",-74.7822,20.1076,1257
"2026-09-09 18:00:00","2026-09-10 09:00:00","CAPE","surface",-74.7583,20.1076,1498
"2026-09-09 18:00:00","2026-09-10 09:00:00","CAPE","surface",-74.7344,20.1076,1556
"2026-09-09 18:00:00","2026-09-10 09:00:00","CAPE","surface",-74.7105,20.1076,1556
"2026-09-09 18:00:00","2026-09-10 09:00:00","CAPE","surface",-74.6865,20.1076,1578
"2026-09-09 18:00:00","2026-09-10 09:00:00","CAPE","surface",-74.6626,20.1076,1797
"2026-09-09 18:00:00","2026-09-10 09:00:00","CAPE","surface",-74.6387,20.1076,1910
"2026-09-09 18:00:00","2026-09-10 09:00:00","CAPE","surface",-74.6148,20.1076,2065
"2026-09-09 18:00:00","2026-09-10 09:00:00","CAPE","surface",-74.5908,20.1076,2013
"2026-09-09 18:00:00","2026-09-10 09:00:00","CAPE","surface",-74.5669,20.1076,2176
"2026-09-09 18:00:00","2026-09-10 09:00:00","CAPE","surface",-74.543,20.1076,2294
"2026-09-09 18:00:00","2026-09-10 09:00:00","CAPE","surface",-74.5191,20.1076,2283
"2026-09-09 18:00:00","2026-09-10 09:00:00","CAPE","surface",-74.4951,20.1076,2347
"2026-09-09 18:00:00","2026-09-10 09:00:00","CAPE","surface",-74.4712,20.1076,2492
"2026-09-09 18:00:00","2026-09-10 09:00:00","CAPE","surface",-74.4473,20.1076,2453
"2026-09-09 18:00:00","2026-09-10 09:00:00","CAPE","surface",-74.4234,20.1076,2488
"2026-09-09 18:00:00","2026-09-10 09:00:00","CAPE","surface",-74.3994,20.1076,2367
"2026-09-09 18:00:00","2026-09-10 09:00:00","CAPE","surface",-74.3755,20.1076,2341
"2026-09-09 18:00:00","2026-09-10 09:00:00","CAPE","surface",-74.3516,20.1076,2172
"2026-09-09 18:00:00","2026-09-10 09:00:00","CAPE","surface",-74.3277,20.1076,2172
"2026-09-09 18:00:00","2026-09-10 09:00:00","CAPE","surface",-74.3037,20.1076,2251
"2026-09-09 18:00:00","2026-09-10 09:00:00","CAPE","surface",-74.2798,20.1076,2352
"2026-09-09 18:00:00","2026-09-10 09:00:00","CAPE","surface",-74.2559,20.1076,2475
"2026-09-09 18:00:00","2026-09-10 09:00:00","CAPE","surface",-74.232,20.1076,2549
"2026-09-09 18:00:00","2026-09-10 09:00:00","CAPE","surface",-74.208,20.1076,2648
"2026-09-09 18:00:00","2026-09-10 09:00:00","CAPE","surface",-74.1841,20.1076,2648
"2026-09-09 18:00:00","2026-09-10 09:00:00","CAPE","surface",-74.1602,20.1076,2609
"2026-09-09 18:00:00","2026-09-10 09:00:00","CAPE","surface",-74.1363,20.1076,2591
"2026-09-09 18:00:00","2026-09-10 09:00:00","CAPE","surface",-74.1123,20.1076,2476
"2026-09-09 18:00:00","2026-09-10 09:00:00","CAPE","surface",-74.0884,20.1076,2419
"2026-09-09 18:00:00","2026-09-10 09:00:00","CAPE","surface",-74.0645,20.1076,2436
"2026-09-09 18:00:00","2026-09-10 09:00:00","CAPE","surface",-74.0406,20.1076,2408
"2026-09-09 18:00:00","2026-09-10 09:00:00","CAPE","surface",-74.0166,20.1076,2595
"2026-09-09 18:00:00","2026-09-10 09:00:00","CAPE","surface",-73.9927,20.1076,2585
"2026-09-09 18:00:00","2026-09-10 09:00:00","CAPE","surface",-73.9688,20.1076,2760
"2026-09-09 18:00:00","2026-09-10 09:00:00","CAPE","surface",-73.9449,20.1076,2814
"2026-09-09 18:00:00","2026-09-10 09:00:00","CAPE","surface",-73.9209,20.1076,2781
"2026-09-09 18:00:00","2026-09-10 09:00:00","CAPE","surface",-73.897,20.1076,2699
"2026-09-09 18:00:00","2026-09-10 09:00:00","CAPE","surface",-73.8731,20.1076,2671
"2026-09-09 18:00:00","2026-09-10 09:00:00","CAPE","surface",-73.8492,20.1076,2575
"2026-09-09 18:00:00","2026-09-10 09:00:00","CAPE","surface",-73.8252,20.1076,2575
"2026-09-09 18:00:00","2026-09-10 09:00:00","CAPE","surface",-73.8013,20.1076,2495
"2026-09-09 18:00:00","2026-09-10 09:00:00","CAPE","surface",-73.7774,20.1076,2460
"2026-09-09 18:00:00","2026-09-10 09:00:00","CAPE","surface",-73.7535,20.1076,2407
"2026-09-09 18:00:00","2026-09-10 09:00:00","CAPE","surface",-73.7295,20.1076,2401
"2026-09-09 18:00:00","2026-09-10 09:00:00","CAPE","surface",-73.7056,20.1076,2368
"2026-09-09 18:00:00","2026-09-10 09:00:00","CAPE","surface",-73.6817,20.1076,2368
"2026-09-09 18:00:00","2026-09-10 09:00:00","CAPE","surface",-73.6578,20.1076,2318
"2026-09-09 18:00:00","2026-09-10 09:00:00","CAPE","surface",-73.6338,20.1076,2320
"2026-09-09 18:00:00","2026-09-10 09:00:00","CAPE","surface",-73.6099,20.1076,2262
"2026-09-09 18:00:00","2026-09-10 09:00:00","CAPE","surface",-73.586,20.1076,2274
"2026-09-09 18:00:00","2026-09-10 09:00:00","CAPE","surface",-73.5621,20.1076,2224
"2026-09-09 18:00:00","2026-09-10 09:00:00","CAPE","surface",-73.5381,20.1076,2228
"2026-09-09 18:00:00","2026-09-10 09:00:00","CAPE","surface",-73.5142,20.1076,2183
"2026-09-09 18:00:00","2026-09-10 09:00:00","CAPE","surface",-73.4903,20.1076,2211
"2026-09-09 18:00:00","2026-09-10 09:00:00","CAPE","surface",-73.4664,20.1076,2183
"2026-09-09 18:00:00","2026-09-10 09:00:00","CAPE","surface",-73.4424,20.1076,2183
"2026-09-09 18:00:00","2026-09-10 09:00:00","CAPE","surface",-73.4185,20.1076,2165
"2026-09-09 18:00:00","2026-09-10 09:00:00","CAPE","surface",-73.3946,20.1076,2193
"2026-09-09 18:00:00","2026-09-10 09:00:00","CAPE","surface",-73.3707,20.1076,2185
"2026-09-09 18:00:00","2026-09-10 09:00:00","CAPE","surface",-73.3467,20.1076,2190
"2026-09-09 18:00:00","2026-09-10 09:00:00","CAPE","surface",-73.3228,20.1076,2167
"2026-09-09 18:00:00","2026-09-10 09:00:00","CAPE","surface",-73.2989,20.1076,2194
"2026-09-09 18:00:00","2026-09-10 09:00:00","CAPE","surface",-73.275,20.1076,2167
"2026-09-09 18:00:00","2026-09-10 09:00:00","CAPE","surface",-73.251,20.1076,2195
"2026-09-09 18:00:00","2026-09-10 09:00:00","CAPE","surface",-73.2271,20.1076,2142
"2026-09-09 18:00:00","2026-09-10 09:00:00","CAPE","surface",-73.2032,20.1076,2142
"2026-09-09 18:00:00","2026-09-10 09:00:00","CAPE","surface",-73.1793,20.1076,2108
"2026-09-09 18:00:00","2026-09-10 09:00:00","CAPE","surface",-73.1553,20.1076,2117
"2026-09-09 18:00:00","2026-09-10 09:00:00","CAPE","surface",-73.1314,20.1076,2085
"2026-09-09 18:00:00","2026-09-10 09:00:00","CAPE","surface",-73.1075,20.1076,2085
"2026-09-09 18:00:00","2026-09-10 09:00:00","CAPE","surface",-73.0836,20.1076,2062
"2026-09-09 18:00:00","2026-09-10 09:00:00","CAPE","surface",-73.0596,20.1076,2064
"2026-09-09 18:00:00","2026-09-10 09:00:00","CAPE","surface",-73.0357,20.1076,2031
"2026-09-09 18:00:00","2026-09-10 09:00:00","CAPE","surface",-73.0118,20.1076,2037
"2026-09-09 18:00:00","2026-09-10 09:00:00","CAPE","surface",-72.9879,20.1076,2007
"2026-09-09 18:00:00","2026-09-10 09:00:00","CAPE","surface",-72.9639,20.1076,2007
"2026-09-09 18:00:00","2026-09-10 09:00:00","CAPE","surface",-72.94,20.1076,2000
"2026-09-09 18:00:00","2026-09-10 09:00:00","CAPE","surface",-72.9161,20.1076,1946
"2026-09-09 18:00:00","2026-09-10 09:00:00","CAPE","surface",-72.8922,20.1076,1951
"2026-09-09 18:00:00","2026-09-10 09:00:00","CAPE","surface",-72.8682,20.1076,1840
"2026-09-09 18:00:00","2026-09-10 09:00:00","CAPE","surface",-72.8443,20.1076,1995
"2026-09-09 18:00:00","2026-09-10 09:00:00","CAPE","surface",-72.8204,20.1076,2110
"2026-09-09 18:00:00","2026-09-10 09:00:00","CAPE","surface",-72.7965,20.1076,2089
"2026-09-09 18:00:00","2026-09-10 09:00:00","CAPE","surface",-72.7725,20.1076,2065
"2026-09-09 18:00:00","2026-09-10 09:00:00","CAPE","surface",-72.7486,20.1076,2044
"2026-09-09 18:00:00","2026-09-10 09:00:00","CAPE","surface",-72.7247,20.1076,2141
"2026-09-09 18:00:00","2026-09-10 09:00:00","CAPE","surface",-72.7008,20.1076,2115
"2026-09-09 18:00:00","2026-09-10 09:00:00","CAPE","surface",-72.6768,20.1076,2214
"2026-09-09 18:00:00","2026-09-10 09:00:00","CAPE","surface",-72.6529,20.1076,2177
"2026-09-09 18:00:00","2026-09-10 09:00:00","CAPE","surface",-72.629,20.1076,2189
"2026-09-09 18:00:00","2026-09-10 09:00:00","CAPE","surface",-72.6051,20.1076,2189
"2026-09-09 18:00:00","2026-09-10 09:00:00","CAPE","surface",-72.5811,20.1076,2155
"2026-09-09 18:00:00","2026-09-10 09:00:00","CAPE","surface",-72.5572,20.1076,2125
"2026-09-09 18:00:00","2026-09-10 09:00:00","CAPE","surface",-72.5333,20.1076,2089
"2026-09-09 18:00:00","2026-09-10 09:00:00","CAPE","surface",-72.5094,20.1076,2038
"2026-09-09 18:00:00","2026-09-10 09:00:00","CAPE","surface",-72.4854,20.1076,2076
"2026-09-09 18:00:00","2026-09-10 09:00:00","CAPE","surface",-72.4615,20.1076,2009
"2026-09-09 18:00:00","2026-09-10 09:00:00","CAPE","surface",-72.4376,20.1076,2153
"2026-09-09 18:00:00","2026-09-10 09:00:00","CAPE","surface",-72.4137,20.1076,2121
"2026-09-09 18:00:00","2026-09-10 09:00:00","CAPE","surface",-72.3897,20.1076,2310
"2026-09-09 18:00:00","2026-09-10 09:00:00","CAPE","surface",-72.3658,20.1076,2310
"2026-09-09 18:00:00","2026-09-10 09:00:00","CAPE","surface",-72.3419,20.1076,2373
"2026-09-09 18:00:00","2026-09-10 09:00:00","CAPE","surface",-72.318,20.1076,2337
"2026-09-09 18:00:00","2026-09-10 09:00:00","CAPE","surface",-72.294,20.1076,2308
"2026-09-09 18:00:00","2026-09-10 09:00:00","CAPE","surface",-72.2701,20.1076,2278
"2026-09-09 18:00:00","2026-09-10 09:00:00","CAPE","surface",-72.2462,20.1076,2306
"2026-09-09 18:00:00","2026-09-10 09:00:00","CAPE","surface",-72.2223,20.1076,2312
"2026-09-09 18:00:00","2026-09-10 09:00:00","CAPE","surface",-72.1983,20.1076,2328
"2026-09-09 18:00:00","2026-09-10 09:00:00","CAPE","surface",-72.1744,20.1076,2328
"2026-09-09 18:00:00","2026-09-10 09:00:00","CAPE","surface",-72.1505,20.1076,2307
"2026-09-09 18:00:00","2026-09-10 09:00:00","CAPE","surface",-72.1266,20.1076,2337
"2026-09-09 18:00:00","2026-09-10 09:00:00","CAPE","surface",-72.1026,20.1076,2330
"2026-09-09 18:00:00","2026-09-10 09:00:00","CAPE","surface",-72.0787,20.1076,2353
"2026-09-09 18:00:00","2026-09-10 09:00:00","CAPE","surface",-72.0548,20.1076,2303
"2026-09-09 18:00:00","2026-09-10 09:00:00","CAPE","surface",-72.0309,20.1076,2324
"2026-09-09 18:00:00","2026-09-10 09:00:00","CAPE","surface",-72.0069,20.1076,2324
"2026-09-09 18:00:00","2026-09-10 09:00:00","CAPE","surface",-71.983,20.1076,2331
"2026-09-09 18:00:00","2026-09-10 09:00:00","CAPE","surface",-71.9591,20.1076,2260
"2026-09-09 18:00:00","2026-09-10 09:00:00","CAPE","surface",-71.9352,20.1076,2202
"2026-09-09 18:00:00","2026-09-10 09:00:00","CAPE","surface",-71.9112,20.1076,2202
"2026-09-09 18:00:00","2026-09-10 09:00:00","CAPE","surface",-71.8873,20.1076,2130
"2026-09-09 18:00:00","2026-09-10 09:00:00","CAPE","surface",-71.8634,20.1076,2058
"2026-09-09 18:00:00","2026-09-10 09:00:00","CAPE","surface",-71.8395,20.1076,1994
"2026-09-09 18:00:00","2026-09-10 09:00:00","CAPE","surface",-71.8155,20.1076,1950
"2026-09-09 18:00:00","2026-09-10 09:00:00","CAPE","surface",-71.7916,20.1076,2058
"2026-09-09 18:00:00","2026-09-10 09:00:00","CAPE","surface",-71.7677,20.1076,2006
"2026-09-09 18:00:00","2026-09-10 09:00:00","CAPE","surface",-71.7438,20.1076,2126
"2026-09-09 18:00:00","2026-09-10 09:00:00","CAPE","surface",-71.7198,20.1076,2066
"2026-09-09 18:00:00","2026-09-10 09:00:00","CAPE","surface",-71.6959,20.1076,2184
"2026-09-09 18:00:00","2026-09-10 09:00:00","CAPE","surface",-71.672,20.1076,2267
"2026-09-09 18:00:00","2026-09-10 09:00:00","CAPE","surface",-71.6481,20.1076,2221
"2026-09-09 18:00:00","2026-09-10 09:00:00","CAPE","surface",-71.6241,20.1076,2228
"2026-09-09 18:00:00","2026-09-10 09:00:00","CAPE","surface",-71.6002,20.1076,2208
"2026-09-09 18:00:00","2026-09-10 09:00:00","CAPE","surface",-71.5763,20.1076,2257
"2026-09-09 18:00:00","2026-09-10 09:00:00","CAPE","surface",-71.5524,20.1076,2257
"2026-09-09 18:00:00","2026-09-10 09:00:00","CAPE","surface",-71.5284,20.1076,2393
"2026-09-09 18:00:00","2026-09-10 09:00:00","CAPE","surface",-71.5045,20.1076,2338
"2026-09-09 18:00:00","2026-09-10 09:00:00","CAPE","surface",-71.4806,20.1076,2504
"2026-09-09 18:00:00","2026-09-10 09:00:00","CAPE","surface",-71.4567,20.1076,2504
"2026-09-09 18:00:00","2026-09-10 09:00:00","CAPE","surface",-71.4327,20.1076,2695
"2026-09-09 18:00:00","2026-09-10 09:00:00","CAPE","surface",-71.4088,20.1076,2628
"2026-09-09 18:00:00","2026-09-10 09:00:00","CAPE","surface",-71.3849,20.1076,2786
"2026-09-09 18:00:00","2026-09-10 09:00:00","CAPE","surface",-71.361,20.1076,2694
"2026-09-09 18:00:00","2026-09-10 09:00:00","CAPE","surface",-71.337,20.1076,2839
"2026-09-09 18:00:00","2026-09-10 09:00:00","CAPE","surface",-71.3131,20.1076,2808
"2026-09-09 18:00:00","2026-09-10 09:00:00","CAPE","surface",-71.2892,20.1076,2909
"2026-09-09 18:00:00","2026-09-10 09:00:00","CAPE","surface",-71.2653,20.1076,2866
"2026-09-09 18:00:00","2026-09-10 09:00:00","CAPE","surface",-71.2413,20.1076,2942
"2026-09-09 18:00:00","2026-09-10 09:00:00","CAPE","surface",-71.2174,20.1076,2850
"2026-09-09 18:00:00","2026-09-10 09:00:00","CAPE","surface",-71.1935,20.1076,2886
"2026-09-09 18:00:00","2026-09-10 09:00:00","CAPE","surface",-71.1696,20.1076,2734
"2026-09-09 18:00:00","2026-09-10 09:00:00","CAPE","surface",-71.1456,20.1076,2789
"2026-09-09 18:00:00","2026-09-10 09:00:00","CAPE","surface",-71.1217,20.1076,2636
"2026-09-09 18:00:00","2026-09-10 09:00:00","CAPE","surface",-71.0978,20.1076,2625
"2026-09-09 18:00:00","2026-09-10 09:00:00","CAPE","surface",-71.0739,20.1076,2659
"2026-09-09 18:00:00","2026-09-10 09:00:00","CAPE","surface",-71.0499,20.1076,2651
"2026-09-09 18:00:00","2026-09-10 09:00:00","CAPE","surface",-71.026,20.1076,2886
"2026-09-09 18:00:00","2026-09-10 09:00:00","CAPE","surface",-71.0021,20.1076,2886
"2026-09-09 18:00:00","2026-09-10 09:00:00","CAPE","surface",-70.9782,20.1076,3019
"2026-09-09 18:00:00","2026-09-10 09:00:00","CAPE","surface",-70.9542,20.1076,2970
"2026-09-09 18:00:00","2026-09-10 09:00:00","CAPE","surface",-70.9303,20.1076,2732
"2026-09-09 18:00:00","2026-09-10 09:00:00","CAPE","surface",-70.9064,20.1076,2732
"2026-09-09 18:00:00","2026-09-10 09:00:00","CAPE","surface",-70.8825,20.1076,2472
"2026-09-09 18:00:00","2026-09-10 09:00:00","CAPE","surface",-70.8585,20.1076,2465
"2026-09-09 18:00:00","2026-09-10 09:00:00","CAPE","surface",-70.8346,20.1076,2366
"2026-09-09 18:00:00","2026-09-10 09:00:00","CAPE","surface",-70.8107,20.1076,2599
"2026-09-09 18:00:00","2026-09-10 09:00:00","CAPE","surface",-70.7868,20.1076,2599
"2026-09-09 18:00:00","2026-09-10 09:00:00","CAPE","surface",-70.7628,20.1076,2943
"2026-09-09 18:00:00","2026-09-10 09:00:00","CAPE","surface",-70.7389,20.1076,2883
"2026-09-09 18:00:00","2026-09-10 09:00:00","CAPE","surface",-70.715,20.1076,3009
"2026-09-09 18:00:00","2026-09-10 09:00:00","CAPE","surface",-70.6911,20.1076,3009
"2026-09-09 18:00:00","2026-09-10 09:00:00","CAPE","surface",-70.6671,20.1076,2931
"2026-09-09 18:00:00","2026-09-10 09:00:00","CAPE","surface",-70.6432,20.1076,2451
"2026-09-09 18:00:00","2026-09-10 09:00:00","CAPE","surface",-70.6193,20.1076,2375
"2026-09-09 18:00:00","2026-09-10 09:00:00","CAPE","surface",-70.5954,20.1076,2086
"2026-09-09 18:00:00","2026-09-10 09:00:00","CAPE","surface",-70.5714,20.1076,2618
"2026-09-09 18:00:00","2026-09-10 09:00:00","CAPE","surface",-70.5475,20.1076,2413
"2026-09-09 18:00:00","2026-09-10 09:00:00","CAPE","surface",-70.5236,20.1076,2967
"2026-09-09 18:00:00","2026-09-10 09:00:00","CAPE","surface",-70.4997,20.1076,3186
"2026-09-09 18:00:00","2026-09-10 09:00:00","CAPE","surface",-70.4757,20.1076,3186
"2026-09-09 18:00:00","2026-09-10 09:00:00","CAPE","surface",-70.4518,20.1076,2986
"2026-09-09 18:00:00","2026-09-10 09:00:00","CAPE","surface",-70.4279,20.1076,2984
"2026-09-09 18:00:00","2026-09-10 09:00:00","CAPE","surface",-70.404,20.1076,2935
"2026-09-09 18:00:00","2026-09-10 09:00:00","CAPE","surface",-70.38,20.1076,2830
"2026-09-09 18:00:00","2026-09-10 09:00:00","CAPE","surface",-70.3561,20.1076,2944
"2026-09-09 18:00:00","2026-09-10 09:00:00","CAPE","surface",-70.3322,20.1076,2728
"2026-09-09 18:00:00","2026-09-10 09:00:00","CAPE","surface",-70.3083,20.1076,2624
"2026-09-09 18:00:00","2026-09-10 09:00:00","CAPE","surface",-70.2843,20.1076,2535
"2026-09-09 18:00:00","2026-09-10 09:00:00","CAPE","surface",-70.2604,20.1076,2671
"2026-09-09 18:00:00","2026-09-10 09:00:00","CAPE","surface",-70.2365,20.1076,2644
"2026-09-09 18:00:00","2026-09-10 09:00:00","CAPE","surface",-70.2126,20.1076,2745
"2026-09-09 18:00:00","2026-09-10 09:00:00","CAPE","surface",-70.1886,20.1076,2811
"2026-09-09 18:00:00","2026-09-10 09:00:00","CAPE","surface",-70.1647,20.1076,2884
"2026-09-09 18:00:00","2026-09-10 09:00:00","CAPE","surface",-70.1408,20.1076,2902
"2026-09-09 18:00:00","2026-09-10 09:00:00","CAPE","surface",-70.1169,20.1076,2915
"2026-09-09 18:00:00","2026-09-10 09:00:00","CAPE","surface",-70.0929,20.1076,2874
"2026-09-09 18:00:00","2026-09-10 09:00:00","CAPE","surface",-70.069,20.1076,2837
"2026-09-09 18:00:00","2026-09-10 09:00:00","CAPE","surface",-70.0451,20.1076,2839
"2026-09-09 18:00:00","2026-09-10 09:00:00","CAPE","surface",-70.0212,20.1076,2850
"2026-09-09 18:00:00","2026-09-10 09:00:00","CAPE","surface",-69.9972,20.1076,2945
"2026-09-09 18:00:00","2026-09-10 09:00:00","CAPE","surface",-69.9733,20.1076,3003
"2026-09-09 18:00:00","2026-09-10 09:00:00","CAPE","surface",-69.9494,20.1076,3215
"2026-09-09 18:00:00","2026-09-10 09:00:00","CAPE","surface",-69.9255,20.1076,3215
"2026-09-09 18:00:00","2026-09-10 09:00:00","CAPE","surface",-69.9015,20.1076,2941
"2026-09-09 18:00:00","2026-09-10 09:00:00","CAPE","surface",-69.8776,20.1076,1356
"2026-09-09 18:00:00","2026-09-10 09:00:00","CAPE","surface",-69.8537,20.1076,1565
"2026-09-09 18:00:00","2026-09-10 09:00:00","CAPE","surface",-69.8298,20.1076,683
"2026-09-09 18:00:00","2026-09-10 09:00:00","CAPE","surface",-69.8058,20.1076,900
"2026-09-09 18:00:00","2026-09-10 09:00:00","CAPE","surface",-69.7819,20.1076,595
"2026-09-09 18:00:00","2026-09-10 09:00:00","CAPE","surface",-69.758,20.1076,904
"2026-09-09 18:00:00","2026-09-10 09:00:00","CAPE","surface",-69.7341,20.1076,499
"2026-09-09 18:00:00","2026-09-10 09:00:00","CAPE","surface",-69.7101,20.1076,680
"2026-09-09 18:00:00","2026-09-10 09:00:00","CAPE","surface",-69.6862,20.1076,619
"2026-09-09 18:00:00","2026-09-10 09:00:00","CAPE","surface",-69.6623,20.1076,1624
"2026-09-09 18:00:00","2026-09-10 09:00:00","CAPE","surface",-69.6384,20.1076,1652
"2026-09-09 18:00:00","2026-09-10 09:00:00","CAPE","surface",-69.6144,20.1076,1652
"2026-09-09 18:00:00","2026-09-10 09:00:00","CAPE","surface",-69.5905,20.1076,1587
"2026-09-09 18:00:00","2026-09-10 09:00:00","CAPE","surface",-69.5666,20.1076,1693
"2026-09-09 18:00:00","2026-09-10 09:00:00","CAPE","surface",-69.5427,20.1076,2461
"2026-09-09 18:00:00","2026-09-10 09:00:00","CAPE","surface",-69.5187,20.1076,2239
"2026-09-09 18:00:00","2026-09-10 09:00:00","CAPE","surface",-69.4948,20.1076,2798
"2026-09-09 18:00:00","2026-09-10 09:00:00","CAPE","surface",-69.4709,20.1076,3137
"2026-09-09 18:00:00","2026-09-10 09:00:00","CAPE","surface",-69.447,20.1076,3224
"2026-09-09 18:00:00","2026-09-10 09:00:00","CAPE","surface",-69.423,20.1076,3377
"2026-09-09 18:00:00","2026-09-10 09:00:00","CAPE","surface",-69.3991,20.1076,3456
"2026-09-09 18:00:00","2026-09-10 09:00:00","CAPE","surface",-69.3752,20.1076,3185
"2026-09-09 18:00:00","2026-09-10 09:00:00","CAPE","surface",-69.3513,20.1076,3348
"2026-09-09 18:00:00","2026-09-10 09:00:00","CAPE","surface",-69.3273,20.1076,3100
"2026-09-09 18:00:00","2026-09-10 09:00:00","CAPE","surface",-69.3034,20.1076,2640
"2026-09-09 18:00:00","2026-09-10 09:00:00","CAPE","surface",-69.2795,20.1076,2846
"2026-09-09 18:00:00","2026-09-10 09:00:00","CAPE","surface",-69.2556,20.1076,2785
"2026-09-09 18:00:00","2026-09-10 09:00:00","CAPE","surface",-69.2316,20.1076,2958
"2026-09-09 18:00:00","2026-09-10 09:00:00","CAPE","surface",-69.2077,20.1076,2820
"2026-09-09 18:00:00","2026-09-10 09:00:00","CAPE","surface",-69.1838,20.1076,2858
"2026-09-09 18:00:00","2026-09-10 09:00:00","CAPE","surface",-69.1599,20.1076,2831
"2026-09-09 18:00:00","2026-09-10 09:00:00","CAPE","surface",-69.1359,20.1076,2854
"2026-09-09 18:00:00","2026-09-10 09:00:00","CAPE","surface",-69.112,20.1076,2965
"2026-09-09 18:00:00","2026-09-10 09:00:00","CAPE","surface",-69.0881,20.1076,2965
"2026-09-09 18:00:00","2026-09-10 09:00:00","CAPE","surface",-69.0642,20.1076,3070
"2026-09-09 18:00:00","2026-09-10 09:00:00","CAPE","surface",-69.0402,20.1076,3141
"2026-09-09 18:00:00","2026-09-10 09:00:00","CAPE","surface",-69.0163,20.1076,3141
"2026-09-09 18:00:00","2026-09-10 09:00:00","CAPE","surface",-68.9924,20.1076,3148
"2026-09-09 18:00:00","2026-09-10 09:00:00","CAPE","surface",-68.9685,20.1076,3116
"2026-09-09 18:00:00","2026-09-10 09:00:00","CAPE","surface",-68.9445,20.1076,3044
"2026-09-09 18:00:00","2026-09-10 09:00:00","CAPE","surface",-68.9206,20.1076,3044
"2026-09-09 18:00:00","2026-09-10 09:00:00","CAPE","surface",-68.8967,20.1076,2999
"2026-09-09 18:00:00","2026-09-10 09:00:00","CAPE","surface",-68.8728,20.1076,2984
"2026-09-09 18:00:00","2026-09-10 09:00:00","CAPE","surface",-68.8488,20.1076,2897
"2026-09-09 18:00:00","2026-09-10 09:00:00","CAPE","surface",-68.8249,20.1076,2865
"2026-09-09 18:00:00","2026-09-10 09:00:00","CAPE","surface",-68.801,20.1076,2832
"2026-09-09 18:00:00","2026-09-10 09:00:00","CAPE","surface",-68.7771,20.1076,2791
"2026-09-09 18:00:00","2026-09-10 09:00:00","CAPE","surface",-68.7531,20.1076,2767
"2026-09-09 18:00:00","2026-09-10 09:00:00","CAPE","surface",-68.7292,20.1076,2820
"2026-09-09 18:00:00","2026-09-10 09:00:00","CAPE","surface",-68.7053,20.1076,2820
"2026-09-09 18:00:00","2026-09-10 09:00:00","CAPE","surface",-68.6813,20.1076,2858
"2026-09-09 18:00:00","2026-09-10 09:00:00","CAPE","surface",-68.6574,20.1076,2826
"2026-09-09 18:00:00","2026-09-10 09:00:00","CAPE","surface",-68.6335,20.1076,2797
"2026-09-09 18:00:00","2026-09-10 09:00:00","CAPE","surface",-68.6096,20.1076,2797
"2026-09-09 18:00:00","2026-09-10 09:00:00","CAPE","surface",-68.5856,20.1076,2813
"2026-09-09 18:00:00","2026-09-10 09:00:00","CAPE","surface",-68.5617,20.1076,2932
"2026-09-09 18:00:00","2026-09-10 09:00:00","CAPE","surface",-68.5378,20.1076,2935
"2026-09-09 18:00:00","2026-09-10 09:00:00","CAPE","surface",-68.5139,20.1076,3071
"2026-09-09 18:00:00","2026-09-10 09:00:00","CAPE","surface",-68.4899,20.1076,3096
"2026-09-09 18:00:00","2026-09-10 09:00:00","CAPE","surface",-68.466,20.1076,3185
"2026-09-09 18:00:00","2026-09-10 09:00:00","CAPE","surface",-68.4421,20.1076,3186
"2026-09-09 18:00:00","2026-09-10 09:00:00","CAPE","surface",-68.4182,20.1076,3179
"2026-09-09 18:00:00","2026-09-10 09:00:00","CAPE","surface",-68.3942,20.1076,3177
"2026-09-09 18:00:00","2026-09-10 09:00:00","CAPE","surface",-68.3703,20.1076,3046
"2026-09-09 18:00:00","2026-09-10 09:00:00","CAPE","surface",-68.3464,20.1076,3000
"2026-09-09 18:00:00","2026-09-10 09:00:00","CAPE","surface",-68.3225,20.1076,2874
"2026-09-09 18:00:00","2026-09-10 09:00:00","CAPE","surface",-68.2985,20.1076,2823
"2026-09-09 18:00:00","2026-09-10 09:00:00","CAPE","surface",-68.2746,20.1076,2850
"2026-09-09 18:00:00","2026-09-10 09:00:00","CAPE","surface",-68.2507,20.1076,3020
"2026-09-09 18:00:00","2026-09-10 09:00:00","CAPE","surface",-68.2268,20.1076,3020
"2026-09-09 18:00:00","2026-09-10 09:00:00","CAPE","surface",-68.2028,20.1076,3323
"2026-09-09 18:00:00","2026-09-10 09:00:00","CAPE","surface",-68.1789,20.1076,3314
"2026-09-09 18:00:00","2026-09-10 09:00:00","CAPE","surface",-68.155,20.1076,3415
"2026-09-09 18:00:00","2026-09-10 09:00:00","CAPE","surface",-68.1311,20.1076,3106
"2026-09-09 18:00:00","2026-09-10 09:00:00","CAPE","surface",-68.1071,20.1076,3250
"2026-09-09 18:00:00","2026-09-10 09:00:00","CAPE","surface",-68.0832,20.1076,3120
"2026-09-09 18:00:00","2026-09-10 09:00:00","CAPE","surface",-68.0593,20.1076,2870
"2026-09-09 18:00:00","2026-09-10 09:00:00","CAPE","surface",-68.0354,20.1076,2896
"2026-09-09 18:00:00","2026-09-10 09:00:00","CAPE","surface",-68.0114,20.1076,2896
"2026-09-09 18:00:00","2026-09-10 09:00:00","CAPE","surface",-67.9875,20.1076,3165
"2026-09-09 18:00:00","2026-09-10 09:00:00","CAPE","surface",-67.9636,20.1076,3143
"2026-09-09 18:00:00","2026-09-10 09:00:00","CAPE","surface",-67.9397,20.1076,3468
"2026-09-09 18:00:00","2026-09-10 09:00:00","CAPE","surface",-67.9157,20.1076,3468
"2026-09-09 18:00:00","2026-09-10 09:00:00","CAPE","surface",-67.8918,20.1076,3505
"2026-09-09 18:00:00","2026-09-10 09:00:00","CAPE","surface",-67.8679,20.1076,3471
"2026-09-09 18:00:00","2026-09-10 09:00:00","CAPE","surface",-67.844,20.1076,3527
"2026-09-09 18:00:00","2026-09-10 09:00:00","CAPE","surface",-67.82,20.1076,3456
"2026-09-09 18:00:00","2026-09-10 09:00:00","CAPE","surface",-67.7961,20.1076,3505
"2026-09-09 18:00:00","2026-09-10 09:00:00","CAPE","surface",-67.7722,20.1076,3406
"2026-09-09 18:00:00","2026-09-10 09:00:00","CAPE","surface",-67.7483,20.1076,3404
"2026-09-09 18:00:00","2026-09-10 09:00:00","CAPE","surface",-67.7243,20.1076,3310
"2026-09-09 18:00:00","2026-09-10 09:00:00","CAPE","surface",-67.7004,20.1076,3347
"2026-09-09 18:00:00","2026-09-10 09:00:00","CAPE","surface",-67.6765,20.1076,3248
"2026-09-09 18:00:00","2026-09-10 09:00:00","CAPE","surface",-67.6526,20.1076,3113
"2026-09-09 18:00:00","2026-09-10 09:00:00","CAPE","surface",-67.6286,20.1076,3113
"2026-09-09 18:00:00","2026-09-10 09:00:00","CAPE","surface",-67.6047,20.1076,3025
"2026-09-09 18:00:00","2026-09-10 09:00:00","CAPE","surface",-67.5808,20.1076,2991
"2026-09-09 18:00:00","2026-09-10 09:00:00","CAPE","surface",-67.5569,20.1076,2985
"2026-09-09 18:00:00","2026-09-10 09:00:00","CAPE","surface",-67.5329,20.1076,2985
"2026-09-09 18:00:00","2026-09-10 09:00:00","CAPE","surface",-67.509,20.1076,3031
"2026-09-09 18:00:00","2026-09-10 09:00:00","CAPE","surface",-67.4851,20.1076,3057
"2026-09-09 18:00:00","2026-09-10 09:00:00","CAPE","surface",-67.4612,20.1076,3113
"2026-09-09 18:00:00","2026-09-10 09:00:00","CAPE","surface",-67.4372,20.1076,3019
"2026-09-09 18:00:00","2026-09-10 09:00:00","CAPE","surface",-67.4133,20.1076,3094
"2026-09-09 18:00:00","2026-09-10 09:00:00","CAPE","surface",-67.3894,20.1076,2981
"2026-09-09 18:00:00","2026-09-10 09:00:00","CAPE","surface",-67.3655,20.1076,3115
"2026-09-09 18:00:00","2026-09-10 09:00:00","CAPE","surface",-67.3415,20.1076,2902
"2026-09-09 18:00:00","2026-09-10 09:00:00","CAPE","surface",-67.3176,20.1076,3038
"2026-09-09 18:00:00","2026-09-10 09:00:00","CAPE","surface",-67.2937,20.1076,2927
"2026-09-09 18:00:00","2026-09-10 09:00:00","CAPE","surface",-67.2698,20.1076,2825
"2026-09-09 18:00:00","2026-09-10 09:00:00","CAPE","surface",-67.2458,20.1076,2825
"2026-09-09 18:00:00","2026-09-10 09:00:00","CAPE","surface",-67.2219,20.1076,2750
"2026-09-09 18:00:00","2026-09-10 09:00:00","CAPE","surface",-67.198,20.1076,2834
"2026-09-09 18:00:00","2026-09-10 09:00:00","CAPE","surface",-67.1741,20.1076,2745
"2026-09-09 18:00:00","2026-09-10 09:00:00","CAPE","surface",-67.1501,20.1076,2745
"2026-09-09 18:00:00","2026-09-10 09:00:00","CAPE","surface",-67.1262,20.1076,2759
"2026-09-09 18:00:00","2026-09-10 09:00:00","CAPE","surface",-67.1023,20.1076,2900
"2026-09-09 18:00:00","2026-09-10 09:00:00","CAPE","surface",-67.0784,20.1076,2958
"2026-09-09 18:00:00","2026-09-10 09:00:00","CAPE","surface",-67.0544,20.1076,2959
"2026-09-09 18:00:00","2026-09-10 09:00:00","CAPE","surface",-67.0305,20.1076,3070
"2026-09-09 18:00:00","2026-09-10 09:00:00","CAPE","surface",-67.0066,20.1076,3116
"2026-09-09 18:00:00","2026-09-10 09:00:00","CAPE","surface",-74.7822,20.1301,1099
"2026-09-09 18:00:00","2026-09-10 09:00:00","CAPE","surface",-74.7583,20.1301,1146
"2026-09-09 18:00:00","2026-09-10 09:00:00","CAPE","surface",-74.7344,20.1301,1227
"2026-09-09 18:00:00","2026-09-10 09:00:00","CAPE","surface",-74.7105,20.1301,1418
"2026-09-09 18:00:00","2026-09-10 09:00:00","CAPE","surface",-74.6865,20.1301,1472
"2026-09-09 18:00:00","2026-09-10 09:00:00","CAPE","surface",-74.6626,20.1301,1472
"2026-09-09 18:00:00","2026-09-10 09:00:00","CAPE","surface",-74.6387,20.1301,1671
"2026-09-09 18:00:00","2026-09-10 09:00:00","CAPE","surface",-74.6148,20.1301,1851
"2026-09-09 18:00:00","2026-09-10 09:00:00","CAPE","surface",-74.5908,20.1301,2106
"2026-09-09 18:00:00","2026-09-10 09:00:00","CAPE","surface",-74.5669,20.1301,2211
"2026-09-09 18:00:00","2026-09-10 09:00:00","CAPE","surface",-74.543,20.1301,2282
"2026-09-09 18:00:00","2026-09-10 09:00:00","CAPE","surface",-74.5191,20.1301,2282
"2026-09-09 18:00:00","2026-09-10 09:00:00","CAPE","surface",-74.4951,20.1301,2284
"2026-09-09 18:00:00","2026-09-10 09:00:00","CAPE","surface",-74.4712,20.1301,2375
"2026-09-09 18:00:00","2026-09-10 09:00:00","CAPE","surface",-74.4473,20.1301,2442
"2026-09-09 18:00:00","2026-09-10 09:00:00","CAPE","surface",-74.4234,20.1301,2411
"2026-09-09 18:00:00","2026-09-10 09:00:00","CAPE","surface",-74.3994,20.1301,2430
"2026-09-09 18:00:00","2026-09-10 09:00:00","CAPE","surface",-74.3755,20.1301,2355
"2026-09-09 18:00:00","2026-09-10 09:00:00","CAPE","surface",-74.3516,20.1301,2290
"2026-09-09 18:00:00","2026-09-10 09:00:00","CAPE","surface",-74.3277,20.1301,2220
"2026-09-09 18:00:00","2026-09-10 09:00:00","CAPE","surface",-74.3037,20.1301,2316
"2026-09-09 18:00:00","2026-09-10 09:00:00","CAPE","surface",-74.2798,20.1301,2401
"2026-09-09 18:00:00","2026-09-10 09:00:00","CAPE","surface",-74.2559,20.1301,2452
"2026-09-09 18:00:00","2026-09-10 09:00:00","CAPE","surface",-74.232,20.1301,2481
"2026-09-09 18:00:00","2026-09-10 09:00:00","CAPE","surface",-74.208,20.1301,2558
"2026-09-09 18:00:00","2026-09-10 09:00:00","CAPE","surface",-74.1841,20.1301,2616
"2026-09-09 18:00:00","2026-09-10 09:00:00","CAPE","surface",-74.1602,20.1301,2565
"2026-09-09 18:00:00","2026-09-10 09:00:00","CAPE","surface",-74.1363,20.1301,2565
"2026-09-09 18:00:00","2026-09-10 09:00:00","CAPE","surface",-74.1123,20.1301,2544
"2026-09-09 18:00:00","2026-09-10 09:00:00","CAPE","surface",-74.0884,20.1301,2489
"2026-09-09 18:00:00","2026-09-10 09:00:00","CAPE","surface",-74.0645,20.1301,2609
"2026-09-09 18:00:00","2026-09-10 09:00:00","CAPE","surface",-74.0406,20.1301,2596
"2026-09-09 18:00:00","2026-09-10 09:00:00","CAPE","surface",-74.0166,20.1301,2826
"2026-09-09 18:00:00","2026-09-10 09:00:00","CAPE","surface",-73.9927,20.1301,2808
"2026-09-09 18:00:00","2026-09-10 09:00:00","CAPE","surface",-73.9688,20.1301,2853
"2026-09-09 18:00:00","2026-09-10 09:00:00","CAPE","surface",-73.9449,20.1301,2814
"2026-09-09 18:00:00","2026-09-10 09:00:00","CAPE","surface",-73.9209,20.1301,2733
"2026-09-09 18:00:00","2026-09-10 09:00:00","CAPE","surface",-73.897,20.1301,2699
"2026-09-09 18:00:00","2026-09-10 09:00:00","CAPE","surface",-73.8731,20.1301,2645
"2026-09-09 18:00:00","2026-09-10 09:00:00","CAPE","surface",-73.8492,20.1301,2610
"2026-09-09 18:00:00","2026-09-10 09:00:00","CAPE","surface",-73.8252,20.1301,2564
"2026-09-09 18:00:00","2026-09-10 09:00:00","CAPE","surface",-73.8013,20.1301,2495
"2026-09-09 18:00:00","2026-09-10 09:00:00","CAPE","surface",-73.7774,20.1301,2421
"2026-09-09 18:00:00","2026-09-10 09:00:00","CAPE","surface",-73.7535,20.1301,2421
"2026-09-09 18:00:00","2026-09-10 09:00:00","CAPE","surface",-73.7295,20.1301,2363
"2026-09-09 18:00:00","2026-09-10 09:00:00","CAPE","surface",-73.7056,20.1301,2361
"2026-09-09 18:00:00","2026-09-10 09:00:00","CAPE","surface",-73.6817,20.1301,2320
"2026-09-09 18:00:00","2026-09-10 09:00:00","CAPE","surface",-73.6578,20.1301,2318
"2026-09-09 18:00:00","2026-09-10 09:00:00","CAPE","surface",-73.6338,20.1301,2271
"2026-09-09 18:00:00","2026-09-10 09:00:00","CAPE","surface",-73.6099,20.1301,2265
"2026-09-09 18:00:00","2026-09-10 09:00:00","CAPE","surface",-73.586,20.1301,2217
"2026-09-09 18:00:00","2026-09-10 09:00:00","CAPE","surface",-73.5621,20.1301,2224
"2026-09-09 18:00:00","2026-09-10 09:00:00","CAPE","surface",-73.5381,20.1301,2172
"2026-09-09 18:00:00","2026-09-10 09:00:00","CAPE","surface",-73.5142,20.1301,2172
"2026-09-09 18:00:00","2026-09-10 09:00:00","CAPE","surface",-73.4903,20.1301,2106
"2026-09-09 18:00:00","2026-09-10 09:00:00","CAPE","surface",-73.4664,20.1301,2145
"2026-09-09 18:00:00","2026-09-10 09:00:00","CAPE","surface",-73.4424,20.1301,2135
"2026-09-09 18:00:00","2026-09-10 09:00:00","CAPE","surface",-73.4185,20.1301,2165
"2026-09-09 18:00:00","2026-09-10 09:00:00","CAPE","surface",-73.3946,20.1301,2134
"2026-09-09 18:00:00","2026-09-10 09:00:00","CAPE","surface",-73.3707,20.1301,2165
"2026-09-09 18:00:00","2026-09-10 09:00:00","CAPE","surface",-73.3467,20.1301,2147
"2026-09-09 18:00:00","2026-09-10 09:00:00","CAPE","surface",-73.3228,20.1301,2167
"2026-09-09 18:00:00","2026-09-10 09:00:00","CAPE","surface",-73.2989,20.1301,2135
"2026-09-09 18:00:00","2026-09-10 09:00:00","CAPE","surface",-73.275,20.1301,2135
"2026-09-09 18:00:00","2026-09-10 09:00:00","CAPE","surface",-73.251,20.1301,2125
"2026-09-09 18:00:00","2026-09-10 09:00:00","CAPE","surface",-73.2271,20.1301,2113
"2026-09-09 18:00:00","2026-09-10 09:00:00","CAPE","surface",-73.2032,20.1301,2106
"2026-09-09 18:00:00","2026-09-10 09:00:00","CAPE","surface",-73.1793,20.1301,2091
"2026-09-09 18:00:00","2026-09-10 09:00:00","CAPE","surface",-73.1553,20.1301,2091
"2026-09-09 18:00:00","2026-09-10 09:00:00","CAPE","surface",-73.1314,20.1301,2090
"2026-09-09 18:00:00","2026-09-10 09:00:00","CAPE","surface",-73.1075,20.1301,2078
"2026-09-09 18:00:00","2026-09-10 09:00:00","CAPE","surface",-73.0836,20.1301,2067
"2026-09-09 18:00:00","2026-09-10 09:00:00","CAPE","surface",-73.0596,20.1301,2050
"2026-09-09 18:00:00","2026-09-10 09:00:00","CAPE","surface",-73.0357,20.1301,2094
"2026-09-09 18:00:00","2026-09-10 09:00:00","CAPE","surface",-73.0118,20.1301,2060
"2026-09-09 18:00:00","2026-09-10 09:00:00","CAPE","surface",-72.9879,20.1301,2108
"2026-09-09 18:00:00","2026-09-10 09:00:00","CAPE","surface",-72.9639,20.1301,2060
"2026-09-09 18:00:00","2026-09-10 09:00:00","CAPE","surface",-72.94,20.1301,2076
"2026-09-09 18:00:00","2026-09-10 09:00:00","CAPE","surface",-72.9161,20.1301,2029
"2026-09-09 18:00:00","2026-09-10 09:00:00","CAPE","surface",-72.8922,20.1301,2111
"2026-09-09 18:00:00","2026-09-10 09:00:00","CAPE","surface",-72.8682,20.1301,2059
"2026-09-09 18:00:00","2026-09-10 09:00:00","CAPE","surface",-72.8443,20.1301,2125
"2026-09-09 18:00:00","2026-09-10 09:00:00","CAPE","surface",-72.8204,20.1301,2110
"2026-09-09 18:00:00","2026-09-10 09:00:00","CAPE","surface",-72.7965,20.1301,2151
"2026-09-09 18:00:00","2026-09-10 09:00:00","CAPE","surface",-72.7725,20.1301,2101
"2026-09-09 18:00:00","2026-09-10 09:00:00","CAPE","surface",-72.7486,20.1301,2185
"2026-09-09 18:00:00","2026-09-10 09:00:00","CAPE","surface",-72.7247,20.1301,2141
"2026-09-09 18:00:00","2026-09-10 09:00:00","CAPE","surface",-72.7008,20.1301,2246
"2026-09-09 18:00:00","2026-09-10 09:00:00","CAPE","surface",-72.6768,20.1301,2246
"2026-09-09 18:00:00","2026-09-10 09:00:00","CAPE","surface",-72.6529,20.1301,2254
"2026-09-09 18:00:00","2026-09-10 09:00:00","CAPE","surface",-72.629,20.1301,2224
"2026-09-09 18:00:00","2026-09-10 09:00:00","CAPE","surface",-72.6051,20.1301,2198
"2026-09-09 18:00:00","2026-09-10 09:00:00","CAPE","surface",-72.5811,20.1301,2155
"2026-09-09 18:00:00","2026-09-10 09:00:00","CAPE","surface",-72.5572,20.1301,2216
"2026-09-09 18:00:00","2026-09-10 09:00:00","CAPE","surface",-72.5333,20.1301,2153
"2026-09-09 18:00:00","2026-09-10 09:00:00","CAPE","surface",-72.5094,20.1301,2172
"2026-09-09 18:00:00","2026-09-10 09:00:00","CAPE","surface",-72.4854,20.1301,2264
"2026-09-09 18:00:00","2026-09-10 09:00:00","CAPE","surface",-72.4615,20.1301,2208
"2026-09-09 18:00:00","2026-09-10 09:00:00","CAPE","surface",-72.4376,20.1301,2448
"2026-09-09 18:00:00","2026-09-10 09:00:00","CAPE","surface",-72.4137,20.1301,2401
"2026-09-09 18:00:00","2026-09-10 09:00:00","CAPE","surface",-72.3897,20.1301,2455
"2026-09-09 18:00:00","2026-09-10 09:00:00","CAPE","surface",-72.3658,20.1301,2411
"2026-09-09 18:00:00","2026-09-10 09:00:00","CAPE","surface",-72.3419,20.1301,2359
"2026-09-09 18:00:00","2026-09-10 09:00:00","CAPE","surface",-72.318,20.1301,2359
"2026-09-09 18:00:00","2026-09-10 09:00:00","CAPE","surface",-72.294,20.1301,2312
"2026-09-09 18:00:00","2026-09-10 09:00:00","CAPE","surface",-72.2701,20.1301,2306
"2026-09-09 18:00:00","2026-09-10 09:00:00","CAPE","surface",-72.2462,20.1301,2320
"2026-09-09 18:00:00","2026-09-10 09:00:00","CAPE","surface",-72.2223,20.1301,2328
"2026-09-09 18:00:00","2026-09-10 09:00:00","CAPE","surface",-72.1983,20.1301,2349
"2026-09-09 18:00:00","2026-09-10 09:00:00","CAPE","surface",-72.1744,20.1301,2343
"2026-09-09 18:00:00","2026-09-10 09:00:00","CAPE","surface",-72.1505,20.1301,2357
"2026-09-09 18:00:00","2026-09-10 09:00:00","CAPE","surface",-72.1266,20.1301,2337
"2026-09-09 18:00:00","2026-09-10 09:00:00","CAPE","surface",-72.1026,20.1301,2414
"2026-09-09 18:00:00","2026-09-10 09:00:00","CAPE","surface",-72.0787,20.1301,2414
"2026-09-09 18:00:00","2026-09-10 09:00:00","CAPE","surface",-72.0548,20.1301,2479
"2026-09-09 18:00:00","2026-09-10 09:00:00","CAPE","surface",-72.0309,20.1301,2400
"2026-09-09 18:00:00","2026-09-10 09:00:00","CAPE","surface",-72.0069,20.1301,2424
"2026-09-09 18:00:00","2026-09-10 09:00:00","CAPE","surface",-71.983,20.1301,2331
"2026-09-09 18:00:00","2026-09-10 09:00:00","CAPE","surface",-71.9591,20.1301,2395
"2026-09-09 18:00:00","2026-09-10 09:00:00","CAPE","surface",-71.9352,20.1301,2295
"2026-09-09 18:00:00","2026-09-10 09:00:00","CAPE","surface",-71.9112,20.1301,2204
"2026-09-09 18:00:00","2026-09-10 09:00:00","CAPE","surface",-71.8873,20.1301,2153
"2026-09-09 18:00:00","2026-09-10 09:00:00","CAPE","surface",-71.8634,20.1301,2153
"2026-09-09 18:00:00","2026-09-10 09:00:00","CAPE","surface",-71.8395,20.1301,2180
"2026-09-09 18:00:00","2026-09-10 09:00:00","CAPE","surface",-71.8155,20.1301,2117
"2026-09-09 18:00:00","2026-09-10 09:00:00","CAPE","surface",-71.7916,20.1301,2290
"2026-09-09 18:00:00","2026-09-10 09:00:00","CAPE","surface",-71.7677,20.1301,2206
"2026-09-09 18:00:00","2026-09-10 09:00:00","CAPE","surface",-71.7438,20.1301,2426
"2026-09-09 18:00:00","2026-09-10 09:00:00","CAPE","surface",-71.7198,20.1301,2342
"2026-09-09 18:00:00","2026-09-10 09:00:00","CAPE","surface",-71.6959,20.1301,2355
"2026-09-09 18:00:00","2026-09-10 09:00:00","CAPE","surface",-71.672,20.1301,2267
"2026-09-09 18:00:00","2026-09-10 09:00:00","CAPE","surface",-71.6481,20.1301,2248
"2026-09-09 18:00:00","2026-09-10 09:00:00","CAPE","surface",-71.6241,20.1301,2248
"2026-09-09 18:00:00","2026-09-10 09:00:00","CAPE","surface",-71.6002,20.1301,2308
"2026-09-09 18:00:00","2026-09-10 09:00:00","CAPE","surface",-71.5763,20.1301,2286
"2026-09-09 18:00:00","2026-09-10 09:00:00","CAPE","surface",-71.5524,20.1301,2428
"2026-09-09 18:00:00","2026-09-10 09:00:00","CAPE","surface",-71.5284,20.1301,2393
"2026-09-09 18:00:00","2026-09-10 09:00:00","CAPE","surface",-71.5045,20.1301,2590
"2026-09-09 18:00:00","2026-09-10 09:00:00","CAPE","surface",-71.4806,20.1301,2560
"2026-09-09 18:00:00","2026-09-10 09:00:00","CAPE","surface",-71.4567,20.1301,2731
"2026-09-09 18:00:00","2026-09-10 09:00:00","CAPE","surface",-71.4327,20.1301,2852
"2026-09-09 18:00:00","2026-09-10 09:00:00","CAPE","surface",-71.4088,20.1301,2852
"2026-09-09 18:00:00","2026-09-10 09:00:00","CAPE","surface",-71.3849,20.1301,2872
"2026-09-09 18:00:00","2026-09-10 09:00:00","CAPE","surface",-71.361,20.1301,2862
"2026-09-09 18:00:00","2026-09-10 09:00:00","CAPE","surface",-71.337,20.1301,2871
"2026-09-09 18:00:00","2026-09-10 09:00:00","CAPE","surface",-71.3131,20.1301,2912
"2026-09-09 18:00:00","2026-09-10 09:00:00","CAPE","surface",-71.2892,20.1301,2884
"2026-09-09 18:00:00","2026-09-10 09:00:00","CAPE","surface",-71.2653,20.1301,2946
"2026-09-09 18:00:00","2026-09-10 09:00:00","CAPE","surface",-71.2413,20.1301,2807
"2026-09-09 18:00:00","2026-09-10 09:00:00","CAPE","surface",-71.2174,20.1301,2850
"2026-09-09 18:00:00","2026-09-10 09:00:00","CAPE","surface",-71.1935,20.1301,2687
"2026-09-09 18:00:00","2026-09-10 09:00:00","CAPE","surface",-71.1696,20.1301,2687
"2026-09-09 18:00:00","2026-09-10 09:00:00","CAPE","surface",-71.1456,20.1301,2636
"2026-09-09 18:00:00","2026-09-10 09:00:00","CAPE","surface",-71.1217,20.1301,2636
"2026-09-09 18:00:00","2026-09-10 09:00:00","CAPE","surface",-71.0978,20.1301,2708
"2026-09-09 18:00:00","2026-09-10 09:00:00","CAPE","surface",-71.0739,20.1301,2708
"2026-09-09 18:00:00","2026-09-10 09:00:00","CAPE","surface",-71.0499,20.1301,2914
"2026-09-09 18:00:00","2026-09-10 09:00:00","CAPE","surface",-71.026,20.1301,2995
"2026-09-09 18:00:00","2026-09-10 09:00:00","CAPE","surface",-71.0021,20.1301,3016
"2026-09-09 18:00:00","2026-09-10 09:00:00","CAPE","surface",-70.9782,20.1301,3008
"2026-09-09 18:00:00","2026-09-10 09:00:00","CAPE","surface",-70.9542,20.1301,3008
"2026-09-09 18:00:00","2026-09-10 09:00:00","CAPE","surface",-70.9303,20.1301,2902
"2026-09-09 18:00:00","2026-09-10 09:00:00","CAPE","surface",-70.9064,20.1301,2756
"2026-09-09 18:00:00","2026-09-10 09:00:00","CAPE","surface",-70.8825,20.1301,2682
"2026-09-09 18:00:00","2026-09-10 09:00:00","CAPE","surface",-70.8585,20.1301,2682
"2026-09-09 18:00:00","2026-09-10 09:00:00","CAPE","surface",-70.8346,20.1301,2840
"2026-09-09 18:00:00","2026-09-10 09:00:00","CAPE","surface",-70.8107,20.1301,2680
"2026-09-09 18:00:00","2026-09-10 09:00:00","CAPE","surface",-70.7868,20.1301,3004
"2026-09-09 18:00:00","2026-09-10 09:00:00","CAPE","surface",-70.7628,20.1301,2943
"2026-09-09 18:00:00","2026-09-10 09:00:00","CAPE","surface",-70.7389,20.1301,3245
"2026-09-09 18:00:00","2026-09-10 09:00:00","CAPE","surface",-70.715,20.1301,3157
"2026-09-09 18:00:00","2026-09-10 09:00:00","CAPE","surface",-70.6911,20.1301,3162
"2026-09-09 18:00:00","2026-09-10 09:00:00","CAPE","surface",-70.6671,20.1301,2931
"2026-09-09 18:00:00","2026-09-10 09:00:00","CAPE","surface",-70.6432,20.1301,3030
"2026-09-09 18:00:00","2026-09-10 09:00:00","CAPE","surface",-70.6193,20.1301,2967
"2026-09-09 18:00:00","2026-09-10 09:00:00","CAPE","surface",-70.5954,20.1301,2888
"2026-09-09 18:00:00","2026-09-10 09:00:00","CAPE","surface",-70.5714,20.1301,3000
"2026-09-09 18:00:00","2026-09-10 09:00:00","CAPE","surface",-70.5475,20.1301,2997
"2026-09-09 18:00:00","2026-09-10 09:00:00","CAPE","surface",-70.5236,20.1301,2978
"2026-09-09 18:00:00","2026-09-10 09:00:00","CAPE","surface",-70.4997,20.1301,3123
"2026-09-09 18:00:00","2026-09-10 09:00:00","CAPE","surface",-70.4757,20.1301,2942
"2026-09-09 18:00:00","2026-09-10 09:00:00","CAPE","surface",-70.4518,20.1301,2986
"2026-09-09 18:00:00","2026-09-10 09:00:00","CAPE","surface",-70.4279,20.1301,2963
"2026-09-09 18:00:00","2026-09-10 09:00:00","CAPE","surface",-70.404,20.1301,2966
"2026-09-09 18:00:00","2026-09-10 09:00:00","CAPE","surface",-70.38,20.1301,3071
"2026-09-09 18:00:00","2026-09-10 09:00:00","CAPE","surface",-70.3561,20.1301,2944
"2026-09-09 18:00:00","2026-09-10 09:00:00","CAPE","surface",-70.3322,20.1301,2836
"2026-09-09 18:00:00","2026-09-10 09:00:00","CAPE","surface",-70.3083,20.1301,2905
"2026-09-09 18:00:00","2026-09-10 09:00:00","CAPE","surface",-70.2843,20.1301,2754
"2026-09-09 18:00:00","2026-09-10 09:00:00","CAPE","surface",-70.2604,20.1301,2724
"2026-09-09 18:00:00","2026-09-10 09:00:00","CAPE","surface",-70.2365,20.1301,2711
"2026-09-09 18:00:00","2026-09-10 09:00:00","CAPE","surface",-70.2126,20.1301,2728
"2026-09-09 18:00:00","2026-09-10 09:00:00","CAPE","surface",-70.1886,20.1301,2793
"2026-09-09 18:00:00","2026-09-10 09:00:00","CAPE","surface",-70.1647,20.1301,2882
"2026-09-09 18:00:00","2026-09-10 09:00:00","CAPE","surface",-70.1408,20.1301,2902
"2026-09-09 18:00:00","2026-09-10 09:00:00","CAPE","surface",-70.1169,20.1301,2879
"2026-09-09 18:00:00","2026-09-10 09:00:00","CAPE","surface",-70.0929,20.1301,2879
"2026-09-09 18:00:00","2026-09-10 09:00:00","CAPE","surface",-70.069,20.1301,2839
"2026-09-09 18:00:00","2026-09-10 09:00:00","CAPE","surface",-70.0451,20.1301,2839
"2026-09-09 18:00:00","2026-09-10 09:00:00","CAPE","surface",-70.0212,20.1301,2914
"2026-09-09 18:00:00","2026-09-10 09:00:00","CAPE","surface",-69.9972,20.1301,3017
"2026-09-09 18:00:00","2026-09-10 09:00:00","CAPE","surface",-69.9733,20.1301,3080
"2026-09-09 18:00:00","2026-09-10 09:00:00","CAPE","surface",-69.9494,20.1301,3099
"2026-09-09 18:00:00","2026-09-10 09:00:00","CAPE","surface",-69.9255,20.1301,3022
"2026-09-09 18:00:00","2026-09-10 09:00:00","CAPE","surface",-69.9015,20.1301,1782
"2026-09-09 18:00:00","2026-09-10 09:00:00","CAPE","surface",-69.8776,20.1301,1417
"2026-09-09 18:00:00","2026-09-10 09:00:00","CAPE","surface",-69.8537,20.1301,507
"2026-09-09 18:00:00","2026-09-10 09:00:00","CAPE","surface",-69.8298,20.1301,683
"2026-09-09 18:00:00","2026-09-10 09:00:00","CAPE","surface",-69.8058,20.1301,591
"2026-09-09 18:00:00","2026-09-10 09:00:00","CAPE","surface",-69.7819,20.1301,591
"2026-09-09 18:00:00","2026-09-10 09:00:00","CAPE","surface",-69.758,20.1301,512
"2026-09-09 18:00:00","2026-09-10 09:00:00","CAPE","surface",-69.7341,20.1301,499
"2026-09-09 18:00:00","2026-09-10 09:00:00","CAPE","surface",-69.7101,20.1301,432
"2026-09-09 18:00:00","2026-09-10 09:00:00","CAPE","surface",-69.6862,20.1301,406
"2026-09-09 18:00:00","2026-09-10 09:00:00","CAPE","surface",-69.6623,20.1301,414
"2026-09-09 18:00:00","2026-09-10 09:00:00","CAPE","surface",-69.6384,20.1301,447
"2026-09-09 18:00:00","2026-09-10 09:00:00","CAPE","surface",-69.6144,20.1301,738
"2026-09-09 18:00:00","2026-09-10 09:00:00","CAPE","surface",-69.5905,20.1301,816
"2026-09-09 18:00:00","2026-09-10 09:00:00","CAPE","surface",-69.5666,20.1301,1009
"2026-09-09 18:00:00","2026-09-10 09:00:00","CAPE","surface",-69.5427,20.1301,1360
"2026-09-09 18:00:00","2026-09-10 09:00:00","CAPE","surface",-69.5187,20.1301,2239
"2026-09-09 18:00:00","2026-09-10 09:00:00","CAPE","surface",-69.4948,20.1301,2977
"2026-09-09 18:00:00","2026-09-10 09:00:00","CAPE","surface",-69.4709,20.1301,2977
"2026-09-09 18:00:00","2026-09-10 09:00:00","CAPE","surface",-69.447,20.1301,3274
"2026-09-09 18:00:00","2026-09-10 09:00:00","CAPE","surface",-69.423,20.1301,3076
"2026-09-09 18:00:00","2026-09-10 09:00:00","CAPE","surface",-69.3991,20.1301,3098
"2026-09-09 18:00:00","2026-09-10 09:00:00","CAPE","surface",-69.3752,20.1301,2559
"2026-09-09 18:00:00","2026-09-10 09:00:00","CAPE","surface",-69.3513,20.1301,2579
"2026-09-09 18:00:00","2026-09-10 09:00:00","CAPE","surface",-69.3273,20.1301,2512
"2026-09-09 18:00:00","2026-09-10 09:00:00","CAPE","surface",-69.3034,20.1301,2640
"2026-09-09 18:00:00","2026-09-10 09:00:00","CAPE","surface",-69.2795,20.1301,2455
"2026-09-09 18:00:00","2026-09-10 09:00:00","CAPE","surface",-69.2556,20.1301,2552
"2026-09-09 18:00:00","2026-09-10 09:00:00","CAPE","surface",-69.2316,20.1301,2697
"2026-09-09 18:00:00","2026-09-10 09:00:00","CAPE","surface",-69.2077,20.1301,2820
"2026-09-09 18:00:00","2026-09-10 09:00:00","CAPE","surface",-69.1838,20.1301,2822
"2026-09-09 18:00:00","2026-09-10 09:00:00","CAPE","surface",-69.1599,20.1301,3010
"2026-09-09 18:00:00","2026-09-10 09:00:00","CAPE","surface",-69.1359,20.1301,2985
"2026-09-09 18:00:00","2026-09-10 09:00:00","CAPE","surface",-69.112,20.1301,3069
"2026-09-09 18:00:00","2026-09-10 09:00:00","CAPE","surface",-69.0881,20.1301,3077
"2026-09-09 18:00:00","2026-09-10 09:00:00","CAPE","surface",-69.0642,20.1301,3101
"2026-09-09 18:00:00","2026-09-10 09:00:00","CAPE","surface",-69.0402,20.1301,3111
"2026-09-09 18:00:00","2026-09-10 09:00:00","CAPE","surface",-69.0163,20.1301,3139
"2026-09-09 18:00:00","2026-09-10 09:00:00","CAPE","surface",-68.9924,20.1301,3148
"2026-09-09 18:00:00","2026-09-10 09:00:00","CAPE","surface",-68.9685,20.1301,3047
"2026-09-09 18:00:00","2026-09-10 09:00:00","CAPE","surface",-68.9445,20.1301,3055
"2026-09-09 18:00:00","2026-09-10 09:00:00","CAPE","surface",-68.9206,20.1301,3011
"2026-09-09 18:00:00","2026-09-10 09:00:00","CAPE","surface",-68.8967,20.1301,3000
"2026-09-09 18:00:00","2026-09-10 09:00:00","CAPE","surface",-68.8728,20.1301,3000
"2026-09-09 18:00:00","2026-09-10 09:00:00","CAPE","surface",-68.8488,20.1301,2884
"2026-09-09 18:00:00","2026-09-10 09:00:00","CAPE","surface",-68.8249,20.1301,2853
"2026-09-09 18:00:00","2026-09-10 09:00:00","CAPE","surface",-68.801,20.1301,2803
"2026-09-09 18:00:00","2026-09-10 09:00:00","CAPE","surface",-68.7771,20.1301,2803
"2026-09-09 18:00:00","2026-09-10 09:00:00","CAPE","surface",-68.7531,20.1301,2832
"2026-09-09 18:00:00","2026-09-10 09:00:00","CAPE","surface",-68.7292,20.1301,2814
"2026-09-09 18:00:00","2026-09-10 09:00:00","CAPE","surface",-68.7053,20.1301,2890
"2026-09-09 18:00:00","2026-09-10 09:00:00","CAPE","surface",-68.6813,20.1301,2858
"2026-09-09 18:00:00","2026-09-10 09:00:00","CAPE","surface",-68.6574,20.1301,2842
"2026-09-09 18:00:00","2026-09-10 09:00:00","CAPE","surface",-68.6335,20.1301,2801
"2026-09-09 18:00:00","2026-09-10 09:00:00","CAPE","surface",-68.6096,20.1301,2796
"2026-09-09 18:00:00","2026-09-10 09:00:00","CAPE","surface",-68.5856,20.1301,2898
"2026-09-09 18:00:00","2026-09-10 09:00:00","CAPE","surface",-68.5617,20.1301,2898
"2026-09-09 18:00:00","2026-09-10 09:00:00","CAPE","surface",-68.5378,20.1301,3019
"2026-09-09 18:00:00","2026-09-10 09:00:00","CAPE","surface",-68.5139,20.1301,3071
"2026-09-09 18:00:00","2026-09-10 09:00:00","CAPE","surface",-68.4899,20.1301,3169
"2026-09-09 18:00:00","2026-09-10 09:00:00","CAPE","surface",-68.466,20.1301,3169
"2026-09-09 18:00:00","2026-09-10 09:00:00","CAPE","surface",-68.4421,20.1301,3175
"2026-09-09 18:00:00","2026-09-10 09:00:00","CAPE","surface",-68.4182,20.1301,3069
"2026-09-09 18:00:00","2026-09-10 09:00:00","CAPE","surface",-68.3942,20.1301,3069
"2026-09-09 18:00:00","2026-09-10 09:00:00","CAPE","surface",-68.3703,20.1301,2887
"2026-09-09 18:00:00","2026-09-10 09:00:00","CAPE","surface",-68.3464,20.1301,2880
"2026-09-09 18:00:00","2026-09-10 09:00:00","CAPE","surface",-68.3225,20.1301,2819
"2026-09-09 18:00:00","2026-09-10 09:00:00","CAPE","surface",-68.2985,20.1301,2823
"2026-09-09 18:00:00","2026-09-10 09:00:00","CAPE","surface",-68.2746,20.1301,2937
"2026-09-09 18:00:00","2026-09-10 09:00:00","CAPE","surface",-68.2507,20.1301,2995
"2026-09-09 18:00:00","2026-09-10 09:00:00","CAPE","surface",-68.2268,20.1301,3330
"2026-09-09 18:00:00","2026-09-10 09:00:00","CAPE","surface",-68.2028,20.1301,3323
"2026-09-09 18:00:00","2026-09-10 09:00:00","CAPE","surface",-68.1789,20.1301,3512
"2026-09-09 18:00:00","2026-09-10 09:00:00","CAPE","surface",-68.155,20.1301,3549
"2026-09-09 18:00:00","2026-09-10 09:00:00","CAPE","surface",-68.1311,20.1301,3572
"2026-09-09 18:00:00","2026-09-10 09:00:00","CAPE","surface",-68.1071,20.1301,3442
"2026-09-09 18:00:00","2026-09-10 09:00:00","CAPE","surface",-68.0832,20.1301,3442
"2026-09-09 18:00:00","2026-09-10 09:00:00","CAPE","surface",-68.0593,20.1301,3324
"2026-09-09 18:00:00","2026-09-10 09:00:00","CAPE","surface",-68.0354,20.1301,3041
"2026-09-09 18:00:00","2026-09-10 09:00:00","CAPE","surface",-68.0114,20.1301,3215
"2026-09-09 18:00:00","2026-09-10 09:00:00","CAPE","surface",-67.9875,20.1301,3215
"2026-09-09 18:00:00","2026-09-10 09:00:00","CAPE","surface",-67.9636,20.1301,3563
"2026-09-09 18:00:00","2026-09-10 09:00:00","CAPE","surface",-67.9397,20.1301,3482
"2026-09-09 18:00:00","2026-09-10 09:00:00","CAPE","surface",-67.9157,20.1301,3485
"2026-09-09 18:00:00","2026-09-10 09:00:00","CAPE","surface",-67.8918,20.1301,3152
"2026-09-09 18:00:00","2026-09-10 09:00:00","CAPE","surface",-67.8679,20.1301,3323
"2026-09-09 18:00:00","2026-09-10 09:00:00","CAPE","surface",-67.844,20.1301,3291
"2026-09-09 18:00:00","2026-09-10 09:00:00","CAPE","surface",-67.82,20.1301,3456
"2026-09-09 18:00:00","2026-09-10 09:00:00","CAPE","surface",-67.7961,20.1301,3261
"2026-09-09 18:00:00","2026-09-10 09:00:00","CAPE","surface",-67.7722,20.1301,3366
"2026-09-09 18:00:00","2026-09-10 09:00:00","CAPE","surface",-67.7483,20.1301,3239
"2026-09-09 18:00:00","2026-09-10 09:00:00","CAPE","surface",-67.7243,20.1301,3133
"2026-09-09 18:00:00","2026-09-10 09:00:00","CAPE","surface",-67.7004,20.1301,3133
"2026-09-09 18:00:00","2026-09-10 09:00:00","CAPE","surface",-67.6765,20.1301,3032
"2026-09-09 18:00:00","2026-09-10 09:00:00","CAPE","surface",-67.6526,20.1301,3071
"2026-09-09 18:00:00","2026-09-10 09:00:00","CAPE","surface",-67.6286,20.1301,3030
"2026-09-09 18:00:00","2026-09-10 09:00:00","CAPE","surface",-67.6047,20.1301,3030
"2026-09-09 18:00:00","2026-09-10 09:00:00","CAPE","surface",-67.5808,20.1301,3011
"2026-09-09 18:00:00","2026-09-10 09:00:00","CAPE","surface",-67.5569,20.1301,2992
"2026-09-09 18:00:00","2026-09-10 09:00:00","CAPE","surface",-67.5329,20.1301,3025
"2026-09-09 18:00:00","2026-09-10 09:00:00","CAPE","surface",-67.509,20.1301,3024
"2026-09-09 18:00:00","2026-09-10 09:00:00","CAPE","surface",-67.4851,20.1301,3021
"2026-09-09 18:00:00","2026-09-10 09:00:00","CAPE","surface",-67.4612,20.1301,2984
"2026-09-09 18:00:00","2026-09-10 09:00:00","CAPE","surface",-67.4372,20.1301,3019
"2026-09-09 18:00:00","2026-09-10 09:00:00","CAPE","surface",-67.4133,20.1301,2915
"2026-09-09 18:00:00","2026-09-10 09:00:00","CAPE","surface",-67.3894,20.1301,2923
"2026-09-09 18:00:00","2026-09-10 09:00:00","CAPE","surface",-67.3655,20.1301,2837
"2026-09-09 18:00:00","2026-09-10 09:00:00","CAPE","surface",-67.3415,20.1301,2824
"2026-09-09 18:00:00","2026-09-10 09:00:00","CAPE","surface",-67.3176,20.1301,2824
"2026-09-09 18:00:00","2026-09-10 09:00:00","CAPE","surface",-67.2937,20.1301,2790
"2026-09-09 18:00:00","2026-09-10 09:00:00","CAPE","surface",-67.2698,20.1301,2797
"2026-09-09 18:00:00","2026-09-10 09:00:00","CAPE","surface",-67.2458,20.1301,2742
"2026-09-09 18:00:00","2026-09-10 09:00:00","CAPE","surface",-67.2219,20.1301,2742
"2026-09-09 18:00:00","2026-09-10 09:00:00","CAPE","surface",-67.198,20.1301,2599
"2026-09-09 18:00:00","2026-09-10 09:00:00","CAPE","surface",-67.1741,20.1301,2621
"2026-09-09 18:00:00","2026-09-10 09:00:00","CAPE","surface",-67.1501,20.1301,2631
"2026-09-09 18:00:00","2026-09-10 09:00:00","CAPE","surface",-67.1262,20.1301,2643
"2026-09-09 18:00:00","2026-09-10 09:00:00","CAPE","surface",-67.1023,20.1301,2745
"2026-09-09 18:00:00","2026-09-10 09:00:00","CAPE","surface",-67.0784,20.1301,2865
"2026-09-09 18:00:00","2026-09-10 09:00:00","CAPE","surface",-67.0544,20.1301,2959
"2026-09-09 18:00:00","2026-09-10 09:00:00","CAPE","surface",-67.0305,20.1301,2933
"2026-09-09 18:00:00","2026-09-10 09:00:00","CAPE","surface",-67.0066,20.1301,3018
"2026-09-09 18:00:00","2026-09-10 09:00:00","CAPE","surface",-74.7822,20.1526,1099
"2026-09-09 18:00:00","2026-09-10 09:00:00","CAPE","surface",-74.7583,20.1526,1139
"2026-09-09 18:00:00","2026-09-10 09:00:00","CAPE","surface",-74.7344,20.1526,1139
"2026-09-09 18:00:00","2026-09-10 09:00:00","CAPE","surface",-74.7105,20.1526,1265
"2026-09-09 18:00:00","2026-09-10 09:00:00","CAPE","surface",-74.6865,20.1526,1380
"2026-09-09 18:00:00","2026-09-10 09:00:00","CAPE","surface",-74.6626,20.1526,1486
"2026-09-09 18:00:00","2026-09-10 09:00:00","CAPE","surface",-74.6387,20.1526,1671
"2026-09-09 18:00:00","2026-09-10 09:00:00","CAPE","surface",-74.6148,20.1526,1934
"2026-09-09 18:00:00","2026-09-10 09:00:00","CAPE","surface",-74.5908,20.1526,1934
"2026-09-09 18:00:00","2026-09-10 09:00:00","CAPE","surface",-74.5669,20.1526,2185
"2026-09-09 18:00:00","2026-09-10 09:00:00","CAPE","surface",-74.543,20.1526,2290
"2026-09-09 18:00:00","2026-09-10 09:00:00","CAPE","surface",-74.5191,20.1526,2265
"2026-09-09 18:00:00","2026-09-10 09:00:00","CAPE","surface",-74.4951,20.1526,2284
"2026-09-09 18:00:00","2026-09-10 09:00:00","CAPE","surface",-74.4712,20.1526,2334
"2026-09-09 18:00:00","2026-09-10 09:00:00","CAPE","surface",-74.4473,20.1526,2418
"2026-09-09 18:00:00","2026-09-10 09:00:00","CAPE","surface",-74.4234,20.1526,2452
"2026-09-09 18:00:00","2026-09-10 09:00:00","CAPE","surface",-74.3994,20.1526,2430
"2026-09-09 18:00:00","2026-09-10 09:00:00","CAPE","surface",-74.3755,20.1526,2380
"2026-09-09 18:00:00","2026-09-10 09:00:00","CAPE","surface",-74.3516,20.1526,2290
"2026-09-09 18:00:00","2026-09-10 09:00:00","CAPE","surface",-74.3277,20.1526,2282
"2026-09-09 18:00:00","2026-09-10 09:00:00","CAPE","surface",-74.3037,20.1526,2253
"2026-09-09 18:00:00","2026-09-10 09:00:00","CAPE","surface",-74.2798,20.1526,2382
"2026-09-09 18:00:00","2026-09-10 09:00:00","CAPE","surface",-74.2559,20.1526,2452
"2026-09-09 18:00:00","2026-09-10 09:00:00","CAPE","surface",-74.232,20.1526,2493
"2026-09-09 18:00:00","2026-09-10 09:00:00","CAPE","surface",-74.208,20.1526,2493
"2026-09-09 18:00:00","2026-09-10 09:00:00","CAPE","surface",-74.1841,20.1526,2506
"2026-09-09 18:00:00","2026-09-10 09:00:00","CAPE","surface",-74.1602,20.1526,2563
"2026-09-09 18:00:00","2026-09-10 09:00:00","CAPE","surface",-74.1363,20.1526,2580
"2026-09-09 18:00:00","2026-09-10 09:00:00","CAPE","surface",-74.1123,20.1526,2544
"2026-09-09 18:00:00","2026-09-10 09:00:00","CAPE","surface",-74.0884,20.1526,2686
"2026-09-09 18:00:00","2026-09-10 09:00:00","CAPE","surface",-74.0645,20.1526,2642
"2026-09-09 18:00:00","2026-09-10 09:00:00","CAPE","surface",-74.0406,20.1526,2852
"2026-09-09 18:00:00","2026-09-10 09:00:00","CAPE","surface",-74.0166,20.1526,2826
"2026-09-09 18:00:00","2026-09-10 09:00:00","CAPE","surface",-73.9927,20.1526,2882
"2026-09-09 18:00:00","2026-09-10 09:00:00","CAPE","surface",-73.9688,20.1526,2853
"2026-09-09 18:00:00","2026-09-10 09:00:00","CAPE","surface",-73.9449,20.1526,2813
"2026-09-09 18:00:00","2026-09-10 09:00:00","CAPE","surface",-73.9209,20.1526,2773
"2026-09-09 18:00:00","2026-09-10 09:00:00","CAPE","surface",-73.897,20.1526,2671
"2026-09-09 18:00:00","2026-09-10 09:00:00","CAPE","surface",-73.8731,20.1526,2633
"2026-09-09 18:00:00","2026-09-10 09:00:00","CAPE","surface",-73.8492,20.1526,2603
"2026-09-09 18:00:00","2026-09-10 09:00:00","CAPE","surface",-73.8252,20.1526,2597
"2026-09-09 18:00:00","2026-09-10 09:00:00","CAPE","surface",-73.8013,20.1526,2547
"2026-09-09 18:00:00","2026-09-10 09:00:00","CAPE","surface",-73.7774,20.1526,2437
"2026-09-09 18:00:00","2026-09-10 09:00:00","CAPE","surface",-73.7535,20.1526,2383
"2026-09-09 18:00:00","2026-09-10 09:00:00","CAPE","surface",-73.7295,20.1526,2317
"2026-09-09 18:00:00","2026-09-10 09:00:00","CAPE","surface",-73.7056,20.1526,2317
"2026-09-09 18:00:00","2026-09-10 09:00:00","CAPE","surface",-73.6817,20.1526,2269
"2026-09-09 18:00:00","2026-09-10 09:00:00","CAPE","surface",-73.6578,20.1526,2271
"2026-09-09 18:00:00","2026-09-10 09:00:00","CAPE","surface",-73.6338,20.1526,2219
"2026-09-09 18:00:00","2026-09-10 09:00:00","CAPE","surface",-73.6099,20.1526,2214
"2026-09-09 18:00:00","2026-09-10 09:00:00","CAPE","surface",-73.586,20.1526,2152
"2026-09-09 18:00:00","2026-09-10 09:00:00","CAPE","surface",-73.5621,20.1526,2154
"2026-09-09 18:00:00","2026-09-10 09:00:00","CAPE","surface",-73.5381,20.1526,2079
"2026-09-09 18:00:00","2026-09-10 09:00:00","CAPE","surface",-73.5142,20.1526,2085
"2026-09-09 18:00:00","2026-09-10 09:00:00","CAPE","surface",-73.4903,20.1526,2070
"2026-09-09 18:00:00","2026-09-10 09:00:00","CAPE","surface",-73.4664,20.1526,2070
"2026-09-09 18:00:00","2026-09-10 09:00:00","CAPE","surface",-73.4424,20.1526,2101
"2026-09-09 18:00:00","2026-09-10 09:00:00","CAPE","surface",-73.4185,20.1526,2111
"2026-09-09 18:00:00","2026-09-10 09:00:00","CAPE","surface",-73.3946,20.1526,2111
"2026-09-09 18:00:00","2026-09-10 09:00:00","CAPE","surface",-73.3707,20.1526,2130
"2026-09-09 18:00:00","2026-09-10 09:00:00","CAPE","surface",-73.3467,20.1526,2107
"2026-09-09 18:00:00","2026-09-10 09:00:00","CAPE","surface",-73.3228,20.1526,2107
"2026-09-09 18:00:00","2026-09-10 09:00:00","CAPE","surface",-73.2989,20.1526,2109
"2026-09-09 18:00:00","2026-09-10 09:00:00","CAPE","surface",-73.275,20.1526,2111
"2026-09-09 18:00:00","2026-09-10 09:00:00","CAPE","surface",-73.251,20.1526,2114
"2026-09-09 18:00:00","2026-09-10 09:00:00","CAPE","surface",-73.2271,20.1526,2113
"2026-09-09 18:00:00","2026-09-10 09:00:00","CAPE","surface",-73.2032,20.1526,2105
"2026-09-09 18:00:00","2026-09-10 09:00:00","CAPE","surface",-73.1793,20.1526,2097
"2026-09-09 18:00:00","2026-09-10 09:00:00","CAPE","surface",-73.1553,20.1526,2099
"2026-09-09 18:00:00","2026-09-10 09:00:00","CAPE","surface",-73.1314,20.1526,2090
"2026-09-09 18:00:00","2026-09-10 09:00:00","CAPE","surface",-73.1075,20.1526,2095
"2026-09-09 18:00:00","2026-09-10 09:00:00","CAPE","surface",-73.0836,20.1526,2095
"2026-09-09 18:00:00","2026-09-10 09:00:00","CAPE","surface",-73.0596,20.1526,2133
"2026-09-09 18:00:00","2026-09-10 09:00:00","CAPE","surface",-73.0357,20.1526,2094
"2026-09-09 18:00:00","2026-09-10 09:00:00","CAPE","surface",-73.0118,20.1526,2147
"2026-09-09 18:00:00","2026-09-10 09:00:00","CAPE","surface",-72.9879,20.1526,2108
"2026-09-09 18:00:00","2026-09-10 09:00:00","CAPE","surface",-72.9639,20.1526,2169
"2026-09-09 18:00:00","2026-09-10 09:00:00","CAPE","surface",-72.94,20.1526,2122
"2026-09-09 18:00:00","2026-09-10 09:00:00","CAPE","surface",-72.9161,20.1526,2151
"2026-09-09 18:00:00","2026-09-10 09:00:00","CAPE","surface",-72.8922,20.1526,2111
"2026-09-09 18:00:00","2026-09-10 09:00:00","CAPE","surface",-72.8682,20.1526,2154
"2026-09-09 18:00:00","2026-09-10 09:00:00","CAPE","surface",-72.8443,20.1526,2154
"2026-09-09 18:00:00","2026-09-10 09:00:00","CAPE","surface",-72.8204,20.1526,2191
"2026-09-09 18:00:00","2026-09-10 09:00:00","CAPE","surface",-72.7965,20.1526,2277
"2026-09-09 18:00:00","2026-09-10 09:00:00","CAPE","surface",-72.7725,20.1526,2228
"2026-09-09 18:00:00","2026-09-10 09:00:00","CAPE","surface",-72.7486,20.1526,2331
"2026-09-09 18:00:00","2026-09-10 09:00:00","CAPE","surface",-72.7247,20.1526,2331
"2026-09-09 18:00:00","2026-09-10 09:00:00","CAPE","surface",-72.7008,20.1526,2334
"2026-09-09 18:00:00","2026-09-10 09:00:00","CAPE","surface",-72.6768,20.1526,2284
"2026-09-09 18:00:00","2026-09-10 09:00:00","CAPE","surface",-72.6529,20.1526,2347
"2026-09-09 18:00:00","2026-09-10 09:00:00","CAPE","surface",-72.629,20.1526,2260
"2026-09-09 18:00:00","2026-09-10 09:00:00","CAPE","surface",-72.6051,20.1526,2374
"2026-09-09 18:00:00","2026-09-10 09:00:00","CAPE","surface",-72.5811,20.1526,2277
"2026-09-09 18:00:00","2026-09-10 09:00:00","CAPE","surface",-72.5572,20.1526,2308
"2026-09-09 18:00:00","2026-09-10 09:00:00","CAPE","surface",-72.5333,20.1526,2255
"2026-09-09 18:00:00","2026-09-10 09:00:00","CAPE","surface",-72.5094,20.1526,2304
"2026-09-09 18:00:00","2026-09-10 09:00:00","CAPE","surface",-72.4854,20.1526,2304
"2026-09-09 18:00:00","2026-09-10 09:00:00","CAPE","surface",-72.4615,20.1526,2478
"2026-09-09 18:00:00","2026-09-10 09:00:00","CAPE","surface",-72.4376,20.1526,2448
"2026-09-09 18:00:00","2026-09-10 09:00:00","CAPE","surface",-72.4137,20.1526,2498
"2026-09-09 18:00:00","2026-09-10 09:00:00","CAPE","surface",-72.3897,20.1526,2498
"2026-09-09 18:00:00","2026-09-10 09:00:00","CAPE","surface",-72.3658,20.1526,2406
"2026-09-09 18:00:00","2026-09-10 09:00:00","CAPE","surface",-72.3419,20.1526,2383
"2026-09-09 18:00:00","2026-09-10 09:00:00","CAPE","surface",-72.318,20.1526,2320
"2026-09-09 18:00:00","2026-09-10 09:00:00","CAPE","surface",-72.294,20.1526,2312
"2026-09-09 18:00:00","2026-09-10 09:00:00","CAPE","surface",-72.2701,20.1526,2309
"2026-09-09 18:00:00","2026-09-10 09:00:00","CAPE","surface",-72.2462,20.1526,2314
"2026-09-09 18:00:00","2026-09-10 09:00:00","CAPE","surface",-72.2223,20.1526,2355
"2026-09-09 18:00:00","2026-09-10 09:00:00","CAPE","surface",-72.1983,20.1526,2349
"2026-09-09 18:00:00","2026-09-10 09:00:00","CAPE","surface",-72.1744,20.1526,2381
"2026-09-09 18:00:00","2026-09-10 09:00:00","CAPE","surface",-72.1505,20.1526,2534
"2026-09-09 18:00:00","2026-09-10 09:00:00","CAPE","surface",-72.1266,20.1526,2496
"2026-09-09 18:00:00","2026-09-10 09:00:00","CAPE","surface",-72.1026,20.1526,2601
"2026-09-09 18:00:00","2026-09-10 09:00:00","CAPE","surface",-72.0787,20.1526,2546
"2026-09-09 18:00:00","2026-09-10 09:00:00","CAPE","surface",-72.0548,20.1526,2593
"2026-09-09 18:00:00","2026-09-10 09:00:00","CAPE","surface",-72.0309,20.1526,2593
"2026-09-09 18:00:00","2026-09-10 09:00:00","CAPE","surface",-72.0069,20.1526,2607
"2026-09-09 18:00:00","2026-09-10 09:00:00","CAPE","surface",-71.983,20.1526,2503
"2026-09-09 18:00:00","2026-09-10 09:00:00","CAPE","surface",-71.9591,20.1526,2442
"2026-09-09 18:00:00","2026-09-10 09:00:00","CAPE","surface",-71.9352,20.1526,2306
"2026-09-09 18:00:00","2026-09-10 09:00:00","CAPE","surface",-71.9112,20.1526,2403
"2026-09-09 18:00:00","2026-09-10 09:00:00","CAPE","surface",-71.8873,20.1526,2244
"2026-09-09 18:00:00","2026-09-10 09:00:00","CAPE","surface",-71.8634,20.1526,2251
"2026-09-09 18:00:00","2026-09-10 09:00:00","CAPE","surface",-71.8395,20.1526,2180
"2026-09-09 18:00:00","2026-09-10 09:00:00","CAPE","surface",-71.8155,20.1526,2364
"2026-09-09 18:00:00","2026-09-10 09:00:00","CAPE","surface",-71.7916,20.1526,2334
"2026-09-09 18:00:00","2026-09-10 09:00:00","CAPE","surface",-71.7677,20.1526,2488
"2026-09-09 18:00:00","2026-09-10 09:00:00","CAPE","surface",-71.7438,20.1526,2426
"2026-09-09 18:00:00","2026-09-10 09:00:00","CAPE","surface",-71.7198,20.1526,2499
"2026-09-09 18:00:00","2026-09-10 09:00:00","CAPE","surface",-71.6959,20.1526,2499
"2026-09-09 18:00:00","2026-09-10 09:00:00","CAPE","surface",-71.672,20.1526,2446
"2026-09-09 18:00:00","2026-09-10 09:00:00","CAPE","surface",-71.6481,20.1526,2474
"2026-09-09 18:00:00","2026-09-10 09:00:00","CAPE","surface",-71.6241,20.1526,2339
"2026-09-09 18:00:00","2026-09-10 09:00:00","CAPE","surface",-71.6002,20.1526,2475
"2026-09-09 18:00:00","2026-09-10 09:00:00","CAPE","surface",-71.5763,20.1526,2475
"2026-09-09 18:00:00","2026-09-10 09:00:00","CAPE","surface",-71.5524,20.1526,2608
"2026-09-09 18:00:00","2026-09-10 09:00:00","CAPE","surface",-71.5284,20.1526,2600
"2026-09-09 18:00:00","2026-09-10 09:00:00","CAPE","surface",-71.5045,20.1526,2731
"2026-09-09 18:00:00","2026-09-10 09:00:00","CAPE","surface",-71.4806,20.1526,2738
"2026-09-09 18:00:00","2026-09-10 09:00:00","CAPE","surface",-71.4567,20.1526,2881
"2026-09-09 18:00:00","2026-09-10 09:00:00","CAPE","surface",-71.4327,20.1526,2871
"2026-09-09 18:00:00","2026-09-10 09:00:00","CAPE","surface",-71.4088,20.1526,2891
"2026-09-09 18:00:00","2026-09-10 09:00:00","CAPE","surface",-71.3849,20.1526,2872
"2026-09-09 18:00:00","2026-09-10 09:00:00","CAPE","surface",-71.361,20.1526,2797
"2026-09-09 18:00:00","2026-09-10 09:00:00","CAPE","surface",-71.337,20.1526,2822
"2026-09-09 18:00:00","2026-09-10 09:00:00","CAPE","surface",-71.3131,20.1526,2755
"2026-09-09 18:00:00","2026-09-10 09:00:00","CAPE","surface",-71.2892,20.1526,2884
"2026-09-09 18:00:00","2026-09-10 09:00:00","CAPE","surface",-71.2653,20.1526,2761
"2026-09-09 18:00:00","2026-09-10 09:00:00","CAPE","surface",-71.2413,20.1526,2761
"2026-09-09 18:00:00","2026-09-10 09:00:00","CAPE","surface",-71.2174,20.1526,2600
"2026-09-09 18:00:00","2026-09-10 09:00:00","CAPE","surface",-71.1935,20.1526,2604
"2026-09-09 18:00:00","2026-09-10 09:00:00","CAPE","surface",-71.1696,20.1526,2627
"2026-09-09 18:00:00","2026-09-10 09:00:00","CAPE","surface",-71.1456,20.1526,2732
"2026-09-09 18:00:00","2026-09-10 09:00:00","CAPE","surface",-71.1217,20.1526,2758
"2026-09-09 18:00:00","2026-09-10 09:00:00","CAPE","surface",-71.0978,20.1526,2891
"2026-09-09 18:00:00","2026-09-10 09:00:00","CAPE","surface",-71.0739,20.1526,2917
"2026-09-09 18:00:00","2026-09-10 09:00:00","CAPE","surface",-71.0499,20.1526,2949
"2026-09-09 18:00:00","2026-09-10 09:00:00","CAPE","surface",-71.026,20.1526,2949
"2026-09-09 18:00:00","2026-09-10 09:00:00","CAPE","surface",-71.0021,20.1526,2895
"2026-09-09 18:00:00","2026-09-10 09:00:00","CAPE","surface",-70.9782,20.1526,2993
"2026-09-09 18:00:00","2026-09-10 09:00:00","CAPE","surface",-70.9542,20.1526,2930
"2026-09-09 18:00:00","2026-09-10 09:00:00","CAPE","surface",-70.9303,20.1526,2902
"2026-09-09 18:00:00","2026-09-10 09:00:00","CAPE","surface",-70.9064,20.1526,2912
"2026-09-09 18:00:00","2026-09-10 09:00:00","CAPE","surface",-70.8825,20.1526,2865
"2026-09-09 18:00:00","2026-09-10 09:00:00","CAPE","surface",-70.8585,20.1526,2964
"2026-09-09 18:00:00","2026-09-10 09:00:00","CAPE","surface",-70.8346,20.1526,2840
"2026-09-09 18:00:00","2026-09-10 09:00:00","CAPE","surface",-70.8107,20.1526,3143
"2026-09-09 18:00:00","2026-09-10 09:00:00","CAPE","surface",-70.7868,20.1526,3264
"2026-09-09 18:00:00","2026-09-10 09:00:00","CAPE","surface",-70.7628,20.1526,3279
"2026-09-09 18:00:00","2026-09-10 09:00:00","CAPE","surface",-70.7389,20.1526,3292
"2026-09-09 18:00:00","2026-09-10 09:00:00","CAPE","surface",-70.715,20.1526,3237
"2026-09-09 18:00:00","2026-09-10 09:00:00","CAPE","surface",-70.6911,20.1526,3162
"2026-09-09 18:00:00","2026-09-10 09:00:00","CAPE","surface",-70.6671,20.1526,3104
"2026-09-09 18:00:00","2026-09-10 09:00:00","CAPE","surface",-70.6432,20.1526,2954
"2026-09-09 18:00:00","2026-09-10 09:00:00","CAPE","surface",-70.6193,20.1526,2967
"2026-09-09 18:00:00","2026-09-10 09:00:00","CAPE","surface",-70.5954,20.1526,2798
"2026-09-09 18:00:00","2026-09-10 09:00:00","CAPE","surface",-70.5714,20.1526,2938
"2026-09-09 18:00:00","2026-09-10 09:00:00","CAPE","surface",-70.5475,20.1526,2699
"2026-09-09 18:00:00","2026-09-10 09:00:00","CAPE","surface",-70.5236,20.1526,2978
"2026-09-09 18:00:00","2026-09-10 09:00:00","CAPE","surface",-70.4997,20.1526,2893
"2026-09-09 18:00:00","2026-09-10 09:00:00","CAPE","surface",-70.4757,20.1526,2893
"2026-09-09 18:00:00","2026-09-10 09:00:00","CAPE","surface",-70.4518,20.1526,2935
"2026-09-09 18:00:00","2026-09-10 09:00:00","CAPE","surface",-70.4279,20.1526,3038
"2026-09-09 18:00:00","2026-09-10 09:00:00","CAPE","surface",-70.404,20.1526,3069
"2026-09-09 18:00:00","2026-09-10 09:00:00","CAPE","surface",-70.38,20.1526,3119
"2026-09-09 18:00:00","2026-09-10 09:00:00","CAPE","surface",-70.3561,20.1526,3161
"2026-09-09 18:00:00","2026-09-10 09:00:00","CAPE","surface",-70.3322,20.1526,3151
"2026-09-09 18:00:00","2026-09-10 09:00:00","CAPE","surface",-70.3083,20.1526,2905
"2026-09-09 18:00:00","2026-09-10 09:00:00","CAPE","surface",-70.2843,20.1526,2777
"2026-09-09 18:00:00","2026-09-10 09:00:00","CAPE","surface",-70.2604,20.1526,2777
"2026-09-09 18:00:00","2026-09-10 09:00:00","CAPE","surface",-70.2365,20.1526,2701
"2026-09-09 18:00:00","2026-09-10 09:00:00","CAPE","surface",-70.2126,20.1526,2728
"2026-09-09 18:00:00","2026-09-10 09:00:00","CAPE","surface",-70.1886,20.1526,2838
"2026-09-09 18:00:00","2026-09-10 09:00:00","CAPE","surface",-70.1647,20.1526,2838
"2026-09-09 18:00:00","2026-09-10 09:00:00","CAPE","surface",-70.1408,20.1526,2827
"2026-09-09 18:00:00","2026-09-10 09:00:00","CAPE","surface",-70.1169,20.1526,2792
"2026-09-09 18:00:00","2026-09-10 09:00:00","CAPE","surface",-70.0929,20.1526,2830
"2026-09-09 18:00:00","2026-09-10 09:00:00","CAPE","surface",-70.069,20.1526,2806
"2026-09-09 18:00:00","2026-09-10 09:00:00","CAPE","surface",-70.0451,20.1526,2847
"2026-09-09 18:00:00","2026-09-10 09:00:00","CAPE","surface",-70.0212,20.1526,2965
"2026-09-09 18:00:00","2026-09-10 09:00:00","CAPE","surface",-69.9972,20.1526,3017
"2026-09-09 18:00:00","2026-09-10 09:00:00","CAPE","surface",-69.9733,20.1526,3163
"2026-09-09 18:00:00","2026-09-10 09:00:00","CAPE","surface",-69.9494,20.1526,3163
"2026-09-09 18:00:00","2026-09-10 09:00:00","CAPE","surface",-69.9255,20.1526,2284
"2026-09-09 18:00:00","2026-09-10 09:00:00","CAPE","surface",-69.9015,20.1526,1782
"2026-09-09 18:00:00","2026-09-10 09:00:00","CAPE","surface",-69.8776,20.1526,363
"2026-09-09 18:00:00","2026-09-10 09:00:00","CAPE","surface",-69.8537,20.1526,363
"2026-09-09 18:00:00","2026-09-10 09:00:00","CAPE","surface",-69.8298,20.1526,546
"2026-09-09 18:00:00","2026-09-10 09:00:00","CAPE","surface",-69.8058,20.1526,652
"2026-09-09 18:00:00","2026-09-10 09:00:00","CAPE","surface",-69.7819,20.1526,572
"2026-09-09 18:00:00","2026-09-10 09:00:00","CAPE","surface",-69.758,20.1526,529
"2026-09-09 18:00:00","2026-09-10 09:00:00","CAPE","surface",-69.7341,20.1526,529
"2026-09-09 18:00:00","2026-09-10 09:00:00","CAPE","surface",-69.7101,20.1526,420
"2026-09-09 18:00:00","2026-09-10 09:00:00","CAPE","surface",-69.6862,20.1526,406
"2026-09-09 18:00:00","2026-09-10 09:00:00","CAPE","surface",-69.6623,20.1526,348
"2026-09-09 18:00:00","2026-09-10 09:00:00","CAPE","surface",-69.6384,20.1526,348
"2026-09-09 18:00:00","2026-09-10 09:00:00","CAPE","surface",-69.6144,20.1526,588
"2026-09-09 18:00:00","2026-09-10 09:00:00","CAPE","surface",-69.5905,20.1526,816
"2026-09-09 18:00:00","2026-09-10 09:00:00","CAPE","surface",-69.5666,20.1526,1063
"2026-09-09 18:00:00","2026-09-10 09:00:00","CAPE","surface",-69.5427,20.1526,1063
"2026-09-09 18:00:00","2026-09-10 09:00:00","CAPE","surface",-69.5187,20.1526,1544
"2026-09-09 18:00:00","2026-09-10 09:00:00","CAPE","surface",-69.4948,20.1526,2577
"2026-09-09 18:00:00","2026-09-10 09:00:00","CAPE","surface",-69.4709,20.1526,3118
"2026-09-09 18:00:00","2026-09-10 09:00:00","CAPE","surface",-69.447,20.1526,3057
"2026-09-09 18:00:00","2026-09-10 09:00:00","CAPE","surface",-69.423,20.1526,3057
"2026-09-09 18:00:00","2026-09-10 09:00:00","CAPE","surface",-69.3991,20.1526,2552
"2026-09-09 18:00:00","2026-09-10 09:00:00","CAPE","surface",-69.3752,20.1526,2559
"2026-09-09 18:00:00","2026-09-10 09:00:00","CAPE","surface",-69.3513,20.1526,2440
"2026-09-09 18:00:00","2026-09-10 09:00:00","CAPE","surface",-69.3273,20.1526,2440
"2026-09-09 18:00:00","2026-09-10 09:00:00","CAPE","surface",-69.3034,20.1526,2428
"2026-09-09 18:00:00","2026-09-10 09:00:00","CAPE","surface",-69.2795,20.1526,2455
"2026-09-09 18:00:00","2026-09-10 09:00:00","CAPE","surface",-69.2556,20.1526,2444
"2026-09-09 18:00:00","2026-09-10 09:00:00","CAPE","surface",-69.2316,20.1526,2513
"2026-09-09 18:00:00","2026-09-10 09:00:00","CAPE","surface",-69.2077,20.1526,2765
"2026-09-09 18:00:00","2026-09-10 09:00:00","CAPE","surface",-69.1838,20.1526,3100
"2026-09-09 18:00:00","2026-09-10 09:00:00","CAPE","surface",-69.1599,20.1526,3010
"2026-09-09 18:00:00","2026-09-10 09:00:00","CAPE","surface",-69.1359,20.1526,3182
"2026-09-09 18:00:00","2026-09-10 09:00:00","CAPE","surface",-69.112,20.1526,3093
"2026-09-09 18:00:00","2026-09-10 09:00:00","CAPE","surface",-69.0881,20.1526,3064
"2026-09-09 18:00:00","2026-09-10 09:00:00","CAPE","surface",-69.0642,20.1526,3101
"2026-09-09 18:00:00","2026-09-10 09:00:00","CAPE","surface",-69.0402,20.1526,3103
"2026-09-09 18:00:00","2026-09-10 09:00:00","CAPE","surface",-69.0163,20.1526,2997
"2026-09-09 18:00:00","2026-09-10 09:00:00","CAPE","surface",-68.9924,20.1526,3032
"2026-09-09 18:00:00","2026-09-10 09:00:00","CAPE","surface",-68.9685,20.1526,3015
"2026-09-09 18:00:00","2026-09-10 09:00:00","CAPE","surface",-68.9445,20.1526,3027
"2026-09-09 18:00:00","2026-09-10 09:00:00","CAPE","surface",-68.9206,20.1526,2985
"2026-09-09 18:00:00","2026-09-10 09:00:00","CAPE","surface",-68.8967,20.1526,3008
"2026-09-09 18:00:00","2026-09-10 09:00:00","CAPE","surface",-68.8728,20.1526,2909
"2026-09-09 18:00:00","2026-09-10 09:00:00","CAPE","surface",-68.8488,20.1526,2884
"2026-09-09 18:00:00","2026-09-10 09:00:00","CAPE","surface",-68.8249,20.1526,2800
"2026-09-09 18:00:00","2026-09-10 09:00:00","CAPE","surface",-68.801,20.1526,2802
"2026-09-09 18:00:00","2026-09-10 09:00:00","CAPE","surface",-68.7771,20.1526,2847
"2026-09-09 18:00:00","2026-09-10 09:00:00","CAPE","surface",-68.7531,20.1526,2924
"2026-09-09 18:00:00","2026-09-10 09:00:00","CAPE","surface",-68.7292,20.1526,2924
"2026-09-09 18:00:00","2026-09-10 09:00:00","CAPE","surface",-68.7053,20.1526,2916
"2026-09-09 18:00:00","2026-09-10 09:00:00","CAPE","surface",-68.6813,20.1526,2878
"2026-09-09 18:00:00","2026-09-10 09:00:00","CAPE","surface",-68.6574,20.1526,2828
"2026-09-09 18:00:00","2026-09-10 09:00:00","CAPE","surface",-68.6335,20.1526,2828
"2026-09-09 18:00:00","2026-09-10 09:00:00","CAPE","surface",-68.6096,20.1526,2882
"2026-09-09 18:00:00","2026-09-10 09:00:00","CAPE","surface",-68.5856,20.1526,2885
"2026-09-09 18:00:00","2026-09-10 09:00:00","CAPE","surface",-68.5617,20.1526,2967
"2026-09-09 18:00:00","2026-09-10 09:00:00","CAPE","surface",-68.5378,20.1526,2967
"2026-09-09 18:00:00","2026-09-10 09:00:00","CAPE","surface",-68.5139,20.1526,3030
"2026-09-09 18:00:00","2026-09-10 09:00:00","CAPE","surface",-68.4899,20.1526,3083
"2026-09-09 18:00:00","2026-09-10 09:00:00","CAPE","surface",-68.466,20.1526,3151
"2026-09-09 18:00:00","2026-09-10 09:00:00","CAPE","surface",-68.4421,20.1526,3062
"2026-09-09 18:00:00","2026-09-10 09:00:00","CAPE","surface",-68.4182,20.1526,3062
"2026-09-09 18:00:00","2026-09-10 09:00:00","CAPE","surface",-68.3942,20.1526,2897
"2026-09-09 18:00:00","2026-09-10 09:00:00","CAPE","surface",-68.3703,20.1526,2887
"2026-09-09 18:00:00","2026-09-10 09:00:00","CAPE","surface",-68.3464,20.1526,2827
"2026-09-09 18:00:00","2026-09-10 09:00:00","CAPE","surface",-68.3225,20.1526,2827
"2026-09-09 18:00:00","2026-09-10 09:00:00","CAPE","surface",-68.2985,20.1526,2871
"2026-09-09 18:00:00","2026-09-10 09:00:00","CAPE","surface",-68.2746,20.1526,3246
"2026-09-09 18:00:00","2026-09-10 09:00:00","CAPE","surface",-68.2507,20.1526,3322
"2026-09-09 18:00:00","2026-09-10 09:00:00","CAPE","surface",-68.2268,20.1526,3404
"2026-09-09 18:00:00","2026-09-10 09:00:00","CAPE","surface",-68.2028,20.1526,3462
"2026-09-09 18:00:00","2026-09-10 09:00:00","CAPE","surface",-68.1789,20.1526,3480
"2026-09-09 18:00:00","2026-09-10 09:00:00","CAPE","surface",-68.155,20.1526,3549
"2026-09-09 18:00:00","2026-09-10 09:00:00","CAPE","surface",-68.1311,20.1526,3382
"2026-09-09 18:00:00","2026-09-10 09:00:00","CAPE","surface",-68.1071,20.1526,3479
"2026-09-09 18:00:00","2026-09-10 09:00:00","CAPE","surface",-68.0832,20.1526,3391
"2026-09-09 18:00:00","2026-09-10 09:00:00","CAPE","surface",-68.0593,20.1526,3451
"2026-09-09 18:00:00","2026-09-10 09:00:00","CAPE","surface",-68.0354,20.1526,3451
"2026-09-09 18:00:00","2026-09-10 09:00:00","CAPE","surface",-68.0114,20.1526,3676
"2026-09-09 18:00:00","2026-09-10 09:00:00","CAPE","surface",-67.9875,20.1526,3668
"2026-09-09 18:00:00","2026-09-10 09:00:00","CAPE","surface",-67.9636,20.1526,3553
"2026-09-09 18:00:00","2026-09-10 09:00:00","CAPE","surface",-67.9397,20.1526,3553
"2026-09-09 18:00:00","2026-09-10 09:00:00","CAPE","surface",-67.9157,20.1526,3040
"2026-09-09 18:00:00","2026-09-10 09:00:00","CAPE","surface",-67.8918,20.1526,3152
"2026-09-09 18:00:00","2026-09-10 09:00:00","CAPE","surface",-67.8679,20.1526,3062
"2026-09-09 18:00:00","2026-09-10 09:00:00","CAPE","surface",-67.844,20.1526,3012
"2026-09-09 18:00:00","2026-09-10 09:00:00","CAPE","surface",-67.82,20.1526,3137
"2026-09-09 18:00:00","2026-09-10 09:00:00","CAPE","surface",-67.7961,20.1526,3105
"2026-09-09 18:00:00","2026-09-10 09:00:00","CAPE","surface",-67.7722,20.1526,3185
"2026-09-09 18:00:00","2026-09-10 09:00:00","CAPE","surface",-67.7483,20.1526,3065
"2026-09-09 18:00:00","2026-09-10 09:00:00","CAPE","surface",-67.7243,20.1526,3096
"2026-09-09 18:00:00","2026-09-10 09:00:00","CAPE","surface",-67.7004,20.1526,3008
"2026-09-09 18:00:00","2026-09-10 09:00:00","CAPE","surface",-67.6765,20.1526,3032
"2026-09-09 18:00:00","2026-09-10 09:00:00","CAPE","surface",-67.6526,20.1526,2991
"2026-09-09 18:00:00","2026-09-10 09:00:00","CAPE","surface",-67.6286,20.1526,3032
"2026-09-09 18:00:00","2026-09-10 09:00:00","CAPE","surface",-67.6047,20.1526,3033
"2026-09-09 18:00:00","2026-09-10 09:00:00","CAPE","surface",-67.5808,20.1526,3069
"2026-09-09 18:00:00","2026-09-10 09:00:00","CAPE","surface",-67.5569,20.1526,3069
"2026-09-09 18:00:00","2026-09-10 09:00:00","CAPE","surface",-67.5329,20.1526,3048
"2026-09-09 18:00:00","2026-09-10 09:00:00","CAPE","surface",-67.509,20.1526,3024
"2026-09-09 18:00:00","2026-09-10 09:00:00","CAPE","surface",-67.4851,20.1526,2983
"2026-09-09 18:00:00","2026-09-10 09:00:00","CAPE","surface",-67.4612,20.1526,2983
"2026-09-09 18:00:00","2026-09-10 09:00:00","CAPE","surface",-67.4372,20.1526,2928
"2026-09-09 18:00:00","2026-09-10 09:00:00","CAPE","surface",-67.4133,20.1526,2841
"2026-09-09 18:00:00","2026-09-10 09:00:00","CAPE","surface",-67.3894,20.1526,2826
"2026-09-09 18:00:00","2026-09-10 09:00:00","CAPE","surface",-67.3655,20.1526,2772
"2026-09-09 18:00:00","2026-09-10 09:00:00","CAPE","surface",-67.3415,20.1526,2791
"2026-09-09 18:00:00","2026-09-10 09:00:00","CAPE","surface",-67.3176,20.1526,2776
"2026-09-09 18:00:00","2026-09-10 09:00:00","CAPE","surface",-67.2937,20.1526,2790
"2026-09-09 18:00:00","2026-09-10 09:00:00","CAPE","surface",-67.2698,20.1526,2757
"2026-09-09 18:00:00","2026-09-10 09:00:00","CAPE","surface",-67.2458,20.1526,2760
"2026-09-09 18:00:00","2026-09-10 09:00:00","CAPE","surface",-67.2219,20.1526,2635
"2026-09-09 18:00:00","2026-09-10 09:00:00","CAPE","surface",-67.198,20.1526,2544
"2026-09-09 18:00:00","2026-09-10 09:00:00","CAPE","surface",-67.1741,20.1526,2544
"2026-09-09 18:00:00","2026-09-10 09:00:00","CAPE","surface",-67.1501,20.1526,2570
"2026-09-09 18:00:00","2026-09-10 09:00:00","CAPE","surface",-67.1262,20.1526,2643
"2026-09-09 18:00:00","2026-09-10 09:00:00","CAPE","surface",-67.1023,20.1526,2776
"2026-09-09 18:00:00","2026-09-10 09:00:00","CAPE","surface",-67.0784,20.1526,2776
"2026-09-09 18:00:00","2026-09-10 09:00:00","CAPE","surface",-67.0544,20.1526,2867
"2026-09-09 18:00:00","2026-09-10 09:00:00","CAPE","surface",-67.0305,20.1526,2861
"2026-09-09 18:00:00","2026-09-10 09:00:00","CAPE","surface",-67.0066,20.1526,2895
"2026-09-09 18:00:00","2026-09-10 09:00:00","CAPE","surface",-74.7822,20.175,1103
"2026-09-09 18:00:00","2026-09-10 09:00:00","CAPE","surface",-74.7583,20.175,1141
"2026-09-09 18:00:00","2026-09-10 09:00:00","CAPE","surface",-74.7344,20.175,1173
"2026-09-09 18:00:00","2026-09-10 09:00:00","CAPE","surface",-74.7105,20.175,1315
"2026-09-09 18:00:00","2026-09-10 09:00:00","CAPE","surface",-74.6865,20.175,1377
"2026-09-09 18:00:00","2026-09-10 09:00:00","CAPE","surface",-74.6626,20.175,1481
"2026-09-09 18:00:00","2026-09-10 09:00:00","CAPE","surface",-74.6387,20.175,1558
"2026-09-09 18:00:00","2026-09-10 09:00:00","CAPE","surface",-74.6148,20.175,1836
"2026-09-09 18:00:00","2026-09-10 09:00:00","CAPE","surface",-74.5908,20.175,2036
"2026-09-09 18:00:00","2026-09-10 09:00:00","CAPE","surface",-74.5669,20.175,2180
"2026-09-09 18:00:00","2026-09-10 09:00:00","CAPE","surface",-74.543,20.175,2180
"2026-09-09 18:00:00","2026-09-10 09:00:00","CAPE","surface",-74.5191,20.175,2223
"2026-09-09 18:00:00","2026-09-10 09:00:00","CAPE","surface",-74.4951,20.175,2286
"2026-09-09 18:00:00","2026-09-10 09:00:00","CAPE","surface",-74.4712,20.175,2340
"2026-09-09 18:00:00","2026-09-10 09:00:00","CAPE","surface",-74.4473,20.175,2415
"2026-09-09 18:00:00","2026-09-10 09:00:00","CAPE","surface",-74.4234,20.175,2434
"2026-09-09 18:00:00","2026-09-10 09:00:00","CAPE","surface",-74.3994,20.175,2434
"2026-09-09 18:00:00","2026-09-10 09:00:00","CAPE","surface",-74.3755,20.175,2437
"2026-09-09 18:00:00","2026-09-10 09:00:00","CAPE","surface",-74.3516,20.175,2376
"2026-09-09 18:00:00","2026-09-10 09:00:00","CAPE","surface",-74.3277,20.175,2321
"2026-09-09 18:00:00","2026-09-10 09:00:00","CAPE","surface",-74.3037,20.175,2305
"2026-09-09 18:00:00","2026-09-10 09:00:00","CAPE","surface",-74.2798,20.175,2446
"2026-09-09 18:00:00","2026-09-10 09:00:00","CAPE","surface",-74.2559,20.175,2474
"2026-09-09 18:00:00","2026-09-10 09:00:00","CAPE","surface",-74.232,20.175,2529
"2026-09-09 18:00:00","2026-09-10 09:00:00","CAPE","surface",-74.208,20.175,2505
"2026-09-09 18:00:00","2026-09-10 09:00:00","CAPE","surface",-74.1841,20.175,2442
"2026-09-09 18:00:00","2026-09-10 09:00:00","CAPE","surface",-74.1602,20.175,2442
"2026-09-09 18:00:00","2026-09-10 09:00:00","CAPE","surface",-74.1363,20.175,2593
"2026-09-09 18:00:00","2026-09-10 09:00:00","CAPE","surface",-74.1123,20.175,2698
"2026-09-09 18:00:00","2026-09-10 09:00:00","CAPE","surface",-74.0884,20.175,2888
"2026-09-09 18:00:00","2026-09-10 09:00:00","CAPE","surface",-74.0645,20.175,2871
"2026-09-09 18:00:00","2026-09-10 09:00:00","CAPE","surface",-74.0406,20.175,2921
"2026-09-09 18:00:00","2026-09-10 09:00:00","CAPE","surface",-74.0166,20.175,2921
"2026-09-09 18:00:00","2026-09-10 09:00:00","CAPE","surface",-73.9927,20.175,2864
"2026-09-09 18:00:00","2026-09-10 09:00:00","CAPE","surface",-73.9688,20.175,2845
"2026-09-09 18:00:00","2026-09-10 09:00:00","CAPE","surface",-73.9449,20.175,2742
"2026-09-09 18:00:00","2026-09-10 09:00:00","CAPE","surface",-73.9209,20.175,2706
"2026-09-09 18:00:00","2026-09-10 09:00:00","CAPE","surface",-73.897,20.175,2688
"2026-09-09 18:00:00","2026-09-10 09:00:00","CAPE","surface",-73.8731,20.175,2660
"2026-09-09 18:00:00","2026-09-10 09:00:00","CAPE","surface",-73.8492,20.175,2628
"2026-09-09 18:00:00","2026-09-10 09:00:00","CAPE","surface",-73.8252,20.175,2597
"2026-09-09 18:00:00","2026-09-10 09:00:00","CAPE","surface",-73.8013,20.175,2510
"2026-09-09 18:00:00","2026-09-10 09:00:00","CAPE","surface",-73.7774,20.175,2510
"2026-09-09 18:00:00","2026-09-10 09:00:00","CAPE","surface",-73.7535,20.175,2404
"2026-09-09 18:00:00","2026-09-10 09:00:00","CAPE","surface",-73.7295,20.175,2344
"2026-09-09 18:00:00","2026-09-10 09:00:00","CAPE","surface",-73.7056,20.175,2274
"2026-09-09 18:00:00","2026-09-10 09:00:00","CAPE","surface",-73.6817,20.175,2269
"2026-09-09 18:00:00","2026-09-10 09:00:00","CAPE","surface",-73.6578,20.175,2227
"2026-09-09 18:00:00","2026-09-10 09:00:00","CAPE","surface",-73.6338,20.175,2222
"2026-09-09 18:00:00","2026-09-10 09:00:00","CAPE","surface",-73.6099,20.175,2162
"2026-09-09 18:00:00","2026-09-10 09:00:00","CAPE","surface",-73.586,20.175,2152
"2026-09-09 18:00:00","2026-09-10 09:00:00","CAPE","surface",-73.5621,20.175,2096
"2026-09-09 18:00:00","2026-09-10 09:00:00","CAPE","surface",-73.5381,20.175,2079
"2026-09-09 18:00:00","2026-09-10 09:00:00","CAPE","surface",-73.5142,20.175,2061
"2026-09-09 18:00:00","2026-09-10 09:00:00","CAPE","surface",-73.4903,20.175,2058
"2026-09-09 18:00:00","2026-09-10 09:00:00","CAPE","surface",-73.4664,20.175,2081
"2026-09-09 18:00:00","2026-09-10 09:00:00","CAPE","surface",-73.4424,20.175,2101
"2026-09-09 18:00:00","2026-09-10 09:00:00","CAPE","surface",-73.4185,20.175,2107
"2026-09-09 18:00:00","2026-09-10 09:00:00","CAPE","surface",-73.3946,20.175,2107
"2026-09-09 18:00:00","2026-09-10 09:00:00","CAPE","surface",-73.3707,20.175,2116
"2026-09-09 18:00:00","2026-09-10 09:00:00","CAPE","surface",-73.3467,20.175,2110
"2026-09-09 18:00:00","2026-09-10 09:00:00","CAPE","surface",-73.3228,20.175,2113
"2026-09-09 18:00:00","2026-09-10 09:00:00","CAPE","surface",-73.2989,20.175,2109
"2026-09-09 18:00:00","2026-09-10 09:00:00","CAPE","surface",-73.275,20.175,2127
"2026-09-09 18:00:00","2026-09-10 09:00:00","CAPE","surface",-73.251,20.175,2115
"2026-09-09 18:00:00","2026-09-10 09:00:00","CAPE","surface",-73.2271,20.175,2118
"2026-09-09 18:00:00","2026-09-10 09:00:00","CAPE","surface",-73.2032,20.175,2128
"2026-09-09 18:00:00","2026-09-10 09:00:00","CAPE","surface",-73.1793,20.175,2110
"2026-09-09 18:00:00","2026-09-10 09:00:00","CAPE","surface",-73.1553,20.175,2165
"2026-09-09 18:00:00","2026-09-10 09:00:00","CAPE","surface",-73.1314,20.175,2143
"2026-09-09 18:00:00","2026-09-10 09:00:00","CAPE","surface",-73.1075,20.175,2206
"2026-09-09 18:00:00","2026-09-10 09:00:00","CAPE","surface",-73.0836,20.175,2170
"2026-09-09 18:00:00","2026-09-10 09:00:00","CAPE","surface",-73.0596,20.175,2239
"2026-09-09 18:00:00","2026-09-10 09:00:00","CAPE","surface",-73.0357,20.175,2239
"2026-09-09 18:00:00","2026-09-10 09:00:00","CAPE","surface",-73.0118,20.175,2273
"2026-09-09 18:00:00","2026-09-10 09:00:00","CAPE","surface",-72.9879,20.175,2215
"2026-09-09 18:00:00","2026-09-10 09:00:00","CAPE","surface",-72.9639,20.175,2251
"2026-09-09 18:00:00","2026-09-10 09:00:00","CAPE","surface",-72.94,20.175,2195
"2026-09-09 18:00:00","2026-09-10 09:00:00","CAPE","surface",-72.9161,20.175,2291
"2026-09-09 18:00:00","2026-09-10 09:00:00","CAPE","surface",-72.8922,20.175,2235
"2026-09-09 18:00:00","2026-09-10 09:00:00","CAPE","surface",-72.8682,20.175,2291
"2026-09-09 18:00:00","2026-09-10 09:00:00","CAPE","surface",-72.8443,20.175,2237
"2026-09-09 18:00:00","2026-09-10 09:00:00","CAPE","surface",-72.8204,20.175,2317
"2026-09-09 18:00:00","2026-09-10 09:00:00","CAPE","surface",-72.7965,20.175,2317
"2026-09-09 18:00:00","2026-09-10 09:00:00","CAPE","surface",-72.7725,20.175,2410
"2026-09-09 18:00:00","2026-09-10 09:00:00","CAPE","surface",-72.7486,20.175,2368
"2026-09-09 18:00:00","2026-09-10 09:00:00","CAPE","surface",-72.7247,20.175,2392
"2026-09-09 18:00:00","2026-09-10 09:00:00","CAPE","surface",-72.7008,20.175,2334
"2026-09-09 18:00:00","2026-09-10 09:00:00","CAPE","surface",-72.6768,20.175,2558
"2026-09-09 18:00:00","2026-09-10 09:00:00","CAPE","surface",-72.6529,20.175,2456
"2026-09-09 18:00:00","2026-09-10 09:00:00","CAPE","surface",-72.629,20.175,2486
"2026-09-09 18:00:00","2026-09-10 09:00:00","CAPE","surface",-72.6051,20.175,2374
"2026-09-09 18:00:00","2026-09-10 09:00:00","CAPE","surface",-72.5811,20.175,2370
"2026-09-09 18:00:00","2026-09-10 09:00:00","CAPE","surface",-72.5572,20.175,2370
"2026-09-09 18:00:00","2026-09-10 09:00:00","CAPE","surface",-72.5333,20.175,2416
"2026-09-09 18:00:00","2026-09-10 09:00:00","CAPE","surface",-72.5094,20.175,2361
"2026-09-09 18:00:00","2026-09-10 09:00:00","CAPE","surface",-72.4854,20.175,2484
"2026-09-09 18:00:00","2026-09-10 09:00:00","CAPE","surface",-72.4615,20.175,2478
"2026-09-09 18:00:00","2026-09-10 09:00:00","CAPE","surface",-72.4376,20.175,2571
"2026-09-09 18:00:00","2026-09-10 09:00:00","CAPE","surface",-72.4137,20.175,2478
"2026-09-09 18:00:00","2026-09-10 09:00:00","CAPE","surface",-72.3897,20.175,2436
"2026-09-09 18:00:00","2026-09-10 09:00:00","CAPE","surface",-72.3658,20.175,2333
"2026-09-09 18:00:00","2026-09-10 09:00:00","CAPE","surface",-72.3419,20.175,2331
"2026-09-09 18:00:00","2026-09-10 09:00:00","CAPE","surface",-72.318,20.175,2319
"2026-09-09 18:00:00","2026-09-10 09:00:00","CAPE","surface",-72.294,20.175,2311
"2026-09-09 18:00:00","2026-09-10 09:00:00","CAPE","surface",-72.2701,20.175,2350
"2026-09-09 18:00:00","2026-09-10 09:00:00","CAPE","surface",-72.2462,20.175,2354
"2026-09-09 18:00:00","2026-09-10 09:00:00","CAPE","surface",-72.2223,20.175,2450
"2026-09-09 18:00:00","2026-09-10 09:00:00","CAPE","surface",-72.1983,20.175,2439
"2026-09-09 18:00:00","2026-09-10 09:00:00","CAPE","surface",-72.1744,20.175,2564
"2026-09-09 18:00:00","2026-09-10 09:00:00","CAPE","surface",-72.1505,20.175,2534
"2026-09-09 18:00:00","2026-09-10 09:00:00","CAPE","surface",-72.1266,20.175,2650
"2026-09-09 18:00:00","2026-09-10 09:00:00","CAPE","surface",-72.1026,20.175,2650
"2026-09-09 18:00:00","2026-09-10 09:00:00","CAPE","surface",-72.0787,20.175,2728
"2026-09-09 18:00:00","2026-09-10 09:00:00","CAPE","surface",-72.0548,20.175,2666
"2026-09-09 18:00:00","2026-09-10 09:00:00","CAPE","surface",-72.0309,20.175,2711
"2026-09-09 18:00:00","2026-09-10 09:00:00","CAPE","surface",-72.0069,20.175,2607
"2026-09-09 18:00:00","2026-09-10 09:00:00","CAPE","surface",-71.983,20.175,2767
"2026-09-09 18:00:00","2026-09-10 09:00:00","CAPE","surface",-71.9591,20.175,2607
"2026-09-09 18:00:00","2026-09-10 09:00:00","CAPE","surface",-71.9352,20.175,2608
"2026-09-09 18:00:00","2026-09-10 09:00:00","CAPE","surface",-71.9112,20.175,2403
"2026-09-09 18:00:00","2026-09-10 09:00:00","CAPE","surface",-71.8873,20.175,2344
"2026-09-09 18:00:00","2026-09-10 09:00:00","CAPE","surface",-71.8634,20.175,2404
"2026-09-09 18:00:00","2026-09-10 09:00:00","CAPE","surface",-71.8395,20.175,2382
"2026-09-09 18:00:00","2026-09-10 09:00:00","CAPE","surface",-71.8155,20.175,2493
"2026-09-09 18:00:00","2026-09-10 09:00:00","CAPE","surface",-71.7916,20.175,2508
"2026-09-09 18:00:00","2026-09-10 09:00:00","CAPE","surface",-71.7677,20.175,2624
"2026-09-09 18:00:00","2026-09-10 09:00:00","CAPE","surface",-71.7438,20.175,2624
"2026-09-09 18:00:00","2026-09-10 09:00:00","CAPE","surface",-71.7198,20.175,2768
"2026-09-09 18:00:00","2026-09-10 09:00:00","CAPE","surface",-71.6959,20.175,2644
"2026-09-09 18:00:00","2026-09-10 09:00:00","CAPE","surface",-71.672,20.175,2699
"2026-09-09 18:00:00","2026-09-10 09:00:00","CAPE","surface",-71.6481,20.175,2699
"2026-09-09 18:00:00","2026-09-10 09:00:00","CAPE","surface",-71.6241,20.175,2770
"2026-09-09 18:00:00","2026-09-10 09:00:00","CAPE","surface",-71.6002,20.175,2547
"2026-09-09 18:00:00","2026-09-10 09:00:00","CAPE","surface",-71.5763,20.175,2643
"2026-09-09 18:00:00","2026-09-10 09:00:00","CAPE","surface",-71.5524,20.175,2608
"2026-09-09 18:00:00","2026-09-10 09:00:00","CAPE","surface",-71.5284,20.175,2769
"2026-09-09 18:00:00","2026-09-10 09:00:00","CAPE","surface",-71.5045,20.175,2729
"2026-09-09 18:00:00","2026-09-10 09:00:00","CAPE","surface",-71.4806,20.175,2893
"2026-09-09 18:00:00","2026-09-10 09:00:00","CAPE","surface",-71.4567,20.175,2881
"2026-09-09 18:00:00","2026-09-10 09:00:00","CAPE","surface",-71.4327,20.175,2944
"2026-09-09 18:00:00","2026-09-10 09:00:00","CAPE","surface",-71.4088,20.175,2944
"2026-09-09 18:00:00","2026-09-10 09:00:00","CAPE","surface",-71.3849,20.175,2789
"2026-09-09 18:00:00","2026-09-10 09:00:00","CAPE","surface",-71.361,20.175,2541
"2026-09-09 18:00:00","2026-09-10 09:00:00","CAPE","surface",-71.337,20.175,2596
"2026-09-09 18:00:00","2026-09-10 09:00:00","CAPE","surface",-71.3131,20.175,2511
"2026-09-09 18:00:00","2026-09-10 09:00:00","CAPE","surface",-71.2892,20.175,2601
"2026-09-09 18:00:00","2026-09-10 09:00:00","CAPE","surface",-71.2653,20.175,2554
"2026-09-09 18:00:00","2026-09-10 09:00:00","CAPE","surface",-71.2413,20.175,2573
"2026-09-09 18:00:00","2026-09-10 09:00:00","CAPE","surface",-71.2174,20.175,2568
"2026-09-09 18:00:00","2026-09-10 09:00:00","CAPE","surface",-71.1935,20.175,2568
"2026-09-09 18:00:00","2026-09-10 09:00:00","CAPE","surface",-71.1696,20.175,2689
"2026-09-09 18:00:00","2026-09-10 09:00:00","CAPE","surface",-71.1456,20.175,2732
"2026-09-09 18:00:00","2026-09-10 09:00:00","CAPE","surface",-71.1217,20.175,2848
"2026-09-09 18:00:00","2026-09-10 09:00:00","CAPE","surface",-71.0978,20.175,2848
"2026-09-09 18:00:00","2026-09-10 09:00:00","CAPE","surface",-71.0739,20.175,2771
"2026-09-09 18:00:00","2026-09-10 09:00:00","CAPE","surface",-71.0499,20.175,2871
"2026-09-09 18:00:00","2026-09-10 09:00:00","CAPE","surface",-71.026,20.175,2725
"2026-09-09 18:00:00","2026-09-10 09:00:00","CAPE","surface",-71.0021,20.175,2895
"2026-09-09 18:00:00","2026-09-10 09:00:00","CAPE","surface",-70.9782,20.175,2732
"2026-09-09 18:00:00","2026-09-10 09:00:00","CAPE","surface",-70.9542,20.175,2804
"2026-09-09 18:00:00","2026-09-10 09:00:00","CAPE","surface",-70.9303,20.175,2882
"2026-09-09 18:00:00","2026-09-10 09:00:00","CAPE","surface",-70.9064,20.175,2890
"2026-09-09 18:00:00","2026-09-10 09:00:00","CAPE","surface",-70.8825,20.175,2967
"2026-09-09 18:00:00","2026-09-10 09:00:00","CAPE","surface",-70.8585,20.175,2984
"2026-09-09 18:00:00","2026-09-10 09:00:00","CAPE","surface",-70.8346,20.175,3097
"2026-09-09 18:00:00","2026-09-10 09:00:00","CAPE","surface",-70.8107,20.175,3216
"2026-09-09 18:00:00","2026-09-10 09:00:00","CAPE","surface",-70.7868,20.175,3264
"2026-09-09 18:00:00","2026-09-10 09:00:00","CAPE","surface",-70.7628,20.175,3244
"2026-09-09 18:00:00","2026-09-10 09:00:00","CAPE","surface",-70.7389,20.175,3295
"2026-09-09 18:00:00","2026-09-10 09:00:00","CAPE","surface",-70.715,20.175,3182
"2026-09-09 18:00:00","2026-09-10 09:00:00","CAPE","surface",-70.6911,20.175,3162
"2026-09-09 18:00:00","2026-09-10 09:00:00","CAPE","surface",-70.6671,20.175,3022
"2026-09-09 18:00:00","2026-09-10 09:00:00","CAPE","surface",-70.6432,20.175,3022
"2026-09-09 18:00:00","2026-09-10 09:00:00","CAPE","surface",-70.6193,20.175,2873
"2026-09-09 18:00:00","2026-09-10 09:00:00","CAPE","surface",-70.5954,20.175,2646
"2026-09-09 18:00:00","2026-09-10 09:00:00","CAPE","surface",-70.5714,20.175,2612
"2026-09-09 18:00:00","2026-09-10 09:00:00","CAPE","surface",-70.5475,20.175,2634
"2026-09-09 18:00:00","2026-09-10 09:00:00","CAPE","surface",-70.5236,20.175,2661
"2026-09-09 18:00:00","2026-09-10 09:00:00","CAPE","surface",-70.4997,20.175,2882
"2026-09-09 18:00:00","2026-09-10 09:00:00","CAPE","surface",-70.4757,20.175,2917
"2026-09-09 18:00:00","2026-09-10 09:00:00","CAPE","surface",-70.4518,20.175,3001
"2026-09-09 18:00:00","2026-09-10 09:00:00","CAPE","surface",-70.4279,20.175,3001
"2026-09-09 18:00:00","2026-09-10 09:00:00","CAPE","surface",-70.404,20.175,3039
"2026-09-09 18:00:00","2026-09-10 09:00:00","CAPE","surface",-70.38,20.175,3119
"2026-09-09 18:00:00","2026-09-10 09:00:00","CAPE","surface",-70.3561,20.175,3204
"2026-09-09 18:00:00","2026-09-10 09:00:00","CAPE","surface",-70.3322,20.175,3204
"2026-09-09 18:00:00","2026-09-10 09:00:00","CAPE","surface",-70.3083,20.175,3082
"2026-09-09 18:00:00","2026-09-10 09:00:00","CAPE","surface",-70.2843,20.175,2777
"2026-09-09 18:00:00","2026-09-10 09:00:00","CAPE","surface",-70.2604,20.175,2722
"2026-09-09 18:00:00","2026-09-10 09:00:00","CAPE","surface",-70.2365,20.175,2682
"2026-09-09 18:00:00","2026-09-10 09:00:00","CAPE","surface",-70.2126,20.175,2682
"2026-09-09 18:00:00","2026-09-10 09:00:00","CAPE","surface",-70.1886,20.175,2775
"2026-09-09 18:00:00","2026-09-10 09:00:00","CAPE","surface",-70.1647,20.175,2806
"2026-09-09 18:00:00","2026-09-10 09:00:00","CAPE","surface",-70.1408,20.175,2729
"2026-09-09 18:00:00","2026-09-10 09:00:00","CAPE","surface",-70.1169,20.175,2729
"2026-09-09 18:00:00","2026-09-10 09:00:00","CAPE","surface",-70.0929,20.175,2757
"2026-09-09 18:00:00","2026-09-10 09:00:00","CAPE","surface",-70.069,20.175,2806
"2026-09-09 18:00:00","2026-09-10 09:00:00","CAPE","surface",-70.0451,20.175,2902
"2026-09-09 18:00:00","2026-09-10 09:00:00","CAPE","surface",-70.0212,20.175,2902
"2026-09-09 18:00:00","2026-09-10 09:00:00","CAPE","surface",-69.9972,20.175,3136
"2026-09-09 18:00:00","2026-09-10 09:00:00","CAPE","surface",-69.9733,20.175,3173
"2026-09-09 18:00:00","2026-09-10 09:00:00","CAPE","surface",-69.9494,20.175,2822
"2026-09-09 18:00:00","2026-09-10 09:00:00","CAPE","surface",-69.9255,20.175,753
"2026-09-09 18:00:00","2026-09-10 09:00:00","CAPE","surface",-69.9015,20.175,753
"2026-09-09 18:00:00","2026-09-10 09:00:00","CAPE","surface",-69.8776,20.175,231
"2026-09-09 18:00:00","2026-09-10 09:00:00","CAPE","surface",-69.8537,20.175,391
"2026-09-09 18:00:00","2026-09-10 09:00:00","CAPE","surface",-69.8298,20.175,736
"2026-09-09 18:00:00","2026-09-10 09:00:00","CAPE","surface",-69.8058,20.175,736
"2026-09-09 18:00:00","2026-09-10 09:00:00","CAPE","surface",-69.7819,20.175,508
"2026-09-09 18:00:00","2026-09-10 09:00:00","CAPE","surface",-69.758,20.175,527
"2026-09-09 18:00:00","2026-09-10 09:00:00","CAPE","surface",-69.7341,20.175,364
"2026-09-09 18:00:00","2026-09-10 09:00:00","CAPE","surface",-69.7101,20.175,364
"2026-09-09 18:00:00","2026-09-10 09:00:00","CAPE","surface",-69.6862,20.175,178
"2026-09-09 18:00:00","2026-09-10 09:00:00","CAPE","surface",-69.6623,20.175,94
"2026-09-09 18:00:00","2026-09-10 09:00:00","CAPE","surface",-69.6384,20.175,303
"2026-09-09 18:00:00","2026-09-10 09:00:00","CAPE","surface",-69.6144,20.175,460
"2026-09-09 18:00:00","2026-09-10 09:00:00","CAPE","surface",-69.5905,20.175,460
"2026-09-09 18:00:00","2026-09-10 09:00:00","CAPE","surface",-69.5666,20.175,465
"2026-09-09 18:00:00","2026-09-10 09:00:00","CAPE","surface",-69.5427,20.175,1063
"2026-09-09 18:00:00","2026-09-10 09:00:00","CAPE","surface",-69.5187,20.175,1676
"2026-09-09 18:00:00","2026-09-10 09:00:00","CAPE","surface",-69.4948,20.175,1676
"2026-09-09 18:00:00","2026-09-10 09:00:00","CAPE","surface",-69.4709,20.175,2698
"2026-09-09 18:00:00","2026-09-10 09:00:00","CAPE","surface",-69.447,20.175,3023
"2026-09-09 18:00:00","2026-09-10 09:00:00","CAPE","surface",-69.423,20.175,2667
"2026-09-09 18:00:00","2026-09-10 09:00:00","CAPE","surface",-69.3991,20.175,2667
"2026-09-09 18:00:00","2026-09-10 09:00:00","CAPE","surface",-69.3752,20.175,2360
"2026-09-09 18:00:00","2026-09-10 09:00:00","CAPE","surface",-69.3513,20.175,2491
"2026-09-09 18:00:00","2026-09-10 09:00:00","CAPE","surface",-69.3273,20.175,2495
"2026-09-09 18:00:00","2026-09-10 09:00:00","CAPE","surface",-69.3034,20.175,2338
"2026-09-09 18:00:00","2026-09-10 09:00:00","CAPE","surface",-69.2795,20.175,2338
"2026-09-09 18:00:00","2026-09-10 09:00:00","CAPE","surface",-69.2556,20.175,2321
"2026-09-09 18:00:00","2026-09-10 09:00:00","CAPE","surface",-69.2316,20.175,2513
"2026-09-09 18:00:00","2026-09-10 09:00:00","CAPE","surface",-69.2077,20.175,3020
"2026-09-09 18:00:00","2026-09-10 09:00:00","CAPE","surface",-69.1838,20.175,3020
"2026-09-09 18:00:00","2026-09-10 09:00:00","CAPE","surface",-69.1599,20.175,3372
"2026-09-09 18:00:00","2026-09-10 09:00:00","CAPE","surface",-69.1359,20.175,3182
"2026-09-09 18:00:00","2026-09-10 09:00:00","CAPE","surface",-69.112,20.175,3083
"2026-09-09 18:00:00","2026-09-10 09:00:00","CAPE","surface",-69.0881,20.175,3100
"2026-09-09 18:00:00","2026-09-10 09:00:00","CAPE","surface",-69.0642,20.175,3022
"2026-09-09 18:00:00","2026-09-10 09:00:00","CAPE","surface",-69.0402,20.175,2982
"2026-09-09 18:00:00","2026-09-10 09:00:00","CAPE","surface",-69.0163,20.175,2997
"2026-09-09 18:00:00","2026-09-10 09:00:00","CAPE","surface",-68.9924,20.175,2943
"2026-09-09 18:00:00","2026-09-10 09:00:00","CAPE","surface",-68.9685,20.175,2992
"2026-09-09 18:00:00","2026-09-10 09:00:00","CAPE","surface",-68.9445,20.175,2971
"2026-09-09 18:00:00","2026-09-10 09:00:00","CAPE","surface",-68.9206,20.175,2985
"2026-09-09 18:00:00","2026-09-10 09:00:00","CAPE","surface",-68.8967,20.175,2881
"2026-09-09 18:00:00","2026-09-10 09:00:00","CAPE","surface",-68.8728,20.175,2904
"2026-09-09 18:00:00","2026-09-10 09:00:00","CAPE","surface",-68.8488,20.175,2811
"2026-09-09 18:00:00","2026-09-10 09:00:00","CAPE","surface",-68.8249,20.175,2820
"2026-09-09 18:00:00","2026-09-10 09:00:00","CAPE","surface",-68.801,20.175,2830
"2026-09-09 18:00:00","2026-09-10 09:00:00","CAPE","surface",-68.7771,20.175,2902
"2026-09-09 18:00:00","2026-09-10 09:00:00","CAPE","surface",-68.7531,20.175,2928
"2026-09-09 18:00:00","2026-09-10 09:00:00","CAPE","surface",-68.7292,20.175,2947
"2026-09-09 18:00:00","2026-09-10 09:00:00","CAPE","surface",-68.7053,20.175,2916
"2026-09-09 18:00:00","2026-09-10 09:00:00","CAPE","surface",-68.6813,20.175,2893
"2026-09-09 18:00:00","2026-09-10 09:00:00","CAPE","surface",-68.6574,20.175,2861
"2026-09-09 18:00:00","2026-09-10 09:00:00","CAPE","surface",-68.6335,20.175,2872
"2026-09-09 18:00:00","2026-09-10 09:00:00","CAPE","surface",-68.6096,20.175,2915
"2026-09-09 18:00:00","2026-09-10 09:00:00","CAPE","surface",-68.5856,20.175,2915
"2026-09-09 18:00:00","2026-09-10 09:00:00","CAPE","surface",-68.5617,20.175,2948
"2026-09-09 18:00:00","2026-09-10 09:00:00","CAPE","surface",-68.5378,20.175,2970
"2026-09-09 18:00:00","2026-09-10 09:00:00","CAPE","surface",-68.5139,20.175,2996
"2026-09-09 18:00:00","2026-09-10 09:00:00","CAPE","surface",-68.4899,20.175,2996
"2026-09-09 18:00:00","2026-09-10 09:00:00","CAPE","surface",-68.466,20.175,2999
"2026-09-09 18:00:00","2026-09-10 09:00:00","CAPE","surface",-68.4421,20.175,3041
"2026-09-09 18:00:00","2026-09-10 09:00:00","CAPE","surface",-68.4182,20.175,2908
"2026-09-09 18:00:00","2026-09-10 09:00:00","CAPE","surface",-68.3942,20.175,2908
"2026-09-09 18:00:00","2026-09-10 09:00:00","CAPE","surface",-68.3703,20.175,2855
"2026-09-09 18:00:00","2026-09-10 09:00:00","CAPE","surface",-68.3464,20.175,2849
"2026-09-09 18:00:00","2026-09-10 09:00:00","CAPE","surface",-68.3225,20.175,2845
"2026-09-09 18:00:00","2026-09-10 09:00:00","CAPE","surface",-68.2985,20.175,3014
"2026-09-09 18:00:00","2026-09-10 09:00:00","CAPE","surface",-68.2746,20.175,3118
"2026-09-09 18:00:00","2026-09-10 09:00:00","CAPE","surface",-68.2507,20.175,3380
"2026-09-09 18:00:00","2026-09-10 09:00:00","CAPE","surface",-68.2268,20.175,3404
"2026-09-09 18:00:00","2026-09-10 09:00:00","CAPE","surface",-68.2028,20.175,3334
"2026-09-09 18:00:00","2026-09-10 09:00:00","CAPE","surface",-68.1789,20.175,3400
"2026-09-09 18:00:00","2026-09-10 09:00:00","CAPE","surface",-68.155,20.175,3298
"2026-09-09 18:00:00","2026-09-10 09:00:00","CAPE","surface",-68.1311,20.175,3192
"2026-09-09 18:00:00","2026-09-10 09:00:00","CAPE","surface",-68.1071,20.175,3192
"2026-09-09 18:00:00","2026-09-10 09:00:00","CAPE","surface",-68.0832,20.175,3205
"2026-09-09 18:00:00","2026-09-10 09:00:00","CAPE","surface",-68.0593,20.175,3356
"2026-09-09 18:00:00","2026-09-10 09:00:00","CAPE","surface",-68.0354,20.175,3617
"2026-09-09 18:00:00","2026-09-10 09:00:00","CAPE","surface",-68.0114,20.175,3676
"2026-09-09 18:00:00","2026-09-10 09:00:00","CAPE","surface",-67.9875,20.175,3638
"2026-09-09 18:00:00","2026-09-10 09:00:00","CAPE","surface",-67.9636,20.175,3618
"2026-09-09 18:00:00","2026-09-10 09:00:00","CAPE","surface",-67.9397,20.175,2996
"2026-09-09 18:00:00","2026-09-10 09:00:00","CAPE","surface",-67.9157,20.175,2844
"2026-09-09 18:00:00","2026-09-10 09:00:00","CAPE","surface",-67.8918,20.175,2844
"2026-09-09 18:00:00","2026-09-10 09:00:00","CAPE","surface",-67.8679,20.175,2955
"2026-09-09 18:00:00","2026-09-10 09:00:00","CAPE","surface",-67.844,20.175,3012
"2026-09-09 18:00:00","2026-09-10 09:00:00","CAPE","surface",-67.82,20.175,3069
"2026-09-09 18:00:00","2026-09-10 09:00:00","CAPE","surface",-67.7961,20.175,3069
"2026-09-09 18:00:00","2026-09-10 09:00:00","CAPE","surface",-67.7722,20.175,3031
"2026-09-09 18:00:00","2026-09-10 09:00:00","CAPE","surface",-67.7483,20.175,3065
"2026-09-09 18:00:00","2026-09-10 09:00:00","CAPE","surface",-67.7243,20.175,2990
"2026-09-09 18:00:00","2026-09-10 09:00:00","CAPE","surface",-67.7004,20.175,2970
"2026-09-09 18:00:00","2026-09-10 09:00:00","CAPE","surface",-67.6765,20.175,2975
"2026-09-09 18:00:00","2026-09-10 09:00:00","CAPE","surface",-67.6526,20.175,3027
"2026-09-09 18:00:00","2026-09-10 09:00:00","CAPE","surface",-67.6286,20.175,3032
"2026-09-09 18:00:00","2026-09-10 09:00:00","CAPE","surface",-67.6047,20.175,3130
"2026-09-09 18:00:00","2026-09-10 09:00:00","CAPE","surface",-67.5808,20.175,3121
"2026-09-09 18:00:00","2026-09-10 09:00:00","CAPE","surface",-67.5569,20.175,3106
"2026-09-09 18:00:00","2026-09-10 09:00:00","CAPE","surface",-67.5329,20.175,3048
"2026-09-09 18:00:00","2026-09-10 09:00:00","CAPE","surface",-67.509,20.175,3042
"2026-09-09 18:00:00","2026-09-10 09:00:00","CAPE","surface",-67.4851,20.175,3000
"2026-09-09 18:00:00","2026-09-10 09:00:00","CAPE","surface",-67.4612,20.175,2962
"2026-09-09 18:00:00","2026-09-10 09:00:00","CAPE","surface",-67.4372,20.175,2900
"2026-09-09 18:00:00","2026-09-10 09:00:00","CAPE","surface",-67.4133,20.175,2900
"2026-09-09 18:00:00","2026-09-10 09:00:00","CAPE","surface",-67.3894,20.175,2805
"2026-09-09 18:00:00","2026-09-10 09:00:00","CAPE","surface",-67.3655,20.175,2772
"2026-09-09 18:00:00","2026-09-10 09:00:00","CAPE","surface",-67.3415,20.175,2747
"2026-09-09 18:00:00","2026-09-10 09:00:00","CAPE","surface",-67.3176,20.175,2747
"2026-09-09 18:00:00","2026-09-10 09:00:00","CAPE","surface",-67.2937,20.175,2712
"2026-09-09 18:00:00","2026-09-10 09:00:00","CAPE","surface",-67.2698,20.175,2680
"2026-09-09 18:00:00","2026-09-10 09:00:00","CAPE","surface",-67.2458,20.175,2676
"2026-09-09 18:00:00","2026-09-10 09:00:00","CAPE","surface",-67.2219,20.175,2584
"2026-09-09 18:00:00","2026-09-10 09:00:00","CAPE","surface",-67.198,20.175,2565
"2026-09-09 18:00:00","2026-09-10 09:00:00","CAPE","surface",-67.1741,20.175,2542
"2026-09-09 18:00:00","2026-09-10 09:00:00","CAPE","surface",-67.1501,20.175,2542
"2026-09-09 18:00:00","2026-09-10 09:00:00","CAPE","surface",-67.1262,20.175,2582
"2026-09-09 18:00:00","2026-09-10 09:00:00","CAPE","surface",-67.1023,20.175,2718
"2026-09-09 18:00:00","2026-09-10 09:00:00","CAPE","surface",-67.0784,20.175,2800
"2026-09-09 18:00:00","2026-09-10 09:00:00","CAPE","surface",-67.0544,20.175,2837
"2026-09-09 18:00:00","2026-09-10 09:00:00","CAPE","surface",-67.0305,20.175,2843
"2026-09-09 18:00:00","2026-09-10 09:00:00","CAPE","surface",-67.0066,20.175,2824
"2026-09-09 18:00:00","2026-09-10 09:00:00","CAPE","surface",-74.7822,20.1975,1180
"2026-09-09 18:00:00","2026-09-10 09:00:00","CAPE","surface",-74.7583,20.1975,1141
"2026-09-09 18:00:00","2026-09-10 09:00:00","CAPE","surface",-74.7344,20.1975,1350
"2026-09-09 18:00:00","2026-09-10 09:00:00","CAPE","surface",-74.7105,20.1975,1297
"2026-09-09 18:00:00","2026-09-10 09:00:00","CAPE","surface",-74.6865,20.1975,1467
"2026-09-09 18:00:00","2026-09-10 09:00:00","CAPE","surface",-74.6626,20.1975,1481
"2026-09-09 18:00:00","2026-09-10 09:00:00","CAPE","surface",-74.6387,20.1975,1710
"2026-09-09 18:00:00","2026-09-10 09:00:00","CAPE","surface",-74.6148,20.1975,1710
"2026-09-09 18:00:00","2026-09-10 09:00:00","CAPE","surface",-74.5908,20.1975,1983
"2026-09-09 18:00:00","2026-09-10 09:00:00","CAPE","surface",-74.5669,20.1975,2064
"2026-09-09 18:00:00","2026-09-10 09:00:00","CAPE","surface",-74.543,20.1975,2157
"2026-09-09 18:00:00","2026-09-10 09:00:00","CAPE","surface",-74.5191,20.1975,2223
"2026-09-09 18:00:00","2026-09-10 09:00:00","CAPE","surface",-74.4951,20.1975,2277
"2026-09-09 18:00:00","2026-09-10 09:00:00","CAPE","surface",-74.4712,20.1975,2277
"2026-09-09 18:00:00","2026-09-10 09:00:00","CAPE","surface",-74.4473,20.1975,2279
"2026-09-09 18:00:00","2026-09-10 09:00:00","CAPE","surface",-74.4234,20.1975,2356
"2026-09-09 18:00:00","2026-09-10 09:00:00","CAPE","surface",-74.3994,20.1975,2426
"2026-09-09 18:00:00","2026-09-10 09:00:00","CAPE","surface",-74.3755,20.1975,2437
"2026-09-09 18:00:00","2026-09-10 09:00:00","CAPE","surface",-74.3516,20.1975,2462
"2026-09-09 18:00:00","2026-09-10 09:00:00","CAPE","surface",-74.3277,20.1975,2405
"2026-09-09 18:00:00","2026-09-10 09:00:00","CAPE","surface",-74.3037,20.1975,2452
"2026-09-09 18:00:00","2026-09-10 09:00:00","CAPE","surface",-74.2798,20.1975,2446
"2026-09-09 18:00:00","2026-09-10 09:00:00","CAPE","surface",-74.2559,20.1975,2547
"2026-09-09 18:00:00","2026-09-10 09:00:00","CAPE","surface",-74.232,20.1975,2547
"2026-09-09 18:00:00","2026-09-10 09:00:00","CAPE","surface",-74.208,20.1975,2595
"2026-09-09 18:00:00","2026-09-10 09:00:00","CAPE","surface",-74.1841,20.1975,2530
"2026-09-09 18:00:00","2026-09-10 09:00:00","CAPE","surface",-74.1602,20.1975,2530
"2026-09-09 18:00:00","2026-09-10 09:00:00","CAPE","surface",-74.1363,20.1975,2593
"2026-09-09 18:00:00","2026-09-10 09:00:00","CAPE","surface",-74.1123,20.1975,2901
"2026-09-09 18:00:00","2026-09-10 09:00:00","CAPE","surface",-74.0884,20.1975,2901
"2026-09-09 18:00:00","2026-09-10 09:00:00","CAPE","surface",-74.0645,20.1975,2935
"2026-09-09 18:00:00","2026-09-10 09:00:00","CAPE","surface",-74.0406,20.1975,2942
"2026-09-09 18:00:00","2026-09-10 09:00:00","CAPE","surface",-74.0166,20.1975,2878
"2026-09-09 18:00:00","2026-09-10 09:00:00","CAPE","surface",-73.9927,20.1975,2864
"2026-09-09 18:00:00","2026-09-10 09:00:00","CAPE","surface",-73.9688,20.1975,2770
"2026-09-09 18:00:00","2026-09-10 09:00:00","CAPE","surface",-73.9449,20.1975,2765
"2026-09-09 18:00:00","2026-09-10 09:00:00","CAPE","surface",-73.9209,20.1975,2712
"2026-09-09 18:00:00","2026-09-10 09:00:00","CAPE","surface",-73.897,20.1975,2688
"2026-09-09 18:00:00","2026-09-10 09:00:00","CAPE","surface",-73.8731,20.1975,2649
"2026-09-09 18:00:00","2026-09-10 09:00:00","CAPE","surface",-73.8492,20.1975,2644
"2026-09-09 18:00:00","2026-09-10 09:00:00","CAPE","surface",-73.8252,20.1975,2628
"2026-09-09 18:00:00","2026-09-10 09:00:00","CAPE","surface",-73.8013,20.1975,2583
"2026-09-09 18:00:00","2026-09-10 09:00:00","CAPE","surface",-73.7774,20.1975,2490
"2026-09-09 18:00:00","2026-09-10 09:00:00","CAPE","surface",-73.7535,20.1975,2341
"2026-09-09 18:00:00","2026-09-10 09:00:00","CAPE","surface",-73.7295,20.1975,2292
"2026-09-09 18:00:00","2026-09-10 09:00:00","CAPE","surface",-73.7056,20.1975,2241
"2026-09-09 18:00:00","2026-09-10 09:00:00","CAPE","surface",-73.6817,20.1975,2231
"2026-09-09 18:00:00","2026-09-10 09:00:00","CAPE","surface",-73.6578,20.1975,2196
"2026-09-09 18:00:00","2026-09-10 09:00:00","CAPE","surface",-73.6338,20.1975,2181
"2026-09-09 18:00:00","2026-09-10 09:00:00","CAPE","surface",-73.6099,20.1975,2144
"2026-09-09 18:00:00","2026-09-10 09:00:00","CAPE","surface",-73.586,20.1975,2144
"2026-09-09 18:00:00","2026-09-10 09:00:00","CAPE","surface",-73.5621,20.1975,2099
"2026-09-09 18:00:00","2026-09-10 09:00:00","CAPE","surface",-73.5381,20.1975,2069
"2026-09-09 18:00:00","2026-09-10 09:00:00","CAPE","surface",-73.5142,20.1975,2056
"2026-09-09 18:00:00","2026-09-10 09:00:00","CAPE","surface",-73.4903,20.1975,2057
"2026-09-09 18:00:00","2026-09-10 09:00:00","CAPE","surface",-73.4664,20.1975,2105
"2026-09-09 18:00:00","2026-09-10 09:00:00","CAPE","surface",-73.4424,20.1975,2114
"2026-09-09 18:00:00","2026-09-10 09:00:00","CAPE","surface",-73.4185,20.1975,2144
"2026-09-09 18:00:00","2026-09-10 09:00:00","CAPE","surface",-73.3946,20.1975,2127
"2026-09-09 18:00:00","2026-09-10 09:00:00","CAPE","surface",-73.3707,20.1975,2146
"2026-09-09 18:00:00","2026-09-10 09:00:00","CAPE","surface",-73.3467,20.1975,2146
"2026-09-09 18:00:00","2026-09-10 09:00:00","CAPE","surface",-73.3228,20.1975,2188
"2026-09-09 18:00:00","2026-09-10 09:00:00","CAPE","surface",-73.2989,20.1975,2150
"2026-09-09 18:00:00","2026-09-10 09:00:00","CAPE","surface",-73.275,20.1975,2171
"2026-09-09 18:00:00","2026-09-10 09:00:00","CAPE","surface",-73.251,20.1975,2131
"2026-09-09 18:00:00","2026-09-10 09:00:00","CAPE","surface",-73.2271,20.1975,2218
"2026-09-09 18:00:00","2026-09-10 09:00:00","CAPE","surface",-73.2032,20.1975,2156
"2026-09-09 18:00:00","2026-09-10 09:00:00","CAPE","surface",-73.1793,20.1975,2219
"2026-09-09 18:00:00","2026-09-10 09:00:00","CAPE","surface",-73.1553,20.1975,2165
"2026-09-09 18:00:00","2026-09-10 09:00:00","CAPE","surface",-73.1314,20.1975,2239
"2026-09-09 18:00:00","2026-09-10 09:00:00","CAPE","surface",-73.1075,20.1975,2239
"2026-09-09 18:00:00","2026-09-10 09:00:00","CAPE","surface",-73.0836,20.1975,2305
"2026-09-09 18:00:00","2026-09-10 09:00:00","CAPE","surface",-73.0596,20.1975,2270
"2026-09-09 18:00:00","2026-09-10 09:00:00","CAPE","surface",-73.0357,20.1975,2337
"2026-09-09 18:00:00","2026-09-10 09:00:00","CAPE","surface",-73.0118,20.1975,2273
"2026-09-09 18:00:00","2026-09-10 09:00:00","CAPE","surface",-72.9879,20.1975,2394
"2026-09-09 18:00:00","2026-09-10 09:00:00","CAPE","surface",-72.9639,20.1975,2323
"2026-09-09 18:00:00","2026-09-10 09:00:00","CAPE","surface",-72.94,20.1975,2358
"2026-09-09 18:00:00","2026-09-10 09:00:00","CAPE","surface",-72.9161,20.1975,2291
"2026-09-09 18:00:00","2026-09-10 09:00:00","CAPE","surface",-72.8922,20.1975,2351
"2026-09-09 18:00:00","2026-09-10 09:00:00","CAPE","surface",-72.8682,20.1975,2351
"2026-09-09 18:00:00","2026-09-10 09:00:00","CAPE","surface",-72.8443,20.1975,2446
"2026-09-09 18:00:00","2026-09-10 09:00:00","CAPE","surface",-72.8204,20.1975,2373
"2026-09-09 18:00:00","2026-09-10 09:00:00","CAPE","surface",-72.7965,20.1975,2466
"2026-09-09 18:00:00","2026-09-10 09:00:00","CAPE","surface",-72.7725,20.1975,2410
"2026-09-09 18:00:00","2026-09-10 09:00:00","CAPE","surface",-72.7486,20.1975,2552
"2026-09-09 18:00:00","2026-09-10 09:00:00","CAPE","surface",-72.7247,20.1975,2669
"2026-09-09 18:00:00","2026-09-10 09:00:00","CAPE","surface",-72.7008,20.1975,2631
"2026-09-09 18:00:00","2026-09-10 09:00:00","CAPE","surface",-72.6768,20.1975,2658
"2026-09-09 18:00:00","2026-09-10 09:00:00","CAPE","surface",-72.6529,20.1975,2587
"2026-09-09 18:00:00","2026-09-10 09:00:00","CAPE","surface",-72.629,20.1975,2662
"2026-09-09 18:00:00","2026-09-10 09:00:00","CAPE","surface",-72.6051,20.1975,2583
"2026-09-09 18:00:00","2026-09-10 09:00:00","CAPE","surface",-72.5811,20.1975,2590
"2026-09-09 18:00:00","2026-09-10 09:00:00","CAPE","surface",-72.5572,20.1975,2496
"2026-09-09 18:00:00","2026-09-10 09:00:00","CAPE","surface",-72.5333,20.1975,2586
"2026-09-09 18:00:00","2026-09-10 09:00:00","CAPE","surface",-72.5094,20.1975,2586
"2026-09-09 18:00:00","2026-09-10 09:00:00","CAPE","surface",-72.4854,20.1975,2598
"2026-09-09 18:00:00","2026-09-10 09:00:00","CAPE","surface",-72.4615,20.1975,2579
"2026-09-09 18:00:00","2026-09-10 09:00:00","CAPE","surface",-72.4376,20.1975,2508
"2026-09-09 18:00:00","2026-09-10 09:00:00","CAPE","surface",-72.4137,20.1975,2478
"2026-09-09 18:00:00","2026-09-10 09:00:00","CAPE","surface",-72.3897,20.1975,2347
"2026-09-09 18:00:00","2026-09-10 09:00:00","CAPE","surface",-72.3658,20.1975,2343
"2026-09-09 18:00:00","2026-09-10 09:00:00","CAPE","surface",-72.3419,20.1975,2319
"2026-09-09 18:00:00","2026-09-10 09:00:00","CAPE","surface",-72.318,20.1975,2319
"2026-09-09 18:00:00","2026-09-10 09:00:00","CAPE","surface",-72.294,20.1975,2358
"2026-09-09 18:00:00","2026-09-10 09:00:00","CAPE","surface",-72.2701,20.1975,2358
"2026-09-09 18:00:00","2026-09-10 09:00:00","CAPE","surface",-72.2462,20.1975,2465
"2026-09-09 18:00:00","2026-09-10 09:00:00","CAPE","surface",-72.2223,20.1975,2450
"2026-09-09 18:00:00","2026-09-10 09:00:00","CAPE","surface",-72.1983,20.1975,2584
"2026-09-09 18:00:00","2026-09-10 09:00:00","CAPE","surface",-72.1744,20.1975,2584
"2026-09-09 18:00:00","2026-09-10 09:00:00","CAPE","surface",-72.1505,20.1975,2726
"2026-09-09 18:00:00","2026-09-10 09:00:00","CAPE","surface",-72.1266,20.1975,2691
"2026-09-09 18:00:00","2026-09-10 09:00:00","CAPE","surface",-72.1026,20.1975,2791
"2026-09-09 18:00:00","2026-09-10 09:00:00","CAPE","surface",-72.0787,20.1975,2899
"2026-09-09 18:00:00","2026-09-10 09:00:00","CAPE","surface",-72.0548,20.1975,2899
"2026-09-09 18:00:00","2026-09-10 09:00:00","CAPE","surface",-72.0309,20.1975,2981
"2026-09-09 18:00:00","2026-09-10 09:00:00","CAPE","surface",-72.0069,20.1975,2894
"2026-09-09 18:00:00","2026-09-10 09:00:00","CAPE","surface",-71.983,20.1975,2957
"2026-09-09 18:00:00","2026-09-10 09:00:00","CAPE","surface",-71.9591,20.1975,2808
"2026-09-09 18:00:00","2026-09-10 09:00:00","CAPE","surface",-71.9352,20.1975,2894
"2026-09-09 18:00:00","2026-09-10 09:00:00","CAPE","surface",-71.9112,20.1975,2690
"2026-09-09 18:00:00","2026-09-10 09:00:00","CAPE","surface",-71.8873,20.1975,2489
"2026-09-09 18:00:00","2026-09-10 09:00:00","CAPE","surface",-71.8634,20.1975,2404
"2026-09-09 18:00:00","2026-09-10 09:00:00","CAPE","surface",-71.8395,20.1975,2473
"2026-09-09 18:00:00","2026-09-10 09:00:00","CAPE","surface",-71.8155,20.1975,2473
"2026-09-09 18:00:00","2026-09-10 09:00:00","CAPE","surface",-71.7916,20.1975,2600
"2026-09-09 18:00:00","2026-09-10 09:00:00","CAPE","surface",-71.7677,20.1975,2628
"2026-09-09 18:00:00","2026-09-10 09:00:00","CAPE","surface",-71.7438,20.1975,2817
"2026-09-09 18:00:00","2026-09-10 09:00:00","CAPE","surface",-71.7198,20.1975,2768
"2026-09-09 18:00:00","2026-09-10 09:00:00","CAPE","surface",-71.6959,20.1975,3021
"2026-09-09 18:00:00","2026-09-10 09:00:00","CAPE","surface",-71.672,20.1975,2905
"2026-09-09 18:00:00","2026-09-10 09:00:00","CAPE","surface",-71.6481,20.1975,2990
"2026-09-09 18:00:00","2026-09-10 09:00:00","CAPE","surface",-71.6241,20.1975,2770
"2026-09-09 18:00:00","2026-09-10 09:00:00","CAPE","surface",-71.6002,20.1975,2983
"2026-09-09 18:00:00","2026-09-10 09:00:00","CAPE","surface",-71.5763,20.1975,3036
"2026-09-09 18:00:00","2026-09-10 09:00:00","CAPE","surface",-71.5524,20.1975,2884
"2026-09-09 18:00:00","2026-09-10 09:00:00","CAPE","surface",-71.5284,20.1975,3025
"2026-09-09 18:00:00","2026-09-10 09:00:00","CAPE","surface",-71.5045,20.1975,2941
"2026-09-09 18:00:00","2026-09-10 09:00:00","CAPE","surface",-71.4806,20.1975,3127
"2026-09-09 18:00:00","2026-09-10 09:00:00","CAPE","surface",-71.4567,20.1975,3050
"2026-09-09 18:00:00","2026-09-10 09:00:00","CAPE","surface",-71.4327,20.1975,2884
"2026-09-09 18:00:00","2026-09-10 09:00:00","CAPE","surface",-71.4088,20.1975,2826
"2026-09-09 18:00:00","2026-09-10 09:00:00","CAPE","surface",-71.3849,20.1975,2513
"2026-09-09 18:00:00","2026-09-10 09:00:00","CAPE","surface",-71.361,20.1975,2513
"2026-09-09 18:00:00","2026-09-10 09:00:00","CAPE","surface",-71.337,20.1975,2461
"2026-09-09 18:00:00","2026-09-10 09:00:00","CAPE","surface",-71.3131,20.1975,2511
"2026-09-09 18:00:00","2026-09-10 09:00:00","CAPE","surface",-71.2892,20.1975,2508
"2026-09-09 18:00:00","2026-09-10 09:00:00","CAPE","surface",-71.2653,20.1975,2508
"2026-09-09 18:00:00","2026-09-10 09:00:00","CAPE","surface",-71.2413,20.1975,2530
"2026-09-09 18:00:00","2026-09-10 09:00:00","CAPE","surface",-71.2174,20.1975,2538
"2026-09-09 18:00:00","2026-09-10 09:00:00","CAPE","surface",-71.1935,20.1975,2650
"2026-09-09 18:00:00","2026-09-10 09:00:00","CAPE","surface",-71.1696,20.1975,2737
"2026-09-09 18:00:00","2026-09-10 09:00:00","CAPE","surface",-71.1456,20.1975,2737
"2026-09-09 18:00:00","2026-09-10 09:00:00","CAPE","surface",-71.1217,20.1975,2668
"2026-09-09 18:00:00","2026-09-10 09:00:00","CAPE","surface",-71.0978,20.1975,2695
"2026-09-09 18:00:00","2026-09-10 09:00:00","CAPE","surface",-71.0739,20.1975,2447
"2026-09-09 18:00:00","2026-09-10 09:00:00","CAPE","surface",-71.0499,20.1975,2447
"2026-09-09 18:00:00","2026-09-10 09:00:00","CAPE","surface",-71.026,20.1975,2424
"2026-09-09 18:00:00","2026-09-10 09:00:00","CAPE","surface",-71.0021,20.1975,2557
"2026-09-09 18:00:00","2026-09-10 09:00:00","CAPE","surface",-70.9782,20.1975,2685
"2026-09-09 18:00:00","2026-09-10 09:00:00","CAPE","surface",-70.9542,20.1975,2804
"2026-09-09 18:00:00","2026-09-10 09:00:00","CAPE","surface",-70.9303,20.1975,2700
"2026-09-09 18:00:00","2026-09-10 09:00:00","CAPE","surface",-70.9064,20.1975,2795
"2026-09-09 18:00:00","2026-09-10 09:00:00","CAPE","surface",-70.8825,20.1975,2838
"2026-09-09 18:00:00","2026-09-10 09:00:00","CAPE","surface",-70.8585,20.1975,2984
"2026-09-09 18:00:00","2026-09-10 09:00:00","CAPE","surface",-70.8346,20.1975,3110
"2026-09-09 18:00:00","2026-09-10 09:00:00","CAPE","surface",-70.8107,20.1975,3110
"2026-09-09 18:00:00","2026-09-10 09:00:00","CAPE","surface",-70.7868,20.1975,3155
"2026-09-09 18:00:00","2026-09-10 09:00:00","CAPE","surface",-70.7628,20.1975,3042
"2026-09-09 18:00:00","2026-09-10 09:00:00","CAPE","surface",-70.7389,20.1975,3141
"2026-09-09 18:00:00","2026-09-10 09:00:00","CAPE","surface",-70.715,20.1975,2964
"2026-09-09 18:00:00","2026-09-10 09:00:00","CAPE","surface",-70.6911,20.1975,3057
"2026-09-09 18:00:00","2026-09-10 09:00:00","CAPE","surface",-70.6671,20.1975,3043
"2026-09-09 18:00:00","2026-09-10 09:00:00","CAPE","surface",-70.6432,20.1975,3000
"2026-09-09 18:00:00","2026-09-10 09:00:00","CAPE","surface",-70.6193,20.1975,2805
"2026-09-09 18:00:00","2026-09-10 09:00:00","CAPE","surface",-70.5954,20.1975,2805
"2026-09-09 18:00:00","2026-09-10 09:00:00","CAPE","surface",-70.5714,20.1975,2660
"2026-09-09 18:00:00","2026-09-10 09:00:00","CAPE","surface",-70.5475,20.1975,2634
"2026-09-09 18:00:00","2026-09-10 09:00:00","CAPE","surface",-70.5236,20.1975,2839
"2026-09-09 18:00:00","2026-09-10 09:00:00","CAPE","surface",-70.4997,20.1975,2839
"2026-09-09 18:00:00","2026-09-10 09:00:00","CAPE","surface",-70.4757,20.1975,2958
"2026-09-09 18:00:00","2026-09-10 09:00:00","CAPE","surface",-70.4518,20.1975,2977
"2026-09-09 18:00:00","2026-09-10 09:00:00","CAPE","surface",-70.4279,20.1975,2989
"2026-09-09 18:00:00","2026-09-10 09:00:00","CAPE","surface",-70.404,20.1975,3007
"2026-09-09 18:00:00","2026-09-10 09:00:00","CAPE","surface",-70.38,20.1975,3007
"2026-09-09 18:00:00","2026-09-10 09:00:00","CAPE","surface",-70.3561,20.1975,3153
"2026-09-09 18:00:00","2026-09-10 09:00:00","CAPE","surface",-70.3322,20.1975,3184
"2026-09-09 18:00:00","2026-09-10 09:00:00","CAPE","surface",-70.3083,20.1975,2902
"2026-09-09 18:00:00","2026-09-10 09:00:00","CAPE","surface",-70.2843,20.1975,2902
"2026-09-09 18:00:00","2026-09-10 09:00:00","CAPE","surface",-70.2604,20.1975,2679
"2026-09-09 18:00:00","2026-09-10 09:00:00","CAPE","surface",-70.2365,20.1975,2669
"2026-09-09 18:00:00","2026-09-10 09:00:00","CAPE","surface",-70.2126,20.1975,2723
"2026-09-09 18:00:00","2026-09-10 09:00:00","CAPE","surface",-70.1886,20.1975,2723
"2026-09-09 18:00:00","2026-09-10 09:00:00","CAPE","surface",-70.1647,20.1975,2713
"2026-09-09 18:00:00","2026-09-10 09:00:00","CAPE","surface",-70.1408,20.1975,2699
"2026-09-09 18:00:00","2026-09-10 09:00:00","CAPE","surface",-70.1169,20.1975,2689
"2026-09-09 18:00:00","2026-09-10 09:00:00","CAPE","surface",-70.0929,20.1975,2729
"2026-09-09 18:00:00","2026-09-10 09:00:00","CAPE","surface",-70.069,20.1975,2729
"2026-09-09 18:00:00","2026-09-10 09:00:00","CAPE","surface",-70.0451,20.1975,2926
"2026-09-09 18:00:00","2026-09-10 09:00:00","CAPE","surface",-70.0212,20.1975,3072
"2026-09-09 18:00:00","2026-09-10 09:00:00","CAPE","surface",-69.9972,20.1975,3287
"2026-09-09 18:00:00","2026-09-10 09:00:00","CAPE","surface",-69.9733,20.1975,3287
"2026-09-09 18:00:00","2026-09-10 09:00:00","CAPE","surface",-69.9494,20.1975,2644
"2026-09-09 18:00:00","2026-09-10 09:00:00","CAPE","surface",-69.9255,20.1975,1597
"2026-09-09 18:00:00","2026-09-10 09:00:00","CAPE","surface",-69.9015,20.1975,148
"2026-09-09 18:00:00","2026-09-10 09:00:00","CAPE","surface",-69.8776,20.1975,231
"2026-09-09 18:00:00","2026-09-10 09:00:00","CAPE","surface",-69.8537,20.1975,551
"2026-09-09 18:00:00","2026-09-10 09:00:00","CAPE","surface",-69.8298,20.1975,751
"2026-09-09 18:00:00","2026-09-10 09:00:00","CAPE","surface",-69.8058,20.1975,527
"2026-09-09 18:00:00","2026-09-10 09:00:00","CAPE","surface",-69.7819,20.1975,140
"2026-09-09 18:00:00","2026-09-10 09:00:00","CAPE","surface",-69.758,20.1975,140
"2026-09-09 18:00:00","2026-09-10 09:00:00","CAPE","surface",-69.7341,20.1975,28
"2026-09-09 18:00:00","2026-09-10 09:00:00","CAPE","surface",-69.7101,20.1975,73
"2026-09-09 18:00:00","2026-09-10 09:00:00","CAPE","surface",-69.6862,20.1975,22
"2026-09-09 18:00:00","2026-09-10 09:00:00","CAPE","surface",-69.6623,20.1975,22
"2026-09-09 18:00:00","2026-09-10 09:00:00","CAPE","surface",-69.6384,20.1975,11
"2026-09-09 18:00:00","2026-09-10 09:00:00","CAPE","surface",-69.6144,20.1975,132
"2026-09-09 18:00:00","2026-09-10 09:00:00","CAPE","surface",-69.5905,20.1975,48
"2026-09-09 18:00:00","2026-09-10 09:00:00","CAPE","surface",-69.5666,20.1975,465
"2026-09-09 18:00:00","2026-09-10 09:00:00","CAPE","surface",-69.5427,20.1975,227
"2026-09-09 18:00:00","2026-09-10 09:00:00","CAPE","surface",-69.5187,20.1975,897
"2026-09-09 18:00:00","2026-09-10 09:00:00","CAPE","surface",-69.4948,20.1975,1860
"2026-09-09 18:00:00","2026-09-10 09:00:00","CAPE","surface",-69.4709,20.1975,2679
"2026-09-09 18:00:00","2026-09-10 09:00:00","CAPE","surface",-69.447,20.1975,2679
"2026-09-09 18:00:00","2026-09-10 09:00:00","CAPE","surface",-69.423,20.1975,2712
"2026-09-09 18:00:00","2026-09-10 09:00:00","CAPE","surface",-69.3991,20.1975,2494
"2026-09-09 18:00:00","2026-09-10 09:00:00","CAPE","surface",-69.3752,20.1975,2475
"2026-09-09 18:00:00","2026-09-10 09:00:00","CAPE","surface",-69.3513,20.1975,2475
"2026-09-09 18:00:00","2026-09-10 09:00:00","CAPE","surface",-69.3273,20.1975,2539
"2026-09-09 18:00:00","2026-09-10 09:00:00","CAPE","surface",-69.3034,20.1975,2437
"2026-09-09 18:00:00","2026-09-10 09:00:00","CAPE","surface",-69.2795,20.1975,2229
"2026-09-09 18:00:00","2026-09-10 09:00:00","CAPE","surface",-69.2556,20.1975,2229
"2026-09-09 18:00:00","2026-09-10 09:00:00","CAPE","surface",-69.2316,20.1975,2384
"2026-09-09 18:00:00","2026-09-10 09:00:00","CAPE","surface",-69.2077,20.1975,3146
"2026-09-09 18:00:00","2026-09-10 09:00:00","CAPE","surface",-69.1838,20.1975,3365
"2026-09-09 18:00:00","2026-09-10 09:00:00","CAPE","surface",-69.1599,20.1975,3405
"2026-09-09 18:00:00","2026-09-10 09:00:00","CAPE","surface",-69.1359,20.1975,3405
"2026-09-09 18:00:00","2026-09-10 09:00:00","CAPE","surface",-69.112,20.1975,3263
"2026-09-09 18:00:00","2026-09-10 09:00:00","CAPE","surface",-69.0881,20.1975,3100
"2026-09-09 18:00:00","2026-09-10 09:00:00","CAPE","surface",-69.0642,20.1975,2993
"2026-09-09 18:00:00","2026-09-10 09:00:00","CAPE","surface",-69.0402,20.1975,2993
"2026-09-09 18:00:00","2026-09-10 09:00:00","CAPE","surface",-69.0163,20.1975,2934
"2026-09-09 18:00:00","2026-09-10 09:00:00","CAPE","surface",-68.9924,20.1975,2943
"2026-09-09 18:00:00","2026-09-10 09:00:00","CAPE","surface",-68.9685,20.1975,2958
"2026-09-09 18:00:00","2026-09-10 09:00:00","CAPE","surface",-68.9445,20.1975,2856
"2026-09-09 18:00:00","2026-09-10 09:00:00","CAPE","surface",-68.9206,20.1975,2872
"2026-09-09 18:00:00","2026-09-10 09:00:00","CAPE","surface",-68.8967,20.1975,2788
"2026-09-09 18:00:00","2026-09-10 09:00:00","CAPE","surface",-68.8728,20.1975,2810
"2026-09-09 18:00:00","2026-09-10 09:00:00","CAPE","surface",-68.8488,20.1975,2815
"2026-09-09 18:00:00","2026-09-10 09:00:00","CAPE","surface",-68.8249,20.1975,2829
"2026-09-09 18:00:00","2026-09-10 09:00:00","CAPE","surface",-68.801,20.1975,2870
"2026-09-09 18:00:00","2026-09-10 09:00:00","CAPE","surface",-68.7771,20.1975,2902
"2026-09-09 18:00:00","2026-09-10 09:00:00","CAPE","surface",-68.7531,20.1975,2915
"2026-09-09 18:00:00","2026-09-10 09:00:00","CAPE","surface",-68.7292,20.1975,2928
"2026-09-09 18:00:00","2026-09-10 09:00:00","CAPE","surface",-68.7053,20.1975,2932
"2026-09-09 18:00:00","2026-09-10 09:00:00","CAPE","surface",-68.6813,20.1975,2879
"2026-09-09 18:00:00","2026-09-10 09:00:00","CAPE","surface",-68.6574,20.1975,2871
"2026-09-09 18:00:00","2026-09-10 09:00:00","CAPE","surface",-68.6335,20.1975,2891
"2026-09-09 18:00:00","2026-09-10 09:00:00","CAPE","surface",-68.6096,20.1975,2899
"2026-09-09 18:00:00","2026-09-10 09:00:00","CAPE","surface",-68.5856,20.1975,2919
"2026-09-09 18:00:00","2026-09-10 09:00:00","CAPE","surface",-68.5617,20.1975,2948
"2026-09-09 18:00:00","2026-09-10 09:00:00","CAPE","surface",-68.5378,20.1975,2957
"2026-09-09 18:00:00","2026-09-10 09:00:00","CAPE","surface",-68.5139,20.1975,2951
"2026-09-09 18:00:00","2026-09-10 09:00:00","CAPE","surface",-68.4899,20.1975,2949
"2026-09-09 18:00:00","2026-09-10 09:00:00","CAPE","surface",-68.466,20.1975,2915
"2026-09-09 18:00:00","2026-09-10 09:00:00","CAPE","surface",-68.4421,20.1975,2915
"2026-09-09 18:00:00","2026-09-10 09:00:00","CAPE","surface",-68.4182,20.1975,2867
"2026-09-09 18:00:00","2026-09-10 09:00:00","CAPE","surface",-68.3942,20.1975,2862
"2026-09-09 18:00:00","2026-09-10 09:00:00","CAPE","surface",-68.3703,20.1975,2859
"2026-09-09 18:00:00","2026-09-10 09:00:00","CAPE","surface",-68.3464,20.1975,2859
"2026-09-09 18:00:00","2026-09-10 09:00:00","CAPE","surface",-68.3225,20.1975,2970
"2026-09-09 18:00:00","2026-09-10 09:00:00","CAPE","surface",-68.2985,20.1975,3014
"2026-09-09 18:00:00","2026-09-10 09:00:00","CAPE","surface",-68.2746,20.1975,3366
"2026-09-09 18:00:00","2026-09-10 09:00:00","CAPE","surface",-68.2507,20.1975,3338
"2026-09-09 18:00:00","2026-09-10 09:00:00","CAPE","surface",-68.2268,20.1975,3310
"2026-09-09 18:00:00","2026-09-10 09:00:00","CAPE","surface",-68.2028,20.1975,3212
"2026-09-09 18:00:00","2026-09-10 09:00:00","CAPE","surface",-68.1789,20.1975,3249
"2026-09-09 18:00:00","2026-09-10 09:00:00","CAPE","surface",-68.155,20.1975,3194
"2026-09-09 18:00:00","2026-09-10 09:00:00","CAPE","surface",-68.1311,20.1975,3159
"2026-09-09 18:00:00","2026-09-10 09:00:00","CAPE","surface",-68.1071,20.1975,3110
"2026-09-09 18:00:00","2026-09-10 09:00:00","CAPE","surface",-68.0832,20.1975,3205
"2026-09-09 18:00:00","2026-09-10 09:00:00","CAPE","surface",-68.0593,20.1975,3297
"2026-09-09 18:00:00","2026-09-10 09:00:00","CAPE","surface",-68.0354,20.1975,3472
"2026-09-09 18:00:00","2026-09-10 09:00:00","CAPE","surface",-68.0114,20.1975,3617
"2026-09-09 18:00:00","2026-09-10 09:00:00","CAPE","surface",-67.9875,20.1975,3256
"2026-09-09 18:00:00","2026-09-10 09:00:00","CAPE","surface",-67.9636,20.1975,3256
"2026-09-09 18:00:00","2026-09-10 09:00:00","CAPE","surface",-67.9397,20.1975,2865
"2026-09-09 18:00:00","2026-09-10 09:00:00","CAPE","surface",-67.9157,20.1975,2790
"2026-09-09 18:00:00","2026-09-10 09:00:00","CAPE","surface",-67.8918,20.1975,2889
"2026-09-09 18:00:00","2026-09-10 09:00:00","CAPE","surface",-67.8679,20.1975,2889
"2026-09-09 18:00:00","2026-09-10 09:00:00","CAPE","surface",-67.844,20.1975,2963
"2026-09-09 18:00:00","2026-09-10 09:00:00","CAPE","surface",-67.82,20.1975,3010
"2026-09-09 18:00:00","2026-09-10 09:00:00","CAPE","surface",-67.7961,20.1975,3014
"2026-09-09 18:00:00","2026-09-10 09:00:00","CAPE","surface",-67.7722,20.1975,2979
"2026-09-09 18:00:00","2026-09-10 09:00:00","CAPE","surface",-67.7483,20.1975,2972
"2026-09-09 18:00:00","2026-09-10 09:00:00","CAPE","surface",-67.7243,20.1975,2968
"2026-09-09 18:00:00","2026-09-10 09:00:00","CAPE","surface",-67.7004,20.1975,2970
"2026-09-09 18:00:00","2026-09-10 09:00:00","CAPE","surface",-67.6765,20.1975,3020
"2026-09-09 18:00:00","2026-09-10 09:00:00","CAPE","surface",-67.6526,20.1975,3021
"2026-09-09 18:00:00","2026-09-10 09:00:00","CAPE","surface",-67.6286,20.1975,3123
"2026-09-09 18:00:00","2026-09-10 09:00:00","CAPE","surface",-67.6047,20.1975,3130
"2026-09-09 18:00:00","2026-09-10 09:00:00","CAPE","surface",-67.5808,20.1975,3186
"2026-09-09 18:00:00","2026-09-10 09:00:00","CAPE","surface",-67.5569,20.1975,3117
"2026-09-09 18:00:00","2026-09-10 09:00:00","CAPE","surface",-67.5329,20.1975,3081
"2026-09-09 18:00:00","2026-09-10 09:00:00","CAPE","surface",-67.509,20.1975,3054
"2026-09-09 18:00:00","2026-09-10 09:00:00","CAPE","surface",-67.4851,20.1975,3054
"2026-09-09 18:00:00","2026-09-10 09:00:00","CAPE","surface",-67.4612,20.1975,3120
"2026-09-09 18:00:00","2026-09-10 09:00:00","CAPE","surface",-67.4372,20.1975,3020
"2026-09-09 18:00:00","2026-09-10 09:00:00","CAPE","surface",-67.4133,20.1975,2933
"2026-09-09 18:00:00","2026-09-10 09:00:00","CAPE","surface",-67.3894,20.1975,2979
"2026-09-09 18:00:00","2026-09-10 09:00:00","CAPE","surface",-67.3655,20.1975,2801
"2026-09-09 18:00:00","2026-09-10 09:00:00","CAPE","surface",-67.3415,20.1975,2693
"2026-09-09 18:00:00","2026-09-10 09:00:00","CAPE","surface",-67.3176,20.1975,2677
"2026-09-09 18:00:00","2026-09-10 09:00:00","CAPE","surface",-67.2937,20.1975,2629
"2026-09-09 18:00:00","2026-09-10 09:00:00","CAPE","surface",-67.2698,20.1975,2636
"2026-09-09 18:00:00","2026-09-10 09:00:00","CAPE","surface",-67.2458,20.1975,2591
"2026-09-09 18:00:00","2026-09-10 09:00:00","CAPE","surface",-67.2219,20.1975,2584
"2026-09-09 18:00:00","2026-09-10 09:00:00","CAPE","surface",-67.198,20.1975,2543
"2026-09-09 18:00:00","2026-09-10 09:00:00","CAPE","surface",-67.1741,20.1975,2530
"2026-09-09 18:00:00","2026-09-10 09:00:00","CAPE","surface",-67.1501,20.1975,2540
"2026-09-09 18:00:00","2026-09-10 09:00:00","CAPE","surface",-67.1262,20.1975,2679
"2026-09-09 18:00:00","2026-09-10 09:00:00","CAPE","surface",-67.1023,20.1975,2679
"2026-09-09 18:00:00","2026-09-10 09:00:00","CAPE","surface",-67.0784,20.1975,2883
"2026-09-09 18:00:00","2026-09-10 09:00:00","CAPE","surface",-67.0544,20.1975,2837
"2026-09-09 18:00:00","2026-09-10 09:00:00","CAPE","surface",-67.0305,20.1975,2839
"2026-09-09 18:00:00","2026-09-10 09:00:00","CAPE","surface",-67.0066,20.1975,2839
"2026-09-09 18:00:00","2026-09-10 09:00:00","CAPE","surface",-74.7822,20.2199,1542
"2026-09-09 18:00:00","2026-09-10 09:00:00","CAPE","surface",-74.7583,20.2199,1500
"2026-09-09 18:00:00","2026-09-10 09:00:00","CAPE","surface",-74.7344,20.2199,1583
"2026-09-09 18:00:00","2026-09-10 09:00:00","CAPE","surface",-74.7105,20.2199,1496
"2026-09-09 18:00:00","2026-09-10 09:00:00","CAPE","surface",-74.6865,20.2199,1703
"2026-09-09 18:00:00","2026-09-10 09:00:00","CAPE","surface",-74.6626,20.2199,1701
"2026-09-09 18:00:00","2026-09-10 09:00:00","CAPE","surface",-74.6387,20.2199,1870
"2026-09-09 18:00:00","2026-09-10 09:00:00","CAPE","surface",-74.6148,20.2199,1915
"2026-09-09 18:00:00","2026-09-10 09:00:00","CAPE","surface",-74.5908,20.2199,2001
"2026-09-09 18:00:00","2026-09-10 09:00:00","CAPE","surface",-74.5669,20.2199,2098
"2026-09-09 18:00:00","2026-09-10 09:00:00","CAPE","surface",-74.543,20.2199,2222
"2026-09-09 18:00:00","2026-09-10 09:00:00","CAPE","surface",-74.5191,20.2199,2239
"2026-09-09 18:00:00","2026-09-10 09:00:00","CAPE","surface",-74.4951,20.2199,2260
"2026-09-09 18:00:00","2026-09-10 09:00:00","CAPE","surface",-74.4712,20.2199,2252
"2026-09-09 18:00:00","2026-09-10 09:00:00","CAPE","surface",-74.4473,20.2199,2228
"2026-09-09 18:00:00","2026-09-10 09:00:00","CAPE","surface",-74.4234,20.2199,2228
"2026-09-09 18:00:00","2026-09-10 09:00:00","CAPE","surface",-74.3994,20.2199,2367
"2026-09-09 18:00:00","2026-09-10 09:00:00","CAPE","surface",-74.3755,20.2199,2453
"2026-09-09 18:00:00","2026-09-10 09:00:00","CAPE","surface",-74.3516,20.2199,2496
"2026-09-09 18:00:00","2026-09-10 09:00:00","CAPE","surface",-74.3277,20.2199,2478
"2026-09-09 18:00:00","2026-09-10 09:00:00","CAPE","surface",-74.3037,20.2199,2564
"2026-09-09 18:00:00","2026-09-10 09:00:00","CAPE","surface",-74.2798,20.2199,2564
"2026-09-09 18:00:00","2026-09-10 09:00:00","CAPE","surface",-74.2559,20.2199,2635
"2026-09-09 18:00:00","2026-09-10 09:00:00","CAPE","surface",-74.232,20.2199,2630
"2026-09-09 18:00:00","2026-09-10 09:00:00","CAPE","surface",-74.208,20.2199,2648
"2026-09-09 18:00:00","2026-09-10 09:00:00","CAPE","surface",-74.1841,20.2199,2586
"2026-09-09 18:00:00","2026-09-10 09:00:00","CAPE","surface",-74.1602,20.2199,2696
"2026-09-09 18:00:00","2026-09-10 09:00:00","CAPE","surface",-74.1363,20.2199,2719
"2026-09-09 18:00:00","2026-09-10 09:00:00","CAPE","surface",-74.1123,20.2199,2940
"2026-09-09 18:00:00","2026-09-10 09:00:00","CAPE","surface",-74.0884,20.2199,2929
"2026-09-09 18:00:00","2026-09-10 09:00:00","CAPE","surface",-74.0645,20.2199,2889
"2026-09-09 18:00:00","2026-09-10 09:00:00","CAPE","surface",-74.0406,20.2199,2889
"2026-09-09 18:00:00","2026-09-10 09:00:00","CAPE","surface",-74.0166,20.2199,2799
"2026-09-09 18:00:00","2026-09-10 09:00:00","CAPE","surface",-73.9927,20.2199,2788
"2026-09-09 18:00:00","2026-09-10 09:00:00","CAPE","surface",-73.9688,20.2199,2744
"2026-09-09 18:00:00","2026-09-10 09:00:00","CAPE","surface",-73.9449,20.2199,2738
"2026-09-09 18:00:00","2026-09-10 09:00:00","CAPE","surface",-73.9209,20.2199,2705
"2026-09-09 18:00:00","2026-09-10 09:00:00","CAPE","surface",-73.897,20.2199,2688
"2026-09-09 18:00:00","2026-09-10 09:00:00","CAPE","surface",-73.8731,20.2199,2656
"2026-09-09 18:00:00","2026-09-10 09:00:00","CAPE","surface",-73.8492,20.2199,2644
"2026-09-09 18:00:00","2026-09-10 09:00:00","CAPE","surface",-73.8252,20.2199,2648
"2026-09-09 18:00:00","2026-09-10 09:00:00","CAPE","surface",-73.8013,20.2199,2583
"2026-09-09 18:00:00","2026-09-10 09:00:00","CAPE","surface",-73.7774,20.2199,2557
"2026-09-09 18:00:00","2026-09-10 09:00:00","CAPE","surface",-73.7535,20.2199,2437
"2026-09-09 18:00:00","2026-09-10 09:00:00","CAPE","surface",-73.7295,20.2199,2273
"2026-09-09 18:00:00","2026-09-10 09:00:00","CAPE","surface",-73.7056,20.2199,2241
"2026-09-09 18:00:00","2026-09-10 09:00:00","CAPE","surface",-73.6817,20.2199,2199
"2026-09-09 18:00:00","2026-09-10 09:00:00","CAPE","surface",-73.6578,20.2199,2199
"2026-09-09 18:00:00","2026-09-10 09:00:00","CAPE","surface",-73.6338,20.2199,2192
"2026-09-09 18:00:00","2026-09-10 09:00:00","CAPE","surface",-73.6099,20.2199,2178
"2026-09-09 18:00:00","2026-09-10 09:00:00","CAPE","surface",-73.586,20.2199,2154
"2026-09-09 18:00:00","2026-09-10 09:00:00","CAPE","surface",-73.5621,20.2199,2099
"2026-09-09 18:00:00","2026-09-10 09:00:00","CAPE","surface",-73.5381,20.2199,2108
"2026-09-09 18:00:00","2026-09-10 09:00:00","CAPE","surface",-73.5142,20.2199,2072
"2026-09-09 18:00:00","2026-09-10 09:00:00","CAPE","surface",-73.4903,20.2199,2092
"2026-09-09 18:00:00","2026-09-10 09:00:00","CAPE","surface",-73.4664,20.2199,2105
"2026-09-09 18:00:00","2026-09-10 09:00:00","CAPE","surface",-73.4424,20.2199,2165
"2026-09-09 18:00:00","2026-09-10 09:00:00","CAPE","surface",-73.4185,20.2199,2165
"2026-09-09 18:00:00","2026-09-10 09:00:00","CAPE","surface",-73.3946,20.2199,2218
"2026-09-09 18:00:00","2026-09-10 09:00:00","CAPE","surface",-73.3707,20.2199,2171
"2026-09-09 18:00:00","2026-09-10 09:00:00","CAPE","surface",-73.3467,20.2199,2226
"2026-09-09 18:00:00","2026-09-10 09:00:00","CAPE","surface",-73.3228,20.2199,2188
"2026-09-09 18:00:00","2026-09-10 09:00:00","CAPE","surface",-73.2989,20.2199,2286
"2026-09-09 18:00:00","2026-09-10 09:00:00","CAPE","surface",-73.275,20.2199,2223
"2026-09-09 18:00:00","2026-09-10 09:00:00","CAPE","surface",-73.251,20.2199,2298
"2026-09-09 18:00:00","2026-09-10 09:00:00","CAPE","surface",-73.2271,20.2199,2218
"2026-09-09 18:00:00","2026-09-10 09:00:00","CAPE","surface",-73.2032,20.2199,2292
"2026-09-09 18:00:00","2026-09-10 09:00:00","CAPE","surface",-73.1793,20.2199,2292
"2026-09-09 18:00:00","2026-09-10 09:00:00","CAPE","surface",-73.1553,20.2199,2343
"2026-09-09 18:00:00","2026-09-10 09:00:00","CAPE","surface",-73.1314,20.2199,2405
"2026-09-09 18:00:00","2026-09-10 09:00:00","CAPE","surface",-73.1075,20.2199,2354
"2026-09-09 18:00:00","2026-09-10 09:00:00","CAPE","surface",-73.0836,20.2199,2406
"2026-09-09 18:00:00","2026-09-10 09:00:00","CAPE","surface",-73.0596,20.2199,2406
"2026-09-09 18:00:00","2026-09-10 09:00:00","CAPE","surface",-73.0357,20.2199,2465
"2026-09-09 18:00:00","2026-09-10 09:00:00","CAPE","surface",-73.0118,20.2199,2433
"2026-09-09 18:00:00","2026-09-10 09:00:00","CAPE","surface",-72.9879,20.2199,2472
"2026-09-09 18:00:00","2026-09-10 09:00:00","CAPE","surface",-72.9639,20.2199,2420
"2026-09-09 18:00:00","2026-09-10 09:00:00","CAPE","surface",-72.94,20.2199,2532
"2026-09-09 18:00:00","2026-09-10 09:00:00","CAPE","surface",-72.9161,20.2199,2475
"2026-09-09 18:00:00","2026-09-10 09:00:00","CAPE","surface",-72.8922,20.2199,2585
"2026-09-09 18:00:00","2026-09-10 09:00:00","CAPE","surface",-72.8682,20.2199,2524
"2026-09-09 18:00:00","2026-09-10 09:00:00","CAPE","surface",-72.8443,20.2199,2628
"2026-09-09 18:00:00","2026-09-10 09:00:00","CAPE","surface",-72.8204,20.2199,2628
"2026-09-09 18:00:00","2026-09-10 09:00:00","CAPE","surface",-72.7965,20.2199,2687
"2026-09-09 18:00:00","2026-09-10 09:00:00","CAPE","surface",-72.7725,20.2199,2621
"2026-09-09 18:00:00","2026-09-10 09:00:00","CAPE","surface",-72.7486,20.2199,2710
"2026-09-09 18:00:00","2026-09-10 09:00:00","CAPE","surface",-72.7247,20.2199,2669
"2026-09-09 18:00:00","2026-09-10 09:00:00","CAPE","surface",-72.7008,20.2199,2716
"2026-09-09 18:00:00","2026-09-10 09:00:00","CAPE","surface",-72.6768,20.2199,2696
"2026-09-09 18:00:00","2026-09-10 09:00:00","CAPE","surface",-72.6529,20.2199,2709
"2026-09-09 18:00:00","2026-09-10 09:00:00","CAPE","surface",-72.629,20.2199,2662
"2026-09-09 18:00:00","2026-09-10 09:00:00","CAPE","surface",-72.6051,20.2199,2672
"2026-09-09 18:00:00","2026-09-10 09:00:00","CAPE","surface",-72.5811,20.2199,2672
"2026-09-09 18:00:00","2026-09-10 09:00:00","CAPE","surface",-72.5572,20.2199,2672
"2026-09-09 18:00:00","2026-09-10 09:00:00","CAPE","surface",-72.5333,20.2199,2638
"2026-09-09 18:00:00","2026-09-10 09:00:00","CAPE","surface",-72.5094,20.2199,2608
"2026-09-09 18:00:00","2026-09-10 09:00:00","CAPE","surface",-72.4854,20.2199,2598
"2026-09-09 18:00:00","2026-09-10 09:00:00","CAPE","surface",-72.4615,20.2199,2499
"2026-09-09 18:00:00","2026-09-10 09:00:00","CAPE","surface",-72.4376,20.2199,2515
"2026-09-09 18:00:00","2026-09-10 09:00:00","CAPE","surface",-72.4137,20.2199,2342
"2026-09-09 18:00:00","2026-09-10 09:00:00","CAPE","surface",-72.3897,20.2199,2320
"2026-09-09 18:00:00","2026-09-10 09:00:00","CAPE","surface",-72.3658,20.2199,2318
"2026-09-09 18:00:00","2026-09-10 09:00:00","CAPE","surface",-72.3419,20.2199,2360
"2026-09-09 18:00:00","2026-09-10 09:00:00","CAPE","surface",-72.318,20.2199,2369
"2026-09-09 18:00:00","2026-09-10 09:00:00","CAPE","surface",-72.294,20.2199,2484
"2026-09-09 18:00:00","2026-09-10 09:00:00","CAPE","surface",-72.2701,20.2199,2479
"2026-09-09 18:00:00","2026-09-10 09:00:00","CAPE","surface",-72.2462,20.2199,2613
"2026-09-09 18:00:00","2026-09-10 09:00:00","CAPE","surface",-72.2223,20.2199,2613
"2026-09-09 18:00:00","2026-09-10 09:00:00","CAPE","surface",-72.1983,20.2199,2719
"2026-09-09 18:00:00","2026-09-10 09:00:00","CAPE","surface",-72.1744,20.2199,2722
"2026-09-09 18:00:00","2026-09-10 09:00:00","CAPE","surface",-72.1505,20.2199,2817
"2026-09-09 18:00:00","2026-09-10 09:00:00","CAPE","surface",-72.1266,20.2199,2809
"2026-09-09 18:00:00","2026-09-10 09:00:00","CAPE","surface",-72.1026,20.2199,2941
"2026-09-09 18:00:00","2026-09-10 09:00:00","CAPE","surface",-72.0787,20.2199,2937
"2026-09-09 18:00:00","2026-09-10 09:00:00","CAPE","surface",-72.0548,20.2199,3032
"2026-09-09 18:00:00","2026-09-10 09:00:00","CAPE","surface",-72.0309,20.2199,2981
"2026-09-09 18:00:00","2026-09-10 09:00:00","CAPE","surface",-72.0069,20.2199,3081
"2026-09-09 18:00:00","2026-09-10 09:00:00","CAPE","surface",-71.983,20.2199,3038
"2026-09-09 18:00:00","2026-09-10 09:00:00","CAPE","surface",-71.9591,20.2199,3036
"2026-09-09 18:00:00","2026-09-10 09:00:00","CAPE","surface",-71.9352,20.2199,2894
"2026-09-09 18:00:00","2026-09-10 09:00:00","CAPE","surface",-71.9112,20.2199,2702
"2026-09-09 18:00:00","2026-09-10 09:00:00","CAPE","surface",-71.8873,20.2199,2702
"2026-09-09 18:00:00","2026-09-10 09:00:00","CAPE","surface",-71.8634,20.2199,2541
"2026-09-09 18:00:00","2026-09-10 09:00:00","CAPE","surface",-71.8395,20.2199,2485
"2026-09-09 18:00:00","2026-09-10 09:00:00","CAPE","surface",-71.8155,20.2199,2556
"2026-09-09 18:00:00","2026-09-10 09:00:00","CAPE","surface",-71.7916,20.2199,2744
"2026-09-09 18:00:00","2026-09-10 09:00:00","CAPE","surface",-71.7677,20.2199,2744
"2026-09-09 18:00:00","2026-09-10 09:00:00","CAPE","surface",-71.7438,20.2199,3020
"2026-09-09 18:00:00","2026-09-10 09:00:00","CAPE","surface",-71.7198,20.2199,3048
"2026-09-09 18:00:00","2026-09-10 09:00:00","CAPE","surface",-71.6959,20.2199,3174
"2026-09-09 18:00:00","2026-09-10 09:00:00","CAPE","surface",-71.672,20.2199,3124
"2026-09-09 18:00:00","2026-09-10 09:00:00","CAPE","surface",-71.6481,20.2199,3180
"2026-09-09 18:00:00","2026-09-10 09:00:00","CAPE","surface",-71.6241,20.2199,3123
"2026-09-09 18:00:00","2026-09-10 09:00:00","CAPE","surface",-71.6002,20.2199,3145
"2026-09-09 18:00:00","2026-09-10 09:00:00","CAPE","surface",-71.5763,20.2199,3036
"2026-09-09 18:00:00","2026-09-10 09:00:00","CAPE","surface",-71.5524,20.2199,3216
"2026-09-09 18:00:00","2026-09-10 09:00:00","CAPE","surface",-71.5284,20.2199,3131
"2026-09-09 18:00:00","2026-09-10 09:00:00","CAPE","surface",-71.5045,20.2199,3197
"2026-09-09 18:00:00","2026-09-10 09:00:00","CAPE","surface",-71.4806,20.2199,3127
"2026-09-09 18:00:00","2026-09-10 09:00:00","CAPE","surface",-71.4567,20.2199,2924
"2026-09-09 18:00:00","2026-09-10 09:00:00","CAPE","surface",-71.4327,20.2199,2924
"2026-09-09 18:00:00","2026-09-10 09:00:00","CAPE","surface",-71.4088,20.2199,2535
"2026-09-09 18:00:00","2026-09-10 09:00:00","CAPE","surface",-71.3849,20.2199,2514
"2026-09-09 18:00:00","2026-09-10 09:00:00","CAPE","surface",-71.361,20.2199,2412
"2026-09-09 18:00:00","2026-09-10 09:00:00","CAPE","surface",-71.337,20.2199,2418
"2026-09-09 18:00:00","2026-09-10 09:00:00","CAPE","surface",-71.3131,20.2199,2418
"2026-09-09 18:00:00","2026-09-10 09:00:00","CAPE","surface",-71.2892,20.2199,2443
"2026-09-09 18:00:00","2026-09-10 09:00:00","CAPE","surface",-71.2653,20.2199,2490
"2026-09-09 18:00:00","2026-09-10 09:00:00","CAPE","surface",-71.2413,20.2199,2548
"2026-09-09 18:00:00","2026-09-10 09:00:00","CAPE","surface",-71.2174,20.2199,2548
"2026-09-09 18:00:00","2026-09-10 09:00:00","CAPE","surface",-71.1935,20.2199,2651
"2026-09-09 18:00:00","2026-09-10 09:00:00","CAPE","surface",-71.1696,20.2199,2704
"2026-09-09 18:00:00","2026-09-10 09:00:00","CAPE","surface",-71.1456,20.2199,2686
"2026-09-09 18:00:00","2026-09-10 09:00:00","CAPE","surface",-71.1217,20.2199,2668
"2026-09-09 18:00:00","2026-09-10 09:00:00","CAPE","surface",-71.0978,20.2199,2504
"2026-09-09 18:00:00","2026-09-10 09:00:00","CAPE","surface",-71.0739,20.2199,2446
"2026-09-09 18:00:00","2026-09-10 09:00:00","CAPE","surface",-71.0499,20.2199,2397
"2026-09-09 18:00:00","2026-09-10 09:00:00","CAPE","surface",-71.026,20.2199,2424
"2026-09-09 18:00:00","2026-09-10 09:00:00","CAPE","surface",-71.0021,20.2199,2454
"2026-09-09 18:00:00","2026-09-10 09:00:00","CAPE","surface",-70.9782,20.2199,2553
"2026-09-09 18:00:00","2026-09-10 09:00:00","CAPE","surface",-70.9542,20.2199,2621
"2026-09-09 18:00:00","2026-09-10 09:00:00","CAPE","surface",-70.9303,20.2199,2617
"2026-09-09 18:00:00","2026-09-10 09:00:00","CAPE","surface",-70.9064,20.2199,2709
"2026-09-09 18:00:00","2026-09-10 09:00:00","CAPE","surface",-70.8825,20.2199,2716
"2026-09-09 18:00:00","2026-09-10 09:00:00","CAPE","surface",-70.8585,20.2199,2825
"2026-09-09 18:00:00","2026-09-10 09:00:00","CAPE","surface",-70.8346,20.2199,2924
"2026-09-09 18:00:00","2026-09-10 09:00:00","CAPE","surface",-70.8107,20.2199,3041
"2026-09-09 18:00:00","2026-09-10 09:00:00","CAPE","surface",-70.7868,20.2199,2906
"2026-09-09 18:00:00","2026-09-10 09:00:00","CAPE","surface",-70.7628,20.2199,2935
"2026-09-09 18:00:00","2026-09-10 09:00:00","CAPE","surface",-70.7389,20.2199,2788
"2026-09-09 18:00:00","2026-09-10 09:00:00","CAPE","surface",-70.715,20.2199,2964
"2026-09-09 18:00:00","2026-09-10 09:00:00","CAPE","surface",-70.6911,20.2199,2971
"2026-09-09 18:00:00","2026-09-10 09:00:00","CAPE","surface",-70.6671,20.2199,2971
"2026-09-09 18:00:00","2026-09-10 09:00:00","CAPE","surface",-70.6432,20.2199,2980
"2026-09-09 18:00:00","2026-09-10 09:00:00","CAPE","surface",-70.6193,20.2199,2975
"2026-09-09 18:00:00","2026-09-10 09:00:00","CAPE","surface",-70.5954,20.2199,2742
"2026-09-09 18:00:00","2026-09-10 09:00:00","CAPE","surface",-70.5714,20.2199,2731
"2026-09-09 18:00:00","2026-09-10 09:00:00","CAPE","surface",-70.5475,20.2199,2769
"2026-09-09 18:00:00","2026-09-10 09:00:00","CAPE","surface",-70.5236,20.2199,2930
"2026-09-09 18:00:00","2026-09-10 09:00:00","CAPE","surface",-70.4997,20.2199,2946
"2026-09-09 18:00:00","2026-09-10 09:00:00","CAPE","surface",-70.4757,20.2199,2980
"2026-09-09 18:00:00","2026-09-10 09:00:00","CAPE","surface",-70.4518,20.2199,2980
"2026-09-09 18:00:00","2026-09-10 09:00:00","CAPE","surface",-70.4279,20.2199,2929
"2026-09-09 18:00:00","2026-09-10 09:00:00","CAPE","surface",-70.404,20.2199,2941
"2026-09-09 18:00:00","2026-09-10 09:00:00","CAPE","surface",-70.38,20.2199,3074
"2026-09-09 18:00:00","2026-09-10 09:00:00","CAPE","surface",-70.3561,20.2199,3074
"2026-09-09 18:00:00","2026-09-10 09:00:00","CAPE","surface",-70.3322,20.2199,3125
"2026-09-09 18:00:00","2026-09-10 09:00:00","CAPE","surface",-70.3083,20.2199,3045
"2026-09-09 18:00:00","2026-09-10 09:00:00","CAPE","surface",-70.2843,20.2199,2733
"2026-09-09 18:00:00","2026-09-10 09:00:00","CAPE","surface",-70.2604,20.2199,2679
"2026-09-09 18:00:00","2026-09-10 09:00:00","CAPE","surface",-70.2365,20.2199,2686
"2026-09-09 18:00:00","2026-09-10 09:00:00","CAPE","surface",-70.2126,20.2199,2746
"2026-09-09 18:00:00","2026-09-10 09:00:00","CAPE","surface",-70.1886,20.2199,2733
"2026-09-09 18:00:00","2026-09-10 09:00:00","CAPE","surface",-70.1647,20.2199,2662
"2026-09-09 18:00:00","2026-09-10 09:00:00","CAPE","surface",-70.1408,20.2199,2662
"2026-09-09 18:00:00","2026-09-10 09:00:00","CAPE","surface",-70.1169,20.2199,2647
"2026-09-09 18:00:00","2026-09-10 09:00:00","CAPE","surface",-70.0929,20.2199,2669
"2026-09-09 18:00:00","2026-09-10 09:00:00","CAPE","surface",-70.069,20.2199,2788
"2026-09-09 18:00:00","2026-09-10 09:00:00","CAPE","surface",-70.0451,20.2199,2926
"2026-09-09 18:00:00","2026-09-10 09:00:00","CAPE","surface",-70.0212,20.2199,3163
"2026-09-09 18:00:00","2026-09-10 09:00:00","CAPE","surface",-69.9972,20.2199,3251
"2026-09-09 18:00:00","2026-09-10 09:00:00","CAPE","surface",-69.9733,20.2199,3166
"2026-09-09 18:00:00","2026-09-10 09:00:00","CAPE","surface",-69.9494,20.2199,2644
"2026-09-09 18:00:00","2026-09-10 09:00:00","CAPE","surface",-69.9255,20.2199,1273
"2026-09-09 18:00:00","2026-09-10 09:00:00","CAPE","surface",-69.9015,20.2199,194
"2026-09-09 18:00:00","2026-09-10 09:00:00","CAPE","surface",-69.8776,20.2199,296
"2026-09-09 18:00:00","2026-09-10 09:00:00","CAPE","surface",-69.8537,20.2199,699
"2026-09-09 18:00:00","2026-09-10 09:00:00","CAPE","surface",-69.8298,20.2199,699
"2026-09-09 18:00:00","2026-09-10 09:00:00","CAPE","surface",-69.8058,20.2199,187
"2026-09-09 18:00:00","2026-09-10 09:00:00","CAPE","surface",-69.7819,20.2199,116
"2026-09-09 18:00:00","2026-09-10 09:00:00","CAPE","surface",-69.758,20.2199,12
"2026-09-09 18:00:00","2026-09-10 09:00:00","CAPE","surface",-69.7341,20.2199,28
"2026-09-09 18:00:00","2026-09-10 09:00:00","CAPE","surface",-69.7101,20.2199,0
"2026-09-09 18:00:00","2026-09-10 09:00:00","CAPE","surface",-69.6862,20.2199,0
"2026-09-09 18:00:00","2026-09-10 09:00:00","CAPE","surface",-69.6623,20.2199,0
"2026-09-09 18:00:00","2026-09-10 09:00:00","CAPE","surface",-69.6384,20.2199,11
"2026-09-09 18:00:00","2026-09-10 09:00:00","CAPE","surface",-69.6144,20.2199,0
"2026-09-09 18:00:00","2026-09-10 09:00:00","CAPE","surface",-69.5905,20.2199,0
"2026-09-09 18:00:00","2026-09-10 09:00:00","CAPE","surface",-69.5666,20.2199,0
"2026-09-09 18:00:00","2026-09-10 09:00:00","CAPE","surface",-69.5427,20.2199,245
"2026-09-09 18:00:00","2026-09-10 09:00:00","CAPE","surface",-69.5187,20.2199,245
"2026-09-09 18:00:00","2026-09-10 09:00:00","CAPE","surface",-69.4948,20.2199,860
"2026-09-09 18:00:00","2026-09-10 09:00:00","CAPE","surface",-69.4709,20.2199,2135
"2026-09-09 18:00:00","2026-09-10 09:00:00","CAPE","surface",-69.447,20.2199,2789
"2026-09-09 18:00:00","2026-09-10 09:00:00","CAPE","surface",-69.423,20.2199,2712
"2026-09-09 18:00:00","2026-09-10 09:00:00","CAPE","surface",-69.3991,20.2199,2860
"2026-09-09 18:00:00","2026-09-10 09:00:00","CAPE","surface",-69.3752,20.2199,2568
"2026-09-09 18:00:00","2026-09-10 09:00:00","CAPE","surface",-69.3513,20.2199,2568
"2026-09-09 18:00:00","2026-09-10 09:00:00","CAPE","surface",-69.3273,20.2199,2423
"2026-09-09 18:00:00","2026-09-10 09:00:00","CAPE","surface",-69.3034,20.2199,2423
"2026-09-09 18:00:00","2026-09-10 09:00:00","CAPE","surface",-69.2795,20.2199,2095
"2026-09-09 18:00:00","2026-09-10 09:00:00","CAPE","surface",-69.2556,20.2199,2186
"2026-09-09 18:00:00","2026-09-10 09:00:00","CAPE","surface",-69.2316,20.2199,2813
"2026-09-09 18:00:00","2026-09-10 09:00:00","CAPE","surface",-69.2077,20.2199,2813
"2026-09-09 18:00:00","2026-09-10 09:00:00","CAPE","surface",-69.1838,20.2199,3446
"2026-09-09 18:00:00","2026-09-10 09:00:00","CAPE","surface",-69.1599,20.2199,3496
"2026-09-09 18:00:00","2026-09-10 09:00:00","CAPE","surface",-69.1359,20.2199,3452
"2026-09-09 18:00:00","2026-09-10 09:00:00","CAPE","surface",-69.112,20.2199,3452
"2026-09-09 18:00:00","2026-09-10 09:00:00","CAPE","surface",-69.0881,20.2199,3351
"2026-09-09 18:00:00","2026-09-10 09:00:00","CAPE","surface",-69.0642,20.2199,3136
"2026-09-09 18:00:00","2026-09-10 09:00:00","CAPE","surface",-69.0402,20.2199,2980
"2026-09-09 18:00:00","2026-09-10 09:00:00","CAPE","surface",-69.0163,20.2199,2879
"2026-09-09 18:00:00","2026-09-10 09:00:00","CAPE","surface",-68.9924,20.2199,2879
"2026-09-09 18:00:00","2026-09-10 09:00:00","CAPE","surface",-68.9685,20.2199,2815
"2026-09-09 18:00:00","2026-09-10 09:00:00","CAPE","surface",-68.9445,20.2199,2856
"2026-09-09 18:00:00","2026-09-10 09:00:00","CAPE","surface",-68.9206,20.2199,2791
"2026-09-09 18:00:00","2026-09-10 09:00:00","CAPE","surface",-68.8967,20.2199,2791
"2026-09-09 18:00:00","2026-09-10 09:00:00","CAPE","surface",-68.8728,20.2199,2800
"2026-09-09 18:00:00","2026-09-10 09:00:00","CAPE","surface",-68.8488,20.2199,2815
"2026-09-09 18:00:00","2026-09-10 09:00:00","CAPE","surface",-68.8249,20.2199,2884
"2026-09-09 18:00:00","2026-09-10 09:00:00","CAPE","surface",-68.801,20.2199,2897
"2026-09-09 18:00:00","2026-09-10 09:00:00","CAPE","surface",-68.7771,20.2199,2888
"2026-09-09 18:00:00","2026-09-10 09:00:00","CAPE","surface",-68.7531,20.2199,2879
"2026-09-09 18:00:00","2026-09-10 09:00:00","CAPE","surface",-68.7292,20.2199,2900
"2026-09-09 18:00:00","2026-09-10 09:00:00","CAPE","surface",-68.7053,20.2199,2864
"2026-09-09 18:00:00","2026-09-10 09:00:00","CAPE","surface",-68.6813,20.2199,2887
"2026-09-09 18:00:00","2026-09-10 09:00:00","CAPE","surface",-68.6574,20.2199,2876
"2026-09-09 18:00:00","2026-09-10 09:00:00","CAPE","surface",-68.6335,20.2199,2891
"2026-09-09 18:00:00","2026-09-10 09:00:00","CAPE","surface",-68.6096,20.2199,2899
"2026-09-09 18:00:00","2026-09-10 09:00:00","CAPE","surface",-68.5856,20.2199,2979
"2026-09-09 18:00:00","2026-09-10 09:00:00","CAPE","surface",-68.5617,20.2199,2976
"2026-09-09 18:00:00","2026-09-10 09:00:00","CAPE","surface",-68.5378,20.2199,2977
"2026-09-09 18:00:00","2026-09-10 09:00:00","CAPE","surface",-68.5139,20.2199,2977
"2026-09-09 18:00:00","2026-09-10 09:00:00","CAPE","surface",-68.4899,20.2199,2972
"2026-09-09 18:00:00","2026-09-10 09:00:00","CAPE","surface",-68.466,20.2199,2923
"2026-09-09 18:00:00","2026-09-10 09:00:00","CAPE","surface",-68.4421,20.2199,2880
"2026-09-09 18:00:00","2026-09-10 09:00:00","CAPE","surface",-68.4182,20.2199,2867
"2026-09-09 18:00:00","2026-09-10 09:00:00","CAPE","surface",-68.3942,20.2199,2860
"2026-09-09 18:00:00","2026-09-10 09:00:00","CAPE","surface",-68.3703,20.2199,2859
"2026-09-09 18:00:00","2026-09-10 09:00:00","CAPE","surface",-68.3464,20.2199,2944
"2026-09-09 18:00:00","2026-09-10 09:00:00","CAPE","surface",-68.3225,20.2199,3234
"2026-09-09 18:00:00","2026-09-10 09:00:00","CAPE","surface",-68.2985,20.2199,3234
"2026-09-09 18:00:00","2026-09-10 09:00:00","CAPE","surface",-68.2746,20.2199,3412
"2026-09-09 18:00:00","2026-09-10 09:00:00","CAPE","surface",-68.2507,20.2199,3338
"2026-09-09 18:00:00","2026-09-10 09:00:00","CAPE","surface",-68.2268,20.2199,3180
"2026-09-09 18:00:00","2026-09-10 09:00:00","CAPE","surface",-68.2028,20.2199,3180
"2026-09-09 18:00:00","2026-09-10 09:00:00","CAPE","surface",-68.1789,20.2199,3198
"2026-09-09 18:00:00","2026-09-10 09:00:00","CAPE","surface",-68.155,20.2199,3194
"2026-09-09 18:00:00","2026-09-10 09:00:00","CAPE","surface",-68.1311,20.2199,3120
"2026-09-09 18:00:00","2026-09-10 09:00:00","CAPE","surface",-68.1071,20.2199,3216
"2026-09-09 18:00:00","2026-09-10 09:00:00","CAPE","surface",-68.0832,20.2199,3197
"2026-09-09 18:00:00","2026-09-10 09:00:00","CAPE","surface",-68.0593,20.2199,3410
"2026-09-09 18:00:00","2026-09-10 09:00:00","CAPE","surface",-68.0354,20.2199,3540
"2026-09-09 18:00:00","2026-09-10 09:00:00","CAPE","surface",-68.0114,20.2199,3388
"2026-09-09 18:00:00","2026-09-10 09:00:00","CAPE","surface",-67.9875,20.2199,3362
"2026-09-09 18:00:00","2026-09-10 09:00:00","CAPE","surface",-67.9636,20.2199,3044
"2026-09-09 18:00:00","2026-09-10 09:00:00","CAPE","surface",-67.9397,20.2199,2865
"2026-09-09 18:00:00","2026-09-10 09:00:00","CAPE","surface",-67.9157,20.2199,2861
"2026-09-09 18:00:00","2026-09-10 09:00:00","CAPE","surface",-67.8918,20.2199,2865
"2026-09-09 18:00:00","2026-09-10 09:00:00","CAPE","surface",-67.8679,20.2199,2919
"2026-09-09 18:00:00","2026-09-10 09:00:00","CAPE","surface",-67.844,20.2199,3019
"2026-09-09 18:00:00","2026-09-10 09:00:00","CAPE","surface",-67.82,20.2199,3019
"2026-09-09 18:00:00","2026-09-10 09:00:00","CAPE","surface",-67.7961,20.2199,3037
"2026-09-09 18:00:00","2026-09-10 09:00:00","CAPE","surface",-67.7722,20.2199,2979
"2026-09-09 18:00:00","2026-09-10 09:00:00","CAPE","surface",-67.7483,20.2199,2972
"2026-09-09 18:00:00","2026-09-10 09:00:00","CAPE","surface",-67.7243,20.2199,2972
"2026-09-09 18:00:00","2026-09-10 09:00:00","CAPE","surface",-67.7004,20.2199,3028
"2026-09-09 18:00:00","2026-09-10 09:00:00","CAPE","surface",-67.6765,20.2199,3099
"2026-09-09 18:00:00","2026-09-10 09:00:00","CAPE","surface",-67.6526,20.2199,3108
"2026-09-09 18:00:00","2026-09-10 09:00:00","CAPE","surface",-67.6286,20.2199,3143
"2026-09-09 18:00:00","2026-09-10 09:00:00","CAPE","surface",-67.6047,20.2199,3174
"2026-09-09 18:00:00","2026-09-10 09:00:00","CAPE","surface",-67.5808,20.2199,3124
"2026-09-09 18:00:00","2026-09-10 09:00:00","CAPE","surface",-67.5569,20.2199,3117
"2026-09-09 18:00:00","2026-09-10 09:00:00","CAPE","surface",-67.5329,20.2199,3066
"2026-09-09 18:00:00","2026-09-10 09:00:00","CAPE","surface",-67.509,20.2199,3079
"2026-09-09 18:00:00","2026-09-10 09:00:00","CAPE","surface",-67.4851,20.2199,3147
"2026-09-09 18:00:00","2026-09-10 09:00:00","CAPE","surface",-67.4612,20.2199,3233
"2026-09-09 18:00:00","2026-09-10 09:00:00","CAPE","surface",-67.4372,20.2199,3233
"2026-09-09 18:00:00","2026-09-10 09:00:00","CAPE","surface",-67.4133,20.2199,3179
"2026-09-09 18:00:00","2026-09-10 09:00:00","CAPE","surface",-67.3894,20.2199,2979
"2026-09-09 18:00:00","2026-09-10 09:00:00","CAPE","surface",-67.3655,20.2199,2785
"2026-09-09 18:00:00","2026-09-10 09:00:00","CAPE","surface",-67.3415,20.2199,2785
"2026-09-09 18:00:00","2026-09-10 09:00:00","CAPE","surface",-67.3176,20.2199,2672
"2026-09-09 18:00:00","2026-09-10 09:00:00","CAPE","surface",-67.2937,20.2199,2629
"2026-09-09 18:00:00","2026-09-10 09:00:00","CAPE","surface",-67.2698,20.2199,2595
"2026-09-09 18:00:00","2026-09-10 09:00:00","CAPE","surface",-67.2458,20.2199,2620
"2026-09-09 18:00:00","2026-09-10 09:00:00","CAPE","surface",-67.2219,20.2199,2567
"2026-09-09 18:00:00","2026-09-10 09:00:00","CAPE","surface",-67.198,20.2199,2559
"2026-09-09 18:00:00","2026-09-10 09:00:00","CAPE","surface",-67.1741,20.2199,2530
"2026-09-09 18:00:00","2026-09-10 09:00:00","CAPE","surface",-67.1501,20.2199,2741
"2026-09-09 18:00:00","2026-09-10 09:00:00","CAPE","surface",-67.1262,20.2199,2690
"2026-09-09 18:00:00","2026-09-10 09:00:00","CAPE","surface",-67.1023,20.2199,2980
"2026-09-09 18:00:00","2026-09-10 09:00:00","CAPE","surface",-67.0784,20.2199,3171
"2026-09-09 18:00:00","2026-09-10 09:00:00","CAPE","surface",-67.0544,20.2199,3171
"2026-09-09 18:00:00","2026-09-10 09:00:00","CAPE","surface",-67.0305,20.2199,3129
"2026-09-09 18:00:00","2026-09-10 09:00:00","CAPE","surface",-67.0066,20.2199,2923
"2026-09-09 18:00:00","2026-09-10 09:00:00","CAPE","surface",-74.7822,20.2424,1542
"2026-09-09 18:00:00","2026-09-10 09:00:00","CAPE","surface",-74.7583,20.2424,1642
"2026-09-09 18:00:00","2026-09-10 09:00:00","CAPE","surface",-74.7344,20.2424,1644
"2026-09-09 18:00:00","2026-09-10 09:00:00","CAPE","surface",-74.7105,20.2424,1720
"2026-09-09 18:00:00","2026-09-10 09:00:00","CAPE","surface",-74.6865,20.2424,1703
"2026-09-09 18:00:00","2026-09-10 09:00:00","CAPE","surface",-74.6626,20.2424,1858
"2026-09-09 18:00:00","2026-09-10 09:00:00","CAPE","surface",-74.6387,20.2424,1870
"2026-09-09 18:00:00","2026-09-10 09:00:00","CAPE","surface",-74.6148,20.2424,1969
"2026-09-09 18:00:00","2026-09-10 09:00:00","CAPE","surface",-74.5908,20.2424,1975
"2026-09-09 18:00:00","2026-09-10 09:00:00","CAPE","surface",-74.5669,20.2424,2188
"2026-09-09 18:00:00","2026-09-10 09:00:00","CAPE","surface",-74.543,20.2424,2222
"2026-09-09 18:00:00","2026-09-10 09:00:00","CAPE","surface",-74.5191,20.2424,2265
"2026-09-09 18:00:00","2026-09-10 09:00:00","CAPE","surface",-74.4951,20.2424,2265
"2026-09-09 18:00:00","2026-09-10 09:00:00","CAPE","surface",-74.4712,20.2424,2275
"2026-09-09 18:00:00","2026-09-10 09:00:00","CAPE","surface",-74.4473,20.2424,2255
"2026-09-09 18:00:00","2026-09-10 09:00:00","CAPE","surface",-74.4234,20.2424,2248
"2026-09-09 18:00:00","2026-09-10 09:00:00","CAPE","surface",-74.3994,20.2424,2367
"2026-09-09 18:00:00","2026-09-10 09:00:00","CAPE","surface",-74.3755,20.2424,2480
"2026-09-09 18:00:00","2026-09-10 09:00:00","CAPE","surface",-74.3516,20.2424,2480
"2026-09-09 18:00:00","2026-09-10 09:00:00","CAPE","surface",-74.3277,20.2424,2525
"2026-09-09 18:00:00","2026-09-10 09:00:00","CAPE","surface",-74.3037,20.2424,2545
"2026-09-09 18:00:00","2026-09-10 09:00:00","CAPE","surface",-74.2798,20.2424,2611
"2026-09-09 18:00:00","2026-09-10 09:00:00","CAPE","surface",-74.2559,20.2424,2635
"2026-09-09 18:00:00","2026-09-10 09:00:00","CAPE","surface",-74.232,20.2424,2684
"2026-09-09 18:00:00","2026-09-10 09:00:00","CAPE","surface",-74.208,20.2424,2680
"2026-09-09 18:00:00","2026-09-10 09:00:00","CAPE","surface",-74.1841,20.2424,2696
"2026-09-09 18:00:00","2026-09-10 09:00:00","CAPE","surface",-74.1602,20.2424,2696
"2026-09-09 18:00:00","2026-09-10 09:00:00","CAPE","surface",-74.1363,20.2424,2906
"2026-09-09 18:00:00","2026-09-10 09:00:00","CAPE","surface",-74.1123,20.2424,2906
"2026-09-09 18:00:00","2026-09-10 09:00:00","CAPE","surface",-74.0884,20.2424,2877
"2026-09-09 18:00:00","2026-09-10 09:00:00","CAPE","surface",-74.0645,20.2424,2882
"2026-09-09 18:00:00","2026-09-10 09:00:00","CAPE","surface",-74.0406,20.2424,2805
"2026-09-09 18:00:00","2026-09-10 09:00:00","CAPE","surface",-74.0166,20.2424,2799
"2026-09-09 18:00:00","2026-09-10 09:00:00","CAPE","surface",-73.9927,20.2424,2765
"2026-09-09 18:00:00","2026-09-10 09:00:00","CAPE","surface",-73.9688,20.2424,2765
"2026-09-09 18:00:00","2026-09-10 09:00:00","CAPE","surface",-73.9449,20.2424,2719
"2026-09-09 18:00:00","2026-09-10 09:00:00","CAPE","surface",-73.9209,20.2424,2705
"2026-09-09 18:00:00","2026-09-10 09:00:00","CAPE","surface",-73.897,20.2424,2666
"2026-09-09 18:00:00","2026-09-10 09:00:00","CAPE","surface",-73.8731,20.2424,2656
"2026-09-09 18:00:00","2026-09-10 09:00:00","CAPE","surface",-73.8492,20.2424,2662
"2026-09-09 18:00:00","2026-09-10 09:00:00","CAPE","surface",-73.8252,20.2424,2657
"2026-09-09 18:00:00","2026-09-10 09:00:00","CAPE","surface",-73.8013,20.2424,2621
"2026-09-09 18:00:00","2026-09-10 09:00:00","CAPE","surface",-73.7774,20.2424,2430
"2026-09-09 18:00:00","2026-09-10 09:00:00","CAPE","surface",-73.7535,20.2424,2336
"2026-09-09 18:00:00","2026-09-10 09:00:00","CAPE","surface",-73.7295,20.2424,2251
"2026-09-09 18:00:00","2026-09-10 09:00:00","CAPE","surface",-73.7056,20.2424,2203
"2026-09-09 18:00:00","2026-09-10 09:00:00","CAPE","surface",-73.6817,20.2424,2191
"2026-09-09 18:00:00","2026-09-10 09:00:00","CAPE","surface",-73.6578,20.2424,2196
"2026-09-09 18:00:00","2026-09-10 09:00:00","CAPE","surface",-73.6338,20.2424,2235
"2026-09-09 18:00:00","2026-09-10 09:00:00","CAPE","surface",-73.6099,20.2424,2235
"2026-09-09 18:00:00","2026-09-10 09:00:00","CAPE","surface",-73.586,20.2424,2304
"2026-09-09 18:00:00","2026-09-10 09:00:00","CAPE","surface",-73.5621,20.2424,2187
"2026-09-09 18:00:00","2026-09-10 09:00:00","CAPE","surface",-73.5381,20.2424,2154
"2026-09-09 18:00:00","2026-09-10 09:00:00","CAPE","surface",-73.5142,20.2424,2108
"2026-09-09 18:00:00","2026-09-10 09:00:00","CAPE","surface",-73.4903,20.2424,2262
"2026-09-09 18:00:00","2026-09-10 09:00:00","CAPE","surface",-73.4664,20.2424,2222
"2026-09-09 18:00:00","2026-09-10 09:00:00","CAPE","surface",-73.4424,20.2424,2318
"2026-09-09 18:00:00","2026-09-10 09:00:00","CAPE","surface",-73.4185,20.2424,2275
"2026-09-09 18:00:00","2026-09-10 09:00:00","CAPE","surface",-73.3946,20.2424,2327
"2026-09-09 18:00:00","2026-09-10 09:00:00","CAPE","surface",-73.3707,20.2424,2327
"2026-09-09 18:00:00","2026-09-10 09:00:00","CAPE","surface",-73.3467,20.2424,2386
"2026-09-09 18:00:00","2026-09-10 09:00:00","CAPE","surface",-73.3228,20.2424,2344
"2026-09-09 18:00:00","2026-09-10 09:00:00","CAPE","surface",-73.2989,20.2424,2394
"2026-09-09 18:00:00","2026-09-10 09:00:00","CAPE","surface",-73.275,20.2424,2352
"2026-09-09 18:00:00","2026-09-10 09:00:00","CAPE","surface",-73.251,20.2424,2461
"2026-09-09 18:00:00","2026-09-10 09:00:00","CAPE","surface",-73.2271,20.2424,2428
"2026-09-09 18:00:00","2026-09-10 09:00:00","CAPE","surface",-73.2032,20.2424,2489
"2026-09-09 18:00:00","2026-09-10 09:00:00","CAPE","surface",-73.1793,20.2424,2426
"2026-09-09 18:00:00","2026-09-10 09:00:00","CAPE","surface",-73.1553,20.2424,2467
"2026-09-09 18:00:00","2026-09-10 09:00:00","CAPE","surface",-73.1314,20.2424,2405
"2026-09-09 18:00:00","2026-09-10 09:00:00","CAPE","surface",-73.1075,20.2424,2507
"2026-09-09 18:00:00","2026-09-10 09:00:00","CAPE","surface",-73.0836,20.2424,2460
"2026-09-09 18:00:00","2026-09-10 09:00:00","CAPE","surface",-73.0596,20.2424,2496
"2026-09-09 18:00:00","2026-09-10 09:00:00","CAPE","surface",-73.0357,20.2424,2465
"2026-09-09 18:00:00","2026-09-10 09:00:00","CAPE","surface",-73.0118,20.2424,2506
"2026-09-09 18:00:00","2026-09-10 09:00:00","CAPE","surface",-72.9879,20.2424,2506
"2026-09-09 18:00:00","2026-09-10 09:00:00","CAPE","surface",-72.9639,20.2424,2562
"2026-09-09 18:00:00","2026-09-10 09:00:00","CAPE","surface",-72.94,20.2424,2532
"2026-09-09 18:00:00","2026-09-10 09:00:00","CAPE","surface",-72.9161,20.2424,2642
"2026-09-09 18:00:00","2026-09-10 09:00:00","CAPE","surface",-72.8922,20.2424,2585
"2026-09-09 18:00:00","2026-09-10 09:00:00","CAPE","surface",-72.8682,20.2424,2731
"2026-09-09 18:00:00","2026-09-10 09:00:00","CAPE","surface",-72.8443,20.2424,2692
"2026-09-09 18:00:00","2026-09-10 09:00:00","CAPE","surface",-72.8204,20.2424,2743
"2026-09-09 18:00:00","2026-09-10 09:00:00","CAPE","surface",-72.7965,20.2424,2687
"2026-09-09 18:00:00","2026-09-10 09:00:00","CAPE","surface",-72.7725,20.2424,2763
"2026-09-09 18:00:00","2026-09-10 09:00:00","CAPE","surface",-72.7486,20.2424,2741
"2026-09-09 18:00:00","2026-09-10 09:00:00","CAPE","surface",-72.7247,20.2424,2752
"2026-09-09 18:00:00","2026-09-10 09:00:00","CAPE","surface",-72.7008,20.2424,2748
"2026-09-09 18:00:00","2026-09-10 09:00:00","CAPE","surface",-72.6768,20.2424,2733
"2026-09-09 18:00:00","2026-09-10 09:00:00","CAPE","surface",-72.6529,20.2424,2745
"2026-09-09 18:00:00","2026-09-10 09:00:00","CAPE","surface",-72.629,20.2424,2742
"2026-09-09 18:00:00","2026-09-10 09:00:00","CAPE","surface",-72.6051,20.2424,2688
"2026-09-09 18:00:00","2026-09-10 09:00:00","CAPE","surface",-72.5811,20.2424,2689
"2026-09-09 18:00:00","2026-09-10 09:00:00","CAPE","surface",-72.5572,20.2424,2585
"2026-09-09 18:00:00","2026-09-10 09:00:00","CAPE","surface",-72.5333,20.2424,2585
"2026-09-09 18:00:00","2026-09-10 09:00:00","CAPE","surface",-72.5094,20.2424,2458
"2026-09-09 18:00:00","2026-09-10 09:00:00","CAPE","surface",-72.4854,20.2424,2474
"2026-09-09 18:00:00","2026-09-10 09:00:00","CAPE","surface",-72.4615,20.2424,2350
"2026-09-09 18:00:00","2026-09-10 09:00:00","CAPE","surface",-72.4376,20.2424,2345
"2026-09-09 18:00:00","2026-09-10 09:00:00","CAPE","surface",-72.4137,20.2424,2318
"2026-09-09 18:00:00","2026-09-10 09:00:00","CAPE","surface",-72.3897,20.2424,2319
"2026-09-09 18:00:00","2026-09-10 09:00:00","CAPE","surface",-72.3658,20.2424,2344
"2026-09-09 18:00:00","2026-09-10 09:00:00","CAPE","surface",-72.3419,20.2424,2360
"2026-09-09 18:00:00","2026-09-10 09:00:00","CAPE","surface",-72.318,20.2424,2485
"2026-09-09 18:00:00","2026-09-10 09:00:00","CAPE","surface",-72.294,20.2424,2485
"2026-09-09 18:00:00","2026-09-10 09:00:00","CAPE","surface",-72.2701,20.2424,2618
"2026-09-09 18:00:00","2026-09-10 09:00:00","CAPE","surface",-72.2462,20.2424,2621
"2026-09-09 18:00:00","2026-09-10 09:00:00","CAPE","surface",-72.2223,20.2424,2712
"2026-09-09 18:00:00","2026-09-10 09:00:00","CAPE","surface",-72.1983,20.2424,2719
"2026-09-09 18:00:00","2026-09-10 09:00:00","CAPE","surface",-72.1744,20.2424,2762
"2026-09-09 18:00:00","2026-09-10 09:00:00","CAPE","surface",-72.1505,20.2424,2799
"2026-09-09 18:00:00","2026-09-10 09:00:00","CAPE","surface",-72.1266,20.2424,2902
"2026-09-09 18:00:00","2026-09-10 09:00:00","CAPE","surface",-72.1026,20.2424,2941
"2026-09-09 18:00:00","2026-09-10 09:00:00","CAPE","surface",-72.0787,20.2424,3036
"2026-09-09 18:00:00","2026-09-10 09:00:00","CAPE","surface",-72.0548,20.2424,3084
"2026-09-09 18:00:00","2026-09-10 09:00:00","CAPE","surface",-72.0309,20.2424,3088
"2026-09-09 18:00:00","2026-09-10 09:00:00","CAPE","surface",-72.0069,20.2424,3112
"2026-09-09 18:00:00","2026-09-10 09:00:00","CAPE","surface",-71.983,20.2424,3085
"2026-09-09 18:00:00","2026-09-10 09:00:00","CAPE","surface",-71.9591,20.2424,3113
"2026-09-09 18:00:00","2026-09-10 09:00:00","CAPE","surface",-71.9352,20.2424,3058
"2026-09-09 18:00:00","2026-09-10 09:00:00","CAPE","surface",-71.9112,20.2424,3000
"2026-09-09 18:00:00","2026-09-10 09:00:00","CAPE","surface",-71.8873,20.2424,2773
"2026-09-09 18:00:00","2026-09-10 09:00:00","CAPE","surface",-71.8634,20.2424,2634
"2026-09-09 18:00:00","2026-09-10 09:00:00","CAPE","surface",-71.8395,20.2424,2634
"2026-09-09 18:00:00","2026-09-10 09:00:00","CAPE","surface",-71.8155,20.2424,2719
"2026-09-09 18:00:00","2026-09-10 09:00:00","CAPE","surface",-71.7916,20.2424,2682
"2026-09-09 18:00:00","2026-09-10 09:00:00","CAPE","surface",-71.7677,20.2424,2939
"2026-09-09 18:00:00","2026-09-10 09:00:00","CAPE","surface",-71.7438,20.2424,3020
"2026-09-09 18:00:00","2026-09-10 09:00:00","CAPE","surface",-71.7198,20.2424,3152
"2026-09-09 18:00:00","2026-09-10 09:00:00","CAPE","surface",-71.6959,20.2424,3180
"2026-09-09 18:00:00","2026-09-10 09:00:00","CAPE","surface",-71.672,20.2424,3193
"2026-09-09 18:00:00","2026-09-10 09:00:00","CAPE","surface",-71.6481,20.2424,3180
"2026-09-09 18:00:00","2026-09-10 09:00:00","CAPE","surface",-71.6241,20.2424,3159
"2026-09-09 18:00:00","2026-09-10 09:00:00","CAPE","surface",-71.6002,20.2424,3159
"2026-09-09 18:00:00","2026-09-10 09:00:00","CAPE","surface",-71.5763,20.2424,3200
"2026-09-09 18:00:00","2026-09-10 09:00:00","CAPE","surface",-71.5524,20.2424,3184
"2026-09-09 18:00:00","2026-09-10 09:00:00","CAPE","surface",-71.5284,20.2424,3225
"2026-09-09 18:00:00","2026-09-10 09:00:00","CAPE","surface",-71.5045,20.2424,2782
"2026-09-09 18:00:00","2026-09-10 09:00:00","CAPE","surface",-71.4806,20.2424,2900
"2026-09-09 18:00:00","2026-09-10 09:00:00","CAPE","surface",-71.4567,20.2424,2507
"2026-09-09 18:00:00","2026-09-10 09:00:00","CAPE","surface",-71.4327,20.2424,2540
"2026-09-09 18:00:00","2026-09-10 09:00:00","CAPE","surface",-71.4088,20.2424,2337
"2026-09-09 18:00:00","2026-09-10 09:00:00","CAPE","surface",-71.3849,20.2424,2337
"2026-09-09 18:00:00","2026-09-10 09:00:00","CAPE","surface",-71.361,20.2424,2336
"2026-09-09 18:00:00","2026-09-10 09:00:00","CAPE","surface",-71.337,20.2424,2376
"2026-09-09 18:00:00","2026-09-10 09:00:00","CAPE","surface",-71.3131,20.2424,2403
"2026-09-09 18:00:00","2026-09-10 09:00:00","CAPE","surface",-71.2892,20.2424,2443
"2026-09-09 18:00:00","2026-09-10 09:00:00","CAPE","surface",-71.2653,20.2424,2454
"2026-09-09 18:00:00","2026-09-10 09:00:00","CAPE","surface",-71.2413,20.2424,2495
"2026-09-09 18:00:00","2026-09-10 09:00:00","CAPE","surface",-71.2174,20.2424,2573
"2026-09-09 18:00:00","2026-09-10 09:00:00","CAPE","surface",-71.1935,20.2424,2651
"2026-09-09 18:00:00","2026-09-10 09:00:00","CAPE","surface",-71.1696,20.2424,2688
"2026-09-09 18:00:00","2026-09-10 09:00:00","CAPE","surface",-71.1456,20.2424,2700
"2026-09-09 18:00:00","2026-09-10 09:00:00","CAPE","surface",-71.1217,20.2424,2615
"2026-09-09 18:00:00","2026-09-10 09:00:00","CAPE","surface",-71.0978,20.2424,2481
"2026-09-09 18:00:00","2026-09-10 09:00:00","CAPE","surface",-71.0739,20.2424,2409
"2026-09-09 18:00:00","2026-09-10 09:00:00","CAPE","surface",-71.0499,20.2424,2423
"2026-09-09 18:00:00","2026-09-10 09:00:00","CAPE","surface",-71.026,20.2424,2416
"2026-09-09 18:00:00","2026-09-10 09:00:00","CAPE","surface",-71.0021,20.2424,2492
"2026-09-09 18:00:00","2026-09-10 09:00:00","CAPE","surface",-70.9782,20.2424,2552
"2026-09-09 18:00:00","2026-09-10 09:00:00","CAPE","surface",-70.9542,20.2424,2556
"2026-09-09 18:00:00","2026-09-10 09:00:00","CAPE","surface",-70.9303,20.2424,2569
"2026-09-09 18:00:00","2026-09-10 09:00:00","CAPE","surface",-70.9064,20.2424,2624
"2026-09-09 18:00:00","2026-09-10 09:00:00","CAPE","surface",-70.8825,20.2424,2716
"2026-09-09 18:00:00","2026-09-10 09:00:00","CAPE","surface",-70.8585,20.2424,2847
"2026-09-09 18:00:00","2026-09-10 09:00:00","CAPE","surface",-70.8346,20.2424,2847
"2026-09-09 18:00:00","2026-09-10 09:00:00","CAPE","surface",-70.8107,20.2424,2896
"2026-09-09 18:00:00","2026-09-10 09:00:00","CAPE","surface",-70.7868,20.2424,2906
"2026-09-09 18:00:00","2026-09-10 09:00:00","CAPE","surface",-70.7628,20.2424,2748
"2026-09-09 18:00:00","2026-09-10 09:00:00","CAPE","surface",-70.7389,20.2424,2634
"2026-09-09 18:00:00","2026-09-10 09:00:00","CAPE","surface",-70.715,20.2424,2649
"2026-09-09 18:00:00","2026-09-10 09:00:00","CAPE","surface",-70.6911,20.2424,2645
"2026-09-09 18:00:00","2026-09-10 09:00:00","CAPE","surface",-70.6671,20.2424,2866
"2026-09-09 18:00:00","2026-09-10 09:00:00","CAPE","surface",-70.6432,20.2424,2884
"2026-09-09 18:00:00","2026-09-10 09:00:00","CAPE","surface",-70.6193,20.2424,2884
"2026-09-09 18:00:00","2026-09-10 09:00:00","CAPE","surface",-70.5954,20.2424,2750
"2026-09-09 18:00:00","2026-09-10 09:00:00","CAPE","surface",-70.5714,20.2424,2731
"2026-09-09 18:00:00","2026-09-10 09:00:00","CAPE","surface",-70.5475,20.2424,2898
"2026-09-09 18:00:00","2026-09-10 09:00:00","CAPE","surface",-70.5236,20.2424,2898
"2026-09-09 18:00:00","2026-09-10 09:00:00","CAPE","surface",-70.4997,20.2424,2972
"2026-09-09 18:00:00","2026-09-10 09:00:00","CAPE","surface",-70.4757,20.2424,2986
"2026-09-09 18:00:00","2026-09-10 09:00:00","CAPE","surface",-70.4518,20.2424,2945
"2026-09-09 18:00:00","2026-09-10 09:00:00","CAPE","surface",-70.4279,20.2424,2929
"2026-09-09 18:00:00","2026-09-10 09:00:00","CAPE","surface",-70.404,20.2424,2892
"2026-09-09 18:00:00","2026-09-10 09:00:00","CAPE","surface",-70.38,20.2424,3078
"2026-09-09 18:00:00","2026-09-10 09:00:00","CAPE","surface",-70.3561,20.2424,3120
"2026-09-09 18:00:00","2026-09-10 09:00:00","CAPE","surface",-70.3322,20.2424,2834
"2026-09-09 18:00:00","2026-09-10 09:00:00","CAPE","surface",-70.3083,20.2424,2834
"2026-09-09 18:00:00","2026-09-10 09:00:00","CAPE","surface",-70.2843,20.2424,2696
"2026-09-09 18:00:00","2026-09-10 09:00:00","CAPE","surface",-70.2604,20.2424,2695
"2026-09-09 18:00:00","2026-09-10 09:00:00","CAPE","surface",-70.2365,20.2424,2756
"2026-09-09 18:00:00","2026-09-10 09:00:00","CAPE","surface",-70.2126,20.2424,2746
"2026-09-09 18:00:00","2026-09-10 09:00:00","CAPE","surface",-70.1886,20.2424,2752
"2026-09-09 18:00:00","2026-09-10 09:00:00","CAPE","surface",-70.1647,20.2424,2693
"2026-09-09 18:00:00","2026-09-10 09:00:00","CAPE","surface",-70.1408,20.2424,2655
"2026-09-09 18:00:00","2026-09-10 09:00:00","CAPE","surface",-70.1169,20.2424,2647
"2026-09-09 18:00:00","2026-09-10 09:00:00","CAPE","surface",-70.0929,20.2424,2660
"2026-09-09 18:00:00","2026-09-10 09:00:00","CAPE","surface",-70.069,20.2424,2692
"2026-09-09 18:00:00","2026-09-10 09:00:00","CAPE","surface",-70.0451,20.2424,3025
"2026-09-09 18:00:00","2026-09-10 09:00:00","CAPE","surface",-70.0212,20.2424,3302
"2026-09-09 18:00:00","2026-09-10 09:00:00","CAPE","surface",-69.9972,20.2424,3302
"2026-09-09 18:00:00","2026-09-10 09:00:00","CAPE","surface",-69.9733,20.2424,3058
"2026-09-09 18:00:00","2026-09-10 09:00:00","CAPE","surface",-69.9494,20.2424,2352
"2026-09-09 18:00:00","2026-09-10 09:00:00","CAPE","surface",-69.9255,20.2424,477
"2026-09-09 18:00:00","2026-09-10 09:00:00","CAPE","surface",-69.9015,20.2424,194
"2026-09-09 18:00:00","2026-09-10 09:00:00","CAPE","surface",-69.8776,20.2424,341
"2026-09-09 18:00:00","2026-09-10 09:00:00","CAPE","surface",-69.8537,20.2424,518
"2026-09-09 18:00:00","2026-09-10 09:00:00","CAPE","surface",-69.8298,20.2424,356
"2026-09-09 18:00:00","2026-09-10 09:00:00","CAPE","surface",-69.8058,20.2424,187
"2026-09-09 18:00:00","2026-09-10 09:00:00","CAPE","surface",-69.7819,20.2424,7
"2026-09-09 18:00:00","2026-09-10 09:00:00","CAPE","surface",-69.758,20.2424,0
"2026-09-09 18:00:00","2026-09-10 09:00:00","CAPE","surface",-69.7341,20.2424,0
"2026-09-09 18:00:00","2026-09-10 09:00:00","CAPE","surface",-69.7101,20.2424,0
"2026-09-09 18:00:00","2026-09-10 09:00:00","CAPE","surface",-69.6862,20.2424,0
"2026-09-09 18:00:00","2026-09-10 09:00:00","CAPE","surface",-69.6623,20.2424,0
"2026-09-09 18:00:00","2026-09-10 09:00:00","CAPE","surface",-69.6384,20.2424,0
"2026-09-09 18:00:00","2026-09-10 09:00:00","CAPE","surface",-69.6144,20.2424,0
"2026-09-09 18:00:00","2026-09-10 09:00:00","CAPE","surface",-69.5905,20.2424,0
"2026-09-09 18:00:00","2026-09-10 09:00:00","CAPE","surface",-69.5666,20.2424,0
"2026-09-09 18:00:00","2026-09-10 09:00:00","CAPE","surface",-69.5427,20.2424,0
"2026-09-09 18:00:00","2026-09-10 09:00:00","CAPE","surface",-69.5187,20.2424,269
"2026-09-09 18:00:00","2026-09-10 09:00:00","CAPE","surface",-69.4948,20.2424,860
"2026-09-09 18:00:00","2026-09-10 09:00:00","CAPE","surface",-69.4709,20.2424,979
"2026-09-09 18:00:00","2026-09-10 09:00:00","CAPE","surface",-69.447,20.2424,2703
"2026-09-09 18:00:00","2026-09-10 09:00:00","CAPE","surface",-69.423,20.2424,3094
"2026-09-09 18:00:00","2026-09-10 09:00:00","CAPE","surface",-69.3991,20.2424,2819
"2026-09-09 18:00:00","2026-09-10 09:00:00","CAPE","surface",-69.3752,20.2424,2819
"2026-09-09 18:00:00","2026-09-10 09:00:00","CAPE","surface",-69.3513,20.2424,2534
"2026-09-09 18:00:00","2026-09-10 09:00:00","CAPE","surface",-69.3273,20.2424,2489
"2026-09-09 18:00:00","2026-09-10 09:00:00","CAPE","surface",-69.3034,20.2424,2130
"2026-09-09 18:00:00","2026-09-10 09:00:00","CAPE","surface",-69.2795,20.2424,2095
"2026-09-09 18:00:00","2026-09-10 09:00:00","CAPE","surface",-69.2556,20.2424,2335
"2026-09-09 18:00:00","2026-09-10 09:00:00","CAPE","surface",-69.2316,20.2424,2507
"2026-09-09 18:00:00","2026-09-10 09:00:00","CAPE","surface",-69.2077,20.2424,3342
"2026-09-09 18:00:00","2026-09-10 09:00:00","CAPE","surface",-69.1838,20.2424,3681
"2026-09-09 18:00:00","2026-09-10 09:00:00","CAPE","surface",-69.1599,20.2424,3681
"2026-09-09 18:00:00","2026-09-10 09:00:00","CAPE","surface",-69.1359,20.2424,3640
"2026-09-09 18:00:00","2026-09-10 09:00:00","CAPE","surface",-69.112,20.2424,3533
"2026-09-09 18:00:00","2026-09-10 09:00:00","CAPE","surface",-69.0881,20.2424,3361
"2026-09-09 18:00:00","2026-09-10 09:00:00","CAPE","surface",-69.0642,20.2424,3361
"2026-09-09 18:00:00","2026-09-10 09:00:00","CAPE","surface",-69.0402,20.2424,3021
"2026-09-09 18:00:00","2026-09-10 09:00:00","CAPE","surface",-69.0163,20.2424,2905
"2026-09-09 18:00:00","2026-09-10 09:00:00","CAPE","surface",-68.9924,20.2424,2767
"2026-09-09 18:00:00","2026-09-10 09:00:00","CAPE","surface",-68.9685,20.2424,2767
"2026-09-09 18:00:00","2026-09-10 09:00:00","CAPE","surface",-68.9445,20.2424,2729
"2026-09-09 18:00:00","2026-09-10 09:00:00","CAPE","surface",-68.9206,20.2424,2777
"2026-09-09 18:00:00","2026-09-10 09:00:00","CAPE","surface",-68.8967,20.2424,2795
"2026-09-09 18:00:00","2026-09-10 09:00:00","CAPE","surface",-68.8728,20.2424,2822
"2026-09-09 18:00:00","2026-09-10 09:00:00","CAPE","surface",-68.8488,20.2424,2858
"2026-09-09 18:00:00","2026-09-10 09:00:00","CAPE","surface",-68.8249,20.2424,2912
"2026-09-09 18:00:00","2026-09-10 09:00:00","CAPE","surface",-68.801,20.2424,2897
"2026-09-09 18:00:00","2026-09-10 09:00:00","CAPE","surface",-68.7771,20.2424,2857
"2026-09-09 18:00:00","2026-09-10 09:00:00","CAPE","surface",-68.7531,20.2424,2857
"2026-09-09 18:00:00","2026-09-10 09:00:00","CAPE","surface",-68.7292,20.2424,2834
"2026-09-09 18:00:00","2026-09-10 09:00:00","CAPE","surface",-68.7053,20.2424,2864
"2026-09-09 18:00:00","2026-09-10 09:00:00","CAPE","surface",-68.6813,20.2424,2856
"2026-09-09 18:00:00","2026-09-10 09:00:00","CAPE","surface",-68.6574,20.2424,2856
"2026-09-09 18:00:00","2026-09-10 09:00:00","CAPE","surface",-68.6335,20.2424,2888
"2026-09-09 18:00:00","2026-09-10 09:00:00","CAPE","surface",-68.6096,20.2424,2973
"2026-09-09 18:00:00","2026-09-10 09:00:00","CAPE","surface",-68.5856,20.2424,2979
"2026-09-09 18:00:00","2026-09-10 09:00:00","CAPE","surface",-68.5617,20.2424,3017
"2026-09-09 18:00:00","2026-09-10 09:00:00","CAPE","surface",-68.5378,20.2424,3002
"2026-09-09 18:00:00","2026-09-10 09:00:00","CAPE","surface",-68.5139,20.2424,3031
"2026-09-09 18:00:00","2026-09-10 09:00:00","CAPE","surface",-68.4899,20.2424,2972
"2026-09-09 18:00:00","2026-09-10 09:00:00","CAPE","surface",-68.466,20.2424,3044
"2026-09-09 18:00:00","2026-09-10 09:00:00","CAPE","surface",-68.4421,20.2424,2994
"2026-09-09 18:00:00","2026-09-10 09:00:00","CAPE","surface",-68.4182,20.2424,2880
"2026-09-09 18:00:00","2026-09-10 09:00:00","CAPE","surface",-68.3942,20.2424,2950
"2026-09-09 18:00:00","2026-09-10 09:00:00","CAPE","surface",-68.3703,20.2424,2950
"2026-09-09 18:00:00","2026-09-10 09:00:00","CAPE","surface",-68.3464,20.2424,3144
"2026-09-09 18:00:00","2026-09-10 09:00:00","CAPE","surface",-68.3225,20.2424,3186
"2026-09-09 18:00:00","2026-09-10 09:00:00","CAPE","surface",-68.2985,20.2424,3463
"2026-09-09 18:00:00","2026-09-10 09:00:00","CAPE","surface",-68.2746,20.2424,3463
"2026-09-09 18:00:00","2026-09-10 09:00:00","CAPE","surface",-68.2507,20.2424,3358
"2026-09-09 18:00:00","2026-09-10 09:00:00","CAPE","surface",-68.2268,20.2424,3221
"2026-09-09 18:00:00","2026-09-10 09:00:00","CAPE","surface",-68.2028,20.2424,3178
"2026-09-09 18:00:00","2026-09-10 09:00:00","CAPE","surface",-68.1789,20.2424,3175
"2026-09-09 18:00:00","2026-09-10 09:00:00","CAPE","surface",-68.155,20.2424,3183
"2026-09-09 18:00:00","2026-09-10 09:00:00","CAPE","surface",-68.1311,20.2424,3230
"2026-09-09 18:00:00","2026-09-10 09:00:00","CAPE","surface",-68.1071,20.2424,3216
"2026-09-09 18:00:00","2026-09-10 09:00:00","CAPE","surface",-68.0832,20.2424,3390
"2026-09-09 18:00:00","2026-09-10 09:00:00","CAPE","surface",-68.0593,20.2424,3365
"2026-09-09 18:00:00","2026-09-10 09:00:00","CAPE","surface",-68.0354,20.2424,3313
"2026-09-09 18:00:00","2026-09-10 09:00:00","CAPE","surface",-68.0114,20.2424,3388
"2026-09-09 18:00:00","2026-09-10 09:00:00","CAPE","surface",-67.9875,20.2424,3258
"2026-09-09 18:00:00","2026-09-10 09:00:00","CAPE","surface",-67.9636,20.2424,3214
"2026-09-09 18:00:00","2026-09-10 09:00:00","CAPE","surface",-67.9397,20.2424,3045
"2026-09-09 18:00:00","2026-09-10 09:00:00","CAPE","surface",-67.9157,20.2424,2852
"2026-09-09 18:00:00","2026-09-10 09:00:00","CAPE","surface",-67.8918,20.2424,2865
"2026-09-09 18:00:00","2026-09-10 09:00:00","CAPE","surface",-67.8679,20.2424,3044
"2026-09-09 18:00:00","2026-09-10 09:00:00","CAPE","surface",-67.844,20.2424,2977
"2026-09-09 18:00:00","2026-09-10 09:00:00","CAPE","surface",-67.82,20.2424,3168
"2026-09-09 18:00:00","2026-09-10 09:00:00","CAPE","surface",-67.7961,20.2424,3037
"2026-09-09 18:00:00","2026-09-10 09:00:00","CAPE","surface",-67.7722,20.2424,3090
"2026-09-09 18:00:00","2026-09-10 09:00:00","CAPE","surface",-67.7483,20.2424,3068
"2026-09-09 18:00:00","2026-09-10 09:00:00","CAPE","surface",-67.7243,20.2424,3044
"2026-09-09 18:00:00","2026-09-10 09:00:00","CAPE","surface",-67.7004,20.2424,3103
"2026-09-09 18:00:00","2026-09-10 09:00:00","CAPE","surface",-67.6765,20.2424,3103
"2026-09-09 18:00:00","2026-09-10 09:00:00","CAPE","surface",-67.6526,20.2424,3098
"2026-09-09 18:00:00","2026-09-10 09:00:00","CAPE","surface",-67.6286,20.2424,3143
"2026-09-09 18:00:00","2026-09-10 09:00:00","CAPE","surface",-67.6047,20.2424,3098
"2026-09-09 18:00:00","2026-09-10 09:00:00","CAPE","surface",-67.5808,20.2424,3098
"2026-09-09 18:00:00","2026-09-10 09:00:00","CAPE","surface",-67.5569,20.2424,3025
"2026-09-09 18:00:00","2026-09-10 09:00:00","CAPE","surface",-67.5329,20.2424,3022
"2026-09-09 18:00:00","2026-09-10 09:00:00","CAPE","surface",-67.509,20.2424,3103
"2026-09-09 18:00:00","2026-09-10 09:00:00","CAPE","surface",-67.4851,20.2424,3113
"2026-09-09 18:00:00","2026-09-10 09:00:00","CAPE","surface",-67.4612,20.2424,3210
"2026-09-09 18:00:00","2026-09-10 09:00:00","CAPE","surface",-67.4372,20.2424,3274
"2026-09-09 18:00:00","2026-09-10 09:00:00","CAPE","surface",-67.4133,20.2424,3274
"2026-09-09 18:00:00","2026-09-10 09:00:00","CAPE","surface",-67.3894,20.2424,3175
"2026-09-09 18:00:00","2026-09-10 09:00:00","CAPE","surface",-67.3655,20.2424,2981
"2026-09-09 18:00:00","2026-09-10 09:00:00","CAPE","surface",-67.3415,20.2424,2802
"2026-09-09 18:00:00","2026-09-10 09:00:00","CAPE","surface",-67.3176,20.2424,2873
"2026-09-09 18:00:00","2026-09-10 09:00:00","CAPE","surface",-67.2937,20.2424,2718
"2026-09-09 18:00:00","2026-09-10 09:00:00","CAPE","surface",-67.2698,20.2424,2736
"2026-09-09 18:00:00","2026-09-10 09:00:00","CAPE","surface",-67.2458,20.2424,2620
"2026-09-09 18:00:00","2026-09-10 09:00:00","CAPE","surface",-67.2219,20.2424,2835
"2026-09-09 18:00:00","2026-09-10 09:00:00","CAPE","surface",-67.198,20.2424,2669
"2026-09-09 18:00:00","2026-09-10 09:00:00","CAPE","surface",-67.1741,20.2424,2871
"2026-09-09 18:00:00","2026-09-10 09:00:00","CAPE","surface",-67.1501,20.2424,3319
"2026-09-09 18:00:00","2026-09-10 09:00:00","CAPE","surface",-67.1262,20.2424,3319
"2026-09-09 18:00:00","2026-09-10 09:00:00","CAPE","surface",-67.1023,20.2424,3535
"2026-09-09 18:00:00","2026-09-10 09:00:00","CAPE","surface",-67.0784,20.2424,3381
"2026-09-09 18:00:00","2026-09-10 09:00:00","CAPE","surface",-67.0544,20.2424,3370
"2026-09-09 18:00:00","2026-09-10 09:00:00","CAPE","surface",-67.0305,20.2424,3370
"2026-09-09 18:00:00","2026-09-10 09:00:00","CAPE","surface",-67.0066,20.2424,3270
"2026-09-09 18:00:00","2026-09-10 09:00:00","CAPE","surface",-74.7822,20.2648,1601
"2026-09-09 18:00:00","2026-09-10 09:00:00","CAPE","surface",-74.7583,20.2648,1769
"2026-09-09 18:00:00","2026-09-10 09:00:00","CAPE","surface",-74.7344,20.2648,1757
"2026-09-09 18:00:00","2026-09-10 09:00:00","CAPE","surface",-74.7105,20.2648,1830
"2026-09-09 18:00:00","2026-09-10 09:00:00","CAPE","surface",-74.6865,20.2648,1830
"2026-09-09 18:00:00","2026-09-10 09:00:00","CAPE","surface",-74.6626,20.2648,1981
"2026-09-09 18:00:00","2026-09-10 09:00:00","CAPE","surface",-74.6387,20.2648,1977
"2026-09-09 18:00:00","2026-09-10 09:00:00","CAPE","surface",-74.6148,20.2648,2073
"2026-09-09 18:00:00","2026-09-10 09:00:00","CAPE","surface",-74.5908,20.2648,2112
"2026-09-09 18:00:00","2026-09-10 09:00:00","CAPE","surface",-74.5669,20.2648,2186
"2026-09-09 18:00:00","2026-09-10 09:00:00","CAPE","surface",-74.543,20.2648,2235
"2026-09-09 18:00:00","2026-09-10 09:00:00","CAPE","surface",-74.5191,20.2648,2250
"2026-09-09 18:00:00","2026-09-10 09:00:00","CAPE","surface",-74.4951,20.2648,2278
"2026-09-09 18:00:00","2026-09-10 09:00:00","CAPE","surface",-74.4712,20.2648,2268
"2026-09-09 18:00:00","2026-09-10 09:00:00","CAPE","surface",-74.4473,20.2648,2270
"2026-09-09 18:00:00","2026-09-10 09:00:00","CAPE","surface",-74.4234,20.2648,2300
"2026-09-09 18:00:00","2026-09-10 09:00:00","CAPE","surface",-74.3994,20.2648,2318
"2026-09-09 18:00:00","2026-09-10 09:00:00","CAPE","surface",-74.3755,20.2648,2454
"2026-09-09 18:00:00","2026-09-10 09:00:00","CAPE","surface",-74.3516,20.2648,2490
"2026-09-09 18:00:00","2026-09-10 09:00:00","CAPE","surface",-74.3277,20.2648,2538
"2026-09-09 18:00:00","2026-09-10 09:00:00","CAPE","surface",-74.3037,20.2648,2538
"2026-09-09 18:00:00","2026-09-10 09:00:00","CAPE","surface",-74.2798,20.2648,2618
"2026-09-09 18:00:00","2026-09-10 09:00:00","CAPE","surface",-74.2559,20.2648,2661
"2026-09-09 18:00:00","2026-09-10 09:00:00","CAPE","surface",-74.232,20.2648,2686
"2026-09-09 18:00:00","2026-09-10 09:00:00","CAPE","surface",-74.208,20.2648,2694
"2026-09-09 18:00:00","2026-09-10 09:00:00","CAPE","surface",-74.1841,20.2648,2679
"2026-09-09 18:00:00","2026-09-10 09:00:00","CAPE","surface",-74.1602,20.2648,2735
"2026-09-09 18:00:00","2026-09-10 09:00:00","CAPE","surface",-74.1363,20.2648,2874
"2026-09-09 18:00:00","2026-09-10 09:00:00","CAPE","surface",-74.1123,20.2648,2876
"2026-09-09 18:00:00","2026-09-10 09:00:00","CAPE","surface",-74.0884,20.2648,2810
"2026-09-09 18:00:00","2026-09-10 09:00:00","CAPE","surface",-74.0645,20.2648,2807
"2026-09-09 18:00:00","2026-09-10 09:00:00","CAPE","surface",-74.0406,20.2648,2809
"2026-09-09 18:00:00","2026-09-10 09:00:00","CAPE","surface",-74.0166,20.2648,2798
"2026-09-09 18:00:00","2026-09-10 09:00:00","CAPE","surface",-73.9927,20.2648,2790
"2026-09-09 18:00:00","2026-09-10 09:00:00","CAPE","surface",-73.9688,20.2648,2751
"2026-09-09 18:00:00","2026-09-10 09:00:00","CAPE","surface",-73.9449,20.2648,2713
"2026-09-09 18:00:00","2026-09-10 09:00:00","CAPE","surface",-73.9209,20.2648,2713
"2026-09-09 18:00:00","2026-09-10 09:00:00","CAPE","surface",-73.897,20.2648,2700
"2026-09-09 18:00:00","2026-09-10 09:00:00","CAPE","surface",-73.8731,20.2648,2675
"2026-09-09 18:00:00","2026-09-10 09:00:00","CAPE","surface",-73.8492,20.2648,2660
"2026-09-09 18:00:00","2026-09-10 09:00:00","CAPE","surface",-73.8252,20.2648,2645
"2026-09-09 18:00:00","2026-09-10 09:00:00","CAPE","surface",-73.8013,20.2648,2580
"2026-09-09 18:00:00","2026-09-10 09:00:00","CAPE","surface",-73.7774,20.2648,2511
"2026-09-09 18:00:00","2026-09-10 09:00:00","CAPE","surface",-73.7535,20.2648,2338
"2026-09-09 18:00:00","2026-09-10 09:00:00","CAPE","surface",-73.7295,20.2648,2251
"2026-09-09 18:00:00","2026-09-10 09:00:00","CAPE","surface",-73.7056,20.2648,2210
"2026-09-09 18:00:00","2026-09-10 09:00:00","CAPE","surface",-73.6817,20.2648,2210
"2026-09-09 18:00:00","2026-09-10 09:00:00","CAPE","surface",-73.6578,20.2648,2245
"2026-09-09 18:00:00","2026-09-10 09:00:00","CAPE","surface",-73.6338,20.2648,2236
"2026-09-09 18:00:00","2026-09-10 09:00:00","CAPE","surface",-73.6099,20.2648,2357
"2026-09-09 18:00:00","2026-09-10 09:00:00","CAPE","surface",-73.586,20.2648,2304
"2026-09-09 18:00:00","2026-09-10 09:00:00","CAPE","surface",-73.5621,20.2648,2395
"2026-09-09 18:00:00","2026-09-10 09:00:00","CAPE","surface",-73.5381,20.2648,2257
"2026-09-09 18:00:00","2026-09-10 09:00:00","CAPE","surface",-73.5142,20.2648,2302
"2026-09-09 18:00:00","2026-09-10 09:00:00","CAPE","surface",-73.4903,20.2648,2262
"2026-09-09 18:00:00","2026-09-10 09:00:00","CAPE","surface",-73.4664,20.2648,2353
"2026-09-09 18:00:00","2026-09-10 09:00:00","CAPE","surface",-73.4424,20.2648,2318
"2026-09-09 18:00:00","2026-09-10 09:00:00","CAPE","surface",-73.4185,20.2648,2391
"2026-09-09 18:00:00","2026-09-10 09:00:00","CAPE","surface",-73.3946,20.2648,2364
"2026-09-09 18:00:00","2026-09-10 09:00:00","CAPE","surface",-73.3707,20.2648,2417
"2026-09-09 18:00:00","2026-09-10 09:00:00","CAPE","surface",-73.3467,20.2648,2386
"2026-09-09 18:00:00","2026-09-10 09:00:00","CAPE","surface",-73.3228,20.2648,2435
"2026-09-09 18:00:00","2026-09-10 09:00:00","CAPE","surface",-73.2989,20.2648,2435
"2026-09-09 18:00:00","2026-09-10 09:00:00","CAPE","surface",-73.275,20.2648,2473
"2026-09-09 18:00:00","2026-09-10 09:00:00","CAPE","surface",-73.251,20.2648,2461
"2026-09-09 18:00:00","2026-09-10 09:00:00","CAPE","surface",-73.2271,20.2648,2517
"2026-09-09 18:00:00","2026-09-10 09:00:00","CAPE","surface",-73.2032,20.2648,2489
"2026-09-09 18:00:00","2026-09-10 09:00:00","CAPE","surface",-73.1793,20.2648,2551
"2026-09-09 18:00:00","2026-09-10 09:00:00","CAPE","surface",-73.1553,20.2648,2519
"2026-09-09 18:00:00","2026-09-10 09:00:00","CAPE","surface",-73.1314,20.2648,2545
"2026-09-09 18:00:00","2026-09-10 09:00:00","CAPE","surface",-73.1075,20.2648,2578
"2026-09-09 18:00:00","2026-09-10 09:00:00","CAPE","surface",-73.0836,20.2648,2536
"2026-09-09 18:00:00","2026-09-10 09:00:00","CAPE","surface",-73.0596,20.2648,2652
"2026-09-09 18:00:00","2026-09-10 09:00:00","CAPE","surface",-73.0357,20.2648,2592
"2026-09-09 18:00:00","2026-09-10 09:00:00","CAPE","surface",-73.0118,20.2648,2681
"2026-09-09 18:00:00","2026-09-10 09:00:00","CAPE","surface",-72.9879,20.2648,2615
"2026-09-09 18:00:00","2026-09-10 09:00:00","CAPE","surface",-72.9639,20.2648,2737
"2026-09-09 18:00:00","2026-09-10 09:00:00","CAPE","surface",-72.94,20.2648,2737
"2026-09-09 18:00:00","2026-09-10 09:00:00","CAPE","surface",-72.9161,20.2648,2787
"2026-09-09 18:00:00","2026-09-10 09:00:00","CAPE","surface",-72.8922,20.2648,2758
"2026-09-09 18:00:00","2026-09-10 09:00:00","CAPE","surface",-72.8682,20.2648,2786
"2026-09-09 18:00:00","2026-09-10 09:00:00","CAPE","surface",-72.8443,20.2648,2768
"2026-09-09 18:00:00","2026-09-10 09:00:00","CAPE","surface",-72.8204,20.2648,2785
"2026-09-09 18:00:00","2026-09-10 09:00:00","CAPE","surface",-72.7965,20.2648,2781
"2026-09-09 18:00:00","2026-09-10 09:00:00","CAPE","surface",-72.7725,20.2648,2763
"2026-09-09 18:00:00","2026-09-10 09:00:00","CAPE","surface",-72.7486,20.2648,2762
"2026-09-09 18:00:00","2026-09-10 09:00:00","CAPE","surface",-72.7247,20.2648,2751
"2026-09-09 18:00:00","2026-09-10 09:00:00","CAPE","surface",-72.7008,20.2648,2751
"2026-09-09 18:00:00","2026-09-10 09:00:00","CAPE","surface",-72.6768,20.2648,2736
"2026-09-09 18:00:00","2026-09-10 09:00:00","CAPE","surface",-72.6529,20.2648,2745
"2026-09-09 18:00:00","2026-09-10 09:00:00","CAPE","surface",-72.629,20.2648,2668
"2026-09-09 18:00:00","2026-09-10 09:00:00","CAPE","surface",-72.6051,20.2648,2688
"2026-09-09 18:00:00","2026-09-10 09:00:00","CAPE","surface",-72.5811,20.2648,2558
"2026-09-09 18:00:00","2026-09-10 09:00:00","CAPE","surface",-72.5572,20.2648,2575
"2026-09-09 18:00:00","2026-09-10 09:00:00","CAPE","surface",-72.5333,20.2648,2455
"2026-09-09 18:00:00","2026-09-10 09:00:00","CAPE","surface",-72.5094,20.2648,2458
"2026-09-09 18:00:00","2026-09-10 09:00:00","CAPE","surface",-72.4854,20.2648,2382
"2026-09-09 18:00:00","2026-09-10 09:00:00","CAPE","surface",-72.4615,20.2648,2359
"2026-09-09 18:00:00","2026-09-10 09:00:00","CAPE","surface",-72.4376,20.2648,2327
"2026-09-09 18:00:00","2026-09-10 09:00:00","CAPE","surface",-72.4137,20.2648,2318
"2026-09-09 18:00:00","2026-09-10 09:00:00","CAPE","surface",-72.3897,20.2648,2326
"2026-09-09 18:00:00","2026-09-10 09:00:00","CAPE","surface",-72.3658,20.2648,2326
"2026-09-09 18:00:00","2026-09-10 09:00:00","CAPE","surface",-72.3419,20.2648,2481
"2026-09-09 18:00:00","2026-09-10 09:00:00","CAPE","surface",-72.318,20.2648,2592
"2026-09-09 18:00:00","2026-09-10 09:00:00","CAPE","surface",-72.294,20.2648,2605
"2026-09-09 18:00:00","2026-09-10 09:00:00","CAPE","surface",-72.2701,20.2648,2698
"2026-09-09 18:00:00","2026-09-10 09:00:00","CAPE","surface",-72.2462,20.2648,2698
"2026-09-09 18:00:00","2026-09-10 09:00:00","CAPE","surface",-72.2223,20.2648,2725
"2026-09-09 18:00:00","2026-09-10 09:00:00","CAPE","surface",-72.1983,20.2648,2730
"2026-09-09 18:00:00","2026-09-10 09:00:00","CAPE","surface",-72.1744,20.2648,2751
"2026-09-09 18:00:00","2026-09-10 09:00:00","CAPE","surface",-72.1505,20.2648,2836
"2026-09-09 18:00:00","2026-09-10 09:00:00","CAPE","surface",-72.1266,20.2648,2844
"2026-09-09 18:00:00","2026-09-10 09:00:00","CAPE","surface",-72.1026,20.2648,2960
"2026-09-09 18:00:00","2026-09-10 09:00:00","CAPE","surface",-72.0787,20.2648,3059
"2026-09-09 18:00:00","2026-09-10 09:00:00","CAPE","surface",-72.0548,20.2648,3084
"2026-09-09 18:00:00","2026-09-10 09:00:00","CAPE","surface",-72.0309,20.2648,3118
"2026-09-09 18:00:00","2026-09-10 09:00:00","CAPE","surface",-72.0069,20.2648,3118
"2026-09-09 18:00:00","2026-09-10 09:00:00","CAPE","surface",-71.983,20.2648,3133
"2026-09-09 18:00:00","2026-09-10 09:00:00","CAPE","surface",-71.9591,20.2648,3113
"2026-09-09 18:00:00","2026-09-10 09:00:00","CAPE","surface",-71.9352,20.2648,3113
"2026-09-09 18:00:00","2026-09-10 09:00:00","CAPE","surface",-71.9112,20.2648,3000
"2026-09-09 18:00:00","2026-09-10 09:00:00","CAPE","surface",-71.8873,20.2648,3079
"2026-09-09 18:00:00","2026-09-10 09:00:00","CAPE","surface",-71.8634,20.2648,2873
"2026-09-09 18:00:00","2026-09-10 09:00:00","CAPE","surface",-71.8395,20.2648,2847
"2026-09-09 18:00:00","2026-09-10 09:00:00","CAPE","surface",-71.8155,20.2648,2719
"2026-09-09 18:00:00","2026-09-10 09:00:00","CAPE","surface",-71.7916,20.2648,3000
"2026-09-09 18:00:00","2026-09-10 09:00:00","CAPE","surface",-71.7677,20.2648,3140
"2026-09-09 18:00:00","2026-09-10 09:00:00","CAPE","surface",-71.7438,20.2648,3120
"2026-09-09 18:00:00","2026-09-10 09:00:00","CAPE","surface",-71.7198,20.2648,3190
"2026-09-09 18:00:00","2026-09-10 09:00:00","CAPE","surface",-71.6959,20.2648,3200
"2026-09-09 18:00:00","2026-09-10 09:00:00","CAPE","surface",-71.672,20.2648,3054
"2026-09-09 18:00:00","2026-09-10 09:00:00","CAPE","surface",-71.6481,20.2648,3071
"2026-09-09 18:00:00","2026-09-10 09:00:00","CAPE","surface",-71.6241,20.2648,2822
"2026-09-09 18:00:00","2026-09-10 09:00:00","CAPE","surface",-71.6002,20.2648,3014
"2026-09-09 18:00:00","2026-09-10 09:00:00","CAPE","surface",-71.5763,20.2648,2957
"2026-09-09 18:00:00","2026-09-10 09:00:00","CAPE","surface",-71.5524,20.2648,2957
"2026-09-09 18:00:00","2026-09-10 09:00:00","CAPE","surface",-71.5284,20.2648,2526
"2026-09-09 18:00:00","2026-09-10 09:00:00","CAPE","surface",-71.5045,20.2648,2782
"2026-09-09 18:00:00","2026-09-10 09:00:00","CAPE","surface",-71.4806,20.2648,2455
"2026-09-09 18:00:00","2026-09-10 09:00:00","CAPE","surface",-71.4567,20.2648,2455
"2026-09-09 18:00:00","2026-09-10 09:00:00","CAPE","surface",-71.4327,20.2648,2307
"2026-09-09 18:00:00","2026-09-10 09:00:00","CAPE","surface",-71.4088,20.2648,2319
"2026-09-09 18:00:00","2026-09-10 09:00:00","CAPE","surface",-71.3849,20.2648,2303
"2026-09-09 18:00:00","2026-09-10 09:00:00","CAPE","surface",-71.361,20.2648,2336
"2026-09-09 18:00:00","2026-09-10 09:00:00","CAPE","surface",-71.337,20.2648,2323
"2026-09-09 18:00:00","2026-09-10 09:00:00","CAPE","surface",-71.3131,20.2648,2411
"2026-09-09 18:00:00","2026-09-10 09:00:00","CAPE","surface",-71.2892,20.2648,2428
"2026-09-09 18:00:00","2026-09-10 09:00:00","CAPE","surface",-71.2653,20.2648,2470
"2026-09-09 18:00:00","2026-09-10 09:00:00","CAPE","surface",-71.2413,20.2648,2498
"2026-09-09 18:00:00","2026-09-10 09:00:00","CAPE","surface",-71.2174,20.2648,2638
"2026-09-09 18:00:00","2026-09-10 09:00:00","CAPE","surface",-71.1935,20.2648,2658
"2026-09-09 18:00:00","2026-09-10 09:00:00","CAPE","surface",-71.1696,20.2648,2778
"2026-09-09 18:00:00","2026-09-10 09:00:00","CAPE","surface",-71.1456,20.2648,2718
"2026-09-09 18:00:00","2026-09-10 09:00:00","CAPE","surface",-71.1217,20.2648,2734
"2026-09-09 18:00:00","2026-09-10 09:00:00","CAPE","surface",-71.0978,20.2648,2602
"2026-09-09 18:00:00","2026-09-10 09:00:00","CAPE","surface",-71.0739,20.2648,2472
"2026-09-09 18:00:00","2026-09-10 09:00:00","CAPE","surface",-71.0499,20.2648,2423
"2026-09-09 18:00:00","2026-09-10 09:00:00","CAPE","surface",-71.026,20.2648,2468
"2026-09-09 18:00:00","2026-09-10 09:00:00","CAPE","surface",-71.0021,20.2648,2468
"2026-09-09 18:00:00","2026-09-10 09:00:00","CAPE","surface",-70.9782,20.2648,2560
"2026-09-09 18:00:00","2026-09-10 09:00:00","CAPE","surface",-70.9542,20.2648,2556
"2026-09-09 18:00:00","2026-09-10 09:00:00","CAPE","surface",-70.9303,20.2648,2587
"2026-09-09 18:00:00","2026-09-10 09:00:00","CAPE","surface",-70.9064,20.2648,2629
"2026-09-09 18:00:00","2026-09-10 09:00:00","CAPE","surface",-70.8825,20.2648,2692
"2026-09-09 18:00:00","2026-09-10 09:00:00","CAPE","surface",-70.8585,20.2648,2847
"2026-09-09 18:00:00","2026-09-10 09:00:00","CAPE","surface",-70.8346,20.2648,2876
"2026-09-09 18:00:00","2026-09-10 09:00:00","CAPE","surface",-70.8107,20.2648,2848
"2026-09-09 18:00:00","2026-09-10 09:00:00","CAPE","surface",-70.7868,20.2648,2848
"2026-09-09 18:00:00","2026-09-10 09:00:00","CAPE","surface",-70.7628,20.2648,2696
"2026-09-09 18:00:00","2026-09-10 09:00:00","CAPE","surface",-70.7389,20.2648,2634
"2026-09-09 18:00:00","2026-09-10 09:00:00","CAPE","surface",-70.715,20.2648,2529
"2026-09-09 18:00:00","2026-09-10 09:00:00","CAPE","surface",-70.6911,20.2648,2529
"2026-09-09 18:00:00","2026-09-10 09:00:00","CAPE","surface",-70.6671,20.2648,2663
"2026-09-09 18:00:00","2026-09-10 09:00:00","CAPE","surface",-70.6432,20.2648,2807
"2026-09-09 18:00:00","2026-09-10 09:00:00","CAPE","surface",-70.6193,20.2648,2779
"2026-09-09 18:00:00","2026-09-10 09:00:00","CAPE","surface",-70.5954,20.2648,2750
"2026-09-09 18:00:00","2026-09-10 09:00:00","CAPE","surface",-70.5714,20.2648,2730
"2026-09-09 18:00:00","2026-09-10 09:00:00","CAPE","surface",-70.5475,20.2648,2876
"2026-09-09 18:00:00","2026-09-10 09:00:00","CAPE","surface",-70.5236,20.2648,2953
"2026-09-09 18:00:00","2026-09-10 09:00:00","CAPE","surface",-70.4997,20.2648,2906
"2026-09-09 18:00:00","2026-09-10 09:00:00","CAPE","surface",-70.4757,20.2648,2906
"2026-09-09 18:00:00","2026-09-10 09:00:00","CAPE","surface",-70.4518,20.2648,2756
"2026-09-09 18:00:00","2026-09-10 09:00:00","CAPE","surface",-70.4279,20.2648,2823
"2026-09-09 18:00:00","2026-09-10 09:00:00","CAPE","surface",-70.404,20.2648,2974
"2026-09-09 18:00:00","2026-09-10 09:00:00","CAPE","surface",-70.38,20.2648,3078
"2026-09-09 18:00:00","2026-09-10 09:00:00","CAPE","surface",-70.3561,20.2648,2851
"2026-09-09 18:00:00","2026-09-10 09:00:00","CAPE","surface",-70.3322,20.2648,2840
"2026-09-09 18:00:00","2026-09-10 09:00:00","CAPE","surface",-70.3083,20.2648,2674
"2026-09-09 18:00:00","2026-09-10 09:00:00","CAPE","surface",-70.2843,20.2648,2696
"2026-09-09 18:00:00","2026-09-10 09:00:00","CAPE","surface",-70.2604,20.2648,2756
"2026-09-09 18:00:00","2026-09-10 09:00:00","CAPE","surface",-70.2365,20.2648,2762
"2026-09-09 18:00:00","2026-09-10 09:00:00","CAPE","surface",-70.2126,20.2648,2822
"2026-09-09 18:00:00","2026-09-10 09:00:00","CAPE","surface",-70.1886,20.2648,2777
"2026-09-09 18:00:00","2026-09-10 09:00:00","CAPE","surface",-70.1647,20.2648,2692
"2026-09-09 18:00:00","2026-09-10 09:00:00","CAPE","surface",-70.1408,20.2648,2786
"2026-09-09 18:00:00","2026-09-10 09:00:00","CAPE","surface",-70.1169,20.2648,2696
"2026-09-09 18:00:00","2026-09-10 09:00:00","CAPE","surface",-70.0929,20.2648,2836
"2026-09-09 18:00:00","2026-09-10 09:00:00","CAPE","surface",-70.069,20.2648,2886
"2026-09-09 18:00:00","2026-09-10 09:00:00","CAPE","surface",-70.0451,20.2648,3147
"2026-09-09 18:00:00","2026-09-10 09:00:00","CAPE","surface",-70.0212,20.2648,3239
"2026-09-09 18:00:00","2026-09-10 09:00:00","CAPE","surface",-69.9972,20.2648,3253
"2026-09-09 18:00:00","2026-09-10 09:00:00","CAPE","surface",-69.9733,20.2648,3058
"2026-09-09 18:00:00","2026-09-10 09:00:00","CAPE","surface",-69.9494,20.2648,2394
"2026-09-09 18:00:00","2026-09-10 09:00:00","CAPE","surface",-69.9255,20.2648,1277
"2026-09-09 18:00:00","2026-09-10 09:00:00","CAPE","surface",-69.9015,20.2648,345
"2026-09-09 18:00:00","2026-09-10 09:00:00","CAPE","surface",-69.8776,20.2648,455
"2026-09-09 18:00:00","2026-09-10 09:00:00","CAPE","surface",-69.8537,20.2648,483
"2026-09-09 18:00:00","2026-09-10 09:00:00","CAPE","surface",-69.8298,20.2648,319
"2026-09-09 18:00:00","2026-09-10 09:00:00","CAPE","surface",-69.8058,20.2648,105
"2026-09-09 18:00:00","2026-09-10 09:00:00","CAPE","surface",-69.7819,20.2648,0
"2026-09-09 18:00:00","2026-09-10 09:00:00","CAPE","surface",-69.758,20.2648,0
"2026-09-09 18:00:00","2026-09-10 09:00:00","CAPE","surface",-69.7341,20.2648,0
"2026-09-09 18:00:00","2026-09-10 09:00:00","CAPE","surface",-69.7101,20.2648,0
"2026-09-09 18:00:00","2026-09-10 09:00:00","CAPE","surface",-69.6862,20.2648,0
"2026-09-09 18:00:00","2026-09-10 09:00:00","CAPE","surface",-69.6623,20.2648,0
"2026-09-09 18:00:00","2026-09-10 09:00:00","CAPE","surface",-69.6384,20.2648,0
"2026-09-09 18:00:00","2026-09-10 09:00:00","CAPE","surface",-69.6144,20.2648,0
"2026-09-09 18:00:00","2026-09-10 09:00:00","CAPE","surface",-69.5905,20.2648,0
"2026-09-09 18:00:00","2026-09-10 09:00:00","CAPE","surface",-69.5666,20.2648,0
"2026-09-09 18:00:00","2026-09-10 09:00:00","CAPE","surface",-69.5427,20.2648,18
"2026-09-09 18:00:00","2026-09-10 09:00:00","CAPE","surface",-69.5187,20.2648,142
"2026-09-09 18:00:00","2026-09-10 09:00:00","CAPE","surface",-69.4948,20.2648,360
"2026-09-09 18:00:00","2026-09-10 09:00:00","CAPE","surface",-69.4709,20.2648,1255
"2026-09-09 18:00:00","2026-09-10 09:00:00","CAPE","surface",-69.447,20.2648,2703
"2026-09-09 18:00:00","2026-09-10 09:00:00","CAPE","surface",-69.423,20.2648,3128
"2026-09-09 18:00:00","2026-09-10 09:00:00","CAPE","surface",-69.3991,20.2648,3140
"2026-09-09 18:00:00","2026-09-10 09:00:00","CAPE","surface",-69.3752,20.2648,2630
"2026-09-09 18:00:00","2026-09-10 09:00:00","CAPE","surface",-69.3513,20.2648,2534
"2026-09-09 18:00:00","2026-09-10 09:00:00","CAPE","surface",-69.3273,20.2648,2551
"2026-09-09 18:00:00","2026-09-10 09:00:00","CAPE","surface",-69.3034,20.2648,2613
"2026-09-09 18:00:00","2026-09-10 09:00:00","CAPE","surface",-69.2795,20.2648,2335
"2026-09-09 18:00:00","2026-09-10 09:00:00","CAPE","surface",-69.2556,20.2648,3085
"2026-09-09 18:00:00","2026-09-10 09:00:00","CAPE","surface",-69.2316,20.2648,3085
"2026-09-09 18:00:00","2026-09-10 09:00:00","CAPE","surface",-69.2077,20.2648,3532
"2026-09-09 18:00:00","2026-09-10 09:00:00","CAPE","surface",-69.1838,20.2648,3656
"2026-09-09 18:00:00","2026-09-10 09:00:00","CAPE","surface",-69.1599,20.2648,3714
"2026-09-09 18:00:00","2026-09-10 09:00:00","CAPE","surface",-69.1359,20.2648,3640
"2026-09-09 18:00:00","2026-09-10 09:00:00","CAPE","surface",-69.112,20.2648,3681
"2026-09-09 18:00:00","2026-09-10 09:00:00","CAPE","surface",-69.0881,20.2648,3512
"2026-09-09 18:00:00","2026-09-10 09:00:00","CAPE","surface",-69.0642,20.2648,3189
"2026-09-09 18:00:00","2026-09-10 09:00:00","CAPE","surface",-69.0402,20.2648,2826
"2026-09-09 18:00:00","2026-09-10 09:00:00","CAPE","surface",-69.0163,20.2648,2826
"2026-09-09 18:00:00","2026-09-10 09:00:00","CAPE","surface",-68.9924,20.2648,2662
"2026-09-09 18:00:00","2026-09-10 09:00:00","CAPE","surface",-68.9685,20.2648,2687
"2026-09-09 18:00:00","2026-09-10 09:00:00","CAPE","surface",-68.9445,20.2648,2723
"2026-09-09 18:00:00","2026-09-10 09:00:00","CAPE","surface",-68.9206,20.2648,2723
"2026-09-09 18:00:00","2026-09-10 09:00:00","CAPE","surface",-68.8967,20.2648,2802
"2026-09-09 18:00:00","2026-09-10 09:00:00","CAPE","surface",-68.8728,20.2648,2822
"2026-09-09 18:00:00","2026-09-10 09:00:00","CAPE","surface",-68.8488,20.2648,2889
"2026-09-09 18:00:00","2026-09-10 09:00:00","CAPE","surface",-68.8249,20.2648,2889
"2026-09-09 18:00:00","2026-09-10 09:00:00","CAPE","surface",-68.801,20.2648,2866
"2026-09-09 18:00:00","2026-09-10 09:00:00","CAPE","surface",-68.7771,20.2648,2810
"2026-09-09 18:00:00","2026-09-10 09:00:00","CAPE","surface",-68.7531,20.2648,2814
"2026-09-09 18:00:00","2026-09-10 09:00:00","CAPE","surface",-68.7292,20.2648,2778
"2026-09-09 18:00:00","2026-09-10 09:00:00","CAPE","surface",-68.7053,20.2648,2790
"2026-09-09 18:00:00","2026-09-10 09:00:00","CAPE","surface",-68.6813,20.2648,2813
"2026-09-09 18:00:00","2026-09-10 09:00:00","CAPE","surface",-68.6574,20.2648,2856
"2026-09-09 18:00:00","2026-09-10 09:00:00","CAPE","surface",-68.6335,20.2648,2958
"2026-09-09 18:00:00","2026-09-10 09:00:00","CAPE","surface",-68.6096,20.2648,2958
"2026-09-09 18:00:00","2026-09-10 09:00:00","CAPE","surface",-68.5856,20.2648,3019
"2026-09-09 18:00:00","2026-09-10 09:00:00","CAPE","surface",-68.5617,20.2648,3017
"2026-09-09 18:00:00","2026-09-10 09:00:00","CAPE","surface",-68.5378,20.2648,3073
"2026-09-09 18:00:00","2026-09-10 09:00:00","CAPE","surface",-68.5139,20.2648,3207
"2026-09-09 18:00:00","2026-09-10 09:00:00","CAPE","surface",-68.4899,20.2648,3172
"2026-09-09 18:00:00","2026-09-10 09:00:00","CAPE","surface",-68.466,20.2648,3178
"2026-09-09 18:00:00","2026-09-10 09:00:00","CAPE","surface",-68.4421,20.2648,2994
"2026-09-09 18:00:00","2026-09-10 09:00:00","CAPE","surface",-68.4182,20.2648,3134
"2026-09-09 18:00:00","2026-09-10 09:00:00","CAPE","surface",-68.3942,20.2648,3005
"2026-09-09 18:00:00","2026-09-10 09:00:00","CAPE","surface",-68.3703,20.2648,3121
"2026-09-09 18:00:00","2026-09-10 09:00:00","CAPE","surface",-68.3464,20.2648,3144
"2026-09-09 18:00:00","2026-09-10 09:00:00","CAPE","surface",-68.3225,20.2648,3369
"2026-09-09 18:00:00","2026-09-10 09:00:00","CAPE","surface",-68.2985,20.2648,3481
"2026-09-09 18:00:00","2026-09-10 09:00:00","CAPE","surface",-68.2746,20.2648,3446
"2026-09-09 18:00:00","2026-09-10 09:00:00","CAPE","surface",-68.2507,20.2648,3296
"2026-09-09 18:00:00","2026-09-10 09:00:00","CAPE","surface",-68.2268,20.2648,3296
"2026-09-09 18:00:00","2026-09-10 09:00:00","CAPE","surface",-68.2028,20.2648,3211
"2026-09-09 18:00:00","2026-09-10 09:00:00","CAPE","surface",-68.1789,20.2648,3175
"2026-09-09 18:00:00","2026-09-10 09:00:00","CAPE","surface",-68.155,20.2648,3227
"2026-09-09 18:00:00","2026-09-10 09:00:00","CAPE","surface",-68.1311,20.2648,3227
"2026-09-09 18:00:00","2026-09-10 09:00:00","CAPE","surface",-68.1071,20.2648,3396
"2026-09-09 18:00:00","2026-09-10 09:00:00","CAPE","surface",-68.0832,20.2648,3260
"2026-09-09 18:00:00","2026-09-10 09:00:00","CAPE","surface",-68.0593,20.2648,3268
"2026-09-09 18:00:00","2026-09-10 09:00:00","CAPE","surface",-68.0354,20.2648,3133
"2026-09-09 18:00:00","2026-09-10 09:00:00","CAPE","surface",-68.0114,20.2648,3208
"2026-09-09 18:00:00","2026-09-10 09:00:00","CAPE","surface",-67.9875,20.2648,3261
"2026-09-09 18:00:00","2026-09-10 09:00:00","CAPE","surface",-67.9636,20.2648,3214
"2026-09-09 18:00:00","2026-09-10 09:00:00","CAPE","surface",-67.9397,20.2648,3198
"2026-09-09 18:00:00","2026-09-10 09:00:00","CAPE","surface",-67.9157,20.2648,3044
"2026-09-09 18:00:00","2026-09-10 09:00:00","CAPE","surface",-67.8918,20.2648,3058
"2026-09-09 18:00:00","2026-09-10 09:00:00","CAPE","surface",-67.8679,20.2648,3044
"2026-09-09 18:00:00","2026-09-10 09:00:00","CAPE","surface",-67.844,20.2648,3304
"2026-09-09 18:00:00","2026-09-10 09:00:00","CAPE","surface",-67.82,20.2648,3356
"2026-09-09 18:00:00","2026-09-10 09:00:00","CAPE","surface",-67.7961,20.2648,3237
"2026-09-09 18:00:00","2026-09-10 09:00:00","CAPE","surface",-67.7722,20.2648,3139
"2026-09-09 18:00:00","2026-09-10 09:00:00","CAPE","surface",-67.7483,20.2648,3139
"2026-09-09 18:00:00","2026-09-10 09:00:00","CAPE","surface",-67.7243,20.2648,3100
"2026-09-09 18:00:00","2026-09-10 09:00:00","CAPE","surface",-67.7004,20.2648,3111
"2026-09-09 18:00:00","2026-09-10 09:00:00","CAPE","surface",-67.6765,20.2648,3061
"2026-09-09 18:00:00","2026-09-10 09:00:00","CAPE","surface",-67.6526,20.2648,3061
"2026-09-09 18:00:00","2026-09-10 09:00:00","CAPE","surface",-67.6286,20.2648,2997
"2026-09-09 18:00:00","2026-09-10 09:00:00","CAPE","surface",-67.6047,20.2648,2932
"2026-09-09 18:00:00","2026-09-10 09:00:00","CAPE","surface",-67.5808,20.2648,2976
"2026-09-09 18:00:00","2026-09-10 09:00:00","CAPE","surface",-67.5569,20.2648,2879
"2026-09-09 18:00:00","2026-09-10 09:00:00","CAPE","surface",-67.5329,20.2648,2935
"2026-09-09 18:00:00","2026-09-10 09:00:00","CAPE","surface",-67.509,20.2648,2981
"2026-09-09 18:00:00","2026-09-10 09:00:00","CAPE","surface",-67.4851,20.2648,3113
"2026-09-09 18:00:00","2026-09-10 09:00:00","CAPE","surface",-67.4612,20.2648,3106
"2026-09-09 18:00:00","2026-09-10 09:00:00","CAPE","surface",-67.4372,20.2648,3160
"2026-09-09 18:00:00","2026-09-10 09:00:00","CAPE","surface",-67.4133,20.2648,3232
"2026-09-09 18:00:00","2026-09-10 09:00:00","CAPE","surface",-67.3894,20.2648,3122
"2026-09-09 18:00:00","2026-09-10 09:00:00","CAPE","surface",-67.3655,20.2648,3122
"2026-09-09 18:00:00","2026-09-10 09:00:00","CAPE","surface",-67.3415,20.2648,3015
"2026-09-09 18:00:00","2026-09-10 09:00:00","CAPE","surface",-67.3176,20.2648,2873
"2026-09-09 18:00:00","2026-09-10 09:00:00","CAPE","surface",-67.2937,20.2648,2900
"2026-09-09 18:00:00","2026-09-10 09:00:00","CAPE","surface",-67.2698,20.2648,2900
"2026-09-09 18:00:00","2026-09-10 09:00:00","CAPE","surface",-67.2458,20.2648,3003
"2026-09-09 18:00:00","2026-09-10 09:00:00","CAPE","surface",-67.2219,20.2648,3193
"2026-09-09 18:00:00","2026-09-10 09:00:00","CAPE","surface",-67.198,20.2648,3053
"2026-09-09 18:00:00","2026-09-10 09:00:00","CAPE","surface",-67.1741,20.2648,3412
"2026-09-09 18:00:00","2026-09-10 09:00:00","CAPE","surface",-67.1501,20.2648,3422
"2026-09-09 18:00:00","2026-09-10 09:00:00","CAPE","surface",-67.1262,20.2648,3614
"2026-09-09 18:00:00","2026-09-10 09:00:00","CAPE","surface",-67.1023,20.2648,3535
"2026-09-09 18:00:00","2026-09-10 09:00:00","CAPE","surface",-67.0784,20.2648,3510
"2026-09-09 18:00:00","2026-09-10 09:00:00","CAPE","surface",-67.0544,20.2648,3513
"2026-09-09 18:00:00","2026-09-10 09:00:00","CAPE","surface",-67.0305,20.2648,3359
"2026-09-09 18:00:00","2026-09-10 09:00:00","CAPE","surface",-67.0066,20.2648,3227
"2026-09-09 18:00:00","2026-09-10 09:00:00","CAPE","surface",-74.7822,20.2873,1747
"2026-09-09 18:00:00","2026-09-10 09:00:00","CAPE","surface",-74.7583,20.2873,1747
"2026-09-09 18:00:00","2026-09-10 09:00:00","CAPE","surface",-74.7344,20.2873,1868
"2026-09-09 18:00:00","2026-09-10 09:00:00","CAPE","surface",-74.7105,20.2873,1841
"2026-09-09 18:00:00","2026-09-10 09:00:00","CAPE","surface",-74.6865,20.2873,1980
"2026-09-09 18:00:00","2026-09-10 09:00:00","CAPE","surface",-74.6626,20.2873,1981
"2026-09-09 18:00:00","2026-09-10 09:00:00","CAPE","surface",-74.6387,20.2873,2094
"2026-09-09 18:00:00","2026-09-10 09:00:00","CAPE","surface",-74.6148,20.2873,2079
"2026-09-09 18:00:00","2026-09-10 09:00:00","CAPE","surface",-74.5908,20.2873,2154
"2026-09-09 18:00:00","2026-09-10 09:00:00","CAPE","surface",-74.5669,20.2873,2186
"2026-09-09 18:00:00","2026-09-10 09:00:00","CAPE","surface",-74.543,20.2873,2228
"2026-09-09 18:00:00","2026-09-10 09:00:00","CAPE","surface",-74.5191,20.2873,2250
"2026-09-09 18:00:00","2026-09-10 09:00:00","CAPE","surface",-74.4951,20.2873,2251
"2026-09-09 18:00:00","2026-09-10 09:00:00","CAPE","surface",-74.4712,20.2873,2260
"2026-09-09 18:00:00","2026-09-10 09:00:00","CAPE","surface",-74.4473,20.2873,2304
"2026-09-09 18:00:00","2026-09-10 09:00:00","CAPE","surface",-74.4234,20.2873,2300
"2026-09-09 18:00:00","2026-09-10 09:00:00","CAPE","surface",-74.3994,20.2873,2437
"2026-09-09 18:00:00","2026-09-10 09:00:00","CAPE","surface",-74.3755,20.2873,2437
"2026-09-09 18:00:00","2026-09-10 09:00:00","CAPE","surface",-74.3516,20.2873,2559
"2026-09-09 18:00:00","2026-09-10 09:00:00","CAPE","surface",-74.3277,20.2873,2565
"2026-09-09 18:00:00","2026-09-10 09:00:00","CAPE","surface",-74.3037,20.2873,2579
"2026-09-09 18:00:00","2026-09-10 09:00:00","CAPE","surface",-74.2798,20.2873,2618
"2026-09-09 18:00:00","2026-09-10 09:00:00","CAPE","surface",-74.2559,20.2873,2619
"2026-09-09 18:00:00","2026-09-10 09:00:00","CAPE","surface",-74.232,20.2873,2665
"2026-09-09 18:00:00","2026-09-10 09:00:00","CAPE","surface",-74.208,20.2873,2658
"2026-09-09 18:00:00","2026-09-10 09:00:00","CAPE","surface",-74.1841,20.2873,2679
"2026-09-09 18:00:00","2026-09-10 09:00:00","CAPE","surface",-74.1602,20.2873,2853
"2026-09-09 18:00:00","2026-09-10 09:00:00","CAPE","surface",-74.1363,20.2873,2874
"2026-09-09 18:00:00","2026-09-10 09:00:00","CAPE","surface",-74.1123,20.2873,2842
"2026-09-09 18:00:00","2026-09-10 09:00:00","CAPE","surface",-74.0884,20.2873,2818
"2026-09-09 18:00:00","2026-09-10 09:00:00","CAPE","surface",-74.0645,20.2873,2825
"2026-09-09 18:00:00","2026-09-10 09:00:00","CAPE","surface",-74.0406,20.2873,2809
"2026-09-09 18:00:00","2026-09-10 09:00:00","CAPE","surface",-74.0166,20.2873,2821
"2026-09-09 18:00:00","2026-09-10 09:00:00","CAPE","surface",-73.9927,20.2873,2821
"2026-09-09 18:00:00","2026-09-10 09:00:00","CAPE","surface",-73.9688,20.2873,2782
"2026-09-09 18:00:00","2026-09-10 09:00:00","CAPE","surface",-73.9449,20.2873,2746
"2026-09-09 18:00:00","2026-09-10 09:00:00","CAPE","surface",-73.9209,20.2873,2739
"2026-09-09 18:00:00","2026-09-10 09:00:00","CAPE","surface",-73.897,20.2873,2700
"2026-09-09 18:00:00","2026-09-10 09:00:00","CAPE","surface",-73.8731,20.2873,2727
"2026-09-09 18:00:00","2026-09-10 09:00:00","CAPE","surface",-73.8492,20.2873,2683
"2026-09-09 18:00:00","2026-09-10 09:00:00","CAPE","surface",-73.8252,20.2873,2641
"2026-09-09 18:00:00","2026-09-10 09:00:00","CAPE","surface",-73.8013,20.2873,2580
"2026-09-09 18:00:00","2026-09-10 09:00:00","CAPE","surface",-73.7774,20.2873,2431
"2026-09-09 18:00:00","2026-09-10 09:00:00","CAPE","surface",-73.7535,20.2873,2431
"2026-09-09 18:00:00","2026-09-10 09:00:00","CAPE","surface",-73.7295,20.2873,2320
"2026-09-09 18:00:00","2026-09-10 09:00:00","CAPE","surface",-73.7056,20.2873,2308
"2026-09-09 18:00:00","2026-09-10 09:00:00","CAPE","surface",-73.6817,20.2873,2265
"2026-09-09 18:00:00","2026-09-10 09:00:00","CAPE","surface",-73.6578,20.2873,2382
"2026-09-09 18:00:00","2026-09-10 09:00:00","CAPE","surface",-73.6338,20.2873,2373
"2026-09-09 18:00:00","2026-09-10 09:00:00","CAPE","surface",-73.6099,20.2873,2524
"2026-09-09 18:00:00","2026-09-10 09:00:00","CAPE","surface",-73.586,20.2873,2478
"2026-09-09 18:00:00","2026-09-10 09:00:00","CAPE","surface",-73.5621,20.2873,2465
"2026-09-09 18:00:00","2026-09-10 09:00:00","CAPE","surface",-73.5381,20.2873,2385
"2026-09-09 18:00:00","2026-09-10 09:00:00","CAPE","surface",-73.5142,20.2873,2456
"2026-09-09 18:00:00","2026-09-10 09:00:00","CAPE","surface",-73.4903,20.2873,2456
"2026-09-09 18:00:00","2026-09-10 09:00:00","CAPE","surface",-73.4664,20.2873,2469
"2026-09-09 18:00:00","2026-09-10 09:00:00","CAPE","surface",-73.4424,20.2873,2426
"2026-09-09 18:00:00","2026-09-10 09:00:00","CAPE","surface",-73.4185,20.2873,2431
"2026-09-09 18:00:00","2026-09-10 09:00:00","CAPE","surface",-73.3946,20.2873,2423
"2026-09-09 18:00:00","2026-09-10 09:00:00","CAPE","surface",-73.3707,20.2873,2461
"2026-09-09 18:00:00","2026-09-10 09:00:00","CAPE","surface",-73.3467,20.2873,2465
"2026-09-09 18:00:00","2026-09-10 09:00:00","CAPE","surface",-73.3228,20.2873,2505
"2026-09-09 18:00:00","2026-09-10 09:00:00","CAPE","surface",-73.2989,20.2873,2487
"2026-09-09 18:00:00","2026-09-10 09:00:00","CAPE","surface",-73.275,20.2873,2534
"2026-09-09 18:00:00","2026-09-10 09:00:00","CAPE","surface",-73.251,20.2873,2534
"2026-09-09 18:00:00","2026-09-10 09:00:00","CAPE","surface",-73.2271,20.2873,2576
"2026-09-09 18:00:00","2026-09-10 09:00:00","CAPE","surface",-73.2032,20.2873,2569
"2026-09-09 18:00:00","2026-09-10 09:00:00","CAPE","surface",-73.1793,20.2873,2598
"2026-09-09 18:00:00","2026-09-10 09:00:00","CAPE","surface",-73.1553,20.2873,2576
"2026-09-09 18:00:00","2026-09-10 09:00:00","CAPE","surface",-73.1314,20.2873,2647
"2026-09-09 18:00:00","2026-09-10 09:00:00","CAPE","surface",-73.1075,20.2873,2615
"2026-09-09 18:00:00","2026-09-10 09:00:00","CAPE","surface",-73.0836,20.2873,2706
"2026-09-09 18:00:00","2026-09-10 09:00:00","CAPE","surface",-73.0596,20.2873,2652
"2026-09-09 18:00:00","2026-09-10 09:00:00","CAPE","surface",-73.0357,20.2873,2749
"2026-09-09 18:00:00","2026-09-10 09:00:00","CAPE","surface",-73.0118,20.2873,2749
"2026-09-09 18:00:00","2026-09-10 09:00:00","CAPE","surface",-72.9879,20.2873,2837
"2026-09-09 18:00:00","2026-09-10 09:00:00","CAPE","surface",-72.9639,20.2873,2786
"2026-09-09 18:00:00","2026-09-10 09:00:00","CAPE","surface",-72.94,20.2873,2814
"2026-09-09 18:00:00","2026-09-10 09:00:00","CAPE","surface",-72.9161,20.2873,2787
"2026-09-09 18:00:00","2026-09-10 09:00:00","CAPE","surface",-72.8922,20.2873,2811
"2026-09-09 18:00:00","2026-09-10 09:00:00","CAPE","surface",-72.8682,20.2873,2800
"2026-09-09 18:00:00","2026-09-10 09:00:00","CAPE","surface",-72.8443,20.2873,2768
"2026-09-09 18:00:00","2026-09-10 09:00:00","CAPE","surface",-72.8204,20.2873,2785
"2026-09-09 18:00:00","2026-09-10 09:00:00","CAPE","surface",-72.7965,20.2873,2758
"2026-09-09 18:00:00","2026-09-10 09:00:00","CAPE","surface",-72.7725,20.2873,2758
"2026-09-09 18:00:00","2026-09-10 09:00:00","CAPE","surface",-72.7486,20.2873,2721
"2026-09-09 18:00:00","2026-09-10 09:00:00","CAPE","surface",-72.7247,20.2873,2742
"2026-09-09 18:00:00","2026-09-10 09:00:00","CAPE","surface",-72.7008,20.2873,2706
"2026-09-09 18:00:00","2026-09-10 09:00:00","CAPE","surface",-72.6768,20.2873,2584
"2026-09-09 18:00:00","2026-09-10 09:00:00","CAPE","surface",-72.6529,20.2873,2584
"2026-09-09 18:00:00","2026-09-10 09:00:00","CAPE","surface",-72.629,20.2873,2518
"2026-09-09 18:00:00","2026-09-10 09:00:00","CAPE","surface",-72.6051,20.2873,2542
"2026-09-09 18:00:00","2026-09-10 09:00:00","CAPE","surface",-72.5811,20.2873,2473
"2026-09-09 18:00:00","2026-09-10 09:00:00","CAPE","surface",-72.5572,20.2873,2466
"2026-09-09 18:00:00","2026-09-10 09:00:00","CAPE","surface",-72.5333,20.2873,2427
"2026-09-09 18:00:00","2026-09-10 09:00:00","CAPE","surface",-72.5094,20.2873,2411
"2026-09-09 18:00:00","2026-09-10 09:00:00","CAPE","surface",-72.4854,20.2873,2361
"2026-09-09 18:00:00","2026-09-10 09:00:00","CAPE","surface",-72.4615,20.2873,2339
"2026-09-09 18:00:00","2026-09-10 09:00:00","CAPE","surface",-72.4376,20.2873,2327
"2026-09-09 18:00:00","2026-09-10 09:00:00","CAPE","surface",-72.4137,20.2873,2327
"2026-09-09 18:00:00","2026-09-10 09:00:00","CAPE","surface",-72.3897,20.2873,2394
"2026-09-09 18:00:00","2026-09-10 09:00:00","CAPE","surface",-72.3658,20.2873,2431
"2026-09-09 18:00:00","2026-09-10 09:00:00","CAPE","surface",-72.3419,20.2873,2581
"2026-09-09 18:00:00","2026-09-10 09:00:00","CAPE","surface",-72.318,20.2873,2581
"2026-09-09 18:00:00","2026-09-10 09:00:00","CAPE","surface",-72.294,20.2873,2658
"2026-09-09 18:00:00","2026-09-10 09:00:00","CAPE","surface",-72.2701,20.2873,2682
"2026-09-09 18:00:00","2026-09-10 09:00:00","CAPE","surface",-72.2462,20.2873,2720
"2026-09-09 18:00:00","2026-09-10 09:00:00","CAPE","surface",-72.2223,20.2873,2725
"2026-09-09 18:00:00","2026-09-10 09:00:00","CAPE","surface",-72.1983,20.2873,2646
"2026-09-09 18:00:00","2026-09-10 09:00:00","CAPE","surface",-72.1744,20.2873,2667
"2026-09-09 18:00:00","2026-09-10 09:00:00","CAPE","surface",-72.1505,20.2873,2671
"2026-09-09 18:00:00","2026-09-10 09:00:00","CAPE","surface",-72.1266,20.2873,2844
"2026-09-09 18:00:00","2026-09-10 09:00:00","CAPE","surface",-72.1026,20.2873,2987
"2026-09-09 18:00:00","2026-09-10 09:00:00","CAPE","surface",-72.0787,20.2873,2987
"2026-09-09 18:00:00","2026-09-10 09:00:00","CAPE","surface",-72.0548,20.2873,3076
"2026-09-09 18:00:00","2026-09-10 09:00:00","CAPE","surface",-72.0309,20.2873,3024
"2026-09-09 18:00:00","2026-09-10 09:00:00","CAPE","surface",-72.0069,20.2873,3108
"2026-09-09 18:00:00","2026-09-10 09:00:00","CAPE","surface",-71.983,20.2873,3141
"2026-09-09 18:00:00","2026-09-10 09:00:00","CAPE","surface",-71.9591,20.2873,3141
"2026-09-09 18:00:00","2026-09-10 09:00:00","CAPE","surface",-71.9352,20.2873,3180
"2026-09-09 18:00:00","2026-09-10 09:00:00","CAPE","surface",-71.9112,20.2873,3186
"2026-09-09 18:00:00","2026-09-10 09:00:00","CAPE","surface",-71.8873,20.2873,3186
"2026-09-09 18:00:00","2026-09-10 09:00:00","CAPE","surface",-71.8634,20.2873,3047
"2026-09-09 18:00:00","2026-09-10 09:00:00","CAPE","surface",-71.8395,20.2873,3222
"2026-09-09 18:00:00","2026-09-10 09:00:00","CAPE","surface",-71.8155,20.2873,3129
"2026-09-09 18:00:00","2026-09-10 09:00:00","CAPE","surface",-71.7916,20.2873,3193
"2026-09-09 18:00:00","2026-09-10 09:00:00","CAPE","surface",-71.7677,20.2873,3140
"2026-09-09 18:00:00","2026-09-10 09:00:00","CAPE","surface",-71.7438,20.2873,3187
"2026-09-09 18:00:00","2026-09-10 09:00:00","CAPE","surface",-71.7198,20.2873,3185
"2026-09-09 18:00:00","2026-09-10 09:00:00","CAPE","surface",-71.6959,20.2873,3050
"2026-09-09 18:00:00","2026-09-10 09:00:00","CAPE","surface",-71.672,20.2873,3054
"2026-09-09 18:00:00","2026-09-10 09:00:00","CAPE","surface",-71.6481,20.2873,2736
"2026-09-09 18:00:00","2026-09-10 09:00:00","CAPE","surface",-71.6241,20.2873,2736
"2026-09-09 18:00:00","2026-09-10 09:00:00","CAPE","surface",-71.6002,20.2873,2514
"2026-09-09 18:00:00","2026-09-10 09:00:00","CAPE","surface",-71.5763,20.2873,2685
"2026-09-09 18:00:00","2026-09-10 09:00:00","CAPE","surface",-71.5524,20.2873,2383
"2026-09-09 18:00:00","2026-09-10 09:00:00","CAPE","surface",-71.5284,20.2873,2268
"2026-09-09 18:00:00","2026-09-10 09:00:00","CAPE","surface",-71.5045,20.2873,2268
"2026-09-09 18:00:00","2026-09-10 09:00:00","CAPE","surface",-71.4806,20.2873,2271
"2026-09-09 18:00:00","2026-09-10 09:00:00","CAPE","surface",-71.4567,20.2873,2289
"2026-09-09 18:00:00","2026-09-10 09:00:00","CAPE","surface",-71.4327,20.2873,2281
"2026-09-09 18:00:00","2026-09-10 09:00:00","CAPE","surface",-71.4088,20.2873,2281
"2026-09-09 18:00:00","2026-09-10 09:00:00","CAPE","surface",-71.3849,20.2873,2290
"2026-09-09 18:00:00","2026-09-10 09:00:00","CAPE","surface",-71.361,20.2873,2292
"2026-09-09 18:00:00","2026-09-10 09:00:00","CAPE","surface",-71.337,20.2873,2399
"2026-09-09 18:00:00","2026-09-10 09:00:00","CAPE","surface",-71.3131,20.2873,2411
"2026-09-09 18:00:00","2026-09-10 09:00:00","CAPE","surface",-71.2892,20.2873,2553
"2026-09-09 18:00:00","2026-09-10 09:00:00","CAPE","surface",-71.2653,20.2873,2502
"2026-09-09 18:00:00","2026-09-10 09:00:00","CAPE","surface",-71.2413,20.2873,2655
"2026-09-09 18:00:00","2026-09-10 09:00:00","CAPE","surface",-71.2174,20.2873,2638
"2026-09-09 18:00:00","2026-09-10 09:00:00","CAPE","surface",-71.1935,20.2873,2803
"2026-09-09 18:00:00","2026-09-10 09:00:00","CAPE","surface",-71.1696,20.2873,2803
"2026-09-09 18:00:00","2026-09-10 09:00:00","CAPE","surface",-71.1456,20.2873,2827
"2026-09-09 18:00:00","2026-09-10 09:00:00","CAPE","surface",-71.1217,20.2873,2734
"2026-09-09 18:00:00","2026-09-10 09:00:00","CAPE","surface",-71.0978,20.2873,2555
"2026-09-09 18:00:00","2026-09-10 09:00:00","CAPE","surface",-71.0739,20.2873,2530
"2026-09-09 18:00:00","2026-09-10 09:00:00","CAPE","surface",-71.0499,20.2873,2496
"2026-09-09 18:00:00","2026-09-10 09:00:00","CAPE","surface",-71.026,20.2873,2600
"2026-09-09 18:00:00","2026-09-10 09:00:00","CAPE","surface",-71.0021,20.2873,2573
"2026-09-09 18:00:00","2026-09-10 09:00:00","CAPE","surface",-70.9782,20.2873,2623
"2026-09-09 18:00:00","2026-09-10 09:00:00","CAPE","surface",-70.9542,20.2873,2623
"2026-09-09 18:00:00","2026-09-10 09:00:00","CAPE","surface",-70.9303,20.2873,2609
"2026-09-09 18:00:00","2026-09-10 09:00:00","CAPE","surface",-70.9064,20.2873,2629
"2026-09-09 18:00:00","2026-09-10 09:00:00","CAPE","surface",-70.8825,20.2873,2816
"2026-09-09 18:00:00","2026-09-10 09:00:00","CAPE","surface",-70.8585,20.2873,2816
"2026-09-09 18:00:00","2026-09-10 09:00:00","CAPE","surface",-70.8346,20.2873,2983
"2026-09-09 18:00:00","2026-09-10 09:00:00","CAPE","surface",-70.8107,20.2873,2928
"2026-09-09 18:00:00","2026-09-10 09:00:00","CAPE","surface",-70.7868,20.2873,2823
"2026-09-09 18:00:00","2026-09-10 09:00:00","CAPE","surface",-70.7628,20.2873,2696
"2026-09-09 18:00:00","2026-09-10 09:00:00","CAPE","surface",-70.7389,20.2873,2589
"2026-09-09 18:00:00","2026-09-10 09:00:00","CAPE","surface",-70.715,20.2873,2514
"2026-09-09 18:00:00","2026-09-10 09:00:00","CAPE","surface",-70.6911,20.2873,2543
"2026-09-09 18:00:00","2026-09-10 09:00:00","CAPE","surface",-70.6671,20.2873,2715
"2026-09-09 18:00:00","2026-09-10 09:00:00","CAPE","surface",-70.6432,20.2873,2715
"2026-09-09 18:00:00","2026-09-10 09:00:00","CAPE","surface",-70.6193,20.2873,2732
"2026-09-09 18:00:00","2026-09-10 09:00:00","CAPE","surface",-70.5954,20.2873,2717
"2026-09-09 18:00:00","2026-09-10 09:00:00","CAPE","surface",-70.5714,20.2873,2778
"2026-09-09 18:00:00","2026-09-10 09:00:00","CAPE","surface",-70.5475,20.2873,2876
"2026-09-09 18:00:00","2026-09-10 09:00:00","CAPE","surface",-70.5236,20.2873,2842
"2026-09-09 18:00:00","2026-09-10 09:00:00","CAPE","surface",-70.4997,20.2873,2876
"2026-09-09 18:00:00","2026-09-10 09:00:00","CAPE","surface",-70.4757,20.2873,2685
"2026-09-09 18:00:00","2026-09-10 09:00:00","CAPE","surface",-70.4518,20.2873,2756
"2026-09-09 18:00:00","2026-09-10 09:00:00","CAPE","surface",-70.4279,20.2873,2732
"2026-09-09 18:00:00","2026-09-10 09:00:00","CAPE","surface",-70.404,20.2873,2859
"2026-09-09 18:00:00","2026-09-10 09:00:00","CAPE","surface",-70.38,20.2873,2865
"2026-09-09 18:00:00","2026-09-10 09:00:00","CAPE","surface",-70.3561,20.2873,2851
"2026-09-09 18:00:00","2026-09-10 09:00:00","CAPE","surface",-70.3322,20.2873,2644
"2026-09-09 18:00:00","2026-09-10 09:00:00","CAPE","surface",-70.3083,20.2873,2632
"2026-09-09 18:00:00","2026-09-10 09:00:00","CAPE","surface",-70.2843,20.2873,2692
"2026-09-09 18:00:00","2026-09-10 09:00:00","CAPE","surface",-70.2604,20.2873,2875
"2026-09-09 18:00:00","2026-09-10 09:00:00","CAPE","surface",-70.2365,20.2873,2872
"2026-09-09 18:00:00","2026-09-10 09:00:00","CAPE","surface",-70.2126,20.2873,2962
"2026-09-09 18:00:00","2026-09-10 09:00:00","CAPE","surface",-70.1886,20.2873,2897
"2026-09-09 18:00:00","2026-09-10 09:00:00","CAPE","surface",-70.1647,20.2873,2930
"2026-09-09 18:00:00","2026-09-10 09:00:00","CAPE","surface",-70.1408,20.2873,2786
"2026-09-09 18:00:00","2026-09-10 09:00:00","CAPE","surface",-70.1169,20.2873,3043
"2026-09-09 18:00:00","2026-09-10 09:00:00","CAPE","surface",-70.0929,20.2873,2890
"2026-09-09 18:00:00","2026-09-10 09:00:00","CAPE","surface",-70.069,20.2873,3128
"2026-09-09 18:00:00","2026-09-10 09:00:00","CAPE","surface",-70.0451,20.2873,3147
"2026-09-09 18:00:00","2026-09-10 09:00:00","CAPE","surface",-70.0212,20.2873,3256
"2026-09-09 18:00:00","2026-09-10 09:00:00","CAPE","surface",-69.9972,20.2873,3064
"2026-09-09 18:00:00","2026-09-10 09:00:00","CAPE","surface",-69.9733,20.2873,2993
"2026-09-09 18:00:00","2026-09-10 09:00:00","CAPE","surface",-69.9494,20.2873,1746
"2026-09-09 18:00:00","2026-09-10 09:00:00","CAPE","surface",-69.9255,20.2873,715
"2026-09-09 18:00:00","2026-09-10 09:00:00","CAPE","surface",-69.9015,20.2873,480
"2026-09-09 18:00:00","2026-09-10 09:00:00","CAPE","surface",-69.8776,20.2873,359
"2026-09-09 18:00:00","2026-09-10 09:00:00","CAPE","surface",-69.8537,20.2873,431
"2026-09-09 18:00:00","2026-09-10 09:00:00","CAPE","surface",-69.8298,20.2873,319
"2026-09-09 18:00:00","2026-09-10 09:00:00","CAPE","surface",-69.8058,20.2873,6
"2026-09-09 18:00:00","2026-09-10 09:00:00","CAPE","surface",-69.7819,20.2873,6
"2026-09-09 18:00:00","2026-09-10 09:00:00","CAPE","surface",-69.758,20.2873,0
"2026-09-09 18:00:00","2026-09-10 09:00:00","CAPE","surface",-69.7341,20.2873,0
"2026-09-09 18:00:00","2026-09-10 09:00:00","CAPE","surface",-69.7101,20.2873,0
"2026-09-09 18:00:00","2026-09-10 09:00:00","CAPE","surface",-69.6862,20.2873,0
"2026-09-09 18:00:00","2026-09-10 09:00:00","CAPE","surface",-69.6623,20.2873,0
"2026-09-09 18:00:00","2026-09-10 09:00:00","CAPE","surface",-69.6384,20.2873,0
"2026-09-09 18:00:00","2026-09-10 09:00:00","CAPE","surface",-69.6144,20.2873,0
"2026-09-09 18:00:00","2026-09-10 09:00:00","CAPE","surface",-69.5905,20.2873,0
"2026-09-09 18:00:00","2026-09-10 09:00:00","CAPE","surface",-69.5666,20.2873,0
"2026-09-09 18:00:00","2026-09-10 09:00:00","CAPE","surface",-69.5427,20.2873,57
"2026-09-09 18:00:00","2026-09-10 09:00:00","CAPE","surface",-69.5187,20.2873,142
"2026-09-09 18:00:00","2026-09-10 09:00:00","CAPE","surface",-69.4948,20.2873,709
"2026-09-09 18:00:00","2026-09-10 09:00:00","CAPE","surface",-69.4709,20.2873,704
"2026-09-09 18:00:00","2026-09-10 09:00:00","CAPE","surface",-69.447,20.2873,2495
"2026-09-09 18:00:00","2026-09-10 09:00:00","CAPE","surface",-69.423,20.2873,2892
"2026-09-09 18:00:00","2026-09-10 09:00:00","CAPE","surface",-69.3991,20.2873,2773
"2026-09-09 18:00:00","2026-09-10 09:00:00","CAPE","surface",-69.3752,20.2873,2814
"2026-09-09 18:00:00","2026-09-10 09:00:00","CAPE","surface",-69.3513,20.2873,2720
"2026-09-09 18:00:00","2026-09-10 09:00:00","CAPE","surface",-69.3273,20.2873,2879
"2026-09-09 18:00:00","2026-09-10 09:00:00","CAPE","surface",-69.3034,20.2873,2613
"2026-09-09 18:00:00","2026-09-10 09:00:00","CAPE","surface",-69.2795,20.2873,3035
"2026-09-09 18:00:00","2026-09-10 09:00:00","CAPE","surface",-69.2556,20.2873,3014
"2026-09-09 18:00:00","2026-09-10 09:00:00","CAPE","surface",-69.2316,20.2873,3372
"2026-09-09 18:00:00","2026-09-10 09:00:00","CAPE","surface",-69.2077,20.2873,3532
"2026-09-09 18:00:00","2026-09-10 09:00:00","CAPE","surface",-69.1838,20.2873,3541
"2026-09-09 18:00:00","2026-09-10 09:00:00","CAPE","surface",-69.1599,20.2873,3558
"2026-09-09 18:00:00","2026-09-10 09:00:00","CAPE","surface",-69.1359,20.2873,3752
"2026-09-09 18:00:00","2026-09-10 09:00:00","CAPE","surface",-69.112,20.2873,3604
"2026-09-09 18:00:00","2026-09-10 09:00:00","CAPE","surface",-69.0881,20.2873,3604
"2026-09-09 18:00:00","2026-09-10 09:00:00","CAPE","surface",-69.0642,20.2873,3144
"2026-09-09 18:00:00","2026-09-10 09:00:00","CAPE","surface",-69.0402,20.2873,2974
"2026-09-09 18:00:00","2026-09-10 09:00:00","CAPE","surface",-69.0163,20.2873,2710
"2026-09-09 18:00:00","2026-09-10 09:00:00","CAPE","surface",-68.9924,20.2873,2662
"2026-09-09 18:00:00","2026-09-10 09:00:00","CAPE","surface",-68.9685,20.2873,2683
"2026-09-09 18:00:00","2026-09-10 09:00:00","CAPE","surface",-68.9445,20.2873,2688
"2026-09-09 18:00:00","2026-09-10 09:00:00","CAPE","surface",-68.9206,20.2873,2764
"2026-09-09 18:00:00","2026-09-10 09:00:00","CAPE","surface",-68.8967,20.2873,2816
"2026-09-09 18:00:00","2026-09-10 09:00:00","CAPE","surface",-68.8728,20.2873,2816
"2026-09-09 18:00:00","2026-09-10 09:00:00","CAPE","surface",-68.8488,20.2873,2864
"2026-09-09 18:00:00","2026-09-10 09:00:00","CAPE","surface",-68.8249,20.2873,2879
"2026-09-09 18:00:00","2026-09-10 09:00:00","CAPE","surface",-68.801,20.2873,2836
"2026-09-09 18:00:00","2026-09-10 09:00:00","CAPE","surface",-68.7771,20.2873,2836
"2026-09-09 18:00:00","2026-09-10 09:00:00","CAPE","surface",-68.7531,20.2873,2776
"2026-09-09 18:00:00","2026-09-10 09:00:00","CAPE","surface",-68.7292,20.2873,2778
"2026-09-09 18:00:00","2026-09-10 09:00:00","CAPE","surface",-68.7053,20.2873,2776
"2026-09-09 18:00:00","2026-09-10 09:00:00","CAPE","surface",-68.6813,20.2873,2776
"2026-09-09 18:00:00","2026-09-10 09:00:00","CAPE","surface",-68.6574,20.2873,2907
"2026-09-09 18:00:00","2026-09-10 09:00:00","CAPE","surface",-68.6335,20.2873,2996
"2026-09-09 18:00:00","2026-09-10 09:00:00","CAPE","surface",-68.6096,20.2873,3009
"2026-09-09 18:00:00","2026-09-10 09:00:00","CAPE","surface",-68.5856,20.2873,2997
"2026-09-09 18:00:00","2026-09-10 09:00:00","CAPE","surface",-68.5617,20.2873,3056
"2026-09-09 18:00:00","2026-09-10 09:00:00","CAPE","surface",-68.5378,20.2873,3181
"2026-09-09 18:00:00","2026-09-10 09:00:00","CAPE","surface",-68.5139,20.2873,3207
"2026-09-09 18:00:00","2026-09-10 09:00:00","CAPE","surface",-68.4899,20.2873,3323
"2026-09-09 18:00:00","2026-09-10 09:00:00","CAPE","surface",-68.466,20.2873,3319
"2026-09-09 18:00:00","2026-09-10 09:00:00","CAPE","surface",-68.4421,20.2873,3273
"2026-09-09 18:00:00","2026-09-10 09:00:00","CAPE","surface",-68.4182,20.2873,3134
"2026-09-09 18:00:00","2026-09-10 09:00:00","CAPE","surface",-68.3942,20.2873,3146
"2026-09-09 18:00:00","2026-09-10 09:00:00","CAPE","surface",-68.3703,20.2873,3094
"2026-09-09 18:00:00","2026-09-10 09:00:00","CAPE","surface",-68.3464,20.2873,3233
"2026-09-09 18:00:00","2026-09-10 09:00:00","CAPE","surface",-68.3225,20.2873,3428
"2026-09-09 18:00:00","2026-09-10 09:00:00","CAPE","surface",-68.2985,20.2873,3481
"2026-09-09 18:00:00","2026-09-10 09:00:00","CAPE","surface",-68.2746,20.2873,3384
"2026-09-09 18:00:00","2026-09-10 09:00:00","CAPE","surface",-68.2507,20.2873,3362
"2026-09-09 18:00:00","2026-09-10 09:00:00","CAPE","surface",-68.2268,20.2873,3257
"2026-09-09 18:00:00","2026-09-10 09:00:00","CAPE","surface",-68.2028,20.2873,3211
"2026-09-09 18:00:00","2026-09-10 09:00:00","CAPE","surface",-68.1789,20.2873,3332
"2026-09-09 18:00:00","2026-09-10 09:00:00","CAPE","surface",-68.155,20.2873,3469
"2026-09-09 18:00:00","2026-09-10 09:00:00","CAPE","surface",-68.1311,20.2873,3418
"2026-09-09 18:00:00","2026-09-10 09:00:00","CAPE","surface",-68.1071,20.2873,3304
"2026-09-09 18:00:00","2026-09-10 09:00:00","CAPE","surface",-68.0832,20.2873,3304
"2026-09-09 18:00:00","2026-09-10 09:00:00","CAPE","surface",-68.0593,20.2873,3071
"2026-09-09 18:00:00","2026-09-10 09:00:00","CAPE","surface",-68.0354,20.2873,3133
"2026-09-09 18:00:00","2026-09-10 09:00:00","CAPE","surface",-68.0114,20.2873,3218
"2026-09-09 18:00:00","2026-09-10 09:00:00","CAPE","surface",-67.9875,20.2873,3218
"2026-09-09 18:00:00","2026-09-10 09:00:00","CAPE","surface",-67.9636,20.2873,3261
"2026-09-09 18:00:00","2026-09-10 09:00:00","CAPE","surface",-67.9397,20.2873,3258
"2026-09-09 18:00:00","2026-09-10 09:00:00","CAPE","surface",-67.9157,20.2873,3158
"2026-09-09 18:00:00","2026-09-10 09:00:00","CAPE","surface",-67.8918,20.2873,3317
"2026-09-09 18:00:00","2026-09-10 09:00:00","CAPE","surface",-67.8679,20.2873,3300
"2026-09-09 18:00:00","2026-09-10 09:00:00","CAPE","surface",-67.844,20.2873,3367
"2026-09-09 18:00:00","2026-09-10 09:00:00","CAPE","surface",-67.82,20.2873,3356
"2026-09-09 18:00:00","2026-09-10 09:00:00","CAPE","surface",-67.7961,20.2873,3206
"2026-09-09 18:00:00","2026-09-10 09:00:00","CAPE","surface",-67.7722,20.2873,3187
"2026-09-09 18:00:00","2026-09-10 09:00:00","CAPE","surface",-67.7483,20.2873,3071
"2026-09-09 18:00:00","2026-09-10 09:00:00","CAPE","surface",-67.7243,20.2873,2979
"2026-09-09 18:00:00","2026-09-10 09:00:00","CAPE","surface",-67.7004,20.2873,2979
"2026-09-09 18:00:00","2026-09-10 09:00:00","CAPE","surface",-67.6765,20.2873,2906
"2026-09-09 18:00:00","2026-09-10 09:00:00","CAPE","surface",-67.6526,20.2873,2946
"2026-09-09 18:00:00","2026-09-10 09:00:00","CAPE","surface",-67.6286,20.2873,2910
"2026-09-09 18:00:00","2026-09-10 09:00:00","CAPE","surface",-67.6047,20.2873,2910
"2026-09-09 18:00:00","2026-09-10 09:00:00","CAPE","surface",-67.5808,20.2873,2844
"2026-09-09 18:00:00","2026-09-10 09:00:00","CAPE","surface",-67.5569,20.2873,2879
"2026-09-09 18:00:00","2026-09-10 09:00:00","CAPE","surface",-67.5329,20.2873,2885
"2026-09-09 18:00:00","2026-09-10 09:00:00","CAPE","surface",-67.509,20.2873,2838
"2026-09-09 18:00:00","2026-09-10 09:00:00","CAPE","surface",-67.4851,20.2873,2939
"2026-09-09 18:00:00","2026-09-10 09:00:00","CAPE","surface",-67.4612,20.2873,3018
"2026-09-09 18:00:00","2026-09-10 09:00:00","CAPE","surface",-67.4372,20.2873,3160
"2026-09-09 18:00:00","2026-09-10 09:00:00","CAPE","surface",-67.4133,20.2873,3001
"2026-09-09 18:00:00","2026-09-10 09:00:00","CAPE","surface",-67.3894,20.2873,3105
"2026-09-09 18:00:00","2026-09-10 09:00:00","CAPE","surface",-67.3655,20.2873,3041
"2026-09-09 18:00:00","2026-09-10 09:00:00","CAPE","surface",-67.3415,20.2873,3015
"2026-09-09 18:00:00","2026-09-10 09:00:00","CAPE","surface",-67.3176,20.2873,3062
"2026-09-09 18:00:00","2026-09-10 09:00:00","CAPE","surface",-67.2937,20.2873,3118
"2026-09-09 18:00:00","2026-09-10 09:00:00","CAPE","surface",-67.2698,20.2873,3123
"2026-09-09 18:00:00","2026-09-10 09:00:00","CAPE","surface",-67.2458,20.2873,3229
"2026-09-09 18:00:00","2026-09-10 09:00:00","CAPE","surface",-67.2219,20.2873,3229
"2026-09-09 18:00:00","2026-09-10 09:00:00","CAPE","surface",-67.198,20.2873,3359
"2026-09-09 18:00:00","2026-09-10 09:00:00","CAPE","surface",-67.1741,20.2873,3412
"2026-09-09 18:00:00","2026-09-10 09:00:00","CAPE","surface",-67.1501,20.2873,3578
"2026-09-09 18:00:00","2026-09-10 09:00:00","CAPE","surface",-67.1262,20.2873,3578
"2026-09-09 18:00:00","2026-09-10 09:00:00","CAPE","surface",-67.1023,20.2873,3393
"2026-09-09 18:00:00","2026-09-10 09:00:00","CAPE","surface",-67.0784,20.2873,3074
"2026-09-09 18:00:00","2026-09-10 09:00:00","CAPE","surface",-67.0544,20.2873,3074
"2026-09-09 18:00:00","2026-09-10 09:00:00","CAPE","surface",-67.0305,20.2873,2996
"2026-09-09 18:00:00","2026-09-10 09:00:00","CAPE","surface",-67.0066,20.2873,3136
"2026-09-09 18:00:00","2026-09-10 09:00:00","CAPE","surface",-74.7822,20.3097,1941
"2026-09-09 18:00:00","2026-09-10 09:00:00","CAPE","surface",-74.7583,20.3097,1903
"2026-09-09 18:00:00","2026-09-10 09:00:00","CAPE","surface",-74.7344,20.3097,2010
"2026-09-09 18:00:00","2026-09-10 09:00:00","CAPE","surface",-74.7105,20.3097,2010
"2026-09-09 18:00:00","2026-09-10 09:00:00","CAPE","surface",-74.6865,20.3097,2101
"2026-09-09 18:00:00","2026-09-10 09:00:00","CAPE","surface",-74.6626,20.3097,2101
"2026-09-09 18:00:00","2026-09-10 09:00:00","CAPE","surface",-74.6387,20.3097,2166
"2026-09-09 18:00:00","2026-09-10 09:00:00","CAPE","surface",-74.6148,20.3097,2153
"2026-09-09 18:00:00","2026-09-10 09:00:00","CAPE","surface",-74.5908,20.3097,2215
"2026-09-09 18:00:00","2026-09-10 09:00:00","CAPE","surface",-74.5669,20.3097,2215
"2026-09-09 18:00:00","2026-09-10 09:00:00","CAPE","surface",-74.543,20.3097,2262
"2026-09-09 18:00:00","2026-09-10 09:00:00","CAPE","surface",-74.5191,20.3097,2249
"2026-09-09 18:00:00","2026-09-10 09:00:00","CAPE","surface",-74.4951,20.3097,2328
"2026-09-09 18:00:00","2026-09-10 09:00:00","CAPE","surface",-74.4712,20.3097,2313
"2026-09-09 18:00:00","2026-09-10 09:00:00","CAPE","surface",-74.4473,20.3097,2447
"2026-09-09 18:00:00","2026-09-10 09:00:00","CAPE","surface",-74.4234,20.3097,2442
"2026-09-09 18:00:00","2026-09-10 09:00:00","CAPE","surface",-74.3994,20.3097,2676
"2026-09-09 18:00:00","2026-09-10 09:00:00","CAPE","surface",-74.3755,20.3097,2607
"2026-09-09 18:00:00","2026-09-10 09:00:00","CAPE","surface",-74.3516,20.3097,2759
"2026-09-09 18:00:00","2026-09-10 09:00:00","CAPE","surface",-74.3277,20.3097,2707
"2026-09-09 18:00:00","2026-09-10 09:00:00","CAPE","surface",-74.3037,20.3097,2832
"2026-09-09 18:00:00","2026-09-10 09:00:00","CAPE","surface",-74.2798,20.3097,2741
"2026-09-09 18:00:00","2026-09-10 09:00:00","CAPE","surface",-74.2559,20.3097,2756
"2026-09-09 18:00:00","2026-09-10 09:00:00","CAPE","surface",-74.232,20.3097,2619
"2026-09-09 18:00:00","2026-09-10 09:00:00","CAPE","surface",-74.208,20.3097,2920
"2026-09-09 18:00:00","2026-09-10 09:00:00","CAPE","surface",-74.1841,20.3097,2920
"2026-09-09 18:00:00","2026-09-10 09:00:00","CAPE","surface",-74.1602,20.3097,2909
"2026-09-09 18:00:00","2026-09-10 09:00:00","CAPE","surface",-74.1363,20.3097,2879
"2026-09-09 18:00:00","2026-09-10 09:00:00","CAPE","surface",-74.1123,20.3097,2884
"2026-09-09 18:00:00","2026-09-10 09:00:00","CAPE","surface",-74.0884,20.3097,2855
"2026-09-09 18:00:00","2026-09-10 09:00:00","CAPE","surface",-74.0645,20.3097,2906
"2026-09-09 18:00:00","2026-09-10 09:00:00","CAPE","surface",-74.0406,20.3097,2866
"2026-09-09 18:00:00","2026-09-10 09:00:00","CAPE","surface",-74.0166,20.3097,2878
"2026-09-09 18:00:00","2026-09-10 09:00:00","CAPE","surface",-73.9927,20.3097,2834
"2026-09-09 18:00:00","2026-09-10 09:00:00","CAPE","surface",-73.9688,20.3097,2832
"2026-09-09 18:00:00","2026-09-10 09:00:00","CAPE","surface",-73.9449,20.3097,2832
"2026-09-09 18:00:00","2026-09-10 09:00:00","CAPE","surface",-73.9209,20.3097,2870
"2026-09-09 18:00:00","2026-09-10 09:00:00","CAPE","surface",-73.897,20.3097,2805
"2026-09-09 18:00:00","2026-09-10 09:00:00","CAPE","surface",-73.8731,20.3097,2772
"2026-09-09 18:00:00","2026-09-10 09:00:00","CAPE","surface",-73.8492,20.3097,2705
"2026-09-09 18:00:00","2026-09-10 09:00:00","CAPE","surface",-73.8252,20.3097,2645
"2026-09-09 18:00:00","2026-09-10 09:00:00","CAPE","surface",-73.8013,20.3097,2645
"2026-09-09 18:00:00","2026-09-10 09:00:00","CAPE","surface",-73.7774,20.3097,2574
"2026-09-09 18:00:00","2026-09-10 09:00:00","CAPE","surface",-73.7535,20.3097,2429
"2026-09-09 18:00:00","2026-09-10 09:00:00","CAPE","surface",-73.7295,20.3097,2405
"2026-09-09 18:00:00","2026-09-10 09:00:00","CAPE","surface",-73.7056,20.3097,2308
"2026-09-09 18:00:00","2026-09-10 09:00:00","CAPE","surface",-73.6817,20.3097,2447
"2026-09-09 18:00:00","2026-09-10 09:00:00","CAPE","surface",-73.6578,20.3097,2399
"2026-09-09 18:00:00","2026-09-10 09:00:00","CAPE","surface",-73.6338,20.3097,2556
"2026-09-09 18:00:00","2026-09-10 09:00:00","CAPE","surface",-73.6099,20.3097,2524
"2026-09-09 18:00:00","2026-09-10 09:00:00","CAPE","surface",-73.586,20.3097,2529
"2026-09-09 18:00:00","2026-09-10 09:00:00","CAPE","surface",-73.5621,20.3097,2529
"2026-09-09 18:00:00","2026-09-10 09:00:00","CAPE","surface",-73.5381,20.3097,2519
"2026-09-09 18:00:00","2026-09-10 09:00:00","CAPE","surface",-73.5142,20.3097,2489
"2026-09-09 18:00:00","2026-09-10 09:00:00","CAPE","surface",-73.4903,20.3097,2520
"2026-09-09 18:00:00","2026-09-10 09:00:00","CAPE","surface",-73.4664,20.3097,2469
"2026-09-09 18:00:00","2026-09-10 09:00:00","CAPE","surface",-73.4424,20.3097,2506
"2026-09-09 18:00:00","2026-09-10 09:00:00","CAPE","surface",-73.4185,20.3097,2458
"2026-09-09 18:00:00","2026-09-10 09:00:00","CAPE","surface",-73.3946,20.3097,2470
"2026-09-09 18:00:00","2026-09-10 09:00:00","CAPE","surface",-73.3707,20.3097,2461
"2026-09-09 18:00:00","2026-09-10 09:00:00","CAPE","surface",-73.3467,20.3097,2511
"2026-09-09 18:00:00","2026-09-10 09:00:00","CAPE","surface",-73.3228,20.3097,2511
"2026-09-09 18:00:00","2026-09-10 09:00:00","CAPE","surface",-73.2989,20.3097,2540
"2026-09-09 18:00:00","2026-09-10 09:00:00","CAPE","surface",-73.275,20.3097,2529
"2026-09-09 18:00:00","2026-09-10 09:00:00","CAPE","surface",-73.251,20.3097,2572
"2026-09-09 18:00:00","2026-09-10 09:00:00","CAPE","surface",-73.2271,20.3097,2576
"2026-09-09 18:00:00","2026-09-10 09:00:00","CAPE","surface",-73.2032,20.3097,2614
"2026-09-09 18:00:00","2026-09-10 09:00:00","CAPE","surface",-73.1793,20.3097,2607
"2026-09-09 18:00:00","2026-09-10 09:00:00","CAPE","surface",-73.1553,20.3097,2667
"2026-09-09 18:00:00","2026-09-10 09:00:00","CAPE","surface",-73.1314,20.3097,2647
"2026-09-09 18:00:00","2026-09-10 09:00:00","CAPE","surface",-73.1075,20.3097,2743
"2026-09-09 18:00:00","2026-09-10 09:00:00","CAPE","surface",-73.0836,20.3097,2743
"2026-09-09 18:00:00","2026-09-10 09:00:00","CAPE","surface",-73.0596,20.3097,2836
"2026-09-09 18:00:00","2026-09-10 09:00:00","CAPE","surface",-73.0357,20.3097,2884
"2026-09-09 18:00:00","2026-09-10 09:00:00","CAPE","surface",-73.0118,20.3097,2876
"2026-09-09 18:00:00","2026-09-10 09:00:00","CAPE","surface",-72.9879,20.3097,2845
"2026-09-09 18:00:00","2026-09-10 09:00:00","CAPE","surface",-72.9639,20.3097,2845
"2026-09-09 18:00:00","2026-09-10 09:00:00","CAPE","surface",-72.94,20.3097,2769
"2026-09-09 18:00:00","2026-09-10 09:00:00","CAPE","surface",-72.9161,20.3097,2803
"2026-09-09 18:00:00","2026-09-10 09:00:00","CAPE","surface",-72.8922,20.3097,2696
"2026-09-09 18:00:00","2026-09-10 09:00:00","CAPE","surface",-72.8682,20.3097,2732
"2026-09-09 18:00:00","2026-09-10 09:00:00","CAPE","surface",-72.8443,20.3097,2689
"2026-09-09 18:00:00","2026-09-10 09:00:00","CAPE","surface",-72.8204,20.3097,2722
"2026-09-09 18:00:00","2026-09-10 09:00:00","CAPE","surface",-72.7965,20.3097,2693
"2026-09-09 18:00:00","2026-09-10 09:00:00","CAPE","surface",-72.7725,20.3097,2703
"2026-09-09 18:00:00","2026-09-10 09:00:00","CAPE","surface",-72.7486,20.3097,2615
"2026-09-09 18:00:00","2026-09-10 09:00:00","CAPE","surface",-72.7247,20.3097,2615
"2026-09-09 18:00:00","2026-09-10 09:00:00","CAPE","surface",-72.7008,20.3097,2488
"2026-09-09 18:00:00","2026-09-10 09:00:00","CAPE","surface",-72.6768,20.3097,2532
"2026-09-09 18:00:00","2026-09-10 09:00:00","CAPE","surface",-72.6529,20.3097,2475
"2026-09-09 18:00:00","2026-09-10 09:00:00","CAPE","surface",-72.629,20.3097,2518
"2026-09-09 18:00:00","2026-09-10 09:00:00","CAPE","surface",-72.6051,20.3097,2455
"2026-09-09 18:00:00","2026-09-10 09:00:00","CAPE","surface",-72.5811,20.3097,2469
"2026-09-09 18:00:00","2026-09-10 09:00:00","CAPE","surface",-72.5572,20.3097,2429
"2026-09-09 18:00:00","2026-09-10 09:00:00","CAPE","surface",-72.5333,20.3097,2427
"2026-09-09 18:00:00","2026-09-10 09:00:00","CAPE","surface",-72.5094,20.3097,2383
"2026-09-09 18:00:00","2026-09-10 09:00:00","CAPE","surface",-72.4854,20.3097,2383
"2026-09-09 18:00:00","2026-09-10 09:00:00","CAPE","surface",-72.4615,20.3097,2340
"2026-09-09 18:00:00","2026-09-10 09:00:00","CAPE","surface",-72.4376,20.3097,2336
"2026-09-09 18:00:00","2026-09-10 09:00:00","CAPE","surface",-72.4137,20.3097,2381
"2026-09-09 18:00:00","2026-09-10 09:00:00","CAPE","surface",-72.3897,20.3097,2394
"2026-09-09 18:00:00","2026-09-10 09:00:00","CAPE","surface",-72.3658,20.3097,2535
"2026-09-09 18:00:00","2026-09-10 09:00:00","CAPE","surface",-72.3419,20.3097,2555
"2026-09-09 18:00:00","2026-09-10 09:00:00","CAPE","surface",-72.318,20.3097,2642
"2026-09-09 18:00:00","2026-09-10 09:00:00","CAPE","surface",-72.294,20.3097,2697
"2026-09-09 18:00:00","2026-09-10 09:00:00","CAPE","surface",-72.2701,20.3097,2711
"2026-09-09 18:00:00","2026-09-10 09:00:00","CAPE","surface",-72.2462,20.3097,2654
"2026-09-09 18:00:00","2026-09-10 09:00:00","CAPE","surface",-72.2223,20.3097,2633
"2026-09-09 18:00:00","2026-09-10 09:00:00","CAPE","surface",-72.1983,20.3097,2485
"2026-09-09 18:00:00","2026-09-10 09:00:00","CAPE","surface",-72.1744,20.3097,2527
"2026-09-09 18:00:00","2026-09-10 09:00:00","CAPE","surface",-72.1505,20.3097,2440
"2026-09-09 18:00:00","2026-09-10 09:00:00","CAPE","surface",-72.1266,20.3097,2591
"2026-09-09 18:00:00","2026-09-10 09:00:00","CAPE","surface",-72.1026,20.3097,2796
"2026-09-09 18:00:00","2026-09-10 09:00:00","CAPE","surface",-72.0787,20.3097,2973
"2026-09-09 18:00:00","2026-09-10 09:00:00","CAPE","surface",-72.0548,20.3097,2916
"2026-09-09 18:00:00","2026-09-10 09:00:00","CAPE","surface",-72.0309,20.3097,2916
"2026-09-09 18:00:00","2026-09-10 09:00:00","CAPE","surface",-72.0069,20.3097,2817
"2026-09-09 18:00:00","2026-09-10 09:00:00","CAPE","surface",-71.983,20.3097,3027
"2026-09-09 18:00:00","2026-09-10 09:00:00","CAPE","surface",-71.9591,20.3097,3048
"2026-09-09 18:00:00","2026-09-10 09:00:00","CAPE","surface",-71.9352,20.3097,3180
"2026-09-09 18:00:00","2026-09-10 09:00:00","CAPE","surface",-71.9112,20.3097,3069
"2026-09-09 18:00:00","2026-09-10 09:00:00","CAPE","surface",-71.8873,20.3097,3196
"2026-09-09 18:00:00","2026-09-10 09:00:00","CAPE","surface",-71.8634,20.3097,3212
"2026-09-09 18:00:00","2026-09-10 09:00:00","CAPE","surface",-71.8395,20.3097,3222
"2026-09-09 18:00:00","2026-09-10 09:00:00","CAPE","surface",-71.8155,20.3097,3227
"2026-09-09 18:00:00","2026-09-10 09:00:00","CAPE","surface",-71.7916,20.3097,3227
"2026-09-09 18:00:00","2026-09-10 09:00:00","CAPE","surface",-71.7677,20.3097,3149
"2026-09-09 18:00:00","2026-09-10 09:00:00","CAPE","surface",-71.7438,20.3097,2948
"2026-09-09 18:00:00","2026-09-10 09:00:00","CAPE","surface",-71.7198,20.3097,3028
"2026-09-09 18:00:00","2026-09-10 09:00:00","CAPE","surface",-71.6959,20.3097,2707
"2026-09-09 18:00:00","2026-09-10 09:00:00","CAPE","surface",-71.672,20.3097,2714
"2026-09-09 18:00:00","2026-09-10 09:00:00","CAPE","surface",-71.6481,20.3097,2457
"2026-09-09 18:00:00","2026-09-10 09:00:00","CAPE","surface",-71.6241,20.3097,2453
"2026-09-09 18:00:00","2026-09-10 09:00:00","CAPE","surface",-71.6002,20.3097,2332
"2026-09-09 18:00:00","2026-09-10 09:00:00","CAPE","surface",-71.5763,20.3097,2332
"2026-09-09 18:00:00","2026-09-10 09:00:00","CAPE","surface",-71.5524,20.3097,2184
"2026-09-09 18:00:00","2026-09-10 09:00:00","CAPE","surface",-71.5284,20.3097,2205
"2026-09-09 18:00:00","2026-09-10 09:00:00","CAPE","surface",-71.5045,20.3097,2246
"2026-09-09 18:00:00","2026-09-10 09:00:00","CAPE","surface",-71.4806,20.3097,2271
"2026-09-09 18:00:00","2026-09-10 09:00:00","CAPE","surface",-71.4567,20.3097,2272
"2026-09-09 18:00:00","2026-09-10 09:00:00","CAPE","surface",-71.4327,20.3097,2275
"2026-09-09 18:00:00","2026-09-10 09:00:00","CAPE","surface",-71.4088,20.3097,2296
"2026-09-09 18:00:00","2026-09-10 09:00:00","CAPE","surface",-71.3849,20.3097,2290
"2026-09-09 18:00:00","2026-09-10 09:00:00","CAPE","surface",-71.361,20.3097,2421
"2026-09-09 18:00:00","2026-09-10 09:00:00","CAPE","surface",-71.337,20.3097,2405
"2026-09-09 18:00:00","2026-09-10 09:00:00","CAPE","surface",-71.3131,20.3097,2588
"2026-09-09 18:00:00","2026-09-10 09:00:00","CAPE","surface",-71.2892,20.3097,2553
"2026-09-09 18:00:00","2026-09-10 09:00:00","CAPE","surface",-71.2653,20.3097,2709
"2026-09-09 18:00:00","2026-09-10 09:00:00","CAPE","surface",-71.2413,20.3097,2824
"2026-09-09 18:00:00","2026-09-10 09:00:00","CAPE","surface",-71.2174,20.3097,2827
"2026-09-09 18:00:00","2026-09-10 09:00:00","CAPE","surface",-71.1935,20.3097,2831
"2026-09-09 18:00:00","2026-09-10 09:00:00","CAPE","surface",-71.1696,20.3097,2839
"2026-09-09 18:00:00","2026-09-10 09:00:00","CAPE","surface",-71.1456,20.3097,2658
"2026-09-09 18:00:00","2026-09-10 09:00:00","CAPE","surface",-71.1217,20.3097,2658
"2026-09-09 18:00:00","2026-09-10 09:00:00","CAPE","surface",-71.0978,20.3097,2543
"2026-09-09 18:00:00","2026-09-10 09:00:00","CAPE","surface",-71.0739,20.3097,2530
"2026-09-09 18:00:00","2026-09-10 09:00:00","CAPE","surface",-71.0499,20.3097,2624
"2026-09-09 18:00:00","2026-09-10 09:00:00","CAPE","surface",-71.026,20.3097,2624
"2026-09-09 18:00:00","2026-09-10 09:00:00","CAPE","surface",-71.0021,20.3097,2752
"2026-09-09 18:00:00","2026-09-10 09:00:00","CAPE","surface",-70.9782,20.3097,2680
"2026-09-09 18:00:00","2026-09-10 09:00:00","CAPE","surface",-70.9542,20.3097,2629
"2026-09-09 18:00:00","2026-09-10 09:00:00","CAPE","surface",-70.9303,20.3097,2609
"2026-09-09 18:00:00","2026-09-10 09:00:00","CAPE","surface",-70.9064,20.3097,2810
"2026-09-09 18:00:00","2026-09-10 09:00:00","CAPE","surface",-70.8825,20.3097,2802
"2026-09-09 18:00:00","2026-09-10 09:00:00","CAPE","surface",-70.8585,20.3097,3019
"2026-09-09 18:00:00","2026-09-10 09:00:00","CAPE","surface",-70.8346,20.3097,3101
"2026-09-09 18:00:00","2026-09-10 09:00:00","CAPE","surface",-70.8107,20.3097,3101
"2026-09-09 18:00:00","2026-09-10 09:00:00","CAPE","surface",-70.7868,20.3097,2974
"2026-09-09 18:00:00","2026-09-10 09:00:00","CAPE","surface",-70.7628,20.3097,2741
"2026-09-09 18:00:00","2026-09-10 09:00:00","CAPE","surface",-70.7389,20.3097,2508
"2026-09-09 18:00:00","2026-09-10 09:00:00","CAPE","surface",-70.715,20.3097,2485
"2026-09-09 18:00:00","2026-09-10 09:00:00","CAPE","surface",-70.6911,20.3097,2508
"2026-09-09 18:00:00","2026-09-10 09:00:00","CAPE","surface",-70.6671,20.3097,2619
"2026-09-09 18:00:00","2026-09-10 09:00:00","CAPE","surface",-70.6432,20.3097,2743
"2026-09-09 18:00:00","2026-09-10 09:00:00","CAPE","surface",-70.6193,20.3097,2732
"2026-09-09 18:00:00","2026-09-10 09:00:00","CAPE","surface",-70.5954,20.3097,2751
"2026-09-09 18:00:00","2026-09-10 09:00:00","CAPE","surface",-70.5714,20.3097,2731
"2026-09-09 18:00:00","2026-09-10 09:00:00","CAPE","surface",-70.5475,20.3097,2819
"2026-09-09 18:00:00","2026-09-10 09:00:00","CAPE","surface",-70.5236,20.3097,2842
"2026-09-09 18:00:00","2026-09-10 09:00:00","CAPE","surface",-70.4997,20.3097,2628
"2026-09-09 18:00:00","2026-09-10 09:00:00","CAPE","surface",-70.4757,20.3097,2470
"2026-09-09 18:00:00","2026-09-10 09:00:00","CAPE","surface",-70.4518,20.3097,2587
"2026-09-09 18:00:00","2026-09-10 09:00:00","CAPE","surface",-70.4279,20.3097,2817
"2026-09-09 18:00:00","2026-09-10 09:00:00","CAPE","surface",-70.404,20.3097,2865
"2026-09-09 18:00:00","2026-09-10 09:00:00","CAPE","surface",-70.38,20.3097,2838
"2026-09-09 18:00:00","2026-09-10 09:00:00","CAPE","surface",-70.3561,20.3097,2726
"2026-09-09 18:00:00","2026-09-10 09:00:00","CAPE","surface",-70.3322,20.3097,2617
"2026-09-09 18:00:00","2026-09-10 09:00:00","CAPE","surface",-70.3083,20.3097,2632
"2026-09-09 18:00:00","2026-09-10 09:00:00","CAPE","surface",-70.2843,20.3097,2735
"2026-09-09 18:00:00","2026-09-10 09:00:00","CAPE","surface",-70.2604,20.3097,2813
"2026-09-09 18:00:00","2026-09-10 09:00:00","CAPE","surface",-70.2365,20.3097,2966
"2026-09-09 18:00:00","2026-09-10 09:00:00","CAPE","surface",-70.2126,20.3097,2962
"2026-09-09 18:00:00","2026-09-10 09:00:00","CAPE","surface",-70.1886,20.3097,3024
"2026-09-09 18:00:00","2026-09-10 09:00:00","CAPE","surface",-70.1647,20.3097,3128
"2026-09-09 18:00:00","2026-09-10 09:00:00","CAPE","surface",-70.1408,20.3097,3138
"2026-09-09 18:00:00","2026-09-10 09:00:00","CAPE","surface",-70.1169,20.3097,3253
"2026-09-09 18:00:00","2026-09-10 09:00:00","CAPE","surface",-70.0929,20.3097,3174
"2026-09-09 18:00:00","2026-09-10 09:00:00","CAPE","surface",-70.069,20.3097,3249
"2026-09-09 18:00:00","2026-09-10 09:00:00","CAPE","surface",-70.0451,20.3097,3227
"2026-09-09 18:00:00","2026-09-10 09:00:00","CAPE","surface",-70.0212,20.3097,3086
"2026-09-09 18:00:00","2026-09-10 09:00:00","CAPE","surface",-69.9972,20.3097,3064
"2026-09-09 18:00:00","2026-09-10 09:00:00","CAPE","surface",-69.9733,20.3097,2663
"2026-09-09 18:00:00","2026-09-10 09:00:00","CAPE","surface",-69.9494,20.3097,2663
"2026-09-09 18:00:00","2026-09-10 09:00:00","CAPE","surface",-69.9255,20.3097,1333
"2026-09-09 18:00:00","2026-09-10 09:00:00","CAPE","surface",-69.9015,20.3097,480
"2026-09-09 18:00:00","2026-09-10 09:00:00","CAPE","surface",-69.8776,20.3097,358
"2026-09-09 18:00:00","2026-09-10 09:00:00","CAPE","surface",-69.8537,20.3097,379
"2026-09-09 18:00:00","2026-09-10 09:00:00","CAPE","surface",-69.8298,20.3097,435
"2026-09-09 18:00:00","2026-09-10 09:00:00","CAPE","surface",-69.8058,20.3097,229
"2026-09-09 18:00:00","2026-09-10 09:00:00","CAPE","surface",-69.7819,20.3097,0
"2026-09-09 18:00:00","2026-09-10 09:00:00","CAPE","surface",-69.758,20.3097,0
"2026-09-09 18:00:00","2026-09-10 09:00:00","CAPE","surface",-69.7341,20.3097,0
"2026-09-09 18:00:00","2026-09-10 09:00:00","CAPE","surface",-69.7101,20.3097,0
"2026-09-09 18:00:00","2026-09-10 09:00:00","CAPE","surface",-69.6862,20.3097,0
"2026-09-09 18:00:00","2026-09-10 09:00:00","CAPE","surface",-69.6623,20.3097,0
"2026-09-09 18:00:00","2026-09-10 09:00:00","CAPE","surface",-69.6384,20.3097,0
"2026-09-09 18:00:00","2026-09-10 09:00:00","CAPE","surface",-69.6144,20.3097,0
"2026-09-09 18:00:00","2026-09-10 09:00:00","CAPE","surface",-69.5905,20.3097,0
"2026-09-09 18:00:00","2026-09-10 09:00:00","CAPE","surface",-69.5666,20.3097,0
"2026-09-09 18:00:00","2026-09-10 09:00:00","CAPE","surface",-69.5427,20.3097,664
"2026-09-09 18:00:00","2026-09-10 09:00:00","CAPE","surface",-69.5187,20.3097,765
"2026-09-09 18:00:00","2026-09-10 09:00:00","CAPE","surface",-69.4948,20.3097,1417
"2026-09-09 18:00:00","2026-09-10 09:00:00","CAPE","surface",-69.4709,20.3097,1715
"2026-09-09 18:00:00","2026-09-10 09:00:00","CAPE","surface",-69.447,20.3097,2932
"2026-09-09 18:00:00","2026-09-10 09:00:00","CAPE","surface",-69.423,20.3097,2985
"2026-09-09 18:00:00","2026-09-10 09:00:00","CAPE","surface",-69.3991,20.3097,2838
"2026-09-09 18:00:00","2026-09-10 09:00:00","CAPE","surface",-69.3752,20.3097,2814
"2026-09-09 18:00:00","2026-09-10 09:00:00","CAPE","surface",-69.3513,20.3097,2972
"2026-09-09 18:00:00","2026-09-10 09:00:00","CAPE","surface",-69.3273,20.3097,2996
"2026-09-09 18:00:00","2026-09-10 09:00:00","CAPE","surface",-69.3034,20.3097,3071
"2026-09-09 18:00:00","2026-09-10 09:00:00","CAPE","surface",-69.2795,20.3097,3035
"2026-09-09 18:00:00","2026-09-10 09:00:00","CAPE","surface",-69.2556,20.3097,3210
"2026-09-09 18:00:00","2026-09-10 09:00:00","CAPE","surface",-69.2316,20.3097,3258
"2026-09-09 18:00:00","2026-09-10 09:00:00","CAPE","surface",-69.2077,20.3097,3370
"2026-09-09 18:00:00","2026-09-10 09:00:00","CAPE","surface",-69.1838,20.3097,3250
"2026-09-09 18:00:00","2026-09-10 09:00:00","CAPE","surface",-69.1599,20.3097,3558
"2026-09-09 18:00:00","2026-09-10 09:00:00","CAPE","surface",-69.1359,20.3097,3209
"2026-09-09 18:00:00","2026-09-10 09:00:00","CAPE","surface",-69.112,20.3097,3567
"2026-09-09 18:00:00","2026-09-10 09:00:00","CAPE","surface",-69.0881,20.3097,3264
"2026-09-09 18:00:00","2026-09-10 09:00:00","CAPE","surface",-69.0642,20.3097,3144
"2026-09-09 18:00:00","2026-09-10 09:00:00","CAPE","surface",-69.0402,20.3097,2911
"2026-09-09 18:00:00","2026-09-10 09:00:00","CAPE","surface",-69.0163,20.3097,2823
"2026-09-09 18:00:00","2026-09-10 09:00:00","CAPE","surface",-68.9924,20.3097,2692
"2026-09-09 18:00:00","2026-09-10 09:00:00","CAPE","surface",-68.9685,20.3097,2731
"2026-09-09 18:00:00","2026-09-10 09:00:00","CAPE","surface",-68.9445,20.3097,2731
"2026-09-09 18:00:00","2026-09-10 09:00:00","CAPE","surface",-68.9206,20.3097,2774
"2026-09-09 18:00:00","2026-09-10 09:00:00","CAPE","surface",-68.8967,20.3097,2786
"2026-09-09 18:00:00","2026-09-10 09:00:00","CAPE","surface",-68.8728,20.3097,2823
"2026-09-09 18:00:00","2026-09-10 09:00:00","CAPE","surface",-68.8488,20.3097,2864
"2026-09-09 18:00:00","2026-09-10 09:00:00","CAPE","surface",-68.8249,20.3097,2838
"2026-09-09 18:00:00","2026-09-10 09:00:00","CAPE","surface",-68.801,20.3097,2852
"2026-09-09 18:00:00","2026-09-10 09:00:00","CAPE","surface",-68.7771,20.3097,2783
"2026-09-09 18:00:00","2026-09-10 09:00:00","CAPE","surface",-68.7531,20.3097,2749
"2026-09-09 18:00:00","2026-09-10 09:00:00","CAPE","surface",-68.7292,20.3097,2749
"2026-09-09 18:00:00","2026-09-10 09:00:00","CAPE","surface",-68.7053,20.3097,2889
"2026-09-09 18:00:00","2026-09-10 09:00:00","CAPE","surface",-68.6813,20.3097,2901
"2026-09-09 18:00:00","2026-09-10 09:00:00","CAPE","surface",-68.6574,20.3097,3006
"2026-09-09 18:00:00","2026-09-10 09:00:00","CAPE","surface",-68.6335,20.3097,3006
"2026-09-09 18:00:00","2026-09-10 09:00:00","CAPE","surface",-68.6096,20.3097,2993
"2026-09-09 18:00:00","2026-09-10 09:00:00","CAPE","surface",-68.5856,20.3097,2997
"2026-09-09 18:00:00","2026-09-10 09:00:00","CAPE","surface",-68.5617,20.3097,3104
"2026-09-09 18:00:00","2026-09-10 09:00:00","CAPE","surface",-68.5378,20.3097,3104
"2026-09-09 18:00:00","2026-09-10 09:00:00","CAPE","surface",-68.5139,20.3097,3226
"2026-09-09 18:00:00","2026-09-10 09:00:00","CAPE","surface",-68.4899,20.3097,3168
"2026-09-09 18:00:00","2026-09-10 09:00:00","CAPE","surface",-68.466,20.3097,3279
"2026-09-09 18:00:00","2026-09-10 09:00:00","CAPE","surface",-68.4421,20.3097,2981
"2026-09-09 18:00:00","2026-09-10 09:00:00","CAPE","surface",-68.4182,20.3097,3114
"2026-09-09 18:00:00","2026-09-10 09:00:00","CAPE","surface",-68.3942,20.3097,2957
"2026-09-09 18:00:00","2026-09-10 09:00:00","CAPE","surface",-68.3703,20.3097,3094
"2026-09-09 18:00:00","2026-09-10 09:00:00","CAPE","surface",-68.3464,20.3097,2952
"2026-09-09 18:00:00","2026-09-10 09:00:00","CAPE","surface",-68.3225,20.3097,3231
"2026-09-09 18:00:00","2026-09-10 09:00:00","CAPE","surface",-68.2985,20.3097,3359
"2026-09-09 18:00:00","2026-09-10 09:00:00","CAPE","surface",-68.2746,20.3097,3384
"2026-09-09 18:00:00","2026-09-10 09:00:00","CAPE","surface",-68.2507,20.3097,3347
"2026-09-09 18:00:00","2026-09-10 09:00:00","CAPE","surface",-68.2268,20.3097,3369
"2026-09-09 18:00:00","2026-09-10 09:00:00","CAPE","surface",-68.2028,20.3097,3343
"2026-09-09 18:00:00","2026-09-10 09:00:00","CAPE","surface",-68.1789,20.3097,3494
"2026-09-09 18:00:00","2026-09-10 09:00:00","CAPE","surface",-68.155,20.3097,3494
"2026-09-09 18:00:00","2026-09-10 09:00:00","CAPE","surface",-68.1311,20.3097,3353
"2026-09-09 18:00:00","2026-09-10 09:00:00","CAPE","surface",-68.1071,20.3097,3367
"2026-09-09 18:00:00","2026-09-10 09:00:00","CAPE","surface",-68.0832,20.3097,3033
"2026-09-09 18:00:00","2026-09-10 09:00:00","CAPE","surface",-68.0593,20.3097,3033
"2026-09-09 18:00:00","2026-09-10 09:00:00","CAPE","surface",-68.0354,20.3097,3026
"2026-09-09 18:00:00","2026-09-10 09:00:00","CAPE","surface",-68.0114,20.3097,3100
"2026-09-09 18:00:00","2026-09-10 09:00:00","CAPE","surface",-67.9875,20.3097,3218
"2026-09-09 18:00:00","2026-09-10 09:00:00","CAPE","surface",-67.9636,20.3097,3205
"2026-09-09 18:00:00","2026-09-10 09:00:00","CAPE","surface",-67.9397,20.3097,3291
"2026-09-09 18:00:00","2026-09-10 09:00:00","CAPE","surface",-67.9157,20.3097,3336
"2026-09-09 18:00:00","2026-09-10 09:00:00","CAPE","surface",-67.8918,20.3097,3317
"2026-09-09 18:00:00","2026-09-10 09:00:00","CAPE","surface",-67.8679,20.3097,3296
"2026-09-09 18:00:00","2026-09-10 09:00:00","CAPE","surface",-67.844,20.3097,3344
"2026-09-09 18:00:00","2026-09-10 09:00:00","CAPE","surface",-67.82,20.3097,3167
"2026-09-09 18:00:00","2026-09-10 09:00:00","CAPE","surface",-67.7961,20.3097,2916
"2026-09-09 18:00:00","2026-09-10 09:00:00","CAPE","surface",-67.7722,20.3097,2916
"2026-09-09 18:00:00","2026-09-10 09:00:00","CAPE","surface",-67.7483,20.3097,2863
"2026-09-09 18:00:00","2026-09-10 09:00:00","CAPE","surface",-67.7243,20.3097,2922
"2026-09-09 18:00:00","2026-09-10 09:00:00","CAPE","surface",-67.7004,20.3097,2866
"2026-09-09 18:00:00","2026-09-10 09:00:00","CAPE","surface",-67.6765,20.3097,2866
"2026-09-09 18:00:00","2026-09-10 09:00:00","CAPE","surface",-67.6526,20.3097,2849
"2026-09-09 18:00:00","2026-09-10 09:00:00","CAPE","surface",-67.6286,20.3097,2880
"2026-09-09 18:00:00","2026-09-10 09:00:00","CAPE","surface",-67.6047,20.3097,2832
"2026-09-09 18:00:00","2026-09-10 09:00:00","CAPE","surface",-67.5808,20.3097,2762
"2026-09-09 18:00:00","2026-09-10 09:00:00","CAPE","surface",-67.5569,20.3097,2777
"2026-09-09 18:00:00","2026-09-10 09:00:00","CAPE","surface",-67.5329,20.3097,2767
"2026-09-09 18:00:00","2026-09-10 09:00:00","CAPE","surface",-67.509,20.3097,2838
"2026-09-09 18:00:00","2026-09-10 09:00:00","CAPE","surface",-67.4851,20.3097,2798
"2026-09-09 18:00:00","2026-09-10 09:00:00","CAPE","surface",-67.4612,20.3097,2885
"2026-09-09 18:00:00","2026-09-10 09:00:00","CAPE","surface",-67.4372,20.3097,2878
"2026-09-09 18:00:00","2026-09-10 09:00:00","CAPE","surface",-67.4133,20.3097,3001
"2026-09-09 18:00:00","2026-09-10 09:00:00","CAPE","surface",-67.3894,20.3097,2903
"2026-09-09 18:00:00","2026-09-10 09:00:00","CAPE","surface",-67.3655,20.3097,2944
"2026-09-09 18:00:00","2026-09-10 09:00:00","CAPE","surface",-67.3415,20.3097,3017
"2026-09-09 18:00:00","2026-09-10 09:00:00","CAPE","surface",-67.3176,20.3097,3079
"2026-09-09 18:00:00","2026-09-10 09:00:00","CAPE","surface",-67.2937,20.3097,3079
"2026-09-09 18:00:00","2026-09-10 09:00:00","CAPE","surface",-67.2698,20.3097,3127
"2026-09-09 18:00:00","2026-09-10 09:00:00","CAPE","surface",-67.2458,20.3097,3201
"2026-09-09 18:00:00","2026-09-10 09:00:00","CAPE","surface",-67.2219,20.3097,3290
"2026-09-09 18:00:00","2026-09-10 09:00:00","CAPE","surface",-67.198,20.3097,3321
"2026-09-09 18:00:00","2026-09-10 09:00:00","CAPE","surface",-67.1741,20.3097,3363
"2026-09-09 18:00:00","2026-09-10 09:00:00","CAPE","surface",-67.1501,20.3097,3111
"2026-09-09 18:00:00","2026-09-10 09:00:00","CAPE","surface",-67.1262,20.3097,3206
"2026-09-09 18:00:00","2026-09-10 09:00:00","CAPE","surface",-67.1023,20.3097,2673
"2026-09-09 18:00:00","2026-09-10 09:00:00","CAPE","surface",-67.0784,20.3097,2770
"2026-09-09 18:00:00","2026-09-10 09:00:00","CAPE","surface",-67.0544,20.3097,2856
"2026-09-09 18:00:00","2026-09-10 09:00:00","CAPE","surface",-67.0305,20.3097,2996
"2026-09-09 18:00:00","2026-09-10 09:00:00","CAPE","surface",-67.0066,20.3097,2844
"2026-09-09 18:00:00","2026-09-10 09:00:00","CAPE","surface",-74.7822,20.3321,1965
"2026-09-09 18:00:00","2026-09-10 09:00:00","CAPE","surface",-74.7583,20.3321,2080
"2026-09-09 18:00:00","2026-09-10 09:00:00","CAPE","surface",-74.7344,20.3321,2039
"2026-09-09 18:00:00","2026-09-10 09:00:00","CAPE","surface",-74.7105,20.3321,2138
"2026-09-09 18:00:00","2026-09-10 09:00:00","CAPE","surface",-74.6865,20.3321,2101
"2026-09-09 18:00:00","2026-09-10 09:00:00","CAPE","surface",-74.6626,20.3321,2197
"2026-09-09 18:00:00","2026-09-10 09:00:00","CAPE","surface",-74.6387,20.3321,2197
"2026-09-09 18:00:00","2026-09-10 09:00:00","CAPE","surface",-74.6148,20.3321,2258
"2026-09-09 18:00:00","2026-09-10 09:00:00","CAPE","surface",-74.5908,20.3321,2220
"2026-09-09 18:00:00","2026-09-10 09:00:00","CAPE","surface",-74.5669,20.3321,2296
"2026-09-09 18:00:00","2026-09-10 09:00:00","CAPE","surface",-74.543,20.3321,2262
"2026-09-09 18:00:00","2026-09-10 09:00:00","CAPE","surface",-74.5191,20.3321,2418
"2026-09-09 18:00:00","2026-09-10 09:00:00","CAPE","surface",-74.4951,20.3321,2365
"2026-09-09 18:00:00","2026-09-10 09:00:00","CAPE","surface",-74.4712,20.3321,2450
"2026-09-09 18:00:00","2026-09-10 09:00:00","CAPE","surface",-74.4473,20.3321,2447
"2026-09-09 18:00:00","2026-09-10 09:00:00","CAPE","surface",-74.4234,20.3321,2727
"2026-09-09 18:00:00","2026-09-10 09:00:00","CAPE","surface",-74.3994,20.3321,2676
"2026-09-09 18:00:00","2026-09-10 09:00:00","CAPE","surface",-74.3755,20.3321,2870
"2026-09-09 18:00:00","2026-09-10 09:00:00","CAPE","surface",-74.3516,20.3321,2796
"2026-09-09 18:00:00","2026-09-10 09:00:00","CAPE","surface",-74.3277,20.3321,2855
"2026-09-09 18:00:00","2026-09-10 09:00:00","CAPE","surface",-74.3037,20.3321,2832
"2026-09-09 18:00:00","2026-09-10 09:00:00","CAPE","surface",-74.2798,20.3321,2865
"2026-09-09 18:00:00","2026-09-10 09:00:00","CAPE","surface",-74.2559,20.3321,2865
"2026-09-09 18:00:00","2026-09-10 09:00:00","CAPE","surface",-74.232,20.3321,2969
"2026-09-09 18:00:00","2026-09-10 09:00:00","CAPE","surface",-74.208,20.3321,2968
"2026-09-09 18:00:00","2026-09-10 09:00:00","CAPE","surface",-74.1841,20.3321,2941
"2026-09-09 18:00:00","2026-09-10 09:00:00","CAPE","surface",-74.1602,20.3321,2909
"2026-09-09 18:00:00","2026-09-10 09:00:00","CAPE","surface",-74.1363,20.3321,2989
"2026-09-09 18:00:00","2026-09-10 09:00:00","CAPE","surface",-74.1123,20.3321,2924
"2026-09-09 18:00:00","2026-09-10 09:00:00","CAPE","surface",-74.0884,20.3321,2950
"2026-09-09 18:00:00","2026-09-10 09:00:00","CAPE","surface",-74.0645,20.3321,2906
"2026-09-09 18:00:00","2026-09-10 09:00:00","CAPE","surface",-74.0406,20.3321,2914
"2026-09-09 18:00:00","2026-09-10 09:00:00","CAPE","surface",-74.0166,20.3321,2914
"2026-09-09 18:00:00","2026-09-10 09:00:00","CAPE","surface",-73.9927,20.3321,2930
"2026-09-09 18:00:00","2026-09-10 09:00:00","CAPE","surface",-73.9688,20.3321,2882
"2026-09-09 18:00:00","2026-09-10 09:00:00","CAPE","surface",-73.9449,20.3321,2925
"2026-09-09 18:00:00","2026-09-10 09:00:00","CAPE","surface",-73.9209,20.3321,2870
"2026-09-09 18:00:00","2026-09-10 09:00:00","CAPE","surface",-73.897,20.3321,2848
"2026-09-09 18:00:00","2026-09-10 09:00:00","CAPE","surface",-73.8731,20.3321,2848
"2026-09-09 18:00:00","2026-09-10 09:00:00","CAPE","surface",-73.8492,20.3321,2847
"2026-09-09 18:00:00","2026-09-10 09:00:00","CAPE","surface",-73.8252,20.3321,2770
"2026-09-09 18:00:00","2026-09-10 09:00:00","CAPE","surface",-73.8013,20.3321,2754
"2026-09-09 18:00:00","2026-09-10 09:00:00","CAPE","surface",-73.7774,20.3321,2574
"2026-09-09 18:00:00","2026-09-10 09:00:00","CAPE","surface",-73.7535,20.3321,2793
"2026-09-09 18:00:00","2026-09-10 09:00:00","CAPE","surface",-73.7295,20.3321,2567
"2026-09-09 18:00:00","2026-09-10 09:00:00","CAPE","surface",-73.7056,20.3321,2588
"2026-09-09 18:00:00","2026-09-10 09:00:00","CAPE","surface",-73.6817,20.3321,2447
"2026-09-09 18:00:00","2026-09-10 09:00:00","CAPE","surface",-73.6578,20.3321,2589
"2026-09-09 18:00:00","2026-09-10 09:00:00","CAPE","surface",-73.6338,20.3321,2693
"2026-09-09 18:00:00","2026-09-10 09:00:00","CAPE","surface",-73.6099,20.3321,2632
"2026-09-09 18:00:00","2026-09-10 09:00:00","CAPE","surface",-73.586,20.3321,2590
"2026-09-09 18:00:00","2026-09-10 09:00:00","CAPE","surface",-73.5621,20.3321,2554
"2026-09-09 18:00:00","2026-09-10 09:00:00","CAPE","surface",-73.5381,20.3321,2565
"2026-09-09 18:00:00","2026-09-10 09:00:00","CAPE","surface",-73.5142,20.3321,2565
"2026-09-09 18:00:00","2026-09-10 09:00:00","CAPE","surface",-73.4903,20.3321,2600
"2026-09-09 18:00:00","2026-09-10 09:00:00","CAPE","surface",-73.4664,20.3321,2560
"2026-09-09 18:00:00","2026-09-10 09:00:00","CAPE","surface",-73.4424,20.3321,2539
"2026-09-09 18:00:00","2026-09-10 09:00:00","CAPE","surface",-73.4185,20.3321,2495
"2026-09-09 18:00:00","2026-09-10 09:00:00","CAPE","surface",-73.3946,20.3321,2534
"2026-09-09 18:00:00","2026-09-10 09:00:00","CAPE","surface",-73.3707,20.3321,2516
"2026-09-09 18:00:00","2026-09-10 09:00:00","CAPE","surface",-73.3467,20.3321,2571
"2026-09-09 18:00:00","2026-09-10 09:00:00","CAPE","surface",-73.3228,20.3321,2555
"2026-09-09 18:00:00","2026-09-10 09:00:00","CAPE","surface",-73.2989,20.3321,2607
"2026-09-09 18:00:00","2026-09-10 09:00:00","CAPE","surface",-73.275,20.3321,2607
"2026-09-09 18:00:00","2026-09-10 09:00:00","CAPE","surface",-73.251,20.3321,2680
"2026-09-09 18:00:00","2026-09-10 09:00:00","CAPE","surface",-73.2271,20.3321,2639
"2026-09-09 18:00:00","2026-09-10 09:00:00","CAPE","surface",-73.2032,20.3321,2726
"2026-09-09 18:00:00","2026-09-10 09:00:00","CAPE","surface",-73.1793,20.3321,2686
"2026-09-09 18:00:00","2026-09-10 09:00:00","CAPE","surface",-73.1553,20.3321,2818
"2026-09-09 18:00:00","2026-09-10 09:00:00","CAPE","surface",-73.1314,20.3321,2802
"2026-09-09 18:00:00","2026-09-10 09:00:00","CAPE","surface",-73.1075,20.3321,2848
"2026-09-09 18:00:00","2026-09-10 09:00:00","CAPE","surface",-73.0836,20.3321,2849
"2026-09-09 18:00:00","2026-09-10 09:00:00","CAPE","surface",-73.0596,20.3321,2882
"2026-09-09 18:00:00","2026-09-10 09:00:00","CAPE","surface",-73.0357,20.3321,2882
"2026-09-09 18:00:00","2026-09-10 09:00:00","CAPE","surface",-73.0118,20.3321,2807
"2026-09-09 18:00:00","2026-09-10 09:00:00","CAPE","surface",-72.9879,20.3321,2831
"2026-09-09 18:00:00","2026-09-10 09:00:00","CAPE","surface",-72.9639,20.3321,2744
"2026-09-09 18:00:00","2026-09-10 09:00:00","CAPE","surface",-72.94,20.3321,2769
"2026-09-09 18:00:00","2026-09-10 09:00:00","CAPE","surface",-72.9161,20.3321,2642
"2026-09-09 18:00:00","2026-09-10 09:00:00","CAPE","surface",-72.8922,20.3321,2670
"2026-09-09 18:00:00","2026-09-10 09:00:00","CAPE","surface",-72.8682,20.3321,2661
"2026-09-09 18:00:00","2026-09-10 09:00:00","CAPE","surface",-72.8443,20.3321,2689
"2026-09-09 18:00:00","2026-09-10 09:00:00","CAPE","surface",-72.8204,20.3321,2685
"2026-09-09 18:00:00","2026-09-10 09:00:00","CAPE","surface",-72.7965,20.3321,2685
"2026-09-09 18:00:00","2026-09-10 09:00:00","CAPE","surface",-72.7725,20.3321,2583
"2026-09-09 18:00:00","2026-09-10 09:00:00","CAPE","surface",-72.7486,20.3321,2593
"2026-09-09 18:00:00","2026-09-10 09:00:00","CAPE","surface",-72.7247,20.3321,2454
"2026-09-09 18:00:00","2026-09-10 09:00:00","CAPE","surface",-72.7008,20.3321,2488
"2026-09-09 18:00:00","2026-09-10 09:00:00","CAPE","surface",-72.6768,20.3321,2369
"2026-09-09 18:00:00","2026-09-10 09:00:00","CAPE","surface",-72.6529,20.3321,2416
"2026-09-09 18:00:00","2026-09-10 09:00:00","CAPE","surface",-72.629,20.3321,2421
"2026-09-09 18:00:00","2026-09-10 09:00:00","CAPE","surface",-72.6051,20.3321,2371
"2026-09-09 18:00:00","2026-09-10 09:00:00","CAPE","surface",-72.5811,20.3321,2411
"2026-09-09 18:00:00","2026-09-10 09:00:00","CAPE","surface",-72.5572,20.3321,2346
"2026-09-09 18:00:00","2026-09-10 09:00:00","CAPE","surface",-72.5333,20.3321,2379
"2026-09-09 18:00:00","2026-09-10 09:00:00","CAPE","surface",-72.5094,20.3321,2351
"2026-09-09 18:00:00","2026-09-10 09:00:00","CAPE","surface",-72.4854,20.3321,2345
"2026-09-09 18:00:00","2026-09-10 09:00:00","CAPE","surface",-72.4615,20.3321,2359
"2026-09-09 18:00:00","2026-09-10 09:00:00","CAPE","surface",-72.4376,20.3321,2359
"2026-09-09 18:00:00","2026-09-10 09:00:00","CAPE","surface",-72.4137,20.3321,2466
"2026-09-09 18:00:00","2026-09-10 09:00:00","CAPE","surface",-72.3897,20.3321,2508
"2026-09-09 18:00:00","2026-09-10 09:00:00","CAPE","surface",-72.3658,20.3321,2633
"2026-09-09 18:00:00","2026-09-10 09:00:00","CAPE","surface",-72.3419,20.3321,2643
"2026-09-09 18:00:00","2026-09-10 09:00:00","CAPE","surface",-72.318,20.3321,2699
"2026-09-09 18:00:00","2026-09-10 09:00:00","CAPE","surface",-72.294,20.3321,2697
"2026-09-09 18:00:00","2026-09-10 09:00:00","CAPE","surface",-72.2701,20.3321,2708
"2026-09-09 18:00:00","2026-09-10 09:00:00","CAPE","surface",-72.2462,20.3321,2654
"2026-09-09 18:00:00","2026-09-10 09:00:00","CAPE","surface",-72.2223,20.3321,2481
"2026-09-09 18:00:00","2026-09-10 09:00:00","CAPE","surface",-72.1983,20.3321,2481
"2026-09-09 18:00:00","2026-09-10 09:00:00","CAPE","surface",-72.1744,20.3321,2377
"2026-09-09 18:00:00","2026-09-10 09:00:00","CAPE","surface",-72.1505,20.3321,2440
"2026-09-09 18:00:00","2026-09-10 09:00:00","CAPE","surface",-72.1266,20.3321,2606
"2026-09-09 18:00:00","2026-09-10 09:00:00","CAPE","surface",-72.1026,20.3321,2606
"2026-09-09 18:00:00","2026-09-10 09:00:00","CAPE","surface",-72.0787,20.3321,2711
"2026-09-09 18:00:00","2026-09-10 09:00:00","CAPE","surface",-72.0548,20.3321,2823
"2026-09-09 18:00:00","2026-09-10 09:00:00","CAPE","surface",-72.0309,20.3321,2680
"2026-09-09 18:00:00","2026-09-10 09:00:00","CAPE","surface",-72.0069,20.3321,2817
"2026-09-09 18:00:00","2026-09-10 09:00:00","CAPE","surface",-71.983,20.3321,2615
"2026-09-09 18:00:00","2026-09-10 09:00:00","CAPE","surface",-71.9591,20.3321,2619
"2026-09-09 18:00:00","2026-09-10 09:00:00","CAPE","surface",-71.9352,20.3321,2818
"2026-09-09 18:00:00","2026-09-10 09:00:00","CAPE","surface",-71.9112,20.3321,2867
"2026-09-09 18:00:00","2026-09-10 09:00:00","CAPE","surface",-71.8873,20.3321,3091
"2026-09-09 18:00:00","2026-09-10 09:00:00","CAPE","surface",-71.8634,20.3321,2805
"2026-09-09 18:00:00","2026-09-10 09:00:00","CAPE","surface",-71.8395,20.3321,3015
"2026-09-09 18:00:00","2026-09-10 09:00:00","CAPE","surface",-71.8155,20.3321,2689
"2026-09-09 18:00:00","2026-09-10 09:00:00","CAPE","surface",-71.7916,20.3321,2988
"2026-09-09 18:00:00","2026-09-10 09:00:00","CAPE","surface",-71.7677,20.3321,2771
"2026-09-09 18:00:00","2026-09-10 09:00:00","CAPE","surface",-71.7438,20.3321,2771
"2026-09-09 18:00:00","2026-09-10 09:00:00","CAPE","surface",-71.7198,20.3321,2632
"2026-09-09 18:00:00","2026-09-10 09:00:00","CAPE","surface",-71.6959,20.3321,2707
"2026-09-09 18:00:00","2026-09-10 09:00:00","CAPE","surface",-71.672,20.3321,2490
"2026-09-09 18:00:00","2026-09-10 09:00:00","CAPE","surface",-71.6481,20.3321,2490
"2026-09-09 18:00:00","2026-09-10 09:00:00","CAPE","surface",-71.6241,20.3321,2326
"2026-09-09 18:00:00","2026-09-10 09:00:00","CAPE","surface",-71.6002,20.3321,2323
"2026-09-09 18:00:00","2026-09-10 09:00:00","CAPE","surface",-71.5763,20.3321,2186
"2026-09-09 18:00:00","2026-09-10 09:00:00","CAPE","surface",-71.5524,20.3321,2184
"2026-09-09 18:00:00","2026-09-10 09:00:00","CAPE","surface",-71.5284,20.3321,2170
"2026-09-09 18:00:00","2026-09-10 09:00:00","CAPE","surface",-71.5045,20.3321,2208
"2026-09-09 18:00:00","2026-09-10 09:00:00","CAPE","surface",-71.4806,20.3321,2262
"2026-09-09 18:00:00","2026-09-10 09:00:00","CAPE","surface",-71.4567,20.3321,2322
"2026-09-09 18:00:00","2026-09-10 09:00:00","CAPE","surface",-71.4327,20.3321,2310
"2026-09-09 18:00:00","2026-09-10 09:00:00","CAPE","surface",-71.4088,20.3321,2450
"2026-09-09 18:00:00","2026-09-10 09:00:00","CAPE","surface",-71.3849,20.3321,2437
"2026-09-09 18:00:00","2026-09-10 09:00:00","CAPE","surface",-71.361,20.3321,2628
"2026-09-09 18:00:00","2026-09-10 09:00:00","CAPE","surface",-71.337,20.3321,2615
"2026-09-09 18:00:00","2026-09-10 09:00:00","CAPE","surface",-71.3131,20.3321,2748
"2026-09-09 18:00:00","2026-09-10 09:00:00","CAPE","surface",-71.2892,20.3321,2758
"2026-09-09 18:00:00","2026-09-10 09:00:00","CAPE","surface",-71.2653,20.3321,2803
"2026-09-09 18:00:00","2026-09-10 09:00:00","CAPE","surface",-71.2413,20.3321,2824
"2026-09-09 18:00:00","2026-09-10 09:00:00","CAPE","surface",-71.2174,20.3321,2804
"2026-09-09 18:00:00","2026-09-10 09:00:00","CAPE","surface",-71.1935,20.3321,2804
"2026-09-09 18:00:00","2026-09-10 09:00:00","CAPE","surface",-71.1696,20.3321,2541
"2026-09-09 18:00:00","2026-09-10 09:00:00","CAPE","surface",-71.1456,20.3321,2609
"2026-09-09 18:00:00","2026-09-10 09:00:00","CAPE","surface",-71.1217,20.3321,2476
"2026-09-09 18:00:00","2026-09-10 09:00:00","CAPE","surface",-71.0978,20.3321,2476
"2026-09-09 18:00:00","2026-09-10 09:00:00","CAPE","surface",-71.0739,20.3321,2566
"2026-09-09 18:00:00","2026-09-10 09:00:00","CAPE","surface",-71.0499,20.3321,2748
"2026-09-09 18:00:00","2026-09-10 09:00:00","CAPE","surface",-71.026,20.3321,2765
"2026-09-09 18:00:00","2026-09-10 09:00:00","CAPE","surface",-71.0021,20.3321,2762
"2026-09-09 18:00:00","2026-09-10 09:00:00","CAPE","surface",-70.9782,20.3321,2762
"2026-09-09 18:00:00","2026-09-10 09:00:00","CAPE","surface",-70.9542,20.3321,2765
"2026-09-09 18:00:00","2026-09-10 09:00:00","CAPE","surface",-70.9303,20.3321,2791
"2026-09-09 18:00:00","2026-09-10 09:00:00","CAPE","surface",-70.9064,20.3321,3022
"2026-09-09 18:00:00","2026-09-10 09:00:00","CAPE","surface",-70.8825,20.3321,3048
"2026-09-09 18:00:00","2026-09-10 09:00:00","CAPE","surface",-70.8585,20.3321,3129
"2026-09-09 18:00:00","2026-09-10 09:00:00","CAPE","surface",-70.8346,20.3321,3131
"2026-09-09 18:00:00","2026-09-10 09:00:00","CAPE","surface",-70.8107,20.3321,3115
"2026-09-09 18:00:00","2026-09-10 09:00:00","CAPE","surface",-70.7868,20.3321,2974
"2026-09-09 18:00:00","2026-09-10 09:00:00","CAPE","surface",-70.7628,20.3321,2791
"2026-09-09 18:00:00","2026-09-10 09:00:00","CAPE","surface",-70.7389,20.3321,2589
"2026-09-09 18:00:00","2026-09-10 09:00:00","CAPE","surface",-70.715,20.3321,2491
"2026-09-09 18:00:00","2026-09-10 09:00:00","CAPE","surface",-70.6911,20.3321,2508
"2026-09-09 18:00:00","2026-09-10 09:00:00","CAPE","surface",-70.6671,20.3321,2713
"2026-09-09 18:00:00","2026-09-10 09:00:00","CAPE","surface",-70.6432,20.3321,2842
"2026-09-09 18:00:00","2026-09-10 09:00:00","CAPE","surface",-70.6193,20.3321,2801
"2026-09-09 18:00:00","2026-09-10 09:00:00","CAPE","surface",-70.5954,20.3321,2948
"2026-09-09 18:00:00","2026-09-10 09:00:00","CAPE","surface",-70.5714,20.3321,2846
"2026-09-09 18:00:00","2026-09-10 09:00:00","CAPE","surface",-70.5475,20.3321,2803
"2026-09-09 18:00:00","2026-09-10 09:00:00","CAPE","surface",-70.5236,20.3321,2645
"2026-09-09 18:00:00","2026-09-10 09:00:00","CAPE","surface",-70.4997,20.3321,2416
"2026-09-09 18:00:00","2026-09-10 09:00:00","CAPE","surface",-70.4757,20.3321,2470
"2026-09-09 18:00:00","2026-09-10 09:00:00","CAPE","surface",-70.4518,20.3321,2699
"2026-09-09 18:00:00","2026-09-10 09:00:00","CAPE","surface",-70.4279,20.3321,2699
"2026-09-09 18:00:00","2026-09-10 09:00:00","CAPE","surface",-70.404,20.3321,2913
"2026-09-09 18:00:00","2026-09-10 09:00:00","CAPE","surface",-70.38,20.3321,2838
"2026-09-09 18:00:00","2026-09-10 09:00:00","CAPE","surface",-70.3561,20.3321,2691
"2026-09-09 18:00:00","2026-09-10 09:00:00","CAPE","surface",-70.3322,20.3321,2691
"2026-09-09 18:00:00","2026-09-10 09:00:00","CAPE","surface",-70.3083,20.3321,2693
"2026-09-09 18:00:00","2026-09-10 09:00:00","CAPE","surface",-70.2843,20.3321,2788
"2026-09-09 18:00:00","2026-09-10 09:00:00","CAPE","surface",-70.2604,20.3321,2893
"2026-09-09 18:00:00","2026-09-10 09:00:00","CAPE","surface",-70.2365,20.3321,2889
"2026-09-09 18:00:00","2026-09-10 09:00:00","CAPE","surface",-70.2126,20.3321,2979
"2026-09-09 18:00:00","2026-09-10 09:00:00","CAPE","surface",-70.1886,20.3321,3023
"2026-09-09 18:00:00","2026-09-10 09:00:00","CAPE","surface",-70.1647,20.3321,3128
"2026-09-09 18:00:00","2026-09-10 09:00:00","CAPE","surface",-70.1408,20.3321,3249
"2026-09-09 18:00:00","2026-09-10 09:00:00","CAPE","surface",-70.1169,20.3321,3249
"2026-09-09 18:00:00","2026-09-10 09:00:00","CAPE","surface",-70.0929,20.3321,3268
"2026-09-09 18:00:00","2026-09-10 09:00:00","CAPE","surface",-70.069,20.3321,3249
"2026-09-09 18:00:00","2026-09-10 09:00:00","CAPE","surface",-70.0451,20.3321,3161
"2026-09-09 18:00:00","2026-09-10 09:00:00","CAPE","surface",-70.0212,20.3321,3161
"2026-09-09 18:00:00","2026-09-10 09:00:00","CAPE","surface",-69.9972,20.3321,3016
"2026-09-09 18:00:00","2026-09-10 09:00:00","CAPE","surface",-69.9733,20.3321,2856
"2026-09-09 18:00:00","2026-09-10 09:00:00","CAPE","surface",-69.9494,20.3321,2340
"2026-09-09 18:00:00","2026-09-10 09:00:00","CAPE","surface",-69.9255,20.3321,2091
"2026-09-09 18:00:00","2026-09-10 09:00:00","CAPE","surface",-69.9015,20.3321,1058
"2026-09-09 18:00:00","2026-09-10 09:00:00","CAPE","surface",-69.8776,20.3321,405
"2026-09-09 18:00:00","2026-09-10 09:00:00","CAPE","surface",-69.8537,20.3321,379
"2026-09-09 18:00:00","2026-09-10 09:00:00","CAPE","surface",-69.8298,20.3321,410
"2026-09-09 18:00:00","2026-09-10 09:00:00","CAPE","surface",-69.8058,20.3321,410
"2026-09-09 18:00:00","2026-09-10 09:00:00","CAPE","surface",-69.7819,20.3321,229
"2026-09-09 18:00:00","2026-09-10 09:00:00","CAPE","surface",-69.758,20.3321,0
"2026-09-09 18:00:00","2026-09-10 09:00:00","CAPE","surface",-69.7341,20.3321,0
"2026-09-09 18:00:00","2026-09-10 09:00:00","CAPE","surface",-69.7101,20.3321,0
"2026-09-09 18:00:00","2026-09-10 09:00:00","CAPE","surface",-69.6862,20.3321,0
"2026-09-09 18:00:00","2026-09-10 09:00:00","CAPE","surface",-69.6623,20.3321,0
"2026-09-09 18:00:00","2026-09-10 09:00:00","CAPE","surface",-69.6384,20.3321,0
"2026-09-09 18:00:00","2026-09-10 09:00:00","CAPE","surface",-69.6144,20.3321,0
"2026-09-09 18:00:00","2026-09-10 09:00:00","CAPE","surface",-69.5905,20.3321,0
"2026-09-09 18:00:00","2026-09-10 09:00:00","CAPE","surface",-69.5666,20.3321,123
"2026-09-09 18:00:00","2026-09-10 09:00:00","CAPE","surface",-69.5427,20.3321,664
"2026-09-09 18:00:00","2026-09-10 09:00:00","CAPE","surface",-69.5187,20.3321,1234
"2026-09-09 18:00:00","2026-09-10 09:00:00","CAPE","surface",-69.4948,20.3321,1234
"2026-09-09 18:00:00","2026-09-10 09:00:00","CAPE","surface",-69.4709,20.3321,2699
"2026-09-09 18:00:00","2026-09-10 09:00:00","CAPE","surface",-69.447,20.3321,2932
"2026-09-09 18:00:00","2026-09-10 09:00:00","CAPE","surface",-69.423,20.3321,2802
"2026-09-09 18:00:00","2026-09-10 09:00:00","CAPE","surface",-69.3991,20.3321,2802
"2026-09-09 18:00:00","2026-09-10 09:00:00","CAPE","surface",-69.3752,20.3321,2883
"2026-09-09 18:00:00","2026-09-10 09:00:00","CAPE","surface",-69.3513,20.3321,3011
"2026-09-09 18:00:00","2026-09-10 09:00:00","CAPE","surface",-69.3273,20.3321,3062
"2026-09-09 18:00:00","2026-09-10 09:00:00","CAPE","surface",-69.3034,20.3321,2994
"2026-09-09 18:00:00","2026-09-10 09:00:00","CAPE","surface",-69.2795,20.3321,3039
"2026-09-09 18:00:00","2026-09-10 09:00:00","CAPE","surface",-69.2556,20.3321,3212
"2026-09-09 18:00:00","2026-09-10 09:00:00","CAPE","surface",-69.2316,20.3321,3258
"2026-09-09 18:00:00","2026-09-10 09:00:00","CAPE","surface",-69.2077,20.3321,2989
"2026-09-09 18:00:00","2026-09-10 09:00:00","CAPE","surface",-69.1838,20.3321,3012
"2026-09-09 18:00:00","2026-09-10 09:00:00","CAPE","surface",-69.1599,20.3321,2749
"2026-09-09 18:00:00","2026-09-10 09:00:00","CAPE","surface",-69.1359,20.3321,3209
"2026-09-09 18:00:00","2026-09-10 09:00:00","CAPE","surface",-69.112,20.3321,3135
"2026-09-09 18:00:00","2026-09-10 09:00:00","CAPE","surface",-69.0881,20.3321,2673
"2026-09-09 18:00:00","2026-09-10 09:00:00","CAPE","surface",-69.0642,20.3321,2849
"2026-09-09 18:00:00","2026-09-10 09:00:00","CAPE","surface",-69.0402,20.3321,2792
"2026-09-09 18:00:00","2026-09-10 09:00:00","CAPE","surface",-69.0163,20.3321,2736
"2026-09-09 18:00:00","2026-09-10 09:00:00","CAPE","surface",-68.9924,20.3321,2749
"2026-09-09 18:00:00","2026-09-10 09:00:00","CAPE","surface",-68.9685,20.3321,2723
"2026-09-09 18:00:00","2026-09-10 09:00:00","CAPE","surface",-68.9445,20.3321,2770
"2026-09-09 18:00:00","2026-09-10 09:00:00","CAPE","surface",-68.9206,20.3321,2774
"2026-09-09 18:00:00","2026-09-10 09:00:00","CAPE","surface",-68.8967,20.3321,2791
"2026-09-09 18:00:00","2026-09-10 09:00:00","CAPE","surface",-68.8728,20.3321,2795
"2026-09-09 18:00:00","2026-09-10 09:00:00","CAPE","surface",-68.8488,20.3321,2804
"2026-09-09 18:00:00","2026-09-10 09:00:00","CAPE","surface",-68.8249,20.3321,2836
"2026-09-09 18:00:00","2026-09-10 09:00:00","CAPE","surface",-68.801,20.3321,2836
"2026-09-09 18:00:00","2026-09-10 09:00:00","CAPE","surface",-68.7771,20.3321,2853
"2026-09-09 18:00:00","2026-09-10 09:00:00","CAPE","surface",-68.7531,20.3321,2770
"2026-09-09 18:00:00","2026-09-10 09:00:00","CAPE","surface",-68.7292,20.3321,2925
"2026-09-09 18:00:00","2026-09-10 09:00:00","CAPE","surface",-68.7053,20.3321,2925
"2026-09-09 18:00:00","2026-09-10 09:00:00","CAPE","surface",-68.6813,20.3321,3011
"2026-09-09 18:00:00","2026-09-10 09:00:00","CAPE","surface",-68.6574,20.3321,3017
"2026-09-09 18:00:00","2026-09-10 09:00:00","CAPE","surface",-68.6335,20.3321,3008
"2026-09-09 18:00:00","2026-09-10 09:00:00","CAPE","surface",-68.6096,20.3321,2939
"2026-09-09 18:00:00","2026-09-10 09:00:00","CAPE","surface",-68.5856,20.3321,2939
"2026-09-09 18:00:00","2026-09-10 09:00:00","CAPE","surface",-68.5617,20.3321,2956
"2026-09-09 18:00:00","2026-09-10 09:00:00","CAPE","surface",-68.5378,20.3321,3070
"2026-09-09 18:00:00","2026-09-10 09:00:00","CAPE","surface",-68.5139,20.3321,3015
"2026-09-09 18:00:00","2026-09-10 09:00:00","CAPE","surface",-68.4899,20.3321,3015
"2026-09-09 18:00:00","2026-09-10 09:00:00","CAPE","surface",-68.466,20.3321,2842
"2026-09-09 18:00:00","2026-09-10 09:00:00","CAPE","surface",-68.4421,20.3321,2981
"2026-09-09 18:00:00","2026-09-10 09:00:00","CAPE","surface",-68.4182,20.3321,2839
"2026-09-09 18:00:00","2026-09-10 09:00:00","CAPE","surface",-68.3942,20.3321,2839
"2026-09-09 18:00:00","2026-09-10 09:00:00","CAPE","surface",-68.3703,20.3321,2834
"2026-09-09 18:00:00","2026-09-10 09:00:00","CAPE","surface",-68.3464,20.3321,2914
"2026-09-09 18:00:00","2026-09-10 09:00:00","CAPE","surface",-68.3225,20.3321,3149
"2026-09-09 18:00:00","2026-09-10 09:00:00","CAPE","surface",-68.2985,20.3321,2993
"2026-09-09 18:00:00","2026-09-10 09:00:00","CAPE","surface",-68.2746,20.3321,3212
"2026-09-09 18:00:00","2026-09-10 09:00:00","CAPE","surface",-68.2507,20.3321,3263
"2026-09-09 18:00:00","2026-09-10 09:00:00","CAPE","surface",-68.2268,20.3321,3369
"2026-09-09 18:00:00","2026-09-10 09:00:00","CAPE","surface",-68.2028,20.3321,3322
"2026-09-09 18:00:00","2026-09-10 09:00:00","CAPE","surface",-68.1789,20.3321,3435
"2026-09-09 18:00:00","2026-09-10 09:00:00","CAPE","surface",-68.155,20.3321,3263
"2026-09-09 18:00:00","2026-09-10 09:00:00","CAPE","surface",-68.1311,20.3321,2941
"2026-09-09 18:00:00","2026-09-10 09:00:00","CAPE","surface",-68.1071,20.3321,2941
"2026-09-09 18:00:00","2026-09-10 09:00:00","CAPE","surface",-68.0832,20.3321,2915
"2026-09-09 18:00:00","2026-09-10 09:00:00","CAPE","surface",-68.0593,20.3321,2965
"2026-09-09 18:00:00","2026-09-10 09:00:00","CAPE","surface",-68.0354,20.3321,2994
"2026-09-09 18:00:00","2026-09-10 09:00:00","CAPE","surface",-68.0114,20.3321,2994
"2026-09-09 18:00:00","2026-09-10 09:00:00","CAPE","surface",-67.9875,20.3321,3026
"2026-09-09 18:00:00","2026-09-10 09:00:00","CAPE","surface",-67.9636,20.3321,3205
"2026-09-09 18:00:00","2026-09-10 09:00:00","CAPE","surface",-67.9397,20.3321,3280
"2026-09-09 18:00:00","2026-09-10 09:00:00","CAPE","surface",-67.9157,20.3321,3280
"2026-09-09 18:00:00","2026-09-10 09:00:00","CAPE","surface",-67.8918,20.3321,3191
"2026-09-09 18:00:00","2026-09-10 09:00:00","CAPE","surface",-67.8679,20.3321,2993
"2026-09-09 18:00:00","2026-09-10 09:00:00","CAPE","surface",-67.844,20.3321,3092
"2026-09-09 18:00:00","2026-09-10 09:00:00","CAPE","surface",-67.82,20.3321,2830
"2026-09-09 18:00:00","2026-09-10 09:00:00","CAPE","surface",-67.7961,20.3321,2867
"2026-09-09 18:00:00","2026-09-10 09:00:00","CAPE","surface",-67.7722,20.3321,2818
"2026-09-09 18:00:00","2026-09-10 09:00:00","CAPE","surface",-67.7483,20.3321,2863
"2026-09-09 18:00:00","2026-09-10 09:00:00","CAPE","surface",-67.7243,20.3321,2776
"2026-09-09 18:00:00","2026-09-10 09:00:00","CAPE","surface",-67.7004,20.3321,2820
"2026-09-09 18:00:00","2026-09-10 09:00:00","CAPE","surface",-67.6765,20.3321,2814
"2026-09-09 18:00:00","2026-09-10 09:00:00","CAPE","surface",-67.6526,20.3321,2807
"2026-09-09 18:00:00","2026-09-10 09:00:00","CAPE","surface",-67.6286,20.3321,2807
"2026-09-09 18:00:00","2026-09-10 09:00:00","CAPE","surface",-67.6047,20.3321,2766
"2026-09-09 18:00:00","2026-09-10 09:00:00","CAPE","surface",-67.5808,20.3321,2762
"2026-09-09 18:00:00","2026-09-10 09:00:00","CAPE","surface",-67.5569,20.3321,2731
"2026-09-09 18:00:00","2026-09-10 09:00:00","CAPE","surface",-67.5329,20.3321,2731
"2026-09-09 18:00:00","2026-09-10 09:00:00","CAPE","surface",-67.509,20.3321,2745
"2026-09-09 18:00:00","2026-09-10 09:00:00","CAPE","surface",-67.4851,20.3321,2764
"2026-09-09 18:00:00","2026-09-10 09:00:00","CAPE","surface",-67.4612,20.3321,2805
"2026-09-09 18:00:00","2026-09-10 09:00:00","CAPE","surface",-67.4372,20.3321,2801
"2026-09-09 18:00:00","2026-09-10 09:00:00","CAPE","surface",-67.4133,20.3321,2839
"2026-09-09 18:00:00","2026-09-10 09:00:00","CAPE","surface",-67.3894,20.3321,2886
"2026-09-09 18:00:00","2026-09-10 09:00:00","CAPE","surface",-67.3655,20.3321,2944
"2026-09-09 18:00:00","2026-09-10 09:00:00","CAPE","surface",-67.3415,20.3321,2921
"2026-09-09 18:00:00","2026-09-10 09:00:00","CAPE","surface",-67.3176,20.3321,2999
"2026-09-09 18:00:00","2026-09-10 09:00:00","CAPE","surface",-67.2937,20.3321,3049
"2026-09-09 18:00:00","2026-09-10 09:00:00","CAPE","surface",-67.2698,20.3321,3129
"2026-09-09 18:00:00","2026-09-10 09:00:00","CAPE","surface",-67.2458,20.3321,3129
"2026-09-09 18:00:00","2026-09-10 09:00:00","CAPE","surface",-67.2219,20.3321,3293
"2026-09-09 18:00:00","2026-09-10 09:00:00","CAPE","surface",-67.198,20.3321,3321
"2026-09-09 18:00:00","2026-09-10 09:00:00","CAPE","surface",-67.1741,20.3321,3115
"2026-09-09 18:00:00","2026-09-10 09:00:00","CAPE","surface",-67.1501,20.3321,3115
"2026-09-09 18:00:00","2026-09-10 09:00:00","CAPE","surface",-67.1262,20.3321,2653
"2026-09-09 18:00:00","2026-09-10 09:00:00","CAPE","surface",-67.1023,20.3321,2673
"2026-09-09 18:00:00","2026-09-10 09:00:00","CAPE","surface",-67.0784,20.3321,2753
"2026-09-09 18:00:00","2026-09-10 09:00:00","CAPE","surface",-67.0544,20.3321,2774
"2026-09-09 18:00:00","2026-09-10 09:00:00","CAPE","surface",-67.0305,20.3321,2817
"2026-09-09 18:00:00","2026-09-10 09:00:00","CAPE","surface",-67.0066,20.3321,2811
"2026-09-09 18:00:00","2026-09-10 09:00:00","CAPE","surface",-74.7822,20.3546,2098
"2026-09-09 18:00:00","2026-09-10 09:00:00","CAPE","surface",-74.7583,20.3546,2248
"2026-09-09 18:00:00","2026-09-10 09:00:00","CAPE","surface",-74.7344,20.3546,2191
"2026-09-09 18:00:00","2026-09-10 09:00:00","CAPE","surface",-74.7105,20.3546,2399
"2026-09-09 18:00:00","2026-09-10 09:00:00","CAPE","surface",-74.6865,20.3546,2323
"2026-09-09 18:00:00","2026-09-10 09:00:00","CAPE","surface",-74.6626,20.3546,2411
"2026-09-09 18:00:00","2026-09-10 09:00:00","CAPE","surface",-74.6387,20.3546,2334
"2026-09-09 18:00:00","2026-09-10 09:00:00","CAPE","surface",-74.6148,20.3546,2406
"2026-09-09 18:00:00","2026-09-10 09:00:00","CAPE","surface",-74.5908,20.3546,2406
"2026-09-09 18:00:00","2026-09-10 09:00:00","CAPE","surface",-74.5669,20.3546,2489
"2026-09-09 18:00:00","2026-09-10 09:00:00","CAPE","surface",-74.543,20.3546,2467
"2026-09-09 18:00:00","2026-09-10 09:00:00","CAPE","surface",-74.5191,20.3546,2518
"2026-09-09 18:00:00","2026-09-10 09:00:00","CAPE","surface",-74.4951,20.3546,2480
"2026-09-09 18:00:00","2026-09-10 09:00:00","CAPE","surface",-74.4712,20.3546,2895
"2026-09-09 18:00:00","2026-09-10 09:00:00","CAPE","surface",-74.4473,20.3546,2895
"2026-09-09 18:00:00","2026-09-10 09:00:00","CAPE","surface",-74.4234,20.3546,2918
"2026-09-09 18:00:00","2026-09-10 09:00:00","CAPE","surface",-74.3994,20.3546,2906
"2026-09-09 18:00:00","2026-09-10 09:00:00","CAPE","surface",-74.3755,20.3546,2919
"2026-09-09 18:00:00","2026-09-10 09:00:00","CAPE","surface",-74.3516,20.3546,2877
"2026-09-09 18:00:00","2026-09-10 09:00:00","CAPE","surface",-74.3277,20.3546,2837
"2026-09-09 18:00:00","2026-09-10 09:00:00","CAPE","surface",-74.3037,20.3546,2849
"2026-09-09 18:00:00","2026-09-10 09:00:00","CAPE","surface",-74.2798,20.3546,2909
"2026-09-09 18:00:00","2026-09-10 09:00:00","CAPE","surface",-74.2559,20.3546,2947
"2026-09-09 18:00:00","2026-09-10 09:00:00","CAPE","surface",-74.232,20.3546,3004
"2026-09-09 18:00:00","2026-09-10 09:00:00","CAPE","surface",-74.208,20.3546,3004
"2026-09-09 18:00:00","2026-09-10 09:00:00","CAPE","surface",-74.1841,20.3546,3137
"2026-09-09 18:00:00","2026-09-10 09:00:00","CAPE","surface",-74.1602,20.3546,3070
"2026-09-09 18:00:00","2026-09-10 09:00:00","CAPE","surface",-74.1363,20.3546,3063
"2026-09-09 18:00:00","2026-09-10 09:00:00","CAPE","surface",-74.1123,20.3546,3001
"2026-09-09 18:00:00","2026-09-10 09:00:00","CAPE","surface",-74.0884,20.3546,3005
"2026-09-09 18:00:00","2026-09-10 09:00:00","CAPE","surface",-74.0645,20.3546,3005
"2026-09-09 18:00:00","2026-09-10 09:00:00","CAPE","surface",-74.0406,20.3546,3005
"2026-09-09 18:00:00","2026-09-10 09:00:00","CAPE","surface",-74.0166,20.3546,2973
"2026-09-09 18:00:00","2026-09-10 09:00:00","CAPE","surface",-73.9927,20.3546,2985
"2026-09-09 18:00:00","2026-09-10 09:00:00","CAPE","surface",-73.9688,20.3546,2965
"2026-09-09 18:00:00","2026-09-10 09:00:00","CAPE","surface",-73.9449,20.3546,2984
"2026-09-09 18:00:00","2026-09-10 09:00:00","CAPE","surface",-73.9209,20.3546,2954
"2026-09-09 18:00:00","2026-09-10 09:00:00","CAPE","surface",-73.897,20.3546,2976
"2026-09-09 18:00:00","2026-09-10 09:00:00","CAPE","surface",-73.8731,20.3546,2925
"2026-09-09 18:00:00","2026-09-10 09:00:00","CAPE","surface",-73.8492,20.3546,3025
"2026-09-09 18:00:00","2026-09-10 09:00:00","CAPE","surface",-73.8252,20.3546,3025
"2026-09-09 18:00:00","2026-09-10 09:00:00","CAPE","surface",-73.8013,20.3546,3111
"2026-09-09 18:00:00","2026-09-10 09:00:00","CAPE","surface",-73.7774,20.3546,2977
"2026-09-09 18:00:00","2026-09-10 09:00:00","CAPE","surface",-73.7535,20.3546,3034
"2026-09-09 18:00:00","2026-09-10 09:00:00","CAPE","surface",-73.7295,20.3546,2823
"2026-09-09 18:00:00","2026-09-10 09:00:00","CAPE","surface",-73.7056,20.3546,3054
"2026-09-09 18:00:00","2026-09-10 09:00:00","CAPE","surface",-73.6817,20.3546,2836
"2026-09-09 18:00:00","2026-09-10 09:00:00","CAPE","surface",-73.6578,20.3546,2856
"2026-09-09 18:00:00","2026-09-10 09:00:00","CAPE","surface",-73.6338,20.3546,2693
"2026-09-09 18:00:00","2026-09-10 09:00:00","CAPE","surface",-73.6099,20.3546,2654
"2026-09-09 18:00:00","2026-09-10 09:00:00","CAPE","surface",-73.586,20.3546,2654
"2026-09-09 18:00:00","2026-09-10 09:00:00","CAPE","surface",-73.5621,20.3546,2597
"2026-09-09 18:00:00","2026-09-10 09:00:00","CAPE","surface",-73.5381,20.3546,2575
"2026-09-09 18:00:00","2026-09-10 09:00:00","CAPE","surface",-73.5142,20.3546,2622
"2026-09-09 18:00:00","2026-09-10 09:00:00","CAPE","surface",-73.4903,20.3546,2600
"2026-09-09 18:00:00","2026-09-10 09:00:00","CAPE","surface",-73.4664,20.3546,2659
"2026-09-09 18:00:00","2026-09-10 09:00:00","CAPE","surface",-73.4424,20.3546,2605
"2026-09-09 18:00:00","2026-09-10 09:00:00","CAPE","surface",-73.4185,20.3546,2572
"2026-09-09 18:00:00","2026-09-10 09:00:00","CAPE","surface",-73.3946,20.3546,2534
"2026-09-09 18:00:00","2026-09-10 09:00:00","CAPE","surface",-73.3707,20.3546,2592
"2026-09-09 18:00:00","2026-09-10 09:00:00","CAPE","surface",-73.3467,20.3546,2571
"2026-09-09 18:00:00","2026-09-10 09:00:00","CAPE","surface",-73.3228,20.3546,2688
"2026-09-09 18:00:00","2026-09-10 09:00:00","CAPE","surface",-73.2989,20.3546,2646
"2026-09-09 18:00:00","2026-09-10 09:00:00","CAPE","surface",-73.275,20.3546,2725
"2026-09-09 18:00:00","2026-09-10 09:00:00","CAPE","surface",-73.251,20.3546,2680
"2026-09-09 18:00:00","2026-09-10 09:00:00","CAPE","surface",-73.2271,20.3546,2768
"2026-09-09 18:00:00","2026-09-10 09:00:00","CAPE","surface",-73.2032,20.3546,2768
"2026-09-09 18:00:00","2026-09-10 09:00:00","CAPE","surface",-73.1793,20.3546,2830
"2026-09-09 18:00:00","2026-09-10 09:00:00","CAPE","surface",-73.1553,20.3546,2818
"2026-09-09 18:00:00","2026-09-10 09:00:00","CAPE","surface",-73.1314,20.3546,2849
"2026-09-09 18:00:00","2026-09-10 09:00:00","CAPE","surface",-73.1075,20.3546,2848
"2026-09-09 18:00:00","2026-09-10 09:00:00","CAPE","surface",-73.0836,20.3546,2865
"2026-09-09 18:00:00","2026-09-10 09:00:00","CAPE","surface",-73.0596,20.3546,2878
"2026-09-09 18:00:00","2026-09-10 09:00:00","CAPE","surface",-73.0357,20.3546,2773
"2026-09-09 18:00:00","2026-09-10 09:00:00","CAPE","surface",-73.0118,20.3546,2653
"2026-09-09 18:00:00","2026-09-10 09:00:00","CAPE","surface",-72.9879,20.3546,2703
"2026-09-09 18:00:00","2026-09-10 09:00:00","CAPE","surface",-72.9639,20.3546,2604
"2026-09-09 18:00:00","2026-09-10 09:00:00","CAPE","surface",-72.94,20.3546,2628
"2026-09-09 18:00:00","2026-09-10 09:00:00","CAPE","surface",-72.9161,20.3546,2634
"2026-09-09 18:00:00","2026-09-10 09:00:00","CAPE","surface",-72.8922,20.3546,2645
"2026-09-09 18:00:00","2026-09-10 09:00:00","CAPE","surface",-72.8682,20.3546,2685
"2026-09-09 18:00:00","2026-09-10 09:00:00","CAPE","surface",-72.8443,20.3546,2685
"2026-09-09 18:00:00","2026-09-10 09:00:00","CAPE","surface",-72.8204,20.3546,2597
"2026-09-09 18:00:00","2026-09-10 09:00:00","CAPE","surface",-72.7965,20.3546,2586
"2026-09-09 18:00:00","2026-09-10 09:00:00","CAPE","surface",-72.7725,20.3546,2431
"2026-09-09 18:00:00","2026-09-10 09:00:00","CAPE","surface",-72.7486,20.3546,2436
"2026-09-09 18:00:00","2026-09-10 09:00:00","CAPE","surface",-72.7247,20.3546,2343
"2026-09-09 18:00:00","2026-09-10 09:00:00","CAPE","surface",-72.7008,20.3546,2345
"2026-09-09 18:00:00","2026-09-10 09:00:00","CAPE","surface",-72.6768,20.3546,2323
"2026-09-09 18:00:00","2026-09-10 09:00:00","CAPE","surface",-72.6529,20.3546,2357
"2026-09-09 18:00:00","2026-09-10 09:00:00","CAPE","surface",-72.629,20.3546,2304
"2026-09-09 18:00:00","2026-09-10 09:00:00","CAPE","surface",-72.6051,20.3546,2330
"2026-09-09 18:00:00","2026-09-10 09:00:00","CAPE","surface",-72.5811,20.3546,2302
"2026-09-09 18:00:00","2026-09-10 09:00:00","CAPE","surface",-72.5572,20.3546,2346
"2026-09-09 18:00:00","2026-09-10 09:00:00","CAPE","surface",-72.5333,20.3546,2343
"2026-09-09 18:00:00","2026-09-10 09:00:00","CAPE","surface",-72.5094,20.3546,2343
"2026-09-09 18:00:00","2026-09-10 09:00:00","CAPE","surface",-72.4854,20.3546,2318
"2026-09-09 18:00:00","2026-09-10 09:00:00","CAPE","surface",-72.4615,20.3546,2332
"2026-09-09 18:00:00","2026-09-10 09:00:00","CAPE","surface",-72.4376,20.3546,2407
"2026-09-09 18:00:00","2026-09-10 09:00:00","CAPE","surface",-72.4137,20.3546,2466
"2026-09-09 18:00:00","2026-09-10 09:00:00","CAPE","surface",-72.3897,20.3546,2548
"2026-09-09 18:00:00","2026-09-10 09:00:00","CAPE","surface",-72.3658,20.3546,2600
"2026-09-09 18:00:00","2026-09-10 09:00:00","CAPE","surface",-72.3419,20.3546,2687
"2026-09-09 18:00:00","2026-09-10 09:00:00","CAPE","surface",-72.318,20.3546,2699
"2026-09-09 18:00:00","2026-09-10 09:00:00","CAPE","surface",-72.294,20.3546,2763
"2026-09-09 18:00:00","2026-09-10 09:00:00","CAPE","surface",-72.2701,20.3546,2763
"2026-09-09 18:00:00","2026-09-10 09:00:00","CAPE","surface",-72.2462,20.3546,2715
"2026-09-09 18:00:00","2026-09-10 09:00:00","CAPE","surface",-72.2223,20.3546,2483
"2026-09-09 18:00:00","2026-09-10 09:00:00","CAPE","surface",-72.1983,20.3546,2383
"2026-09-09 18:00:00","2026-09-10 09:00:00","CAPE","surface",-72.1744,20.3546,2352
"2026-09-09 18:00:00","2026-09-10 09:00:00","CAPE","surface",-72.1505,20.3546,2352
"2026-09-09 18:00:00","2026-09-10 09:00:00","CAPE","surface",-72.1266,20.3546,2444
"2026-09-09 18:00:00","2026-09-10 09:00:00","CAPE","surface",-72.1026,20.3546,2578
"2026-09-09 18:00:00","2026-09-10 09:00:00","CAPE","surface",-72.0787,20.3546,2549
"2026-09-09 18:00:00","2026-09-10 09:00:00","CAPE","surface",-72.0548,20.3546,2593
"2026-09-09 18:00:00","2026-09-10 09:00:00","CAPE","surface",-72.0309,20.3546,2487
"2026-09-09 18:00:00","2026-09-10 09:00:00","CAPE","surface",-72.0069,20.3546,2524
"2026-09-09 18:00:00","2026-09-10 09:00:00","CAPE","surface",-71.983,20.3546,2522
"2026-09-09 18:00:00","2026-09-10 09:00:00","CAPE","surface",-71.9591,20.3546,2619
"2026-09-09 18:00:00","2026-09-10 09:00:00","CAPE","surface",-71.9352,20.3546,2550
"2026-09-09 18:00:00","2026-09-10 09:00:00","CAPE","surface",-71.9112,20.3546,2655
"2026-09-09 18:00:00","2026-09-10 09:00:00","CAPE","surface",-71.8873,20.3546,2662
"2026-09-09 18:00:00","2026-09-10 09:00:00","CAPE","surface",-71.8634,20.3546,2805
"2026-09-09 18:00:00","2026-09-10 09:00:00","CAPE","surface",-71.8395,20.3546,2528
"2026-09-09 18:00:00","2026-09-10 09:00:00","CAPE","surface",-71.8155,20.3546,2528
"2026-09-09 18:00:00","2026-09-10 09:00:00","CAPE","surface",-71.7916,20.3546,2407
"2026-09-09 18:00:00","2026-09-10 09:00:00","CAPE","surface",-71.7677,20.3546,2536
"2026-09-09 18:00:00","2026-09-10 09:00:00","CAPE","surface",-71.7438,20.3546,2538
"2026-09-09 18:00:00","2026-09-10 09:00:00","CAPE","surface",-71.7198,20.3546,2632
"2026-09-09 18:00:00","2026-09-10 09:00:00","CAPE","surface",-71.6959,20.3546,2532
"2026-09-09 18:00:00","2026-09-10 09:00:00","CAPE","surface",-71.672,20.3546,2473
"2026-09-09 18:00:00","2026-09-10 09:00:00","CAPE","surface",-71.6481,20.3546,2377
"2026-09-09 18:00:00","2026-09-10 09:00:00","CAPE","surface",-71.6241,20.3546,2199
"2026-09-09 18:00:00","2026-09-10 09:00:00","CAPE","surface",-71.6002,20.3546,2199
"2026-09-09 18:00:00","2026-09-10 09:00:00","CAPE","surface",-71.5763,20.3546,2160
"2026-09-09 18:00:00","2026-09-10 09:00:00","CAPE","surface",-71.5524,20.3546,2162
"2026-09-09 18:00:00","2026-09-10 09:00:00","CAPE","surface",-71.5284,20.3546,2210
"2026-09-09 18:00:00","2026-09-10 09:00:00","CAPE","surface",-71.5045,20.3546,2241
"2026-09-09 18:00:00","2026-09-10 09:00:00","CAPE","surface",-71.4806,20.3546,2338
"2026-09-09 18:00:00","2026-09-10 09:00:00","CAPE","surface",-71.4567,20.3546,2327
"2026-09-09 18:00:00","2026-09-10 09:00:00","CAPE","surface",-71.4327,20.3546,2468
"2026-09-09 18:00:00","2026-09-10 09:00:00","CAPE","surface",-71.4088,20.3546,2450
"2026-09-09 18:00:00","2026-09-10 09:00:00","CAPE","surface",-71.3849,20.3546,2624
"2026-09-09 18:00:00","2026-09-10 09:00:00","CAPE","surface",-71.361,20.3546,2624
"2026-09-09 18:00:00","2026-09-10 09:00:00","CAPE","surface",-71.337,20.3546,2726
"2026-09-09 18:00:00","2026-09-10 09:00:00","CAPE","surface",-71.3131,20.3546,2748
"2026-09-09 18:00:00","2026-09-10 09:00:00","CAPE","surface",-71.2892,20.3546,2764
"2026-09-09 18:00:00","2026-09-10 09:00:00","CAPE","surface",-71.2653,20.3546,2764
"2026-09-09 18:00:00","2026-09-10 09:00:00","CAPE","surface",-71.2413,20.3546,2687
"2026-09-09 18:00:00","2026-09-10 09:00:00","CAPE","surface",-71.2174,20.3546,2423
"2026-09-09 18:00:00","2026-09-10 09:00:00","CAPE","surface",-71.1935,20.3546,2463
"2026-09-09 18:00:00","2026-09-10 09:00:00","CAPE","surface",-71.1696,20.3546,2326
"2026-09-09 18:00:00","2026-09-10 09:00:00","CAPE","surface",-71.1456,20.3546,2326
"2026-09-09 18:00:00","2026-09-10 09:00:00","CAPE","surface",-71.1217,20.3546,2340
"2026-09-09 18:00:00","2026-09-10 09:00:00","CAPE","surface",-71.0978,20.3546,2446
"2026-09-09 18:00:00","2026-09-10 09:00:00","CAPE","surface",-71.0739,20.3546,2663
"2026-09-09 18:00:00","2026-09-10 09:00:00","CAPE","surface",-71.0499,20.3546,2663
"2026-09-09 18:00:00","2026-09-10 09:00:00","CAPE","surface",-71.026,20.3546,2775
"2026-09-09 18:00:00","2026-09-10 09:00:00","CAPE","surface",-71.0021,20.3546,2783
"2026-09-09 18:00:00","2026-09-10 09:00:00","CAPE","surface",-70.9782,20.3546,2746
"2026-09-09 18:00:00","2026-09-10 09:00:00","CAPE","surface",-70.9542,20.3546,2765
"2026-09-09 18:00:00","2026-09-10 09:00:00","CAPE","surface",-70.9303,20.3546,2821
"2026-09-09 18:00:00","2026-09-10 09:00:00","CAPE","surface",-70.9064,20.3546,2932
"2026-09-09 18:00:00","2026-09-10 09:00:00","CAPE","surface",-70.8825,20.3546,3052
"2026-09-09 18:00:00","2026-09-10 09:00:00","CAPE","surface",-70.8585,20.3546,3129
"2026-09-09 18:00:00","2026-09-10 09:00:00","CAPE","surface",-70.8346,20.3546,3131
"2026-09-09 18:00:00","2026-09-10 09:00:00","CAPE","surface",-70.8107,20.3546,3040
"2026-09-09 18:00:00","2026-09-10 09:00:00","CAPE","surface",-70.7868,20.3546,2970
"2026-09-09 18:00:00","2026-09-10 09:00:00","CAPE","surface",-70.7628,20.3546,2639
"2026-09-09 18:00:00","2026-09-10 09:00:00","CAPE","surface",-70.7389,20.3546,2526
"2026-09-09 18:00:00","2026-09-10 09:00:00","CAPE","surface",-70.715,20.3546,2557
"2026-09-09 18:00:00","2026-09-10 09:00:00","CAPE","surface",-70.6911,20.3546,2547
"2026-09-09 18:00:00","2026-09-10 09:00:00","CAPE","surface",-70.6671,20.3546,2790
"2026-09-09 18:00:00","2026-09-10 09:00:00","CAPE","surface",-70.6432,20.3546,2842
"2026-09-09 18:00:00","2026-09-10 09:00:00","CAPE","surface",-70.6193,20.3546,3020
"2026-09-09 18:00:00","2026-09-10 09:00:00","CAPE","surface",-70.5954,20.3546,3029
"2026-09-09 18:00:00","2026-09-10 09:00:00","CAPE","surface",-70.5714,20.3546,2999
"2026-09-09 18:00:00","2026-09-10 09:00:00","CAPE","surface",-70.5475,20.3546,2803
"2026-09-09 18:00:00","2026-09-10 09:00:00","CAPE","surface",-70.5236,20.3546,2431
"2026-09-09 18:00:00","2026-09-10 09:00:00","CAPE","surface",-70.4997,20.3546,2431
"2026-09-09 18:00:00","2026-09-10 09:00:00","CAPE","surface",-70.4757,20.3546,2392
"2026-09-09 18:00:00","2026-09-10 09:00:00","CAPE","surface",-70.4518,20.3546,2745
"2026-09-09 18:00:00","2026-09-10 09:00:00","CAPE","surface",-70.4279,20.3546,2886
"2026-09-09 18:00:00","2026-09-10 09:00:00","CAPE","surface",-70.404,20.3546,3063
"2026-09-09 18:00:00","2026-09-10 09:00:00","CAPE","surface",-70.38,20.3546,3054
"2026-09-09 18:00:00","2026-09-10 09:00:00","CAPE","surface",-70.3561,20.3546,2825
"2026-09-09 18:00:00","2026-09-10 09:00:00","CAPE","surface",-70.3322,20.3546,2722
"2026-09-09 18:00:00","2026-09-10 09:00:00","CAPE","surface",-70.3083,20.3546,2723
"2026-09-09 18:00:00","2026-09-10 09:00:00","CAPE","surface",-70.2843,20.3546,2723
"2026-09-09 18:00:00","2026-09-10 09:00:00","CAPE","surface",-70.2604,20.3546,2794
"2026-09-09 18:00:00","2026-09-10 09:00:00","CAPE","surface",-70.2365,20.3546,2889
"2026-09-09 18:00:00","2026-09-10 09:00:00","CAPE","surface",-70.2126,20.3546,2882
"2026-09-09 18:00:00","2026-09-10 09:00:00","CAPE","surface",-70.1886,20.3546,2882
"2026-09-09 18:00:00","2026-09-10 09:00:00","CAPE","surface",-70.1647,20.3546,2881
"2026-09-09 18:00:00","2026-09-10 09:00:00","CAPE","surface",-70.1408,20.3546,3115
"2026-09-09 18:00:00","2026-09-10 09:00:00","CAPE","surface",-70.1169,20.3546,3204
"2026-09-09 18:00:00","2026-09-10 09:00:00","CAPE","surface",-70.0929,20.3546,3176
"2026-09-09 18:00:00","2026-09-10 09:00:00","CAPE","surface",-70.069,20.3546,3176
"2026-09-09 18:00:00","2026-09-10 09:00:00","CAPE","surface",-70.0451,20.3546,3096
"2026-09-09 18:00:00","2026-09-10 09:00:00","CAPE","surface",-70.0212,20.3546,3070
"2026-09-09 18:00:00","2026-09-10 09:00:00","CAPE","surface",-69.9972,20.3546,2968
"2026-09-09 18:00:00","2026-09-10 09:00:00","CAPE","surface",-69.9733,20.3546,2968
"2026-09-09 18:00:00","2026-09-10 09:00:00","CAPE","surface",-69.9494,20.3546,2835
"2026-09-09 18:00:00","2026-09-10 09:00:00","CAPE","surface",-69.9255,20.3546,2091
"2026-09-09 18:00:00","2026-09-10 09:00:00","CAPE","surface",-69.9015,20.3546,911
"2026-09-09 18:00:00","2026-09-10 09:00:00","CAPE","surface",-69.8776,20.3546,911
"2026-09-09 18:00:00","2026-09-10 09:00:00","CAPE","surface",-69.8537,20.3546,442
"2026-09-09 18:00:00","2026-09-10 09:00:00","CAPE","surface",-69.8298,20.3546,395
"2026-09-09 18:00:00","2026-09-10 09:00:00","CAPE","surface",-69.8058,20.3546,399
"2026-09-09 18:00:00","2026-09-10 09:00:00","CAPE","surface",-69.7819,20.3546,335
"2026-09-09 18:00:00","2026-09-10 09:00:00","CAPE","surface",-69.758,20.3546,335
"2026-09-09 18:00:00","2026-09-10 09:00:00","CAPE","surface",-69.7341,20.3546,138
"2026-09-09 18:00:00","2026-09-10 09:00:00","CAPE","surface",-69.7101,20.3546,0
"2026-09-09 18:00:00","2026-09-10 09:00:00","CAPE","surface",-69.6862,20.3546,0
"2026-09-09 18:00:00","2026-09-10 09:00:00","CAPE","surface",-69.6623,20.3546,0
"2026-09-09 18:00:00","2026-09-10 09:00:00","CAPE","surface",-69.6384,20.3546,0
"2026-09-09 18:00:00","2026-09-10 09:00:00","CAPE","surface",-69.6144,20.3546,0
"2026-09-09 18:00:00","2026-09-10 09:00:00","CAPE","surface",-69.5905,20.3546,0
"2026-09-09 18:00:00","2026-09-10 09:00:00","CAPE","surface",-69.5666,20.3546,0
"2026-09-09 18:00:00","2026-09-10 09:00:00","CAPE","surface",-69.5427,20.3546,409
"2026-09-09 18:00:00","2026-09-10 09:00:00","CAPE","surface",-69.5187,20.3546,847
"2026-09-09 18:00:00","2026-09-10 09:00:00","CAPE","surface",-69.4948,20.3546,2057
"2026-09-09 18:00:00","2026-09-10 09:00:00","CAPE","surface",-69.4709,20.3546,2769
"2026-09-09 18:00:00","2026-09-10 09:00:00","CAPE","surface",-69.447,20.3546,2769
"2026-09-09 18:00:00","2026-09-10 09:00:00","CAPE","surface",-69.423,20.3546,2743
"2026-09-09 18:00:00","2026-09-10 09:00:00","CAPE","surface",-69.3991,20.3546,2784
"2026-09-09 18:00:00","2026-09-10 09:00:00","CAPE","surface",-69.3752,20.3546,2907
"2026-09-09 18:00:00","2026-09-10 09:00:00","CAPE","surface",-69.3513,20.3546,2907
"2026-09-09 18:00:00","2026-09-10 09:00:00","CAPE","surface",-69.3273,20.3546,2953
"2026-09-09 18:00:00","2026-09-10 09:00:00","CAPE","surface",-69.3034,20.3546,2994
"2026-09-09 18:00:00","2026-09-10 09:00:00","CAPE","surface",-69.2795,20.3546,3127
"2026-09-09 18:00:00","2026-09-10 09:00:00","CAPE","surface",-69.2556,20.3546,3127
"2026-09-09 18:00:00","2026-09-10 09:00:00","CAPE","surface",-69.2316,20.3546,3134
"2026-09-09 18:00:00","2026-09-10 09:00:00","CAPE","surface",-69.2077,20.3546,2371
"2026-09-09 18:00:00","2026-09-10 09:00:00","CAPE","surface",-69.1838,20.3546,2390
"2026-09-09 18:00:00","2026-09-10 09:00:00","CAPE","surface",-69.1599,20.3546,2300
"2026-09-09 18:00:00","2026-09-10 09:00:00","CAPE","surface",-69.1359,20.3546,2523
"2026-09-09 18:00:00","2026-09-10 09:00:00","CAPE","surface",-69.112,20.3546,2658
"2026-09-09 18:00:00","2026-09-10 09:00:00","CAPE","surface",-69.0881,20.3546,2673
"2026-09-09 18:00:00","2026-09-10 09:00:00","CAPE","surface",-69.0642,20.3546,2685
"2026-09-09 18:00:00","2026-09-10 09:00:00","CAPE","surface",-69.0402,20.3546,2794
"2026-09-09 18:00:00","2026-09-10 09:00:00","CAPE","surface",-69.0163,20.3546,2820
"2026-09-09 18:00:00","2026-09-10 09:00:00","CAPE","surface",-68.9924,20.3546,2749
"2026-09-09 18:00:00","2026-09-10 09:00:00","CAPE","surface",-68.9685,20.3546,2765
"2026-09-09 18:00:00","2026-09-10 09:00:00","CAPE","surface",-68.9445,20.3546,2782
"2026-09-09 18:00:00","2026-09-10 09:00:00","CAPE","surface",-68.9206,20.3546,2796
"2026-09-09 18:00:00","2026-09-10 09:00:00","CAPE","surface",-68.8967,20.3546,2788
"2026-09-09 18:00:00","2026-09-10 09:00:00","CAPE","surface",-68.8728,20.3546,2782
"2026-09-09 18:00:00","2026-09-10 09:00:00","CAPE","surface",-68.8488,20.3546,2846
"2026-09-09 18:00:00","2026-09-10 09:00:00","CAPE","surface",-68.8249,20.3546,2844
"2026-09-09 18:00:00","2026-09-10 09:00:00","CAPE","surface",-68.801,20.3546,2955
"2026-09-09 18:00:00","2026-09-10 09:00:00","CAPE","surface",-68.7771,20.3546,2853
"2026-09-09 18:00:00","2026-09-10 09:00:00","CAPE","surface",-68.7531,20.3546,3185
"2026-09-09 18:00:00","2026-09-10 09:00:00","CAPE","surface",-68.7292,20.3546,3026
"2026-09-09 18:00:00","2026-09-10 09:00:00","CAPE","surface",-68.7053,20.3546,3093
"2026-09-09 18:00:00","2026-09-10 09:00:00","CAPE","surface",-68.6813,20.3546,3035
"2026-09-09 18:00:00","2026-09-10 09:00:00","CAPE","surface",-68.6574,20.3546,3035
"2026-09-09 18:00:00","2026-09-10 09:00:00","CAPE","surface",-68.6335,20.3546,2893
"2026-09-09 18:00:00","2026-09-10 09:00:00","CAPE","surface",-68.6096,20.3546,2913
"2026-09-09 18:00:00","2026-09-10 09:00:00","CAPE","surface",-68.5856,20.3546,2879
"2026-09-09 18:00:00","2026-09-10 09:00:00","CAPE","surface",-68.5617,20.3546,2879
"2026-09-09 18:00:00","2026-09-10 09:00:00","CAPE","surface",-68.5378,20.3546,2843
"2026-09-09 18:00:00","2026-09-10 09:00:00","CAPE","surface",-68.5139,20.3546,2899
"2026-09-09 18:00:00","2026-09-10 09:00:00","CAPE","surface",-68.4899,20.3546,2792
"2026-09-09 18:00:00","2026-09-10 09:00:00","CAPE","surface",-68.466,20.3546,2751
"2026-09-09 18:00:00","2026-09-10 09:00:00","CAPE","surface",-68.4421,20.3546,2731
"2026-09-09 18:00:00","2026-09-10 09:00:00","CAPE","surface",-68.4182,20.3546,2750
"2026-09-09 18:00:00","2026-09-10 09:00:00","CAPE","surface",-68.3942,20.3546,2783
"2026-09-09 18:00:00","2026-09-10 09:00:00","CAPE","surface",-68.3703,20.3546,2831
"2026-09-09 18:00:00","2026-09-10 09:00:00","CAPE","surface",-68.3464,20.3546,2841
"2026-09-09 18:00:00","2026-09-10 09:00:00","CAPE","surface",-68.3225,20.3546,2872
"2026-09-09 18:00:00","2026-09-10 09:00:00","CAPE","surface",-68.2985,20.3546,2993
"2026-09-09 18:00:00","2026-09-10 09:00:00","CAPE","surface",-68.2746,20.3546,3035
"2026-09-09 18:00:00","2026-09-10 09:00:00","CAPE","surface",-68.2507,20.3546,3035
"2026-09-09 18:00:00","2026-09-10 09:00:00","CAPE","surface",-68.2268,20.3546,3086
"2026-09-09 18:00:00","2026-09-10 09:00:00","CAPE","surface",-68.2028,20.3546,3023
"2026-09-09 18:00:00","2026-09-10 09:00:00","CAPE","surface",-68.1789,20.3546,3137
"2026-09-09 18:00:00","2026-09-10 09:00:00","CAPE","surface",-68.155,20.3546,2898
"2026-09-09 18:00:00","2026-09-10 09:00:00","CAPE","surface",-68.1311,20.3546,2885
"2026-09-09 18:00:00","2026-09-10 09:00:00","CAPE","surface",-68.1071,20.3546,2871
"2026-09-09 18:00:00","2026-09-10 09:00:00","CAPE","surface",-68.0832,20.3546,2915
"2026-09-09 18:00:00","2026-09-10 09:00:00","CAPE","surface",-68.0593,20.3546,2902
"2026-09-09 18:00:00","2026-09-10 09:00:00","CAPE","surface",-68.0354,20.3546,2947
"2026-09-09 18:00:00","2026-09-10 09:00:00","CAPE","surface",-68.0114,20.3546,2959
"2026-09-09 18:00:00","2026-09-10 09:00:00","CAPE","surface",-67.9875,20.3546,2940
"2026-09-09 18:00:00","2026-09-10 09:00:00","CAPE","surface",-67.9636,20.3546,2940
"2026-09-09 18:00:00","2026-09-10 09:00:00","CAPE","surface",-67.9397,20.3546,2886
"2026-09-09 18:00:00","2026-09-10 09:00:00","CAPE","surface",-67.9157,20.3546,3031
"2026-09-09 18:00:00","2026-09-10 09:00:00","CAPE","surface",-67.8918,20.3546,2879
"2026-09-09 18:00:00","2026-09-10 09:00:00","CAPE","surface",-67.8679,20.3546,2879
"2026-09-09 18:00:00","2026-09-10 09:00:00","CAPE","surface",-67.844,20.3546,2795
"2026-09-09 18:00:00","2026-09-10 09:00:00","CAPE","surface",-67.82,20.3546,2830
"2026-09-09 18:00:00","2026-09-10 09:00:00","CAPE","surface",-67.7961,20.3546,2779
"2026-09-09 18:00:00","2026-09-10 09:00:00","CAPE","surface",-67.7722,20.3546,2726
"2026-09-09 18:00:00","2026-09-10 09:00:00","CAPE","surface",-67.7483,20.3546,2752
"2026-09-09 18:00:00","2026-09-10 09:00:00","CAPE","surface",-67.7243,20.3546,2743
"2026-09-09 18:00:00","2026-09-10 09:00:00","CAPE","surface",-67.7004,20.3546,2776
"2026-09-09 18:00:00","2026-09-10 09:00:00","CAPE","surface",-67.6765,20.3546,2777
"2026-09-09 18:00:00","2026-09-10 09:00:00","CAPE","surface",-67.6526,20.3546,2788
"2026-09-09 18:00:00","2026-09-10 09:00:00","CAPE","surface",-67.6286,20.3546,2780
"2026-09-09 18:00:00","2026-09-10 09:00:00","CAPE","surface",-67.6047,20.3546,2766
"2026-09-09 18:00:00","2026-09-10 09:00:00","CAPE","surface",-67.5808,20.3546,2731
"2026-09-09 18:00:00","2026-09-10 09:00:00","CAPE","surface",-67.5569,20.3546,2711
"2026-09-09 18:00:00","2026-09-10 09:00:00","CAPE","surface",-67.5329,20.3546,2718
"2026-09-09 18:00:00","2026-09-10 09:00:00","CAPE","surface",-67.509,20.3546,2739
"2026-09-09 18:00:00","2026-09-10 09:00:00","CAPE","surface",-67.4851,20.3546,2739
"2026-09-09 18:00:00","2026-09-10 09:00:00","CAPE","surface",-67.4612,20.3546,2775
"2026-09-09 18:00:00","2026-09-10 09:00:00","CAPE","surface",-67.4372,20.3546,2801
"2026-09-09 18:00:00","2026-09-10 09:00:00","CAPE","surface",-67.4133,20.3546,2855
"2026-09-09 18:00:00","2026-09-10 09:00:00","CAPE","surface",-67.3894,20.3546,2855
"2026-09-09 18:00:00","2026-09-10 09:00:00","CAPE","surface",-67.3655,20.3546,2878
"2026-09-09 18:00:00","2026-09-10 09:00:00","CAPE","surface",-67.3415,20.3546,2906
"2026-09-09 18:00:00","2026-09-10 09:00:00","CAPE","surface",-67.3176,20.3546,2970
"2026-09-09 18:00:00","2026-09-10 09:00:00","CAPE","surface",-67.2937,20.3546,3000
"2026-09-09 18:00:00","2026-09-10 09:00:00","CAPE","surface",-67.2698,20.3546,3049
"2026-09-09 18:00:00","2026-09-10 09:00:00","CAPE","surface",-67.2458,20.3546,3269
"2026-09-09 18:00:00","2026-09-10 09:00:00","CAPE","surface",-67.2219,20.3546,3269
"2026-09-09 18:00:00","2026-09-10 09:00:00","CAPE","surface",-67.198,20.3546,3328
"2026-09-09 18:00:00","2026-09-10 09:00:00","CAPE","surface",-67.1741,20.3546,3220
"2026-09-09 18:00:00","2026-09-10 09:00:00","CAPE","surface",-67.1501,20.3546,2741
"2026-09-09 18:00:00","2026-09-10 09:00:00","CAPE","surface",-67.1262,20.3546,2605
"2026-09-09 18:00:00","2026-09-10 09:00:00","CAPE","surface",-67.1023,20.3546,2613
"2026-09-09 18:00:00","2026-09-10 09:00:00","CAPE","surface",-67.0784,20.3546,2702
"2026-09-09 18:00:00","2026-09-10 09:00:00","CAPE","surface",-67.0544,20.3546,2774
"2026-09-09 18:00:00","2026-09-10 09:00:00","CAPE","surface",-67.0305,20.3546,2748
"2026-09-09 18:00:00","2026-09-10 09:00:00","CAPE","surface",-67.0066,20.3546,2796
"2026-09-09 18:00:00","2026-09-10 09:00:00","CAPE","surface",-74.7822,20.377,2305
"2026-09-09 18:00:00","2026-09-10 09:00:00","CAPE","surface",-74.7583,20.377,2297
"2026-09-09 18:00:00","2026-09-10 09:00:00","CAPE","surface",-74.7344,20.377,2445
"2026-09-09 18:00:00","2026-09-10 09:00:00","CAPE","surface",-74.7105,20.377,2399
"2026-09-09 18:00:00","2026-09-10 09:00:00","CAPE","surface",-74.6865,20.377,2467
"2026-09-09 18:00:00","2026-09-10 09:00:00","CAPE","surface",-74.6626,20.377,2467
"2026-09-09 18:00:00","2026-09-10 09:00:00","CAPE","surface",-74.6387,20.377,2489
"2026-09-09 18:00:00","2026-09-10 09:00:00","CAPE","surface",-74.6148,20.377,2454
"2026-09-09 18:00:00","2026-09-10 09:00:00","CAPE","surface",-74.5908,20.377,2525
"2026-09-09 18:00:00","2026-09-10 09:00:00","CAPE","surface",-74.5669,20.377,2489
"2026-09-09 18:00:00","2026-09-10 09:00:00","CAPE","surface",-74.543,20.377,2583
"2026-09-09 18:00:00","2026-09-10 09:00:00","CAPE","surface",-74.5191,20.377,2583
"2026-09-09 18:00:00","2026-09-10 09:00:00","CAPE","surface",-74.4951,20.377,2945
"2026-09-09 18:00:00","2026-09-10 09:00:00","CAPE","surface",-74.4712,20.377,2931
"2026-09-09 18:00:00","2026-09-10 09:00:00","CAPE","surface",-74.4473,20.377,2926
"2026-09-09 18:00:00","2026-09-10 09:00:00","CAPE","surface",-74.4234,20.377,2918
"2026-09-09 18:00:00","2026-09-10 09:00:00","CAPE","surface",-74.3994,20.377,2949
"2026-09-09 18:00:00","2026-09-10 09:00:00","CAPE","surface",-74.3755,20.377,2950
"2026-09-09 18:00:00","2026-09-10 09:00:00","CAPE","surface",-74.3516,20.377,2880
"2026-09-09 18:00:00","2026-09-10 09:00:00","CAPE","surface",-74.3277,20.377,2837
"2026-09-09 18:00:00","2026-09-10 09:00:00","CAPE","surface",-74.3037,20.377,2870
"2026-09-09 18:00:00","2026-09-10 09:00:00","CAPE","surface",-74.2798,20.377,2870
"2026-09-09 18:00:00","2026-09-10 09:00:00","CAPE","surface",-74.2559,20.377,3011
"2026-09-09 18:00:00","2026-09-10 09:00:00","CAPE","surface",-74.232,20.377,3012
"2026-09-09 18:00:00","2026-09-10 09:00:00","CAPE","surface",-74.208,20.377,3168
"2026-09-09 18:00:00","2026-09-10 09:00:00","CAPE","surface",-74.1841,20.377,3137
"2026-09-09 18:00:00","2026-09-10 09:00:00","CAPE","surface",-74.1602,20.377,3137
"2026-09-09 18:00:00","2026-09-10 09:00:00","CAPE","surface",-74.1363,20.377,3137
"2026-09-09 18:00:00","2026-09-10 09:00:00","CAPE","surface",-74.1123,20.377,3080
"2026-09-09 18:00:00","2026-09-10 09:00:00","CAPE","surface",-74.0884,20.377,3051
"2026-09-09 18:00:00","2026-09-10 09:00:00","CAPE","surface",-74.0645,20.377,3019
"2026-09-09 18:00:00","2026-09-10 09:00:00","CAPE","surface",-74.0406,20.377,3005
"2026-09-09 18:00:00","2026-09-10 09:00:00","CAPE","surface",-74.0166,20.377,2996
"2026-09-09 18:00:00","2026-09-10 09:00:00","CAPE","surface",-73.9927,20.377,2995
"2026-09-09 18:00:00","2026-09-10 09:00:00","CAPE","surface",-73.9688,20.377,2994
"2026-09-09 18:00:00","2026-09-10 09:00:00","CAPE","surface",-73.9449,20.377,2984
"2026-09-09 18:00:00","2026-09-10 09:00:00","CAPE","surface",-73.9209,20.377,2990
"2026-09-09 18:00:00","2026-09-10 09:00:00","CAPE","surface",-73.897,20.377,2990
"2026-09-09 18:00:00","2026-09-10 09:00:00","CAPE","surface",-73.8731,20.377,3093
"2026-09-09 18:00:00","2026-09-10 09:00:00","CAPE","surface",-73.8492,20.377,3084
"2026-09-09 18:00:00","2026-09-10 09:00:00","CAPE","surface",-73.8252,20.377,3171
"2026-09-09 18:00:00","2026-09-10 09:00:00","CAPE","surface",-73.8013,20.377,3111
"2026-09-09 18:00:00","2026-09-10 09:00:00","CAPE","surface",-73.7774,20.377,3202
"2026-09-09 18:00:00","2026-09-10 09:00:00","CAPE","surface",-73.7535,20.377,3157
"2026-09-09 18:00:00","2026-09-10 09:00:00","CAPE","surface",-73.7295,20.377,3175
"2026-09-09 18:00:00","2026-09-10 09:00:00","CAPE","surface",-73.7056,20.377,3054
"2026-09-09 18:00:00","2026-09-10 09:00:00","CAPE","surface",-73.6817,20.377,3046
"2026-09-09 18:00:00","2026-09-10 09:00:00","CAPE","surface",-73.6578,20.377,2856
"2026-09-09 18:00:00","2026-09-10 09:00:00","CAPE","surface",-73.6338,20.377,2995
"2026-09-09 18:00:00","2026-09-10 09:00:00","CAPE","surface",-73.6099,20.377,2815
"2026-09-09 18:00:00","2026-09-10 09:00:00","CAPE","surface",-73.586,20.377,2688
"2026-09-09 18:00:00","2026-09-10 09:00:00","CAPE","surface",-73.5621,20.377,2663
"2026-09-09 18:00:00","2026-09-10 09:00:00","CAPE","surface",-73.5381,20.377,2631
"2026-09-09 18:00:00","2026-09-10 09:00:00","CAPE","surface",-73.5142,20.377,2734
"2026-09-09 18:00:00","2026-09-10 09:00:00","CAPE","surface",-73.4903,20.377,2699
"2026-09-09 18:00:00","2026-09-10 09:00:00","CAPE","surface",-73.4664,20.377,2733
"2026-09-09 18:00:00","2026-09-10 09:00:00","CAPE","surface",-73.4424,20.377,2673
"2026-09-09 18:00:00","2026-09-10 09:00:00","CAPE","surface",-73.4185,20.377,2685
"2026-09-09 18:00:00","2026-09-10 09:00:00","CAPE","surface",-73.3946,20.377,2685
"2026-09-09 18:00:00","2026-09-10 09:00:00","CAPE","surface",-73.3707,20.377,2739
"2026-09-09 18:00:00","2026-09-10 09:00:00","CAPE","surface",-73.3467,20.377,2729
"2026-09-09 18:00:00","2026-09-10 09:00:00","CAPE","surface",-73.3228,20.377,2785
"2026-09-09 18:00:00","2026-09-10 09:00:00","CAPE","surface",-73.2989,20.377,2765
"2026-09-09 18:00:00","2026-09-10 09:00:00","CAPE","surface",-73.275,20.377,2829
"2026-09-09 18:00:00","2026-09-10 09:00:00","CAPE","surface",-73.251,20.377,2823
"2026-09-09 18:00:00","2026-09-10 09:00:00","CAPE","surface",-73.2271,20.377,2853
"2026-09-09 18:00:00","2026-09-10 09:00:00","CAPE","surface",-73.2032,20.377,2842
"2026-09-09 18:00:00","2026-09-10 09:00:00","CAPE","surface",-73.1793,20.377,2855
"2026-09-09 18:00:00","2026-09-10 09:00:00","CAPE","surface",-73.1553,20.377,2855
"2026-09-09 18:00:00","2026-09-10 09:00:00","CAPE","surface",-73.1314,20.377,2849
"2026-09-09 18:00:00","2026-09-10 09:00:00","CAPE","surface",-73.1075,20.377,2855
"2026-09-09 18:00:00","2026-09-10 09:00:00","CAPE","surface",-73.0836,20.377,2717
"2026-09-09 18:00:00","2026-09-10 09:00:00","CAPE","surface",-73.0596,20.377,2741
"2026-09-09 18:00:00","2026-09-10 09:00:00","CAPE","surface",-73.0357,20.377,2556
"2026-09-09 18:00:00","2026-09-10 09:00:00","CAPE","surface",-73.0118,20.377,2599
"2026-09-09 18:00:00","2026-09-10 09:00:00","CAPE","surface",-72.9879,20.377,2566
"2026-09-09 18:00:00","2026-09-10 09:00:00","CAPE","surface",-72.9639,20.377,2604
"2026-09-09 18:00:00","2026-09-10 09:00:00","CAPE","surface",-72.94,20.377,2627
"2026-09-09 18:00:00","2026-09-10 09:00:00","CAPE","surface",-72.9161,20.377,2627
"2026-09-09 18:00:00","2026-09-10 09:00:00","CAPE","surface",-72.8922,20.377,2700
"2026-09-09 18:00:00","2026-09-10 09:00:00","CAPE","surface",-72.8682,20.377,2685
"2026-09-09 18:00:00","2026-09-10 09:00:00","CAPE","surface",-72.8443,20.377,2629
"2026-09-09 18:00:00","2026-09-10 09:00:00","CAPE","surface",-72.8204,20.377,2597
"2026-09-09 18:00:00","2026-09-10 09:00:00","CAPE","surface",-72.7965,20.377,2469
"2026-09-09 18:00:00","2026-09-10 09:00:00","CAPE","surface",-72.7725,20.377,2439
"2026-09-09 18:00:00","2026-09-10 09:00:00","CAPE","surface",-72.7486,20.377,2352
"2026-09-09 18:00:00","2026-09-10 09:00:00","CAPE","surface",-72.7247,20.377,2343
"2026-09-09 18:00:00","2026-09-10 09:00:00","CAPE","surface",-72.7008,20.377,2318
"2026-09-09 18:00:00","2026-09-10 09:00:00","CAPE","surface",-72.6768,20.377,2318
"2026-09-09 18:00:00","2026-09-10 09:00:00","CAPE","surface",-72.6529,20.377,2296
"2026-09-09 18:00:00","2026-09-10 09:00:00","CAPE","surface",-72.629,20.377,2304
"2026-09-09 18:00:00","2026-09-10 09:00:00","CAPE","surface",-72.6051,20.377,2292
"2026-09-09 18:00:00","2026-09-10 09:00:00","CAPE","surface",-72.5811,20.377,2307
"2026-09-09 18:00:00","2026-09-10 09:00:00","CAPE","surface",-72.5572,20.377,2307
"2026-09-09 18:00:00","2026-09-10 09:00:00","CAPE","surface",-72.5333,20.377,2313
"2026-09-09 18:00:00","2026-09-10 09:00:00","CAPE","surface",-72.5094,20.377,2324
"2026-09-09 18:00:00","2026-09-10 09:00:00","CAPE","surface",-72.4854,20.377,2316
"2026-09-09 18:00:00","2026-09-10 09:00:00","CAPE","surface",-72.4615,20.377,2316
"2026-09-09 18:00:00","2026-09-10 09:00:00","CAPE","surface",-72.4376,20.377,2409
"2026-09-09 18:00:00","2026-09-10 09:00:00","CAPE","surface",-72.4137,20.377,2474
"2026-09-09 18:00:00","2026-09-10 09:00:00","CAPE","surface",-72.3897,20.377,2613
"2026-09-09 18:00:00","2026-09-10 09:00:00","CAPE","surface",-72.3658,20.377,2657
"2026-09-09 18:00:00","2026-09-10 09:00:00","CAPE","surface",-72.3419,20.377,2774
"2026-09-09 18:00:00","2026-09-10 09:00:00","CAPE","surface",-72.318,20.377,2794
"2026-09-09 18:00:00","2026-09-10 09:00:00","CAPE","surface",-72.294,20.377,2958
"2026-09-09 18:00:00","2026-09-10 09:00:00","CAPE","surface",-72.2701,20.377,2891
"2026-09-09 18:00:00","2026-09-10 09:00:00","CAPE","surface",-72.2462,20.377,2694
"2026-09-09 18:00:00","2026-09-10 09:00:00","CAPE","surface",-72.2223,20.377,2694
"2026-09-09 18:00:00","2026-09-10 09:00:00","CAPE","surface",-72.1983,20.377,2432
"2026-09-09 18:00:00","2026-09-10 09:00:00","CAPE","surface",-72.1744,20.377,2344
"2026-09-09 18:00:00","2026-09-10 09:00:00","CAPE","surface",-72.1505,20.377,2349
"2026-09-09 18:00:00","2026-09-10 09:00:00","CAPE","surface",-72.1266,20.377,2444
"2026-09-09 18:00:00","2026-09-10 09:00:00","CAPE","surface",-72.1026,20.377,2423
"2026-09-09 18:00:00","2026-09-10 09:00:00","CAPE","surface",-72.0787,20.377,2497
"2026-09-09 18:00:00","2026-09-10 09:00:00","CAPE","surface",-72.0548,20.377,2483
"2026-09-09 18:00:00","2026-09-10 09:00:00","CAPE","surface",-72.0309,20.377,2487
"2026-09-09 18:00:00","2026-09-10 09:00:00","CAPE","surface",-72.0069,20.377,2497
"2026-09-09 18:00:00","2026-09-10 09:00:00","CAPE","surface",-71.983,20.377,2497
"2026-09-09 18:00:00","2026-09-10 09:00:00","CAPE","surface",-71.9591,20.377,2538
"2026-09-09 18:00:00","2026-09-10 09:00:00","CAPE","surface",-71.9352,20.377,2539
"2026-09-09 18:00:00","2026-09-10 09:00:00","CAPE","surface",-71.9112,20.377,2571
"2026-09-09 18:00:00","2026-09-10 09:00:00","CAPE","surface",-71.8873,20.377,2438
"2026-09-09 18:00:00","2026-09-10 09:00:00","CAPE","surface",-71.8634,20.377,2443
"2026-09-09 18:00:00","2026-09-10 09:00:00","CAPE","surface",-71.8395,20.377,2336
"2026-09-09 18:00:00","2026-09-10 09:00:00","CAPE","surface",-71.8155,20.377,2350
"2026-09-09 18:00:00","2026-09-10 09:00:00","CAPE","surface",-71.7916,20.377,2394
"2026-09-09 18:00:00","2026-09-10 09:00:00","CAPE","surface",-71.7677,20.377,2394
"2026-09-09 18:00:00","2026-09-10 09:00:00","CAPE","surface",-71.7438,20.377,2465
"2026-09-09 18:00:00","2026-09-10 09:00:00","CAPE","surface",-71.7198,20.377,2506
"2026-09-09 18:00:00","2026-09-10 09:00:00","CAPE","surface",-71.6959,20.377,2498
"2026-09-09 18:00:00","2026-09-10 09:00:00","CAPE","surface",-71.672,20.377,2473
"2026-09-09 18:00:00","2026-09-10 09:00:00","CAPE","surface",-71.6481,20.377,2400
"2026-09-09 18:00:00","2026-09-10 09:00:00","CAPE","surface",-71.6241,20.377,2288
"2026-09-09 18:00:00","2026-09-10 09:00:00","CAPE","surface",-71.6002,20.377,2174
"2026-09-09 18:00:00","2026-09-10 09:00:00","CAPE","surface",-71.5763,20.377,2160
"2026-09-09 18:00:00","2026-09-10 09:00:00","CAPE","surface",-71.5524,20.377,2202
"2026-09-09 18:00:00","2026-09-10 09:00:00","CAPE","surface",-71.5284,20.377,2193
"2026-09-09 18:00:00","2026-09-10 09:00:00","CAPE","surface",-71.5045,20.377,2338
"2026-09-09 18:00:00","2026-09-10 09:00:00","CAPE","surface",-71.4806,20.377,2338
"2026-09-09 18:00:00","2026-09-10 09:00:00","CAPE","surface",-71.4567,20.377,2482
"2026-09-09 18:00:00","2026-09-10 09:00:00","CAPE","surface",-71.4327,20.377,2579
"2026-09-09 18:00:00","2026-09-10 09:00:00","CAPE","surface",-71.4088,20.377,2590
"2026-09-09 18:00:00","2026-09-10 09:00:00","CAPE","surface",-71.3849,20.377,2661
"2026-09-09 18:00:00","2026-09-10 09:00:00","CAPE","surface",-71.361,20.377,2699
"2026-09-09 18:00:00","2026-09-10 09:00:00","CAPE","surface",-71.337,20.377,2643
"2026-09-09 18:00:00","2026-09-10 09:00:00","CAPE","surface",-71.3131,20.377,2643
"2026-09-09 18:00:00","2026-09-10 09:00:00","CAPE","surface",-71.2892,20.377,2566
"2026-09-09 18:00:00","2026-09-10 09:00:00","CAPE","surface",-71.2653,20.377,2630
"2026-09-09 18:00:00","2026-09-10 09:00:00","CAPE","surface",-71.2413,20.377,2427
"2026-09-09 18:00:00","2026-09-10 09:00:00","CAPE","surface",-71.2174,20.377,2427
"2026-09-09 18:00:00","2026-09-10 09:00:00","CAPE","surface",-71.1935,20.377,2329
"2026-09-09 18:00:00","2026-09-10 09:00:00","CAPE","surface",-71.1696,20.377,2310
"2026-09-09 18:00:00","2026-09-10 09:00:00","CAPE","surface",-71.1456,20.377,2299
"2026-09-09 18:00:00","2026-09-10 09:00:00","CAPE","surface",-71.1217,20.377,2340
"2026-09-09 18:00:00","2026-09-10 09:00:00","CAPE","surface",-71.0978,20.377,2393
"2026-09-09 18:00:00","2026-09-10 09:00:00","CAPE","surface",-71.0739,20.377,2528
"2026-09-09 18:00:00","2026-09-10 09:00:00","CAPE","surface",-71.0499,20.377,2731
"2026-09-09 18:00:00","2026-09-10 09:00:00","CAPE","surface",-71.026,20.377,2775
"2026-09-09 18:00:00","2026-09-10 09:00:00","CAPE","surface",-71.0021,20.377,2734
"2026-09-09 18:00:00","2026-09-10 09:00:00","CAPE","surface",-70.9782,20.377,2675
"2026-09-09 18:00:00","2026-09-10 09:00:00","CAPE","surface",-70.9542,20.377,2730
"2026-09-09 18:00:00","2026-09-10 09:00:00","CAPE","surface",-70.9303,20.377,2777
"2026-09-09 18:00:00","2026-09-10 09:00:00","CAPE","surface",-70.9064,20.377,2921
"2026-09-09 18:00:00","2026-09-10 09:00:00","CAPE","surface",-70.8825,20.377,2817
"2026-09-09 18:00:00","2026-09-10 09:00:00","CAPE","surface",-70.8585,20.377,2965
"2026-09-09 18:00:00","2026-09-10 09:00:00","CAPE","surface",-70.8346,20.377,3025
"2026-09-09 18:00:00","2026-09-10 09:00:00","CAPE","surface",-70.8107,20.377,3040
"2026-09-09 18:00:00","2026-09-10 09:00:00","CAPE","surface",-70.7868,20.377,2960
"2026-09-09 18:00:00","2026-09-10 09:00:00","CAPE","surface",-70.7628,20.377,2818
"2026-09-09 18:00:00","2026-09-10 09:00:00","CAPE","surface",-70.7389,20.377,2630
"2026-09-09 18:00:00","2026-09-10 09:00:00","CAPE","surface",-70.715,20.377,2557
"2026-09-09 18:00:00","2026-09-10 09:00:00","CAPE","surface",-70.6911,20.377,2705
"2026-09-09 18:00:00","2026-09-10 09:00:00","CAPE","surface",-70.6671,20.377,2705
"2026-09-09 18:00:00","2026-09-10 09:00:00","CAPE","surface",-70.6432,20.377,2965
"2026-09-09 18:00:00","2026-09-10 09:00:00","CAPE","surface",-70.6193,20.377,3054
"2026-09-09 18:00:00","2026-09-10 09:00:00","CAPE","surface",-70.5954,20.377,3067
"2026-09-09 18:00:00","2026-09-10 09:00:00","CAPE","surface",-70.5714,20.377,2948
"2026-09-09 18:00:00","2026-09-10 09:00:00","CAPE","surface",-70.5475,20.377,2795
"2026-09-09 18:00:00","2026-09-10 09:00:00","CAPE","surface",-70.5236,20.377,2441
"2026-09-09 18:00:00","2026-09-10 09:00:00","CAPE","surface",-70.4997,20.377,2383
"2026-09-09 18:00:00","2026-09-10 09:00:00","CAPE","surface",-70.4757,20.377,2531
"2026-09-09 18:00:00","2026-09-10 09:00:00","CAPE","surface",-70.4518,20.377,2531
"2026-09-09 18:00:00","2026-09-10 09:00:00","CAPE","surface",-70.4279,20.377,2966
"2026-09-09 18:00:00","2026-09-10 09:00:00","CAPE","surface",-70.404,20.377,3063
"2026-09-09 18:00:00","2026-09-10 09:00:00","CAPE","surface",-70.38,20.377,3086
"2026-09-09 18:00:00","2026-09-10 09:00:00","CAPE","surface",-70.3561,20.377,3086
"2026-09-09 18:00:00","2026-09-10 09:00:00","CAPE","surface",-70.3322,20.377,2787
"2026-09-09 18:00:00","2026-09-10 09:00:00","CAPE","surface",-70.3083,20.377,2703
"2026-09-09 18:00:00","2026-09-10 09:00:00","CAPE","surface",-70.2843,20.377,2727
"2026-09-09 18:00:00","2026-09-10 09:00:00","CAPE","surface",-70.2604,20.377,2772
"2026-09-09 18:00:00","2026-09-10 09:00:00","CAPE","surface",-70.2365,20.377,2772
"2026-09-09 18:00:00","2026-09-10 09:00:00","CAPE","surface",-70.2126,20.377,2724
"2026-09-09 18:00:00","2026-09-10 09:00:00","CAPE","surface",-70.1886,20.377,2714
"2026-09-09 18:00:00","2026-09-10 09:00:00","CAPE","surface",-70.1647,20.377,2739
"2026-09-09 18:00:00","2026-09-10 09:00:00","CAPE","surface",-70.1408,20.377,2739
"2026-09-09 18:00:00","2026-09-10 09:00:00","CAPE","surface",-70.1169,20.377,2827
"2026-09-09 18:00:00","2026-09-10 09:00:00","CAPE","surface",-70.0929,20.377,3071
"2026-09-09 18:00:00","2026-09-10 09:00:00","CAPE","surface",-70.069,20.377,3059
"2026-09-09 18:00:00","2026-09-10 09:00:00","CAPE","surface",-70.0451,20.377,3059
"2026-09-09 18:00:00","2026-09-10 09:00:00","CAPE","surface",-70.0212,20.377,2942
"2026-09-09 18:00:00","2026-09-10 09:00:00","CAPE","surface",-69.9972,20.377,2960
"2026-09-09 18:00:00","2026-09-10 09:00:00","CAPE","surface",-69.9733,20.377,2945
"2026-09-09 18:00:00","2026-09-10 09:00:00","CAPE","surface",-69.9494,20.377,2835
"2026-09-09 18:00:00","2026-09-10 09:00:00","CAPE","surface",-69.9255,20.377,2819
"2026-09-09 18:00:00","2026-09-10 09:00:00","CAPE","surface",-69.9015,20.377,2091
"2026-09-09 18:00:00","2026-09-10 09:00:00","CAPE","surface",-69.8776,20.377,922
"2026-09-09 18:00:00","2026-09-10 09:00:00","CAPE","surface",-69.8537,20.377,495
"2026-09-09 18:00:00","2026-09-10 09:00:00","CAPE","surface",-69.8298,20.377,495
"2026-09-09 18:00:00","2026-09-10 09:00:00","CAPE","surface",-69.8058,20.377,368
"2026-09-09 18:00:00","2026-09-10 09:00:00","CAPE","surface",-69.7819,20.377,400
"2026-09-09 18:00:00","2026-09-10 09:00:00","CAPE","surface",-69.758,20.377,268
"2026-09-09 18:00:00","2026-09-10 09:00:00","CAPE","surface",-69.7341,20.377,268
"2026-09-09 18:00:00","2026-09-10 09:00:00","CAPE","surface",-69.7101,20.377,62
"2026-09-09 18:00:00","2026-09-10 09:00:00","CAPE","surface",-69.6862,20.377,0
"2026-09-09 18:00:00","2026-09-10 09:00:00","CAPE","surface",-69.6623,20.377,0
"2026-09-09 18:00:00","2026-09-10 09:00:00","CAPE","surface",-69.6384,20.377,0
"2026-09-09 18:00:00","2026-09-10 09:00:00","CAPE","surface",-69.6144,20.377,0
"2026-09-09 18:00:00","2026-09-10 09:00:00","CAPE","surface",-69.5905,20.377,178
"2026-09-09 18:00:00","2026-09-10 09:00:00","CAPE","surface",-69.5666,20.377,227
"2026-09-09 18:00:00","2026-09-10 09:00:00","CAPE","surface",-69.5427,20.377,1318
"2026-09-09 18:00:00","2026-09-10 09:00:00","CAPE","surface",-69.5187,20.377,1318
"2026-09-09 18:00:00","2026-09-10 09:00:00","CAPE","surface",-69.4948,20.377,2664
"2026-09-09 18:00:00","2026-09-10 09:00:00","CAPE","surface",-69.4709,20.377,2735
"2026-09-09 18:00:00","2026-09-10 09:00:00","CAPE","surface",-69.447,20.377,2693
"2026-09-09 18:00:00","2026-09-10 09:00:00","CAPE","surface",-69.423,20.377,2693
"2026-09-09 18:00:00","2026-09-10 09:00:00","CAPE","surface",-69.3991,20.377,2761
"2026-09-09 18:00:00","2026-09-10 09:00:00","CAPE","surface",-69.3752,20.377,2815
"2026-09-09 18:00:00","2026-09-10 09:00:00","CAPE","surface",-69.3513,20.377,2850
"2026-09-09 18:00:00","2026-09-10 09:00:00","CAPE","surface",-69.3273,20.377,2836
"2026-09-09 18:00:00","2026-09-10 09:00:00","CAPE","surface",-69.3034,20.377,2836
"2026-09-09 18:00:00","2026-09-10 09:00:00","CAPE","surface",-69.2795,20.377,2972
"2026-09-09 18:00:00","2026-09-10 09:00:00","CAPE","surface",-69.2556,20.377,3151
"2026-09-09 18:00:00","2026-09-10 09:00:00","CAPE","surface",-69.2316,20.377,2632
"2026-09-09 18:00:00","2026-09-10 09:00:00","CAPE","surface",-69.2077,20.377,2632
"2026-09-09 18:00:00","2026-09-10 09:00:00","CAPE","surface",-69.1838,20.377,2211
"2026-09-09 18:00:00","2026-09-10 09:00:00","CAPE","surface",-69.1599,20.377,2300
"2026-09-09 18:00:00","2026-09-10 09:00:00","CAPE","surface",-69.1359,20.377,2722
"2026-09-09 18:00:00","2026-09-10 09:00:00","CAPE","surface",-69.112,20.377,2722
"2026-09-09 18:00:00","2026-09-10 09:00:00","CAPE","surface",-69.0881,20.377,2634
"2026-09-09 18:00:00","2026-09-10 09:00:00","CAPE","surface",-69.0642,20.377,2702
"2026-09-09 18:00:00","2026-09-10 09:00:00","CAPE","surface",-69.0402,20.377,2761
"2026-09-09 18:00:00","2026-09-10 09:00:00","CAPE","surface",-69.0163,20.377,2715
"2026-09-09 18:00:00","2026-09-10 09:00:00","CAPE","surface",-68.9924,20.377,2745
"2026-09-09 18:00:00","2026-09-10 09:00:00","CAPE","surface",-68.9685,20.377,2727
"2026-09-09 18:00:00","2026-09-10 09:00:00","CAPE","surface",-68.9445,20.377,2782
"2026-09-09 18:00:00","2026-09-10 09:00:00","CAPE","surface",-68.9206,20.377,2780
"2026-09-09 18:00:00","2026-09-10 09:00:00","CAPE","surface",-68.8967,20.377,2793
"2026-09-09 18:00:00","2026-09-10 09:00:00","CAPE","surface",-68.8728,20.377,2847
"2026-09-09 18:00:00","2026-09-10 09:00:00","CAPE","surface",-68.8488,20.377,2846
"2026-09-09 18:00:00","2026-09-10 09:00:00","CAPE","surface",-68.8249,20.377,3033
"2026-09-09 18:00:00","2026-09-10 09:00:00","CAPE","surface",-68.801,20.377,3417
"2026-09-09 18:00:00","2026-09-10 09:00:00","CAPE","surface",-68.7771,20.377,3356
"2026-09-09 18:00:00","2026-09-10 09:00:00","CAPE","surface",-68.7531,20.377,3433
"2026-09-09 18:00:00","2026-09-10 09:00:00","CAPE","surface",-68.7292,20.377,3294
"2026-09-09 18:00:00","2026-09-10 09:00:00","CAPE","surface",-68.7053,20.377,3168
"2026-09-09 18:00:00","2026-09-10 09:00:00","CAPE","surface",-68.6813,20.377,3085
"2026-09-09 18:00:00","2026-09-10 09:00:00","CAPE","surface",-68.6574,20.377,2869
"2026-09-09 18:00:00","2026-09-10 09:00:00","CAPE","surface",-68.6335,20.377,2893
"2026-09-09 18:00:00","2026-09-10 09:00:00","CAPE","surface",-68.6096,20.377,2769
"2026-09-09 18:00:00","2026-09-10 09:00:00","CAPE","surface",-68.5856,20.377,2821
"2026-09-09 18:00:00","2026-09-10 09:00:00","CAPE","surface",-68.5617,20.377,2825
"2026-09-09 18:00:00","2026-09-10 09:00:00","CAPE","surface",-68.5378,20.377,2787
"2026-09-09 18:00:00","2026-09-10 09:00:00","CAPE","surface",-68.5139,20.377,2787
"2026-09-09 18:00:00","2026-09-10 09:00:00","CAPE","surface",-68.4899,20.377,2789
"2026-09-09 18:00:00","2026-09-10 09:00:00","CAPE","surface",-68.466,20.377,2751
"2026-09-09 18:00:00","2026-09-10 09:00:00","CAPE","surface",-68.4421,20.377,2726
"2026-09-09 18:00:00","2026-09-10 09:00:00","CAPE","surface",-68.4182,20.377,2726
"2026-09-09 18:00:00","2026-09-10 09:00:00","CAPE","surface",-68.3942,20.377,2803
"2026-09-09 18:00:00","2026-09-10 09:00:00","CAPE","surface",-68.3703,20.377,2831
"2026-09-09 18:00:00","2026-09-10 09:00:00","CAPE","surface",-68.3464,20.377,2849
"2026-09-09 18:00:00","2026-09-10 09:00:00","CAPE","surface",-68.3225,20.377,2817
"2026-09-09 18:00:00","2026-09-10 09:00:00","CAPE","surface",-68.2985,20.377,2829
"2026-09-09 18:00:00","2026-09-10 09:00:00","CAPE","surface",-68.2746,20.377,2843
"2026-09-09 18:00:00","2026-09-10 09:00:00","CAPE","surface",-68.2507,20.377,2918
"2026-09-09 18:00:00","2026-09-10 09:00:00","CAPE","surface",-68.2268,20.377,2858
"2026-09-09 18:00:00","2026-09-10 09:00:00","CAPE","surface",-68.2028,20.377,2930
"2026-09-09 18:00:00","2026-09-10 09:00:00","CAPE","surface",-68.1789,20.377,2901
"2026-09-09 18:00:00","2026-09-10 09:00:00","CAPE","surface",-68.155,20.377,2898
"2026-09-09 18:00:00","2026-09-10 09:00:00","CAPE","surface",-68.1311,20.377,2846
"2026-09-09 18:00:00","2026-09-10 09:00:00","CAPE","surface",-68.1071,20.377,2851
"2026-09-09 18:00:00","2026-09-10 09:00:00","CAPE","surface",-68.0832,20.377,2858
"2026-09-09 18:00:00","2026-09-10 09:00:00","CAPE","surface",-68.0593,20.377,2895
"2026-09-09 18:00:00","2026-09-10 09:00:00","CAPE","surface",-68.0354,20.377,2895
"2026-09-09 18:00:00","2026-09-10 09:00:00","CAPE","surface",-68.0114,20.377,2869
"2026-09-09 18:00:00","2026-09-10 09:00:00","CAPE","surface",-67.9875,20.377,2886
"2026-09-09 18:00:00","2026-09-10 09:00:00","CAPE","surface",-67.9636,20.377,2813
"2026-09-09 18:00:00","2026-09-10 09:00:00","CAPE","surface",-67.9397,20.377,2813
"2026-09-09 18:00:00","2026-09-10 09:00:00","CAPE","surface",-67.9157,20.377,2740
"2026-09-09 18:00:00","2026-09-10 09:00:00","CAPE","surface",-67.8918,20.377,2793
"2026-09-09 18:00:00","2026-09-10 09:00:00","CAPE","surface",-67.8679,20.377,2785
"2026-09-09 18:00:00","2026-09-10 09:00:00","CAPE","surface",-67.844,20.377,2775
"2026-09-09 18:00:00","2026-09-10 09:00:00","CAPE","surface",-67.82,20.377,2775
"2026-09-09 18:00:00","2026-09-10 09:00:00","CAPE","surface",-67.7961,20.377,2729
"2026-09-09 18:00:00","2026-09-10 09:00:00","CAPE","surface",-67.7722,20.377,2726
"2026-09-09 18:00:00","2026-09-10 09:00:00","CAPE","surface",-67.7483,20.377,2700
"2026-09-09 18:00:00","2026-09-10 09:00:00","CAPE","surface",-67.7243,20.377,2713
"2026-09-09 18:00:00","2026-09-10 09:00:00","CAPE","surface",-67.7004,20.377,2767
"2026-09-09 18:00:00","2026-09-10 09:00:00","CAPE","surface",-67.6765,20.377,2777
"2026-09-09 18:00:00","2026-09-10 09:00:00","CAPE","surface",-67.6526,20.377,2790
"2026-09-09 18:00:00","2026-09-10 09:00:00","CAPE","surface",-67.6286,20.377,2787
"2026-09-09 18:00:00","2026-09-10 09:00:00","CAPE","surface",-67.6047,20.377,2754
"2026-09-09 18:00:00","2026-09-10 09:00:00","CAPE","surface",-67.5808,20.377,2714
"2026-09-09 18:00:00","2026-09-10 09:00:00","CAPE","surface",-67.5569,20.377,2714
"2026-09-09 18:00:00","2026-09-10 09:00:00","CAPE","surface",-67.5329,20.377,2714
"2026-09-09 18:00:00","2026-09-10 09:00:00","CAPE","surface",-67.509,20.377,2728
"2026-09-09 18:00:00","2026-09-10 09:00:00","CAPE","surface",-67.4851,20.377,2768
"2026-09-09 18:00:00","2026-09-10 09:00:00","CAPE","surface",-67.4612,20.377,2768
"2026-09-09 18:00:00","2026-09-10 09:00:00","CAPE","surface",-67.4372,20.377,2824
"2026-09-09 18:00:00","2026-09-10 09:00:00","CAPE","surface",-67.4133,20.377,2865
"2026-09-09 18:00:00","2026-09-10 09:00:00","CAPE","surface",-67.3894,20.377,2860
"2026-09-09 18:00:00","2026-09-10 09:00:00","CAPE","surface",-67.3655,20.377,2875
"2026-09-09 18:00:00","2026-09-10 09:00:00","CAPE","surface",-67.3415,20.377,2867
"2026-09-09 18:00:00","2026-09-10 09:00:00","CAPE","surface",-67.3176,20.377,2960
"2026-09-09 18:00:00","2026-09-10 09:00:00","CAPE","surface",-67.2937,20.377,3000
"2026-09-09 18:00:00","2026-09-10 09:00:00","CAPE","surface",-67.2698,20.377,3259
"2026-09-09 18:00:00","2026-09-10 09:00:00","CAPE","surface",-67.2458,20.377,3260
"2026-09-09 18:00:00","2026-09-10 09:00:00","CAPE","surface",-67.2219,20.377,3365
"2026-09-09 18:00:00","2026-09-10 09:00:00","CAPE","surface",-67.198,20.377,3143
"2026-09-09 18:00:00","2026-09-10 09:00:00","CAPE","surface",-67.1741,20.377,3143
"2026-09-09 18:00:00","2026-09-10 09:00:00","CAPE","surface",-67.1501,20.377,2661
"2026-09-09 18:00:00","2026-09-10 09:00:00","CAPE","surface",-67.1262,20.377,2605
"2026-09-09 18:00:00","2026-09-10 09:00:00","CAPE","surface",-67.1023,20.377,2639
"2026-09-09 18:00:00","2026-09-10 09:00:00","CAPE","surface",-67.0784,20.377,2639
"2026-09-09 18:00:00","2026-09-10 09:00:00","CAPE","surface",-67.0544,20.377,2683
"2026-09-09 18:00:00","2026-09-10 09:00:00","CAPE","surface",-67.0305,20.377,2733
"2026-09-09 18:00:00","2026-09-10 09:00:00","CAPE","surface",-67.0066,20.377,2779
"2026-09-09 18:00:00","2026-09-10 09:00:00","CAPE","surface",-74.7822,20.3994,2448
"2026-09-09 18:00:00","2026-09-10 09:00:00","CAPE","surface",-74.7583,20.3994,2458
"2026-09-09 18:00:00","2026-09-10 09:00:00","CAPE","surface",-74.7344,20.3994,2525
"2026-09-09 18:00:00","2026-09-10 09:00:00","CAPE","surface",-74.7105,20.3994,2533
"2026-09-09 18:00:00","2026-09-10 09:00:00","CAPE","surface",-74.6865,20.3994,2610
"2026-09-09 18:00:00","2026-09-10 09:00:00","CAPE","surface",-74.6626,20.3994,2539
"2026-09-09 18:00:00","2026-09-10 09:00:00","CAPE","surface",-74.6387,20.3994,2592
"2026-09-09 18:00:00","2026-09-10 09:00:00","CAPE","surface",-74.6148,20.3994,2567
"2026-09-09 18:00:00","2026-09-10 09:00:00","CAPE","surface",-74.5908,20.3994,2587
"2026-09-09 18:00:00","2026-09-10 09:00:00","CAPE","surface",-74.5669,20.3994,2598
"2026-09-09 18:00:00","2026-09-10 09:00:00","CAPE","surface",-74.543,20.3994,2793
"2026-09-09 18:00:00","2026-09-10 09:00:00","CAPE","surface",-74.5191,20.3994,2892
"2026-09-09 18:00:00","2026-09-10 09:00:00","CAPE","surface",-74.4951,20.3994,2896
"2026-09-09 18:00:00","2026-09-10 09:00:00","CAPE","surface",-74.4712,20.3994,2896
"2026-09-09 18:00:00","2026-09-10 09:00:00","CAPE","surface",-74.4473,20.3994,2893
"2026-09-09 18:00:00","2026-09-10 09:00:00","CAPE","surface",-74.4234,20.3994,2928
"2026-09-09 18:00:00","2026-09-10 09:00:00","CAPE","surface",-74.3994,20.3994,2982
"2026-09-09 18:00:00","2026-09-10 09:00:00","CAPE","surface",-74.3755,20.3994,2962
"2026-09-09 18:00:00","2026-09-10 09:00:00","CAPE","surface",-74.3516,20.3994,2939
"2026-09-09 18:00:00","2026-09-10 09:00:00","CAPE","surface",-74.3277,20.3994,2939
"2026-09-09 18:00:00","2026-09-10 09:00:00","CAPE","surface",-74.3037,20.3994,3070
"2026-09-09 18:00:00","2026-09-10 09:00:00","CAPE","surface",-74.2798,20.3994,3033
"2026-09-09 18:00:00","2026-09-10 09:00:00","CAPE","surface",-74.2559,20.3994,3155
"2026-09-09 18:00:00","2026-09-10 09:00:00","CAPE","surface",-74.232,20.3994,3159
"2026-09-09 18:00:00","2026-09-10 09:00:00","CAPE","surface",-74.208,20.3994,3191
"2026-09-09 18:00:00","2026-09-10 09:00:00","CAPE","surface",-74.1841,20.3994,3201
"2026-09-09 18:00:00","2026-09-10 09:00:00","CAPE","surface",-74.1602,20.3994,3098
"2026-09-09 18:00:00","2026-09-10 09:00:00","CAPE","surface",-74.1363,20.3994,3095
"2026-09-09 18:00:00","2026-09-10 09:00:00","CAPE","surface",-74.1123,20.3994,2959
"2026-09-09 18:00:00","2026-09-10 09:00:00","CAPE","surface",-74.0884,20.3994,2959
"2026-09-09 18:00:00","2026-09-10 09:00:00","CAPE","surface",-74.0645,20.3994,2884
"2026-09-09 18:00:00","2026-09-10 09:00:00","CAPE","surface",-74.0406,20.3994,2955
"2026-09-09 18:00:00","2026-09-10 09:00:00","CAPE","surface",-74.0166,20.3994,2936
"2026-09-09 18:00:00","2026-09-10 09:00:00","CAPE","surface",-73.9927,20.3994,2974
"2026-09-09 18:00:00","2026-09-10 09:00:00","CAPE","surface",-73.9688,20.3994,2929
"2026-09-09 18:00:00","2026-09-10 09:00:00","CAPE","surface",-73.9449,20.3994,2969
"2026-09-09 18:00:00","2026-09-10 09:00:00","CAPE","surface",-73.9209,20.3994,2986
"2026-09-09 18:00:00","2026-09-10 09:00:00","CAPE","surface",-73.897,20.3994,3053
"2026-09-09 18:00:00","2026-09-10 09:00:00","CAPE","surface",-73.8731,20.3994,3146
"2026-09-09 18:00:00","2026-09-10 09:00:00","CAPE","surface",-73.8492,20.3994,3179
"2026-09-09 18:00:00","2026-09-10 09:00:00","CAPE","surface",-73.8252,20.3994,3173
"2026-09-09 18:00:00","2026-09-10 09:00:00","CAPE","surface",-73.8013,20.3994,3205
"2026-09-09 18:00:00","2026-09-10 09:00:00","CAPE","surface",-73.7774,20.3994,3187
"2026-09-09 18:00:00","2026-09-10 09:00:00","CAPE","surface",-73.7535,20.3994,3207
"2026-09-09 18:00:00","2026-09-10 09:00:00","CAPE","surface",-73.7295,20.3994,3202
"2026-09-09 18:00:00","2026-09-10 09:00:00","CAPE","surface",-73.7056,20.3994,3202
"2026-09-09 18:00:00","2026-09-10 09:00:00","CAPE","surface",-73.6817,20.3994,3185
"2026-09-09 18:00:00","2026-09-10 09:00:00","CAPE","surface",-73.6578,20.3994,3137
"2026-09-09 18:00:00","2026-09-10 09:00:00","CAPE","surface",-73.6338,20.3994,3033
"2026-09-09 18:00:00","2026-09-10 09:00:00","CAPE","surface",-73.6099,20.3994,2860
"2026-09-09 18:00:00","2026-09-10 09:00:00","CAPE","surface",-73.586,20.3994,2892
"2026-09-09 18:00:00","2026-09-10 09:00:00","CAPE","surface",-73.5621,20.3994,2762
"2026-09-09 18:00:00","2026-09-10 09:00:00","CAPE","surface",-73.5381,20.3994,2779
"2026-09-09 18:00:00","2026-09-10 09:00:00","CAPE","surface",-73.5142,20.3994,2734
"2026-09-09 18:00:00","2026-09-10 09:00:00","CAPE","surface",-73.4903,20.3994,2760
"2026-09-09 18:00:00","2026-09-10 09:00:00","CAPE","surface",-73.4664,20.3994,2760
"2026-09-09 18:00:00","2026-09-10 09:00:00","CAPE","surface",-73.4424,20.3994,2736
"2026-09-09 18:00:00","2026-09-10 09:00:00","CAPE","surface",-73.4185,20.3994,2722
"2026-09-09 18:00:00","2026-09-10 09:00:00","CAPE","surface",-73.3946,20.3994,2738
"2026-09-09 18:00:00","2026-09-10 09:00:00","CAPE","surface",-73.3707,20.3994,2739
"2026-09-09 18:00:00","2026-09-10 09:00:00","CAPE","surface",-73.3467,20.3994,2760
"2026-09-09 18:00:00","2026-09-10 09:00:00","CAPE","surface",-73.3228,20.3994,2782
"2026-09-09 18:00:00","2026-09-10 09:00:00","CAPE","surface",-73.2989,20.3994,2824
"2026-09-09 18:00:00","2026-09-10 09:00:00","CAPE","surface",-73.275,20.3994,2829
"2026-09-09 18:00:00","2026-09-10 09:00:00","CAPE","surface",-73.251,20.3994,2855
"2026-09-09 18:00:00","2026-09-10 09:00:00","CAPE","surface",-73.2271,20.3994,2855
"2026-09-09 18:00:00","2026-09-10 09:00:00","CAPE","surface",-73.2032,20.3994,2853
"2026-09-09 18:00:00","2026-09-10 09:00:00","CAPE","surface",-73.1793,20.3994,2853
"2026-09-09 18:00:00","2026-09-10 09:00:00","CAPE","surface",-73.1553,20.3994,2833
"2026-09-09 18:00:00","2026-09-10 09:00:00","CAPE","surface",-73.1314,20.3994,2849
"2026-09-09 18:00:00","2026-09-10 09:00:00","CAPE","surface",-73.1075,20.3994,2691
"2026-09-09 18:00:00","2026-09-10 09:00:00","CAPE","surface",-73.0836,20.3994,2696
"2026-09-09 18:00:00","2026-09-10 09:00:00","CAPE","surface",-73.0596,20.3994,2531
"2026-09-09 18:00:00","2026-09-10 09:00:00","CAPE","surface",-73.0357,20.3994,2556
"2026-09-09 18:00:00","2026-09-10 09:00:00","CAPE","surface",-73.0118,20.3994,2522
"2026-09-09 18:00:00","2026-09-10 09:00:00","CAPE","surface",-72.9879,20.3994,2522
"2026-09-09 18:00:00","2026-09-10 09:00:00","CAPE","surface",-72.9639,20.3994,2615
"2026-09-09 18:00:00","2026-09-10 09:00:00","CAPE","surface",-72.94,20.3994,2741
"2026-09-09 18:00:00","2026-09-10 09:00:00","CAPE","surface",-72.9161,20.3994,2725
"2026-09-09 18:00:00","2026-09-10 09:00:00","CAPE","surface",-72.8922,20.3994,2790
"2026-09-09 18:00:00","2026-09-10 09:00:00","CAPE","surface",-72.8682,20.3994,2790
"2026-09-09 18:00:00","2026-09-10 09:00:00","CAPE","surface",-72.8443,20.3994,2648
"2026-09-09 18:00:00","2026-09-10 09:00:00","CAPE","surface",-72.8204,20.3994,2536
"2026-09-09 18:00:00","2026-09-10 09:00:00","CAPE","surface",-72.7965,20.3994,2411
"2026-09-09 18:00:00","2026-09-10 09:00:00","CAPE","surface",-72.7725,20.3994,2372
"2026-09-09 18:00:00","2026-09-10 09:00:00","CAPE","surface",-72.7486,20.3994,2342
"2026-09-09 18:00:00","2026-09-10 09:00:00","CAPE","surface",-72.7247,20.3994,2324
"2026-09-09 18:00:00","2026-09-10 09:00:00","CAPE","surface",-72.7008,20.3994,2312
"2026-09-09 18:00:00","2026-09-10 09:00:00","CAPE","surface",-72.6768,20.3994,2305
"2026-09-09 18:00:00","2026-09-10 09:00:00","CAPE","surface",-72.6529,20.3994,2299
"2026-09-09 18:00:00","2026-09-10 09:00:00","CAPE","surface",-72.629,20.3994,2299
"2026-09-09 18:00:00","2026-09-10 09:00:00","CAPE","surface",-72.6051,20.3994,2299
"2026-09-09 18:00:00","2026-09-10 09:00:00","CAPE","surface",-72.5811,20.3994,2298
"2026-09-09 18:00:00","2026-09-10 09:00:00","CAPE","surface",-72.5572,20.3994,2320
"2026-09-09 18:00:00","2026-09-10 09:00:00","CAPE","surface",-72.5333,20.3994,2313
"2026-09-09 18:00:00","2026-09-10 09:00:00","CAPE","surface",-72.5094,20.3994,2314
"2026-09-09 18:00:00","2026-09-10 09:00:00","CAPE","surface",-72.4854,20.3994,2314
"2026-09-09 18:00:00","2026-09-10 09:00:00","CAPE","surface",-72.4615,20.3994,2378
"2026-09-09 18:00:00","2026-09-10 09:00:00","CAPE","surface",-72.4376,20.3994,2409
"2026-09-09 18:00:00","2026-09-10 09:00:00","CAPE","surface",-72.4137,20.3994,2543
"2026-09-09 18:00:00","2026-09-10 09:00:00","CAPE","surface",-72.3897,20.3994,2543
"2026-09-09 18:00:00","2026-09-10 09:00:00","CAPE","surface",-72.3658,20.3994,2694
"2026-09-09 18:00:00","2026-09-10 09:00:00","CAPE","surface",-72.3419,20.3994,2774
"2026-09-09 18:00:00","2026-09-10 09:00:00","CAPE","surface",-72.318,20.3994,2965
"2026-09-09 18:00:00","2026-09-10 09:00:00","CAPE","surface",-72.294,20.3994,2965
"2026-09-09 18:00:00","2026-09-10 09:00:00","CAPE","surface",-72.2701,20.3994,3022
"2026-09-09 18:00:00","2026-09-10 09:00:00","CAPE","surface",-72.2462,20.3994,2956
"2026-09-09 18:00:00","2026-09-10 09:00:00","CAPE","surface",-72.2223,20.3994,2652
"2026-09-09 18:00:00","2026-09-10 09:00:00","CAPE","surface",-72.1983,20.3994,2401
"2026-09-09 18:00:00","2026-09-10 09:00:00","CAPE","surface",-72.1744,20.3994,2401
"2026-09-09 18:00:00","2026-09-10 09:00:00","CAPE","surface",-72.1505,20.3994,2343
"2026-09-09 18:00:00","2026-09-10 09:00:00","CAPE","surface",-72.1266,20.3994,2359
"2026-09-09 18:00:00","2026-09-10 09:00:00","CAPE","surface",-72.1026,20.3994,2440
"2026-09-09 18:00:00","2026-09-10 09:00:00","CAPE","surface",-72.0787,20.3994,2478
"2026-09-09 18:00:00","2026-09-10 09:00:00","CAPE","surface",-72.0548,20.3994,2546
"2026-09-09 18:00:00","2026-09-10 09:00:00","CAPE","surface",-72.0309,20.3994,2517
"2026-09-09 18:00:00","2026-09-10 09:00:00","CAPE","surface",-72.0069,20.3994,2729
"2026-09-09 18:00:00","2026-09-10 09:00:00","CAPE","surface",-71.983,20.3994,2603
"2026-09-09 18:00:00","2026-09-10 09:00:00","CAPE","surface",-71.9591,20.3994,2570
"2026-09-09 18:00:00","2026-09-10 09:00:00","CAPE","surface",-71.9352,20.3994,2570
"2026-09-09 18:00:00","2026-09-10 09:00:00","CAPE","surface",-71.9112,20.3994,2449
"2026-09-09 18:00:00","2026-09-10 09:00:00","CAPE","surface",-71.8873,20.3994,2438
"2026-09-09 18:00:00","2026-09-10 09:00:00","CAPE","surface",-71.8634,20.3994,2340
"2026-09-09 18:00:00","2026-09-10 09:00:00","CAPE","surface",-71.8395,20.3994,2340
"2026-09-09 18:00:00","2026-09-10 09:00:00","CAPE","surface",-71.8155,20.3994,2338
"2026-09-09 18:00:00","2026-09-10 09:00:00","CAPE","surface",-71.7916,20.3994,2359
"2026-09-09 18:00:00","2026-09-10 09:00:00","CAPE","surface",-71.7677,20.3994,2423
"2026-09-09 18:00:00","2026-09-10 09:00:00","CAPE","surface",-71.7438,20.3994,2465
"2026-09-09 18:00:00","2026-09-10 09:00:00","CAPE","surface",-71.7198,20.3994,2464
"2026-09-09 18:00:00","2026-09-10 09:00:00","CAPE","surface",-71.6959,20.3994,2492
"2026-09-09 18:00:00","2026-09-10 09:00:00","CAPE","surface",-71.672,20.3994,2445
"2026-09-09 18:00:00","2026-09-10 09:00:00","CAPE","surface",-71.6481,20.3994,2357
"2026-09-09 18:00:00","2026-09-10 09:00:00","CAPE","surface",-71.6241,20.3994,2256
"2026-09-09 18:00:00","2026-09-10 09:00:00","CAPE","surface",-71.6002,20.3994,2276
"2026-09-09 18:00:00","2026-09-10 09:00:00","CAPE","surface",-71.5763,20.3994,2223
"2026-09-09 18:00:00","2026-09-10 09:00:00","CAPE","surface",-71.5524,20.3994,2282
"2026-09-09 18:00:00","2026-09-10 09:00:00","CAPE","surface",-71.5284,20.3994,2307
"2026-09-09 18:00:00","2026-09-10 09:00:00","CAPE","surface",-71.5045,20.3994,2397
"2026-09-09 18:00:00","2026-09-10 09:00:00","CAPE","surface",-71.4806,20.3994,2456
"2026-09-09 18:00:00","2026-09-10 09:00:00","CAPE","surface",-71.4567,20.3994,2561
"2026-09-09 18:00:00","2026-09-10 09:00:00","CAPE","surface",-71.4327,20.3994,2579
"2026-09-09 18:00:00","2026-09-10 09:00:00","CAPE","surface",-71.4088,20.3994,2626
"2026-09-09 18:00:00","2026-09-10 09:00:00","CAPE","surface",-71.3849,20.3994,2626
"2026-09-09 18:00:00","2026-09-10 09:00:00","CAPE","surface",-71.361,20.3994,2561
"2026-09-09 18:00:00","2026-09-10 09:00:00","CAPE","surface",-71.337,20.3994,2595
"2026-09-09 18:00:00","2026-09-10 09:00:00","CAPE","surface",-71.3131,20.3994,2501
"2026-09-09 18:00:00","2026-09-10 09:00:00","CAPE","surface",-71.2892,20.3994,2566
"2026-09-09 18:00:00","2026-09-10 09:00:00","CAPE","surface",-71.2653,20.3994,2464
"2026-09-09 18:00:00","2026-09-10 09:00:00","CAPE","surface",-71.2413,20.3994,2451
"2026-09-09 18:00:00","2026-09-10 09:00:00","CAPE","surface",-71.2174,20.3994,2374
"2026-09-09 18:00:00","2026-09-10 09:00:00","CAPE","surface",-71.1935,20.3994,2333
"2026-09-09 18:00:00","2026-09-10 09:00:00","CAPE","surface",-71.1696,20.3994,2333
"2026-09-09 18:00:00","2026-09-10 09:00:00","CAPE","surface",-71.1456,20.3994,2324
"2026-09-09 18:00:00","2026-09-10 09:00:00","CAPE","surface",-71.1217,20.3994,2323
"2026-09-09 18:00:00","2026-09-10 09:00:00","CAPE","surface",-71.0978,20.3994,2523
"2026-09-09 18:00:00","2026-09-10 09:00:00","CAPE","surface",-71.0739,20.3994,2644
"2026-09-09 18:00:00","2026-09-10 09:00:00","CAPE","surface",-71.0499,20.3994,2692
"2026-09-09 18:00:00","2026-09-10 09:00:00","CAPE","surface",-71.026,20.3994,2725
"2026-09-09 18:00:00","2026-09-10 09:00:00","CAPE","surface",-71.0021,20.3994,2666
"2026-09-09 18:00:00","2026-09-10 09:00:00","CAPE","surface",-70.9782,20.3994,2675
"2026-09-09 18:00:00","2026-09-10 09:00:00","CAPE","surface",-70.9542,20.3994,2638
"2026-09-09 18:00:00","2026-09-10 09:00:00","CAPE","surface",-70.9303,20.3994,2676
"2026-09-09 18:00:00","2026-09-10 09:00:00","CAPE","surface",-70.9064,20.3994,2703
"2026-09-09 18:00:00","2026-09-10 09:00:00","CAPE","surface",-70.8825,20.3994,2817
"2026-09-09 18:00:00","2026-09-10 09:00:00","CAPE","surface",-70.8585,20.3994,2952
"2026-09-09 18:00:00","2026-09-10 09:00:00","CAPE","surface",-70.8346,20.3994,2952
"2026-09-09 18:00:00","2026-09-10 09:00:00","CAPE","surface",-70.8107,20.3994,3002
"2026-09-09 18:00:00","2026-09-10 09:00:00","CAPE","surface",-70.7868,20.3994,2905
"2026-09-09 18:00:00","2026-09-10 09:00:00","CAPE","surface",-70.7628,20.3994,2762
"2026-09-09 18:00:00","2026-09-10 09:00:00","CAPE","surface",-70.7389,20.3994,2796
"2026-09-09 18:00:00","2026-09-10 09:00:00","CAPE","surface",-70.715,20.3994,2718
"2026-09-09 18:00:00","2026-09-10 09:00:00","CAPE","surface",-70.6911,20.3994,2842
"2026-09-09 18:00:00","2026-09-10 09:00:00","CAPE","surface",-70.6671,20.3994,2891
"2026-09-09 18:00:00","2026-09-10 09:00:00","CAPE","surface",-70.6432,20.3994,3014
"2026-09-09 18:00:00","2026-09-10 09:00:00","CAPE","surface",-70.6193,20.3994,3014
"2026-09-09 18:00:00","2026-09-10 09:00:00","CAPE","surface",-70.5954,20.3994,2960
"2026-09-09 18:00:00","2026-09-10 09:00:00","CAPE","surface",-70.5714,20.3994,2948
"2026-09-09 18:00:00","2026-09-10 09:00:00","CAPE","surface",-70.5475,20.3994,2523
"2026-09-09 18:00:00","2026-09-10 09:00:00","CAPE","surface",-70.5236,20.3994,2523
"2026-09-09 18:00:00","2026-09-10 09:00:00","CAPE","surface",-70.4997,20.3994,2453
"2026-09-09 18:00:00","2026-09-10 09:00:00","CAPE","surface",-70.4757,20.3994,2450
"2026-09-09 18:00:00","2026-09-10 09:00:00","CAPE","surface",-70.4518,20.3994,2804
"2026-09-09 18:00:00","2026-09-10 09:00:00","CAPE","surface",-70.4279,20.3994,2966
"2026-09-09 18:00:00","2026-09-10 09:00:00","CAPE","surface",-70.404,20.3994,3147
"2026-09-09 18:00:00","2026-09-10 09:00:00","CAPE","surface",-70.38,20.3994,3186
"2026-09-09 18:00:00","2026-09-10 09:00:00","CAPE","surface",-70.3561,20.3994,3014
"2026-09-09 18:00:00","2026-09-10 09:00:00","CAPE","surface",-70.3322,20.3994,2738
"2026-09-09 18:00:00","2026-09-10 09:00:00","CAPE","surface",-70.3083,20.3994,2738
"2026-09-09 18:00:00","2026-09-10 09:00:00","CAPE","surface",-70.2843,20.3994,2694
"2026-09-09 18:00:00","2026-09-10 09:00:00","CAPE","surface",-70.2604,20.3994,2724
"2026-09-09 18:00:00","2026-09-10 09:00:00","CAPE","surface",-70.2365,20.3994,2741
"2026-09-09 18:00:00","2026-09-10 09:00:00","CAPE","surface",-70.2126,20.3994,2724
"2026-09-09 18:00:00","2026-09-10 09:00:00","CAPE","surface",-70.1886,20.3994,2710
"2026-09-09 18:00:00","2026-09-10 09:00:00","CAPE","surface",-70.1647,20.3994,2684
"2026-09-09 18:00:00","2026-09-10 09:00:00","CAPE","surface",-70.1408,20.3994,2712
"2026-09-09 18:00:00","2026-09-10 09:00:00","CAPE","surface",-70.1169,20.3994,2827
"2026-09-09 18:00:00","2026-09-10 09:00:00","CAPE","surface",-70.0929,20.3994,2762
"2026-09-09 18:00:00","2026-09-10 09:00:00","CAPE","surface",-70.069,20.3994,2802
"2026-09-09 18:00:00","2026-09-10 09:00:00","CAPE","surface",-70.0451,20.3994,2910
"2026-09-09 18:00:00","2026-09-10 09:00:00","CAPE","surface",-70.0212,20.3994,2890
"2026-09-09 18:00:00","2026-09-10 09:00:00","CAPE","surface",-69.9972,20.3994,2890
"2026-09-09 18:00:00","2026-09-10 09:00:00","CAPE","surface",-69.9733,20.3994,2912
"2026-09-09 18:00:00","2026-09-10 09:00:00","CAPE","surface",-69.9494,20.3994,2957
"2026-09-09 18:00:00","2026-09-10 09:00:00","CAPE","surface",-69.9255,20.3994,2885
"2026-09-09 18:00:00","2026-09-10 09:00:00","CAPE","surface",-69.9015,20.3994,2091
"2026-09-09 18:00:00","2026-09-10 09:00:00","CAPE","surface",-69.8776,20.3994,2545
"2026-09-09 18:00:00","2026-09-10 09:00:00","CAPE","surface",-69.8537,20.3994,1143
"2026-09-09 18:00:00","2026-09-10 09:00:00","CAPE","surface",-69.8298,20.3994,590
"2026-09-09 18:00:00","2026-09-10 09:00:00","CAPE","surface",-69.8058,20.3994,368
"2026-09-09 18:00:00","2026-09-10 09:00:00","CAPE","surface",-69.7819,20.3994,328
"2026-09-09 18:00:00","2026-09-10 09:00:00","CAPE","surface",-69.758,20.3994,119
"2026-09-09 18:00:00","2026-09-10 09:00:00","CAPE","surface",-69.7341,20.3994,73
"2026-09-09 18:00:00","2026-09-10 09:00:00","CAPE","surface",-69.7101,20.3994,0
"2026-09-09 18:00:00","2026-09-10 09:00:00","CAPE","surface",-69.6862,20.3994,0
"2026-09-09 18:00:00","2026-09-10 09:00:00","CAPE","surface",-69.6623,20.3994,0
"2026-09-09 18:00:00","2026-09-10 09:00:00","CAPE","surface",-69.6384,20.3994,0
"2026-09-09 18:00:00","2026-09-10 09:00:00","CAPE","surface",-69.6144,20.3994,94
"2026-09-09 18:00:00","2026-09-10 09:00:00","CAPE","surface",-69.5905,20.3994,178
"2026-09-09 18:00:00","2026-09-10 09:00:00","CAPE","surface",-69.5666,20.3994,351
"2026-09-09 18:00:00","2026-09-10 09:00:00","CAPE","surface",-69.5427,20.3994,897
"2026-09-09 18:00:00","2026-09-10 09:00:00","CAPE","surface",-69.5187,20.3994,2547
"2026-09-09 18:00:00","2026-09-10 09:00:00","CAPE","surface",-69.4948,20.3994,2664
"2026-09-09 18:00:00","2026-09-10 09:00:00","CAPE","surface",-69.4709,20.3994,2691
"2026-09-09 18:00:00","2026-09-10 09:00:00","CAPE","surface",-69.447,20.3994,2739
"2026-09-09 18:00:00","2026-09-10 09:00:00","CAPE","surface",-69.423,20.3994,2741
"2026-09-09 18:00:00","2026-09-10 09:00:00","CAPE","surface",-69.3991,20.3994,2714
"2026-09-09 18:00:00","2026-09-10 09:00:00","CAPE","surface",-69.3752,20.3994,2714
"2026-09-09 18:00:00","2026-09-10 09:00:00","CAPE","surface",-69.3513,20.3994,2632
"2026-09-09 18:00:00","2026-09-10 09:00:00","CAPE","surface",-69.3273,20.3994,2705
"2026-09-09 18:00:00","2026-09-10 09:00:00","CAPE","surface",-69.3034,20.3994,2760
"2026-09-09 18:00:00","2026-09-10 09:00:00","CAPE","surface",-69.2795,20.3994,2760
"2026-09-09 18:00:00","2026-09-10 09:00:00","CAPE","surface",-69.2556,20.3994,2947
"2026-09-09 18:00:00","2026-09-10 09:00:00","CAPE","surface",-69.2316,20.3994,2902
"2026-09-09 18:00:00","2026-09-10 09:00:00","CAPE","surface",-69.2077,20.3994,2385
"2026-09-09 18:00:00","2026-09-10 09:00:00","CAPE","surface",-69.1838,20.3994,2444
"2026-09-09 18:00:00","2026-09-10 09:00:00","CAPE","surface",-69.1599,20.3994,2444
"2026-09-09 18:00:00","2026-09-10 09:00:00","CAPE","surface",-69.1359,20.3994,2794
"2026-09-09 18:00:00","2026-09-10 09:00:00","CAPE","surface",-69.112,20.3994,2778
"2026-09-09 18:00:00","2026-09-10 09:00:00","CAPE","surface",-69.0881,20.3994,2669
"2026-09-09 18:00:00","2026-09-10 09:00:00","CAPE","surface",-69.0642,20.3994,2669
"2026-09-09 18:00:00","2026-09-10 09:00:00","CAPE","surface",-69.0402,20.3994,2718
"2026-09-09 18:00:00","2026-09-10 09:00:00","CAPE","surface",-69.0163,20.3994,2715
"2026-09-09 18:00:00","2026-09-10 09:00:00","CAPE","surface",-68.9924,20.3994,2698
"2026-09-09 18:00:00","2026-09-10 09:00:00","CAPE","surface",-68.9685,20.3994,2698
"2026-09-09 18:00:00","2026-09-10 09:00:00","CAPE","surface",-68.9445,20.3994,2747
"2026-09-09 18:00:00","2026-09-10 09:00:00","CAPE","surface",-68.9206,20.3994,2788
"2026-09-09 18:00:00","2026-09-10 09:00:00","CAPE","surface",-68.8967,20.3994,2845
"2026-09-09 18:00:00","2026-09-10 09:00:00","CAPE","surface",-68.8728,20.3994,3030
"2026-09-09 18:00:00","2026-09-10 09:00:00","CAPE","surface",-68.8488,20.3994,3094
"2026-09-09 18:00:00","2026-09-10 09:00:00","CAPE","surface",-68.8249,20.3994,3407
"2026-09-09 18:00:00","2026-09-10 09:00:00","CAPE","surface",-68.801,20.3994,3417
"2026-09-09 18:00:00","2026-09-10 09:00:00","CAPE","surface",-68.7771,20.3994,3416
"2026-09-09 18:00:00","2026-09-10 09:00:00","CAPE","surface",-68.7531,20.3994,3454
"2026-09-09 18:00:00","2026-09-10 09:00:00","CAPE","surface",-68.7292,20.3994,3108
"2026-09-09 18:00:00","2026-09-10 09:00:00","CAPE","surface",-68.7053,20.3994,3168
"2026-09-09 18:00:00","2026-09-10 09:00:00","CAPE","surface",-68.6813,20.3994,2752
"2026-09-09 18:00:00","2026-09-10 09:00:00","CAPE","surface",-68.6574,20.3994,2699
"2026-09-09 18:00:00","2026-09-10 09:00:00","CAPE","surface",-68.6335,20.3994,2737
"2026-09-09 18:00:00","2026-09-10 09:00:00","CAPE","surface",-68.6096,20.3994,2734
"2026-09-09 18:00:00","2026-09-10 09:00:00","CAPE","surface",-68.5856,20.3994,2788
"2026-09-09 18:00:00","2026-09-10 09:00:00","CAPE","surface",-68.5617,20.3994,2802
"2026-09-09 18:00:00","2026-09-10 09:00:00","CAPE","surface",-68.5378,20.3994,2814
"2026-09-09 18:00:00","2026-09-10 09:00:00","CAPE","surface",-68.5139,20.3994,2837
"2026-09-09 18:00:00","2026-09-10 09:00:00","CAPE","surface",-68.4899,20.3994,2789
"2026-09-09 18:00:00","2026-09-10 09:00:00","CAPE","surface",-68.466,20.3994,2778
"2026-09-09 18:00:00","2026-09-10 09:00:00","CAPE","surface",-68.4421,20.3994,2729
"2026-09-09 18:00:00","2026-09-10 09:00:00","CAPE","surface",-68.4182,20.3994,2744
"2026-09-09 18:00:00","2026-09-10 09:00:00","CAPE","surface",-68.3942,20.3994,2837
"2026-09-09 18:00:00","2026-09-10 09:00:00","CAPE","surface",-68.3703,20.3994,2837
"2026-09-09 18:00:00","2026-09-10 09:00:00","CAPE","surface",-68.3464,20.3994,2826
"2026-09-09 18:00:00","2026-09-10 09:00:00","CAPE","surface",-68.3225,20.3994,2817
"2026-09-09 18:00:00","2026-09-10 09:00:00","CAPE","surface",-68.2985,20.3994,2817
"2026-09-09 18:00:00","2026-09-10 09:00:00","CAPE","surface",-68.2746,20.3994,2817
"2026-09-09 18:00:00","2026-09-10 09:00:00","CAPE","surface",-68.2507,20.3994,2806
"2026-09-09 18:00:00","2026-09-10 09:00:00","CAPE","surface",-68.2268,20.3994,2858
"2026-09-09 18:00:00","2026-09-10 09:00:00","CAPE","surface",-68.2028,20.3994,2880
"2026-09-09 18:00:00","2026-09-10 09:00:00","CAPE","surface",-68.1789,20.3994,2849
"2026-09-09 18:00:00","2026-09-10 09:00:00","CAPE","surface",-68.155,20.3994,2848
"2026-09-09 18:00:00","2026-09-10 09:00:00","CAPE","surface",-68.1311,20.3994,2824
"2026-09-09 18:00:00","2026-09-10 09:00:00","CAPE","surface",-68.1071,20.3994,2831
"2026-09-09 18:00:00","2026-09-10 09:00:00","CAPE","surface",-68.0832,20.3994,2835
"2026-09-09 18:00:00","2026-09-10 09:00:00","CAPE","surface",-68.0593,20.3994,2860
"2026-09-09 18:00:00","2026-09-10 09:00:00","CAPE","surface",-68.0354,20.3994,2860
"2026-09-09 18:00:00","2026-09-10 09:00:00","CAPE","surface",-68.0114,20.3994,2869
"2026-09-09 18:00:00","2026-09-10 09:00:00","CAPE","surface",-67.9875,20.3994,2810
"2026-09-09 18:00:00","2026-09-10 09:00:00","CAPE","surface",-67.9636,20.3994,2710
"2026-09-09 18:00:00","2026-09-10 09:00:00","CAPE","surface",-67.9397,20.3994,2711
"2026-09-09 18:00:00","2026-09-10 09:00:00","CAPE","surface",-67.9157,20.3994,2718
"2026-09-09 18:00:00","2026-09-10 09:00:00","CAPE","surface",-67.8918,20.3994,2718
"2026-09-09 18:00:00","2026-09-10 09:00:00","CAPE","surface",-67.8679,20.3994,2762
"2026-09-09 18:00:00","2026-09-10 09:00:00","CAPE","surface",-67.844,20.3994,2775
"2026-09-09 18:00:00","2026-09-10 09:00:00","CAPE","surface",-67.82,20.3994,2742
"2026-09-09 18:00:00","2026-09-10 09:00:00","CAPE","surface",-67.7961,20.3994,2742
"2026-09-09 18:00:00","2026-09-10 09:00:00","CAPE","surface",-67.7722,20.3994,2696
"2026-09-09 18:00:00","2026-09-10 09:00:00","CAPE","surface",-67.7483,20.3994,2700
"2026-09-09 18:00:00","2026-09-10 09:00:00","CAPE","surface",-67.7243,20.3994,2738
"2026-09-09 18:00:00","2026-09-10 09:00:00","CAPE","surface",-67.7004,20.3994,2758
"2026-09-09 18:00:00","2026-09-10 09:00:00","CAPE","surface",-67.6765,20.3994,2784
"2026-09-09 18:00:00","2026-09-10 09:00:00","CAPE","surface",-67.6526,20.3994,2801
"2026-09-09 18:00:00","2026-09-10 09:00:00","CAPE","surface",-67.6286,20.3994,2787
"2026-09-09 18:00:00","2026-09-10 09:00:00","CAPE","surface",-67.6047,20.3994,2755
"2026-09-09 18:00:00","2026-09-10 09:00:00","CAPE","surface",-67.5808,20.3994,2724
"2026-09-09 18:00:00","2026-09-10 09:00:00","CAPE","surface",-67.5569,20.3994,2709
"2026-09-09 18:00:00","2026-09-10 09:00:00","CAPE","surface",-67.5329,20.3994,2714
"2026-09-09 18:00:00","2026-09-10 09:00:00","CAPE","surface",-67.509,20.3994,2742
"2026-09-09 18:00:00","2026-09-10 09:00:00","CAPE","surface",-67.4851,20.3994,2813
"2026-09-09 18:00:00","2026-09-10 09:00:00","CAPE","surface",-67.4612,20.3994,2824
"2026-09-09 18:00:00","2026-09-10 09:00:00","CAPE","surface",-67.4372,20.3994,2876
"2026-09-09 18:00:00","2026-09-10 09:00:00","CAPE","surface",-67.4133,20.3994,2876
"2026-09-09 18:00:00","2026-09-10 09:00:00","CAPE","surface",-67.3894,20.3994,2898
"2026-09-09 18:00:00","2026-09-10 09:00:00","CAPE","surface",-67.3655,20.3994,2875
"2026-09-09 18:00:00","2026-09-10 09:00:00","CAPE","surface",-67.3415,20.3994,2963
"2026-09-09 18:00:00","2026-09-10 09:00:00","CAPE","surface",-67.3176,20.3994,3198
"2026-09-09 18:00:00","2026-09-10 09:00:00","CAPE","surface",-67.2937,20.3994,3248
"2026-09-09 18:00:00","2026-09-10 09:00:00","CAPE","surface",-67.2698,20.3994,3463
"2026-09-09 18:00:00","2026-09-10 09:00:00","CAPE","surface",-67.2458,20.3994,3386
"2026-09-09 18:00:00","2026-09-10 09:00:00","CAPE","surface",-67.2219,20.3994,3361
"2026-09-09 18:00:00","2026-09-10 09:00:00","CAPE","surface",-67.198,20.3994,3288
"2026-09-09 18:00:00","2026-09-10 09:00:00","CAPE","surface",-67.1741,20.3994,2844
"2026-09-09 18:00:00","2026-09-10 09:00:00","CAPE","surface",-67.1501,20.3994,2661
"2026-09-09 18:00:00","2026-09-10 09:00:00","CAPE","surface",-67.1262,20.3994,2628
"2026-09-09 18:00:00","2026-09-10 09:00:00","CAPE","surface",-67.1023,20.3994,2670
"2026-09-09 18:00:00","2026-09-10 09:00:00","CAPE","surface",-67.0784,20.3994,2644
"2026-09-09 18:00:00","2026-09-10 09:00:00","CAPE","surface",-67.0544,20.3994,2660
"2026-09-09 18:00:00","2026-09-10 09:00:00","CAPE","surface",-67.0305,20.3994,2660
"2026-09-09 18:00:00","2026-09-10 09:00:00","CAPE","surface",-67.0066,20.3994,2748
"2026-09-09 18:00:00","2026-09-10 09:00:00","CAPE","surface",-74.7822,20.4218,2361
"2026-09-09 18:00:00","2026-09-10 09:00:00","CAPE","surface",-74.7583,20.4218,2515
"2026-09-09 18:00:00","2026-09-10 09:00:00","CAPE","surface",-74.7344,20.4218,2525
"2026-09-09 18:00:00","2026-09-10 09:00:00","CAPE","surface",-74.7105,20.4218,2562
"2026-09-09 18:00:00","2026-09-10 09:00:00","CAPE","surface",-74.6865,20.4218,2610
"2026-09-09 18:00:00","2026-09-10 09:00:00","CAPE","surface",-74.6626,20.4218,2588
"2026-09-09 18:00:00","2026-09-10 09:00:00","CAPE","surface",-74.6387,20.4218,2582
"2026-09-09 18:00:00","2026-09-10 09:00:00","CAPE","surface",-74.6148,20.4218,2600
"2026-09-09 18:00:00","2026-09-10 09:00:00","CAPE","surface",-74.5908,20.4218,2587
"2026-09-09 18:00:00","2026-09-10 09:00:00","CAPE","surface",-74.5669,20.4218,2647
"2026-09-09 18:00:00","2026-09-10 09:00:00","CAPE","surface",-74.543,20.4218,2647
"2026-09-09 18:00:00","2026-09-10 09:00:00","CAPE","surface",-74.5191,20.4218,2909
"2026-09-09 18:00:00","2026-09-10 09:00:00","CAPE","surface",-74.4951,20.4218,2905
"2026-09-09 18:00:00","2026-09-10 09:00:00","CAPE","surface",-74.4712,20.4218,2852
"2026-09-09 18:00:00","2026-09-10 09:00:00","CAPE","surface",-74.4473,20.4218,2893
"2026-09-09 18:00:00","2026-09-10 09:00:00","CAPE","surface",-74.4234,20.4218,2948
"2026-09-09 18:00:00","2026-09-10 09:00:00","CAPE","surface",-74.3994,20.4218,2948
"2026-09-09 18:00:00","2026-09-10 09:00:00","CAPE","surface",-74.3755,20.4218,3024
"2026-09-09 18:00:00","2026-09-10 09:00:00","CAPE","surface",-74.3516,20.4218,2994
"2026-09-09 18:00:00","2026-09-10 09:00:00","CAPE","surface",-74.3277,20.4218,3096
"2026-09-09 18:00:00","2026-09-10 09:00:00","CAPE","surface",-74.3037,20.4218,3070
"2026-09-09 18:00:00","2026-09-10 09:00:00","CAPE","surface",-74.2798,20.4218,3174
"2026-09-09 18:00:00","2026-09-10 09:00:00","CAPE","surface",-74.2559,20.4218,3161
"2026-09-09 18:00:00","2026-09-10 09:00:00","CAPE","surface",-74.232,20.4218,3177
"2026-09-09 18:00:00","2026-09-10 09:00:00","CAPE","surface",-74.208,20.4218,3191
"2026-09-09 18:00:00","2026-09-10 09:00:00","CAPE","surface",-74.1841,20.4218,3085
"2026-09-09 18:00:00","2026-09-10 09:00:00","CAPE","surface",-74.1602,20.4218,3085
"2026-09-09 18:00:00","2026-09-10 09:00:00","CAPE","surface",-74.1363,20.4218,2811
"2026-09-09 18:00:00","2026-09-10 09:00:00","CAPE","surface",-74.1123,20.4218,2892
"2026-09-09 18:00:00","2026-09-10 09:00:00","CAPE","surface",-74.0884,20.4218,2788
"2026-09-09 18:00:00","2026-09-10 09:00:00","CAPE","surface",-74.0645,20.4218,2884
"2026-09-09 18:00:00","2026-09-10 09:00:00","CAPE","surface",-74.0406,20.4218,2785
"2026-09-09 18:00:00","2026-09-10 09:00:00","CAPE","surface",-74.0166,20.4218,2859
"2026-09-09 18:00:00","2026-09-10 09:00:00","CAPE","surface",-73.9927,20.4218,2871
"2026-09-09 18:00:00","2026-09-10 09:00:00","CAPE","surface",-73.9688,20.4218,2929
"2026-09-09 18:00:00","2026-09-10 09:00:00","CAPE","surface",-73.9449,20.4218,2920
"2026-09-09 18:00:00","2026-09-10 09:00:00","CAPE","surface",-73.9209,20.4218,2986
"2026-09-09 18:00:00","2026-09-10 09:00:00","CAPE","surface",-73.897,20.4218,2976
"2026-09-09 18:00:00","2026-09-10 09:00:00","CAPE","surface",-73.8731,20.4218,3062
"2026-09-09 18:00:00","2026-09-10 09:00:00","CAPE","surface",-73.8492,20.4218,3102
"2026-09-09 18:00:00","2026-09-10 09:00:00","CAPE","surface",-73.8252,20.4218,3173
"2026-09-09 18:00:00","2026-09-10 09:00:00","CAPE","surface",-73.8013,20.4218,3133
"2026-09-09 18:00:00","2026-09-10 09:00:00","CAPE","surface",-73.7774,20.4218,3133
"2026-09-09 18:00:00","2026-09-10 09:00:00","CAPE","surface",-73.7535,20.4218,3094
"2026-09-09 18:00:00","2026-09-10 09:00:00","CAPE","surface",-73.7295,20.4218,3175
"2026-09-09 18:00:00","2026-09-10 09:00:00","CAPE","surface",-73.7056,20.4218,3155
"2026-09-09 18:00:00","2026-09-10 09:00:00","CAPE","surface",-73.6817,20.4218,3185
"2026-09-09 18:00:00","2026-09-10 09:00:00","CAPE","surface",-73.6578,20.4218,3107
"2026-09-09 18:00:00","2026-09-10 09:00:00","CAPE","surface",-73.6338,20.4218,3130
"2026-09-09 18:00:00","2026-09-10 09:00:00","CAPE","surface",-73.6099,20.4218,2982
"2026-09-09 18:00:00","2026-09-10 09:00:00","CAPE","surface",-73.586,20.4218,2892
"2026-09-09 18:00:00","2026-09-10 09:00:00","CAPE","surface",-73.5621,20.4218,2845
"2026-09-09 18:00:00","2026-09-10 09:00:00","CAPE","surface",-73.5381,20.4218,2845
"2026-09-09 18:00:00","2026-09-10 09:00:00","CAPE","surface",-73.5142,20.4218,2823
"2026-09-09 18:00:00","2026-09-10 09:00:00","CAPE","surface",-73.4903,20.4218,2731
"2026-09-09 18:00:00","2026-09-10 09:00:00","CAPE","surface",-73.4664,20.4218,2733
"2026-09-09 18:00:00","2026-09-10 09:00:00","CAPE","surface",-73.4424,20.4218,2691
"2026-09-09 18:00:00","2026-09-10 09:00:00","CAPE","surface",-73.4185,20.4218,2691
"2026-09-09 18:00:00","2026-09-10 09:00:00","CAPE","surface",-73.3946,20.4218,2693
"2026-09-09 18:00:00","2026-09-10 09:00:00","CAPE","surface",-73.3707,20.4218,2730
"2026-09-09 18:00:00","2026-09-10 09:00:00","CAPE","surface",-73.3467,20.4218,2764
"2026-09-09 18:00:00","2026-09-10 09:00:00","CAPE","surface",-73.3228,20.4218,2799
"2026-09-09 18:00:00","2026-09-10 09:00:00","CAPE","surface",-73.2989,20.4218,2814
"2026-09-09 18:00:00","2026-09-10 09:00:00","CAPE","surface",-73.275,20.4218,2834
"2026-09-09 18:00:00","2026-09-10 09:00:00","CAPE","surface",-73.251,20.4218,2819
"2026-09-09 18:00:00","2026-09-10 09:00:00","CAPE","surface",-73.2271,20.4218,2839
"2026-09-09 18:00:00","2026-09-10 09:00:00","CAPE","surface",-73.2032,20.4218,2791
"2026-09-09 18:00:00","2026-09-10 09:00:00","CAPE","surface",-73.1793,20.4218,2791
"2026-09-09 18:00:00","2026-09-10 09:00:00","CAPE","surface",-73.1553,20.4218,2674
"2026-09-09 18:00:00","2026-09-10 09:00:00","CAPE","surface",-73.1314,20.4218,2687
"2026-09-09 18:00:00","2026-09-10 09:00:00","CAPE","surface",-73.1075,20.4218,2513
"2026-09-09 18:00:00","2026-09-10 09:00:00","CAPE","surface",-73.0836,20.4218,2521
"2026-09-09 18:00:00","2026-09-10 09:00:00","CAPE","surface",-73.0596,20.4218,2480
"2026-09-09 18:00:00","2026-09-10 09:00:00","CAPE","surface",-73.0357,20.4218,2490
"2026-09-09 18:00:00","2026-09-10 09:00:00","CAPE","surface",-73.0118,20.4218,2549
"2026-09-09 18:00:00","2026-09-10 09:00:00","CAPE","surface",-72.9879,20.4218,2586
"2026-09-09 18:00:00","2026-09-10 09:00:00","CAPE","surface",-72.9639,20.4218,2744
"2026-09-09 18:00:00","2026-09-10 09:00:00","CAPE","surface",-72.94,20.4218,2744
"2026-09-09 18:00:00","2026-09-10 09:00:00","CAPE","surface",-72.9161,20.4218,2917
"2026-09-09 18:00:00","2026-09-10 09:00:00","CAPE","surface",-72.8922,20.4218,2871
"2026-09-09 18:00:00","2026-09-10 09:00:00","CAPE","surface",-72.8682,20.4218,2778
"2026-09-09 18:00:00","2026-09-10 09:00:00","CAPE","surface",-72.8443,20.4218,2648
"2026-09-09 18:00:00","2026-09-10 09:00:00","CAPE","surface",-72.8204,20.4218,2563
"2026-09-09 18:00:00","2026-09-10 09:00:00","CAPE","surface",-72.7965,20.4218,2475
"2026-09-09 18:00:00","2026-09-10 09:00:00","CAPE","surface",-72.7725,20.4218,2365
"2026-09-09 18:00:00","2026-09-10 09:00:00","CAPE","surface",-72.7486,20.4218,2342
"2026-09-09 18:00:00","2026-09-10 09:00:00","CAPE","surface",-72.7247,20.4218,2319
"2026-09-09 18:00:00","2026-09-10 09:00:00","CAPE","surface",-72.7008,20.4218,2319
"2026-09-09 18:00:00","2026-09-10 09:00:00","CAPE","surface",-72.6768,20.4218,2342
"2026-09-09 18:00:00","2026-09-10 09:00:00","CAPE","surface",-72.6529,20.4218,2321
"2026-09-09 18:00:00","2026-09-10 09:00:00","CAPE","surface",-72.629,20.4218,2312
"2026-09-09 18:00:00","2026-09-10 09:00:00","CAPE","surface",-72.6051,20.4218,2299
"2026-09-09 18:00:00","2026-09-10 09:00:00","CAPE","surface",-72.5811,20.4218,2311
"2026-09-09 18:00:00","2026-09-10 09:00:00","CAPE","surface",-72.5572,20.4218,2320
"2026-09-09 18:00:00","2026-09-10 09:00:00","CAPE","surface",-72.5333,20.4218,2316
"2026-09-09 18:00:00","2026-09-10 09:00:00","CAPE","surface",-72.5094,20.4218,2328
"2026-09-09 18:00:00","2026-09-10 09:00:00","CAPE","surface",-72.4854,20.4218,2352
"2026-09-09 18:00:00","2026-09-10 09:00:00","CAPE","surface",-72.4615,20.4218,2405
"2026-09-09 18:00:00","2026-09-10 09:00:00","CAPE","surface",-72.4376,20.4218,2426
"2026-09-09 18:00:00","2026-09-10 09:00:00","CAPE","surface",-72.4137,20.4218,2487
"2026-09-09 18:00:00","2026-09-10 09:00:00","CAPE","surface",-72.3897,20.4218,2587
"2026-09-09 18:00:00","2026-09-10 09:00:00","CAPE","surface",-72.3658,20.4218,2770
"2026-09-09 18:00:00","2026-09-10 09:00:00","CAPE","surface",-72.3419,20.4218,2770
"2026-09-09 18:00:00","2026-09-10 09:00:00","CAPE","surface",-72.318,20.4218,2866
"2026-09-09 18:00:00","2026-09-10 09:00:00","CAPE","surface",-72.294,20.4218,2995
"2026-09-09 18:00:00","2026-09-10 09:00:00","CAPE","surface",-72.2701,20.4218,2845
"2026-09-09 18:00:00","2026-09-10 09:00:00","CAPE","surface",-72.2462,20.4218,2845
"2026-09-09 18:00:00","2026-09-10 09:00:00","CAPE","surface",-72.2223,20.4218,2556
"2026-09-09 18:00:00","2026-09-10 09:00:00","CAPE","surface",-72.1983,20.4218,2527
"2026-09-09 18:00:00","2026-09-10 09:00:00","CAPE","surface",-72.1744,20.4218,2363
"2026-09-09 18:00:00","2026-09-10 09:00:00","CAPE","surface",-72.1505,20.4218,2343
"2026-09-09 18:00:00","2026-09-10 09:00:00","CAPE","surface",-72.1266,20.4218,2366
"2026-09-09 18:00:00","2026-09-10 09:00:00","CAPE","surface",-72.1026,20.4218,2401
"2026-09-09 18:00:00","2026-09-10 09:00:00","CAPE","surface",-72.0787,20.4218,2537
"2026-09-09 18:00:00","2026-09-10 09:00:00","CAPE","surface",-72.0548,20.4218,2546
"2026-09-09 18:00:00","2026-09-10 09:00:00","CAPE","surface",-72.0309,20.4218,2793
"2026-09-09 18:00:00","2026-09-10 09:00:00","CAPE","surface",-72.0069,20.4218,2793
"2026-09-09 18:00:00","2026-09-10 09:00:00","CAPE","surface",-71.983,20.4218,2895
"2026-09-09 18:00:00","2026-09-10 09:00:00","CAPE","surface",-71.9591,20.4218,2681
"2026-09-09 18:00:00","2026-09-10 09:00:00","CAPE","surface",-71.9352,20.4218,2499
"2026-09-09 18:00:00","2026-09-10 09:00:00","CAPE","surface",-71.9112,20.4218,2449
"2026-09-09 18:00:00","2026-09-10 09:00:00","CAPE","surface",-71.8873,20.4218,2365
"2026-09-09 18:00:00","2026-09-10 09:00:00","CAPE","surface",-71.8634,20.4218,2339
"2026-09-09 18:00:00","2026-09-10 09:00:00","CAPE","surface",-71.8395,20.4218,2336
"2026-09-09 18:00:00","2026-09-10 09:00:00","CAPE","surface",-71.8155,20.4218,2349
"2026-09-09 18:00:00","2026-09-10 09:00:00","CAPE","surface",-71.7916,20.4218,2349
"2026-09-09 18:00:00","2026-09-10 09:00:00","CAPE","surface",-71.7677,20.4218,2356
"2026-09-09 18:00:00","2026-09-10 09:00:00","CAPE","surface",-71.7438,20.4218,2408
"2026-09-09 18:00:00","2026-09-10 09:00:00","CAPE","surface",-71.7198,20.4218,2380
"2026-09-09 18:00:00","2026-09-10 09:00:00","CAPE","surface",-71.6959,20.4218,2427
"2026-09-09 18:00:00","2026-09-10 09:00:00","CAPE","surface",-71.672,20.4218,2375
"2026-09-09 18:00:00","2026-09-10 09:00:00","CAPE","surface",-71.6481,20.4218,2409
"2026-09-09 18:00:00","2026-09-10 09:00:00","CAPE","surface",-71.6241,20.4218,2342
"2026-09-09 18:00:00","2026-09-10 09:00:00","CAPE","surface",-71.6002,20.4218,2276
"2026-09-09 18:00:00","2026-09-10 09:00:00","CAPE","surface",-71.5763,20.4218,2276
"2026-09-09 18:00:00","2026-09-10 09:00:00","CAPE","surface",-71.5524,20.4218,2276
"2026-09-09 18:00:00","2026-09-10 09:00:00","CAPE","surface",-71.5284,20.4218,2340
"2026-09-09 18:00:00","2026-09-10 09:00:00","CAPE","surface",-71.5045,20.4218,2397
"2026-09-09 18:00:00","2026-09-10 09:00:00","CAPE","surface",-71.4806,20.4218,2529
"2026-09-09 18:00:00","2026-09-10 09:00:00","CAPE","surface",-71.4567,20.4218,2529
"2026-09-09 18:00:00","2026-09-10 09:00:00","CAPE","surface",-71.4327,20.4218,2585
"2026-09-09 18:00:00","2026-09-10 09:00:00","CAPE","surface",-71.4088,20.4218,2603
"2026-09-09 18:00:00","2026-09-10 09:00:00","CAPE","surface",-71.3849,20.4218,2545
"2026-09-09 18:00:00","2026-09-10 09:00:00","CAPE","surface",-71.361,20.4218,2347
"2026-09-09 18:00:00","2026-09-10 09:00:00","CAPE","surface",-71.337,20.4218,2347
"2026-09-09 18:00:00","2026-09-10 09:00:00","CAPE","surface",-71.3131,20.4218,2376
"2026-09-09 18:00:00","2026-09-10 09:00:00","CAPE","surface",-71.2892,20.4218,2445
"2026-09-09 18:00:00","2026-09-10 09:00:00","CAPE","surface",-71.2653,20.4218,2486
"2026-09-09 18:00:00","2026-09-10 09:00:00","CAPE","surface",-71.2413,20.4218,2440
"2026-09-09 18:00:00","2026-09-10 09:00:00","CAPE","surface",-71.2174,20.4218,2448
"2026-09-09 18:00:00","2026-09-10 09:00:00","CAPE","surface",-71.1935,20.4218,2372
"2026-09-09 18:00:00","2026-09-10 09:00:00","CAPE","surface",-71.1696,20.4218,2346
"2026-09-09 18:00:00","2026-09-10 09:00:00","CAPE","surface",-71.1456,20.4218,2324
"2026-09-09 18:00:00","2026-09-10 09:00:00","CAPE","surface",-71.1217,20.4218,2402
"2026-09-09 18:00:00","2026-09-10 09:00:00","CAPE","surface",-71.0978,20.4218,2434
"2026-09-09 18:00:00","2026-09-10 09:00:00","CAPE","surface",-71.0739,20.4218,2609
"2026-09-09 18:00:00","2026-09-10 09:00:00","CAPE","surface",-71.0499,20.4218,2692
"2026-09-09 18:00:00","2026-09-10 09:00:00","CAPE","surface",-71.026,20.4218,2677
"2026-09-09 18:00:00","2026-09-10 09:00:00","CAPE","surface",-71.0021,20.4218,2677
"2026-09-09 18:00:00","2026-09-10 09:00:00","CAPE","surface",-70.9782,20.4218,2639
"2026-09-09 18:00:00","2026-09-10 09:00:00","CAPE","surface",-70.9542,20.4218,2642
"2026-09-09 18:00:00","2026-09-10 09:00:00","CAPE","surface",-70.9303,20.4218,2646
"2026-09-09 18:00:00","2026-09-10 09:00:00","CAPE","surface",-70.9064,20.4218,2710
"2026-09-09 18:00:00","2026-09-10 09:00:00","CAPE","surface",-70.8825,20.4218,2737
"2026-09-09 18:00:00","2026-09-10 09:00:00","CAPE","surface",-70.8585,20.4218,2898
"2026-09-09 18:00:00","2026-09-10 09:00:00","CAPE","surface",-70.8346,20.4218,2971
"2026-09-09 18:00:00","2026-09-10 09:00:00","CAPE","surface",-70.8107,20.4218,2947
"2026-09-09 18:00:00","2026-09-10 09:00:00","CAPE","surface",-70.7868,20.4218,2947
"2026-09-09 18:00:00","2026-09-10 09:00:00","CAPE","surface",-70.7628,20.4218,2859
"2026-09-09 18:00:00","2026-09-10 09:00:00","CAPE","surface",-70.7389,20.4218,2796
"2026-09-09 18:00:00","2026-09-10 09:00:00","CAPE","surface",-70.715,20.4218,2838
"2026-09-09 18:00:00","2026-09-10 09:00:00","CAPE","surface",-70.6911,20.4218,2838
"2026-09-09 18:00:00","2026-09-10 09:00:00","CAPE","surface",-70.6671,20.4218,2926
"2026-09-09 18:00:00","2026-09-10 09:00:00","CAPE","surface",-70.6432,20.4218,2971
"2026-09-09 18:00:00","2026-09-10 09:00:00","CAPE","surface",-70.6193,20.4218,2905
"2026-09-09 18:00:00","2026-09-10 09:00:00","CAPE","surface",-70.5954,20.4218,2960
"2026-09-09 18:00:00","2026-09-10 09:00:00","CAPE","surface",-70.5714,20.4218,2610
"2026-09-09 18:00:00","2026-09-10 09:00:00","CAPE","surface",-70.5475,20.4218,2530
"2026-09-09 18:00:00","2026-09-10 09:00:00","CAPE","surface",-70.5236,20.4218,2494
"2026-09-09 18:00:00","2026-09-10 09:00:00","CAPE","surface",-70.4997,20.4218,2751
"2026-09-09 18:00:00","2026-09-10 09:00:00","CAPE","surface",-70.4757,20.4218,2751
"2026-09-09 18:00:00","2026-09-10 09:00:00","CAPE","surface",-70.4518,20.4218,2998
"2026-09-09 18:00:00","2026-09-10 09:00:00","CAPE","surface",-70.4279,20.4218,3072
"2026-09-09 18:00:00","2026-09-10 09:00:00","CAPE","surface",-70.404,20.4218,3230
"2026-09-09 18:00:00","2026-09-10 09:00:00","CAPE","surface",-70.38,20.4218,3186
"2026-09-09 18:00:00","2026-09-10 09:00:00","CAPE","surface",-70.3561,20.4218,3052
"2026-09-09 18:00:00","2026-09-10 09:00:00","CAPE","surface",-70.3322,20.4218,2866
"2026-09-09 18:00:00","2026-09-10 09:00:00","CAPE","surface",-70.3083,20.4218,2695
"2026-09-09 18:00:00","2026-09-10 09:00:00","CAPE","surface",-70.2843,20.4218,2694
"2026-09-09 18:00:00","2026-09-10 09:00:00","CAPE","surface",-70.2604,20.4218,2726
"2026-09-09 18:00:00","2026-09-10 09:00:00","CAPE","surface",-70.2365,20.4218,2740
"2026-09-09 18:00:00","2026-09-10 09:00:00","CAPE","surface",-70.2126,20.4218,2744
"2026-09-09 18:00:00","2026-09-10 09:00:00","CAPE","surface",-70.1886,20.4218,2762
"2026-09-09 18:00:00","2026-09-10 09:00:00","CAPE","surface",-70.1647,20.4218,2762
"2026-09-09 18:00:00","2026-09-10 09:00:00","CAPE","surface",-70.1408,20.4218,2755
"2026-09-09 18:00:00","2026-09-10 09:00:00","CAPE","surface",-70.1169,20.4218,2720
"2026-09-09 18:00:00","2026-09-10 09:00:00","CAPE","surface",-70.0929,20.4218,2726
"2026-09-09 18:00:00","2026-09-10 09:00:00","CAPE","surface",-70.069,20.4218,2802
"2026-09-09 18:00:00","2026-09-10 09:00:00","CAPE","surface",-70.0451,20.4218,2749
"2026-09-09 18:00:00","2026-09-10 09:00:00","CAPE","surface",-70.0212,20.4218,2840
"2026-09-09 18:00:00","2026-09-10 09:00:00","CAPE","surface",-69.9972,20.4218,2867
"2026-09-09 18:00:00","2026-09-10 09:00:00","CAPE","surface",-69.9733,20.4218,2912
"2026-09-09 18:00:00","2026-09-10 09:00:00","CAPE","surface",-69.9494,20.4218,2908
"2026-09-09 18:00:00","2026-09-10 09:00:00","CAPE","surface",-69.9255,20.4218,2948
"2026-09-09 18:00:00","2026-09-10 09:00:00","CAPE","surface",-69.9015,20.4218,2936
"2026-09-09 18:00:00","2026-09-10 09:00:00","CAPE","surface",-69.8776,20.4218,2778
"2026-09-09 18:00:00","2026-09-10 09:00:00","CAPE","surface",-69.8537,20.4218,2778
"2026-09-09 18:00:00","2026-09-10 09:00:00","CAPE","surface",-69.8298,20.4218,2480
"2026-09-09 18:00:00","2026-09-10 09:00:00","CAPE","surface",-69.8058,20.4218,1184
"2026-09-09 18:00:00","2026-09-10 09:00:00","CAPE","surface",-69.7819,20.4218,788
"2026-09-09 18:00:00","2026-09-10 09:00:00","CAPE","surface",-69.758,20.4218,119
"2026-09-09 18:00:00","2026-09-10 09:00:00","CAPE","surface",-69.7341,20.4218,442
"2026-09-09 18:00:00","2026-09-10 09:00:00","CAPE","surface",-69.7101,20.4218,0
"2026-09-09 18:00:00","2026-09-10 09:00:00","CAPE","surface",-69.6862,20.4218,0
"2026-09-09 18:00:00","2026-09-10 09:00:00","CAPE","surface",-69.6623,20.4218,0
"2026-09-09 18:00:00","2026-09-10 09:00:00","CAPE","surface",-69.6384,20.4218,0
"2026-09-09 18:00:00","2026-09-10 09:00:00","CAPE","surface",-69.6144,20.4218,0
"2026-09-09 18:00:00","2026-09-10 09:00:00","CAPE","surface",-69.5905,20.4218,66
"2026-09-09 18:00:00","2026-09-10 09:00:00","CAPE","surface",-69.5666,20.4218,2056
"2026-09-09 18:00:00","2026-09-10 09:00:00","CAPE","surface",-69.5427,20.4218,2056
"2026-09-09 18:00:00","2026-09-10 09:00:00","CAPE","surface",-69.5187,20.4218,2796
"2026-09-09 18:00:00","2026-09-10 09:00:00","CAPE","surface",-69.4948,20.4218,2739
"2026-09-09 18:00:00","2026-09-10 09:00:00","CAPE","surface",-69.4709,20.4218,2736
"2026-09-09 18:00:00","2026-09-10 09:00:00","CAPE","surface",-69.447,20.4218,2739
"2026-09-09 18:00:00","2026-09-10 09:00:00","CAPE","surface",-69.423,20.4218,2743
"2026-09-09 18:00:00","2026-09-10 09:00:00","CAPE","surface",-69.3991,20.4218,2692
"2026-09-09 18:00:00","2026-09-10 09:00:00","CAPE","surface",-69.3752,20.4218,2621
"2026-09-09 18:00:00","2026-09-10 09:00:00","CAPE","surface",-69.3513,20.4218,2632
"2026-09-09 18:00:00","2026-09-10 09:00:00","CAPE","surface",-69.3273,20.4218,2572
"2026-09-09 18:00:00","2026-09-10 09:00:00","CAPE","surface",-69.3034,20.4218,2648
"2026-09-09 18:00:00","2026-09-10 09:00:00","CAPE","surface",-69.2795,20.4218,2801
"2026-09-09 18:00:00","2026-09-10 09:00:00","CAPE","surface",-69.2556,20.4218,2893
"2026-09-09 18:00:00","2026-09-10 09:00:00","CAPE","surface",-69.2316,20.4218,2893
"2026-09-09 18:00:00","2026-09-10 09:00:00","CAPE","surface",-69.2077,20.4218,2696
"2026-09-09 18:00:00","2026-09-10 09:00:00","CAPE","surface",-69.1838,20.4218,2455
"2026-09-09 18:00:00","2026-09-10 09:00:00","CAPE","surface",-69.1599,20.4218,2730
"2026-09-09 18:00:00","2026-09-10 09:00:00","CAPE","surface",-69.1359,20.4218,2730
"2026-09-09 18:00:00","2026-09-10 09:00:00","CAPE","surface",-69.112,20.4218,2905
"2026-09-09 18:00:00","2026-09-10 09:00:00","CAPE","surface",-69.0881,20.4218,2784
"2026-09-09 18:00:00","2026-09-10 09:00:00","CAPE","surface",-69.0642,20.4218,2795
"2026-09-09 18:00:00","2026-09-10 09:00:00","CAPE","surface",-69.0402,20.4218,2841
"2026-09-09 18:00:00","2026-09-10 09:00:00","CAPE","surface",-69.0163,20.4218,2841
"2026-09-09 18:00:00","2026-09-10 09:00:00","CAPE","surface",-68.9924,20.4218,2760
"2026-09-09 18:00:00","2026-09-10 09:00:00","CAPE","surface",-68.9685,20.4218,2726
"2026-09-09 18:00:00","2026-09-10 09:00:00","CAPE","surface",-68.9445,20.4218,2750
"2026-09-09 18:00:00","2026-09-10 09:00:00","CAPE","surface",-68.9206,20.4218,2750
"2026-09-09 18:00:00","2026-09-10 09:00:00","CAPE","surface",-68.8967,20.4218,2930
"2026-09-09 18:00:00","2026-09-10 09:00:00","CAPE","surface",-68.8728,20.4218,3030
"2026-09-09 18:00:00","2026-09-10 09:00:00","CAPE","surface",-68.8488,20.4218,3286
"2026-09-09 18:00:00","2026-09-10 09:00:00","CAPE","surface",-68.8249,20.4218,3286
"2026-09-09 18:00:00","2026-09-10 09:00:00","CAPE","surface",-68.801,20.4218,3340
"2026-09-09 18:00:00","2026-09-10 09:00:00","CAPE","surface",-68.7771,20.4218,3027
"2026-09-09 18:00:00","2026-09-10 09:00:00","CAPE","surface",-68.7531,20.4218,3061
"2026-09-09 18:00:00","2026-09-10 09:00:00","CAPE","surface",-68.7292,20.4218,2700
"2026-09-09 18:00:00","2026-09-10 09:00:00","CAPE","surface",-68.7053,20.4218,2710
"2026-09-09 18:00:00","2026-09-10 09:00:00","CAPE","surface",-68.6813,20.4218,2666
"2026-09-09 18:00:00","2026-09-10 09:00:00","CAPE","surface",-68.6574,20.4218,2699
"2026-09-09 18:00:00","2026-09-10 09:00:00","CAPE","surface",-68.6335,20.4218,2738
"2026-09-09 18:00:00","2026-09-10 09:00:00","CAPE","surface",-68.6096,20.4218,2733
"2026-09-09 18:00:00","2026-09-10 09:00:00","CAPE","surface",-68.5856,20.4218,2821
"2026-09-09 18:00:00","2026-09-10 09:00:00","CAPE","surface",-68.5617,20.4218,2802
"2026-09-09 18:00:00","2026-09-10 09:00:00","CAPE","surface",-68.5378,20.4218,2946
"2026-09-09 18:00:00","2026-09-10 09:00:00","CAPE","surface",-68.5139,20.4218,3120
"2026-09-09 18:00:00","2026-09-10 09:00:00","CAPE","surface",-68.4899,20.4218,2900
"2026-09-09 18:00:00","2026-09-10 09:00:00","CAPE","surface",-68.466,20.4218,2762
"2026-09-09 18:00:00","2026-09-10 09:00:00","CAPE","surface",-68.4421,20.4218,2762
"2026-09-09 18:00:00","2026-09-10 09:00:00","CAPE","surface",-68.4182,20.4218,2770
"2026-09-09 18:00:00","2026-09-10 09:00:00","CAPE","surface",-68.3942,20.4218,2787
"2026-09-09 18:00:00","2026-09-10 09:00:00","CAPE","surface",-68.3703,20.4218,2830
"2026-09-09 18:00:00","2026-09-10 09:00:00","CAPE","surface",-68.3464,20.4218,2830
"2026-09-09 18:00:00","2026-09-10 09:00:00","CAPE","surface",-68.3225,20.4218,2794
"2026-09-09 18:00:00","2026-09-10 09:00:00","CAPE","surface",-68.2985,20.4218,2795
"2026-09-09 18:00:00","2026-09-10 09:00:00","CAPE","surface",-68.2746,20.4218,2788
"2026-09-09 18:00:00","2026-09-10 09:00:00","CAPE","surface",-68.2507,20.4218,2787
"2026-09-09 18:00:00","2026-09-10 09:00:00","CAPE","surface",-68.2268,20.4218,2791
"2026-09-09 18:00:00","2026-09-10 09:00:00","CAPE","surface",-68.2028,20.4218,2839
"2026-09-09 18:00:00","2026-09-10 09:00:00","CAPE","surface",-68.1789,20.4218,2849
"2026-09-09 18:00:00","2026-09-10 09:00:00","CAPE","surface",-68.155,20.4218,2832
"2026-09-09 18:00:00","2026-09-10 09:00:00","CAPE","surface",-68.1311,20.4218,2832
"2026-09-09 18:00:00","2026-09-10 09:00:00","CAPE","surface",-68.1071,20.4218,2832
"2026-09-09 18:00:00","2026-09-10 09:00:00","CAPE","surface",-68.0832,20.4218,2835
"2026-09-09 18:00:00","2026-09-10 09:00:00","CAPE","surface",-68.0593,20.4218,2848
"2026-09-09 18:00:00","2026-09-10 09:00:00","CAPE","surface",-68.0354,20.4218,2817
"2026-09-09 18:00:00","2026-09-10 09:00:00","CAPE","surface",-68.0114,20.4218,2821
"2026-09-09 18:00:00","2026-09-10 09:00:00","CAPE","surface",-67.9875,20.4218,2738
"2026-09-09 18:00:00","2026-09-10 09:00:00","CAPE","surface",-67.9636,20.4218,2710
"2026-09-09 18:00:00","2026-09-10 09:00:00","CAPE","surface",-67.9397,20.4218,2694
"2026-09-09 18:00:00","2026-09-10 09:00:00","CAPE","surface",-67.9157,20.4218,2689
"2026-09-09 18:00:00","2026-09-10 09:00:00","CAPE","surface",-67.8918,20.4218,2739
"2026-09-09 18:00:00","2026-09-10 09:00:00","CAPE","surface",-67.8679,20.4218,2762
"2026-09-09 18:00:00","2026-09-10 09:00:00","CAPE","surface",-67.844,20.4218,2747
"2026-09-09 18:00:00","2026-09-10 09:00:00","CAPE","surface",-67.82,20.4218,2707
"2026-09-09 18:00:00","2026-09-10 09:00:00","CAPE","surface",-67.7961,20.4218,2700
"2026-09-09 18:00:00","2026-09-10 09:00:00","CAPE","surface",-67.7722,20.4218,2687
"2026-09-09 18:00:00","2026-09-10 09:00:00","CAPE","surface",-67.7483,20.4218,2687
"2026-09-09 18:00:00","2026-09-10 09:00:00","CAPE","surface",-67.7243,20.4218,2725
"2026-09-09 18:00:00","2026-09-10 09:00:00","CAPE","surface",-67.7004,20.4218,2758
"2026-09-09 18:00:00","2026-09-10 09:00:00","CAPE","surface",-67.6765,20.4218,2795
"2026-09-09 18:00:00","2026-09-10 09:00:00","CAPE","surface",-67.6526,20.4218,2795
"2026-09-09 18:00:00","2026-09-10 09:00:00","CAPE","surface",-67.6286,20.4218,2785
"2026-09-09 18:00:00","2026-09-10 09:00:00","CAPE","surface",-67.6047,20.4218,2731
"2026-09-09 18:00:00","2026-09-10 09:00:00","CAPE","surface",-67.5808,20.4218,2710
"2026-09-09 18:00:00","2026-09-10 09:00:00","CAPE","surface",-67.5569,20.4218,2705
"2026-09-09 18:00:00","2026-09-10 09:00:00","CAPE","surface",-67.5329,20.4218,2719
"2026-09-09 18:00:00","2026-09-10 09:00:00","CAPE","surface",-67.509,20.4218,2782
"2026-09-09 18:00:00","2026-09-10 09:00:00","CAPE","surface",-67.4851,20.4218,2813
"2026-09-09 18:00:00","2026-09-10 09:00:00","CAPE","surface",-67.4612,20.4218,2863
"2026-09-09 18:00:00","2026-09-10 09:00:00","CAPE","surface",-67.4372,20.4218,2877
"2026-09-09 18:00:00","2026-09-10 09:00:00","CAPE","surface",-67.4133,20.4218,2921
"2026-09-09 18:00:00","2026-09-10 09:00:00","CAPE","surface",-67.3894,20.4218,2976
"2026-09-09 18:00:00","2026-09-10 09:00:00","CAPE","surface",-67.3655,20.4218,2990
"2026-09-09 18:00:00","2026-09-10 09:00:00","CAPE","surface",-67.3415,20.4218,3113
"2026-09-09 18:00:00","2026-09-10 09:00:00","CAPE","surface",-67.3176,20.4218,3198
"2026-09-09 18:00:00","2026-09-10 09:00:00","CAPE","surface",-67.2937,20.4218,3303
"2026-09-09 18:00:00","2026-09-10 09:00:00","CAPE","surface",-67.2698,20.4218,3445
"2026-09-09 18:00:00","2026-09-10 09:00:00","CAPE","surface",-67.2458,20.4218,3453
"2026-09-09 18:00:00","2026-09-10 09:00:00","CAPE","surface",-67.2219,20.4218,3361
"2026-09-09 18:00:00","2026-09-10 09:00:00","CAPE","surface",-67.198,20.4218,3201
"2026-09-09 18:00:00","2026-09-10 09:00:00","CAPE","surface",-67.1741,20.4218,2932
"2026-09-09 18:00:00","2026-09-10 09:00:00","CAPE","surface",-67.1501,20.4218,2763
"2026-09-09 18:00:00","2026-09-10 09:00:00","CAPE","surface",-67.1262,20.4218,2783
"2026-09-09 18:00:00","2026-09-10 09:00:00","CAPE","surface",-67.1023,20.4218,2783
"2026-09-09 18:00:00","2026-09-10 09:00:00","CAPE","surface",-67.0784,20.4218,2781
"2026-09-09 18:00:00","2026-09-10 09:00:00","CAPE","surface",-67.0544,20.4218,2670
"2026-09-09 18:00:00","2026-09-10 09:00:00","CAPE","surface",-67.0305,20.4218,2695
"2026-09-09 18:00:00","2026-09-10 09:00:00","CAPE","surface",-67.0066,20.4218,2695
"2026-09-09 18:00:00","2026-09-10 09:00:00","CAPE","surface",-74.7822,20.4443,2357
"2026-09-09 18:00:00","2026-09-10 09:00:00","CAPE","surface",-74.7583,20.4443,2462
"2026-09-09 18:00:00","2026-09-10 09:00:00","CAPE","surface",-74.7344,20.4443,2462
"2026-09-09 18:00:00","2026-09-10 09:00:00","CAPE","surface",-74.7105,20.4443,2323
"2026-09-09 18:00:00","2026-09-10 09:00:00","CAPE","surface",-74.6865,20.4443,2448
"2026-09-09 18:00:00","2026-09-10 09:00:00","CAPE","surface",-74.6626,20.4443,2558
"2026-09-09 18:00:00","2026-09-10 09:00:00","CAPE","surface",-74.6387,20.4443,2598
"2026-09-09 18:00:00","2026-09-10 09:00:00","CAPE","surface",-74.6148,20.4443,2578
"2026-09-09 18:00:00","2026-09-10 09:00:00","CAPE","surface",-74.5908,20.4443,2552
"2026-09-09 18:00:00","2026-09-10 09:00:00","CAPE","surface",-74.5669,20.4443,2765
"2026-09-09 18:00:00","2026-09-10 09:00:00","CAPE","surface",-74.543,20.4443,2760
"2026-09-09 18:00:00","2026-09-10 09:00:00","CAPE","surface",-74.5191,20.4443,2825
"2026-09-09 18:00:00","2026-09-10 09:00:00","CAPE","surface",-74.4951,20.4443,2827
"2026-09-09 18:00:00","2026-09-10 09:00:00","CAPE","surface",-74.4712,20.4443,2845
"2026-09-09 18:00:00","2026-09-10 09:00:00","CAPE","surface",-74.4473,20.4443,2847
"2026-09-09 18:00:00","2026-09-10 09:00:00","CAPE","surface",-74.4234,20.4443,2952
"2026-09-09 18:00:00","2026-09-10 09:00:00","CAPE","surface",-74.3994,20.4443,3011
"2026-09-09 18:00:00","2026-09-10 09:00:00","CAPE","surface",-74.3755,20.4443,3110
"2026-09-09 18:00:00","2026-09-10 09:00:00","CAPE","surface",-74.3516,20.4443,3110
"2026-09-09 18:00:00","2026-09-10 09:00:00","CAPE","surface",-74.3277,20.4443,3175
"2026-09-09 18:00:00","2026-09-10 09:00:00","CAPE","surface",-74.3037,20.4443,3181
"2026-09-09 18:00:00","2026-09-10 09:00:00","CAPE","surface",-74.2798,20.4443,3124
"2026-09-09 18:00:00","2026-09-10 09:00:00","CAPE","surface",-74.2559,20.4443,3155
"2026-09-09 18:00:00","2026-09-10 09:00:00","CAPE","surface",-74.232,20.4443,3006
"2026-09-09 18:00:00","2026-09-10 09:00:00","CAPE","surface",-74.208,20.4443,3023
"2026-09-09 18:00:00","2026-09-10 09:00:00","CAPE","surface",-74.1841,20.4443,2735
"2026-09-09 18:00:00","2026-09-10 09:00:00","CAPE","surface",-74.1602,20.4443,2747
"2026-09-09 18:00:00","2026-09-10 09:00:00","CAPE","surface",-74.1363,20.4443,2642
"2026-09-09 18:00:00","2026-09-10 09:00:00","CAPE","surface",-74.1123,20.4443,2702
"2026-09-09 18:00:00","2026-09-10 09:00:00","CAPE","surface",-74.0884,20.4443,2642
"2026-09-09 18:00:00","2026-09-10 09:00:00","CAPE","surface",-74.0645,20.4443,2711
"2026-09-09 18:00:00","2026-09-10 09:00:00","CAPE","surface",-74.0406,20.4443,2759
"2026-09-09 18:00:00","2026-09-10 09:00:00","CAPE","surface",-74.0166,20.4443,2807
"2026-09-09 18:00:00","2026-09-10 09:00:00","CAPE","surface",-73.9927,20.4443,2854
"2026-09-09 18:00:00","2026-09-10 09:00:00","CAPE","surface",-73.9688,20.4443,2854
"2026-09-09 18:00:00","2026-09-10 09:00:00","CAPE","surface",-73.9449,20.4443,2884
"2026-09-09 18:00:00","2026-09-10 09:00:00","CAPE","surface",-73.9209,20.4443,2914
"2026-09-09 18:00:00","2026-09-10 09:00:00","CAPE","surface",-73.897,20.4443,2966
"2026-09-09 18:00:00","2026-09-10 09:00:00","CAPE","surface",-73.8731,20.4443,3035
"2026-09-09 18:00:00","2026-09-10 09:00:00","CAPE","surface",-73.8492,20.4443,2957
"2026-09-09 18:00:00","2026-09-10 09:00:00","CAPE","surface",-73.8252,20.4443,2987
"2026-09-09 18:00:00","2026-09-10 09:00:00","CAPE","surface",-73.8013,20.4443,2903
"2026-09-09 18:00:00","2026-09-10 09:00:00","CAPE","surface",-73.7774,20.4443,2970
"2026-09-09 18:00:00","2026-09-10 09:00:00","CAPE","surface",-73.7535,20.4443,2954
"2026-09-09 18:00:00","2026-09-10 09:00:00","CAPE","surface",-73.7295,20.4443,2954
"2026-09-09 18:00:00","2026-09-10 09:00:00","CAPE","surface",-73.7056,20.4443,2949
"2026-09-09 18:00:00","2026-09-10 09:00:00","CAPE","surface",-73.6817,20.4443,3044
"2026-09-09 18:00:00","2026-09-10 09:00:00","CAPE","surface",-73.6578,20.4443,2957
"2026-09-09 18:00:00","2026-09-10 09:00:00","CAPE","surface",-73.6338,20.4443,2985
"2026-09-09 18:00:00","2026-09-10 09:00:00","CAPE","surface",-73.6099,20.4443,2883
"2026-09-09 18:00:00","2026-09-10 09:00:00","CAPE","surface",-73.586,20.4443,2908
"2026-09-09 18:00:00","2026-09-10 09:00:00","CAPE","surface",-73.5621,20.4443,2845
"2026-09-09 18:00:00","2026-09-10 09:00:00","CAPE","surface",-73.5381,20.4443,2849
"2026-09-09 18:00:00","2026-09-10 09:00:00","CAPE","surface",-73.5142,20.4443,2736
"2026-09-09 18:00:00","2026-09-10 09:00:00","CAPE","surface",-73.4903,20.4443,2736
"2026-09-09 18:00:00","2026-09-10 09:00:00","CAPE","surface",-73.4664,20.4443,2655
"2026-09-09 18:00:00","2026-09-10 09:00:00","CAPE","surface",-73.4424,20.4443,2668
"2026-09-09 18:00:00","2026-09-10 09:00:00","CAPE","surface",-73.4185,20.4443,2663
"2026-09-09 18:00:00","2026-09-10 09:00:00","CAPE","surface",-73.3946,20.4443,2693
"2026-09-09 18:00:00","2026-09-10 09:00:00","CAPE","surface",-73.3707,20.4443,2683
"2026-09-09 18:00:00","2026-09-10 09:00:00","CAPE","surface",-73.3467,20.4443,2723
"2026-09-09 18:00:00","2026-09-10 09:00:00","CAPE","surface",-73.3228,20.4443,2776
"2026-09-09 18:00:00","2026-09-10 09:00:00","CAPE","surface",-73.2989,20.4443,2814
"2026-09-09 18:00:00","2026-09-10 09:00:00","CAPE","surface",-73.275,20.4443,2800
"2026-09-09 18:00:00","2026-09-10 09:00:00","CAPE","surface",-73.251,20.4443,2819
"2026-09-09 18:00:00","2026-09-10 09:00:00","CAPE","surface",-73.2271,20.4443,2735
"2026-09-09 18:00:00","2026-09-10 09:00:00","CAPE","surface",-73.2032,20.4443,2757
"2026-09-09 18:00:00","2026-09-10 09:00:00","CAPE","surface",-73.1793,20.4443,2656
"2026-09-09 18:00:00","2026-09-10 09:00:00","CAPE","surface",-73.1553,20.4443,2674
"2026-09-09 18:00:00","2026-09-10 09:00:00","CAPE","surface",-73.1314,20.4443,2529
"2026-09-09 18:00:00","2026-09-10 09:00:00","CAPE","surface",-73.1075,20.4443,2529
"2026-09-09 18:00:00","2026-09-10 09:00:00","CAPE","surface",-73.0836,20.4443,2468
"2026-09-09 18:00:00","2026-09-10 09:00:00","CAPE","surface",-73.0596,20.4443,2480
"2026-09-09 18:00:00","2026-09-10 09:00:00","CAPE","surface",-73.0357,20.4443,2513
"2026-09-09 18:00:00","2026-09-10 09:00:00","CAPE","surface",-73.0118,20.4443,2513
"2026-09-09 18:00:00","2026-09-10 09:00:00","CAPE","surface",-72.9879,20.4443,2661
"2026-09-09 18:00:00","2026-09-10 09:00:00","CAPE","surface",-72.9639,20.4443,2718
"2026-09-09 18:00:00","2026-09-10 09:00:00","CAPE","surface",-72.94,20.4443,2929
"2026-09-09 18:00:00","2026-09-10 09:00:00","CAPE","surface",-72.9161,20.4443,3002
"2026-09-09 18:00:00","2026-09-10 09:00:00","CAPE","surface",-72.8922,20.4443,3002
"2026-09-09 18:00:00","2026-09-10 09:00:00","CAPE","surface",-72.8682,20.4443,2767
"2026-09-09 18:00:00","2026-09-10 09:00:00","CAPE","surface",-72.8443,20.4443,2654
"2026-09-09 18:00:00","2026-09-10 09:00:00","CAPE","surface",-72.8204,20.4443,2446
"2026-09-09 18:00:00","2026-09-10 09:00:00","CAPE","surface",-72.7965,20.4443,2398
"2026-09-09 18:00:00","2026-09-10 09:00:00","CAPE","surface",-72.7725,20.4443,2364
"2026-09-09 18:00:00","2026-09-10 09:00:00","CAPE","surface",-72.7486,20.4443,2342
"2026-09-09 18:00:00","2026-09-10 09:00:00","CAPE","surface",-72.7247,20.4443,2349
"2026-09-09 18:00:00","2026-09-10 09:00:00","CAPE","surface",-72.7008,20.4443,2351
"2026-09-09 18:00:00","2026-09-10 09:00:00","CAPE","surface",-72.6768,20.4443,2364
"2026-09-09 18:00:00","2026-09-10 09:00:00","CAPE","surface",-72.6529,20.4443,2364
"2026-09-09 18:00:00","2026-09-10 09:00:00","CAPE","surface",-72.629,20.4443,2320
"2026-09-09 18:00:00","2026-09-10 09:00:00","CAPE","surface",-72.6051,20.4443,2310
"2026-09-09 18:00:00","2026-09-10 09:00:00","CAPE","surface",-72.5811,20.4443,2303
"2026-09-09 18:00:00","2026-09-10 09:00:00","CAPE","surface",-72.5572,20.4443,2312
"2026-09-09 18:00:00","2026-09-10 09:00:00","CAPE","surface",-72.5333,20.4443,2316
"2026-09-09 18:00:00","2026-09-10 09:00:00","CAPE","surface",-72.5094,20.4443,2312
"2026-09-09 18:00:00","2026-09-10 09:00:00","CAPE","surface",-72.4854,20.4443,2393
"2026-09-09 18:00:00","2026-09-10 09:00:00","CAPE","surface",-72.4615,20.4443,2405
"2026-09-09 18:00:00","2026-09-10 09:00:00","CAPE","surface",-72.4376,20.4443,2428
"2026-09-09 18:00:00","2026-09-10 09:00:00","CAPE","surface",-72.4137,20.4443,2428
"2026-09-09 18:00:00","2026-09-10 09:00:00","CAPE","surface",-72.3897,20.4443,2526
"2026-09-09 18:00:00","2026-09-10 09:00:00","CAPE","surface",-72.3658,20.4443,2635
"2026-09-09 18:00:00","2026-09-10 09:00:00","CAPE","surface",-72.3419,20.4443,2726
"2026-09-09 18:00:00","2026-09-10 09:00:00","CAPE","surface",-72.318,20.4443,2866
"2026-09-09 18:00:00","2026-09-10 09:00:00","CAPE","surface",-72.294,20.4443,2574
"2026-09-09 18:00:00","2026-09-10 09:00:00","CAPE","surface",-72.2701,20.4443,2736
"2026-09-09 18:00:00","2026-09-10 09:00:00","CAPE","surface",-72.2462,20.4443,2464
"2026-09-09 18:00:00","2026-09-10 09:00:00","CAPE","surface",-72.2223,20.4443,2556
"2026-09-09 18:00:00","2026-09-10 09:00:00","CAPE","surface",-72.1983,20.4443,2384
"2026-09-09 18:00:00","2026-09-10 09:00:00","CAPE","surface",-72.1744,20.4443,2318
"2026-09-09 18:00:00","2026-09-10 09:00:00","CAPE","surface",-72.1505,20.4443,2335
"2026-09-09 18:00:00","2026-09-10 09:00:00","CAPE","surface",-72.1266,20.4443,2441
"2026-09-09 18:00:00","2026-09-10 09:00:00","CAPE","surface",-72.1026,20.4443,2507
"2026-09-09 18:00:00","2026-09-10 09:00:00","CAPE","surface",-72.0787,20.4443,2693
"2026-09-09 18:00:00","2026-09-10 09:00:00","CAPE","surface",-72.0548,20.4443,2771
"2026-09-09 18:00:00","2026-09-10 09:00:00","CAPE","surface",-72.0309,20.4443,2977
"2026-09-09 18:00:00","2026-09-10 09:00:00","CAPE","surface",-72.0069,20.4443,2975
"2026-09-09 18:00:00","2026-09-10 09:00:00","CAPE","surface",-71.983,20.4443,2816
"2026-09-09 18:00:00","2026-09-10 09:00:00","CAPE","surface",-71.9591,20.4443,2816
"2026-09-09 18:00:00","2026-09-10 09:00:00","CAPE","surface",-71.9352,20.4443,2507
"2026-09-09 18:00:00","2026-09-10 09:00:00","CAPE","surface",-71.9112,20.4443,2430
"2026-09-09 18:00:00","2026-09-10 09:00:00","CAPE","surface",-71.8873,20.4443,2339
"2026-09-09 18:00:00","2026-09-10 09:00:00","CAPE","surface",-71.8634,20.4443,2339
"2026-09-09 18:00:00","2026-09-10 09:00:00","CAPE","surface",-71.8395,20.4443,2321
"2026-09-09 18:00:00","2026-09-10 09:00:00","CAPE","surface",-71.8155,20.4443,2336
"2026-09-09 18:00:00","2026-09-10 09:00:00","CAPE","surface",-71.7916,20.4443,2322
"2026-09-09 18:00:00","2026-09-10 09:00:00","CAPE","surface",-71.7677,20.4443,2356
"2026-09-09 18:00:00","2026-09-10 09:00:00","CAPE","surface",-71.7438,20.4443,2291
"2026-09-09 18:00:00","2026-09-10 09:00:00","CAPE","surface",-71.7198,20.4443,2314
"2026-09-09 18:00:00","2026-09-10 09:00:00","CAPE","surface",-71.6959,20.4443,2305
"2026-09-09 18:00:00","2026-09-10 09:00:00","CAPE","surface",-71.672,20.4443,2375
"2026-09-09 18:00:00","2026-09-10 09:00:00","CAPE","surface",-71.6481,20.4443,2382
"2026-09-09 18:00:00","2026-09-10 09:00:00","CAPE","surface",-71.6241,20.4443,2382
"2026-09-09 18:00:00","2026-09-10 09:00:00","CAPE","surface",-71.6002,20.4443,2320
"2026-09-09 18:00:00","2026-09-10 09:00:00","CAPE","surface",-71.5763,20.4443,2298
"2026-09-09 18:00:00","2026-09-10 09:00:00","CAPE","surface",-71.5524,20.4443,2308
"2026-09-09 18:00:00","2026-09-10 09:00:00","CAPE","surface",-71.5284,20.4443,2441
"2026-09-09 18:00:00","2026-09-10 09:00:00","CAPE","surface",-71.5045,20.4443,2441
"2026-09-09 18:00:00","2026-09-10 09:00:00","CAPE","surface",-71.4806,20.4443,2560
"2026-09-09 18:00:00","2026-09-10 09:00:00","CAPE","surface",-71.4567,20.4443,2571
"2026-09-09 18:00:00","2026-09-10 09:00:00","CAPE","surface",-71.4327,20.4443,2521
"2026-09-09 18:00:00","2026-09-10 09:00:00","CAPE","surface",-71.4088,20.4443,2521
"2026-09-09 18:00:00","2026-09-10 09:00:00","CAPE","surface",-71.3849,20.4443,2268
"2026-09-09 18:00:00","2026-09-10 09:00:00","CAPE","surface",-71.361,20.4443,2288
"2026-09-09 18:00:00","2026-09-10 09:00:00","CAPE","surface",-71.337,20.4443,2280
"2026-09-09 18:00:00","2026-09-10 09:00:00","CAPE","surface",-71.3131,20.4443,2376
"2026-09-09 18:00:00","2026-09-10 09:00:00","CAPE","surface",-71.2892,20.4443,2459
"2026-09-09 18:00:00","2026-09-10 09:00:00","CAPE","surface",-71.2653,20.4443,2495
"2026-09-09 18:00:00","2026-09-10 09:00:00","CAPE","surface",-71.2413,20.4443,2538
"2026-09-09 18:00:00","2026-09-10 09:00:00","CAPE","surface",-71.2174,20.4443,2448
"2026-09-09 18:00:00","2026-09-10 09:00:00","CAPE","surface",-71.1935,20.4443,2392
"2026-09-09 18:00:00","2026-09-10 09:00:00","CAPE","surface",-71.1696,20.4443,2392
"2026-09-09 18:00:00","2026-09-10 09:00:00","CAPE","surface",-71.1456,20.4443,2424
"2026-09-09 18:00:00","2026-09-10 09:00:00","CAPE","surface",-71.1217,20.4443,2556
"2026-09-09 18:00:00","2026-09-10 09:00:00","CAPE","surface",-71.0978,20.4443,2561
"2026-09-09 18:00:00","2026-09-10 09:00:00","CAPE","surface",-71.0739,20.4443,2636
"2026-09-09 18:00:00","2026-09-10 09:00:00","CAPE","surface",-71.0499,20.4443,2652
"2026-09-09 18:00:00","2026-09-10 09:00:00","CAPE","surface",-71.026,20.4443,2653
"2026-09-09 18:00:00","2026-09-10 09:00:00","CAPE","surface",-71.0021,20.4443,2649
"2026-09-09 18:00:00","2026-09-10 09:00:00","CAPE","surface",-70.9782,20.4443,2644
"2026-09-09 18:00:00","2026-09-10 09:00:00","CAPE","surface",-70.9542,20.4443,2644
"2026-09-09 18:00:00","2026-09-10 09:00:00","CAPE","surface",-70.9303,20.4443,2705
"2026-09-09 18:00:00","2026-09-10 09:00:00","CAPE","surface",-70.9064,20.4443,2710
"2026-09-09 18:00:00","2026-09-10 09:00:00","CAPE","surface",-70.8825,20.4443,2848
"2026-09-09 18:00:00","2026-09-10 09:00:00","CAPE","surface",-70.8585,20.4443,2848
"2026-09-09 18:00:00","2026-09-10 09:00:00","CAPE","surface",-70.8346,20.4443,2865
"2026-09-09 18:00:00","2026-09-10 09:00:00","CAPE","surface",-70.8107,20.4443,2924
"2026-09-09 18:00:00","2026-09-10 09:00:00","CAPE","surface",-70.7868,20.4443,2848
"2026-09-09 18:00:00","2026-09-10 09:00:00","CAPE","surface",-70.7628,20.4443,2859
"2026-09-09 18:00:00","2026-09-10 09:00:00","CAPE","surface",-70.7389,20.4443,2807
"2026-09-09 18:00:00","2026-09-10 09:00:00","CAPE","surface",-70.715,20.4443,2777
"2026-09-09 18:00:00","2026-09-10 09:00:00","CAPE","surface",-70.6911,20.4443,2865
"2026-09-09 18:00:00","2026-09-10 09:00:00","CAPE","surface",-70.6671,20.4443,2820
"2026-09-09 18:00:00","2026-09-10 09:00:00","CAPE","surface",-70.6432,20.4443,2820
"2026-09-09 18:00:00","2026-09-10 09:00:00","CAPE","surface",-70.6193,20.4443,2564
"2026-09-09 18:00:00","2026-09-10 09:00:00","CAPE","surface",-70.5954,20.4443,2593
"2026-09-09 18:00:00","2026-09-10 09:00:00","CAPE","surface",-70.5714,20.4443,2527
"2026-09-09 18:00:00","2026-09-10 09:00:00","CAPE","surface",-70.5475,20.4443,2530
"2026-09-09 18:00:00","2026-09-10 09:00:00","CAPE","surface",-70.5236,20.4443,2811
"2026-09-09 18:00:00","2026-09-10 09:00:00","CAPE","surface",-70.4997,20.4443,2790
"2026-09-09 18:00:00","2026-09-10 09:00:00","CAPE","surface",-70.4757,20.4443,2928
"2026-09-09 18:00:00","2026-09-10 09:00:00","CAPE","surface",-70.4518,20.4443,2998
"2026-09-09 18:00:00","2026-09-10 09:00:00","CAPE","surface",-70.4279,20.4443,3016
"2026-09-09 18:00:00","2026-09-10 09:00:00","CAPE","surface",-70.404,20.4443,3142
"2026-09-09 18:00:00","2026-09-10 09:00:00","CAPE","surface",-70.38,20.4443,3192
"2026-09-09 18:00:00","2026-09-10 09:00:00","CAPE","surface",-70.3561,20.4443,2824
"2026-09-09 18:00:00","2026-09-10 09:00:00","CAPE","surface",-70.3322,20.4443,2731
"2026-09-09 18:00:00","2026-09-10 09:00:00","CAPE","surface",-70.3083,20.4443,2724
"2026-09-09 18:00:00","2026-09-10 09:00:00","CAPE","surface",-70.2843,20.4443,2717
"2026-09-09 18:00:00","2026-09-10 09:00:00","CAPE","surface",-70.2604,20.4443,2834
"2026-09-09 18:00:00","2026-09-10 09:00:00","CAPE","surface",-70.2365,20.4443,2785
"2026-09-09 18:00:00","2026-09-10 09:00:00","CAPE","surface",-70.2126,20.4443,2938
"2026-09-09 18:00:00","2026-09-10 09:00:00","CAPE","surface",-70.1886,20.4443,2850
"2026-09-09 18:00:00","2026-09-10 09:00:00","CAPE","surface",-70.1647,20.4443,2857
"2026-09-09 18:00:00","2026-09-10 09:00:00","CAPE","surface",-70.1408,20.4443,2755
"2026-09-09 18:00:00","2026-09-10 09:00:00","CAPE","surface",-70.1169,20.4443,2762
"2026-09-09 18:00:00","2026-09-10 09:00:00","CAPE","surface",-70.0929,20.4443,2715
"2026-09-09 18:00:00","2026-09-10 09:00:00","CAPE","surface",-70.069,20.4443,2692
"2026-09-09 18:00:00","2026-09-10 09:00:00","CAPE","surface",-70.0451,20.4443,2737
"2026-09-09 18:00:00","2026-09-10 09:00:00","CAPE","surface",-70.0212,20.4443,2808
"2026-09-09 18:00:00","2026-09-10 09:00:00","CAPE","surface",-69.9972,20.4443,2821
"2026-09-09 18:00:00","2026-09-10 09:00:00","CAPE","surface",-69.9733,20.4443,2866
"2026-09-09 18:00:00","2026-09-10 09:00:00","CAPE","surface",-69.9494,20.4443,2968
"2026-09-09 18:00:00","2026-09-10 09:00:00","CAPE","surface",-69.9255,20.4443,2987
"2026-09-09 18:00:00","2026-09-10 09:00:00","CAPE","surface",-69.9015,20.4443,3104
"2026-09-09 18:00:00","2026-09-10 09:00:00","CAPE","surface",-69.8776,20.4443,3081
"2026-09-09 18:00:00","2026-09-10 09:00:00","CAPE","surface",-69.8537,20.4443,3100
"2026-09-09 18:00:00","2026-09-10 09:00:00","CAPE","surface",-69.8298,20.4443,2480
"2026-09-09 18:00:00","2026-09-10 09:00:00","CAPE","surface",-69.8058,20.4443,3169
"2026-09-09 18:00:00","2026-09-10 09:00:00","CAPE","surface",-69.7819,20.4443,2245
"2026-09-09 18:00:00","2026-09-10 09:00:00","CAPE","surface",-69.758,20.4443,1881
"2026-09-09 18:00:00","2026-09-10 09:00:00","CAPE","surface",-69.7341,20.4443,442
"2026-09-09 18:00:00","2026-09-10 09:00:00","CAPE","surface",-69.7101,20.4443,335
"2026-09-09 18:00:00","2026-09-10 09:00:00","CAPE","surface",-69.6862,20.4443,1833
"2026-09-09 18:00:00","2026-09-10 09:00:00","CAPE","surface",-69.6623,20.4443,775
"2026-09-09 18:00:00","2026-09-10 09:00:00","CAPE","surface",-69.6384,20.4443,1583
"2026-09-09 18:00:00","2026-09-10 09:00:00","CAPE","surface",-69.6144,20.4443,187
"2026-09-09 18:00:00","2026-09-10 09:00:00","CAPE","surface",-69.5905,20.4443,2398
"2026-09-09 18:00:00","2026-09-10 09:00:00","CAPE","surface",-69.5666,20.4443,1935
"2026-09-09 18:00:00","2026-09-10 09:00:00","CAPE","surface",-69.5427,20.4443,2777
"2026-09-09 18:00:00","2026-09-10 09:00:00","CAPE","surface",-69.5187,20.4443,2796
"2026-09-09 18:00:00","2026-09-10 09:00:00","CAPE","surface",-69.4948,20.4443,2766
"2026-09-09 18:00:00","2026-09-10 09:00:00","CAPE","surface",-69.4709,20.4443,2751
"2026-09-09 18:00:00","2026-09-10 09:00:00","CAPE","surface",-69.447,20.4443,2800
"2026-09-09 18:00:00","2026-09-10 09:00:00","CAPE","surface",-69.423,20.4443,2715
"2026-09-09 18:00:00","2026-09-10 09:00:00","CAPE","surface",-69.3991,20.4443,2715
"2026-09-09 18:00:00","2026-09-10 09:00:00","CAPE","surface",-69.3752,20.4443,2611
"2026-09-09 18:00:00","2026-09-10 09:00:00","CAPE","surface",-69.3513,20.4443,2602
"2026-09-09 18:00:00","2026-09-10 09:00:00","CAPE","surface",-69.3273,20.4443,2631
"2026-09-09 18:00:00","2026-09-10 09:00:00","CAPE","surface",-69.3034,20.4443,2648
"2026-09-09 18:00:00","2026-09-10 09:00:00","CAPE","surface",-69.2795,20.4443,2755
"2026-09-09 18:00:00","2026-09-10 09:00:00","CAPE","surface",-69.2556,20.4443,2835
"2026-09-09 18:00:00","2026-09-10 09:00:00","CAPE","surface",-69.2316,20.4443,2946
"2026-09-09 18:00:00","2026-09-10 09:00:00","CAPE","surface",-69.2077,20.4443,2696
"2026-09-09 18:00:00","2026-09-10 09:00:00","CAPE","surface",-69.1838,20.4443,2927
"2026-09-09 18:00:00","2026-09-10 09:00:00","CAPE","surface",-69.1599,20.4443,2753
"2026-09-09 18:00:00","2026-09-10 09:00:00","CAPE","surface",-69.1359,20.4443,2951
"2026-09-09 18:00:00","2026-09-10 09:00:00","CAPE","surface",-69.112,20.4443,2936
"2026-09-09 18:00:00","2026-09-10 09:00:00","CAPE","surface",-69.0881,20.4443,2936
"2026-09-09 18:00:00","2026-09-10 09:00:00","CAPE","surface",-69.0642,20.4443,3000
"2026-09-09 18:00:00","2026-09-10 09:00:00","CAPE","surface",-69.0402,20.4443,2976
"2026-09-09 18:00:00","2026-09-10 09:00:00","CAPE","surface",-69.0163,20.4443,2875
"2026-09-09 18:00:00","2026-09-10 09:00:00","CAPE","surface",-68.9924,20.4443,2875
"2026-09-09 18:00:00","2026-09-10 09:00:00","CAPE","surface",-68.9685,20.4443,2843
"2026-09-09 18:00:00","2026-09-10 09:00:00","CAPE","surface",-68.9445,20.4443,2769
"2026-09-09 18:00:00","2026-09-10 09:00:00","CAPE","surface",-68.9206,20.4443,2861
"2026-09-09 18:00:00","2026-09-10 09:00:00","CAPE","surface",-68.8967,20.4443,2861
"2026-09-09 18:00:00","2026-09-10 09:00:00","CAPE","surface",-68.8728,20.4443,2967
"2026-09-09 18:00:00","2026-09-10 09:00:00","CAPE","surface",-68.8488,20.4443,2987
"2026-09-09 18:00:00","2026-09-10 09:00:00","CAPE","surface",-68.8249,20.4443,3178
"2026-09-09 18:00:00","2026-09-10 09:00:00","CAPE","surface",-68.801,20.4443,2978
"2026-09-09 18:00:00","2026-09-10 09:00:00","CAPE","surface",-68.7771,20.4443,2978
"2026-09-09 18:00:00","2026-09-10 09:00:00","CAPE","surface",-68.7531,20.4443,2713
"2026-09-09 18:00:00","2026-09-10 09:00:00","CAPE","surface",-68.7292,20.4443,2700
"2026-09-09 18:00:00","2026-09-10 09:00:00","CAPE","surface",-68.7053,20.4443,2668
"2026-09-09 18:00:00","2026-09-10 09:00:00","CAPE","surface",-68.6813,20.4443,2668
"2026-09-09 18:00:00","2026-09-10 09:00:00","CAPE","surface",-68.6574,20.4443,2761
"2026-09-09 18:00:00","2026-09-10 09:00:00","CAPE","surface",-68.6335,20.4443,3013
"2026-09-09 18:00:00","2026-09-10 09:00:00","CAPE","surface",-68.6096,20.4443,2903
"2026-09-09 18:00:00","2026-09-10 09:00:00","CAPE","surface",-68.5856,20.4443,3131
"2026-09-09 18:00:00","2026-09-10 09:00:00","CAPE","surface",-68.5617,20.4443,3013
"2026-09-09 18:00:00","2026-09-10 09:00:00","CAPE","surface",-68.5378,20.4443,3245
"2026-09-09 18:00:00","2026-09-10 09:00:00","CAPE","surface",-68.5139,20.4443,3120
"2026-09-09 18:00:00","2026-09-10 09:00:00","CAPE","surface",-68.4899,20.4443,3214
"2026-09-09 18:00:00","2026-09-10 09:00:00","CAPE","surface",-68.466,20.4443,2930
"2026-09-09 18:00:00","2026-09-10 09:00:00","CAPE","surface",-68.4421,20.4443,2816
"2026-09-09 18:00:00","2026-09-10 09:00:00","CAPE","surface",-68.4182,20.4443,2770
"2026-09-09 18:00:00","2026-09-10 09:00:00","CAPE","surface",-68.3942,20.4443,2886
"2026-09-09 18:00:00","2026-09-10 09:00:00","CAPE","surface",-68.3703,20.4443,2904
"2026-09-09 18:00:00","2026-09-10 09:00:00","CAPE","surface",-68.3464,20.4443,2839
"2026-09-09 18:00:00","2026-09-10 09:00:00","CAPE","surface",-68.3225,20.4443,2807
"2026-09-09 18:00:00","2026-09-10 09:00:00","CAPE","surface",-68.2985,20.4443,2807
"2026-09-09 18:00:00","2026-09-10 09:00:00","CAPE","surface",-68.2746,20.4443,2800
"2026-09-09 18:00:00","2026-09-10 09:00:00","CAPE","surface",-68.2507,20.4443,2787
"2026-09-09 18:00:00","2026-09-10 09:00:00","CAPE","surface",-68.2268,20.4443,2804
"2026-09-09 18:00:00","2026-09-10 09:00:00","CAPE","surface",-68.2028,20.4443,2804
"2026-09-09 18:00:00","2026-09-10 09:00:00","CAPE","surface",-68.1789,20.4443,2842
"2026-09-09 18:00:00","2026-09-10 09:00:00","CAPE","surface",-68.155,20.4443,2838
"2026-09-09 18:00:00","2026-09-10 09:00:00","CAPE","surface",-68.1311,20.4443,2843
"2026-09-09 18:00:00","2026-09-10 09:00:00","CAPE","surface",-68.1071,20.4443,2838
"2026-09-09 18:00:00","2026-09-10 09:00:00","CAPE","surface",-68.0832,20.4443,2838
"2026-09-09 18:00:00","2026-09-10 09:00:00","CAPE","surface",-68.0593,20.4443,2817
"2026-09-09 18:00:00","2026-09-10 09:00:00","CAPE","surface",-68.0354,20.4443,2817
"2026-09-09 18:00:00","2026-09-10 09:00:00","CAPE","surface",-68.0114,20.4443,2809
"2026-09-09 18:00:00","2026-09-10 09:00:00","CAPE","surface",-67.9875,20.4443,2786
"2026-09-09 18:00:00","2026-09-10 09:00:00","CAPE","surface",-67.9636,20.4443,2729
"2026-09-09 18:00:00","2026-09-10 09:00:00","CAPE","surface",-67.9397,20.4443,2694
"2026-09-09 18:00:00","2026-09-10 09:00:00","CAPE","surface",-67.9157,20.4443,2740
"2026-09-09 18:00:00","2026-09-10 09:00:00","CAPE","surface",-67.8918,20.4443,2763
"2026-09-09 18:00:00","2026-09-10 09:00:00","CAPE","surface",-67.8679,20.4443,2749
"2026-09-09 18:00:00","2026-09-10 09:00:00","CAPE","surface",-67.844,20.4443,2718
"2026-09-09 18:00:00","2026-09-10 09:00:00","CAPE","surface",-67.82,20.4443,2718
"2026-09-09 18:00:00","2026-09-10 09:00:00","CAPE","surface",-67.7961,20.4443,2682
"2026-09-09 18:00:00","2026-09-10 09:00:00","CAPE","surface",-67.7722,20.4443,2680
"2026-09-09 18:00:00","2026-09-10 09:00:00","CAPE","surface",-67.7483,20.4443,2700
"2026-09-09 18:00:00","2026-09-10 09:00:00","CAPE","surface",-67.7243,20.4443,2700
"2026-09-09 18:00:00","2026-09-10 09:00:00","CAPE","surface",-67.7004,20.4443,2744
"2026-09-09 18:00:00","2026-09-10 09:00:00","CAPE","surface",-67.6765,20.4443,2787
"2026-09-09 18:00:00","2026-09-10 09:00:00","CAPE","surface",-67.6526,20.4443,2797
"2026-09-09 18:00:00","2026-09-10 09:00:00","CAPE","surface",-67.6286,20.4443,2780
"2026-09-09 18:00:00","2026-09-10 09:00:00","CAPE","surface",-67.6047,20.4443,2763
"2026-09-09 18:00:00","2026-09-10 09:00:00","CAPE","surface",-67.5808,20.4443,2712
"2026-09-09 18:00:00","2026-09-10 09:00:00","CAPE","surface",-67.5569,20.4443,2705
"2026-09-09 18:00:00","2026-09-10 09:00:00","CAPE","surface",-67.5329,20.4443,2703
"2026-09-09 18:00:00","2026-09-10 09:00:00","CAPE","surface",-67.509,20.4443,2739
"2026-09-09 18:00:00","2026-09-10 09:00:00","CAPE","surface",-67.4851,20.4443,2824
"2026-09-09 18:00:00","2026-09-10 09:00:00","CAPE","surface",-67.4612,20.4443,2897
"2026-09-09 18:00:00","2026-09-10 09:00:00","CAPE","surface",-67.4372,20.4443,2897
"2026-09-09 18:00:00","2026-09-10 09:00:00","CAPE","surface",-67.4133,20.4443,2943
"2026-09-09 18:00:00","2026-09-10 09:00:00","CAPE","surface",-67.3894,20.4443,2976
"2026-09-09 18:00:00","2026-09-10 09:00:00","CAPE","surface",-67.3655,20.4443,3029
"2026-09-09 18:00:00","2026-09-10 09:00:00","CAPE","surface",-67.3415,20.4443,3029
"2026-09-09 18:00:00","2026-09-10 09:00:00","CAPE","surface",-67.3176,20.4443,3111
"2026-09-09 18:00:00","2026-09-10 09:00:00","CAPE","surface",-67.2937,20.4443,3303
"2026-09-09 18:00:00","2026-09-10 09:00:00","CAPE","surface",-67.2698,20.4443,3431
"2026-09-09 18:00:00","2026-09-10 09:00:00","CAPE","surface",-67.2458,20.4443,3229
"2026-09-09 18:00:00","2026-09-10 09:00:00","CAPE","surface",-67.2219,20.4443,3271
"2026-09-09 18:00:00","2026-09-10 09:00:00","CAPE","surface",-67.198,20.4443,3023
"2026-09-09 18:00:00","2026-09-10 09:00:00","CAPE","surface",-67.1741,20.4443,2932
"2026-09-09 18:00:00","2026-09-10 09:00:00","CAPE","surface",-67.1501,20.4443,3015
"2026-09-09 18:00:00","2026-09-10 09:00:00","CAPE","surface",-67.1262,20.4443,2921
"2026-09-09 18:00:00","2026-09-10 09:00:00","CAPE","surface",-67.1023,20.4443,2958
"2026-09-09 18:00:00","2026-09-10 09:00:00","CAPE","surface",-67.0784,20.4443,2853
"2026-09-09 18:00:00","2026-09-10 09:00:00","CAPE","surface",-67.0544,20.4443,2853
"2026-09-09 18:00:00","2026-09-10 09:00:00","CAPE","surface",-67.0305,20.4443,2773
"2026-09-09 18:00:00","2026-09-10 09:00:00","CAPE","surface",-67.0066,20.4443,2737
"2026-09-09 18:00:00","2026-09-10 09:00:00","CAPE","surface",-74.7822,20.4667,2192
"2026-09-09 18:00:00","2026-09-10 09:00:00","CAPE","surface",-74.7583,20.4667,2321
"2026-09-09 18:00:00","2026-09-10 09:00:00","CAPE","surface",-74.7344,20.4667,2334
"2026-09-09 18:00:00","2026-09-10 09:00:00","CAPE","surface",-74.7105,20.4667,2323
"2026-09-09 18:00:00","2026-09-10 09:00:00","CAPE","surface",-74.6865,20.4667,2517
"2026-09-09 18:00:00","2026-09-10 09:00:00","CAPE","surface",-74.6626,20.4667,2538
"2026-09-09 18:00:00","2026-09-10 09:00:00","CAPE","surface",-74.6387,20.4667,2594
"2026-09-09 18:00:00","2026-09-10 09:00:00","CAPE","surface",-74.6148,20.4667,2578
"2026-09-09 18:00:00","2026-09-10 09:00:00","CAPE","surface",-74.5908,20.4667,2667
"2026-09-09 18:00:00","2026-09-10 09:00:00","CAPE","surface",-74.5669,20.4667,2765
"2026-09-09 18:00:00","2026-09-10 09:00:00","CAPE","surface",-74.543,20.4667,2960
"2026-09-09 18:00:00","2026-09-10 09:00:00","CAPE","surface",-74.5191,20.4667,2857
"2026-09-09 18:00:00","2026-09-10 09:00:00","CAPE","surface",-74.4951,20.4667,2875
"2026-09-09 18:00:00","2026-09-10 09:00:00","CAPE","surface",-74.4712,20.4667,2845
"2026-09-09 18:00:00","2026-09-10 09:00:00","CAPE","surface",-74.4473,20.4667,2939
"2026-09-09 18:00:00","2026-09-10 09:00:00","CAPE","surface",-74.4234,20.4667,2939
"2026-09-09 18:00:00","2026-09-10 09:00:00","CAPE","surface",-74.3994,20.4667,3037
"2026-09-09 18:00:00","2026-09-10 09:00:00","CAPE","surface",-74.3755,20.4667,3044
"2026-09-09 18:00:00","2026-09-10 09:00:00","CAPE","surface",-74.3516,20.4667,3178
"2026-09-09 18:00:00","2026-09-10 09:00:00","CAPE","surface",-74.3277,20.4667,3175
"2026-09-09 18:00:00","2026-09-10 09:00:00","CAPE","surface",-74.3037,20.4667,3044
"2026-09-09 18:00:00","2026-09-10 09:00:00","CAPE","surface",-74.2798,20.4667,3091
"2026-09-09 18:00:00","2026-09-10 09:00:00","CAPE","surface",-74.2559,20.4667,2984
"2026-09-09 18:00:00","2026-09-10 09:00:00","CAPE","surface",-74.232,20.4667,3006
"2026-09-09 18:00:00","2026-09-10 09:00:00","CAPE","surface",-74.208,20.4667,2761
"2026-09-09 18:00:00","2026-09-10 09:00:00","CAPE","surface",-74.1841,20.4667,2735
"2026-09-09 18:00:00","2026-09-10 09:00:00","CAPE","surface",-74.1602,20.4667,2628
"2026-09-09 18:00:00","2026-09-10 09:00:00","CAPE","surface",-74.1363,20.4667,2618
"2026-09-09 18:00:00","2026-09-10 09:00:00","CAPE","surface",-74.1123,20.4667,2589
"2026-09-09 18:00:00","2026-09-10 09:00:00","CAPE","surface",-74.0884,20.4667,2642
"2026-09-09 18:00:00","2026-09-10 09:00:00","CAPE","surface",-74.0645,20.4667,2720
"2026-09-09 18:00:00","2026-09-10 09:00:00","CAPE","surface",-74.0406,20.4667,2720
"2026-09-09 18:00:00","2026-09-10 09:00:00","CAPE","surface",-74.0166,20.4667,2781
"2026-09-09 18:00:00","2026-09-10 09:00:00","CAPE","surface",-73.9927,20.4667,2813
"2026-09-09 18:00:00","2026-09-10 09:00:00","CAPE","surface",-73.9688,20.4667,2858
"2026-09-09 18:00:00","2026-09-10 09:00:00","CAPE","surface",-73.9449,20.4667,2884
"2026-09-09 18:00:00","2026-09-10 09:00:00","CAPE","surface",-73.9209,20.4667,2903
"2026-09-09 18:00:00","2026-09-10 09:00:00","CAPE","surface",-73.897,20.4667,2926
"2026-09-09 18:00:00","2026-09-10 09:00:00","CAPE","surface",-73.8731,20.4667,2940
"2026-09-09 18:00:00","2026-09-10 09:00:00","CAPE","surface",-73.8492,20.4667,2957
"2026-09-09 18:00:00","2026-09-10 09:00:00","CAPE","surface",-73.8252,20.4667,2894
"2026-09-09 18:00:00","2026-09-10 09:00:00","CAPE","surface",-73.8013,20.4667,2894
"2026-09-09 18:00:00","2026-09-10 09:00:00","CAPE","surface",-73.7774,20.4667,2834
"2026-09-09 18:00:00","2026-09-10 09:00:00","CAPE","surface",-73.7535,20.4667,2858
"2026-09-09 18:00:00","2026-09-10 09:00:00","CAPE","surface",-73.7295,20.4667,2876
"2026-09-09 18:00:00","2026-09-10 09:00:00","CAPE","surface",-73.7056,20.4667,2949
"2026-09-09 18:00:00","2026-09-10 09:00:00","CAPE","surface",-73.6817,20.4667,2893
"2026-09-09 18:00:00","2026-09-10 09:00:00","CAPE","surface",-73.6578,20.4667,2926
"2026-09-09 18:00:00","2026-09-10 09:00:00","CAPE","surface",-73.6338,20.4667,2870
"2026-09-09 18:00:00","2026-09-10 09:00:00","CAPE","surface",-73.6099,20.4667,2883
"2026-09-09 18:00:00","2026-09-10 09:00:00","CAPE","surface",-73.586,20.4667,2836
"2026-09-09 18:00:00","2026-09-10 09:00:00","CAPE","surface",-73.5621,20.4667,2845
"2026-09-09 18:00:00","2026-09-10 09:00:00","CAPE","surface",-73.5381,20.4667,2741
"2026-09-09 18:00:00","2026-09-10 09:00:00","CAPE","surface",-73.5142,20.4667,2739
"2026-09-09 18:00:00","2026-09-10 09:00:00","CAPE","surface",-73.4903,20.4667,2654
"2026-09-09 18:00:00","2026-09-10 09:00:00","CAPE","surface",-73.4664,20.4667,2655
"2026-09-09 18:00:00","2026-09-10 09:00:00","CAPE","surface",-73.4424,20.4667,2651
"2026-09-09 18:00:00","2026-09-10 09:00:00","CAPE","surface",-73.4185,20.4667,2662
"2026-09-09 18:00:00","2026-09-10 09:00:00","CAPE","surface",-73.3946,20.4667,2668
"2026-09-09 18:00:00","2026-09-10 09:00:00","CAPE","surface",-73.3707,20.4667,2650
"2026-09-09 18:00:00","2026-09-10 09:00:00","CAPE","surface",-73.3467,20.4667,2713
"2026-09-09 18:00:00","2026-09-10 09:00:00","CAPE","surface",-73.3228,20.4667,2750
"2026-09-09 18:00:00","2026-09-10 09:00:00","CAPE","surface",-73.2989,20.4667,2750
"2026-09-09 18:00:00","2026-09-10 09:00:00","CAPE","surface",-73.275,20.4667,2709
"2026-09-09 18:00:00","2026-09-10 09:00:00","CAPE","surface",-73.251,20.4667,2725
"2026-09-09 18:00:00","2026-09-10 09:00:00","CAPE","surface",-73.2271,20.4667,2656
"2026-09-09 18:00:00","2026-09-10 09:00:00","CAPE","surface",-73.2032,20.4667,2646
"2026-09-09 18:00:00","2026-09-10 09:00:00","CAPE","surface",-73.1793,20.4667,2572
"2026-09-09 18:00:00","2026-09-10 09:00:00","CAPE","surface",-73.1553,20.4667,2555
"2026-09-09 18:00:00","2026-09-10 09:00:00","CAPE","surface",-73.1314,20.4667,2488
"2026-09-09 18:00:00","2026-09-10 09:00:00","CAPE","surface",-73.1075,20.4667,2472
"2026-09-09 18:00:00","2026-09-10 09:00:00","CAPE","surface",-73.0836,20.4667,2465
"2026-09-09 18:00:00","2026-09-10 09:00:00","CAPE","surface",-73.0596,20.4667,2465
"2026-09-09 18:00:00","2026-09-10 09:00:00","CAPE","surface",-73.0357,20.4667,2522
"2026-09-09 18:00:00","2026-09-10 09:00:00","CAPE","surface",-73.0118,20.4667,2589
"2026-09-09 18:00:00","2026-09-10 09:00:00","CAPE","surface",-72.9879,20.4667,2880
"2026-09-09 18:00:00","2026-09-10 09:00:00","CAPE","surface",-72.9639,20.4667,2920
"2026-09-09 18:00:00","2026-09-10 09:00:00","CAPE","surface",-72.94,20.4667,3074
"2026-09-09 18:00:00","2026-09-10 09:00:00","CAPE","surface",-72.9161,20.4667,3059
"2026-09-09 18:00:00","2026-09-10 09:00:00","CAPE","surface",-72.8922,20.4667,2889
"2026-09-09 18:00:00","2026-09-10 09:00:00","CAPE","surface",-72.8682,20.4667,2767
"2026-09-09 18:00:00","2026-09-10 09:00:00","CAPE","surface",-72.8443,20.4667,2514
"2026-09-09 18:00:00","2026-09-10 09:00:00","CAPE","surface",-72.8204,20.4667,2514
"2026-09-09 18:00:00","2026-09-10 09:00:00","CAPE","surface",-72.7965,20.4667,2389
"2026-09-09 18:00:00","2026-09-10 09:00:00","CAPE","surface",-72.7725,20.4667,2364
"2026-09-09 18:00:00","2026-09-10 09:00:00","CAPE","surface",-72.7486,20.4667,2331
"2026-09-09 18:00:00","2026-09-10 09:00:00","CAPE","surface",-72.7247,20.4667,2349
"2026-09-09 18:00:00","2026-09-10 09:00:00","CAPE","surface",-72.7008,20.4667,2359
"2026-09-09 18:00:00","2026-09-10 09:00:00","CAPE","surface",-72.6768,20.4667,2371
"2026-09-09 18:00:00","2026-09-10 09:00:00","CAPE","surface",-72.6529,20.4667,2343
"2026-09-09 18:00:00","2026-09-10 09:00:00","CAPE","surface",-72.629,20.4667,2320
"2026-09-09 18:00:00","2026-09-10 09:00:00","CAPE","surface",-72.6051,20.4667,2316
"2026-09-09 18:00:00","2026-09-10 09:00:00","CAPE","surface",-72.5811,20.4667,2299
"2026-09-09 18:00:00","2026-09-10 09:00:00","CAPE","surface",-72.5572,20.4667,2327
"2026-09-09 18:00:00","2026-09-10 09:00:00","CAPE","surface",-72.5333,20.4667,2316
"2026-09-09 18:00:00","2026-09-10 09:00:00","CAPE","surface",-72.5094,20.4667,2388
"2026-09-09 18:00:00","2026-09-10 09:00:00","CAPE","surface",-72.4854,20.4667,2454
"2026-09-09 18:00:00","2026-09-10 09:00:00","CAPE","surface",-72.4615,20.4667,2423
"2026-09-09 18:00:00","2026-09-10 09:00:00","CAPE","surface",-72.4376,20.4667,2508
"2026-09-09 18:00:00","2026-09-10 09:00:00","CAPE","surface",-72.4137,20.4667,2487
"2026-09-09 18:00:00","2026-09-10 09:00:00","CAPE","surface",-72.3897,20.4667,2579
"2026-09-09 18:00:00","2026-09-10 09:00:00","CAPE","surface",-72.3658,20.4667,2579
"2026-09-09 18:00:00","2026-09-10 09:00:00","CAPE","surface",-72.3419,20.4667,2443
"2026-09-09 18:00:00","2026-09-10 09:00:00","CAPE","surface",-72.318,20.4667,2453
"2026-09-09 18:00:00","2026-09-10 09:00:00","CAPE","surface",-72.294,20.4667,2185
"2026-09-09 18:00:00","2026-09-10 09:00:00","CAPE","surface",-72.2701,20.4667,2310
"2026-09-09 18:00:00","2026-09-10 09:00:00","CAPE","surface",-72.2462,20.4667,2262
"2026-09-09 18:00:00","2026-09-10 09:00:00","CAPE","surface",-72.2223,20.4667,2340
"2026-09-09 18:00:00","2026-09-10 09:00:00","CAPE","surface",-72.1983,20.4667,2314
"2026-09-09 18:00:00","2026-09-10 09:00:00","CAPE","surface",-72.1744,20.4667,2318
"2026-09-09 18:00:00","2026-09-10 09:00:00","CAPE","surface",-72.1505,20.4667,2365
"2026-09-09 18:00:00","2026-09-10 09:00:00","CAPE","surface",-72.1266,20.4667,2365
"2026-09-09 18:00:00","2026-09-10 09:00:00","CAPE","surface",-72.1026,20.4667,2581
"2026-09-09 18:00:00","2026-09-10 09:00:00","CAPE","surface",-72.0787,20.4667,2693
"2026-09-09 18:00:00","2026-09-10 09:00:00","CAPE","surface",-72.0548,20.4667,2922
"2026-09-09 18:00:00","2026-09-10 09:00:00","CAPE","surface",-72.0309,20.4667,2922
"2026-09-09 18:00:00","2026-09-10 09:00:00","CAPE","surface",-72.0069,20.4667,2887
"2026-09-09 18:00:00","2026-09-10 09:00:00","CAPE","surface",-71.983,20.4667,2886
"2026-09-09 18:00:00","2026-09-10 09:00:00","CAPE","surface",-71.9591,20.4667,2535
"2026-09-09 18:00:00","2026-09-10 09:00:00","CAPE","surface",-71.9352,20.4667,2507
"2026-09-09 18:00:00","2026-09-10 09:00:00","CAPE","surface",-71.9112,20.4667,2323
"2026-09-09 18:00:00","2026-09-10 09:00:00","CAPE","surface",-71.8873,20.4667,2340
"2026-09-09 18:00:00","2026-09-10 09:00:00","CAPE","surface",-71.8634,20.4667,2295
"2026-09-09 18:00:00","2026-09-10 09:00:00","CAPE","surface",-71.8395,20.4667,2252
"2026-09-09 18:00:00","2026-09-10 09:00:00","CAPE","surface",-71.8155,20.4667,2284
"2026-09-09 18:00:00","2026-09-10 09:00:00","CAPE","surface",-71.7916,20.4667,2217
"2026-09-09 18:00:00","2026-09-10 09:00:00","CAPE","surface",-71.7677,20.4667,2262
"2026-09-09 18:00:00","2026-09-10 09:00:00","CAPE","surface",-71.7438,20.4667,2199
"2026-09-09 18:00:00","2026-09-10 09:00:00","CAPE","surface",-71.7198,20.4667,2224
"2026-09-09 18:00:00","2026-09-10 09:00:00","CAPE","surface",-71.6959,20.4667,2309
"2026-09-09 18:00:00","2026-09-10 09:00:00","CAPE","surface",-71.672,20.4667,2309
"2026-09-09 18:00:00","2026-09-10 09:00:00","CAPE","surface",-71.6481,20.4667,2309
"2026-09-09 18:00:00","2026-09-10 09:00:00","CAPE","surface",-71.6241,20.4667,2331
"2026-09-09 18:00:00","2026-09-10 09:00:00","CAPE","surface",-71.6002,20.4667,2308
"2026-09-09 18:00:00","2026-09-10 09:00:00","CAPE","surface",-71.5763,20.4667,2308
"2026-09-09 18:00:00","2026-09-10 09:00:00","CAPE","surface",-71.5524,20.4667,2355
"2026-09-09 18:00:00","2026-09-10 09:00:00","CAPE","surface",-71.5284,20.4667,2397
"2026-09-09 18:00:00","2026-09-10 09:00:00","CAPE","surface",-71.5045,20.4667,2540
"2026-09-09 18:00:00","2026-09-10 09:00:00","CAPE","surface",-71.4806,20.4667,2560
"2026-09-09 18:00:00","2026-09-10 09:00:00","CAPE","surface",-71.4567,20.4667,2553
"2026-09-09 18:00:00","2026-09-10 09:00:00","CAPE","surface",-71.4327,20.4667,2524
"2026-09-09 18:00:00","2026-09-10 09:00:00","CAPE","surface",-71.4088,20.4667,2300
"2026-09-09 18:00:00","2026-09-10 09:00:00","CAPE","surface",-71.3849,20.4667,2268
"2026-09-09 18:00:00","2026-09-10 09:00:00","CAPE","surface",-71.361,20.4667,2175
"2026-09-09 18:00:00","2026-09-10 09:00:00","CAPE","surface",-71.337,20.4667,2250
"2026-09-09 18:00:00","2026-09-10 09:00:00","CAPE","surface",-71.3131,20.4667,2380
"2026-09-09 18:00:00","2026-09-10 09:00:00","CAPE","surface",-71.2892,20.4667,2600
"2026-09-09 18:00:00","2026-09-10 09:00:00","CAPE","surface",-71.2653,20.4667,2598
"2026-09-09 18:00:00","2026-09-10 09:00:00","CAPE","surface",-71.2413,20.4667,2676
"2026-09-09 18:00:00","2026-09-10 09:00:00","CAPE","surface",-71.2174,20.4667,2616
"2026-09-09 18:00:00","2026-09-10 09:00:00","CAPE","surface",-71.1935,20.4667,2602
"2026-09-09 18:00:00","2026-09-10 09:00:00","CAPE","surface",-71.1696,20.4667,2500
"2026-09-09 18:00:00","2026-09-10 09:00:00","CAPE","surface",-71.1456,20.4667,2574
"2026-09-09 18:00:00","2026-09-10 09:00:00","CAPE","surface",-71.1217,20.4667,2574
"2026-09-09 18:00:00","2026-09-10 09:00:00","CAPE","surface",-71.0978,20.4667,2628
"2026-09-09 18:00:00","2026-09-10 09:00:00","CAPE","surface",-71.0739,20.4667,2636
"2026-09-09 18:00:00","2026-09-10 09:00:00","CAPE","surface",-71.0499,20.4667,2652
"2026-09-09 18:00:00","2026-09-10 09:00:00","CAPE","surface",-71.026,20.4667,2652
"2026-09-09 18:00:00","2026-09-10 09:00:00","CAPE","surface",-71.0021,20.4667,2649
"2026-09-09 18:00:00","2026-09-10 09:00:00","CAPE","surface",-70.9782,20.4667,2644
"2026-09-09 18:00:00","2026-09-10 09:00:00","CAPE","surface",-70.9542,20.4667,2699
"2026-09-09 18:00:00","2026-09-10 09:00:00","CAPE","surface",-70.9303,20.4667,2705
"2026-09-09 18:00:00","2026-09-10 09:00:00","CAPE","surface",-70.9064,20.4667,2798
"2026-09-09 18:00:00","2026-09-10 09:00:00","CAPE","surface",-70.8825,20.4667,2768
"2026-09-09 18:00:00","2026-09-10 09:00:00","CAPE","surface",-70.8585,20.4667,2811
"2026-09-09 18:00:00","2026-09-10 09:00:00","CAPE","surface",-70.8346,20.4667,2659
"2026-09-09 18:00:00","2026-09-10 09:00:00","CAPE","surface",-70.8107,20.4667,2659
"2026-09-09 18:00:00","2026-09-10 09:00:00","CAPE","surface",-70.7868,20.4667,2700
"2026-09-09 18:00:00","2026-09-10 09:00:00","CAPE","surface",-70.7628,20.4667,2763
"2026-09-09 18:00:00","2026-09-10 09:00:00","CAPE","surface",-70.7389,20.4667,2700
"2026-09-09 18:00:00","2026-09-10 09:00:00","CAPE","surface",-70.715,20.4667,2777
"2026-09-09 18:00:00","2026-09-10 09:00:00","CAPE","surface",-70.6911,20.4667,2629
"2026-09-09 18:00:00","2026-09-10 09:00:00","CAPE","surface",-70.6671,20.4667,2740
"2026-09-09 18:00:00","2026-09-10 09:00:00","CAPE","surface",-70.6432,20.4667,2531
"2026-09-09 18:00:00","2026-09-10 09:00:00","CAPE","surface",-70.6193,20.4667,2564
"2026-09-09 18:00:00","2026-09-10 09:00:00","CAPE","surface",-70.5954,20.4667,2360
"2026-09-09 18:00:00","2026-09-10 09:00:00","CAPE","surface",-70.5714,20.4667,2452
"2026-09-09 18:00:00","2026-09-10 09:00:00","CAPE","surface",-70.5475,20.4667,2723
"2026-09-09 18:00:00","2026-09-10 09:00:00","CAPE","surface",-70.5236,20.4667,2783
"2026-09-09 18:00:00","2026-09-10 09:00:00","CAPE","surface",-70.4997,20.4667,2838
"2026-09-09 18:00:00","2026-09-10 09:00:00","CAPE","surface",-70.4757,20.4667,2760
"2026-09-09 18:00:00","2026-09-10 09:00:00","CAPE","surface",-70.4518,20.4667,2882
"2026-09-09 18:00:00","2026-09-10 09:00:00","CAPE","surface",-70.4279,20.4667,2949
"2026-09-09 18:00:00","2026-09-10 09:00:00","CAPE","surface",-70.404,20.4667,3083
"2026-09-09 18:00:00","2026-09-10 09:00:00","CAPE","surface",-70.38,20.4667,3016
"2026-09-09 18:00:00","2026-09-10 09:00:00","CAPE","surface",-70.3561,20.4667,3018
"2026-09-09 18:00:00","2026-09-10 09:00:00","CAPE","surface",-70.3322,20.4667,2731
"2026-09-09 18:00:00","2026-09-10 09:00:00","CAPE","surface",-70.3083,20.4667,2724
"2026-09-09 18:00:00","2026-09-10 09:00:00","CAPE","surface",-70.2843,20.4667,2849
"2026-09-09 18:00:00","2026-09-10 09:00:00","CAPE","surface",-70.2604,20.4667,2852
"2026-09-09 18:00:00","2026-09-10 09:00:00","CAPE","surface",-70.2365,20.4667,3018
"2026-09-09 18:00:00","2026-09-10 09:00:00","CAPE","surface",-70.2126,20.4667,2938
"2026-09-09 18:00:00","2026-09-10 09:00:00","CAPE","surface",-70.1886,20.4667,3004
"2026-09-09 18:00:00","2026-09-10 09:00:00","CAPE","surface",-70.1647,20.4667,3043
"2026-09-09 18:00:00","2026-09-10 09:00:00","CAPE","surface",-70.1408,20.4667,2863
"2026-09-09 18:00:00","2026-09-10 09:00:00","CAPE","surface",-70.1169,20.4667,2737
"2026-09-09 18:00:00","2026-09-10 09:00:00","CAPE","surface",-70.0929,20.4667,2694
"2026-09-09 18:00:00","2026-09-10 09:00:00","CAPE","surface",-70.069,20.4667,2685
"2026-09-09 18:00:00","2026-09-10 09:00:00","CAPE","surface",-70.0451,20.4667,2686
"2026-09-09 18:00:00","2026-09-10 09:00:00","CAPE","surface",-70.0212,20.4667,2760
"2026-09-09 18:00:00","2026-09-10 09:00:00","CAPE","surface",-69.9972,20.4667,2821
"2026-09-09 18:00:00","2026-09-10 09:00:00","CAPE","surface",-69.9733,20.4667,2917
"2026-09-09 18:00:00","2026-09-10 09:00:00","CAPE","surface",-69.9494,20.4667,2951
"2026-09-09 18:00:00","2026-09-10 09:00:00","CAPE","surface",-69.9255,20.4667,3094
"2026-09-09 18:00:00","2026-09-10 09:00:00","CAPE","surface",-69.9015,20.4667,3104
"2026-09-09 18:00:00","2026-09-10 09:00:00","CAPE","surface",-69.8776,20.4667,3208
"2026-09-09 18:00:00","2026-09-10 09:00:00","CAPE","surface",-69.8537,20.4667,3428
"2026-09-09 18:00:00","2026-09-10 09:00:00","CAPE","surface",-69.8298,20.4667,3431
"2026-09-09 18:00:00","2026-09-10 09:00:00","CAPE","surface",-69.8058,20.4667,3271
"2026-09-09 18:00:00","2026-09-10 09:00:00","CAPE","surface",-69.7819,20.4667,2945
"2026-09-09 18:00:00","2026-09-10 09:00:00","CAPE","surface",-69.758,20.4667,2931
"2026-09-09 18:00:00","2026-09-10 09:00:00","CAPE","surface",-69.7341,20.4667,2620
"2026-09-09 18:00:00","2026-09-10 09:00:00","CAPE","surface",-69.7101,20.4667,2444
"2026-09-09 18:00:00","2026-09-10 09:00:00","CAPE","surface",-69.6862,20.4667,1833
"2026-09-09 18:00:00","2026-09-10 09:00:00","CAPE","surface",-69.6623,20.4667,2520
"2026-09-09 18:00:00","2026-09-10 09:00:00","CAPE","surface",-69.6384,20.4667,2406
"2026-09-09 18:00:00","2026-09-10 09:00:00","CAPE","surface",-69.6144,20.4667,2663
"2026-09-09 18:00:00","2026-09-10 09:00:00","CAPE","surface",-69.5905,20.4667,2398
"2026-09-09 18:00:00","2026-09-10 09:00:00","CAPE","surface",-69.5666,20.4667,2842
"2026-09-09 18:00:00","2026-09-10 09:00:00","CAPE","surface",-69.5427,20.4667,2859
"2026-09-09 18:00:00","2026-09-10 09:00:00","CAPE","surface",-69.5187,20.4667,2788
"2026-09-09 18:00:00","2026-09-10 09:00:00","CAPE","surface",-69.4948,20.4667,2853
"2026-09-09 18:00:00","2026-09-10 09:00:00","CAPE","surface",-69.4709,20.4667,2831
"2026-09-09 18:00:00","2026-09-10 09:00:00","CAPE","surface",-69.447,20.4667,2878
"2026-09-09 18:00:00","2026-09-10 09:00:00","CAPE","surface",-69.423,20.4667,2818
"2026-09-09 18:00:00","2026-09-10 09:00:00","CAPE","surface",-69.3991,20.4667,2733
"2026-09-09 18:00:00","2026-09-10 09:00:00","CAPE","surface",-69.3752,20.4667,2611
"2026-09-09 18:00:00","2026-09-10 09:00:00","CAPE","surface",-69.3513,20.4667,2711
"2026-09-09 18:00:00","2026-09-10 09:00:00","CAPE","surface",-69.3273,20.4667,2663
"2026-09-09 18:00:00","2026-09-10 09:00:00","CAPE","surface",-69.3034,20.4667,2734
"2026-09-09 18:00:00","2026-09-10 09:00:00","CAPE","surface",-69.2795,20.4667,2755
"2026-09-09 18:00:00","2026-09-10 09:00:00","CAPE","surface",-69.2556,20.4667,2766
"2026-09-09 18:00:00","2026-09-10 09:00:00","CAPE","surface",-69.2316,20.4667,2829
"2026-09-09 18:00:00","2026-09-10 09:00:00","CAPE","surface",-69.2077,20.4667,2998
"2026-09-09 18:00:00","2026-09-10 09:00:00","CAPE","surface",-69.1838,20.4667,3000
"2026-09-09 18:00:00","2026-09-10 09:00:00","CAPE","surface",-69.1599,20.4667,2991
"2026-09-09 18:00:00","2026-09-10 09:00:00","CAPE","surface",-69.1359,20.4667,2878
"2026-09-09 18:00:00","2026-09-10 09:00:00","CAPE","surface",-69.112,20.4667,2898
"2026-09-09 18:00:00","2026-09-10 09:00:00","CAPE","surface",-69.0881,20.4667,2924
"2026-09-09 18:00:00","2026-09-10 09:00:00","CAPE","surface",-69.0642,20.4667,3000
"2026-09-09 18:00:00","2026-09-10 09:00:00","CAPE","surface",-69.0402,20.4667,2953
"2026-09-09 18:00:00","2026-09-10 09:00:00","CAPE","surface",-69.0163,20.4667,2989
"2026-09-09 18:00:00","2026-09-10 09:00:00","CAPE","surface",-68.9924,20.4667,2886
"2026-09-09 18:00:00","2026-09-10 09:00:00","CAPE","surface",-68.9685,20.4667,2775
"2026-09-09 18:00:00","2026-09-10 09:00:00","CAPE","surface",-68.9445,20.4667,2775
"2026-09-09 18:00:00","2026-09-10 09:00:00","CAPE","surface",-68.9206,20.4667,2832
"2026-09-09 18:00:00","2026-09-10 09:00:00","CAPE","surface",-68.8967,20.4667,2880
"2026-09-09 18:00:00","2026-09-10 09:00:00","CAPE","surface",-68.8728,20.4667,2856
"2026-09-09 18:00:00","2026-09-10 09:00:00","CAPE","surface",-68.8488,20.4667,2856
"2026-09-09 18:00:00","2026-09-10 09:00:00","CAPE","surface",-68.8249,20.4667,2793
"2026-09-09 18:00:00","2026-09-10 09:00:00","CAPE","surface",-68.801,20.4667,2893
"2026-09-09 18:00:00","2026-09-10 09:00:00","CAPE","surface",-68.7771,20.4667,2729
"2026-09-09 18:00:00","2026-09-10 09:00:00","CAPE","surface",-68.7531,20.4667,2729
"2026-09-09 18:00:00","2026-09-10 09:00:00","CAPE","surface",-68.7292,20.4667,2720
"2026-09-09 18:00:00","2026-09-10 09:00:00","CAPE","surface",-68.7053,20.4667,2875
"2026-09-09 18:00:00","2026-09-10 09:00:00","CAPE","surface",-68.6813,20.4667,2815
"2026-09-09 18:00:00","2026-09-10 09:00:00","CAPE","surface",-68.6574,20.4667,3170
"2026-09-09 18:00:00","2026-09-10 09:00:00","CAPE","surface",-68.6335,20.4667,3113
"2026-09-09 18:00:00","2026-09-10 09:00:00","CAPE","surface",-68.6096,20.4667,3261
"2026-09-09 18:00:00","2026-09-10 09:00:00","CAPE","surface",-68.5856,20.4667,3131
"2026-09-09 18:00:00","2026-09-10 09:00:00","CAPE","surface",-68.5617,20.4667,3302
"2026-09-09 18:00:00","2026-09-10 09:00:00","CAPE","surface",-68.5378,20.4667,3302
"2026-09-09 18:00:00","2026-09-10 09:00:00","CAPE","surface",-68.5139,20.4667,3427
"2026-09-09 18:00:00","2026-09-10 09:00:00","CAPE","surface",-68.4899,20.4667,3164
"2026-09-09 18:00:00","2026-09-10 09:00:00","CAPE","surface",-68.466,20.4667,2939
"2026-09-09 18:00:00","2026-09-10 09:00:00","CAPE","surface",-68.4421,20.4667,2936
"2026-09-09 18:00:00","2026-09-10 09:00:00","CAPE","surface",-68.4182,20.4667,2895
"2026-09-09 18:00:00","2026-09-10 09:00:00","CAPE","surface",-68.3942,20.4667,2924
"2026-09-09 18:00:00","2026-09-10 09:00:00","CAPE","surface",-68.3703,20.4667,2904
"2026-09-09 18:00:00","2026-09-10 09:00:00","CAPE","surface",-68.3464,20.4667,2888
"2026-09-09 18:00:00","2026-09-10 09:00:00","CAPE","surface",-68.3225,20.4667,2836
"2026-09-09 18:00:00","2026-09-10 09:00:00","CAPE","surface",-68.2985,20.4667,2826
"2026-09-09 18:00:00","2026-09-10 09:00:00","CAPE","surface",-68.2746,20.4667,2800
"2026-09-09 18:00:00","2026-09-10 09:00:00","CAPE","surface",-68.2507,20.4667,2805
"2026-09-09 18:00:00","2026-09-10 09:00:00","CAPE","surface",-68.2268,20.4667,2827
"2026-09-09 18:00:00","2026-09-10 09:00:00","CAPE","surface",-68.2028,20.4667,2824
"2026-09-09 18:00:00","2026-09-10 09:00:00","CAPE","surface",-68.1789,20.4667,2839
"2026-09-09 18:00:00","2026-09-10 09:00:00","CAPE","surface",-68.155,20.4667,2839
"2026-09-09 18:00:00","2026-09-10 09:00:00","CAPE","surface",-68.1311,20.4667,2839
"2026-09-09 18:00:00","2026-09-10 09:00:00","CAPE","surface",-68.1071,20.4667,2838
"2026-09-09 18:00:00","2026-09-10 09:00:00","CAPE","surface",-68.0832,20.4667,2834
"2026-09-09 18:00:00","2026-09-10 09:00:00","CAPE","surface",-68.0593,20.4667,2834
"2026-09-09 18:00:00","2026-09-10 09:00:00","CAPE","surface",-68.0354,20.4667,2821
"2026-09-09 18:00:00","2026-09-10 09:00:00","CAPE","surface",-68.0114,20.4667,2840
"2026-09-09 18:00:00","2026-09-10 09:00:00","CAPE","surface",-67.9875,20.4667,2803
"2026-09-09 18:00:00","2026-09-10 09:00:00","CAPE","surface",-67.9636,20.4667,2858
"2026-09-09 18:00:00","2026-09-10 09:00:00","CAPE","surface",-67.9397,20.4667,2775
"2026-09-09 18:00:00","2026-09-10 09:00:00","CAPE","surface",-67.9157,20.4667,2809
"2026-09-09 18:00:00","2026-09-10 09:00:00","CAPE","surface",-67.8918,20.4667,2763
"2026-09-09 18:00:00","2026-09-10 09:00:00","CAPE","surface",-67.8679,20.4667,2751
"2026-09-09 18:00:00","2026-09-10 09:00:00","CAPE","surface",-67.844,20.4667,2721
"2026-09-09 18:00:00","2026-09-10 09:00:00","CAPE","surface",-67.82,20.4667,2690
"2026-09-09 18:00:00","2026-09-10 09:00:00","CAPE","surface",-67.7961,20.4667,2700
"2026-09-09 18:00:00","2026-09-10 09:00:00","CAPE","surface",-67.7722,20.4667,2700
"2026-09-09 18:00:00","2026-09-10 09:00:00","CAPE","surface",-67.7483,20.4667,2731
"2026-09-09 18:00:00","2026-09-10 09:00:00","CAPE","surface",-67.7243,20.4667,2731
"2026-09-09 18:00:00","2026-09-10 09:00:00","CAPE","surface",-67.7004,20.4667,2764
"2026-09-09 18:00:00","2026-09-10 09:00:00","CAPE","surface",-67.6765,20.4667,2764
"2026-09-09 18:00:00","2026-09-10 09:00:00","CAPE","surface",-67.6526,20.4667,2778
"2026-09-09 18:00:00","2026-09-10 09:00:00","CAPE","surface",-67.6286,20.4667,2780
"2026-09-09 18:00:00","2026-09-10 09:00:00","CAPE","surface",-67.6047,20.4667,2742
"2026-09-09 18:00:00","2026-09-10 09:00:00","CAPE","surface",-67.5808,20.4667,2742
"2026-09-09 18:00:00","2026-09-10 09:00:00","CAPE","surface",-67.5569,20.4667,2698
"2026-09-09 18:00:00","2026-09-10 09:00:00","CAPE","surface",-67.5329,20.4667,2706
"2026-09-09 18:00:00","2026-09-10 09:00:00","CAPE","surface",-67.509,20.4667,2762
"2026-09-09 18:00:00","2026-09-10 09:00:00","CAPE","surface",-67.4851,20.4667,2765
"2026-09-09 18:00:00","2026-09-10 09:00:00","CAPE","surface",-67.4612,20.4667,2846
"2026-09-09 18:00:00","2026-09-10 09:00:00","CAPE","surface",-67.4372,20.4667,2895
"2026-09-09 18:00:00","2026-09-10 09:00:00","CAPE","surface",-67.4133,20.4667,2943
"2026-09-09 18:00:00","2026-09-10 09:00:00","CAPE","surface",-67.3894,20.4667,2920
"2026-09-09 18:00:00","2026-09-10 09:00:00","CAPE","surface",-67.3655,20.4667,2866
"2026-09-09 18:00:00","2026-09-10 09:00:00","CAPE","surface",-67.3415,20.4667,2956
"2026-09-09 18:00:00","2026-09-10 09:00:00","CAPE","surface",-67.3176,20.4667,2960
"2026-09-09 18:00:00","2026-09-10 09:00:00","CAPE","surface",-67.2937,20.4667,2960
"2026-09-09 18:00:00","2026-09-10 09:00:00","CAPE","surface",-67.2698,20.4667,3069
"2026-09-09 18:00:00","2026-09-10 09:00:00","CAPE","surface",-67.2458,20.4667,3229
"2026-09-09 18:00:00","2026-09-10 09:00:00","CAPE","surface",-67.2219,20.4667,3033
"2026-09-09 18:00:00","2026-09-10 09:00:00","CAPE","surface",-67.198,20.4667,3033
"2026-09-09 18:00:00","2026-09-10 09:00:00","CAPE","surface",-67.1741,20.4667,3044
"2026-09-09 18:00:00","2026-09-10 09:00:00","CAPE","surface",-67.1501,20.4667,3088
"2026-09-09 18:00:00","2026-09-10 09:00:00","CAPE","surface",-67.1262,20.4667,3070
"2026-09-09 18:00:00","2026-09-10 09:00:00","CAPE","surface",-67.1023,20.4667,3079
"2026-09-09 18:00:00","2026-09-10 09:00:00","CAPE","surface",-67.0784,20.4667,2998
"2026-09-09 18:00:00","2026-09-10 09:00:00","CAPE","surface",-67.0544,20.4667,2854
"2026-09-09 18:00:00","2026-09-10 09:00:00","CAPE","surface",-67.0305,20.4667,2854
"2026-09-09 18:00:00","2026-09-10 09:00:00","CAPE","surface",-67.0066,20.4667,2788
"2026-09-09 18:00:00","2026-09-10 09:00:00","CAPE","surface",-74.7822,20.4891,2314
"2026-09-09 18:00:00","2026-09-10 09:00:00","CAPE","surface",-74.7583,20.4891,2327
"2026-09-09 18:00:00","2026-09-10 09:00:00","CAPE","surface",-74.7344,20.4891,2450
"2026-09-09 18:00:00","2026-09-10 09:00:00","CAPE","surface",-74.7105,20.4891,2483
"2026-09-09 18:00:00","2026-09-10 09:00:00","CAPE","surface",-74.6865,20.4891,2604
"2026-09-09 18:00:00","2026-09-10 09:00:00","CAPE","surface",-74.6626,20.4891,2593
"2026-09-09 18:00:00","2026-09-10 09:00:00","CAPE","surface",-74.6387,20.4891,2666
"2026-09-09 18:00:00","2026-09-10 09:00:00","CAPE","surface",-74.6148,20.4891,2666
"2026-09-09 18:00:00","2026-09-10 09:00:00","CAPE","surface",-74.5908,20.4891,3023
"2026-09-09 18:00:00","2026-09-10 09:00:00","CAPE","surface",-74.5669,20.4891,2988
"2026-09-09 18:00:00","2026-09-10 09:00:00","CAPE","surface",-74.543,20.4891,3114
"2026-09-09 18:00:00","2026-09-10 09:00:00","CAPE","surface",-74.5191,20.4891,2990
"2026-09-09 18:00:00","2026-09-10 09:00:00","CAPE","surface",-74.4951,20.4891,3149
"2026-09-09 18:00:00","2026-09-10 09:00:00","CAPE","surface",-74.4712,20.4891,3066
"2026-09-09 18:00:00","2026-09-10 09:00:00","CAPE","surface",-74.4473,20.4891,3074
"2026-09-09 18:00:00","2026-09-10 09:00:00","CAPE","surface",-74.4234,20.4891,3036
"2026-09-09 18:00:00","2026-09-10 09:00:00","CAPE","surface",-74.3994,20.4891,3145
"2026-09-09 18:00:00","2026-09-10 09:00:00","CAPE","surface",-74.3755,20.4891,3157
"2026-09-09 18:00:00","2026-09-10 09:00:00","CAPE","surface",-74.3516,20.4891,3043
"2026-09-09 18:00:00","2026-09-10 09:00:00","CAPE","surface",-74.3277,20.4891,3049
"2026-09-09 18:00:00","2026-09-10 09:00:00","CAPE","surface",-74.3037,20.4891,2928
"2026-09-09 18:00:00","2026-09-10 09:00:00","CAPE","surface",-74.2798,20.4891,2954
"2026-09-09 18:00:00","2026-09-10 09:00:00","CAPE","surface",-74.2559,20.4891,2905
"2026-09-09 18:00:00","2026-09-10 09:00:00","CAPE","surface",-74.232,20.4891,2905
"2026-09-09 18:00:00","2026-09-10 09:00:00","CAPE","surface",-74.208,20.4891,2772
"2026-09-09 18:00:00","2026-09-10 09:00:00","CAPE","surface",-74.1841,20.4891,2669
"2026-09-09 18:00:00","2026-09-10 09:00:00","CAPE","surface",-74.1602,20.4891,2563
"2026-09-09 18:00:00","2026-09-10 09:00:00","CAPE","surface",-74.1363,20.4891,2559
"2026-09-09 18:00:00","2026-09-10 09:00:00","CAPE","surface",-74.1123,20.4891,2558
"2026-09-09 18:00:00","2026-09-10 09:00:00","CAPE","surface",-74.0884,20.4891,2610
"2026-09-09 18:00:00","2026-09-10 09:00:00","CAPE","surface",-74.0645,20.4891,2740
"2026-09-09 18:00:00","2026-09-10 09:00:00","CAPE","surface",-74.0406,20.4891,2758
"2026-09-09 18:00:00","2026-09-10 09:00:00","CAPE","surface",-74.0166,20.4891,2809
"2026-09-09 18:00:00","2026-09-10 09:00:00","CAPE","surface",-73.9927,20.4891,2809
"2026-09-09 18:00:00","2026-09-10 09:00:00","CAPE","surface",-73.9688,20.4891,2841
"2026-09-09 18:00:00","2026-09-10 09:00:00","CAPE","surface",-73.9449,20.4891,2875
"2026-09-09 18:00:00","2026-09-10 09:00:00","CAPE","surface",-73.9209,20.4891,2907
"2026-09-09 18:00:00","2026-09-10 09:00:00","CAPE","surface",-73.897,20.4891,2927
"2026-09-09 18:00:00","2026-09-10 09:00:00","CAPE","surface",-73.8731,20.4891,2903
"2026-09-09 18:00:00","2026-09-10 09:00:00","CAPE","surface",-73.8492,20.4891,2903
"2026-09-09 18:00:00","2026-09-10 09:00:00","CAPE","surface",-73.8252,20.4891,2876
"2026-09-09 18:00:00","2026-09-10 09:00:00","CAPE","surface",-73.8013,20.4891,2853
"2026-09-09 18:00:00","2026-09-10 09:00:00","CAPE","surface",-73.7774,20.4891,2820
"2026-09-09 18:00:00","2026-09-10 09:00:00","CAPE","surface",-73.7535,20.4891,2836
"2026-09-09 18:00:00","2026-09-10 09:00:00","CAPE","surface",-73.7295,20.4891,2870
"2026-09-09 18:00:00","2026-09-10 09:00:00","CAPE","surface",-73.7056,20.4891,2878
"2026-09-09 18:00:00","2026-09-10 09:00:00","CAPE","surface",-73.6817,20.4891,2878
"2026-09-09 18:00:00","2026-09-10 09:00:00","CAPE","surface",-73.6578,20.4891,2872
"2026-09-09 18:00:00","2026-09-10 09:00:00","CAPE","surface",-73.6338,20.4891,2806
"2026-09-09 18:00:00","2026-09-10 09:00:00","CAPE","surface",-73.6099,20.4891,2806
"2026-09-09 18:00:00","2026-09-10 09:00:00","CAPE","surface",-73.586,20.4891,2746
"2026-09-09 18:00:00","2026-09-10 09:00:00","CAPE","surface",-73.5621,20.4891,2747
"2026-09-09 18:00:00","2026-09-10 09:00:00","CAPE","surface",-73.5381,20.4891,2682
"2026-09-09 18:00:00","2026-09-10 09:00:00","CAPE","surface",-73.5142,20.4891,2664
"2026-09-09 18:00:00","2026-09-10 09:00:00","CAPE","surface",-73.4903,20.4891,2673
"2026-09-09 18:00:00","2026-09-10 09:00:00","CAPE","surface",-73.4664,20.4891,2656
"2026-09-09 18:00:00","2026-09-10 09:00:00","CAPE","surface",-73.4424,20.4891,2675
"2026-09-09 18:00:00","2026-09-10 09:00:00","CAPE","surface",-73.4185,20.4891,2662
"2026-09-09 18:00:00","2026-09-10 09:00:00","CAPE","surface",-73.3946,20.4891,2631
"2026-09-09 18:00:00","2026-09-10 09:00:00","CAPE","surface",-73.3707,20.4891,2631
"2026-09-09 18:00:00","2026-09-10 09:00:00","CAPE","surface",-73.3467,20.4891,2630
"2026-09-09 18:00:00","2026-09-10 09:00:00","CAPE","surface",-73.3228,20.4891,2695
"2026-09-09 18:00:00","2026-09-10 09:00:00","CAPE","surface",-73.2989,20.4891,2688
"2026-09-09 18:00:00","2026-09-10 09:00:00","CAPE","surface",-73.275,20.4891,2709
"2026-09-09 18:00:00","2026-09-10 09:00:00","CAPE","surface",-73.251,20.4891,2669
"2026-09-09 18:00:00","2026-09-10 09:00:00","CAPE","surface",-73.2271,20.4891,2677
"2026-09-09 18:00:00","2026-09-10 09:00:00","CAPE","surface",-73.2032,20.4891,2597
"2026-09-09 18:00:00","2026-09-10 09:00:00","CAPE","surface",-73.1793,20.4891,2572
"2026-09-09 18:00:00","2026-09-10 09:00:00","CAPE","surface",-73.1553,20.4891,2510
"2026-09-09 18:00:00","2026-09-10 09:00:00","CAPE","surface",-73.1314,20.4891,2510
"2026-09-09 18:00:00","2026-09-10 09:00:00","CAPE","surface",-73.1075,20.4891,2457
"2026-09-09 18:00:00","2026-09-10 09:00:00","CAPE","surface",-73.0836,20.4891,2455
"2026-09-09 18:00:00","2026-09-10 09:00:00","CAPE","surface",-73.0596,20.4891,2475
"2026-09-09 18:00:00","2026-09-10 09:00:00","CAPE","surface",-73.0357,20.4891,2522
"2026-09-09 18:00:00","2026-09-10 09:00:00","CAPE","surface",-73.0118,20.4891,2754
"2026-09-09 18:00:00","2026-09-10 09:00:00","CAPE","surface",-72.9879,20.4891,2821
"2026-09-09 18:00:00","2026-09-10 09:00:00","CAPE","surface",-72.9639,20.4891,3059
"2026-09-09 18:00:00","2026-09-10 09:00:00","CAPE","surface",-72.94,20.4891,3074
"2026-09-09 18:00:00","2026-09-10 09:00:00","CAPE","surface",-72.9161,20.4891,3006
"2026-09-09 18:00:00","2026-09-10 09:00:00","CAPE","surface",-72.8922,20.4891,3006
"2026-09-09 18:00:00","2026-09-10 09:00:00","CAPE","surface",-72.8682,20.4891,2706
"2026-09-09 18:00:00","2026-09-10 09:00:00","CAPE","surface",-72.8443,20.4891,2537
"2026-09-09 18:00:00","2026-09-10 09:00:00","CAPE","surface",-72.8204,20.4891,2450
"2026-09-09 18:00:00","2026-09-10 09:00:00","CAPE","surface",-72.7965,20.4891,2367
"2026-09-09 18:00:00","2026-09-10 09:00:00","CAPE","surface",-72.7725,20.4891,2367
"2026-09-09 18:00:00","2026-09-10 09:00:00","CAPE","surface",-72.7486,20.4891,2329
"2026-09-09 18:00:00","2026-09-10 09:00:00","CAPE","surface",-72.7247,20.4891,2335
"2026-09-09 18:00:00","2026-09-10 09:00:00","CAPE","surface",-72.7008,20.4891,2351
"2026-09-09 18:00:00","2026-09-10 09:00:00","CAPE","surface",-72.6768,20.4891,2351
"2026-09-09 18:00:00","2026-09-10 09:00:00","CAPE","surface",-72.6529,20.4891,2331
"2026-09-09 18:00:00","2026-09-10 09:00:00","CAPE","surface",-72.629,20.4891,2324
"2026-09-09 18:00:00","2026-09-10 09:00:00","CAPE","surface",-72.6051,20.4891,2340
"2026-09-09 18:00:00","2026-09-10 09:00:00","CAPE","surface",-72.5811,20.4891,2327
"2026-09-09 18:00:00","2026-09-10 09:00:00","CAPE","surface",-72.5572,20.4891,2394
"2026-09-09 18:00:00","2026-09-10 09:00:00","CAPE","surface",-72.5333,20.4891,2394
"2026-09-09 18:00:00","2026-09-10 09:00:00","CAPE","surface",-72.5094,20.4891,2482
"2026-09-09 18:00:00","2026-09-10 09:00:00","CAPE","surface",-72.4854,20.4891,2454
"2026-09-09 18:00:00","2026-09-10 09:00:00","CAPE","surface",-72.4615,20.4891,2558
"2026-09-09 18:00:00","2026-09-10 09:00:00","CAPE","surface",-72.4376,20.4891,2558
"2026-09-09 18:00:00","2026-09-10 09:00:00","CAPE","surface",-72.4137,20.4891,2799
"2026-09-09 18:00:00","2026-09-10 09:00:00","CAPE","surface",-72.3897,20.4891,2650
"2026-09-09 18:00:00","2026-09-10 09:00:00","CAPE","surface",-72.3658,20.4891,2515
"2026-09-09 18:00:00","2026-09-10 09:00:00","CAPE","surface",-72.3419,20.4891,2443
"2026-09-09 18:00:00","2026-09-10 09:00:00","CAPE","surface",-72.318,20.4891,2181
"2026-09-09 18:00:00","2026-09-10 09:00:00","CAPE","surface",-72.294,20.4891,2149
"2026-09-09 18:00:00","2026-09-10 09:00:00","CAPE","surface",-72.2701,20.4891,2129
"2026-09-09 18:00:00","2026-09-10 09:00:00","CAPE","surface",-72.2462,20.4891,2262
"2026-09-09 18:00:00","2026-09-10 09:00:00","CAPE","surface",-72.2223,20.4891,2305
"2026-09-09 18:00:00","2026-09-10 09:00:00","CAPE","surface",-72.1983,20.4891,2305
"2026-09-09 18:00:00","2026-09-10 09:00:00","CAPE","surface",-72.1744,20.4891,2304
"2026-09-09 18:00:00","2026-09-10 09:00:00","CAPE","surface",-72.1505,20.4891,2313
"2026-09-09 18:00:00","2026-09-10 09:00:00","CAPE","surface",-72.1266,20.4891,2469
"2026-09-09 18:00:00","2026-09-10 09:00:00","CAPE","surface",-72.1026,20.4891,2681
"2026-09-09 18:00:00","2026-09-10 09:00:00","CAPE","surface",-72.0787,20.4891,2681
"2026-09-09 18:00:00","2026-09-10 09:00:00","CAPE","surface",-72.0548,20.4891,2795
"2026-09-09 18:00:00","2026-09-10 09:00:00","CAPE","surface",-72.0309,20.4891,2857
"2026-09-09 18:00:00","2026-09-10 09:00:00","CAPE","surface",-72.0069,20.4891,2538
"2026-09-09 18:00:00","2026-09-10 09:00:00","CAPE","surface",-71.983,20.4891,2538
"2026-09-09 18:00:00","2026-09-10 09:00:00","CAPE","surface",-71.9591,20.4891,2300
"2026-09-09 18:00:00","2026-09-10 09:00:00","CAPE","surface",-71.9352,20.4891,2297
"2026-09-09 18:00:00","2026-09-10 09:00:00","CAPE","surface",-71.9112,20.4891,2234
"2026-09-09 18:00:00","2026-09-10 09:00:00","CAPE","surface",-71.8873,20.4891,2259
"2026-09-09 18:00:00","2026-09-10 09:00:00","CAPE","surface",-71.8634,20.4891,2201
"2026-09-09 18:00:00","2026-09-10 09:00:00","CAPE","surface",-71.8395,20.4891,2226
"2026-09-09 18:00:00","2026-09-10 09:00:00","CAPE","surface",-71.8155,20.4891,2185
"2026-09-09 18:00:00","2026-09-10 09:00:00","CAPE","surface",-71.7916,20.4891,2217
"2026-09-09 18:00:00","2026-09-10 09:00:00","CAPE","surface",-71.7677,20.4891,2180
"2026-09-09 18:00:00","2026-09-10 09:00:00","CAPE","surface",-71.7438,20.4891,2180
"2026-09-09 18:00:00","2026-09-10 09:00:00","CAPE","surface",-71.7198,20.4891,2094
"2026-09-09 18:00:00","2026-09-10 09:00:00","CAPE","surface",-71.6959,20.4891,2182
"2026-09-09 18:00:00","2026-09-10 09:00:00","CAPE","surface",-71.672,20.4891,2250
"2026-09-09 18:00:00","2026-09-10 09:00:00","CAPE","surface",-71.6481,20.4891,2309
"2026-09-09 18:00:00","2026-09-10 09:00:00","CAPE","surface",-71.6241,20.4891,2286
"2026-09-09 18:00:00","2026-09-10 09:00:00","CAPE","surface",-71.6002,20.4891,2304
"2026-09-09 18:00:00","2026-09-10 09:00:00","CAPE","surface",-71.5763,20.4891,2330
"2026-09-09 18:00:00","2026-09-10 09:00:00","CAPE","surface",-71.5524,20.4891,2463
"2026-09-09 18:00:00","2026-09-10 09:00:00","CAPE","surface",-71.5284,20.4891,2463
"2026-09-09 18:00:00","2026-09-10 09:00:00","CAPE","surface",-71.5045,20.4891,2590
"2026-09-09 18:00:00","2026-09-10 09:00:00","CAPE","surface",-71.4806,20.4891,2580
"2026-09-09 18:00:00","2026-09-10 09:00:00","CAPE","surface",-71.4567,20.4891,2550
"2026-09-09 18:00:00","2026-09-10 09:00:00","CAPE","surface",-71.4327,20.4891,2399
"2026-09-09 18:00:00","2026-09-10 09:00:00","CAPE","surface",-71.4088,20.4891,2328
"2026-09-09 18:00:00","2026-09-10 09:00:00","CAPE","surface",-71.3849,20.4891,2224
"2026-09-09 18:00:00","2026-09-10 09:00:00","CAPE","surface",-71.361,20.4891,2197
"2026-09-09 18:00:00","2026-09-10 09:00:00","CAPE","surface",-71.337,20.4891,2250
"2026-09-09 18:00:00","2026-09-10 09:00:00","CAPE","surface",-71.3131,20.4891,2461
"2026-09-09 18:00:00","2026-09-10 09:00:00","CAPE","surface",-71.2892,20.4891,2569
"2026-09-09 18:00:00","2026-09-10 09:00:00","CAPE","surface",-71.2653,20.4891,2671
"2026-09-09 18:00:00","2026-09-10 09:00:00","CAPE","surface",-71.2413,20.4891,2676
"2026-09-09 18:00:00","2026-09-10 09:00:00","CAPE","surface",-71.2174,20.4891,2665
"2026-09-09 18:00:00","2026-09-10 09:00:00","CAPE","surface",-71.1935,20.4891,2665
"2026-09-09 18:00:00","2026-09-10 09:00:00","CAPE","surface",-71.1696,20.4891,2637
"2026-09-09 18:00:00","2026-09-10 09:00:00","CAPE","surface",-71.1456,20.4891,2605
"2026-09-09 18:00:00","2026-09-10 09:00:00","CAPE","surface",-71.1217,20.4891,2631
"2026-09-09 18:00:00","2026-09-10 09:00:00","CAPE","surface",-71.0978,20.4891,2648
"2026-09-09 18:00:00","2026-09-10 09:00:00","CAPE","surface",-71.0739,20.4891,2648
"2026-09-09 18:00:00","2026-09-10 09:00:00","CAPE","surface",-71.0499,20.4891,2692
"2026-09-09 18:00:00","2026-09-10 09:00:00","CAPE","surface",-71.026,20.4891,2666
"2026-09-09 18:00:00","2026-09-10 09:00:00","CAPE","surface",-71.0021,20.4891,2687
"2026-09-09 18:00:00","2026-09-10 09:00:00","CAPE","surface",-70.9782,20.4891,2687
"2026-09-09 18:00:00","2026-09-10 09:00:00","CAPE","surface",-70.9542,20.4891,2731
"2026-09-09 18:00:00","2026-09-10 09:00:00","CAPE","surface",-70.9303,20.4891,2764
"2026-09-09 18:00:00","2026-09-10 09:00:00","CAPE","surface",-70.9064,20.4891,2732
"2026-09-09 18:00:00","2026-09-10 09:00:00","CAPE","surface",-70.8825,20.4891,2768
"2026-09-09 18:00:00","2026-09-10 09:00:00","CAPE","surface",-70.8585,20.4891,2486
"2026-09-09 18:00:00","2026-09-10 09:00:00","CAPE","surface",-70.8346,20.4891,2558
"2026-09-09 18:00:00","2026-09-10 09:00:00","CAPE","surface",-70.8107,20.4891,2595
"2026-09-09 18:00:00","2026-09-10 09:00:00","CAPE","surface",-70.7868,20.4891,2700
"2026-09-09 18:00:00","2026-09-10 09:00:00","CAPE","surface",-70.7628,20.4891,2577
"2026-09-09 18:00:00","2026-09-10 09:00:00","CAPE","surface",-70.7389,20.4891,2636
"2026-09-09 18:00:00","2026-09-10 09:00:00","CAPE","surface",-70.715,20.4891,2552
"2026-09-09 18:00:00","2026-09-10 09:00:00","CAPE","surface",-70.6911,20.4891,2466
"2026-09-09 18:00:00","2026-09-10 09:00:00","CAPE","surface",-70.6671,20.4891,2497
"2026-09-09 18:00:00","2026-09-10 09:00:00","CAPE","surface",-70.6432,20.4891,2296
"2026-09-09 18:00:00","2026-09-10 09:00:00","CAPE","surface",-70.6193,20.4891,2310
"2026-09-09 18:00:00","2026-09-10 09:00:00","CAPE","surface",-70.5954,20.4891,2452
"2026-09-09 18:00:00","2026-09-10 09:00:00","CAPE","surface",-70.5714,20.4891,2579
"2026-09-09 18:00:00","2026-09-10 09:00:00","CAPE","surface",-70.5475,20.4891,2730
"2026-09-09 18:00:00","2026-09-10 09:00:00","CAPE","surface",-70.5236,20.4891,2755
"2026-09-09 18:00:00","2026-09-10 09:00:00","CAPE","surface",-70.4997,20.4891,2677
"2026-09-09 18:00:00","2026-09-10 09:00:00","CAPE","surface",-70.4757,20.4891,2760
"2026-09-09 18:00:00","2026-09-10 09:00:00","CAPE","surface",-70.4518,20.4891,2723
"2026-09-09 18:00:00","2026-09-10 09:00:00","CAPE","surface",-70.4279,20.4891,2838
"2026-09-09 18:00:00","2026-09-10 09:00:00","CAPE","surface",-70.404,20.4891,2939
"2026-09-09 18:00:00","2026-09-10 09:00:00","CAPE","surface",-70.38,20.4891,3016
"2026-09-09 18:00:00","2026-09-10 09:00:00","CAPE","surface",-70.3561,20.4891,2812
"2026-09-09 18:00:00","2026-09-10 09:00:00","CAPE","surface",-70.3322,20.4891,2772
"2026-09-09 18:00:00","2026-09-10 09:00:00","CAPE","surface",-70.3083,20.4891,2813
"2026-09-09 18:00:00","2026-09-10 09:00:00","CAPE","surface",-70.2843,20.4891,3044
"2026-09-09 18:00:00","2026-09-10 09:00:00","CAPE","surface",-70.2604,20.4891,3041
"2026-09-09 18:00:00","2026-09-10 09:00:00","CAPE","surface",-70.2365,20.4891,3175
"2026-09-09 18:00:00","2026-09-10 09:00:00","CAPE","surface",-70.2126,20.4891,3173
"2026-09-09 18:00:00","2026-09-10 09:00:00","CAPE","surface",-70.1886,20.4891,3144
"2026-09-09 18:00:00","2026-09-10 09:00:00","CAPE","surface",-70.1647,20.4891,3043
"2026-09-09 18:00:00","2026-09-10 09:00:00","CAPE","surface",-70.1408,20.4891,2818
"2026-09-09 18:00:00","2026-09-10 09:00:00","CAPE","surface",-70.1169,20.4891,2818
"2026-09-09 18:00:00","2026-09-10 09:00:00","CAPE","surface",-70.0929,20.4891,2714
"2026-09-09 18:00:00","2026-09-10 09:00:00","CAPE","surface",-70.069,20.4891,2685
"2026-09-09 18:00:00","2026-09-10 09:00:00","CAPE","surface",-70.0451,20.4891,2699
"2026-09-09 18:00:00","2026-09-10 09:00:00","CAPE","surface",-70.0212,20.4891,2699
"2026-09-09 18:00:00","2026-09-10 09:00:00","CAPE","surface",-69.9972,20.4891,2831
"2026-09-09 18:00:00","2026-09-10 09:00:00","CAPE","surface",-69.9733,20.4891,3097
"2026-09-09 18:00:00","2026-09-10 09:00:00","CAPE","surface",-69.9494,20.4891,3100
"2026-09-09 18:00:00","2026-09-10 09:00:00","CAPE","surface",-69.9255,20.4891,3247
"2026-09-09 18:00:00","2026-09-10 09:00:00","CAPE","surface",-69.9015,20.4891,3229
"2026-09-09 18:00:00","2026-09-10 09:00:00","CAPE","surface",-69.8776,20.4891,3352
"2026-09-09 18:00:00","2026-09-10 09:00:00","CAPE","surface",-69.8537,20.4891,3428
"2026-09-09 18:00:00","2026-09-10 09:00:00","CAPE","surface",-69.8298,20.4891,3316
"2026-09-09 18:00:00","2026-09-10 09:00:00","CAPE","surface",-69.8058,20.4891,3316
"2026-09-09 18:00:00","2026-09-10 09:00:00","CAPE","surface",-69.7819,20.4891,2850
"2026-09-09 18:00:00","2026-09-10 09:00:00","CAPE","surface",-69.758,20.4891,2931
"2026-09-09 18:00:00","2026-09-10 09:00:00","CAPE","surface",-69.7341,20.4891,2648
"2026-09-09 18:00:00","2026-09-10 09:00:00","CAPE","surface",-69.7101,20.4891,2648
"2026-09-09 18:00:00","2026-09-10 09:00:00","CAPE","surface",-69.6862,20.4891,2464
"2026-09-09 18:00:00","2026-09-10 09:00:00","CAPE","surface",-69.6623,20.4891,2387
"2026-09-09 18:00:00","2026-09-10 09:00:00","CAPE","surface",-69.6384,20.4891,2591
"2026-09-09 18:00:00","2026-09-10 09:00:00","CAPE","surface",-69.6144,20.4891,2665
"2026-09-09 18:00:00","2026-09-10 09:00:00","CAPE","surface",-69.5905,20.4891,2860
"2026-09-09 18:00:00","2026-09-10 09:00:00","CAPE","surface",-69.5666,20.4891,2947
"2026-09-09 18:00:00","2026-09-10 09:00:00","CAPE","surface",-69.5427,20.4891,2859
"2026-09-09 18:00:00","2026-09-10 09:00:00","CAPE","surface",-69.5187,20.4891,2884
"2026-09-09 18:00:00","2026-09-10 09:00:00","CAPE","surface",-69.4948,20.4891,2854
"2026-09-09 18:00:00","2026-09-10 09:00:00","CAPE","surface",-69.4709,20.4891,2889
"2026-09-09 18:00:00","2026-09-10 09:00:00","CAPE","surface",-69.447,20.4891,2878
"2026-09-09 18:00:00","2026-09-10 09:00:00","CAPE","surface",-69.423,20.4891,2853
"2026-09-09 18:00:00","2026-09-10 09:00:00","CAPE","surface",-69.3991,20.4891,2853
"2026-09-09 18:00:00","2026-09-10 09:00:00","CAPE","surface",-69.3752,20.4891,2813
"2026-09-09 18:00:00","2026-09-10 09:00:00","CAPE","surface",-69.3513,20.4891,2826
"2026-09-09 18:00:00","2026-09-10 09:00:00","CAPE","surface",-69.3273,20.4891,2782
"2026-09-09 18:00:00","2026-09-10 09:00:00","CAPE","surface",-69.3034,20.4891,2811
"2026-09-09 18:00:00","2026-09-10 09:00:00","CAPE","surface",-69.2795,20.4891,2770
"2026-09-09 18:00:00","2026-09-10 09:00:00","CAPE","surface",-69.2556,20.4891,2758
"2026-09-09 18:00:00","2026-09-10 09:00:00","CAPE","surface",-69.2316,20.4891,2829
"2026-09-09 18:00:00","2026-09-10 09:00:00","CAPE","surface",-69.2077,20.4891,2811
"2026-09-09 18:00:00","2026-09-10 09:00:00","CAPE","surface",-69.1838,20.4891,2913
"2026-09-09 18:00:00","2026-09-10 09:00:00","CAPE","surface",-69.1599,20.4891,2842
"2026-09-09 18:00:00","2026-09-10 09:00:00","CAPE","surface",-69.1359,20.4891,2878
"2026-09-09 18:00:00","2026-09-10 09:00:00","CAPE","surface",-69.112,20.4891,2811
"2026-09-09 18:00:00","2026-09-10 09:00:00","CAPE","surface",-69.0881,20.4891,2811
"2026-09-09 18:00:00","2026-09-10 09:00:00","CAPE","surface",-69.0642,20.4891,2871
"2026-09-09 18:00:00","2026-09-10 09:00:00","CAPE","surface",-69.0402,20.4891,2745
"2026-09-09 18:00:00","2026-09-10 09:00:00","CAPE","surface",-69.0163,20.4891,2836
"2026-09-09 18:00:00","2026-09-10 09:00:00","CAPE","surface",-68.9924,20.4891,2640
"2026-09-09 18:00:00","2026-09-10 09:00:00","CAPE","surface",-68.9685,20.4891,2699
"2026-09-09 18:00:00","2026-09-10 09:00:00","CAPE","surface",-68.9445,20.4891,2760
"2026-09-09 18:00:00","2026-09-10 09:00:00","CAPE","surface",-68.9206,20.4891,2832
"2026-09-09 18:00:00","2026-09-10 09:00:00","CAPE","surface",-68.8967,20.4891,2717
"2026-09-09 18:00:00","2026-09-10 09:00:00","CAPE","surface",-68.8728,20.4891,2789
"2026-09-09 18:00:00","2026-09-10 09:00:00","CAPE","surface",-68.8488,20.4891,2724
"2026-09-09 18:00:00","2026-09-10 09:00:00","CAPE","surface",-68.8249,20.4891,2728
"2026-09-09 18:00:00","2026-09-10 09:00:00","CAPE","surface",-68.801,20.4891,2728
"2026-09-09 18:00:00","2026-09-10 09:00:00","CAPE","surface",-68.7771,20.4891,2766
"2026-09-09 18:00:00","2026-09-10 09:00:00","CAPE","surface",-68.7531,20.4891,2751
"2026-09-09 18:00:00","2026-09-10 09:00:00","CAPE","surface",-68.7292,20.4891,2921
"2026-09-09 18:00:00","2026-09-10 09:00:00","CAPE","surface",-68.7053,20.4891,2921
"2026-09-09 18:00:00","2026-09-10 09:00:00","CAPE","surface",-68.6813,20.4891,3196
"2026-09-09 18:00:00","2026-09-10 09:00:00","CAPE","surface",-68.6574,20.4891,3170
"2026-09-09 18:00:00","2026-09-10 09:00:00","CAPE","surface",-68.6335,20.4891,3323
"2026-09-09 18:00:00","2026-09-10 09:00:00","CAPE","surface",-68.6096,20.4891,3323
"2026-09-09 18:00:00","2026-09-10 09:00:00","CAPE","surface",-68.5856,20.4891,3367
"2026-09-09 18:00:00","2026-09-10 09:00:00","CAPE","surface",-68.5617,20.4891,3493
"2026-09-09 18:00:00","2026-09-10 09:00:00","CAPE","surface",-68.5378,20.4891,3494
"2026-09-09 18:00:00","2026-09-10 09:00:00","CAPE","surface",-68.5139,20.4891,3535
"2026-09-09 18:00:00","2026-09-10 09:00:00","CAPE","surface",-68.4899,20.4891,3410
"2026-09-09 18:00:00","2026-09-10 09:00:00","CAPE","surface",-68.466,20.4891,3028
"2026-09-09 18:00:00","2026-09-10 09:00:00","CAPE","surface",-68.4421,20.4891,2936
"2026-09-09 18:00:00","2026-09-10 09:00:00","CAPE","surface",-68.4182,20.4891,2887
"2026-09-09 18:00:00","2026-09-10 09:00:00","CAPE","surface",-68.3942,20.4891,2906
"2026-09-09 18:00:00","2026-09-10 09:00:00","CAPE","surface",-68.3703,20.4891,2921
"2026-09-09 18:00:00","2026-09-10 09:00:00","CAPE","surface",-68.3464,20.4891,2885
"2026-09-09 18:00:00","2026-09-10 09:00:00","CAPE","surface",-68.3225,20.4891,2885
"2026-09-09 18:00:00","2026-09-10 09:00:00","CAPE","surface",-68.2985,20.4891,2852
"2026-09-09 18:00:00","2026-09-10 09:00:00","CAPE","surface",-68.2746,20.4891,2823
"2026-09-09 18:00:00","2026-09-10 09:00:00","CAPE","surface",-68.2507,20.4891,2851
"2026-09-09 18:00:00","2026-09-10 09:00:00","CAPE","surface",-68.2268,20.4891,2851
"2026-09-09 18:00:00","2026-09-10 09:00:00","CAPE","surface",-68.2028,20.4891,2862
"2026-09-09 18:00:00","2026-09-10 09:00:00","CAPE","surface",-68.1789,20.4891,2841
"2026-09-09 18:00:00","2026-09-10 09:00:00","CAPE","surface",-68.155,20.4891,2853
"2026-09-09 18:00:00","2026-09-10 09:00:00","CAPE","surface",-68.1311,20.4891,2839
"2026-09-09 18:00:00","2026-09-10 09:00:00","CAPE","surface",-68.1071,20.4891,2886
"2026-09-09 18:00:00","2026-09-10 09:00:00","CAPE","surface",-68.0832,20.4891,2900
"2026-09-09 18:00:00","2026-09-10 09:00:00","CAPE","surface",-68.0593,20.4891,2855
"2026-09-09 18:00:00","2026-09-10 09:00:00","CAPE","surface",-68.0354,20.4891,2859
"2026-09-09 18:00:00","2026-09-10 09:00:00","CAPE","surface",-68.0114,20.4891,2859
"2026-09-09 18:00:00","2026-09-10 09:00:00","CAPE","surface",-67.9875,20.4891,2923
"2026-09-09 18:00:00","2026-09-10 09:00:00","CAPE","surface",-67.9636,20.4891,2858
"2026-09-09 18:00:00","2026-09-10 09:00:00","CAPE","surface",-67.9397,20.4891,2936
"2026-09-09 18:00:00","2026-09-10 09:00:00","CAPE","surface",-67.9157,20.4891,2936
"2026-09-09 18:00:00","2026-09-10 09:00:00","CAPE","surface",-67.8918,20.4891,2867
"2026-09-09 18:00:00","2026-09-10 09:00:00","CAPE","surface",-67.8679,20.4891,2733
"2026-09-09 18:00:00","2026-09-10 09:00:00","CAPE","surface",-67.844,20.4891,2695
"2026-09-09 18:00:00","2026-09-10 09:00:00","CAPE","surface",-67.82,20.4891,2688
"2026-09-09 18:00:00","2026-09-10 09:00:00","CAPE","surface",-67.7961,20.4891,2694
"2026-09-09 18:00:00","2026-09-10 09:00:00","CAPE","surface",-67.7722,20.4891,2737
"2026-09-09 18:00:00","2026-09-10 09:00:00","CAPE","surface",-67.7483,20.4891,2731
"2026-09-09 18:00:00","2026-09-10 09:00:00","CAPE","surface",-67.7243,20.4891,2770
"2026-09-09 18:00:00","2026-09-10 09:00:00","CAPE","surface",-67.7004,20.4891,2755
"2026-09-09 18:00:00","2026-09-10 09:00:00","CAPE","surface",-67.6765,20.4891,2775
"2026-09-09 18:00:00","2026-09-10 09:00:00","CAPE","surface",-67.6526,20.4891,2765
"2026-09-09 18:00:00","2026-09-10 09:00:00","CAPE","surface",-67.6286,20.4891,2765
"2026-09-09 18:00:00","2026-09-10 09:00:00","CAPE","surface",-67.6047,20.4891,2732
"2026-09-09 18:00:00","2026-09-10 09:00:00","CAPE","surface",-67.5808,20.4891,2715
"2026-09-09 18:00:00","2026-09-10 09:00:00","CAPE","surface",-67.5569,20.4891,2698
"2026-09-09 18:00:00","2026-09-10 09:00:00","CAPE","surface",-67.5329,20.4891,2701
"2026-09-09 18:00:00","2026-09-10 09:00:00","CAPE","surface",-67.509,20.4891,2719
"2026-09-09 18:00:00","2026-09-10 09:00:00","CAPE","surface",-67.4851,20.4891,2765
"2026-09-09 18:00:00","2026-09-10 09:00:00","CAPE","surface",-67.4612,20.4891,2787
"2026-09-09 18:00:00","2026-09-10 09:00:00","CAPE","surface",-67.4372,20.4891,2839
"2026-09-09 18:00:00","2026-09-10 09:00:00","CAPE","surface",-67.4133,20.4891,2872
"2026-09-09 18:00:00","2026-09-10 09:00:00","CAPE","surface",-67.3894,20.4891,2842
"2026-09-09 18:00:00","2026-09-10 09:00:00","CAPE","surface",-67.3655,20.4891,2842
"2026-09-09 18:00:00","2026-09-10 09:00:00","CAPE","surface",-67.3415,20.4891,2752
"2026-09-09 18:00:00","2026-09-10 09:00:00","CAPE","surface",-67.3176,20.4891,2785
"2026-09-09 18:00:00","2026-09-10 09:00:00","CAPE","surface",-67.2937,20.4891,2858
"2026-09-09 18:00:00","2026-09-10 09:00:00","CAPE","surface",-67.2698,20.4891,2858
"2026-09-09 18:00:00","2026-09-10 09:00:00","CAPE","surface",-67.2458,20.4891,2941
"2026-09-09 18:00:00","2026-09-10 09:00:00","CAPE","surface",-67.2219,20.4891,2998
"2026-09-09 18:00:00","2026-09-10 09:00:00","CAPE","surface",-67.198,20.4891,3031
"2026-09-09 18:00:00","2026-09-10 09:00:00","CAPE","surface",-67.1741,20.4891,2994
"2026-09-09 18:00:00","2026-09-10 09:00:00","CAPE","surface",-67.1501,20.4891,3051
"2026-09-09 18:00:00","2026-09-10 09:00:00","CAPE","surface",-67.1262,20.4891,3070
"2026-09-09 18:00:00","2026-09-10 09:00:00","CAPE","surface",-67.1023,20.4891,3079
"2026-09-09 18:00:00","2026-09-10 09:00:00","CAPE","surface",-67.0784,20.4891,2988
"2026-09-09 18:00:00","2026-09-10 09:00:00","CAPE","surface",-67.0544,20.4891,2938
"2026-09-09 18:00:00","2026-09-10 09:00:00","CAPE","surface",-67.0305,20.4891,2837
"2026-09-09 18:00:00","2026-09-10 09:00:00","CAPE","surface",-67.0066,20.4891,2772
